--------------------------
date: SM_Grids
number_of_graphs: 10
graph_type: grid
size_of_graphs: [8, 8]
heuristic: bcc_heuristic
snake: False
run_uni: True
run_bi: True
run_multi: False
solution_vertices: []
algorithms: ['IDA']
lookahead: 3
bsd: False
cube_first_dims: 4
cube_buffer_dim: None
backward_sym_generation: False
sym_coil: False
prefix_set: None

---------- SM_Grids/8x8_grid_with_random_blocks_12per_0 ----------
[00:00:00:16:716] Path of length 52 found: [0, 8, 16, 24, 25, 17, 9, 1, 2, 10, 18, 26, 34, 33, 41, 40, 48, 56, 57, 58, 50, 42, 43, 35, 27, 19, 11, 3, 4, 12, 20, 21, 13, 14, 22, 30, 31, 39, 47, 55, 54, 53, 45, 37, 36, 44, 52, 51, 59, 60, 61, 62, 63]
[00:00:00:16:716] ! Unidirectional s-t. expansions: 4,870, time: 16,716 [ms], path length: 52 [edges], generated: 48,373
[00:00:00:20:924] Path of length 52 found: [63, 55, 47, 39, 31, 30, 22, 14, 13, 21, 20, 12, 4, 3, 2, 1, 9, 10, 11, 19, 18, 26, 34, 42, 50, 51, 43, 35, 27, 28, 36, 37, 45, 44, 52, 53, 54, 62, 61, 60, 59, 58, 57, 56, 48, 40, 41, 33, 25, 17, 16, 8, 0]
[00:00:00:20:924] ! Unidirectional t-s. expansions: 8,067, time: 20,924 [ms], path length: 52 [edges], generated: 71,538
[00:00:00:38:152] Path of length 52 found: [0, 8, 16, 24, 25, 17, 18, 26, 34, 33, 41, 40, 48, 56, 57, 58, 50, 42, 43, 44, 52, 51, 59, 60, 61, 62, 54, 53, 45, 37, 36, 28, 27, 19, 11, 10, 9, 1, 2, 3, 4, 12, 20, 21, 13, 14, 22, 30, 31, 39, 47, 55, 63]
[00:00:00:38:629] ! Bidirectional. expansions: 6,565, time: 38,152 [ms], path length: 52 [edges], g_F: 33, g_B: 19, generated: {'F': 35,200, 'B': 24,412}, MM: 14, MMPER: 25.41509433962264%
[00:00:00:38:629] 
---------- SM_Grids/8x8_grid_with_random_blocks_12per_1 ----------
[00:00:00:01:962] Path of length 52 found: [0, 8, 16, 24, 32, 33, 25, 17, 9, 1, 2, 10, 11, 3, 4, 12, 13, 5, 6, 7, 15, 14, 22, 21, 20, 19, 27, 26, 34, 42, 41, 49, 50, 58, 59, 51, 52, 60, 61, 53, 45, 44, 36, 28, 29, 37, 38, 39, 47, 46, 54, 62, 63]
[00:00:00:01:962] ! Unidirectional s-t. expansions: 561, time: 1,962 [ms], path length: 52 [edges], generated: 5,658
[00:00:00:01:449] Path of length 52 found: [63, 55, 47, 39, 38, 37, 29, 21, 22, 14, 15, 7, 6, 5, 13, 12, 4, 3, 11, 10, 2, 1, 9, 17, 25, 26, 27, 19, 20, 28, 36, 44, 52, 53, 45, 46, 54, 62, 61, 60, 59, 51, 50, 49, 41, 42, 34, 33, 32, 24, 16, 8, 0]
[00:00:00:01:449] ! Unidirectional t-s. expansions: 290, time: 1,449 [ms], path length: 52 [edges], generated: 3,083
[00:00:00:15:207] Path of length 52 found: [0, 8, 16, 24, 32, 33, 25, 17, 9, 1, 2, 10, 11, 3, 4, 12, 13, 5, 6, 7, 15, 14, 22, 21, 20, 19, 27, 26, 34, 42, 41, 49, 50, 58, 59, 60, 61, 62, 54, 46, 45, 53, 52, 44, 36, 28, 29, 37, 38, 39, 47, 55, 63]
[00:00:00:15:618] ! Bidirectional. expansions: 2,014, time: 15,207 [ms], path length: 52 [edges], g_F: 34, g_B: 18, generated: {'F': 10,609, 'B': 8,130}, MM: 16, MMPER: 29.18867924528302%
[00:00:00:15:618] 
---------- SM_Grids/8x8_grid_with_random_blocks_12per_2 ----------
[00:00:00:34:993] Path of length 50 found: [0, 8, 16, 24, 32, 33, 25, 17, 9, 1, 2, 10, 18, 19, 27, 28, 20, 12, 11, 3, 4, 5, 13, 21, 22, 14, 15, 23, 31, 30, 29, 37, 36, 44, 43, 42, 50, 49, 57, 58, 59, 51, 52, 60, 61, 62, 54, 46, 47, 55, 63]
[00:00:00:34:993] ! Unidirectional s-t. expansions: 8,304, time: 34,993 [ms], path length: 50 [edges], generated: 90,547
[00:00:00:09:624] Path of length 50 found: [63, 55, 47, 46, 54, 62, 61, 60, 52, 44, 43, 51, 59, 58, 57, 49, 50, 42, 34, 33, 32, 24, 25, 17, 16, 8, 9, 10, 18, 19, 27, 28, 36, 37, 29, 30, 31, 23, 15, 14, 22, 21, 20, 12, 13, 5, 4, 3, 2, 1, 0]
[00:00:00:09:624] ! Unidirectional t-s. expansions: 2,272, time: 9,624 [ms], path length: 50 [edges], generated: 26,966
[00:00:01:13:325] Path of length 50 found: [0, 8, 16, 24, 32, 33, 25, 17, 9, 1, 2, 10, 18, 19, 27, 28, 29, 21, 20, 12, 11, 3, 4, 5, 13, 14, 15, 23, 22, 30, 38, 37, 36, 44, 43, 42, 50, 49, 57, 58, 59, 51, 52, 60, 61, 62, 54, 46, 47, 55, 63]
[00:00:01:13:740] ! Bidirectional. expansions: 11,213, time: 73,325 [ms], path length: 50 [edges], g_F: 28, g_B: 22, generated: {'F': 67,608, 'B': 47,430}, MM: 6, MMPER: 10.764705882352942%
[00:00:01:13:741] 
---------- SM_Grids/8x8_grid_with_random_blocks_12per_3 ----------
[00:00:00:08:285] Path of length 54 found: [0, 8, 16, 24, 32, 33, 41, 49, 48, 56, 57, 58, 50, 51, 59, 60, 52, 44, 43, 35, 36, 37, 29, 30, 22, 14, 13, 12, 20, 19, 27, 26, 25, 17, 18, 10, 9, 1, 2, 3, 4, 5, 6, 7, 15, 23, 31, 39, 38, 46, 47, 55, 54, 62, 63]
[00:00:00:08:285] ! Unidirectional s-t. expansions: 2,404, time: 8,285 [ms], path length: 54 [edges], generated: 22,707
[00:00:00:07:654] Path of length 54 found: [63, 55, 47, 39, 31, 23, 15, 7, 6, 5, 4, 3, 2, 1, 9, 10, 18, 17, 25, 26, 27, 19, 20, 12, 13, 14, 22, 30, 29, 37, 38, 46, 54, 62, 61, 60, 52, 44, 36, 35, 43, 51, 59, 58, 57, 56, 48, 49, 41, 33, 32, 24, 16, 8, 0]
[00:00:00:07:655] ! Unidirectional t-s. expansions: 1,816, time: 7,654 [ms], path length: 54 [edges], generated: 17,408
[00:00:00:49:660] Path of length 54 found: [0, 8, 16, 17, 18, 10, 9, 1, 2, 3, 4, 5, 6, 7, 15, 14, 13, 12, 20, 19, 27, 26, 25, 24, 32, 33, 41, 49, 48, 56, 57, 58, 50, 51, 52, 60, 61, 62, 54, 46, 45, 44, 43, 35, 36, 37, 38, 30, 22, 23, 31, 39, 47, 55, 63]
[00:00:00:50:075] ! Bidirectional. expansions: 8,012, time: 49,660 [ms], path length: 54 [edges], g_F: 33, g_B: 21, generated: {'F': 39,565, 'B': 28,425}, MM: 12, MMPER: 20.818181818181817%
[00:00:00:50:076] 
---------- SM_Grids/8x8_grid_with_random_blocks_12per_4 ----------
[00:00:00:00:190] Path of length 54 found: [0, 8, 16, 24, 25, 17, 9, 10, 18, 26, 34, 33, 41, 49, 48, 56, 57, 58, 50, 42, 43, 51, 59, 60, 52, 44, 36, 35, 27, 19, 11, 12, 4, 5, 6, 14, 13, 21, 20, 28, 29, 37, 38, 30, 22, 23, 31, 39, 47, 55, 54, 53, 61, 62, 63]
[00:00:00:00:190] ! Unidirectional s-t. expansions: 37, time: 190 [ms], path length: 54 [edges], generated: 397
[00:00:00:00:102] Path of length 54 found: [63, 55, 47, 39, 31, 23, 22, 14, 6, 5, 4, 12, 13, 21, 20, 19, 11, 10, 9, 17, 18, 26, 34, 42, 50, 51, 43, 35, 27, 28, 29, 30, 38, 37, 36, 44, 52, 53, 54, 62, 61, 60, 59, 58, 57, 56, 48, 49, 41, 33, 25, 24, 16, 8, 0]
[00:00:00:00:102] ! Unidirectional t-s. expansions: 18, time: 102 [ms], path length: 54 [edges], generated: 226
[00:00:00:00:359] Path of length 54 found: [0, 8, 16, 24, 25, 17, 9, 10, 18, 26, 34, 33, 41, 49, 48, 56, 57, 58, 50, 42, 43, 51, 59, 60, 61, 62, 54, 53, 52, 44, 36, 35, 27, 28, 20, 19, 11, 12, 4, 5, 6, 14, 13, 21, 29, 37, 38, 30, 22, 23, 31, 39, 47, 55, 63]
[00:00:00:00:767] ! Bidirectional. expansions: 50, time: 359 [ms], path length: 54 [edges], g_F: 30, g_B: 24, generated: {'F': 284, 'B': 240}, MM: 6, MMPER: 9.909090909090908%
[00:00:00:00:767] 
---------- SM_Grids/8x8_grid_with_random_blocks_12per_5 ----------
[00:00:00:24:234] Path of length 52 found: [0, 8, 16, 24, 32, 40, 41, 33, 25, 17, 9, 1, 2, 3, 11, 19, 27, 35, 34, 42, 50, 58, 59, 51, 43, 44, 52, 60, 61, 53, 45, 37, 29, 28, 20, 21, 13, 12, 4, 5, 6, 14, 15, 23, 22, 30, 31, 39, 38, 46, 47, 55, 63]
[00:00:00:24:235] ! Unidirectional s-t. expansions: 5,912, time: 24,235 [ms], path length: 52 [edges], generated: 63,463
[00:00:00:10:925] Path of length 52 found: [63, 55, 47, 39, 31, 23, 15, 14, 6, 5, 4, 3, 2, 1, 9, 17, 25, 33, 34, 35, 27, 28, 20, 19, 11, 12, 13, 21, 22, 30, 29, 37, 38, 46, 45, 44, 43, 51, 52, 53, 61, 60, 59, 58, 50, 42, 41, 40, 32, 24, 16, 8, 0]
[00:00:00:10:926] ! Unidirectional t-s. expansions: 3,097, time: 10,925 [ms], path length: 52 [edges], generated: 30,368
[00:00:00:18:101] Path of length 52 found: [0, 8, 16, 24, 25, 33, 32, 40, 41, 42, 34, 35, 43, 51, 50, 58, 59, 60, 61, 53, 52, 44, 45, 46, 38, 37, 29, 21, 13, 12, 20, 28, 27, 19, 18, 17, 9, 1, 2, 3, 4, 5, 6, 14, 15, 23, 22, 30, 31, 39, 47, 55, 63]
[00:00:00:18:519] ! Bidirectional. expansions: 2,354, time: 18,101 [ms], path length: 52 [edges], g_F: 32, g_B: 20, generated: {'F': 14,668, 'B': 10,154}, MM: 12, MMPER: 21.641509433962263%
[00:00:00:18:519] 
---------- SM_Grids/8x8_grid_with_random_blocks_12per_6 ----------
[00:00:00:30:131] Path of length 52 found: [0, 8, 16, 24, 32, 40, 48, 49, 41, 42, 50, 51, 59, 60, 61, 53, 45, 44, 43, 35, 34, 26, 25, 17, 9, 1, 2, 10, 18, 19, 27, 28, 20, 12, 11, 3, 4, 5, 13, 14, 6, 7, 15, 23, 22, 21, 29, 37, 38, 46, 54, 62, 63]
[00:00:00:30:132] ! Unidirectional s-t. expansions: 10,300, time: 30,131 [ms], path length: 52 [edges], generated: 92,623
[00:00:00:24:356] Path of length 52 found: [63, 62, 54, 46, 38, 37, 29, 21, 13, 14, 22, 23, 15, 7, 6, 5, 4, 3, 2, 1, 9, 17, 25, 26, 18, 10, 11, 12, 20, 19, 27, 28, 36, 35, 34, 42, 43, 44, 45, 53, 61, 60, 59, 51, 50, 49, 41, 40, 32, 24, 16, 8, 0]
[00:00:00:24:357] ! Unidirectional t-s. expansions: 8,415, time: 24,356 [ms], path length: 52 [edges], generated: 78,087
[00:00:01:16:851] Path of length 52 found: [0, 8, 16, 17, 9, 1, 2, 10, 18, 19, 11, 3, 4, 5, 6, 7, 15, 23, 22, 14, 13, 12, 20, 21, 29, 28, 27, 26, 25, 24, 32, 40, 48, 49, 50, 51, 59, 60, 61, 53, 45, 44, 43, 42, 34, 35, 36, 37, 38, 46, 54, 62, 63]
[00:00:01:17:262] ! Bidirectional. expansions: 13,990, time: 76,851 [ms], path length: 52 [edges], g_F: 33, g_B: 19, generated: {'F': 76,271, 'B': 56,105}, MM: 14, MMPER: 25.41509433962264%
[00:00:01:17:262] 
---------- SM_Grids/8x8_grid_with_random_blocks_12per_7 ----------
[00:00:01:08:720] Valid states checked so far: 200,000, Expansions: 18,256, Global best: 53
[00:00:02:05:012] Valid states checked so far: 400,000, Expansions: 38,196, Global best: 53
[00:00:03:01:404] Valid states checked so far: 600,000, Expansions: 58,048, Global best: 53
[00:00:03:59:590] Valid states checked so far: 800,000, Expansions: 77,402, Global best: 53
[00:00:04:58:171] Valid states checked so far: 1,000,000, Expansions: 97,664, Global best: 53
[00:00:05:14:904] Path of length 52 found: [0, 8, 16, 24, 32, 40, 48, 56, 57, 58, 59, 60, 52, 44, 45, 37, 36, 28, 27, 26, 34, 35, 43, 42, 41, 33, 25, 17, 9, 10, 18, 19, 20, 12, 13, 5, 6, 7, 15, 14, 22, 23, 31, 30, 38, 39, 47, 46, 54, 53, 61, 62, 63]
[00:00:05:14:904] ! Unidirectional s-t. expansions: 102,142, time: 314,904 [ms], path length: 52 [edges], generated: 1,048,011
[00:00:01:12:092] Valid states checked so far: 200,000, Expansions: 18,579, Global best: 47
[00:00:02:14:653] Valid states checked so far: 400,000, Expansions: 39,639, Global best: 47
[00:00:03:18:075] Valid states checked so far: 600,000, Expansions: 59,634, Global best: 47
[00:00:04:20:252] Valid states checked so far: 800,000, Expansions: 79,737, Global best: 47
[00:00:05:01:600] Path of length 52 found: [63, 55, 47, 39, 31, 23, 15, 7, 6, 5, 13, 12, 20, 21, 22, 30, 38, 37, 36, 28, 27, 19, 18, 10, 9, 17, 25, 26, 34, 35, 43, 44, 52, 53, 45, 46, 54, 62, 61, 60, 59, 58, 57, 56, 48, 49, 41, 33, 32, 24, 16, 8, 0]
[00:00:05:01:600] ! Unidirectional t-s. expansions: 91,851, time: 301,600 [ms], path length: 52 [edges], generated: 924,320
[00:00:21:36:704] Path of length 52 found: [0, 8, 16, 24, 32, 40, 41, 49, 48, 56, 57, 58, 59, 60, 52, 44, 36, 35, 43, 42, 34, 33, 25, 17, 9, 10, 18, 26, 27, 19, 20, 12, 13, 5, 6, 7, 15, 23, 22, 30, 31, 39, 38, 37, 45, 53, 61, 62, 54, 46, 47, 55, 63]
[00:00:21:37:121] ! Bidirectional. expansions: 229,013, time: 1,296,704 [ms], path length: 52 [edges], g_F: 31, g_B: 21, generated: {'F': 1,193,791, 'B': 904,649}, MM: 10, MMPER: 17.867924528301888%
[00:00:21:37:121] 
---------- SM_Grids/8x8_grid_with_random_blocks_12per_8 ----------
[00:00:00:09:409] Path of length 54 found: [0, 8, 16, 24, 32, 33, 41, 49, 48, 56, 57, 58, 59, 60, 52, 53, 45, 37, 29, 21, 13, 12, 20, 19, 27, 28, 36, 44, 43, 35, 34, 26, 25, 17, 18, 10, 9, 1, 2, 3, 4, 5, 6, 7, 15, 14, 22, 23, 31, 30, 38, 46, 47, 55, 63]
[00:00:00:09:410] ! Unidirectional s-t. expansions: 2,774, time: 9,410 [ms], path length: 54 [edges], generated: 28,759
[00:00:00:07:234] Path of length 54 found: [63, 55, 47, 39, 31, 23, 15, 7, 6, 5, 4, 3, 2, 1, 9, 10, 18, 17, 25, 26, 34, 35, 43, 44, 36, 28, 27, 19, 20, 12, 13, 14, 22, 21, 29, 30, 38, 37, 45, 53, 52, 60, 59, 58, 57, 56, 48, 49, 41, 33, 32, 24, 16, 8, 0]
[00:00:00:07:235] ! Unidirectional t-s. expansions: 1,843, time: 7,234 [ms], path length: 54 [edges], generated: 20,845
[00:00:00:16:607] Path of length 54 found: [0, 8, 16, 24, 32, 33, 41, 49, 48, 56, 57, 58, 59, 60, 52, 53, 45, 37, 36, 44, 43, 35, 34, 26, 25, 17, 18, 10, 9, 1, 2, 3, 4, 5, 13, 21, 20, 19, 27, 28, 29, 30, 22, 14, 6, 7, 15, 23, 31, 39, 38, 46, 47, 55, 63]
[00:00:00:17:060] ! Bidirectional. expansions: 2,639, time: 16,607 [ms], path length: 54 [edges], g_F: 33, g_B: 21, generated: {'F': 15,144, 'B': 10,821}, MM: 12, MMPER: 20.818181818181817%
[00:00:00:17:061] 
---------- SM_Grids/8x8_grid_with_random_blocks_12per_9 ----------
[00:00:01:05:793] Valid states checked so far: 200,000, Expansions: 20,210, Global best: 49
[00:00:02:08:061] Valid states checked so far: 400,000, Expansions: 41,515, Global best: 49
[00:00:02:10:329] Path of length 52 found: [0, 1, 2, 10, 9, 8, 16, 24, 32, 40, 48, 56, 57, 49, 41, 33, 25, 26, 18, 19, 11, 12, 4, 5, 6, 7, 15, 23, 31, 30, 29, 21, 20, 28, 27, 35, 43, 51, 50, 58, 59, 60, 52, 53, 45, 37, 38, 46, 47, 55, 54, 62, 63]
[00:00:02:10:329] ! Unidirectional s-t. expansions: 41,984, time: 130,329 [ms], path length: 52 [edges], generated: 404,928
[00:00:01:15:021] Valid states checked so far: 200,000, Expansions: 18,907, Global best: 47
[00:00:02:20:587] Valid states checked so far: 400,000, Expansions: 40,414, Global best: 47
[00:00:03:25:728] Valid states checked so far: 600,000, Expansions: 62,173, Global best: 47
[00:00:03:43:786] Path of length 52 found: [63, 55, 47, 46, 38, 30, 31, 23, 15, 7, 6, 5, 4, 12, 13, 21, 20, 19, 11, 10, 18, 26, 25, 33, 34, 35, 27, 28, 36, 37, 45, 53, 54, 62, 61, 60, 52, 51, 59, 58, 50, 49, 57, 56, 48, 40, 32, 24, 16, 8, 9, 1, 0]
[00:00:03:43:786] ! Unidirectional t-s. expansions: 66,959, time: 223,786 [ms], path length: 52 [edges], generated: 645,985
[00:00:07:33:848] Path of length 52 found: [0, 8, 9, 1, 2, 10, 11, 19, 18, 26, 25, 24, 32, 40, 48, 56, 57, 58, 59, 51, 50, 49, 41, 33, 34, 35, 27, 28, 20, 21, 13, 12, 4, 5, 6, 7, 15, 23, 31, 30, 38, 37, 45, 53, 52, 60, 61, 62, 54, 46, 47, 55, 63]
[00:00:07:34:267] ! Bidirectional. expansions: 87,514, time: 453,848 [ms], path length: 52 [edges], g_F: 28, g_B: 24, generated: {'F': 457,160, 'B': 336,780}, MM: 4, MMPER: 6.547169811320755%
[00:00:07:34:267] average expansions: (17,929, 18,463, 36,336, 0)
[00:00:07:34:267] average time: (57,116, 60,765, 203,881, 0)
[00:00:07:34:267] XIDA: 17,929 , 57,116 (expansions , time[ms])
[00:00:07:34:267] BiXIDA: 36,336 , 203,881 (expansions , time[ms])

