--------------------------
date: SM_Grids
number_of_graphs: 10
graph_type: grid
size_of_graphs: [8, 8]
heuristic: bcc_heuristic
snake: False
run_uni: True
run_bi: True
run_multi: False
solution_vertices: []
algorithms: ['IDA']
lookahead: 3
bsd: False
cube_first_dims: 4
cube_buffer_dim: None
backward_sym_generation: False
sym_coil: False
prefix_set: None

---------- SM_Grids/8x8_grid_with_random_blocks_20per_0 ----------
[00:00:00:02:044] Path of length 44 found: [0, 1, 9, 10, 2, 3, 4, 12, 20, 28, 29, 21, 13, 5, 6, 7, 15, 14, 22, 30, 31, 39, 38, 37, 36, 35, 34, 26, 25, 17, 16, 24, 32, 40, 48, 49, 41, 42, 43, 44, 52, 53, 61, 62, 63]
[00:00:00:02:045] ! Unidirectional s-t. expansions: 678, time: 2,045 [ms], path length: 44 [edges], generated: 6,143
[00:00:00:00:620] Path of length 44 found: [63, 62, 61, 53, 52, 44, 43, 42, 50, 49, 41, 40, 32, 24, 16, 17, 25, 26, 34, 35, 36, 28, 20, 12, 13, 21, 29, 37, 38, 39, 31, 30, 22, 23, 15, 7, 6, 5, 4, 3, 2, 10, 9, 1, 0]
[00:00:00:00:620] ! Unidirectional t-s. expansions: 195, time: 620 [ms], path length: 44 [edges], generated: 2,019
[00:00:00:02:325] Path of length 44 found: [0, 1, 9, 10, 2, 3, 4, 12, 20, 28, 29, 21, 13, 5, 6, 7, 15, 14, 22, 23, 31, 30, 38, 37, 36, 35, 34, 26, 25, 17, 16, 24, 32, 40, 41, 49, 50, 42, 43, 44, 52, 53, 61, 62, 63]
[00:00:00:02:784] ! Bidirectional. expansions: 363, time: 2,325 [ms], path length: 44 [edges], g_F: 29, g_B: 15, generated: {'F': 2,661, 'B': 1,202}, MM: 14, MMPER: 30.11111111111111%
[00:00:00:02:784] 
---------- SM_Grids/8x8_grid_with_random_blocks_20per_1 ----------
[00:00:00:23:512] Path of length 38 found: [0, 8, 16, 24, 25, 17, 9, 1, 2, 3, 11, 10, 18, 26, 34, 33, 41, 40, 48, 56, 57, 49, 50, 42, 43, 35, 27, 19, 20, 28, 29, 30, 31, 39, 47, 46, 54, 62, 63]
[00:00:00:23:512] ! Unidirectional s-t. expansions: 7,170, time: 23,512 [ms], path length: 38 [edges], generated: 66,249
[00:00:00:03:437] Path of length 38 found: [63, 62, 54, 55, 47, 39, 31, 30, 29, 21, 20, 28, 27, 19, 11, 3, 2, 10, 18, 26, 34, 35, 43, 51, 50, 49, 57, 56, 48, 40, 41, 33, 25, 24, 16, 17, 9, 1, 0]
[00:00:00:03:437] ! Unidirectional t-s. expansions: 1,112, time: 3,437 [ms], path length: 38 [edges], generated: 11,288
[00:00:00:14:889] Path of length 38 found: [0, 8, 16, 24, 25, 17, 9, 1, 2, 3, 11, 10, 18, 26, 34, 33, 41, 40, 48, 56, 57, 49, 50, 42, 43, 35, 27, 19, 20, 21, 29, 30, 31, 39, 47, 55, 54, 62, 63]
[00:00:00:15:360] ! Bidirectional. expansions: 2,569, time: 14,889 [ms], path length: 38 [edges], g_F: 23, g_B: 15, generated: {'F': 13,278, 'B': 10,076}, MM: 8, MMPER: 19.512820512820515%
[00:00:00:15:360] 
---------- SM_Grids/8x8_grid_with_random_blocks_20per_2 ----------
[00:00:00:01:198] Path of length 48 found: [0, 8, 16, 17, 9, 1, 2, 3, 4, 12, 20, 19, 18, 26, 34, 33, 41, 40, 48, 56, 57, 49, 50, 58, 59, 60, 61, 53, 45, 37, 36, 28, 29, 21, 13, 5, 6, 14, 15, 23, 22, 30, 31, 39, 38, 46, 54, 62, 63]
[00:00:00:01:198] ! Unidirectional s-t. expansions: 321, time: 1,198 [ms], path length: 48 [edges], generated: 3,222
[00:00:00:01:312] Path of length 48 found: [63, 62, 54, 46, 47, 39, 31, 23, 15, 14, 6, 5, 13, 21, 22, 30, 29, 28, 36, 37, 45, 53, 61, 60, 59, 58, 50, 49, 57, 56, 48, 40, 41, 33, 34, 26, 18, 19, 20, 12, 4, 3, 2, 1, 9, 17, 16, 8, 0]
[00:00:00:01:312] ! Unidirectional t-s. expansions: 339, time: 1,312 [ms], path length: 48 [edges], generated: 3,102
[00:00:00:02:221] Path of length 48 found: [0, 8, 16, 17, 9, 1, 2, 3, 4, 12, 13, 5, 6, 14, 15, 23, 22, 21, 29, 30, 31, 39, 47, 46, 38, 37, 36, 28, 20, 19, 18, 26, 34, 33, 41, 40, 48, 56, 57, 49, 50, 58, 59, 60, 61, 53, 54, 62, 63]
[00:00:00:02:665] ! Bidirectional. expansions: 473, time: 2,221 [ms], path length: 48 [edges], g_F: 25, g_B: 23, generated: {'F': 2,203, 'B': 1,586}, MM: 2, MMPER: 3.0816326530612246%
[00:00:00:02:665] 
---------- SM_Grids/8x8_grid_with_random_blocks_20per_3 ----------
[00:00:00:00:979] Path of length 46 found: [0, 1, 9, 8, 16, 24, 32, 40, 41, 49, 57, 58, 50, 51, 43, 35, 34, 26, 27, 19, 18, 10, 11, 3, 4, 12, 13, 5, 6, 7, 15, 23, 22, 30, 31, 39, 38, 37, 36, 44, 45, 53, 52, 60, 61, 62, 63]
[00:00:00:00:979] ! Unidirectional s-t. expansions: 237, time: 979 [ms], path length: 46 [edges], generated: 2,335
[00:00:00:00:982] Path of length 46 found: [63, 62, 61, 60, 52, 53, 45, 37, 29, 30, 38, 39, 31, 23, 15, 7, 6, 5, 13, 12, 4, 3, 11, 10, 18, 19, 27, 26, 34, 35, 36, 44, 43, 51, 50, 58, 57, 49, 41, 40, 32, 24, 16, 8, 9, 1, 0]
[00:00:00:00:983] ! Unidirectional t-s. expansions: 291, time: 982 [ms], path length: 46 [edges], generated: 2,411
[00:00:00:02:226] Path of length 46 found: [0, 1, 9, 10, 18, 17, 16, 24, 32, 40, 41, 49, 57, 58, 50, 51, 43, 44, 36, 35, 34, 26, 27, 19, 20, 12, 11, 3, 4, 5, 6, 7, 15, 23, 31, 39, 38, 30, 29, 37, 45, 53, 52, 60, 61, 62, 63]
[00:00:00:02:660] ! Bidirectional. expansions: 377, time: 2,226 [ms], path length: 46 [edges], g_F: 28, g_B: 18, generated: {'F': 1,829, 'B': 1,372}, MM: 10, MMPER: 20.27659574468085%
[00:00:00:02:660] 
---------- SM_Grids/8x8_grid_with_random_blocks_20per_4 ----------
[00:00:00:54:259] Path of length 44 found: [0, 8, 16, 24, 32, 40, 48, 49, 57, 58, 59, 51, 43, 44, 36, 28, 20, 19, 27, 26, 34, 33, 25, 17, 18, 10, 9, 1, 2, 3, 4, 5, 6, 7, 15, 23, 22, 21, 29, 37, 45, 46, 54, 62, 63]
[00:00:00:54:259] ! Unidirectional s-t. expansions: 24,777, time: 54,259 [ms], path length: 44 [edges], generated: 176,505
[00:00:00:16:416] Path of length 44 found: [63, 55, 54, 46, 38, 37, 45, 44, 43, 51, 59, 58, 57, 49, 48, 40, 32, 24, 16, 8, 9, 17, 25, 33, 34, 26, 18, 10, 11, 19, 27, 28, 20, 21, 22, 23, 15, 7, 6, 5, 4, 3, 2, 1, 0]
[00:00:00:16:416] ! Unidirectional t-s. expansions: 4,960, time: 16,416 [ms], path length: 44 [edges], generated: 51,573
[00:00:01:19:427] Path of length 44 found: [0, 8, 16, 24, 25, 17, 9, 1, 2, 10, 18, 19, 11, 3, 4, 5, 6, 7, 15, 23, 22, 21, 20, 28, 27, 26, 34, 33, 32, 40, 48, 49, 57, 58, 59, 51, 43, 44, 45, 37, 38, 46, 54, 55, 63]
[00:00:01:19:847] ! Bidirectional. expansions: 16,432, time: 79,427 [ms], path length: 44 [edges], g_F: 28, g_B: 16, generated: {'F': 83,698, 'B': 50,594}, MM: 12, MMPER: 25.666666666666668%
[00:00:01:19:847] 
---------- SM_Grids/8x8_grid_with_random_blocks_20per_5 ----------
[00:00:00:04:830] Path of length 46 found: [0, 1, 9, 8, 16, 24, 32, 40, 48, 49, 57, 58, 59, 51, 50, 42, 41, 33, 25, 17, 18, 26, 34, 35, 36, 28, 20, 12, 13, 14, 15, 23, 22, 21, 29, 37, 45, 53, 61, 62, 54, 46, 38, 39, 47, 55, 63]
[00:00:00:04:830] ! Unidirectional s-t. expansions: 1,304, time: 4,830 [ms], path length: 46 [edges], generated: 13,712
[00:00:00:02:236] Path of length 46 found: [63, 55, 47, 39, 31, 23, 15, 14, 22, 21, 13, 12, 20, 28, 29, 37, 45, 46, 54, 62, 61, 53, 52, 51, 59, 58, 57, 49, 48, 40, 32, 24, 25, 33, 41, 42, 43, 35, 34, 26, 18, 17, 16, 8, 9, 1, 0]
[00:00:00:02:237] ! Unidirectional t-s. expansions: 512, time: 2,236 [ms], path length: 46 [edges], generated: 6,131
[00:00:00:25:872] Path of length 46 found: [0, 1, 9, 8, 16, 24, 32, 40, 48, 49, 57, 58, 50, 42, 41, 33, 25, 17, 18, 26, 34, 35, 43, 51, 52, 53, 61, 62, 54, 46, 38, 37, 29, 28, 20, 12, 13, 21, 22, 14, 15, 23, 31, 39, 47, 55, 63]
[00:00:00:26:296] ! Bidirectional. expansions: 4,274, time: 25,872 [ms], path length: 46 [edges], g_F: 28, g_B: 18, generated: {'F': 23,800, 'B': 17,416}, MM: 10, MMPER: 20.27659574468085%
[00:00:00:26:296] 
---------- SM_Grids/8x8_grid_with_random_blocks_20per_6 ----------
[00:00:00:01:767] Path of length 46 found: [0, 1, 9, 8, 16, 17, 18, 10, 11, 19, 27, 28, 20, 21, 13, 12, 4, 5, 6, 14, 15, 23, 31, 39, 38, 37, 36, 44, 45, 53, 52, 51, 43, 42, 50, 49, 48, 56, 57, 58, 59, 60, 61, 62, 54, 55, 63]
[00:00:00:01:767] ! Unidirectional s-t. expansions: 514, time: 1,767 [ms], path length: 46 [edges], generated: 4,438
[00:00:00:03:110] Path of length 46 found: [63, 55, 47, 39, 31, 23, 15, 14, 6, 5, 4, 12, 13, 21, 29, 37, 45, 53, 54, 62, 61, 60, 52, 51, 59, 58, 57, 56, 48, 49, 50, 42, 43, 44, 36, 28, 20, 19, 27, 26, 18, 10, 9, 17, 16, 8, 0]
[00:00:00:03:110] ! Unidirectional t-s. expansions: 1,070, time: 3,110 [ms], path length: 46 [edges], generated: 10,076
[00:00:00:06:232] Path of length 46 found: [0, 8, 16, 17, 9, 10, 18, 26, 27, 28, 36, 44, 45, 37, 29, 21, 20, 19, 11, 12, 4, 5, 13, 14, 15, 23, 31, 39, 47, 55, 54, 53, 52, 51, 43, 42, 50, 49, 48, 56, 57, 58, 59, 60, 61, 62, 63]
[00:00:00:06:665] ! Bidirectional. expansions: 1,116, time: 6,233 [ms], path length: 46 [edges], g_F: 24, g_B: 22, generated: {'F': 5,097, 'B': 4,121}, MM: 2, MMPER: 3.25531914893617%
[00:00:00:06:665] 
---------- SM_Grids/8x8_grid_with_random_blocks_20per_7 ----------
[00:00:00:04:621] Path of length 42 found: [0, 8, 16, 24, 32, 40, 41, 33, 25, 17, 9, 1, 2, 3, 11, 19, 18, 26, 34, 42, 50, 51, 43, 35, 27, 28, 20, 12, 4, 5, 6, 14, 15, 23, 31, 30, 38, 39, 47, 55, 54, 62, 63]
[00:00:00:04:622] ! Unidirectional s-t. expansions: 1,233, time: 4,622 [ms], path length: 42 [edges], generated: 11,088
[00:00:00:00:498] Path of length 42 found: [63, 62, 54, 55, 47, 39, 38, 30, 31, 23, 15, 7, 6, 5, 4, 3, 2, 1, 9, 17, 25, 33, 34, 26, 18, 19, 11, 12, 20, 28, 27, 35, 43, 51, 50, 42, 41, 40, 32, 24, 16, 8, 0]
[00:00:00:00:498] ! Unidirectional t-s. expansions: 140, time: 498 [ms], path length: 42 [edges], generated: 1,543
[00:00:00:04:373] Path of length 42 found: [0, 8, 16, 24, 25, 17, 9, 1, 2, 3, 11, 19, 18, 26, 34, 33, 32, 40, 41, 42, 50, 51, 43, 35, 27, 28, 20, 12, 4, 5, 6, 7, 15, 23, 31, 30, 38, 39, 47, 55, 54, 62, 63]
[00:00:00:04:798] ! Bidirectional. expansions: 791, time: 4,373 [ms], path length: 42 [edges], g_F: 24, g_B: 18, generated: {'F': 3,779, 'B': 2,608}, MM: 6, MMPER: 12.953488372093023%
[00:00:00:04:798] 
---------- SM_Grids/8x8_grid_with_random_blocks_20per_8 ----------
[00:00:00:00:270] Path of length 48 found: [0, 8, 16, 24, 32, 33, 25, 17, 9, 10, 2, 3, 11, 19, 20, 12, 4, 5, 13, 14, 6, 7, 15, 23, 22, 21, 29, 28, 27, 35, 36, 44, 52, 51, 50, 42, 41, 49, 57, 58, 59, 60, 61, 53, 45, 46, 47, 55, 63]
[00:00:00:00:271] ! Unidirectional s-t. expansions: 89, time: 270 [ms], path length: 48 [edges], generated: 734
[00:00:00:00:066] Path of length 48 found: [63, 55, 47, 46, 45, 53, 61, 60, 59, 58, 57, 49, 41, 42, 50, 51, 52, 44, 36, 35, 27, 19, 11, 12, 20, 28, 29, 21, 13, 14, 22, 23, 15, 7, 6, 5, 4, 3, 2, 10, 9, 17, 25, 33, 32, 24, 16, 8, 0]
[00:00:00:00:066] ! Unidirectional t-s. expansions: 18, time: 66 [ms], path length: 48 [edges], generated: 158
[00:00:00:00:088] Path of length 48 found: [0, 8, 16, 24, 32, 33, 25, 17, 9, 10, 2, 3, 11, 19, 20, 12, 4, 5, 13, 14, 6, 7, 15, 23, 22, 21, 29, 28, 27, 35, 36, 44, 52, 51, 50, 42, 41, 49, 57, 58, 59, 60, 61, 53, 45, 46, 47, 55, 63]
[00:00:00:00:502] ! Bidirectional. expansions: 17, time: 88 [ms], path length: 48 [edges], g_F: 29, g_B: 19, generated: {'F': 84, 'B': 46}, MM: 10, MMPER: 19.408163265306122%
[00:00:00:00:502] 
---------- SM_Grids/8x8_grid_with_random_blocks_20per_9 ----------
[00:00:00:00:059] Path of length 36 found: [0, 8, 9, 1, 2, 10, 18, 26, 34, 35, 27, 28, 36, 44, 45, 37, 29, 21, 13, 5, 6, 7, 15, 14, 22, 23, 31, 30, 38, 39, 47, 55, 54, 53, 61, 62, 63]
[00:00:00:00:059] ! Unidirectional s-t. expansions: 13, time: 59 [ms], path length: 36 [edges], generated: 127
[00:00:00:00:263] Path of length 36 found: [63, 62, 61, 53, 54, 55, 47, 39, 31, 23, 15, 7, 6, 5, 13, 14, 22, 21, 29, 30, 38, 37, 45, 44, 36, 28, 27, 35, 34, 26, 18, 10, 2, 1, 9, 8, 0]
[00:00:00:00:263] ! Unidirectional t-s. expansions: 46, time: 263 [ms], path length: 36 [edges], generated: 518
[00:00:00:00:146] Path of length 36 found: [0, 8, 9, 1, 2, 10, 18, 26, 34, 35, 27, 28, 36, 44, 45, 37, 38, 30, 29, 21, 22, 14, 13, 5, 6, 7, 15, 23, 31, 39, 47, 55, 54, 53, 61, 62, 63]
[00:00:00:00:563] ! Bidirectional. expansions: 16, time: 146 [ms], path length: 36 [edges], g_F: 19, g_B: 17, generated: {'F': 100, 'B': 63}, MM: 2, MMPER: 4.405405405405405%
[00:00:00:00:563] average expansions: (3,634, 868, 2,643, 0)
[00:00:00:00:563] average time: (9,354, 2,894, 13,780, 0)
[00:00:00:00:563] XIDA: 868 , 2,894 (expansions , time[ms])
[00:00:00:00:563] BiXIDA: 2,643 , 13,780 (expansions , time[ms])

