--------------------------
date: SM_Grids
number_of_graphs: 10
graph_type: grid
size_of_graphs: [8, 8]
heuristic: bcc_heuristic
snake: False
run_uni: True
run_bi: True
run_multi: False
solution_vertices: []
algorithms: ['IDA']
lookahead: 3
bsd: False
cube_first_dims: 4
cube_buffer_dim: None
backward_sym_generation: False
sym_coil: False
prefix_set: None

---------- SM_Grids/8x8_grid_with_random_blocks_16per_0 ----------
[00:00:00:01:149] Path of length 44 found: [0, 1, 9, 10, 2, 3, 11, 19, 18, 26, 25, 24, 32, 40, 48, 49, 41, 33, 34, 42, 50, 51, 43, 35, 36, 28, 20, 12, 13, 5, 6, 7, 15, 14, 22, 23, 31, 30, 29, 37, 38, 46, 47, 55, 63]
[00:00:00:01:150] ! Unidirectional s-t. expansions: 361, time: 1,149 [ms], path length: 44 [edges], generated: 3,586
[00:00:00:00:444] Path of length 44 found: [63, 55, 47, 46, 38, 39, 31, 23, 15, 7, 6, 5, 13, 14, 22, 30, 29, 37, 36, 35, 34, 33, 41, 42, 43, 51, 50, 49, 48, 40, 32, 24, 25, 26, 18, 19, 20, 12, 11, 3, 2, 10, 9, 1, 0]
[00:00:00:00:445] ! Unidirectional t-s. expansions: 95, time: 445 [ms], path length: 44 [edges], generated: 938
[00:00:00:02:616] Path of length 44 found: [0, 1, 9, 10, 2, 3, 11, 19, 18, 26, 25, 24, 32, 40, 48, 49, 41, 33, 34, 42, 50, 51, 43, 35, 36, 37, 29, 28, 20, 12, 13, 5, 6, 7, 15, 14, 22, 23, 31, 39, 38, 46, 47, 55, 63]
[00:00:00:03:083] ! Bidirectional. expansions: 561, time: 2,616 [ms], path length: 44 [edges], g_F: 23, g_B: 21, generated: {'F': 2,514, 'B': 2,435}, MM: 2, MMPER: 3.4444444444444446%
[00:00:00:03:083] 
---------- SM_Grids/8x8_grid_with_random_blocks_16per_1 ----------
[00:00:00:00:160] Path of length 44 found: [0, 8, 16, 24, 32, 33, 25, 26, 18, 10, 2, 3, 4, 12, 11, 19, 27, 35, 34, 42, 43, 44, 36, 28, 20, 21, 29, 30, 22, 14, 15, 23, 31, 39, 38, 46, 47, 55, 54, 53, 52, 60, 61, 62, 63]
[00:00:00:00:160] ! Unidirectional s-t. expansions: 24, time: 160 [ms], path length: 44 [edges], generated: 260
[00:00:00:08:070] Path of length 44 found: [63, 62, 61, 60, 52, 53, 54, 55, 47, 46, 38, 39, 31, 23, 15, 14, 22, 30, 29, 21, 20, 12, 4, 3, 2, 10, 11, 19, 18, 26, 34, 35, 27, 28, 36, 44, 43, 42, 41, 33, 25, 24, 16, 8, 0]
[00:00:00:08:071] ! Unidirectional t-s. expansions: 1,834, time: 8,071 [ms], path length: 44 [edges], generated: 21,169
[00:00:00:04:506] Path of length 44 found: [0, 8, 16, 24, 32, 33, 25, 26, 18, 10, 2, 3, 4, 12, 11, 19, 27, 35, 34, 42, 43, 44, 36, 28, 20, 21, 29, 30, 22, 14, 15, 23, 31, 39, 38, 46, 47, 55, 54, 53, 52, 60, 61, 62, 63]
[00:00:00:04:933] ! Bidirectional. expansions: 579, time: 4,506 [ms], path length: 44 [edges], g_F: 24, g_B: 20, generated: {'F': 3,113, 'B': 2,629}, MM: 4, MMPER: 7.888888888888889%
[00:00:00:04:933] 
---------- SM_Grids/8x8_grid_with_random_blocks_16per_2 ----------
[00:00:00:05:571] Path of length 44 found: [0, 1, 2, 3, 11, 10, 18, 17, 16, 24, 32, 40, 48, 56, 57, 49, 41, 33, 34, 26, 27, 19, 20, 21, 29, 28, 36, 44, 43, 42, 50, 58, 59, 51, 52, 60, 61, 53, 45, 46, 47, 55, 54, 62, 63]
[00:00:00:05:571] ! Unidirectional s-t. expansions: 1,487, time: 5,571 [ms], path length: 44 [edges], generated: 15,952
[00:00:00:19:754] Path of length 44 found: [63, 55, 47, 46, 38, 30, 29, 21, 20, 19, 11, 3, 2, 10, 18, 26, 27, 28, 36, 44, 45, 53, 54, 62, 61, 60, 52, 51, 43, 42, 34, 33, 41, 49, 50, 58, 57, 56, 48, 40, 32, 24, 16, 8, 0]
[00:00:00:19:754] ! Unidirectional t-s. expansions: 6,293, time: 19,754 [ms], path length: 44 [edges], generated: 55,920
[00:00:00:12:310] Path of length 44 found: [0, 1, 2, 3, 11, 10, 18, 17, 16, 24, 32, 40, 48, 56, 57, 49, 41, 33, 34, 42, 43, 51, 50, 58, 59, 60, 52, 53, 45, 44, 36, 28, 27, 19, 20, 21, 29, 30, 38, 46, 47, 55, 54, 62, 63]
[00:00:00:12:749] ! Bidirectional. expansions: 1,904, time: 12,310 [ms], path length: 44 [edges], g_F: 26, g_B: 18, generated: {'F': 11,181, 'B': 7,839}, MM: 8, MMPER: 16.77777777777778%
[00:00:00:12:749] 
---------- SM_Grids/8x8_grid_with_random_blocks_16per_3 ----------
[00:00:00:17:795] Path of length 44 found: [0, 8, 16, 24, 25, 17, 18, 10, 11, 19, 27, 26, 34, 33, 41, 49, 50, 42, 43, 35, 36, 28, 29, 21, 20, 12, 13, 14, 15, 23, 31, 30, 38, 39, 47, 46, 45, 44, 52, 60, 61, 53, 54, 62, 63]
[00:00:00:17:795] ! Unidirectional s-t. expansions: 5,776, time: 17,795 [ms], path length: 44 [edges], generated: 58,072
[00:00:00:56:340] Path of length 44 found: [63, 55, 47, 39, 31, 23, 15, 14, 13, 12, 11, 10, 18, 26, 34, 42, 43, 35, 36, 28, 27, 19, 20, 21, 29, 30, 38, 46, 54, 62, 61, 53, 45, 44, 52, 51, 50, 49, 41, 33, 25, 17, 16, 8, 0]
[00:00:00:56:340] ! Unidirectional t-s. expansions: 20,116, time: 56,340 [ms], path length: 44 [edges], generated: 190,701
[00:00:00:57:570] Path of length 44 found: [0, 8, 16, 24, 25, 17, 18, 10, 11, 19, 27, 26, 34, 33, 41, 42, 50, 51, 52, 60, 61, 62, 54, 46, 45, 44, 43, 35, 36, 28, 29, 21, 20, 12, 13, 14, 15, 23, 31, 30, 38, 39, 47, 55, 63]
[00:00:00:57:991] ! Bidirectional. expansions: 9,681, time: 57,570 [ms], path length: 44 [edges], g_F: 23, g_B: 21, generated: {'F': 61,518, 'B': 44,537}, MM: 2, MMPER: 3.4444444444444446%
[00:00:00:57:992] 
---------- SM_Grids/8x8_grid_with_random_blocks_16per_4 ----------
[00:00:00:01:139] Path of length 48 found: [0, 1, 9, 8, 16, 17, 25, 33, 32, 40, 48, 56, 57, 49, 41, 42, 50, 51, 52, 60, 61, 53, 45, 44, 36, 37, 29, 28, 27, 35, 34, 26, 18, 10, 11, 3, 4, 12, 13, 14, 22, 30, 38, 39, 47, 46, 54, 62, 63]
[00:00:00:01:140] ! Unidirectional s-t. expansions: 307, time: 1,139 [ms], path length: 48 [edges], generated: 3,206
[00:00:00:03:269] Path of length 48 found: [63, 55, 47, 39, 38, 30, 22, 14, 13, 12, 4, 3, 11, 10, 18, 26, 34, 35, 27, 28, 29, 37, 36, 44, 45, 46, 54, 62, 61, 53, 52, 51, 50, 42, 41, 49, 57, 56, 48, 40, 32, 33, 25, 17, 16, 8, 9, 1, 0]
[00:00:00:03:269] ! Unidirectional t-s. expansions: 693, time: 3,269 [ms], path length: 48 [edges], generated: 7,504
[00:00:00:05:010] Path of length 48 found: [0, 1, 9, 8, 16, 17, 25, 33, 32, 40, 48, 56, 57, 49, 41, 42, 50, 51, 52, 60, 61, 62, 54, 46, 45, 44, 36, 37, 29, 28, 27, 35, 34, 26, 18, 10, 11, 3, 4, 12, 13, 14, 22, 30, 38, 39, 47, 55, 63]
[00:00:00:05:420] ! Bidirectional. expansions: 671, time: 5,010 [ms], path length: 48 [edges], g_F: 30, g_B: 18, generated: {'F': 3,487, 'B': 2,727}, MM: 12, MMPER: 23.489795918367346%
[00:00:00:05:420] 
---------- SM_Grids/8x8_grid_with_random_blocks_16per_5 ----------
[00:00:00:03:658] Path of length 50 found: [0, 8, 16, 24, 32, 33, 34, 26, 25, 17, 9, 1, 2, 10, 11, 19, 20, 12, 4, 5, 6, 14, 15, 23, 22, 30, 29, 28, 36, 35, 43, 51, 50, 49, 48, 56, 57, 58, 59, 60, 61, 53, 52, 44, 45, 46, 38, 39, 47, 55, 63]
[00:00:00:03:658] ! Unidirectional s-t. expansions: 960, time: 3,658 [ms], path length: 50 [edges], generated: 9,343
[00:00:00:03:305] Path of length 50 found: [63, 55, 47, 39, 38, 46, 54, 53, 45, 44, 52, 60, 59, 58, 57, 56, 48, 49, 50, 51, 43, 35, 36, 28, 29, 30, 31, 23, 15, 14, 6, 5, 4, 12, 20, 19, 11, 3, 2, 10, 9, 17, 25, 26, 34, 33, 32, 24, 16, 8, 0]
[00:00:00:03:306] ! Unidirectional t-s. expansions: 824, time: 3,306 [ms], path length: 50 [edges], generated: 7,790
[00:00:00:13:905] Path of length 50 found: [0, 8, 16, 24, 32, 33, 34, 26, 25, 17, 9, 1, 2, 10, 11, 19, 20, 12, 4, 5, 6, 14, 15, 23, 22, 30, 29, 28, 36, 35, 43, 51, 50, 49, 48, 56, 57, 58, 59, 60, 52, 44, 45, 53, 54, 46, 38, 39, 47, 55, 63]
[00:00:00:14:316] ! Bidirectional. expansions: 1,843, time: 13,905 [ms], path length: 50 [edges], g_F: 30, g_B: 20, generated: {'F': 8,826, 'B': 7,713}, MM: 10, MMPER: 18.607843137254903%
[00:00:00:14:316] 
---------- SM_Grids/8x8_grid_with_random_blocks_16per_6 ----------
[00:00:00:00:389] Path of length 48 found: [0, 1, 9, 8, 16, 24, 32, 40, 48, 49, 50, 42, 41, 33, 25, 17, 18, 10, 11, 19, 27, 26, 34, 35, 36, 44, 52, 53, 45, 37, 29, 21, 13, 5, 6, 7, 15, 14, 22, 23, 31, 30, 38, 46, 47, 55, 54, 62, 63]
[00:00:00:00:389] ! Unidirectional s-t. expansions: 91, time: 389 [ms], path length: 48 [edges], generated: 878
[00:00:00:00:136] Path of length 48 found: [63, 62, 54, 55, 47, 46, 38, 30, 31, 23, 15, 7, 6, 5, 13, 14, 22, 21, 29, 37, 45, 53, 52, 44, 36, 35, 27, 19, 11, 10, 18, 17, 25, 26, 34, 33, 41, 42, 50, 49, 48, 40, 32, 24, 16, 8, 9, 1, 0]
[00:00:00:00:136] ! Unidirectional t-s. expansions: 28, time: 136 [ms], path length: 48 [edges], generated: 279
[00:00:00:00:809] Path of length 48 found: [0, 1, 9, 8, 16, 24, 32, 40, 48, 49, 50, 42, 41, 33, 25, 17, 18, 10, 11, 19, 27, 26, 34, 35, 36, 44, 52, 53, 45, 37, 29, 21, 22, 14, 13, 5, 6, 7, 15, 23, 31, 30, 38, 46, 47, 55, 54, 62, 63]
[00:00:00:01:246] ! Bidirectional. expansions: 123, time: 809 [ms], path length: 48 [edges], g_F: 26, g_B: 22, generated: {'F': 602, 'B': 493}, MM: 4, MMPER: 7.163265306122449%
[00:00:00:01:246] 
---------- SM_Grids/8x8_grid_with_random_blocks_16per_7 ----------
[00:00:00:53:758] Path of length 48 found: [0, 8, 16, 24, 32, 40, 48, 56, 57, 49, 41, 33, 34, 26, 18, 17, 9, 10, 2, 3, 11, 19, 27, 28, 20, 12, 13, 14, 6, 7, 15, 23, 31, 30, 38, 37, 45, 44, 43, 42, 50, 58, 59, 60, 61, 53, 54, 55, 63]
[00:00:00:53:758] ! Unidirectional s-t. expansions: 17,059, time: 53,758 [ms], path length: 48 [edges], generated: 154,407
[00:00:00:24:786] Path of length 48 found: [63, 55, 54, 46, 38, 30, 31, 23, 15, 7, 6, 14, 13, 12, 11, 3, 2, 10, 9, 17, 18, 19, 20, 28, 27, 26, 34, 35, 43, 44, 45, 53, 61, 60, 59, 51, 50, 58, 57, 56, 48, 49, 41, 33, 32, 24, 16, 8, 0]
[00:00:00:24:786] ! Unidirectional t-s. expansions: 7,672, time: 24,786 [ms], path length: 48 [edges], generated: 74,447
[00:00:01:29:553] Path of length 48 found: [0, 8, 16, 24, 32, 40, 48, 56, 57, 58, 50, 49, 41, 33, 34, 26, 18, 17, 9, 10, 2, 3, 11, 19, 27, 28, 20, 12, 13, 14, 6, 7, 15, 23, 31, 30, 38, 37, 45, 44, 43, 51, 59, 60, 61, 53, 54, 55, 63]
[00:00:01:29:975] ! Bidirectional. expansions: 20,950, time: 89,553 [ms], path length: 48 [edges], g_F: 27, g_B: 21, generated: {'F': 100,832, 'B': 70,958}, MM: 6, MMPER: 11.244897959183673%
[00:00:01:29:975] 
---------- SM_Grids/8x8_grid_with_random_blocks_16per_8 ----------
[00:00:00:05:318] Path of length 50 found: [0, 8, 16, 17, 9, 1, 2, 10, 11, 3, 4, 12, 13, 5, 6, 7, 15, 14, 22, 21, 29, 28, 20, 19, 18, 26, 34, 35, 43, 42, 41, 33, 32, 40, 48, 56, 57, 49, 50, 51, 59, 60, 61, 53, 45, 37, 38, 46, 54, 62, 63]
[00:00:00:05:318] ! Unidirectional s-t. expansions: 1,434, time: 5,318 [ms], path length: 50 [edges], generated: 13,857
[00:00:00:00:432] Path of length 50 found: [63, 62, 54, 46, 38, 37, 45, 53, 61, 60, 59, 51, 43, 42, 50, 49, 57, 56, 48, 40, 32, 33, 34, 35, 36, 28, 29, 21, 13, 14, 22, 23, 15, 7, 6, 5, 4, 3, 2, 1, 9, 10, 11, 12, 20, 19, 18, 17, 16, 8, 0]
[00:00:00:00:432] ! Unidirectional t-s. expansions: 127, time: 432 [ms], path length: 50 [edges], generated: 1,195
[00:00:00:06:624] Path of length 50 found: [0, 8, 16, 17, 9, 1, 2, 10, 18, 19, 11, 3, 4, 5, 6, 7, 15, 23, 22, 14, 13, 12, 20, 21, 29, 28, 36, 35, 34, 42, 41, 33, 32, 40, 48, 56, 57, 49, 50, 51, 59, 60, 61, 53, 45, 37, 38, 46, 54, 62, 63]
[00:00:00:07:036] ! Bidirectional. expansions: 1,135, time: 6,624 [ms], path length: 50 [edges], g_F: 28, g_B: 22, generated: {'F': 5,626, 'B': 4,832}, MM: 6, MMPER: 10.764705882352942%
[00:00:00:07:036] 
---------- SM_Grids/8x8_grid_with_random_blocks_16per_9 ----------
[00:00:00:01:959] Path of length 46 found: [0, 8, 16, 24, 32, 33, 25, 17, 9, 1, 2, 3, 11, 12, 4, 5, 6, 7, 15, 14, 13, 21, 20, 28, 27, 26, 34, 42, 50, 58, 59, 51, 43, 44, 36, 37, 38, 30, 31, 39, 47, 55, 54, 53, 61, 62, 63]
[00:00:00:01:959] ! Unidirectional s-t. expansions: 462, time: 1,959 [ms], path length: 46 [edges], generated: 4,816
[00:00:00:00:916] Path of length 46 found: [63, 62, 61, 53, 54, 55, 47, 39, 31, 30, 38, 37, 45, 44, 52, 51, 59, 58, 50, 42, 41, 33, 32, 24, 16, 8, 9, 17, 25, 26, 27, 28, 20, 21, 13, 14, 15, 7, 6, 5, 4, 12, 11, 3, 2, 1, 0]
[00:00:00:00:916] ! Unidirectional t-s. expansions: 173, time: 916 [ms], path length: 46 [edges], generated: 2,051
[00:00:00:05:147] Path of length 46 found: [0, 8, 16, 17, 9, 1, 2, 3, 11, 12, 4, 5, 6, 7, 15, 14, 13, 21, 20, 28, 27, 26, 25, 24, 32, 33, 41, 42, 50, 58, 59, 51, 52, 44, 45, 37, 38, 30, 31, 39, 47, 55, 54, 53, 61, 62, 63]
[00:00:00:05:557] ! Bidirectional. expansions: 883, time: 5,148 [ms], path length: 46 [edges], g_F: 27, g_B: 19, generated: {'F': 4,296, 'B': 3,204}, MM: 8, MMPER: 16.02127659574468%
[00:00:00:05:557] average expansions: (2,796, 3,786, 3,833, 0)
[00:00:00:05:557] average time: (9,090, 11,746, 19,805, 0)
[00:00:00:05:558] XIDA: 2,796 , 9,090 (expansions , time[ms])
[00:00:00:05:558] BiXIDA: 3,833 , 19,805 (expansions , time[ms])

