------------------------------------
Thu 01 Oct 2026 18:31:46 IDT
SLURM_JOBID:		21953895
SLURM_JOB_NODELIST:	ise-cpu256-06
SLURM_SCRATCH_DIR:	/scratch/shubit/21953895
Allocated Resouces:	cpu - 2 / mem - 61440 MB / gpu - 
SLURM_GPU_INDEX:	
Running as shubit from shimony account with normal QOS
------------------------------------
Thu 01 Oct 2026 18:31:47 IDT

SLURM_JOBID:		 21953895
SLURM_JOB_NODELIST:	 ise-cpu256-06 

--------------------------
date: mazes
number_of_graphs: 10
graph_type: maze
size_of_graphs: [13, 13]
heuristic: bcc_heuristic
snake: False
run_uni: True
run_bi: True
run_multi: False
solution_vertices: []
algorithms: ['XMM']
lookahead: -2
bsd: False
cube_first_dims: 4
cube_buffer_dim: None
backward_sym_generation: False
sym_coil: False
prefix_set: None

---------- mazes/13x13_maze_with_1_open_diamonds_0 ----------
[00:00:00:46:686] Expansion 10,000: state None, f=97, g=35
[00:00:01:32:029] Expansion 20,000: state None, f=95, g=20
[00:00:02:14:786] Expansion 30,000: state None, f=93, g=30
[00:00:02:21:588] Path of length 92 found: [0, 1, 2, 3, 4, 17, 30, 31, 32, 19, 6, 7, 8, 9, 10, 11, 12, 25, 38, 37, 36, 49, 62, 61, 60, 59, 58, 57, 56, 55, 54, 41, 28, 27, 26, 39, 52, 65, 78, 79, 80, 81, 82, 83, 84, 85, 86, 87, 88, 89, 90, 103, 116, 115, 114, 113, 112, 111, 110, 109, 122, 135, 134, 133, 132, 119, 120, 107, 106, 105, 118, 131, 130, 143, 156, 157, 144, 145, 146, 159, 160, 161, 162, 163, 164, 165, 152, 139, 140, 141, 142, 155, 168]
[00:00:02:21:589] ! Unidirectional s-t. expansions: 31,358, time: 141,588 [ms], path length: 92 [edges], generated: 47,235
[00:00:00:48:949] Expansion 10,000: state None, f=101, g=28
[00:00:01:33:841] Expansion 20,000: state None, f=99, g=45
[00:00:02:17:217] Expansion 30,000: state None, f=98, g=33
[00:00:03:00:353] Expansion 40,000: state None, f=97, g=38
[00:00:03:41:258] Expansion 50,000: state None, f=96, g=42
[00:00:04:25:872] Expansion 60,000: state None, f=95, g=60
[00:00:05:07:450] Expansion 70,000: state None, f=95, g=23
[00:00:05:44:761] Expansion 80,000: state None, f=94, g=43
[00:00:06:27:658] Expansion 90,000: state None, f=94, g=31
[00:00:07:06:077] Expansion 100,000: state None, f=93, g=45
[00:00:07:43:441] Path of length 92 found: [168, 155, 142, 141, 140, 139, 152, 165, 164, 163, 150, 137, 136, 135, 134, 133, 146, 159, 158, 157, 156, 143, 130, 131, 144, 145, 132, 119, 118, 105, 106, 107, 108, 109, 110, 111, 112, 113, 114, 115, 116, 103, 90, 89, 88, 87, 86, 85, 84, 83, 82, 81, 80, 79, 78, 65, 52, 39, 26, 27, 28, 41, 54, 55, 56, 57, 58, 59, 60, 61, 62, 63, 64, 51, 38, 25, 12, 11, 10, 9, 8, 7, 6, 19, 32, 31, 30, 17, 4, 3, 2, 1, 0]
[00:00:07:43:443] ! Unidirectional t-s. expansions: 108,293, time: 463,441 [ms], path length: 92 [edges], generated: 154,445
[00:00:01:52:105] Expansion 20,000: f=100, g=43
[00:00:03:38:631] Expansion 40,000: f=97, g=41
[00:00:05:25:642] Expansion 60,000: f=96, g=30
[00:00:07:13:538] Expansion 80,000: f=94, g=28
[00:00:09:13:761] Path of length 92 found: [0, 1, 2, 3, 4, 17, 30, 31, 32, 19, 6, 7, 8, 9, 10, 11, 12, 25, 38, 37, 36, 49, 62, 61, 60, 59, 58, 57, 56, 55, 54, 41, 28, 27, 26, 39, 52, 65, 78, 79, 80, 81, 82, 83, 84, 85, 86, 87, 88, 89, 90, 103, 116, 115, 114, 113, 112, 111, 110, 109, 108, 107, 106, 105, 118, 119, 132, 145, 144, 131, 130, 143, 156, 157, 158, 159, 146, 133, 134, 135, 136, 137, 150, 163, 164, 165, 152, 139, 140, 141, 142, 155, 168]
[00:00:09:13:763] ! Bidirectional. expansions: 98,880, time: 553,761 [ms], path length: 92 [edges], g_F: 41, g_B: 51, generated: 139,473, MM: 10, MMPER: 9.75268817204301%
[00:00:09:13:764] 
---------- mazes/13x13_maze_with_1_open_diamonds_1 ----------
[00:00:00:50:200] Expansion 10,000: state None, f=98, g=40
[00:00:01:35:193] Expansion 20,000: state None, f=95, g=36
[00:00:02:16:621] Expansion 30,000: state None, f=93, g=35
[00:00:02:58:552] Expansion 40,000: state None, f=92, g=23
[00:00:03:36:104] Expansion 50,000: state None, f=91, g=30
[00:00:03:41:980] Path of length 90 found: [0, 1, 2, 15, 28, 27, 26, 39, 52, 53, 54, 41, 42, 29, 16, 3, 4, 17, 30, 43, 56, 57, 58, 45, 32, 19, 6, 7, 8, 9, 10, 11, 12, 25, 38, 37, 36, 49, 62, 61, 74, 87, 88, 89, 90, 103, 116, 115, 114, 113, 112, 99, 86, 85, 84, 83, 82, 81, 80, 79, 92, 105, 106, 107, 108, 109, 122, 135, 134, 133, 132, 131, 130, 143, 156, 157, 158, 159, 160, 161, 162, 163, 164, 165, 152, 139, 140, 141, 142, 155, 168]
[00:00:03:41:983] ! Unidirectional s-t. expansions: 51,198, time: 221,980 [ms], path length: 90 [edges], generated: 69,643
[00:00:00:06:147] Path of length 90 found: [168, 155, 142, 141, 140, 139, 152, 165, 164, 163, 162, 161, 160, 159, 158, 157, 156, 143, 130, 131, 132, 133, 134, 135, 122, 109, 108, 107, 106, 105, 92, 79, 80, 81, 82, 83, 84, 85, 86, 99, 112, 113, 114, 115, 116, 103, 90, 89, 88, 87, 74, 61, 62, 63, 64, 51, 38, 25, 12, 11, 10, 9, 8, 7, 6, 19, 32, 45, 58, 57, 56, 43, 30, 17, 4, 3, 16, 29, 42, 55, 54, 53, 52, 39, 26, 27, 28, 15, 2, 1, 0]
[00:00:00:06:148] ! Unidirectional t-s. expansions: 1,606, time: 6,147 [ms], path length: 90 [edges], generated: 2,500
[00:00:01:44:780] Expansion 20,000: f=95, g=22
[00:00:03:20:301] Expansion 40,000: f=91, g=22
[00:00:03:29:640] Path of length 90 found: [0, 1, 2, 15, 28, 27, 26, 39, 52, 53, 54, 41, 42, 29, 16, 3, 4, 17, 30, 43, 56, 57, 58, 45, 32, 19, 6, 7, 8, 9, 10, 11, 12, 25, 38, 37, 36, 49, 62, 61, 74, 87, 88, 89, 90, 103, 116, 115, 114, 113, 112, 99, 86, 85, 84, 83, 82, 81, 80, 79, 92, 105, 106, 107, 108, 109, 122, 135, 134, 133, 132, 131, 130, 143, 156, 157, 158, 159, 160, 161, 162, 163, 164, 165, 152, 139, 140, 141, 142, 155, 168]
[00:00:03:29:642] ! Bidirectional. expansions: 40,772, time: 209,640 [ms], path length: 90 [edges], g_F: 39, g_B: 51, generated: 56,015, MM: 12, MMPER: 12.186813186813186%
[00:00:03:29:642] 
---------- mazes/13x13_maze_with_1_open_diamonds_2 ----------
[00:00:00:44:185] Expansion 10,000: state None, f=96, g=47
[00:00:01:24:749] Expansion 20,000: state None, f=94, g=34
[00:00:02:02:692] Path of length 92 found: [0, 1, 2, 3, 4, 17, 30, 43, 56, 55, 54, 41, 28, 27, 26, 39, 52, 65, 78, 79, 80, 81, 82, 83, 70, 57, 58, 45, 32, 19, 6, 7, 8, 9, 10, 11, 12, 25, 38, 37, 36, 49, 62, 61, 60, 59, 72, 71, 84, 85, 86, 87, 88, 89, 90, 103, 116, 115, 114, 113, 112, 99, 98, 111, 110, 97, 96, 109, 122, 135, 134, 133, 132, 131, 130, 143, 156, 157, 158, 159, 160, 161, 162, 163, 164, 165, 152, 139, 140, 141, 142, 155, 168]
[00:00:02:02:693] ! Unidirectional s-t. expansions: 29,436, time: 122,692 [ms], path length: 92 [edges], generated: 44,753
[00:00:00:39:039] Expansion 10,000: state None, f=96, g=49
[00:00:01:15:920] Expansion 20,000: state None, f=94, g=44
[00:00:01:36:155] Path of length 92 found: [168, 155, 142, 141, 140, 139, 152, 165, 164, 163, 162, 161, 160, 159, 158, 157, 156, 143, 130, 131, 132, 133, 134, 135, 122, 109, 110, 111, 112, 113, 114, 115, 116, 103, 90, 89, 88, 87, 86, 99, 98, 85, 72, 59, 60, 61, 62, 63, 64, 51, 38, 25, 12, 11, 10, 9, 8, 7, 6, 19, 32, 45, 58, 57, 70, 71, 84, 97, 96, 83, 82, 81, 80, 79, 78, 65, 52, 39, 26, 27, 28, 41, 54, 55, 56, 43, 30, 17, 4, 3, 2, 1, 0]
[00:00:01:36:155] ! Unidirectional t-s. expansions: 25,253, time: 96,155 [ms], path length: 92 [edges], generated: 36,149
[00:00:01:55:463] Expansion 20,000: f=93, g=40
[00:00:03:14:467] Path of length 92 found: [0, 1, 2, 3, 4, 17, 30, 31, 32, 19, 6, 7, 8, 9, 10, 11, 12, 25, 38, 37, 36, 49, 62, 61, 60, 59, 58, 71, 72, 85, 98, 99, 86, 87, 88, 89, 90, 103, 116, 115, 114, 113, 112, 111, 110, 97, 84, 83, 70, 57, 56, 55, 54, 41, 28, 27, 26, 39, 52, 65, 78, 79, 92, 105, 106, 107, 108, 109, 122, 135, 134, 133, 132, 131, 130, 143, 156, 157, 158, 159, 160, 161, 162, 163, 164, 165, 152, 139, 140, 141, 142, 155, 168]
[00:00:03:14:469] ! Bidirectional. expansions: 33,114, time: 194,467 [ms], path length: 92 [edges], g_F: 48, g_B: 44, generated: 52,422, MM: 4, MMPER: 3.301075268817204%
[00:00:03:14:469] 
---------- mazes/13x13_maze_with_1_open_diamonds_3 ----------
[00:00:00:42:148] Expansion 10,000: state None, f=92, g=56
[00:00:01:21:574] Expansion 20,000: state None, f=91, g=34
[00:00:01:23:796] Path of length 90 found: [0, 1, 2, 3, 4, 17, 30, 31, 32, 19, 6, 7, 8, 9, 10, 11, 12, 25, 38, 37, 36, 49, 62, 61, 60, 59, 58, 57, 56, 55, 54, 41, 28, 27, 26, 39, 52, 65, 78, 79, 80, 81, 82, 83, 84, 85, 86, 87, 88, 89, 90, 103, 116, 129, 142, 141, 140, 139, 126, 113, 114, 115, 102, 101, 100, 99, 98, 111, 110, 109, 122, 135, 134, 133, 132, 131, 130, 143, 156, 157, 158, 159, 160, 161, 162, 163, 164, 165, 166, 167, 168]
[00:00:01:23:798] ! Unidirectional s-t. expansions: 20,437, time: 83,796 [ms], path length: 90 [edges], generated: 31,641
[00:00:00:45:927] Expansion 10,000: state None, f=98, g=58
[00:00:01:26:833] Expansion 20,000: state None, f=95, g=59
[00:00:02:05:176] Expansion 30,000: state None, f=93, g=58
[00:00:02:42:805] Expansion 40,000: state None, f=92, g=39
[00:00:03:21:156] Path of length 90 found: [168, 167, 166, 165, 164, 163, 162, 161, 160, 159, 158, 157, 156, 143, 130, 131, 132, 133, 134, 135, 122, 109, 110, 111, 98, 85, 86, 99, 112, 113, 126, 139, 140, 141, 142, 129, 116, 115, 114, 101, 102, 103, 90, 89, 88, 87, 74, 61, 62, 63, 64, 51, 38, 25, 12, 11, 10, 9, 8, 7, 6, 19, 32, 45, 58, 71, 84, 83, 82, 81, 80, 79, 78, 65, 52, 39, 26, 27, 28, 41, 54, 55, 56, 43, 30, 17, 4, 3, 2, 1, 0]
[00:00:03:21:157] ! Unidirectional t-s. expansions: 49,826, time: 201,156 [ms], path length: 90 [edges], generated: 71,852
[00:00:01:44:758] Expansion 20,000: f=95, g=35
[00:00:03:34:998] Expansion 40,000: f=89, g=43
[00:00:04:09:498] Path of length 90 found: [0, 1, 2, 3, 4, 17, 30, 31, 32, 19, 6, 7, 8, 9, 10, 11, 12, 25, 38, 37, 36, 49, 62, 61, 60, 59, 58, 57, 56, 55, 54, 41, 28, 27, 26, 39, 52, 65, 78, 79, 80, 81, 82, 83, 84, 85, 98, 99, 100, 87, 88, 89, 90, 103, 102, 101, 114, 115, 116, 129, 142, 141, 140, 139, 126, 113, 112, 111, 110, 109, 122, 135, 134, 133, 132, 131, 130, 143, 156, 157, 158, 159, 160, 161, 162, 163, 164, 165, 166, 167, 168]
[00:00:04:09:502] ! Bidirectional. expansions: 44,405, time: 249,498 [ms], path length: 90 [edges], g_F: 40, g_B: 50, generated: 66,725, MM: 10, MMPER: 9.989010989010989%
[00:00:04:09:502] 
---------- mazes/13x13_maze_with_1_open_diamonds_4 ----------
[00:00:00:46:389] Expansion 10,000: state None, f=97, g=59
[00:00:01:28:477] Expansion 20,000: state None, f=95, g=25
[00:00:02:05:649] Expansion 30,000: state None, f=93, g=51
[00:00:02:22:018] Path of length 92 found: [0, 1, 2, 3, 4, 17, 30, 31, 32, 19, 6, 7, 8, 9, 10, 11, 12, 25, 38, 37, 36, 49, 62, 61, 60, 59, 58, 57, 56, 55, 54, 41, 28, 27, 26, 39, 52, 65, 78, 79, 80, 81, 82, 83, 84, 85, 86, 87, 88, 89, 90, 103, 116, 115, 114, 113, 112, 111, 110, 109, 108, 107, 106, 119, 132, 131, 130, 143, 156, 157, 158, 159, 160, 147, 134, 133, 120, 121, 122, 123, 136, 137, 150, 163, 164, 165, 152, 139, 140, 141, 142, 155, 168]
[00:00:02:22:021] ! Unidirectional s-t. expansions: 33,576, time: 142,018 [ms], path length: 92 [edges], generated: 51,823
[00:00:00:46:175] Expansion 10,000: state None, f=101, g=32
[00:00:01:30:681] Expansion 20,000: state None, f=99, g=33
[00:00:02:12:461] Expansion 30,000: state None, f=97, g=50
[00:00:02:52:754] Expansion 40,000: state None, f=96, g=45
[00:00:03:34:940] Expansion 50,000: state None, f=95, g=38
[00:00:04:13:338] Expansion 60,000: state None, f=94, g=63
[00:00:04:56:765] Expansion 70,000: state None, f=93, g=77
[00:00:05:34:797] Expansion 80,000: state None, f=93, g=34
[00:00:05:46:980] Path of length 92 found: [168, 167, 166, 165, 152, 139, 140, 141, 142, 129, 116, 103, 90, 89, 88, 87, 74, 61, 62, 63, 64, 51, 38, 25, 12, 11, 10, 9, 8, 7, 6, 19, 32, 45, 58, 71, 84, 85, 86, 99, 112, 111, 110, 123, 136, 137, 150, 163, 162, 161, 160, 159, 158, 157, 156, 143, 130, 131, 132, 119, 106, 107, 120, 133, 134, 135, 122, 109, 108, 95, 82, 81, 80, 79, 78, 65, 52, 39, 26, 27, 28, 41, 54, 55, 56, 43, 30, 17, 4, 3, 2, 1, 0]
[00:00:05:46:981] ! Unidirectional t-s. expansions: 82,438, time: 346,980 [ms], path length: 92 [edges], generated: 118,601
[00:00:01:47:707] Expansion 20,000: f=99, g=44
[00:00:03:33:144] Expansion 40,000: f=96, g=40
[00:00:05:22:641] Expansion 60,000: f=94, g=17
[00:00:07:13:922] Expansion 80,000: f=92, g=39
[00:00:08:34:746] Path of length 92 found: [0, 1, 2, 3, 4, 17, 30, 31, 32, 19, 6, 7, 8, 9, 10, 11, 12, 25, 38, 37, 36, 49, 62, 61, 60, 59, 58, 57, 56, 55, 54, 41, 28, 27, 26, 39, 52, 65, 78, 79, 92, 105, 106, 107, 120, 121, 122, 109, 108, 95, 82, 83, 84, 85, 86, 87, 88, 89, 90, 103, 116, 115, 114, 113, 112, 111, 110, 123, 136, 135, 134, 133, 132, 131, 130, 143, 156, 157, 158, 159, 160, 161, 162, 163, 164, 165, 152, 139, 140, 141, 142, 155, 168]
[00:00:08:34:751] ! Bidirectional. expansions: 90,131, time: 514,746 [ms], path length: 92 [edges], g_F: 41, g_B: 51, generated: 130,932, MM: 10, MMPER: 9.75268817204301%
[00:00:08:34:751] 
---------- mazes/13x13_maze_with_1_open_diamonds_5 ----------
[00:00:00:48:512] Expansion 10,000: state None, f=98, g=46
[00:00:01:33:008] Expansion 20,000: state None, f=95, g=60
[00:00:02:15:499] Expansion 30,000: state None, f=93, g=71
[00:00:02:46:092] Path of length 92 found: [0, 1, 2, 3, 4, 17, 30, 31, 32, 19, 6, 7, 8, 9, 10, 11, 12, 25, 38, 37, 36, 49, 62, 61, 60, 59, 58, 57, 56, 55, 54, 41, 28, 27, 26, 39, 52, 65, 78, 79, 80, 81, 82, 83, 84, 85, 86, 87, 88, 89, 90, 103, 116, 115, 114, 113, 112, 111, 110, 109, 108, 107, 106, 105, 118, 131, 130, 143, 156, 157, 158, 159, 146, 133, 132, 119, 120, 121, 122, 135, 136, 137, 150, 163, 164, 165, 152, 139, 140, 141, 142, 155, 168]
[00:00:02:46:095] ! Unidirectional s-t. expansions: 36,897, time: 166,093 [ms], path length: 92 [edges], generated: 55,900
[00:00:00:50:894] Expansion 10,000: state None, f=100, g=50
[00:00:01:38:285] Expansion 20,000: state None, f=98, g=49
[00:00:02:25:312] Expansion 30,000: state None, f=97, g=24
[00:00:03:09:321] Expansion 40,000: state None, f=96, g=31
[00:00:03:55:327] Expansion 50,000: state None, f=95, g=17
[00:00:04:36:815] Expansion 60,000: state None, f=94, g=42
[00:00:05:21:442] Expansion 70,000: state None, f=93, g=50
[00:00:05:57:876] Path of length 92 found: [168, 167, 166, 165, 152, 139, 140, 141, 142, 129, 116, 103, 90, 89, 88, 87, 74, 61, 62, 63, 64, 51, 38, 25, 12, 11, 10, 9, 8, 7, 6, 19, 32, 45, 58, 71, 84, 85, 86, 99, 112, 111, 110, 109, 122, 135, 136, 137, 150, 163, 162, 161, 160, 159, 158, 157, 156, 143, 130, 131, 118, 105, 106, 119, 132, 133, 134, 121, 108, 107, 94, 81, 80, 79, 78, 65, 52, 39, 26, 27, 28, 41, 54, 55, 56, 43, 30, 17, 4, 3, 2, 1, 0]
[00:00:05:57:878] ! Unidirectional t-s. expansions: 77,683, time: 357,877 [ms], path length: 92 [edges], generated: 112,634
[00:00:01:58:590] Expansion 20,000: f=99, g=35
[00:00:03:52:186] Expansion 40,000: f=96, g=33
[00:00:05:56:427] Expansion 60,000: f=94, g=32
[00:00:08:03:272] Expansion 80,000: f=92, g=26
[00:00:10:00:551] Path of length 92 found: [0, 1, 2, 3, 4, 17, 30, 31, 32, 19, 6, 7, 8, 9, 10, 11, 12, 25, 38, 37, 36, 49, 62, 61, 60, 59, 58, 57, 56, 55, 54, 41, 28, 27, 26, 39, 52, 65, 78, 79, 92, 105, 106, 119, 120, 121, 108, 107, 94, 81, 82, 83, 84, 85, 86, 87, 88, 89, 90, 103, 116, 115, 114, 113, 112, 111, 110, 109, 122, 135, 134, 133, 132, 131, 130, 143, 156, 157, 158, 159, 160, 161, 162, 163, 164, 165, 152, 139, 140, 141, 142, 155, 168]
[00:00:10:00:557] ! Bidirectional. expansions: 94,093, time: 600,551 [ms], path length: 92 [edges], g_F: 41, g_B: 51, generated: 136,532, MM: 10, MMPER: 9.75268817204301%
[00:00:10:00:558] 
---------- mazes/13x13_maze_with_1_open_diamonds_6 ----------
[00:00:00:48:414] Expansion 10,000: state None, f=95, g=31
[00:00:01:30:647] Path of length 92 found: [0, 1, 2, 3, 4, 17, 30, 43, 56, 55, 54, 41, 28, 27, 26, 39, 52, 65, 78, 79, 80, 81, 82, 83, 84, 71, 58, 45, 32, 19, 6, 7, 8, 9, 10, 11, 12, 25, 38, 51, 64, 63, 62, 49, 36, 35, 34, 47, 60, 59, 72, 85, 86, 73, 74, 87, 88, 89, 90, 103, 116, 115, 114, 113, 112, 111, 110, 109, 122, 135, 134, 133, 132, 131, 130, 143, 156, 157, 158, 159, 160, 161, 162, 163, 164, 165, 152, 139, 140, 141, 142, 155, 168]
[00:00:01:30:650] ! Unidirectional s-t. expansions: 19,094, time: 90,647 [ms], path length: 92 [edges], generated: 28,635
[00:00:00:31:049] Path of length 92 found: [168, 155, 142, 141, 140, 139, 152, 165, 164, 163, 162, 161, 160, 159, 158, 157, 156, 143, 130, 131, 132, 133, 134, 135, 122, 109, 110, 111, 112, 113, 114, 115, 116, 103, 90, 89, 88, 75, 74, 87, 86, 73, 60, 47, 34, 35, 36, 49, 62, 63, 64, 51, 38, 25, 12, 11, 10, 9, 8, 7, 6, 19, 32, 45, 58, 59, 72, 85, 84, 83, 82, 81, 80, 79, 78, 65, 52, 39, 26, 27, 28, 41, 54, 55, 56, 43, 30, 17, 4, 3, 2, 1, 0]
[00:00:00:31:049] ! Unidirectional t-s. expansions: 7,298, time: 31,049 [ms], path length: 92 [edges], generated: 10,743
[00:00:02:06:245] Expansion 20,000: f=91, g=34
[00:00:02:17:557] Path of length 92 found: [0, 1, 2, 3, 4, 17, 30, 43, 56, 55, 54, 41, 28, 27, 26, 39, 52, 65, 78, 79, 80, 81, 82, 83, 84, 71, 58, 45, 32, 19, 6, 7, 8, 9, 10, 11, 12, 25, 38, 51, 64, 63, 62, 49, 36, 35, 34, 47, 60, 73, 72, 85, 86, 87, 74, 75, 88, 89, 90, 103, 116, 115, 114, 113, 112, 111, 110, 109, 122, 135, 134, 133, 132, 131, 130, 143, 156, 157, 158, 159, 160, 161, 162, 163, 164, 165, 152, 139, 140, 141, 142, 155, 168]
[00:00:02:17:561] ! Bidirectional. expansions: 20,895, time: 137,558 [ms], path length: 92 [edges], g_F: 49, g_B: 43, generated: 32,347, MM: 6, MMPER: 5.451612903225806%
[00:00:02:17:561] 
---------- mazes/13x13_maze_with_1_open_diamonds_7 ----------
[00:00:00:50:593] Expansion 10,000: state None, f=97, g=44
[00:00:01:39:408] Expansion 20,000: state None, f=95, g=19
[00:00:01:42:458] Path of length 94 found: [0, 1, 2, 3, 4, 17, 30, 31, 32, 19, 6, 7, 8, 9, 10, 11, 12, 25, 38, 51, 64, 63, 62, 49, 36, 35, 34, 21, 20, 33, 46, 47, 60, 61, 74, 87, 88, 89, 90, 103, 116, 115, 114, 113, 112, 99, 86, 85, 84, 71, 58, 57, 56, 55, 54, 41, 28, 27, 26, 39, 52, 65, 78, 79, 92, 105, 106, 107, 108, 109, 122, 135, 134, 133, 132, 131, 130, 143, 156, 157, 158, 159, 160, 161, 162, 163, 164, 165, 152, 139, 140, 141, 142, 155, 168]
[00:00:01:42:460] ! Unidirectional s-t. expansions: 20,473, time: 102,458 [ms], path length: 94 [edges], generated: 28,904
[00:00:00:06:259] Path of length 94 found: [168, 155, 142, 141, 140, 139, 152, 165, 164, 163, 162, 161, 160, 159, 158, 157, 156, 143, 130, 131, 132, 133, 134, 135, 122, 109, 108, 107, 106, 105, 92, 79, 78, 65, 52, 39, 26, 27, 28, 41, 54, 55, 56, 57, 58, 71, 84, 85, 86, 99, 112, 113, 114, 115, 116, 103, 90, 89, 88, 87, 74, 61, 60, 59, 46, 47, 34, 35, 36, 49, 62, 63, 64, 51, 38, 25, 12, 11, 10, 9, 8, 21, 20, 7, 6, 19, 32, 31, 30, 17, 4, 3, 2, 1, 0]
[00:00:00:06:260] ! Unidirectional t-s. expansions: 1,662, time: 6,259 [ms], path length: 94 [edges], generated: 2,602
[00:00:01:45:893] Path of length 94 found: [0, 1, 2, 3, 4, 17, 30, 31, 32, 19, 6, 7, 8, 9, 10, 11, 12, 25, 38, 51, 64, 63, 62, 49, 36, 35, 34, 21, 20, 33, 46, 47, 60, 61, 74, 87, 88, 89, 90, 103, 116, 115, 114, 113, 112, 99, 86, 85, 84, 71, 58, 57, 56, 55, 54, 41, 28, 27, 26, 39, 52, 65, 78, 79, 92, 105, 106, 107, 108, 109, 122, 135, 134, 133, 132, 131, 130, 143, 156, 157, 158, 159, 160, 161, 162, 163, 164, 165, 152, 139, 140, 141, 142, 155, 168]
[00:00:01:45:895] ! Bidirectional. expansions: 17,115, time: 105,894 [ms], path length: 94 [edges], g_F: 50, g_B: 44, generated: 24,388, MM: 6, MMPER: 5.315789473684211%
[00:00:01:45:895] 
---------- mazes/13x13_maze_with_1_open_diamonds_8 ----------
[00:00:00:53:147] Expansion 10,000: state None, f=100, g=38
[00:00:01:44:681] Expansion 20,000: state None, f=97, g=58
[00:00:02:32:586] Expansion 30,000: state None, f=96, g=39
[00:00:03:17:816] Expansion 40,000: state None, f=95, g=47
[00:00:03:45:076] Path of length 94 found: [0, 1, 2, 3, 4, 17, 30, 31, 32, 19, 6, 7, 8, 9, 10, 11, 12, 25, 38, 37, 36, 35, 34, 47, 60, 59, 58, 57, 56, 55, 54, 41, 28, 27, 26, 39, 52, 65, 78, 79, 80, 81, 82, 83, 84, 85, 86, 87, 74, 61, 48, 49, 50, 51, 64, 63, 62, 75, 88, 89, 90, 103, 116, 115, 114, 113, 112, 111, 110, 109, 122, 135, 134, 133, 132, 131, 130, 143, 156, 157, 158, 159, 160, 161, 162, 163, 164, 165, 152, 139, 140, 141, 142, 155, 168]
[00:00:03:45:077] ! Unidirectional s-t. expansions: 44,747, time: 225,077 [ms], path length: 94 [edges], generated: 65,951
[00:00:00:40:296] Expansion 10,000: state None, f=95, g=46
[00:00:00:42:610] Path of length 94 found: [168, 155, 142, 141, 140, 139, 152, 165, 164, 163, 162, 161, 160, 159, 158, 157, 156, 143, 130, 131, 132, 133, 134, 135, 122, 109, 110, 111, 112, 113, 114, 115, 116, 103, 90, 89, 88, 75, 62, 63, 64, 51, 38, 25, 12, 11, 10, 9, 8, 7, 6, 19, 32, 45, 58, 59, 60, 47, 34, 35, 36, 37, 50, 49, 48, 61, 74, 87, 86, 85, 84, 83, 82, 81, 80, 79, 78, 65, 52, 39, 26, 27, 28, 41, 54, 55, 56, 43, 30, 17, 4, 3, 2, 1, 0]
[00:00:00:42:611] ! Unidirectional t-s. expansions: 10,465, time: 42,610 [ms], path length: 94 [edges], generated: 15,599
[00:00:02:04:675] Expansion 20,000: f=97, g=30
[00:00:04:09:798] Expansion 40,000: f=94, g=37
[00:00:05:48:013] Path of length 94 found: [0, 1, 2, 3, 4, 17, 30, 31, 32, 19, 6, 7, 8, 9, 10, 11, 12, 25, 38, 51, 64, 63, 50, 37, 36, 49, 48, 35, 34, 47, 60, 59, 58, 57, 56, 55, 54, 41, 28, 27, 26, 39, 52, 65, 78, 79, 80, 81, 82, 83, 84, 85, 86, 87, 74, 61, 62, 75, 88, 89, 90, 103, 116, 115, 114, 113, 112, 111, 110, 109, 122, 135, 134, 133, 132, 131, 130, 143, 156, 157, 158, 159, 160, 161, 162, 163, 164, 165, 152, 139, 140, 141, 142, 155, 168]
[00:00:05:48:017] ! Bidirectional. expansions: 53,141, time: 348,013 [ms], path length: 94 [edges], g_F: 49, g_B: 45, generated: 79,614, MM: 4, MMPER: 3.2105263157894735%
[00:00:05:48:017] 
---------- mazes/13x13_maze_with_1_open_diamonds_9 ----------
[00:00:00:52:627] Expansion 10,000: state None, f=96, g=74
[00:00:01:34:181] Expansion 20,000: state None, f=95, g=42
[00:00:02:12:290] Expansion 30,000: state None, f=94, g=57
[00:00:02:51:310] Expansion 40,000: state None, f=93, g=60
[00:00:03:22:291] Path of length 92 found: [0, 1, 2, 3, 4, 17, 30, 31, 32, 19, 6, 7, 8, 9, 10, 11, 12, 25, 38, 37, 36, 49, 62, 61, 74, 87, 88, 89, 90, 103, 116, 115, 114, 113, 126, 125, 112, 111, 98, 99, 86, 85, 84, 71, 58, 57, 56, 55, 54, 41, 28, 27, 26, 39, 52, 65, 78, 79, 92, 105, 106, 107, 108, 109, 110, 123, 124, 137, 136, 135, 134, 133, 132, 131, 130, 143, 156, 157, 158, 159, 160, 161, 162, 163, 164, 165, 152, 139, 140, 141, 142, 155, 168]
[00:00:03:22:294] ! Unidirectional s-t. expansions: 46,529, time: 202,291 [ms], path length: 92 [edges], generated: 70,258
[00:00:00:55:830] Expansion 10,000: state None, f=105, g=30
[00:00:01:46:871] Expansion 20,000: state None, f=103, g=54
[00:00:02:34:142] Expansion 30,000: state None, f=102, g=42
[00:00:03:22:196] Expansion 40,000: state None, f=101, g=48
[00:00:04:07:898] Expansion 50,000: state None, f=100, g=42
[00:00:04:59:553] Expansion 60,000: state None, f=99, g=56
[00:00:05:45:297] Expansion 70,000: state None, f=98, g=59
[00:00:06:30:955] Expansion 80,000: state None, f=98, g=36
[00:00:07:18:325] Expansion 90,000: state None, f=97, g=53
[00:00:08:01:488] Expansion 100,000: state None, f=96, g=57
[00:00:08:44:052] Expansion 110,000: state None, f=96, g=49
[00:00:09:35:461] Expansion 120,000: state None, f=95, g=69
[00:00:10:14:795] Expansion 130,000: state None, f=95, g=51
[00:00:10:59:598] Expansion 140,000: state None, f=94, g=75
[00:00:11:35:047] Expansion 150,000: state None, f=94, g=65
[00:00:12:16:910] Expansion 160,000: state None, f=94, g=60
[00:00:13:05:720] Expansion 170,000: state None, f=94, g=32
[00:00:13:43:290] Expansion 180,000: state None, f=93, g=63
[00:00:14:24:473] Expansion 190,000: state None, f=93, g=50
[00:00:15:09:775] Path of length 92 found: [168, 155, 142, 141, 140, 139, 152, 165, 164, 163, 162, 161, 160, 159, 158, 157, 156, 143, 130, 131, 132, 133, 134, 135, 122, 109, 110, 123, 136, 137, 138, 125, 124, 111, 98, 85, 86, 99, 112, 113, 114, 115, 116, 103, 90, 89, 88, 87, 74, 61, 62, 63, 64, 51, 38, 25, 12, 11, 10, 9, 8, 7, 6, 19, 32, 45, 58, 71, 84, 83, 82, 81, 80, 79, 78, 65, 52, 39, 26, 27, 28, 41, 54, 55, 56, 43, 30, 17, 4, 3, 2, 1, 0]
[00:00:15:09:777] ! Unidirectional t-s. expansions: 198,274, time: 909,775 [ms], path length: 92 [edges], generated: 276,295
[00:00:02:02:159] Expansion 20,000: f=103, g=49
[00:00:04:00:407] Expansion 40,000: f=100, g=43
[00:00:06:06:466] Expansion 60,000: f=98, g=33
[00:00:08:23:875] Expansion 80,000: f=95, g=46
[00:00:10:48:750] Expansion 100,000: f=93, g=34
[00:00:13:17:600] Expansion 120,000: f=90, g=43
[00:00:15:33:707] Expansion 140,000: f=89, g=28
[00:00:16:28:692] Path of length 92 found: [0, 1, 2, 3, 4, 17, 30, 31, 32, 19, 6, 7, 8, 9, 10, 11, 12, 25, 38, 37, 36, 49, 62, 61, 60, 59, 58, 57, 56, 55, 54, 41, 28, 27, 26, 39, 52, 65, 78, 79, 92, 105, 106, 107, 108, 109, 110, 123, 124, 111, 112, 99, 98, 85, 86, 87, 88, 89, 90, 103, 116, 115, 114, 113, 126, 125, 138, 137, 136, 135, 134, 133, 132, 131, 130, 143, 156, 157, 158, 159, 160, 161, 162, 163, 164, 165, 152, 139, 140, 141, 142, 155, 168]
[00:00:16:28:698] ! Bidirectional. expansions: 142,516, time: 988,692 [ms], path length: 92 [edges], g_F: 38, g_B: 54, generated: 202,647, MM: 16, MMPER: 16.204301075268816%

[00:00:16:28:698] average expansions: (33,374, 56,280, 63,506, 0)
[00:00:16:28:698] average time: (149,864, 246,145, 390,282, 0)
[00:00:16:28:698] XA*: 33,374 , 149,864 (expansions , time[ms])
[00:00:16:28:698] XMM: 63,506 , 390,282 (expansions , time[ms])

