------------------------------------
Thu 01 Oct 2026 11:43:36 IDT
SLURM_JOBID:		21943415
SLURM_JOB_NODELIST:	ise-cpu256-11
SLURM_SCRATCH_DIR:	/scratch/shubit/21943415
Allocated Resouces:	cpu - 2 / mem - 61440 MB / gpu - 
SLURM_GPU_INDEX:	
Running as shubit from shimony account with normal QOS
------------------------------------
Thu 01 Oct 2026 11:43:36 IDT

SLURM_JOBID:		 21943415
SLURM_JOB_NODELIST:	 ise-cpu256-11 

--------------------------
date: mazes
number_of_graphs: 10
graph_type: maze
size_of_graphs: [13, 13]
heuristic: bcc_heuristic
snake: False
run_uni: True
run_bi: True
run_multi: False
solution_vertices: []
algorithms: ['A']
lookahead: -2
bsd: False
cube_first_dims: 4
cube_buffer_dim: None
backward_sym_generation: False
sym_coil: False
prefix_set: None

---------- mazes/13x13_maze_with_1_open_diamonds_0 ----------
[00:00:00:52:230] Expansion 10,000: state None, f=97, g=35
[00:00:01:44:309] Expansion 20,000: state None, f=95, g=20
[00:00:02:32:863] Expansion 30,000: state None, f=93, g=30
[00:00:02:40:552] Path of length 92 found: [0, 1, 2, 3, 4, 17, 30, 31, 32, 19, 6, 7, 8, 9, 10, 11, 12, 25, 38, 37, 36, 49, 62, 61, 60, 59, 58, 57, 56, 55, 54, 41, 28, 27, 26, 39, 52, 65, 78, 79, 80, 81, 82, 83, 84, 85, 86, 87, 88, 89, 90, 103, 116, 115, 114, 113, 112, 111, 110, 109, 122, 135, 134, 133, 132, 119, 120, 107, 106, 105, 118, 131, 130, 143, 156, 157, 144, 145, 146, 159, 160, 161, 162, 163, 164, 165, 152, 139, 140, 141, 142, 155, 168]
[00:00:02:40:552] ! Unidirectional s-t. expansions: 31,358, time: 160,552 [ms], path length: 92 [edges], generated: 47,235
[00:00:00:55:014] Expansion 10,000: state None, f=101, g=28
[00:00:01:45:176] Expansion 20,000: state None, f=99, g=45
[00:00:02:34:223] Expansion 30,000: state None, f=98, g=33
[00:00:03:24:755] Expansion 40,000: state None, f=97, g=38
[00:00:04:12:136] Expansion 50,000: state None, f=96, g=42
[00:00:05:03:759] Expansion 60,000: state None, f=95, g=60
[00:00:05:51:660] Expansion 70,000: state None, f=95, g=23
[00:00:06:34:482] Expansion 80,000: state None, f=94, g=43
[00:00:07:22:876] Expansion 90,000: state None, f=94, g=31
[00:00:08:07:276] Expansion 100,000: state None, f=93, g=45
[00:00:08:50:516] Path of length 92 found: [168, 155, 142, 141, 140, 139, 152, 165, 164, 163, 150, 137, 136, 135, 134, 133, 146, 159, 158, 157, 156, 143, 130, 131, 144, 145, 132, 119, 118, 105, 106, 107, 108, 109, 110, 111, 112, 113, 114, 115, 116, 103, 90, 89, 88, 87, 86, 85, 84, 83, 82, 81, 80, 79, 78, 65, 52, 39, 26, 27, 28, 41, 54, 55, 56, 57, 58, 59, 60, 61, 62, 63, 64, 51, 38, 25, 12, 11, 10, 9, 8, 7, 6, 19, 32, 31, 30, 17, 4, 3, 2, 1, 0]
[00:00:08:50:517] ! Unidirectional t-s. expansions: 108,293, time: 530,516 [ms], path length: 92 [edges], generated: 154,445
[00:00:00:19:584] Path of length 92 found: [0, 1, 2, 3, 4, 17, 30, 31, 32, 19, 6, 7, 8, 9, 10, 11, 12, 25, 38, 37, 36, 49, 62, 61, 60, 59, 58, 57, 56, 55, 54, 41, 28, 27, 26, 39, 52, 65, 78, 79, 80, 81, 82, 83, 84, 85, 86, 87, 88, 89, 90, 103, 116, 115, 114, 113, 112, 111, 110, 109, 122, 135, 134, 133, 120, 107, 106, 105, 118, 119, 132, 131, 130, 143, 156, 157, 144, 145, 146, 159, 160, 161, 162, 163, 164, 165, 152, 139, 140, 141, 142, 155, 168]
[00:00:00:19:586] ! Bidirectional. expansions: 5,260, time: 19,584 [ms], path length: 92 [edges], g_F: 77, g_B: 15, generated: 0, MM: 62, MMPER: 65.66666666666667%
[00:00:00:19:587] 
---------- mazes/13x13_maze_with_1_open_diamonds_1 ----------
[00:00:00:58:754] Expansion 10,000: state None, f=98, g=40
[00:00:01:51:203] Expansion 20,000: state None, f=95, g=36
[00:00:02:39:466] Expansion 30,000: state None, f=93, g=35
[00:00:03:29:261] Expansion 40,000: state None, f=92, g=23
[00:00:04:12:960] Expansion 50,000: state None, f=91, g=30
[00:00:04:20:172] Path of length 90 found: [0, 1, 2, 15, 28, 27, 26, 39, 52, 53, 54, 41, 42, 29, 16, 3, 4, 17, 30, 43, 56, 57, 58, 45, 32, 19, 6, 7, 8, 9, 10, 11, 12, 25, 38, 37, 36, 49, 62, 61, 74, 87, 88, 89, 90, 103, 116, 115, 114, 113, 112, 99, 86, 85, 84, 83, 82, 81, 80, 79, 92, 105, 106, 107, 108, 109, 122, 135, 134, 133, 132, 131, 130, 143, 156, 157, 158, 159, 160, 161, 162, 163, 164, 165, 152, 139, 140, 141, 142, 155, 168]
[00:00:04:20:173] ! Unidirectional s-t. expansions: 51,198, time: 260,172 [ms], path length: 90 [edges], generated: 69,643
[00:00:00:07:324] Path of length 90 found: [168, 155, 142, 141, 140, 139, 152, 165, 164, 163, 162, 161, 160, 159, 158, 157, 156, 143, 130, 131, 132, 133, 134, 135, 122, 109, 108, 107, 106, 105, 92, 79, 80, 81, 82, 83, 84, 85, 86, 99, 112, 113, 114, 115, 116, 103, 90, 89, 88, 87, 74, 61, 62, 63, 64, 51, 38, 25, 12, 11, 10, 9, 8, 7, 6, 19, 32, 45, 58, 57, 56, 43, 30, 17, 4, 3, 16, 29, 42, 55, 54, 53, 52, 39, 26, 27, 28, 15, 2, 1, 0]
[00:00:00:07:325] ! Unidirectional t-s. expansions: 1,606, time: 7,324 [ms], path length: 90 [edges], generated: 2,500
[00:00:00:14:034] Path of length 90 found: [0, 1, 2, 3, 4, 17, 16, 15, 28, 27, 26, 39, 52, 53, 54, 41, 42, 29, 30, 43, 56, 57, 58, 45, 32, 19, 6, 7, 8, 9, 10, 11, 12, 25, 38, 51, 64, 63, 62, 61, 74, 87, 88, 89, 90, 103, 116, 115, 114, 113, 112, 99, 86, 85, 84, 83, 82, 81, 80, 79, 92, 105, 106, 107, 108, 109, 122, 135, 134, 133, 132, 131, 130, 143, 156, 157, 158, 159, 160, 161, 162, 163, 164, 165, 152, 139, 140, 141, 142, 155, 168]
[00:00:00:14:035] ! Bidirectional. expansions: 4,740, time: 14,034 [ms], path length: 90 [edges], g_F: 24, g_B: 66, generated: 0, MM: 42, MMPER: 45.15384615384615%
[00:00:00:14:035] 
---------- mazes/13x13_maze_with_1_open_diamonds_2 ----------
[00:00:00:50:346] Expansion 10,000: state None, f=96, g=47
[00:00:01:37:883] Expansion 20,000: state None, f=94, g=34
[00:00:02:23:591] Path of length 92 found: [0, 1, 2, 3, 4, 17, 30, 43, 56, 55, 54, 41, 28, 27, 26, 39, 52, 65, 78, 79, 80, 81, 82, 83, 70, 57, 58, 45, 32, 19, 6, 7, 8, 9, 10, 11, 12, 25, 38, 37, 36, 49, 62, 61, 60, 59, 72, 71, 84, 85, 86, 87, 88, 89, 90, 103, 116, 115, 114, 113, 112, 99, 98, 111, 110, 97, 96, 109, 122, 135, 134, 133, 132, 131, 130, 143, 156, 157, 158, 159, 160, 161, 162, 163, 164, 165, 152, 139, 140, 141, 142, 155, 168]
[00:00:02:23:592] ! Unidirectional s-t. expansions: 29,436, time: 143,591 [ms], path length: 92 [edges], generated: 44,753
[00:00:00:42:489] Expansion 10,000: state None, f=96, g=49
[00:00:01:24:339] Expansion 20,000: state None, f=94, g=44
[00:00:01:48:045] Path of length 92 found: [168, 155, 142, 141, 140, 139, 152, 165, 164, 163, 162, 161, 160, 159, 158, 157, 156, 143, 130, 131, 132, 133, 134, 135, 122, 109, 110, 111, 112, 113, 114, 115, 116, 103, 90, 89, 88, 87, 86, 99, 98, 85, 72, 59, 60, 61, 62, 63, 64, 51, 38, 25, 12, 11, 10, 9, 8, 7, 6, 19, 32, 45, 58, 57, 70, 71, 84, 97, 96, 83, 82, 81, 80, 79, 78, 65, 52, 39, 26, 27, 28, 41, 54, 55, 56, 43, 30, 17, 4, 3, 2, 1, 0]
[00:00:01:48:046] ! Unidirectional t-s. expansions: 25,253, time: 108,045 [ms], path length: 92 [edges], generated: 36,149
[00:00:00:13:817] Path of length 92 found: [0, 1, 2, 3, 4, 17, 30, 31, 32, 19, 6, 7, 8, 9, 10, 11, 12, 25, 38, 37, 36, 49, 62, 61, 60, 59, 58, 71, 72, 85, 98, 99, 86, 87, 88, 89, 90, 103, 116, 115, 114, 113, 112, 111, 110, 97, 84, 83, 70, 57, 56, 55, 54, 41, 28, 27, 26, 39, 52, 65, 78, 79, 92, 105, 106, 107, 108, 109, 122, 135, 134, 133, 132, 131, 130, 143, 156, 157, 158, 159, 160, 161, 162, 163, 164, 165, 152, 139, 140, 141, 142, 155, 168]
[00:00:00:13:818] ! Bidirectional. expansions: 5,260, time: 13,817 [ms], path length: 92 [edges], g_F: 67, g_B: 25, generated: 0, MM: 42, MMPER: 44.16129032258065%
[00:00:00:13:818] 
---------- mazes/13x13_maze_with_1_open_diamonds_3 ----------
[00:00:00:48:845] Expansion 10,000: state None, f=92, g=56
[00:00:01:35:797] Expansion 20,000: state None, f=91, g=34
[00:00:01:38:131] Path of length 90 found: [0, 1, 2, 3, 4, 17, 30, 31, 32, 19, 6, 7, 8, 9, 10, 11, 12, 25, 38, 37, 36, 49, 62, 61, 60, 59, 58, 57, 56, 55, 54, 41, 28, 27, 26, 39, 52, 65, 78, 79, 80, 81, 82, 83, 84, 85, 86, 87, 88, 89, 90, 103, 116, 129, 142, 141, 140, 139, 126, 113, 114, 115, 102, 101, 100, 99, 98, 111, 110, 109, 122, 135, 134, 133, 132, 131, 130, 143, 156, 157, 158, 159, 160, 161, 162, 163, 164, 165, 166, 167, 168]
[00:00:01:38:131] ! Unidirectional s-t. expansions: 20,437, time: 98,131 [ms], path length: 90 [edges], generated: 31,641
[00:00:00:53:269] Expansion 10,000: state None, f=98, g=58
[00:00:01:41:187] Expansion 20,000: state None, f=95, g=59
[00:00:02:26:250] Expansion 30,000: state None, f=93, g=58
[00:00:03:10:025] Expansion 40,000: state None, f=92, g=39
[00:00:03:53:855] Path of length 90 found: [168, 167, 166, 165, 164, 163, 162, 161, 160, 159, 158, 157, 156, 143, 130, 131, 132, 133, 134, 135, 122, 109, 110, 111, 98, 85, 86, 99, 112, 113, 126, 139, 140, 141, 142, 129, 116, 115, 114, 101, 102, 103, 90, 89, 88, 87, 74, 61, 62, 63, 64, 51, 38, 25, 12, 11, 10, 9, 8, 7, 6, 19, 32, 45, 58, 71, 84, 83, 82, 81, 80, 79, 78, 65, 52, 39, 26, 27, 28, 41, 54, 55, 56, 43, 30, 17, 4, 3, 2, 1, 0]
[00:00:03:53:856] ! Unidirectional t-s. expansions: 49,826, time: 233,856 [ms], path length: 90 [edges], generated: 71,852
[00:00:00:27:689] Path of length 90 found: [0, 1, 2, 3, 4, 17, 30, 31, 32, 19, 6, 7, 8, 9, 10, 11, 12, 25, 38, 37, 36, 49, 62, 61, 60, 59, 58, 57, 56, 55, 54, 41, 28, 27, 26, 39, 52, 65, 78, 79, 80, 81, 82, 83, 84, 85, 86, 87, 88, 101, 114, 115, 102, 89, 90, 103, 116, 129, 142, 141, 140, 139, 126, 113, 100, 99, 98, 111, 110, 109, 122, 135, 134, 133, 132, 131, 130, 143, 156, 157, 158, 159, 160, 161, 162, 163, 164, 165, 166, 167, 168]
[00:00:00:27:690] ! Bidirectional. expansions: 8,191, time: 27,689 [ms], path length: 90 [edges], g_F: 65, g_B: 25, generated: 0, MM: 40, MMPER: 42.956043956043956%
[00:00:00:27:690] 
---------- mazes/13x13_maze_with_1_open_diamonds_4 ----------
[00:00:00:52:523] Expansion 10,000: state None, f=97, g=59
[00:00:01:40:467] Expansion 20,000: state None, f=95, g=25
[00:00:02:23:792] Expansion 30,000: state None, f=93, g=51
[00:00:02:42:333] Path of length 92 found: [0, 1, 2, 3, 4, 17, 30, 31, 32, 19, 6, 7, 8, 9, 10, 11, 12, 25, 38, 37, 36, 49, 62, 61, 60, 59, 58, 57, 56, 55, 54, 41, 28, 27, 26, 39, 52, 65, 78, 79, 80, 81, 82, 83, 84, 85, 86, 87, 88, 89, 90, 103, 116, 115, 114, 113, 112, 111, 110, 109, 108, 107, 106, 119, 132, 131, 130, 143, 156, 157, 158, 159, 160, 147, 134, 133, 120, 121, 122, 123, 136, 137, 150, 163, 164, 165, 152, 139, 140, 141, 142, 155, 168]
[00:00:02:42:334] ! Unidirectional s-t. expansions: 33,576, time: 162,334 [ms], path length: 92 [edges], generated: 51,823
[00:00:00:51:780] Expansion 10,000: state None, f=101, g=32
[00:00:01:42:214] Expansion 20,000: state None, f=99, g=33
[00:00:02:30:390] Expansion 30,000: state None, f=97, g=50
[00:00:03:17:051] Expansion 40,000: state None, f=96, g=45
[00:00:04:02:649] Expansion 50,000: state None, f=95, g=38
[00:00:04:43:730] Expansion 60,000: state None, f=94, g=63
[00:00:05:29:276] Expansion 70,000: state None, f=93, g=77
[00:00:06:11:038] Expansion 80,000: state None, f=93, g=34
[00:00:06:24:126] Path of length 92 found: [168, 167, 166, 165, 152, 139, 140, 141, 142, 129, 116, 103, 90, 89, 88, 87, 74, 61, 62, 63, 64, 51, 38, 25, 12, 11, 10, 9, 8, 7, 6, 19, 32, 45, 58, 71, 84, 85, 86, 99, 112, 111, 110, 123, 136, 137, 150, 163, 162, 161, 160, 159, 158, 157, 156, 143, 130, 131, 132, 119, 106, 107, 120, 133, 134, 135, 122, 109, 108, 95, 82, 81, 80, 79, 78, 65, 52, 39, 26, 27, 28, 41, 54, 55, 56, 43, 30, 17, 4, 3, 2, 1, 0]
[00:00:06:24:127] ! Unidirectional t-s. expansions: 82,438, time: 384,127 [ms], path length: 92 [edges], generated: 118,601
[00:00:00:41:056] Path of length 92 found: [0, 1, 2, 3, 4, 17, 30, 31, 32, 19, 6, 7, 8, 9, 10, 11, 12, 25, 38, 37, 36, 49, 62, 61, 60, 59, 58, 57, 56, 55, 54, 41, 28, 27, 26, 39, 52, 65, 78, 79, 92, 105, 106, 119, 132, 131, 130, 143, 156, 157, 158, 159, 160, 147, 134, 133, 120, 107, 108, 95, 82, 83, 84, 85, 86, 87, 88, 89, 90, 103, 116, 115, 114, 113, 112, 111, 110, 109, 122, 135, 136, 137, 150, 163, 164, 165, 152, 139, 140, 141, 142, 155, 168]
[00:00:00:41:058] ! Bidirectional. expansions: 13,361, time: 41,056 [ms], path length: 92 [edges], g_F: 78, g_B: 14, generated: 0, MM: 64, MMPER: 67.81720430107526%
[00:00:00:41:058] 
---------- mazes/13x13_maze_with_1_open_diamonds_5 ----------
[00:00:00:48:269] Expansion 10,000: state None, f=98, g=46
[00:00:01:32:681] Expansion 20,000: state None, f=95, g=60
[00:00:02:14:754] Expansion 30,000: state None, f=93, g=71
[00:00:02:44:691] Path of length 92 found: [0, 1, 2, 3, 4, 17, 30, 31, 32, 19, 6, 7, 8, 9, 10, 11, 12, 25, 38, 37, 36, 49, 62, 61, 60, 59, 58, 57, 56, 55, 54, 41, 28, 27, 26, 39, 52, 65, 78, 79, 80, 81, 82, 83, 84, 85, 86, 87, 88, 89, 90, 103, 116, 115, 114, 113, 112, 111, 110, 109, 108, 107, 106, 105, 118, 131, 130, 143, 156, 157, 158, 159, 146, 133, 132, 119, 120, 121, 122, 135, 136, 137, 150, 163, 164, 165, 152, 139, 140, 141, 142, 155, 168]
[00:00:02:44:691] ! Unidirectional s-t. expansions: 36,897, time: 164,691 [ms], path length: 92 [edges], generated: 55,900
[00:00:00:47:793] Expansion 10,000: state None, f=100, g=50
[00:00:01:34:632] Expansion 20,000: state None, f=98, g=49
[00:00:02:22:446] Expansion 30,000: state None, f=97, g=24
[00:00:03:08:907] Expansion 40,000: state None, f=96, g=31
[00:00:03:57:158] Expansion 50,000: state None, f=95, g=17
[00:00:04:37:907] Expansion 60,000: state None, f=94, g=42
[00:00:05:20:577] Expansion 70,000: state None, f=93, g=50
[00:00:05:59:850] Path of length 92 found: [168, 167, 166, 165, 152, 139, 140, 141, 142, 129, 116, 103, 90, 89, 88, 87, 74, 61, 62, 63, 64, 51, 38, 25, 12, 11, 10, 9, 8, 7, 6, 19, 32, 45, 58, 71, 84, 85, 86, 99, 112, 111, 110, 109, 122, 135, 136, 137, 150, 163, 162, 161, 160, 159, 158, 157, 156, 143, 130, 131, 118, 105, 106, 119, 132, 133, 134, 121, 108, 107, 94, 81, 80, 79, 78, 65, 52, 39, 26, 27, 28, 41, 54, 55, 56, 43, 30, 17, 4, 3, 2, 1, 0]
[00:00:05:59:850] ! Unidirectional t-s. expansions: 77,683, time: 359,850 [ms], path length: 92 [edges], generated: 112,634
[00:00:00:41:014] Path of length 92 found: [0, 1, 2, 3, 4, 17, 30, 31, 32, 19, 6, 7, 8, 9, 10, 11, 12, 25, 38, 37, 36, 49, 62, 61, 60, 59, 58, 57, 56, 55, 54, 41, 28, 27, 26, 39, 52, 65, 78, 79, 92, 105, 106, 119, 118, 131, 130, 143, 156, 157, 158, 159, 146, 133, 134, 121, 108, 107, 94, 81, 82, 83, 84, 85, 86, 87, 88, 89, 90, 103, 116, 115, 114, 113, 112, 111, 110, 109, 122, 135, 136, 137, 150, 163, 164, 165, 152, 139, 140, 141, 142, 155, 168]
[00:00:00:41:015] ! Bidirectional. expansions: 13,131, time: 41,014 [ms], path length: 92 [edges], g_F: 57, g_B: 35, generated: 0, MM: 22, MMPER: 22.655913978494624%
[00:00:00:41:016] 
---------- mazes/13x13_maze_with_1_open_diamonds_6 ----------
[00:00:00:48:059] Expansion 10,000: state None, f=95, g=31
[00:00:01:28:226] Path of length 92 found: [0, 1, 2, 3, 4, 17, 30, 43, 56, 55, 54, 41, 28, 27, 26, 39, 52, 65, 78, 79, 80, 81, 82, 83, 84, 71, 58, 45, 32, 19, 6, 7, 8, 9, 10, 11, 12, 25, 38, 51, 64, 63, 62, 49, 36, 35, 34, 47, 60, 59, 72, 85, 86, 73, 74, 87, 88, 89, 90, 103, 116, 115, 114, 113, 112, 111, 110, 109, 122, 135, 134, 133, 132, 131, 130, 143, 156, 157, 158, 159, 160, 161, 162, 163, 164, 165, 152, 139, 140, 141, 142, 155, 168]
[00:00:01:28:226] ! Unidirectional s-t. expansions: 19,094, time: 88,226 [ms], path length: 92 [edges], generated: 28,635
[00:00:00:32:540] Path of length 92 found: [168, 155, 142, 141, 140, 139, 152, 165, 164, 163, 162, 161, 160, 159, 158, 157, 156, 143, 130, 131, 132, 133, 134, 135, 122, 109, 110, 111, 112, 113, 114, 115, 116, 103, 90, 89, 88, 75, 74, 87, 86, 73, 60, 47, 34, 35, 36, 49, 62, 63, 64, 51, 38, 25, 12, 11, 10, 9, 8, 7, 6, 19, 32, 45, 58, 59, 72, 85, 84, 83, 82, 81, 80, 79, 78, 65, 52, 39, 26, 27, 28, 41, 54, 55, 56, 43, 30, 17, 4, 3, 2, 1, 0]
[00:00:00:32:540] ! Unidirectional t-s. expansions: 7,298, time: 32,540 [ms], path length: 92 [edges], generated: 10,743
[00:00:00:06:251] Path of length 92 found: [0, 1, 2, 3, 4, 17, 30, 43, 56, 55, 54, 41, 28, 27, 26, 39, 52, 65, 78, 79, 80, 81, 82, 83, 84, 71, 58, 45, 32, 19, 6, 7, 8, 9, 10, 11, 12, 25, 38, 51, 64, 63, 62, 49, 36, 35, 34, 47, 60, 59, 72, 85, 86, 73, 74, 75, 88, 89, 90, 103, 116, 115, 114, 113, 112, 111, 110, 109, 122, 135, 134, 133, 132, 131, 130, 143, 156, 157, 158, 159, 160, 161, 162, 163, 164, 165, 152, 139, 140, 141, 142, 155, 168]
[00:00:00:06:252] ! Bidirectional. expansions: 2,088, time: 6,252 [ms], path length: 92 [edges], g_F: 54, g_B: 38, generated: 0, MM: 16, MMPER: 16.204301075268816%
[00:00:00:06:252] 
---------- mazes/13x13_maze_with_1_open_diamonds_7 ----------
[00:00:00:54:458] Expansion 10,000: state None, f=97, g=44
[00:00:01:47:833] Expansion 20,000: state None, f=95, g=19
[00:00:01:51:114] Path of length 94 found: [0, 1, 2, 3, 4, 17, 30, 31, 32, 19, 6, 7, 8, 9, 10, 11, 12, 25, 38, 51, 64, 63, 62, 49, 36, 35, 34, 21, 20, 33, 46, 47, 60, 61, 74, 87, 88, 89, 90, 103, 116, 115, 114, 113, 112, 99, 86, 85, 84, 71, 58, 57, 56, 55, 54, 41, 28, 27, 26, 39, 52, 65, 78, 79, 92, 105, 106, 107, 108, 109, 122, 135, 134, 133, 132, 131, 130, 143, 156, 157, 158, 159, 160, 161, 162, 163, 164, 165, 152, 139, 140, 141, 142, 155, 168]
[00:00:01:51:114] ! Unidirectional s-t. expansions: 20,473, time: 111,114 [ms], path length: 94 [edges], generated: 28,904
[00:00:00:06:572] Path of length 94 found: [168, 155, 142, 141, 140, 139, 152, 165, 164, 163, 162, 161, 160, 159, 158, 157, 156, 143, 130, 131, 132, 133, 134, 135, 122, 109, 108, 107, 106, 105, 92, 79, 78, 65, 52, 39, 26, 27, 28, 41, 54, 55, 56, 57, 58, 71, 84, 85, 86, 99, 112, 113, 114, 115, 116, 103, 90, 89, 88, 87, 74, 61, 60, 59, 46, 47, 34, 35, 36, 49, 62, 63, 64, 51, 38, 25, 12, 11, 10, 9, 8, 21, 20, 7, 6, 19, 32, 31, 30, 17, 4, 3, 2, 1, 0]
[00:00:00:06:572] ! Unidirectional t-s. expansions: 1,662, time: 6,572 [ms], path length: 94 [edges], generated: 2,602
[00:00:00:01:975] Path of length 94 found: [0, 1, 2, 3, 4, 17, 30, 31, 32, 19, 6, 7, 20, 21, 8, 9, 10, 11, 12, 25, 38, 51, 64, 63, 62, 49, 36, 35, 34, 33, 46, 47, 60, 61, 74, 87, 88, 89, 90, 103, 116, 115, 114, 113, 112, 99, 86, 85, 84, 71, 58, 57, 56, 55, 54, 41, 28, 27, 26, 39, 52, 65, 78, 79, 92, 105, 106, 107, 108, 109, 122, 135, 134, 133, 132, 131, 130, 143, 156, 157, 158, 159, 160, 161, 162, 163, 164, 165, 152, 139, 140, 141, 142, 155, 168]
[00:00:00:01:975] ! Bidirectional. expansions: 696, time: 1,975 [ms], path length: 94 [edges], g_F: 50, g_B: 44, generated: 0, MM: 6, MMPER: 5.315789473684211%
[00:00:00:01:976] 
---------- mazes/13x13_maze_with_1_open_diamonds_8 ----------
[00:00:00:55:027] Expansion 10,000: state None, f=100, g=38
[00:00:01:47:969] Expansion 20,000: state None, f=97, g=58
[00:00:02:38:573] Expansion 30,000: state None, f=96, g=39
[00:00:03:24:097] Expansion 40,000: state None, f=95, g=47
[00:00:03:52:368] Path of length 94 found: [0, 1, 2, 3, 4, 17, 30, 31, 32, 19, 6, 7, 8, 9, 10, 11, 12, 25, 38, 37, 36, 35, 34, 47, 60, 59, 58, 57, 56, 55, 54, 41, 28, 27, 26, 39, 52, 65, 78, 79, 80, 81, 82, 83, 84, 85, 86, 87, 74, 61, 48, 49, 50, 51, 64, 63, 62, 75, 88, 89, 90, 103, 116, 115, 114, 113, 112, 111, 110, 109, 122, 135, 134, 133, 132, 131, 130, 143, 156, 157, 158, 159, 160, 161, 162, 163, 164, 165, 152, 139, 140, 141, 142, 155, 168]
[00:00:03:52:369] ! Unidirectional s-t. expansions: 44,747, time: 232,368 [ms], path length: 94 [edges], generated: 65,951
[00:00:00:43:526] Expansion 10,000: state None, f=95, g=46
[00:00:00:45:947] Path of length 94 found: [168, 155, 142, 141, 140, 139, 152, 165, 164, 163, 162, 161, 160, 159, 158, 157, 156, 143, 130, 131, 132, 133, 134, 135, 122, 109, 110, 111, 112, 113, 114, 115, 116, 103, 90, 89, 88, 75, 62, 63, 64, 51, 38, 25, 12, 11, 10, 9, 8, 7, 6, 19, 32, 45, 58, 59, 60, 47, 34, 35, 36, 37, 50, 49, 48, 61, 74, 87, 86, 85, 84, 83, 82, 81, 80, 79, 78, 65, 52, 39, 26, 27, 28, 41, 54, 55, 56, 43, 30, 17, 4, 3, 2, 1, 0]
[00:00:00:45:947] ! Unidirectional t-s. expansions: 10,465, time: 45,947 [ms], path length: 94 [edges], generated: 15,599
[00:00:00:02:622] Path of length 94 found: [0, 1, 2, 3, 4, 17, 30, 43, 56, 55, 54, 41, 28, 27, 26, 39, 52, 65, 78, 79, 80, 81, 82, 83, 84, 85, 86, 87, 74, 61, 48, 35, 34, 47, 60, 59, 58, 45, 32, 19, 6, 7, 8, 9, 10, 11, 12, 25, 38, 37, 36, 49, 50, 51, 64, 63, 62, 75, 88, 89, 90, 103, 116, 115, 114, 113, 112, 111, 110, 109, 122, 135, 134, 133, 132, 131, 130, 143, 156, 157, 158, 159, 160, 161, 162, 163, 164, 165, 152, 139, 140, 141, 142, 155, 168]
[00:00:00:02:623] ! Bidirectional. expansions: 809, time: 2,622 [ms], path length: 94 [edges], g_F: 56, g_B: 38, generated: 0, MM: 18, MMPER: 17.94736842105263%
[00:00:00:02:623] 
---------- mazes/13x13_maze_with_1_open_diamonds_9 ----------
[00:00:00:54:584] Expansion 10,000: state None, f=96, g=74
[00:00:01:39:422] Expansion 20,000: state None, f=95, g=42
[00:00:02:20:340] Expansion 30,000: state None, f=94, g=57
[00:00:03:01:936] Expansion 40,000: state None, f=93, g=60
[00:00:03:34:056] Path of length 92 found: [0, 1, 2, 3, 4, 17, 30, 31, 32, 19, 6, 7, 8, 9, 10, 11, 12, 25, 38, 37, 36, 49, 62, 61, 74, 87, 88, 89, 90, 103, 116, 115, 114, 113, 126, 125, 112, 111, 98, 99, 86, 85, 84, 71, 58, 57, 56, 55, 54, 41, 28, 27, 26, 39, 52, 65, 78, 79, 92, 105, 106, 107, 108, 109, 110, 123, 124, 137, 136, 135, 134, 133, 132, 131, 130, 143, 156, 157, 158, 159, 160, 161, 162, 163, 164, 165, 152, 139, 140, 141, 142, 155, 168]
[00:00:03:34:057] ! Unidirectional s-t. expansions: 46,529, time: 214,056 [ms], path length: 92 [edges], generated: 70,258
[00:00:00:56:024] Expansion 10,000: state None, f=105, g=30
[00:00:01:48:152] Expansion 20,000: state None, f=103, g=54
[00:00:02:37:342] Expansion 30,000: state None, f=102, g=42
[00:00:03:27:711] Expansion 40,000: state None, f=101, g=48
[00:00:04:18:036] Expansion 50,000: state None, f=100, g=42
[00:00:05:10:679] Expansion 60,000: state None, f=99, g=56
[00:00:05:59:571] Expansion 70,000: state None, f=98, g=59
[00:00:06:46:521] Expansion 80,000: state None, f=98, g=36
[00:00:07:36:193] Expansion 90,000: state None, f=97, g=53
[00:00:08:22:565] Expansion 100,000: state None, f=96, g=57
[00:00:09:05:771] Expansion 110,000: state None, f=96, g=49
[00:00:09:56:838] Expansion 120,000: state None, f=95, g=69
[00:00:10:38:657] Expansion 130,000: state None, f=95, g=51
[00:00:11:24:294] Expansion 140,000: state None, f=94, g=75
[00:00:12:01:363] Expansion 150,000: state None, f=94, g=65
[00:00:12:42:949] Expansion 160,000: state None, f=94, g=60
[00:00:13:33:259] Expansion 170,000: state None, f=94, g=32
[00:00:14:12:551] Expansion 180,000: state None, f=93, g=63
[00:00:14:54:822] Expansion 190,000: state None, f=93, g=50
[00:00:15:42:948] Path of length 92 found: [168, 155, 142, 141, 140, 139, 152, 165, 164, 163, 162, 161, 160, 159, 158, 157, 156, 143, 130, 131, 132, 133, 134, 135, 122, 109, 110, 123, 136, 137, 138, 125, 124, 111, 98, 85, 86, 99, 112, 113, 114, 115, 116, 103, 90, 89, 88, 87, 74, 61, 62, 63, 64, 51, 38, 25, 12, 11, 10, 9, 8, 7, 6, 19, 32, 45, 58, 71, 84, 83, 82, 81, 80, 79, 78, 65, 52, 39, 26, 27, 28, 41, 54, 55, 56, 43, 30, 17, 4, 3, 2, 1, 0]
[00:00:15:42:950] ! Unidirectional t-s. expansions: 198,274, time: 942,948 [ms], path length: 92 [edges], generated: 276,295
[00:00:01:42:271] Path of length 92 found: [0, 1, 2, 3, 4, 17, 30, 43, 56, 55, 54, 41, 28, 27, 26, 39, 52, 65, 78, 79, 92, 105, 106, 107, 108, 109, 122, 123, 110, 111, 98, 99, 86, 85, 84, 71, 58, 45, 32, 19, 6, 7, 8, 9, 10, 11, 12, 25, 38, 37, 36, 49, 62, 61, 74, 87, 88, 89, 90, 103, 116, 129, 142, 141, 140, 139, 126, 113, 112, 125, 124, 137, 136, 135, 134, 133, 132, 131, 130, 143, 156, 157, 158, 159, 160, 161, 162, 163, 164, 165, 166, 167, 168]
[00:00:01:42:274] ! Bidirectional. expansions: 31,419, time: 102,271 [ms], path length: 92 [edges], g_F: 71, g_B: 21, generated: 0, MM: 50, MMPER: 52.763440860215056%

[00:00:01:42:275] average expansions: (33,374, 56,280, 8,496, 0)
[00:00:01:42:275] average time: (163,524, 265,172, 27,031, 0)
[00:00:01:42:275] XA*: 33,374 , 163,524 (expansions , time[ms])
[00:00:01:42:275] BiXA*: 8,496 , 27,031 (expansions , time[ms])

