------------------------------------
Thu 01 Oct 2026 18:32:49 IDT
SLURM_JOBID:		21953899
SLURM_JOB_NODELIST:	ise-cpu256-08
SLURM_SCRATCH_DIR:	/scratch/shubit/21953899
Allocated Resouces:	cpu - 2 / mem - 61440 MB / gpu - 
SLURM_GPU_INDEX:	
Running as shubit from shimony account with normal QOS
------------------------------------
Thu 01 Oct 2026 18:32:49 IDT

SLURM_JOBID:		 21953899
SLURM_JOB_NODELIST:	 ise-cpu256-08 

--------------------------
date: mazes
number_of_graphs: 10
graph_type: maze
size_of_graphs: [13, 13]
heuristic: bcc_heuristic
snake: False
run_uni: True
run_bi: True
run_multi: False
solution_vertices: []
algorithms: ['XMM']
lookahead: 3
bsd: False
cube_first_dims: 4
cube_buffer_dim: None
backward_sym_generation: False
sym_coil: False
prefix_set: None

---------- mazes/13x13_maze_with_1_open_diamonds_0 ----------
[00:00:01:41:044] Expansion 10,000: state None, f=93, g=36
[00:00:01:45:740] Path of length 92 found: [0, 1, 2, 3, 4, 17, 30, 31, 32, 19, 6, 7, 8, 9, 10, 11, 12, 25, 38, 37, 36, 49, 62, 61, 60, 59, 58, 57, 56, 55, 54, 41, 28, 27, 26, 39, 52, 65, 78, 79, 80, 81, 82, 83, 84, 85, 86, 87, 88, 89, 90, 103, 116, 115, 114, 113, 112, 111, 110, 109, 108, 107, 120, 119, 106, 105, 118, 131, 130, 143, 156, 157, 144, 145, 158, 159, 146, 133, 134, 135, 136, 137, 150, 163, 164, 165, 152, 139, 140, 141, 142, 155, 168]
[00:00:01:45:740] ! Unidirectional s-t. expansions: 10,458, time: 105,740 [ms], path length: 92 [edges], generated: 65,436
[00:00:01:39:921] Expansion 10,000: state None, f=98, g=36
[00:00:03:09:549] Expansion 20,000: state None, f=95, g=51
[00:00:04:39:495] Expansion 30,000: state None, f=94, g=33
[00:00:05:31:303] Path of length 92 found: [168, 155, 142, 141, 140, 139, 152, 165, 164, 163, 150, 137, 136, 135, 134, 133, 146, 159, 158, 157, 156, 143, 130, 131, 144, 145, 132, 119, 118, 105, 106, 107, 108, 109, 110, 111, 112, 113, 114, 115, 116, 103, 90, 89, 88, 87, 86, 85, 84, 83, 82, 81, 80, 79, 78, 65, 52, 39, 26, 27, 28, 41, 54, 55, 56, 57, 58, 59, 60, 61, 62, 63, 64, 51, 38, 25, 12, 11, 10, 9, 8, 7, 6, 19, 32, 31, 30, 17, 4, 3, 2, 1, 0]
[00:00:05:31:303] ! Unidirectional t-s. expansions: 35,806, time: 331,303 [ms], path length: 92 [edges], generated: 200,186
[00:00:02:13:564] Expansion 20,000: f=100, g=43
[00:00:04:22:249] Expansion 40,000: f=97, g=41
[00:00:06:29:431] Expansion 60,000: f=96, g=30
[00:00:08:35:778] Expansion 80,000: f=94, g=28
[00:00:10:48:466] Path of length 92 found: [0, 1, 2, 3, 4, 17, 30, 31, 32, 19, 6, 7, 8, 9, 10, 11, 12, 25, 38, 37, 36, 49, 62, 61, 60, 59, 58, 57, 56, 55, 54, 41, 28, 27, 26, 39, 52, 65, 78, 79, 80, 81, 82, 83, 84, 85, 86, 87, 88, 89, 90, 103, 116, 115, 114, 113, 112, 111, 110, 109, 108, 107, 106, 105, 118, 119, 132, 145, 144, 131, 130, 143, 156, 157, 158, 159, 146, 133, 134, 135, 136, 137, 150, 163, 164, 165, 152, 139, 140, 141, 142, 155, 168]
[00:00:10:48:468] ! Bidirectional. expansions: 98,880, time: 648,466 [ms], path length: 92 [edges], g_F: 41, g_B: 51, generated: 139,473, MM: 10, MMPER: 9.75268817204301%
[00:00:10:48:469] 
---------- mazes/13x13_maze_with_1_open_diamonds_1 ----------
[00:00:01:34:929] Expansion 10,000: state None, f=93, g=33
[00:00:02:26:990] Path of length 90 found: [0, 1, 2, 15, 28, 27, 26, 39, 52, 53, 54, 41, 42, 29, 16, 3, 4, 17, 30, 43, 56, 57, 58, 45, 32, 19, 6, 7, 8, 9, 10, 11, 12, 25, 38, 37, 36, 49, 62, 61, 74, 87, 88, 89, 90, 103, 116, 115, 114, 113, 112, 99, 86, 85, 84, 83, 82, 81, 80, 79, 92, 105, 106, 107, 108, 109, 122, 135, 134, 133, 132, 131, 130, 143, 156, 157, 158, 159, 160, 161, 162, 163, 164, 165, 152, 139, 140, 141, 142, 155, 168]
[00:00:02:26:993] ! Unidirectional s-t. expansions: 16,876, time: 146,990 [ms], path length: 90 [edges], generated: 85,313
[00:00:00:04:493] Path of length 90 found: [168, 155, 142, 141, 140, 139, 152, 165, 164, 163, 162, 161, 160, 159, 158, 157, 156, 143, 130, 131, 132, 133, 134, 135, 122, 109, 108, 107, 106, 105, 92, 79, 80, 81, 82, 83, 84, 85, 86, 99, 112, 113, 114, 115, 116, 103, 90, 89, 88, 87, 74, 61, 62, 63, 64, 51, 38, 25, 12, 11, 10, 9, 8, 7, 6, 19, 32, 45, 58, 57, 56, 43, 30, 17, 4, 3, 16, 29, 42, 41, 54, 53, 52, 39, 26, 27, 28, 15, 2, 1, 0]
[00:00:00:04:494] ! Unidirectional t-s. expansions: 525, time: 4,493 [ms], path length: 90 [edges], generated: 3,677
[00:00:01:49:231] Expansion 20,000: f=95, g=22
[00:00:03:37:187] Expansion 40,000: f=91, g=22
[00:00:03:54:851] Path of length 90 found: [0, 1, 2, 15, 28, 27, 26, 39, 52, 53, 54, 41, 42, 29, 16, 3, 4, 17, 30, 43, 56, 57, 58, 45, 32, 19, 6, 7, 8, 9, 10, 11, 12, 25, 38, 37, 36, 49, 62, 61, 74, 87, 88, 89, 90, 103, 116, 115, 114, 113, 112, 99, 86, 85, 84, 83, 82, 81, 80, 79, 92, 105, 106, 107, 108, 109, 122, 135, 134, 133, 132, 131, 130, 143, 156, 157, 158, 159, 160, 161, 162, 163, 164, 165, 152, 139, 140, 141, 142, 155, 168]
[00:00:03:54:853] ! Bidirectional. expansions: 40,772, time: 234,851 [ms], path length: 90 [edges], g_F: 39, g_B: 51, generated: 56,015, MM: 12, MMPER: 12.186813186813186%
[00:00:03:54:853] 
---------- mazes/13x13_maze_with_1_open_diamonds_2 ----------
[00:00:01:35:715] Path of length 92 found: [0, 1, 2, 3, 4, 17, 30, 43, 56, 55, 54, 41, 28, 27, 26, 39, 52, 65, 78, 79, 80, 81, 82, 83, 70, 57, 58, 45, 32, 19, 6, 7, 8, 9, 10, 11, 12, 25, 38, 37, 36, 49, 62, 61, 60, 59, 72, 71, 84, 85, 86, 87, 88, 89, 90, 103, 116, 115, 114, 113, 112, 99, 98, 111, 110, 97, 96, 109, 122, 135, 134, 133, 132, 131, 130, 143, 156, 157, 158, 159, 160, 161, 162, 163, 164, 165, 152, 139, 140, 141, 142, 155, 168]
[00:00:01:35:716] ! Unidirectional s-t. expansions: 9,557, time: 95,715 [ms], path length: 92 [edges], generated: 61,275
[00:00:01:11:853] Path of length 92 found: [168, 155, 142, 141, 140, 139, 152, 165, 164, 163, 162, 161, 160, 159, 158, 157, 156, 143, 130, 131, 132, 133, 134, 135, 122, 109, 110, 111, 112, 113, 114, 115, 116, 103, 90, 89, 88, 87, 86, 99, 98, 85, 72, 59, 60, 61, 62, 63, 64, 51, 38, 25, 12, 11, 10, 9, 8, 7, 6, 19, 32, 45, 58, 57, 70, 71, 84, 97, 96, 83, 82, 81, 80, 79, 78, 65, 52, 39, 26, 27, 28, 41, 54, 55, 56, 43, 30, 17, 4, 3, 2, 1, 0]
[00:00:01:11:854] ! Unidirectional t-s. expansions: 8,444, time: 71,854 [ms], path length: 92 [edges], generated: 49,468
[00:00:02:16:578] Expansion 20,000: f=93, g=40
[00:00:03:53:964] Path of length 92 found: [0, 1, 2, 3, 4, 17, 30, 31, 32, 19, 6, 7, 8, 9, 10, 11, 12, 25, 38, 37, 36, 49, 62, 61, 60, 59, 58, 71, 72, 85, 98, 99, 86, 87, 88, 89, 90, 103, 116, 115, 114, 113, 112, 111, 110, 97, 84, 83, 70, 57, 56, 55, 54, 41, 28, 27, 26, 39, 52, 65, 78, 79, 92, 105, 106, 107, 108, 109, 122, 135, 134, 133, 132, 131, 130, 143, 156, 157, 158, 159, 160, 161, 162, 163, 164, 165, 152, 139, 140, 141, 142, 155, 168]
[00:00:03:53:966] ! Bidirectional. expansions: 33,114, time: 233,964 [ms], path length: 92 [edges], g_F: 48, g_B: 44, generated: 52,422, MM: 4, MMPER: 3.301075268817204%
[00:00:03:53:967] 
---------- mazes/13x13_maze_with_1_open_diamonds_3 ----------
[00:00:01:06:625] Path of length 90 found: [0, 1, 2, 3, 4, 17, 30, 31, 32, 19, 6, 7, 8, 9, 10, 11, 12, 25, 38, 37, 36, 49, 62, 61, 60, 59, 58, 57, 56, 55, 54, 41, 28, 27, 26, 39, 52, 65, 78, 79, 80, 81, 82, 83, 84, 85, 98, 99, 86, 87, 88, 101, 114, 115, 102, 89, 90, 103, 116, 129, 142, 141, 140, 139, 126, 113, 112, 111, 110, 109, 122, 135, 134, 133, 132, 131, 130, 143, 156, 157, 158, 159, 160, 161, 162, 163, 164, 165, 166, 167, 168]
[00:00:01:06:626] ! Unidirectional s-t. expansions: 6,876, time: 66,625 [ms], path length: 90 [edges], generated: 44,616
[00:00:01:34:455] Expansion 10,000: state None, f=93, g=60
[00:00:02:27:561] Path of length 90 found: [168, 167, 166, 165, 164, 163, 162, 161, 160, 159, 158, 157, 156, 143, 130, 131, 132, 133, 134, 135, 122, 109, 110, 111, 98, 85, 86, 99, 112, 113, 126, 139, 140, 141, 142, 129, 116, 115, 114, 101, 102, 103, 90, 89, 88, 87, 74, 61, 62, 63, 64, 51, 38, 25, 12, 11, 10, 9, 8, 7, 6, 19, 32, 45, 58, 71, 84, 83, 82, 81, 80, 79, 78, 65, 52, 39, 26, 27, 28, 41, 54, 55, 56, 43, 30, 17, 4, 3, 2, 1, 0]
[00:00:02:27:561] ! Unidirectional t-s. expansions: 16,397, time: 147,561 [ms], path length: 90 [edges], generated: 93,506
[00:00:02:02:213] Expansion 20,000: f=95, g=35
[00:00:04:13:913] Expansion 40,000: f=89, g=43
[00:00:04:52:698] Path of length 90 found: [0, 1, 2, 3, 4, 17, 30, 31, 32, 19, 6, 7, 8, 9, 10, 11, 12, 25, 38, 37, 36, 49, 62, 61, 60, 59, 58, 57, 56, 55, 54, 41, 28, 27, 26, 39, 52, 65, 78, 79, 80, 81, 82, 83, 84, 85, 98, 99, 100, 87, 88, 89, 90, 103, 102, 101, 114, 115, 116, 129, 142, 141, 140, 139, 126, 113, 112, 111, 110, 109, 122, 135, 134, 133, 132, 131, 130, 143, 156, 157, 158, 159, 160, 161, 162, 163, 164, 165, 166, 167, 168]
[00:00:04:52:702] ! Bidirectional. expansions: 44,405, time: 292,699 [ms], path length: 90 [edges], g_F: 40, g_B: 50, generated: 66,725, MM: 10, MMPER: 9.989010989010989%
[00:00:04:52:703] 
---------- mazes/13x13_maze_with_1_open_diamonds_4 ----------
[00:00:01:37:420] Expansion 10,000: state None, f=93, g=48
[00:00:01:50:191] Path of length 92 found: [0, 1, 2, 3, 4, 17, 30, 31, 32, 19, 6, 7, 8, 9, 10, 11, 12, 25, 38, 37, 36, 49, 62, 61, 60, 59, 58, 57, 56, 55, 54, 41, 28, 27, 26, 39, 52, 65, 78, 79, 80, 81, 82, 83, 84, 85, 86, 87, 88, 89, 90, 103, 116, 115, 114, 113, 112, 111, 110, 109, 108, 107, 106, 119, 120, 133, 132, 131, 130, 143, 156, 157, 158, 159, 160, 147, 134, 121, 122, 123, 136, 137, 150, 163, 164, 165, 152, 139, 140, 141, 142, 155, 168]
[00:00:01:50:194] ! Unidirectional s-t. expansions: 11,097, time: 110,191 [ms], path length: 92 [edges], generated: 71,794
[00:00:01:39:405] Expansion 10,000: state None, f=97, g=51
[00:00:03:04:689] Expansion 20,000: state None, f=94, g=60
[00:00:04:15:359] Path of length 92 found: [168, 167, 166, 165, 152, 139, 140, 141, 142, 129, 116, 103, 90, 89, 88, 87, 74, 61, 62, 63, 64, 51, 38, 25, 12, 11, 10, 9, 8, 7, 6, 19, 32, 45, 58, 71, 84, 85, 86, 99, 112, 111, 110, 123, 136, 137, 150, 163, 162, 161, 160, 159, 158, 157, 156, 143, 130, 131, 132, 119, 106, 107, 120, 133, 134, 135, 122, 109, 108, 95, 82, 81, 80, 79, 78, 65, 52, 39, 26, 27, 28, 41, 54, 55, 56, 43, 30, 17, 4, 3, 2, 1, 0]
[00:00:04:15:359] ! Unidirectional t-s. expansions: 27,311, time: 255,359 [ms], path length: 92 [edges], generated: 155,522
[00:00:02:04:277] Expansion 20,000: f=99, g=44
[00:00:04:06:307] Expansion 40,000: f=96, g=40
[00:00:06:21:023] Expansion 60,000: f=94, g=17
[00:00:08:29:322] Expansion 80,000: f=92, g=39
[00:00:10:10:564] Path of length 92 found: [0, 1, 2, 3, 4, 17, 30, 31, 32, 19, 6, 7, 8, 9, 10, 11, 12, 25, 38, 37, 36, 49, 62, 61, 60, 59, 58, 57, 56, 55, 54, 41, 28, 27, 26, 39, 52, 65, 78, 79, 92, 105, 106, 107, 120, 121, 122, 109, 108, 95, 82, 83, 84, 85, 86, 87, 88, 89, 90, 103, 116, 115, 114, 113, 112, 111, 110, 123, 136, 135, 134, 133, 132, 131, 130, 143, 156, 157, 158, 159, 160, 161, 162, 163, 164, 165, 152, 139, 140, 141, 142, 155, 168]
[00:00:10:10:569] ! Bidirectional. expansions: 90,131, time: 610,564 [ms], path length: 92 [edges], g_F: 41, g_B: 51, generated: 130,932, MM: 10, MMPER: 9.75268817204301%
[00:00:10:10:569] 
---------- mazes/13x13_maze_with_1_open_diamonds_5 ----------
[00:00:01:42:282] Expansion 10,000: state None, f=93, g=66
[00:00:02:05:635] Path of length 92 found: [0, 1, 2, 3, 4, 17, 30, 31, 32, 19, 6, 7, 8, 9, 10, 11, 12, 25, 38, 37, 36, 49, 62, 61, 60, 59, 58, 57, 56, 55, 54, 41, 28, 27, 26, 39, 52, 65, 78, 79, 80, 81, 82, 83, 84, 85, 86, 87, 88, 89, 90, 103, 116, 115, 114, 113, 112, 111, 110, 109, 122, 121, 120, 107, 106, 105, 118, 119, 132, 131, 130, 143, 156, 157, 158, 159, 146, 133, 134, 135, 136, 137, 150, 163, 164, 165, 152, 139, 140, 141, 142, 155, 168]
[00:00:02:05:637] ! Unidirectional s-t. expansions: 12,223, time: 125,635 [ms], path length: 92 [edges], generated: 76,071
[00:00:01:47:746] Expansion 10,000: state None, f=97, g=27
[00:00:03:18:859] Expansion 20,000: state None, f=94, g=45
[00:00:04:15:889] Path of length 92 found: [168, 167, 166, 165, 152, 139, 140, 141, 142, 129, 116, 103, 90, 89, 88, 87, 74, 61, 62, 63, 64, 51, 38, 25, 12, 11, 10, 9, 8, 7, 6, 19, 32, 45, 58, 71, 84, 85, 86, 99, 112, 111, 110, 109, 122, 135, 136, 137, 150, 163, 162, 161, 160, 159, 158, 157, 156, 143, 130, 131, 118, 105, 106, 119, 132, 133, 134, 121, 108, 107, 94, 81, 80, 79, 78, 65, 52, 39, 26, 27, 28, 41, 54, 55, 56, 43, 30, 17, 4, 3, 2, 1, 0]
[00:00:04:15:889] ! Unidirectional t-s. expansions: 25,662, time: 255,889 [ms], path length: 92 [edges], generated: 147,570
[00:00:02:12:093] Expansion 20,000: f=99, g=35
[00:00:04:25:434] Expansion 40,000: f=96, g=33
[00:00:06:33:740] Expansion 60,000: f=94, g=32
[00:00:08:47:299] Expansion 80,000: f=92, g=26
[00:00:10:54:039] Path of length 92 found: [0, 1, 2, 3, 4, 17, 30, 31, 32, 19, 6, 7, 8, 9, 10, 11, 12, 25, 38, 37, 36, 49, 62, 61, 60, 59, 58, 57, 56, 55, 54, 41, 28, 27, 26, 39, 52, 65, 78, 79, 92, 105, 106, 119, 120, 121, 108, 107, 94, 81, 82, 83, 84, 85, 86, 87, 88, 89, 90, 103, 116, 115, 114, 113, 112, 111, 110, 109, 122, 135, 134, 133, 132, 131, 130, 143, 156, 157, 158, 159, 160, 161, 162, 163, 164, 165, 152, 139, 140, 141, 142, 155, 168]
[00:00:10:54:045] ! Bidirectional. expansions: 94,093, time: 654,039 [ms], path length: 92 [edges], g_F: 41, g_B: 51, generated: 136,532, MM: 10, MMPER: 9.75268817204301%
[00:00:10:54:045] 
---------- mazes/13x13_maze_with_1_open_diamonds_6 ----------
[00:00:01:05:696] Path of length 92 found: [0, 1, 2, 3, 4, 17, 30, 43, 56, 55, 54, 41, 28, 27, 26, 39, 52, 65, 78, 79, 80, 81, 82, 83, 84, 71, 58, 45, 32, 19, 6, 7, 8, 9, 10, 11, 12, 25, 38, 51, 64, 63, 62, 49, 36, 35, 34, 47, 60, 59, 72, 85, 86, 73, 74, 87, 88, 89, 90, 103, 116, 115, 114, 113, 112, 111, 110, 109, 122, 135, 134, 133, 132, 131, 130, 143, 156, 157, 158, 159, 160, 161, 162, 163, 164, 165, 152, 139, 140, 141, 142, 155, 168]
[00:00:01:05:699] ! Unidirectional s-t. expansions: 6,278, time: 65,696 [ms], path length: 92 [edges], generated: 38,610
[00:00:00:20:913] Path of length 92 found: [168, 155, 142, 141, 140, 139, 152, 165, 164, 163, 162, 161, 160, 159, 158, 157, 156, 143, 130, 131, 132, 133, 134, 135, 122, 109, 110, 111, 112, 113, 114, 115, 116, 103, 90, 89, 88, 75, 74, 87, 86, 73, 60, 47, 34, 35, 36, 49, 62, 63, 64, 51, 38, 25, 12, 11, 10, 9, 8, 7, 6, 19, 32, 45, 58, 59, 72, 85, 84, 83, 82, 81, 80, 79, 78, 65, 52, 39, 26, 27, 28, 41, 54, 55, 56, 43, 30, 17, 4, 3, 2, 1, 0]
[00:00:00:20:914] ! Unidirectional t-s. expansions: 2,428, time: 20,913 [ms], path length: 92 [edges], generated: 14,868
[00:00:02:11:289] Expansion 20,000: f=91, g=34
[00:00:02:23:232] Path of length 92 found: [0, 1, 2, 3, 4, 17, 30, 43, 56, 55, 54, 41, 28, 27, 26, 39, 52, 65, 78, 79, 80, 81, 82, 83, 84, 71, 58, 45, 32, 19, 6, 7, 8, 9, 10, 11, 12, 25, 38, 51, 64, 63, 62, 49, 36, 35, 34, 47, 60, 73, 72, 85, 86, 87, 74, 75, 88, 89, 90, 103, 116, 115, 114, 113, 112, 111, 110, 109, 122, 135, 134, 133, 132, 131, 130, 143, 156, 157, 158, 159, 160, 161, 162, 163, 164, 165, 152, 139, 140, 141, 142, 155, 168]
[00:00:02:23:235] ! Bidirectional. expansions: 20,895, time: 143,233 [ms], path length: 92 [edges], g_F: 49, g_B: 43, generated: 32,347, MM: 6, MMPER: 5.451612903225806%
[00:00:02:23:236] 
---------- mazes/13x13_maze_with_1_open_diamonds_7 ----------
[00:00:01:10:468] Path of length 94 found: [0, 1, 2, 3, 4, 17, 30, 31, 32, 19, 6, 7, 8, 9, 10, 11, 12, 25, 38, 51, 64, 63, 62, 49, 36, 35, 34, 21, 20, 33, 46, 59, 60, 61, 74, 87, 88, 89, 90, 103, 116, 115, 114, 113, 112, 99, 86, 85, 84, 71, 58, 57, 56, 55, 54, 41, 28, 27, 26, 39, 52, 65, 78, 79, 92, 105, 106, 107, 108, 109, 122, 135, 134, 133, 132, 131, 130, 143, 156, 157, 158, 159, 160, 161, 162, 163, 164, 165, 152, 139, 140, 141, 142, 155, 168]
[00:00:01:10:470] ! Unidirectional s-t. expansions: 6,872, time: 70,468 [ms], path length: 94 [edges], generated: 37,856
[00:00:00:04:812] Path of length 94 found: [168, 155, 142, 141, 140, 139, 152, 165, 164, 163, 162, 161, 160, 159, 158, 157, 156, 143, 130, 131, 132, 133, 134, 135, 122, 109, 108, 107, 106, 105, 92, 79, 78, 65, 52, 39, 26, 27, 28, 41, 54, 55, 56, 57, 58, 71, 84, 85, 86, 99, 112, 113, 114, 115, 116, 103, 90, 89, 88, 87, 74, 61, 60, 59, 46, 47, 34, 35, 36, 49, 62, 63, 64, 51, 38, 25, 12, 11, 10, 9, 8, 21, 20, 7, 6, 19, 32, 31, 30, 17, 4, 3, 2, 1, 0]
[00:00:00:04:813] ! Unidirectional t-s. expansions: 578, time: 4,812 [ms], path length: 94 [edges], generated: 4,279
[00:00:01:53:880] Path of length 94 found: [0, 1, 2, 3, 4, 17, 30, 31, 32, 19, 6, 7, 8, 9, 10, 11, 12, 25, 38, 51, 64, 63, 62, 49, 36, 35, 34, 21, 20, 33, 46, 47, 60, 61, 74, 87, 88, 89, 90, 103, 116, 115, 114, 113, 112, 99, 86, 85, 84, 71, 58, 57, 56, 55, 54, 41, 28, 27, 26, 39, 52, 65, 78, 79, 92, 105, 106, 107, 108, 109, 122, 135, 134, 133, 132, 131, 130, 143, 156, 157, 158, 159, 160, 161, 162, 163, 164, 165, 152, 139, 140, 141, 142, 155, 168]
[00:00:01:53:882] ! Bidirectional. expansions: 17,115, time: 113,880 [ms], path length: 94 [edges], g_F: 50, g_B: 44, generated: 24,388, MM: 6, MMPER: 5.315789473684211%
[00:00:01:53:882] 
---------- mazes/13x13_maze_with_1_open_diamonds_8 ----------
[00:00:01:55:306] Expansion 10,000: state None, f=96, g=39
[00:00:02:49:554] Path of length 94 found: [0, 1, 2, 3, 4, 17, 30, 31, 32, 19, 6, 7, 8, 9, 10, 11, 12, 25, 38, 37, 36, 35, 34, 47, 60, 59, 58, 57, 56, 55, 54, 41, 28, 27, 26, 39, 52, 65, 78, 79, 80, 81, 82, 83, 84, 85, 86, 87, 74, 61, 48, 49, 50, 51, 64, 63, 62, 75, 88, 89, 90, 103, 116, 115, 114, 113, 112, 111, 110, 109, 122, 135, 134, 133, 132, 131, 130, 143, 156, 157, 158, 159, 160, 161, 162, 163, 164, 165, 152, 139, 140, 141, 142, 155, 168]
[00:00:02:49:554] ! Unidirectional s-t. expansions: 14,972, time: 169,554 [ms], path length: 94 [edges], generated: 88,826
[00:00:00:31:470] Path of length 94 found: [168, 155, 142, 141, 140, 139, 152, 165, 164, 163, 162, 161, 160, 159, 158, 157, 156, 143, 130, 131, 132, 133, 134, 135, 122, 109, 110, 111, 112, 113, 114, 115, 116, 103, 90, 89, 88, 75, 62, 63, 64, 51, 38, 25, 12, 11, 10, 9, 8, 7, 6, 19, 32, 45, 58, 59, 60, 47, 34, 35, 36, 37, 50, 49, 48, 61, 74, 87, 86, 85, 84, 83, 82, 81, 80, 79, 78, 65, 52, 39, 26, 27, 28, 41, 54, 55, 56, 43, 30, 17, 4, 3, 2, 1, 0]
[00:00:00:31:471] ! Unidirectional t-s. expansions: 3,488, time: 31,470 [ms], path length: 94 [edges], generated: 22,189
[00:00:02:20:291] Expansion 20,000: f=97, g=30
[00:00:04:42:492] Expansion 40,000: f=94, g=37
[00:00:06:18:795] Path of length 94 found: [0, 1, 2, 3, 4, 17, 30, 31, 32, 19, 6, 7, 8, 9, 10, 11, 12, 25, 38, 51, 64, 63, 50, 37, 36, 49, 48, 35, 34, 47, 60, 59, 58, 57, 56, 55, 54, 41, 28, 27, 26, 39, 52, 65, 78, 79, 80, 81, 82, 83, 84, 85, 86, 87, 74, 61, 62, 75, 88, 89, 90, 103, 116, 115, 114, 113, 112, 111, 110, 109, 122, 135, 134, 133, 132, 131, 130, 143, 156, 157, 158, 159, 160, 161, 162, 163, 164, 165, 152, 139, 140, 141, 142, 155, 168]
[00:00:06:18:797] ! Bidirectional. expansions: 53,141, time: 378,795 [ms], path length: 94 [edges], g_F: 49, g_B: 45, generated: 79,614, MM: 4, MMPER: 3.2105263157894735%
[00:00:06:18:797] 
---------- mazes/13x13_maze_with_1_open_diamonds_9 ----------
[00:00:01:28:307] Expansion 10,000: state None, f=94, g=57
[00:00:02:17:346] Path of length 92 found: [0, 1, 2, 3, 4, 17, 30, 31, 32, 19, 6, 7, 8, 9, 10, 11, 12, 25, 38, 37, 36, 49, 62, 61, 74, 87, 88, 89, 90, 103, 116, 115, 114, 113, 126, 125, 112, 111, 98, 99, 86, 85, 84, 71, 58, 57, 56, 55, 54, 41, 28, 27, 26, 39, 52, 65, 78, 79, 92, 105, 106, 107, 108, 109, 122, 123, 124, 137, 136, 135, 134, 133, 132, 131, 130, 143, 156, 157, 158, 159, 160, 161, 162, 163, 164, 165, 152, 139, 140, 141, 142, 155, 168]
[00:00:02:17:348] ! Unidirectional s-t. expansions: 15,381, time: 137,346 [ms], path length: 92 [edges], generated: 98,649
[00:00:01:47:031] Expansion 10,000: state None, f=102, g=45
[00:00:03:27:018] Expansion 20,000: state None, f=99, g=57
[00:00:05:01:567] Expansion 30,000: state None, f=97, g=51
[00:00:06:33:594] Expansion 40,000: state None, f=95, g=66
[00:00:07:53:463] Expansion 50,000: state None, f=94, g=57
[00:00:09:22:019] Expansion 60,000: state None, f=93, g=69
[00:00:10:24:889] Path of length 92 found: [168, 155, 142, 141, 140, 139, 152, 165, 164, 163, 162, 161, 160, 159, 158, 157, 156, 143, 130, 131, 132, 133, 134, 135, 122, 109, 110, 123, 136, 137, 138, 125, 124, 111, 98, 85, 86, 99, 112, 113, 114, 115, 116, 103, 90, 89, 88, 87, 74, 61, 62, 63, 64, 51, 38, 25, 12, 11, 10, 9, 8, 7, 6, 19, 32, 45, 58, 71, 84, 83, 82, 81, 80, 79, 78, 65, 52, 39, 26, 27, 28, 41, 54, 55, 56, 43, 30, 17, 4, 3, 2, 1, 0]
[00:00:10:24:890] ! Unidirectional t-s. expansions: 66,177, time: 624,889 [ms], path length: 92 [edges], generated: 360,323
[00:00:01:58:803] Expansion 20,000: f=103, g=49
[00:00:03:41:824] Expansion 40,000: f=100, g=43
[00:00:05:25:835] Expansion 60,000: f=98, g=33
[00:00:07:08:325] Expansion 80,000: f=95, g=46
[00:00:09:01:701] Expansion 100,000: f=93, g=34
[00:00:10:59:851] Expansion 120,000: f=90, g=43
[00:00:12:53:267] Expansion 140,000: f=89, g=28
[00:00:13:34:805] Path of length 92 found: [0, 1, 2, 3, 4, 17, 30, 31, 32, 19, 6, 7, 8, 9, 10, 11, 12, 25, 38, 37, 36, 49, 62, 61, 60, 59, 58, 57, 56, 55, 54, 41, 28, 27, 26, 39, 52, 65, 78, 79, 92, 105, 106, 107, 108, 109, 110, 123, 124, 111, 112, 99, 98, 85, 86, 87, 88, 89, 90, 103, 116, 115, 114, 113, 126, 125, 138, 137, 136, 135, 134, 133, 132, 131, 130, 143, 156, 157, 158, 159, 160, 161, 162, 163, 164, 165, 152, 139, 140, 141, 142, 155, 168]
[00:00:13:34:809] ! Bidirectional. expansions: 142,516, time: 814,806 [ms], path length: 92 [edges], g_F: 38, g_B: 54, generated: 202,647, MM: 16, MMPER: 16.204301075268816%

[00:00:13:34:809] average expansions: (11,059, 18,682, 63,506, 0)
[00:00:13:34:810] average time: (109,396, 174,854, 412,530, 0)
[00:00:13:34:810] XA*: 11,059 , 109,396 (expansions , time[ms])
[00:00:13:34:810] XMM: 63,506 , 412,530 (expansions , time[ms])

