------------------------------------
Thu 01 Oct 2026 11:43:36 IDT
SLURM_JOBID:		21943417
SLURM_JOB_NODELIST:	ise-cpu256-12
SLURM_SCRATCH_DIR:	/scratch/shubit/21943417
Allocated Resouces:	cpu - 2 / mem - 61440 MB / gpu - 
SLURM_GPU_INDEX:	
Running as shubit from shimony account with normal QOS
------------------------------------
Thu 01 Oct 2026 11:43:36 IDT

SLURM_JOBID:		 21943417
SLURM_JOB_NODELIST:	 ise-cpu256-12 

--------------------------
date: mazes
number_of_graphs: 10
graph_type: maze
size_of_graphs: [13, 13]
heuristic: bcc_heuristic
snake: False
run_uni: True
run_bi: True
run_multi: False
solution_vertices: []
algorithms: ['A']
lookahead: 1
bsd: False
cube_first_dims: 4
cube_buffer_dim: None
backward_sym_generation: False
sym_coil: False
prefix_set: None

---------- mazes/13x13_maze_with_1_open_diamonds_0 ----------
[00:00:00:46:731] Expansion 10,000: state None, f=97, g=35
[00:00:01:33:703] Expansion 20,000: state None, f=95, g=20
[00:00:02:18:330] Expansion 30,000: state None, f=93, g=30
[00:00:02:25:283] Path of length 92 found: [0, 1, 2, 3, 4, 17, 30, 31, 32, 19, 6, 7, 8, 9, 10, 11, 12, 25, 38, 37, 36, 49, 62, 61, 60, 59, 58, 57, 56, 55, 54, 41, 28, 27, 26, 39, 52, 65, 78, 79, 80, 81, 82, 83, 84, 85, 86, 87, 88, 89, 90, 103, 116, 115, 114, 113, 112, 111, 110, 109, 122, 135, 134, 133, 132, 119, 120, 107, 106, 105, 118, 131, 130, 143, 156, 157, 144, 145, 146, 159, 160, 161, 162, 163, 164, 165, 152, 139, 140, 141, 142, 155, 168]
[00:00:02:25:283] ! Unidirectional s-t. expansions: 31,358, time: 145,283 [ms], path length: 92 [edges], generated: 47,235
[00:00:00:51:939] Expansion 10,000: state None, f=101, g=28
[00:00:01:39:613] Expansion 20,000: state None, f=99, g=45
[00:00:02:25:833] Expansion 30,000: state None, f=98, g=33
[00:00:03:11:780] Expansion 40,000: state None, f=97, g=38
[00:00:03:54:555] Expansion 50,000: state None, f=96, g=42
[00:00:04:42:439] Expansion 60,000: state None, f=95, g=60
[00:00:05:27:709] Expansion 70,000: state None, f=95, g=23
[00:00:06:08:137] Expansion 80,000: state None, f=94, g=43
[00:00:06:55:760] Expansion 90,000: state None, f=94, g=31
[00:00:07:37:860] Expansion 100,000: state None, f=93, g=45
[00:00:08:19:370] Path of length 92 found: [168, 155, 142, 141, 140, 139, 152, 165, 164, 163, 150, 137, 136, 135, 134, 133, 146, 159, 158, 157, 156, 143, 130, 131, 144, 145, 132, 119, 118, 105, 106, 107, 108, 109, 110, 111, 112, 113, 114, 115, 116, 103, 90, 89, 88, 87, 86, 85, 84, 83, 82, 81, 80, 79, 78, 65, 52, 39, 26, 27, 28, 41, 54, 55, 56, 57, 58, 59, 60, 61, 62, 63, 64, 51, 38, 25, 12, 11, 10, 9, 8, 7, 6, 19, 32, 31, 30, 17, 4, 3, 2, 1, 0]
[00:00:08:19:371] ! Unidirectional t-s. expansions: 108,293, time: 499,370 [ms], path length: 92 [edges], generated: 154,445
[00:00:06:34:730] Expansions: 50,000. F states: 15,713, B states: 57,599. Checks: 211,572)
[00:00:12:12:552] Expansions: 100,000. F states: 32,904, B states: 114,090. Checks: 423,569)
[00:00:14:37:914] Path of length 92 found: [0, 1, 2, 3, 4, 17, 30, 31, 32, 19, 6, 7, 8, 9, 10, 11, 12, 25, 38, 51, 64, 63, 62, 61, 60, 59, 58, 57, 56, 55, 54, 41, 28, 27, 26, 39, 52, 65, 78, 79, 80, 81, 82, 83, 84, 85, 86, 87, 88, 89, 90, 103, 116, 115, 114, 113, 112, 111, 110, 109, 108, 107, 106, 105, 118, 119, 132, 131, 130, 143, 156, 157, 144, 145, 158, 159, 146, 133, 134, 135, 136, 137, 150, 163, 164, 165, 152, 139, 140, 141, 142, 155, 168]
[00:00:14:37:916] ! Bidirectional. expansions: 118,374, time: 877,914 [ms], path length: 92 [edges], g_F: 18, g_B: 74, generated: 0, MM: 56, MMPER: 59.215053763440864%
[00:00:14:37:916] 
---------- mazes/13x13_maze_with_1_open_diamonds_1 ----------
[00:00:00:55:247] Expansion 10,000: state None, f=98, g=40
[00:00:01:46:104] Expansion 20,000: state None, f=95, g=36
[00:00:02:32:665] Expansion 30,000: state None, f=93, g=35
[00:00:03:19:682] Expansion 40,000: state None, f=92, g=23
[00:00:04:01:516] Expansion 50,000: state None, f=91, g=30
[00:00:04:08:216] Path of length 90 found: [0, 1, 2, 15, 28, 27, 26, 39, 52, 53, 54, 41, 42, 29, 16, 3, 4, 17, 30, 43, 56, 57, 58, 45, 32, 19, 6, 7, 8, 9, 10, 11, 12, 25, 38, 37, 36, 49, 62, 61, 74, 87, 88, 89, 90, 103, 116, 115, 114, 113, 112, 99, 86, 85, 84, 83, 82, 81, 80, 79, 92, 105, 106, 107, 108, 109, 122, 135, 134, 133, 132, 131, 130, 143, 156, 157, 158, 159, 160, 161, 162, 163, 164, 165, 152, 139, 140, 141, 142, 155, 168]
[00:00:04:08:219] ! Unidirectional s-t. expansions: 51,198, time: 248,216 [ms], path length: 90 [edges], generated: 69,643
[00:00:00:07:004] Path of length 90 found: [168, 155, 142, 141, 140, 139, 152, 165, 164, 163, 162, 161, 160, 159, 158, 157, 156, 143, 130, 131, 132, 133, 134, 135, 122, 109, 108, 107, 106, 105, 92, 79, 80, 81, 82, 83, 84, 85, 86, 99, 112, 113, 114, 115, 116, 103, 90, 89, 88, 87, 74, 61, 62, 63, 64, 51, 38, 25, 12, 11, 10, 9, 8, 7, 6, 19, 32, 45, 58, 57, 56, 43, 30, 17, 4, 3, 16, 29, 42, 55, 54, 53, 52, 39, 26, 27, 28, 15, 2, 1, 0]
[00:00:00:07:007] ! Unidirectional t-s. expansions: 1,606, time: 7,005 [ms], path length: 90 [edges], generated: 2,500
[00:00:06:58:163] Expansions: 50,000. F states: 36,417, B states: 30,528. Checks: 183,695)
[00:00:11:36:474] Path of length 90 found: [0, 1, 2, 15, 16, 3, 4, 17, 30, 29, 28, 27, 26, 39, 52, 53, 54, 41, 42, 55, 56, 57, 58, 45, 32, 19, 6, 7, 8, 9, 10, 11, 12, 25, 38, 51, 64, 63, 62, 61, 74, 87, 88, 89, 90, 103, 116, 115, 114, 113, 112, 99, 86, 85, 84, 83, 82, 81, 80, 79, 92, 105, 106, 107, 108, 109, 122, 135, 134, 133, 132, 131, 130, 143, 156, 157, 158, 159, 160, 161, 162, 163, 164, 165, 152, 139, 140, 141, 142, 155, 168]
[00:00:11:36:475] ! Bidirectional. expansions: 88,784, time: 696,474 [ms], path length: 90 [edges], g_F: 34, g_B: 56, generated: 0, MM: 22, MMPER: 23.175824175824175%
[00:00:11:36:475] 
---------- mazes/13x13_maze_with_1_open_diamonds_2 ----------
[00:00:00:48:550] Expansion 10,000: state None, f=96, g=47
[00:00:01:33:789] Expansion 20,000: state None, f=94, g=34
[00:00:02:16:122] Path of length 92 found: [0, 1, 2, 3, 4, 17, 30, 43, 56, 55, 54, 41, 28, 27, 26, 39, 52, 65, 78, 79, 80, 81, 82, 83, 70, 57, 58, 45, 32, 19, 6, 7, 8, 9, 10, 11, 12, 25, 38, 37, 36, 49, 62, 61, 60, 59, 72, 71, 84, 85, 86, 87, 88, 89, 90, 103, 116, 115, 114, 113, 112, 99, 98, 111, 110, 97, 96, 109, 122, 135, 134, 133, 132, 131, 130, 143, 156, 157, 158, 159, 160, 161, 162, 163, 164, 165, 152, 139, 140, 141, 142, 155, 168]
[00:00:02:16:125] ! Unidirectional s-t. expansions: 29,436, time: 136,122 [ms], path length: 92 [edges], generated: 44,753
[00:00:00:43:548] Expansion 10,000: state None, f=96, g=49
[00:00:01:23:796] Expansion 20,000: state None, f=94, g=44
[00:00:01:46:433] Path of length 92 found: [168, 155, 142, 141, 140, 139, 152, 165, 164, 163, 162, 161, 160, 159, 158, 157, 156, 143, 130, 131, 132, 133, 134, 135, 122, 109, 110, 111, 112, 113, 114, 115, 116, 103, 90, 89, 88, 87, 86, 99, 98, 85, 72, 59, 60, 61, 62, 63, 64, 51, 38, 25, 12, 11, 10, 9, 8, 7, 6, 19, 32, 45, 58, 57, 70, 71, 84, 97, 96, 83, 82, 81, 80, 79, 78, 65, 52, 39, 26, 27, 28, 41, 54, 55, 56, 43, 30, 17, 4, 3, 2, 1, 0]
[00:00:01:46:433] ! Unidirectional t-s. expansions: 25,253, time: 106,433 [ms], path length: 92 [edges], generated: 36,149
[00:00:03:18:625] Path of length 92 found: [0, 1, 2, 3, 4, 17, 30, 31, 32, 19, 6, 7, 8, 9, 10, 11, 12, 25, 38, 51, 64, 63, 62, 61, 60, 59, 72, 85, 86, 87, 88, 89, 90, 103, 116, 115, 114, 113, 112, 99, 98, 111, 110, 97, 96, 83, 84, 71, 70, 57, 56, 55, 54, 41, 28, 27, 26, 39, 52, 65, 78, 79, 92, 105, 106, 107, 108, 109, 122, 135, 134, 133, 132, 131, 130, 143, 156, 157, 158, 159, 160, 161, 162, 163, 164, 165, 152, 139, 140, 141, 142, 155, 168]
[00:00:03:18:626] ! Bidirectional. expansions: 31,336, time: 198,626 [ms], path length: 92 [edges], g_F: 18, g_B: 74, generated: 0, MM: 56, MMPER: 59.215053763440864%
[00:00:03:18:627] 
---------- mazes/13x13_maze_with_1_open_diamonds_3 ----------
[00:00:00:46:634] Expansion 10,000: state None, f=92, g=56
[00:00:01:29:946] Expansion 20,000: state None, f=91, g=34
[00:00:01:32:561] Path of length 90 found: [0, 1, 2, 3, 4, 17, 30, 31, 32, 19, 6, 7, 8, 9, 10, 11, 12, 25, 38, 37, 36, 49, 62, 61, 60, 59, 58, 57, 56, 55, 54, 41, 28, 27, 26, 39, 52, 65, 78, 79, 80, 81, 82, 83, 84, 85, 86, 87, 88, 89, 90, 103, 116, 129, 142, 141, 140, 139, 126, 113, 114, 115, 102, 101, 100, 99, 98, 111, 110, 109, 122, 135, 134, 133, 132, 131, 130, 143, 156, 157, 158, 159, 160, 161, 162, 163, 164, 165, 166, 167, 168]
[00:00:01:32:563] ! Unidirectional s-t. expansions: 20,437, time: 92,562 [ms], path length: 90 [edges], generated: 31,641
[00:00:00:52:289] Expansion 10,000: state None, f=98, g=58
[00:00:01:36:167] Expansion 20,000: state None, f=95, g=59
[00:00:02:17:117] Expansion 30,000: state None, f=93, g=58
[00:00:02:57:813] Expansion 40,000: state None, f=92, g=39
[00:00:03:39:003] Path of length 90 found: [168, 167, 166, 165, 164, 163, 162, 161, 160, 159, 158, 157, 156, 143, 130, 131, 132, 133, 134, 135, 122, 109, 110, 111, 98, 85, 86, 99, 112, 113, 126, 139, 140, 141, 142, 129, 116, 115, 114, 101, 102, 103, 90, 89, 88, 87, 74, 61, 62, 63, 64, 51, 38, 25, 12, 11, 10, 9, 8, 7, 6, 19, 32, 45, 58, 71, 84, 83, 82, 81, 80, 79, 78, 65, 52, 39, 26, 27, 28, 41, 54, 55, 56, 43, 30, 17, 4, 3, 2, 1, 0]
[00:00:03:39:004] ! Unidirectional t-s. expansions: 49,826, time: 219,003 [ms], path length: 90 [edges], generated: 71,852
[00:00:05:53:087] Expansions: 50,000. F states: 18,349, B states: 52,352. Checks: 196,503)
[00:00:07:50:789] Path of length 90 found: [0, 1, 2, 3, 4, 17, 30, 43, 56, 55, 54, 41, 28, 27, 26, 39, 52, 65, 78, 79, 80, 81, 82, 83, 84, 71, 58, 45, 32, 19, 6, 7, 8, 9, 10, 11, 12, 25, 38, 51, 64, 63, 62, 61, 74, 87, 88, 101, 114, 115, 102, 89, 90, 103, 116, 129, 142, 141, 140, 139, 126, 113, 112, 99, 86, 85, 98, 111, 110, 109, 122, 135, 134, 133, 132, 131, 130, 143, 156, 157, 158, 159, 160, 161, 162, 163, 164, 165, 166, 167, 168]
[00:00:07:50:790] ! Bidirectional. expansions: 68,979, time: 470,789 [ms], path length: 90 [edges], g_F: 38, g_B: 52, generated: 0, MM: 14, MMPER: 14.384615384615385%
[00:00:07:50:790] 
---------- mazes/13x13_maze_with_1_open_diamonds_4 ----------
[00:00:00:50:908] Expansion 10,000: state None, f=97, g=59
[00:00:01:34:356] Expansion 20,000: state None, f=95, g=25
[00:00:02:11:057] Expansion 30,000: state None, f=93, g=51
[00:00:02:27:319] Path of length 92 found: [0, 1, 2, 3, 4, 17, 30, 31, 32, 19, 6, 7, 8, 9, 10, 11, 12, 25, 38, 37, 36, 49, 62, 61, 60, 59, 58, 57, 56, 55, 54, 41, 28, 27, 26, 39, 52, 65, 78, 79, 80, 81, 82, 83, 84, 85, 86, 87, 88, 89, 90, 103, 116, 115, 114, 113, 112, 111, 110, 109, 108, 107, 106, 119, 132, 131, 130, 143, 156, 157, 158, 159, 160, 147, 134, 133, 120, 121, 122, 123, 136, 137, 150, 163, 164, 165, 152, 139, 140, 141, 142, 155, 168]
[00:00:02:27:321] ! Unidirectional s-t. expansions: 33,576, time: 147,319 [ms], path length: 92 [edges], generated: 51,823
[00:00:00:44:479] Expansion 10,000: state None, f=101, g=32
[00:00:01:27:656] Expansion 20,000: state None, f=99, g=33
[00:00:02:08:780] Expansion 30,000: state None, f=97, g=50
[00:00:02:49:792] Expansion 40,000: state None, f=96, g=45
[00:00:03:33:917] Expansion 50,000: state None, f=95, g=38
[00:00:04:14:523] Expansion 60,000: state None, f=94, g=63
[00:00:04:59:632] Expansion 70,000: state None, f=93, g=77
[00:00:05:39:679] Expansion 80,000: state None, f=93, g=34
[00:00:05:52:426] Path of length 92 found: [168, 167, 166, 165, 152, 139, 140, 141, 142, 129, 116, 103, 90, 89, 88, 87, 74, 61, 62, 63, 64, 51, 38, 25, 12, 11, 10, 9, 8, 7, 6, 19, 32, 45, 58, 71, 84, 85, 86, 99, 112, 111, 110, 123, 136, 137, 150, 163, 162, 161, 160, 159, 158, 157, 156, 143, 130, 131, 132, 119, 106, 107, 120, 133, 134, 135, 122, 109, 108, 95, 82, 81, 80, 79, 78, 65, 52, 39, 26, 27, 28, 41, 54, 55, 56, 43, 30, 17, 4, 3, 2, 1, 0]
[00:00:05:52:426] ! Unidirectional t-s. expansions: 82,438, time: 352,426 [ms], path length: 92 [edges], generated: 118,601
[00:00:05:47:797] Expansions: 50,000. F states: 20,019, B states: 53,562. Checks: 207,421)
[00:00:11:11:070] Expansions: 100,000. F states: 41,703, B states: 106,669. Checks: 416,313)
[00:00:13:33:944] Path of length 92 found: [0, 1, 2, 3, 4, 17, 30, 43, 56, 55, 54, 41, 28, 27, 26, 39, 52, 65, 78, 79, 80, 81, 82, 95, 108, 107, 106, 119, 120, 133, 132, 131, 130, 143, 156, 157, 158, 159, 160, 161, 162, 163, 150, 137, 136, 135, 134, 121, 122, 109, 110, 111, 112, 99, 86, 85, 84, 71, 58, 45, 32, 19, 6, 7, 8, 9, 10, 11, 12, 25, 38, 51, 64, 63, 62, 61, 74, 87, 88, 89, 90, 103, 116, 129, 142, 141, 140, 139, 152, 165, 166, 167, 168]
[00:00:13:33:946] ! Bidirectional. expansions: 118,385, time: 813,945 [ms], path length: 92 [edges], g_F: 70, g_B: 22, generated: 0, MM: 48, MMPER: 50.61290322580645%
[00:00:13:33:946] 
---------- mazes/13x13_maze_with_1_open_diamonds_5 ----------
[00:00:00:50:394] Expansion 10,000: state None, f=98, g=46
[00:00:01:35:861] Expansion 20,000: state None, f=95, g=60
[00:00:02:20:043] Expansion 30,000: state None, f=93, g=71
[00:00:02:51:914] Path of length 92 found: [0, 1, 2, 3, 4, 17, 30, 31, 32, 19, 6, 7, 8, 9, 10, 11, 12, 25, 38, 37, 36, 49, 62, 61, 60, 59, 58, 57, 56, 55, 54, 41, 28, 27, 26, 39, 52, 65, 78, 79, 80, 81, 82, 83, 84, 85, 86, 87, 88, 89, 90, 103, 116, 115, 114, 113, 112, 111, 110, 109, 108, 107, 106, 105, 118, 131, 130, 143, 156, 157, 158, 159, 146, 133, 132, 119, 120, 121, 122, 135, 136, 137, 150, 163, 164, 165, 152, 139, 140, 141, 142, 155, 168]
[00:00:02:51:917] ! Unidirectional s-t. expansions: 36,897, time: 171,914 [ms], path length: 92 [edges], generated: 55,900
[00:00:00:52:542] Expansion 10,000: state None, f=100, g=50
[00:00:01:41:155] Expansion 20,000: state None, f=98, g=49
[00:00:02:30:498] Expansion 30,000: state None, f=97, g=24
[00:00:03:17:605] Expansion 40,000: state None, f=96, g=31
[00:00:04:05:157] Expansion 50,000: state None, f=95, g=17
[00:00:04:48:024] Expansion 60,000: state None, f=94, g=42
[00:00:05:33:222] Expansion 70,000: state None, f=93, g=50
[00:00:06:11:015] Path of length 92 found: [168, 167, 166, 165, 152, 139, 140, 141, 142, 129, 116, 103, 90, 89, 88, 87, 74, 61, 62, 63, 64, 51, 38, 25, 12, 11, 10, 9, 8, 7, 6, 19, 32, 45, 58, 71, 84, 85, 86, 99, 112, 111, 110, 109, 122, 135, 136, 137, 150, 163, 162, 161, 160, 159, 158, 157, 156, 143, 130, 131, 118, 105, 106, 119, 132, 133, 134, 121, 108, 107, 94, 81, 80, 79, 78, 65, 52, 39, 26, 27, 28, 41, 54, 55, 56, 43, 30, 17, 4, 3, 2, 1, 0]
[00:00:06:11:016] ! Unidirectional t-s. expansions: 77,683, time: 371,015 [ms], path length: 92 [edges], generated: 112,634
[00:00:06:08:925] Expansions: 50,000. F states: 22,618, B states: 50,639. Checks: 204,115)
[00:00:11:21:096] Expansions: 100,000. F states: 43,566, B states: 104,217. Checks: 412,618)
[00:00:12:44:773] Path of length 92 found: [0, 1, 2, 3, 4, 17, 30, 43, 56, 55, 54, 41, 28, 27, 26, 39, 52, 65, 78, 79, 80, 81, 94, 107, 106, 105, 118, 119, 132, 131, 130, 143, 156, 157, 158, 159, 160, 161, 162, 163, 150, 137, 136, 135, 134, 133, 120, 121, 108, 109, 110, 111, 112, 99, 86, 85, 84, 71, 58, 45, 32, 19, 6, 7, 8, 9, 10, 11, 12, 25, 38, 51, 64, 63, 62, 61, 74, 87, 88, 89, 90, 103, 116, 129, 142, 141, 140, 139, 152, 165, 166, 167, 168]
[00:00:12:44:774] ! Bidirectional. expansions: 109,622, time: 764,774 [ms], path length: 92 [edges], g_F: 70, g_B: 22, generated: 0, MM: 48, MMPER: 50.61290322580645%
[00:00:12:44:775] 
---------- mazes/13x13_maze_with_1_open_diamonds_6 ----------
[00:00:00:46:527] Expansion 10,000: state None, f=95, g=31
[00:00:01:25:860] Path of length 92 found: [0, 1, 2, 3, 4, 17, 30, 43, 56, 55, 54, 41, 28, 27, 26, 39, 52, 65, 78, 79, 80, 81, 82, 83, 84, 71, 58, 45, 32, 19, 6, 7, 8, 9, 10, 11, 12, 25, 38, 51, 64, 63, 62, 49, 36, 35, 34, 47, 60, 59, 72, 85, 86, 73, 74, 87, 88, 89, 90, 103, 116, 115, 114, 113, 112, 111, 110, 109, 122, 135, 134, 133, 132, 131, 130, 143, 156, 157, 158, 159, 160, 161, 162, 163, 164, 165, 152, 139, 140, 141, 142, 155, 168]
[00:00:01:25:860] ! Unidirectional s-t. expansions: 19,094, time: 85,860 [ms], path length: 92 [edges], generated: 28,635
[00:00:00:30:128] Path of length 92 found: [168, 155, 142, 141, 140, 139, 152, 165, 164, 163, 162, 161, 160, 159, 158, 157, 156, 143, 130, 131, 132, 133, 134, 135, 122, 109, 110, 111, 112, 113, 114, 115, 116, 103, 90, 89, 88, 75, 74, 87, 86, 73, 60, 47, 34, 35, 36, 49, 62, 63, 64, 51, 38, 25, 12, 11, 10, 9, 8, 7, 6, 19, 32, 45, 58, 59, 72, 85, 84, 83, 82, 81, 80, 79, 78, 65, 52, 39, 26, 27, 28, 41, 54, 55, 56, 43, 30, 17, 4, 3, 2, 1, 0]
[00:00:00:30:129] ! Unidirectional t-s. expansions: 7,298, time: 30,128 [ms], path length: 92 [edges], generated: 10,743
[00:00:02:32:414] Path of length 92 found: [0, 1, 2, 3, 4, 17, 30, 31, 32, 19, 6, 7, 8, 9, 10, 11, 12, 25, 38, 51, 64, 63, 62, 49, 36, 35, 34, 47, 60, 59, 72, 71, 58, 57, 56, 55, 54, 41, 28, 27, 26, 39, 52, 65, 78, 79, 80, 81, 82, 83, 84, 85, 86, 73, 74, 87, 88, 89, 90, 103, 116, 115, 114, 113, 112, 111, 110, 109, 122, 135, 134, 133, 132, 131, 130, 143, 156, 157, 158, 159, 160, 161, 162, 163, 164, 165, 152, 139, 140, 141, 142, 155, 168]
[00:00:02:32:415] ! Bidirectional. expansions: 21,911, time: 152,415 [ms], path length: 92 [edges], g_F: 56, g_B: 36, generated: 0, MM: 20, MMPER: 20.50537634408602%
[00:00:02:32:416] 
---------- mazes/13x13_maze_with_1_open_diamonds_7 ----------
[00:00:00:49:739] Expansion 10,000: state None, f=97, g=44
[00:00:01:36:394] Expansion 20,000: state None, f=95, g=19
[00:00:01:39:230] Path of length 94 found: [0, 1, 2, 3, 4, 17, 30, 31, 32, 19, 6, 7, 8, 9, 10, 11, 12, 25, 38, 51, 64, 63, 62, 49, 36, 35, 34, 21, 20, 33, 46, 47, 60, 61, 74, 87, 88, 89, 90, 103, 116, 115, 114, 113, 112, 99, 86, 85, 84, 71, 58, 57, 56, 55, 54, 41, 28, 27, 26, 39, 52, 65, 78, 79, 92, 105, 106, 107, 108, 109, 122, 135, 134, 133, 132, 131, 130, 143, 156, 157, 158, 159, 160, 161, 162, 163, 164, 165, 152, 139, 140, 141, 142, 155, 168]
[00:00:01:39:231] ! Unidirectional s-t. expansions: 20,473, time: 99,230 [ms], path length: 94 [edges], generated: 28,904
[00:00:00:05:974] Path of length 94 found: [168, 155, 142, 141, 140, 139, 152, 165, 164, 163, 162, 161, 160, 159, 158, 157, 156, 143, 130, 131, 132, 133, 134, 135, 122, 109, 108, 107, 106, 105, 92, 79, 78, 65, 52, 39, 26, 27, 28, 41, 54, 55, 56, 57, 58, 71, 84, 85, 86, 99, 112, 113, 114, 115, 116, 103, 90, 89, 88, 87, 74, 61, 60, 59, 46, 47, 34, 35, 36, 49, 62, 63, 64, 51, 38, 25, 12, 11, 10, 9, 8, 21, 20, 7, 6, 19, 32, 31, 30, 17, 4, 3, 2, 1, 0]
[00:00:00:05:974] ! Unidirectional t-s. expansions: 1,662, time: 5,974 [ms], path length: 94 [edges], generated: 2,602
[00:00:03:55:298] Path of length 94 found: [0, 1, 2, 3, 4, 17, 30, 31, 32, 19, 6, 7, 20, 21, 8, 9, 10, 11, 12, 25, 38, 51, 64, 63, 62, 49, 36, 35, 34, 33, 46, 47, 60, 61, 74, 87, 88, 89, 90, 103, 116, 115, 114, 113, 112, 99, 86, 85, 84, 71, 58, 57, 56, 55, 54, 41, 28, 27, 26, 39, 52, 65, 78, 79, 92, 105, 106, 107, 108, 109, 122, 135, 134, 133, 132, 131, 130, 143, 156, 157, 158, 159, 160, 161, 162, 163, 164, 165, 152, 139, 140, 141, 142, 155, 168]
[00:00:03:55:298] ! Bidirectional. expansions: 31,991, time: 235,298 [ms], path length: 94 [edges], g_F: 60, g_B: 34, generated: 0, MM: 26, MMPER: 26.36842105263158%
[00:00:03:55:299] 
---------- mazes/13x13_maze_with_1_open_diamonds_8 ----------
[00:00:00:52:411] Expansion 10,000: state None, f=100, g=38
[00:00:01:41:284] Expansion 20,000: state None, f=97, g=58
[00:00:02:28:490] Expansion 30,000: state None, f=96, g=39
[00:00:03:13:050] Expansion 40,000: state None, f=95, g=47
[00:00:03:39:231] Path of length 94 found: [0, 1, 2, 3, 4, 17, 30, 31, 32, 19, 6, 7, 8, 9, 10, 11, 12, 25, 38, 37, 36, 35, 34, 47, 60, 59, 58, 57, 56, 55, 54, 41, 28, 27, 26, 39, 52, 65, 78, 79, 80, 81, 82, 83, 84, 85, 86, 87, 74, 61, 48, 49, 50, 51, 64, 63, 62, 75, 88, 89, 90, 103, 116, 115, 114, 113, 112, 111, 110, 109, 122, 135, 134, 133, 132, 131, 130, 143, 156, 157, 158, 159, 160, 161, 162, 163, 164, 165, 152, 139, 140, 141, 142, 155, 168]
[00:00:03:39:232] ! Unidirectional s-t. expansions: 44,747, time: 219,231 [ms], path length: 94 [edges], generated: 65,951
[00:00:00:39:770] Expansion 10,000: state None, f=95, g=46
[00:00:00:42:036] Path of length 94 found: [168, 155, 142, 141, 140, 139, 152, 165, 164, 163, 162, 161, 160, 159, 158, 157, 156, 143, 130, 131, 132, 133, 134, 135, 122, 109, 110, 111, 112, 113, 114, 115, 116, 103, 90, 89, 88, 75, 62, 63, 64, 51, 38, 25, 12, 11, 10, 9, 8, 7, 6, 19, 32, 45, 58, 59, 60, 47, 34, 35, 36, 37, 50, 49, 48, 61, 74, 87, 86, 85, 84, 83, 82, 81, 80, 79, 78, 65, 52, 39, 26, 27, 28, 41, 54, 55, 56, 43, 30, 17, 4, 3, 2, 1, 0]
[00:00:00:42:036] ! Unidirectional t-s. expansions: 10,465, time: 42,036 [ms], path length: 94 [edges], generated: 15,599
[00:00:05:38:554] Expansions: 50,000. F states: 61,886, B states: 9,714. Checks: 172,490)
[00:00:07:00:016] Path of length 94 found: [0, 1, 2, 3, 4, 17, 30, 43, 56, 55, 54, 41, 28, 27, 26, 39, 52, 65, 78, 79, 80, 81, 82, 83, 84, 85, 86, 87, 74, 61, 48, 49, 36, 35, 34, 47, 60, 59, 58, 45, 32, 19, 6, 7, 8, 9, 10, 11, 12, 25, 38, 37, 50, 51, 64, 63, 62, 75, 88, 89, 90, 103, 116, 115, 114, 113, 112, 111, 110, 109, 122, 135, 134, 133, 132, 131, 130, 143, 156, 157, 158, 159, 160, 161, 162, 163, 164, 165, 152, 139, 140, 141, 142, 155, 168]
[00:00:07:00:016] ! Bidirectional. expansions: 61,665, time: 420,016 [ms], path length: 94 [edges], g_F: 40, g_B: 54, generated: 0, MM: 14, MMPER: 13.736842105263158%
[00:00:07:00:016] 
---------- mazes/13x13_maze_with_1_open_diamonds_9 ----------
[00:00:00:49:920] Expansion 10,000: state None, f=96, g=74
[00:00:01:30:133] Expansion 20,000: state None, f=95, g=42
[00:00:02:06:969] Expansion 30,000: state None, f=94, g=57
[00:00:02:44:156] Expansion 40,000: state None, f=93, g=60
[00:00:03:12:592] Path of length 92 found: [0, 1, 2, 3, 4, 17, 30, 31, 32, 19, 6, 7, 8, 9, 10, 11, 12, 25, 38, 37, 36, 49, 62, 61, 74, 87, 88, 89, 90, 103, 116, 115, 114, 113, 126, 125, 112, 111, 98, 99, 86, 85, 84, 71, 58, 57, 56, 55, 54, 41, 28, 27, 26, 39, 52, 65, 78, 79, 92, 105, 106, 107, 108, 109, 110, 123, 124, 137, 136, 135, 134, 133, 132, 131, 130, 143, 156, 157, 158, 159, 160, 161, 162, 163, 164, 165, 152, 139, 140, 141, 142, 155, 168]
[00:00:03:12:594] ! Unidirectional s-t. expansions: 46,529, time: 192,592 [ms], path length: 92 [edges], generated: 70,258
[00:00:00:50:025] Expansion 10,000: state None, f=105, g=30
[00:00:01:31:516] Expansion 20,000: state None, f=103, g=54
[00:00:02:11:402] Expansion 30,000: state None, f=102, g=42
[00:00:02:52:547] Expansion 40,000: state None, f=101, g=48
[00:00:03:32:697] Expansion 50,000: state None, f=100, g=42
[00:00:04:12:082] Expansion 60,000: state None, f=99, g=56
[00:00:04:49:368] Expansion 70,000: state None, f=98, g=59
[00:00:05:25:643] Expansion 80,000: state None, f=98, g=36
[00:00:06:02:416] Expansion 90,000: state None, f=97, g=53
[00:00:06:38:211] Expansion 100,000: state None, f=96, g=57
[00:00:07:11:779] Expansion 110,000: state None, f=96, g=49
[00:00:07:50:460] Expansion 120,000: state None, f=95, g=69
[00:00:08:22:506] Expansion 130,000: state None, f=95, g=51
[00:00:08:58:236] Expansion 140,000: state None, f=94, g=75
[00:00:09:27:003] Expansion 150,000: state None, f=94, g=65
[00:00:09:59:248] Expansion 160,000: state None, f=94, g=60
[00:00:10:37:442] Expansion 170,000: state None, f=94, g=32
[00:00:11:08:206] Expansion 180,000: state None, f=93, g=63
[00:00:11:42:529] Expansion 190,000: state None, f=93, g=50
[00:00:12:17:455] Path of length 92 found: [168, 155, 142, 141, 140, 139, 152, 165, 164, 163, 162, 161, 160, 159, 158, 157, 156, 143, 130, 131, 132, 133, 134, 135, 122, 109, 110, 123, 136, 137, 138, 125, 124, 111, 98, 85, 86, 99, 112, 113, 114, 115, 116, 103, 90, 89, 88, 87, 74, 61, 62, 63, 64, 51, 38, 25, 12, 11, 10, 9, 8, 7, 6, 19, 32, 45, 58, 71, 84, 83, 82, 81, 80, 79, 78, 65, 52, 39, 26, 27, 28, 41, 54, 55, 56, 43, 30, 17, 4, 3, 2, 1, 0]
[00:00:12:17:456] ! Unidirectional t-s. expansions: 198,274, time: 737,455 [ms], path length: 92 [edges], generated: 276,295
[00:00:05:31:532] Expansions: 50,000. F states: 14,274, B states: 55,680. Checks: 197,860)
[00:00:10:04:583] Expansions: 100,000. F states: 35,781, B states: 104,396. Checks: 392,424)
[00:00:14:16:940] Expansions: 150,000. F states: 69,214, B states: 142,926. Checks: 585,299)
[00:00:18:31:254] Expansions: 200,000. F states: 85,755, B states: 197,858. Checks: 790,260)
[00:00:23:31:927] Expansions: 250,000. F states: 123,720, B states: 236,440. Checks: 990,041)
[00:00:29:00:254] Path of length 92 found: [0, 1, 2, 3, 4, 17, 30, 43, 56, 55, 54, 41, 28, 27, 26, 39, 52, 65, 78, 79, 92, 105, 106, 107, 108, 109, 122, 123, 110, 111, 98, 99, 86, 85, 84, 71, 58, 45, 32, 19, 6, 7, 8, 9, 10, 11, 12, 25, 38, 37, 36, 49, 62, 61, 74, 87, 88, 89, 90, 103, 116, 115, 114, 113, 126, 125, 138, 137, 136, 135, 134, 133, 132, 131, 130, 143, 156, 157, 158, 159, 160, 161, 162, 163, 164, 165, 152, 139, 140, 141, 142, 155, 168]
[00:00:29:00:256] ! Bidirectional. expansions: 289,076, time: 1,740,254 [ms], path length: 92 [edges], g_F: 31, g_B: 61, generated: 0, MM: 30, MMPER: 31.258064516129032%

[00:00:29:00:256] average expansions: (33,374, 56,280, 94,012, 0)
[00:00:29:00:256] average time: (153,833, 237,084, 637,050, 0)
[00:00:29:00:256] XA*: 33,374 , 153,833 (expansions , time[ms])
[00:00:29:00:257] BiXA*: 94,012 , 637,050 (expansions , time[ms])

