------------------------------------
Thu 01 Oct 2026 11:43:36 IDT
SLURM_JOBID:		21943416
SLURM_JOB_NODELIST:	ise-cpu256-11
SLURM_SCRATCH_DIR:	/scratch/shubit/21943416
Allocated Resouces:	cpu - 2 / mem - 61440 MB / gpu - 
SLURM_GPU_INDEX:	
Running as shubit from shimony account with normal QOS
------------------------------------
Thu 01 Oct 2026 11:43:36 IDT

SLURM_JOBID:		 21943416
SLURM_JOB_NODELIST:	 ise-cpu256-11 

--------------------------
date: mazes
number_of_graphs: 10
graph_type: maze
size_of_graphs: [13, 13]
heuristic: bcc_heuristic
snake: False
run_uni: True
run_bi: True
run_multi: False
solution_vertices: []
algorithms: ['A']
lookahead: -1
bsd: False
cube_first_dims: 4
cube_buffer_dim: None
backward_sym_generation: False
sym_coil: False
prefix_set: None

---------- mazes/13x13_maze_with_1_open_diamonds_0 ----------
[00:00:00:52:010] Expansion 10,000: state None, f=97, g=35
[00:00:01:43:715] Expansion 20,000: state None, f=95, g=20
[00:00:02:32:122] Expansion 30,000: state None, f=93, g=30
[00:00:02:40:135] Path of length 92 found: [0, 1, 2, 3, 4, 17, 30, 31, 32, 19, 6, 7, 8, 9, 10, 11, 12, 25, 38, 37, 36, 49, 62, 61, 60, 59, 58, 57, 56, 55, 54, 41, 28, 27, 26, 39, 52, 65, 78, 79, 80, 81, 82, 83, 84, 85, 86, 87, 88, 89, 90, 103, 116, 115, 114, 113, 112, 111, 110, 109, 122, 135, 134, 133, 132, 119, 120, 107, 106, 105, 118, 131, 130, 143, 156, 157, 144, 145, 146, 159, 160, 161, 162, 163, 164, 165, 152, 139, 140, 141, 142, 155, 168]
[00:00:02:40:136] ! Unidirectional s-t. expansions: 31,358, time: 160,135 [ms], path length: 92 [edges], generated: 47,235
[00:00:00:54:534] Expansion 10,000: state None, f=101, g=28
[00:00:01:45:177] Expansion 20,000: state None, f=99, g=45
[00:00:02:34:597] Expansion 30,000: state None, f=98, g=33
[00:00:03:23:898] Expansion 40,000: state None, f=97, g=38
[00:00:04:10:276] Expansion 50,000: state None, f=96, g=42
[00:00:05:01:901] Expansion 60,000: state None, f=95, g=60
[00:00:05:50:266] Expansion 70,000: state None, f=95, g=23
[00:00:06:34:259] Expansion 80,000: state None, f=94, g=43
[00:00:07:24:351] Expansion 90,000: state None, f=94, g=31
[00:00:08:08:090] Expansion 100,000: state None, f=93, g=45
[00:00:08:51:319] Path of length 92 found: [168, 155, 142, 141, 140, 139, 152, 165, 164, 163, 150, 137, 136, 135, 134, 133, 146, 159, 158, 157, 156, 143, 130, 131, 144, 145, 132, 119, 118, 105, 106, 107, 108, 109, 110, 111, 112, 113, 114, 115, 116, 103, 90, 89, 88, 87, 86, 85, 84, 83, 82, 81, 80, 79, 78, 65, 52, 39, 26, 27, 28, 41, 54, 55, 56, 57, 58, 59, 60, 61, 62, 63, 64, 51, 38, 25, 12, 11, 10, 9, 8, 7, 6, 19, 32, 31, 30, 17, 4, 3, 2, 1, 0]
[00:00:08:51:320] ! Unidirectional t-s. expansions: 108,293, time: 531,319 [ms], path length: 92 [edges], generated: 154,445
[00:00:01:41:217] Path of length 92 found: [0, 1, 2, 3, 4, 17, 30, 31, 32, 19, 6, 7, 8, 9, 10, 11, 12, 25, 38, 37, 36, 49, 62, 61, 60, 59, 58, 57, 56, 55, 54, 41, 28, 27, 26, 39, 52, 65, 78, 79, 80, 81, 82, 83, 84, 85, 86, 87, 88, 89, 90, 103, 116, 115, 114, 113, 112, 111, 110, 109, 108, 107, 106, 105, 118, 119, 132, 131, 130, 143, 156, 157, 144, 145, 158, 159, 146, 133, 134, 135, 136, 137, 150, 163, 164, 165, 152, 139, 140, 141, 142, 155, 168]
[00:00:01:41:218] ! Bidirectional. expansions: 29,195, time: 101,217 [ms], path length: 92 [edges], g_F: 47, g_B: 45, generated: 0, MM: 2, MMPER: 1.150537634408602%
[00:00:01:41:218] 
---------- mazes/13x13_maze_with_1_open_diamonds_1 ----------
[00:00:00:56:346] Expansion 10,000: state None, f=98, g=40
[00:00:01:48:447] Expansion 20,000: state None, f=95, g=36
[00:00:02:37:451] Expansion 30,000: state None, f=93, g=35
[00:00:03:26:577] Expansion 40,000: state None, f=92, g=23
[00:00:04:11:227] Expansion 50,000: state None, f=91, g=30
[00:00:04:18:056] Path of length 90 found: [0, 1, 2, 15, 28, 27, 26, 39, 52, 53, 54, 41, 42, 29, 16, 3, 4, 17, 30, 43, 56, 57, 58, 45, 32, 19, 6, 7, 8, 9, 10, 11, 12, 25, 38, 37, 36, 49, 62, 61, 74, 87, 88, 89, 90, 103, 116, 115, 114, 113, 112, 99, 86, 85, 84, 83, 82, 81, 80, 79, 92, 105, 106, 107, 108, 109, 122, 135, 134, 133, 132, 131, 130, 143, 156, 157, 158, 159, 160, 161, 162, 163, 164, 165, 152, 139, 140, 141, 142, 155, 168]
[00:00:04:18:058] ! Unidirectional s-t. expansions: 51,198, time: 258,056 [ms], path length: 90 [edges], generated: 69,643
[00:00:00:06:332] Path of length 90 found: [168, 155, 142, 141, 140, 139, 152, 165, 164, 163, 162, 161, 160, 159, 158, 157, 156, 143, 130, 131, 132, 133, 134, 135, 122, 109, 108, 107, 106, 105, 92, 79, 80, 81, 82, 83, 84, 85, 86, 99, 112, 113, 114, 115, 116, 103, 90, 89, 88, 87, 74, 61, 62, 63, 64, 51, 38, 25, 12, 11, 10, 9, 8, 7, 6, 19, 32, 45, 58, 57, 56, 43, 30, 17, 4, 3, 16, 29, 42, 55, 54, 53, 52, 39, 26, 27, 28, 15, 2, 1, 0]
[00:00:00:06:332] ! Unidirectional t-s. expansions: 1,606, time: 6,332 [ms], path length: 90 [edges], generated: 2,500
[00:00:01:51:626] Path of length 90 found: [0, 1, 2, 3, 4, 17, 16, 15, 28, 27, 26, 39, 52, 53, 54, 41, 42, 29, 30, 43, 56, 57, 58, 45, 32, 19, 6, 7, 8, 9, 10, 11, 12, 25, 38, 37, 36, 49, 62, 61, 74, 87, 88, 89, 90, 103, 116, 115, 114, 113, 112, 99, 86, 85, 84, 83, 82, 81, 80, 79, 92, 105, 106, 107, 108, 109, 122, 135, 134, 133, 132, 131, 130, 143, 156, 157, 158, 159, 160, 161, 162, 163, 164, 165, 152, 139, 140, 141, 142, 155, 168]
[00:00:01:51:627] ! Bidirectional. expansions: 32,905, time: 111,627 [ms], path length: 90 [edges], g_F: 46, g_B: 44, generated: 0, MM: 2, MMPER: 1.197802197802198%
[00:00:01:51:627] 
---------- mazes/13x13_maze_with_1_open_diamonds_2 ----------
[00:00:00:51:543] Expansion 10,000: state None, f=96, g=47
[00:00:01:38:800] Expansion 20,000: state None, f=94, g=34
[00:00:02:22:423] Path of length 92 found: [0, 1, 2, 3, 4, 17, 30, 43, 56, 55, 54, 41, 28, 27, 26, 39, 52, 65, 78, 79, 80, 81, 82, 83, 70, 57, 58, 45, 32, 19, 6, 7, 8, 9, 10, 11, 12, 25, 38, 37, 36, 49, 62, 61, 60, 59, 72, 71, 84, 85, 86, 87, 88, 89, 90, 103, 116, 115, 114, 113, 112, 99, 98, 111, 110, 97, 96, 109, 122, 135, 134, 133, 132, 131, 130, 143, 156, 157, 158, 159, 160, 161, 162, 163, 164, 165, 152, 139, 140, 141, 142, 155, 168]
[00:00:02:22:425] ! Unidirectional s-t. expansions: 29,436, time: 142,424 [ms], path length: 92 [edges], generated: 44,753
[00:00:00:45:306] Expansion 10,000: state None, f=96, g=49
[00:00:01:29:328] Expansion 20,000: state None, f=94, g=44
[00:00:01:52:466] Path of length 92 found: [168, 155, 142, 141, 140, 139, 152, 165, 164, 163, 162, 161, 160, 159, 158, 157, 156, 143, 130, 131, 132, 133, 134, 135, 122, 109, 110, 111, 112, 113, 114, 115, 116, 103, 90, 89, 88, 87, 86, 99, 98, 85, 72, 59, 60, 61, 62, 63, 64, 51, 38, 25, 12, 11, 10, 9, 8, 7, 6, 19, 32, 45, 58, 57, 70, 71, 84, 97, 96, 83, 82, 81, 80, 79, 78, 65, 52, 39, 26, 27, 28, 41, 54, 55, 56, 43, 30, 17, 4, 3, 2, 1, 0]
[00:00:01:52:467] ! Unidirectional t-s. expansions: 25,253, time: 112,466 [ms], path length: 92 [edges], generated: 36,149
[00:00:00:11:366] Path of length 92 found: [0, 1, 2, 3, 4, 17, 30, 31, 32, 19, 6, 7, 8, 9, 10, 11, 12, 25, 38, 37, 36, 49, 62, 61, 60, 59, 58, 71, 72, 85, 98, 99, 86, 87, 88, 89, 90, 103, 116, 115, 114, 113, 112, 111, 110, 97, 84, 83, 70, 57, 56, 55, 54, 41, 28, 27, 26, 39, 52, 65, 78, 79, 92, 105, 106, 107, 108, 109, 122, 135, 134, 133, 132, 131, 130, 143, 156, 157, 158, 159, 160, 161, 162, 163, 164, 165, 152, 139, 140, 141, 142, 155, 168]
[00:00:00:11:367] ! Bidirectional. expansions: 4,086, time: 11,366 [ms], path length: 92 [edges], g_F: 47, g_B: 45, generated: 0, MM: 2, MMPER: 1.150537634408602%
[00:00:00:11:367] 
---------- mazes/13x13_maze_with_1_open_diamonds_3 ----------
[00:00:00:49:784] Expansion 10,000: state None, f=92, g=56
[00:00:01:36:804] Expansion 20,000: state None, f=91, g=34
[00:00:01:39:393] Path of length 90 found: [0, 1, 2, 3, 4, 17, 30, 31, 32, 19, 6, 7, 8, 9, 10, 11, 12, 25, 38, 37, 36, 49, 62, 61, 60, 59, 58, 57, 56, 55, 54, 41, 28, 27, 26, 39, 52, 65, 78, 79, 80, 81, 82, 83, 84, 85, 86, 87, 88, 89, 90, 103, 116, 129, 142, 141, 140, 139, 126, 113, 114, 115, 102, 101, 100, 99, 98, 111, 110, 109, 122, 135, 134, 133, 132, 131, 130, 143, 156, 157, 158, 159, 160, 161, 162, 163, 164, 165, 166, 167, 168]
[00:00:01:39:393] ! Unidirectional s-t. expansions: 20,437, time: 99,393 [ms], path length: 90 [edges], generated: 31,641
[00:00:00:54:157] Expansion 10,000: state None, f=98, g=58
[00:00:01:41:339] Expansion 20,000: state None, f=95, g=59
[00:00:02:26:303] Expansion 30,000: state None, f=93, g=58
[00:00:03:09:126] Expansion 40,000: state None, f=92, g=39
[00:00:03:53:308] Path of length 90 found: [168, 167, 166, 165, 164, 163, 162, 161, 160, 159, 158, 157, 156, 143, 130, 131, 132, 133, 134, 135, 122, 109, 110, 111, 98, 85, 86, 99, 112, 113, 126, 139, 140, 141, 142, 129, 116, 115, 114, 101, 102, 103, 90, 89, 88, 87, 74, 61, 62, 63, 64, 51, 38, 25, 12, 11, 10, 9, 8, 7, 6, 19, 32, 45, 58, 71, 84, 83, 82, 81, 80, 79, 78, 65, 52, 39, 26, 27, 28, 41, 54, 55, 56, 43, 30, 17, 4, 3, 2, 1, 0]
[00:00:03:53:310] ! Unidirectional t-s. expansions: 49,826, time: 233,310 [ms], path length: 90 [edges], generated: 71,852
[00:00:01:36:914] Path of length 90 found: [0, 1, 2, 3, 4, 17, 30, 43, 56, 55, 54, 41, 28, 27, 26, 39, 52, 65, 78, 79, 80, 81, 82, 83, 84, 71, 58, 45, 32, 19, 6, 7, 8, 9, 10, 11, 12, 25, 38, 37, 36, 49, 62, 61, 74, 87, 88, 101, 114, 115, 102, 89, 90, 103, 116, 129, 142, 141, 140, 139, 126, 113, 112, 99, 86, 85, 98, 111, 110, 109, 122, 135, 134, 133, 132, 131, 130, 143, 156, 157, 158, 159, 160, 161, 162, 163, 164, 165, 166, 167, 168]
[00:00:01:36:915] ! Bidirectional. expansions: 28,008, time: 96,914 [ms], path length: 90 [edges], g_F: 46, g_B: 44, generated: 0, MM: 2, MMPER: 1.197802197802198%
[00:00:01:36:915] 
---------- mazes/13x13_maze_with_1_open_diamonds_4 ----------
[00:00:00:52:196] Expansion 10,000: state None, f=97, g=59
[00:00:01:39:814] Expansion 20,000: state None, f=95, g=25
[00:00:02:21:187] Expansion 30,000: state None, f=93, g=51
[00:00:02:39:877] Path of length 92 found: [0, 1, 2, 3, 4, 17, 30, 31, 32, 19, 6, 7, 8, 9, 10, 11, 12, 25, 38, 37, 36, 49, 62, 61, 60, 59, 58, 57, 56, 55, 54, 41, 28, 27, 26, 39, 52, 65, 78, 79, 80, 81, 82, 83, 84, 85, 86, 87, 88, 89, 90, 103, 116, 115, 114, 113, 112, 111, 110, 109, 108, 107, 106, 119, 132, 131, 130, 143, 156, 157, 158, 159, 160, 147, 134, 133, 120, 121, 122, 123, 136, 137, 150, 163, 164, 165, 152, 139, 140, 141, 142, 155, 168]
[00:00:02:39:879] ! Unidirectional s-t. expansions: 33,576, time: 159,877 [ms], path length: 92 [edges], generated: 51,823
[00:00:00:49:452] Expansion 10,000: state None, f=101, g=32
[00:00:01:37:385] Expansion 20,000: state None, f=99, g=33
[00:00:02:21:765] Expansion 30,000: state None, f=97, g=50
[00:00:03:04:598] Expansion 40,000: state None, f=96, g=45
[00:00:03:49:718] Expansion 50,000: state None, f=95, g=38
[00:00:04:31:658] Expansion 60,000: state None, f=94, g=63
[00:00:05:17:397] Expansion 70,000: state None, f=93, g=77
[00:00:05:58:707] Expansion 80,000: state None, f=93, g=34
[00:00:06:11:985] Path of length 92 found: [168, 167, 166, 165, 152, 139, 140, 141, 142, 129, 116, 103, 90, 89, 88, 87, 74, 61, 62, 63, 64, 51, 38, 25, 12, 11, 10, 9, 8, 7, 6, 19, 32, 45, 58, 71, 84, 85, 86, 99, 112, 111, 110, 123, 136, 137, 150, 163, 162, 161, 160, 159, 158, 157, 156, 143, 130, 131, 132, 119, 106, 107, 120, 133, 134, 135, 122, 109, 108, 95, 82, 81, 80, 79, 78, 65, 52, 39, 26, 27, 28, 41, 54, 55, 56, 43, 30, 17, 4, 3, 2, 1, 0]
[00:00:06:11:985] ! Unidirectional t-s. expansions: 82,438, time: 371,985 [ms], path length: 92 [edges], generated: 118,601
[00:00:01:13:749] Path of length 92 found: [0, 1, 2, 3, 4, 17, 30, 43, 56, 55, 54, 41, 28, 27, 26, 39, 52, 65, 78, 79, 80, 81, 82, 95, 108, 107, 106, 119, 120, 121, 134, 133, 132, 131, 130, 143, 156, 157, 158, 159, 160, 161, 162, 163, 150, 137, 136, 135, 122, 109, 110, 111, 112, 99, 86, 85, 84, 71, 58, 45, 32, 19, 6, 7, 8, 9, 10, 11, 12, 25, 38, 51, 64, 63, 62, 61, 74, 87, 88, 89, 90, 103, 116, 129, 142, 141, 140, 139, 152, 165, 166, 167, 168]
[00:00:01:13:750] ! Bidirectional. expansions: 25,666, time: 73,749 [ms], path length: 92 [edges], g_F: 47, g_B: 45, generated: 0, MM: 2, MMPER: 1.150537634408602%
[00:00:01:13:750] 
---------- mazes/13x13_maze_with_1_open_diamonds_5 ----------
[00:00:00:49:997] Expansion 10,000: state None, f=98, g=46
[00:00:01:35:077] Expansion 20,000: state None, f=95, g=60
[00:00:02:19:835] Expansion 30,000: state None, f=93, g=71
[00:00:02:50:814] Path of length 92 found: [0, 1, 2, 3, 4, 17, 30, 31, 32, 19, 6, 7, 8, 9, 10, 11, 12, 25, 38, 37, 36, 49, 62, 61, 60, 59, 58, 57, 56, 55, 54, 41, 28, 27, 26, 39, 52, 65, 78, 79, 80, 81, 82, 83, 84, 85, 86, 87, 88, 89, 90, 103, 116, 115, 114, 113, 112, 111, 110, 109, 108, 107, 106, 105, 118, 131, 130, 143, 156, 157, 158, 159, 146, 133, 132, 119, 120, 121, 122, 135, 136, 137, 150, 163, 164, 165, 152, 139, 140, 141, 142, 155, 168]
[00:00:02:50:815] ! Unidirectional s-t. expansions: 36,897, time: 170,814 [ms], path length: 92 [edges], generated: 55,900
[00:00:00:48:479] Expansion 10,000: state None, f=100, g=50
[00:00:01:37:086] Expansion 20,000: state None, f=98, g=49
[00:00:02:24:045] Expansion 30,000: state None, f=97, g=24
[00:00:03:09:475] Expansion 40,000: state None, f=96, g=31
[00:00:03:57:713] Expansion 50,000: state None, f=95, g=17
[00:00:04:43:926] Expansion 60,000: state None, f=94, g=42
[00:00:05:33:556] Expansion 70,000: state None, f=93, g=50
[00:00:06:14:224] Path of length 92 found: [168, 167, 166, 165, 152, 139, 140, 141, 142, 129, 116, 103, 90, 89, 88, 87, 74, 61, 62, 63, 64, 51, 38, 25, 12, 11, 10, 9, 8, 7, 6, 19, 32, 45, 58, 71, 84, 85, 86, 99, 112, 111, 110, 109, 122, 135, 136, 137, 150, 163, 162, 161, 160, 159, 158, 157, 156, 143, 130, 131, 118, 105, 106, 119, 132, 133, 134, 121, 108, 107, 94, 81, 80, 79, 78, 65, 52, 39, 26, 27, 28, 41, 54, 55, 56, 43, 30, 17, 4, 3, 2, 1, 0]
[00:00:06:14:225] ! Unidirectional t-s. expansions: 77,683, time: 374,224 [ms], path length: 92 [edges], generated: 112,634
[00:00:01:23:247] Path of length 92 found: [0, 1, 2, 3, 4, 17, 30, 43, 56, 55, 54, 41, 28, 27, 26, 39, 52, 65, 78, 79, 80, 81, 94, 107, 106, 105, 118, 119, 120, 133, 132, 131, 130, 143, 156, 157, 158, 159, 160, 161, 162, 163, 150, 137, 136, 135, 122, 121, 108, 109, 110, 111, 112, 99, 86, 85, 84, 71, 58, 45, 32, 19, 6, 7, 8, 9, 10, 11, 12, 25, 38, 51, 64, 63, 62, 61, 74, 87, 88, 89, 90, 103, 116, 129, 142, 141, 140, 139, 152, 165, 166, 167, 168]
[00:00:01:23:249] ! Bidirectional. expansions: 24,609, time: 83,247 [ms], path length: 92 [edges], g_F: 47, g_B: 45, generated: 0, MM: 2, MMPER: 1.150537634408602%
[00:00:01:23:249] 
---------- mazes/13x13_maze_with_1_open_diamonds_6 ----------
[00:00:00:52:931] Expansion 10,000: state None, f=95, g=31
[00:00:01:35:335] Path of length 92 found: [0, 1, 2, 3, 4, 17, 30, 43, 56, 55, 54, 41, 28, 27, 26, 39, 52, 65, 78, 79, 80, 81, 82, 83, 84, 71, 58, 45, 32, 19, 6, 7, 8, 9, 10, 11, 12, 25, 38, 51, 64, 63, 62, 49, 36, 35, 34, 47, 60, 59, 72, 85, 86, 73, 74, 87, 88, 89, 90, 103, 116, 115, 114, 113, 112, 111, 110, 109, 122, 135, 134, 133, 132, 131, 130, 143, 156, 157, 158, 159, 160, 161, 162, 163, 164, 165, 152, 139, 140, 141, 142, 155, 168]
[00:00:01:35:336] ! Unidirectional s-t. expansions: 19,094, time: 95,335 [ms], path length: 92 [edges], generated: 28,635
[00:00:00:33:131] Path of length 92 found: [168, 155, 142, 141, 140, 139, 152, 165, 164, 163, 162, 161, 160, 159, 158, 157, 156, 143, 130, 131, 132, 133, 134, 135, 122, 109, 110, 111, 112, 113, 114, 115, 116, 103, 90, 89, 88, 75, 74, 87, 86, 73, 60, 47, 34, 35, 36, 49, 62, 63, 64, 51, 38, 25, 12, 11, 10, 9, 8, 7, 6, 19, 32, 45, 58, 59, 72, 85, 84, 83, 82, 81, 80, 79, 78, 65, 52, 39, 26, 27, 28, 41, 54, 55, 56, 43, 30, 17, 4, 3, 2, 1, 0]
[00:00:00:33:132] ! Unidirectional t-s. expansions: 7,298, time: 33,131 [ms], path length: 92 [edges], generated: 10,743
[00:00:00:05:940] Path of length 92 found: [0, 1, 2, 3, 4, 17, 30, 31, 32, 19, 6, 7, 8, 9, 10, 11, 12, 25, 38, 51, 64, 63, 62, 49, 36, 35, 34, 47, 60, 61, 74, 75, 88, 89, 90, 103, 116, 115, 114, 113, 112, 99, 86, 73, 72, 85, 84, 71, 58, 57, 56, 55, 54, 41, 28, 27, 26, 39, 52, 65, 78, 79, 92, 105, 106, 107, 108, 109, 122, 135, 134, 133, 132, 131, 130, 143, 156, 157, 158, 159, 160, 161, 162, 163, 164, 165, 152, 139, 140, 141, 142, 155, 168]
[00:00:00:05:941] ! Bidirectional. expansions: 2,042, time: 5,940 [ms], path length: 92 [edges], g_F: 47, g_B: 45, generated: 0, MM: 2, MMPER: 1.150537634408602%
[00:00:00:05:941] 
---------- mazes/13x13_maze_with_1_open_diamonds_7 ----------
[00:00:00:54:415] Expansion 10,000: state None, f=97, g=44
[00:00:01:46:487] Expansion 20,000: state None, f=95, g=19
[00:00:01:49:589] Path of length 94 found: [0, 1, 2, 3, 4, 17, 30, 31, 32, 19, 6, 7, 8, 9, 10, 11, 12, 25, 38, 51, 64, 63, 62, 49, 36, 35, 34, 21, 20, 33, 46, 47, 60, 61, 74, 87, 88, 89, 90, 103, 116, 115, 114, 113, 112, 99, 86, 85, 84, 71, 58, 57, 56, 55, 54, 41, 28, 27, 26, 39, 52, 65, 78, 79, 92, 105, 106, 107, 108, 109, 122, 135, 134, 133, 132, 131, 130, 143, 156, 157, 158, 159, 160, 161, 162, 163, 164, 165, 152, 139, 140, 141, 142, 155, 168]
[00:00:01:49:590] ! Unidirectional s-t. expansions: 20,473, time: 109,590 [ms], path length: 94 [edges], generated: 28,904
[00:00:00:06:889] Path of length 94 found: [168, 155, 142, 141, 140, 139, 152, 165, 164, 163, 162, 161, 160, 159, 158, 157, 156, 143, 130, 131, 132, 133, 134, 135, 122, 109, 108, 107, 106, 105, 92, 79, 78, 65, 52, 39, 26, 27, 28, 41, 54, 55, 56, 57, 58, 71, 84, 85, 86, 99, 112, 113, 114, 115, 116, 103, 90, 89, 88, 87, 74, 61, 60, 59, 46, 47, 34, 35, 36, 49, 62, 63, 64, 51, 38, 25, 12, 11, 10, 9, 8, 21, 20, 7, 6, 19, 32, 31, 30, 17, 4, 3, 2, 1, 0]
[00:00:00:06:889] ! Unidirectional t-s. expansions: 1,662, time: 6,889 [ms], path length: 94 [edges], generated: 2,602
[00:00:00:14:022] Path of length 94 found: [0, 1, 2, 3, 4, 17, 30, 31, 32, 19, 6, 7, 20, 21, 8, 9, 10, 11, 12, 25, 38, 51, 64, 63, 62, 49, 36, 35, 34, 33, 46, 47, 60, 61, 74, 87, 88, 89, 90, 103, 116, 115, 114, 113, 112, 99, 86, 85, 84, 71, 58, 57, 56, 55, 54, 41, 28, 27, 26, 39, 52, 65, 78, 79, 92, 105, 106, 107, 108, 109, 122, 135, 134, 133, 132, 131, 130, 143, 156, 157, 158, 159, 160, 161, 162, 163, 164, 165, 152, 139, 140, 141, 142, 155, 168]
[00:00:00:14:023] ! Bidirectional. expansions: 4,222, time: 14,023 [ms], path length: 94 [edges], g_F: 48, g_B: 46, generated: 0, MM: 2, MMPER: 1.1052631578947367%
[00:00:00:14:023] 
---------- mazes/13x13_maze_with_1_open_diamonds_8 ----------
[00:00:00:57:093] Expansion 10,000: state None, f=100, g=38
[00:00:01:50:891] Expansion 20,000: state None, f=97, g=58
[00:00:02:42:552] Expansion 30,000: state None, f=96, g=39
[00:00:03:30:901] Expansion 40,000: state None, f=95, g=47
[00:00:04:01:153] Path of length 94 found: [0, 1, 2, 3, 4, 17, 30, 31, 32, 19, 6, 7, 8, 9, 10, 11, 12, 25, 38, 37, 36, 35, 34, 47, 60, 59, 58, 57, 56, 55, 54, 41, 28, 27, 26, 39, 52, 65, 78, 79, 80, 81, 82, 83, 84, 85, 86, 87, 74, 61, 48, 49, 50, 51, 64, 63, 62, 75, 88, 89, 90, 103, 116, 115, 114, 113, 112, 111, 110, 109, 122, 135, 134, 133, 132, 131, 130, 143, 156, 157, 158, 159, 160, 161, 162, 163, 164, 165, 152, 139, 140, 141, 142, 155, 168]
[00:00:04:01:153] ! Unidirectional s-t. expansions: 44,747, time: 241,153 [ms], path length: 94 [edges], generated: 65,951
[00:00:00:42:688] Expansion 10,000: state None, f=95, g=46
[00:00:00:45:227] Path of length 94 found: [168, 155, 142, 141, 140, 139, 152, 165, 164, 163, 162, 161, 160, 159, 158, 157, 156, 143, 130, 131, 132, 133, 134, 135, 122, 109, 110, 111, 112, 113, 114, 115, 116, 103, 90, 89, 88, 75, 62, 63, 64, 51, 38, 25, 12, 11, 10, 9, 8, 7, 6, 19, 32, 45, 58, 59, 60, 47, 34, 35, 36, 37, 50, 49, 48, 61, 74, 87, 86, 85, 84, 83, 82, 81, 80, 79, 78, 65, 52, 39, 26, 27, 28, 41, 54, 55, 56, 43, 30, 17, 4, 3, 2, 1, 0]
[00:00:00:45:228] ! Unidirectional t-s. expansions: 10,465, time: 45,227 [ms], path length: 94 [edges], generated: 15,599
[00:00:00:14:986] Path of length 94 found: [0, 1, 2, 3, 4, 17, 30, 43, 56, 55, 54, 41, 28, 27, 26, 39, 52, 65, 78, 79, 80, 81, 82, 83, 84, 85, 86, 87, 74, 61, 48, 35, 34, 47, 60, 59, 58, 45, 32, 19, 6, 7, 8, 9, 10, 11, 12, 25, 38, 37, 36, 49, 50, 51, 64, 63, 62, 75, 88, 89, 90, 103, 116, 115, 114, 113, 112, 111, 110, 109, 122, 135, 134, 133, 132, 131, 130, 143, 156, 157, 158, 159, 160, 161, 162, 163, 164, 165, 152, 139, 140, 141, 142, 155, 168]
[00:00:00:14:987] ! Bidirectional. expansions: 4,684, time: 14,986 [ms], path length: 94 [edges], g_F: 48, g_B: 46, generated: 0, MM: 2, MMPER: 1.1052631578947367%
[00:00:00:14:987] 
---------- mazes/13x13_maze_with_1_open_diamonds_9 ----------
[00:00:00:56:071] Expansion 10,000: state None, f=96, g=74
[00:00:01:42:761] Expansion 20,000: state None, f=95, g=42
[00:00:02:23:260] Expansion 30,000: state None, f=94, g=57
[00:00:03:05:122] Expansion 40,000: state None, f=93, g=60
[00:00:03:38:376] Path of length 92 found: [0, 1, 2, 3, 4, 17, 30, 31, 32, 19, 6, 7, 8, 9, 10, 11, 12, 25, 38, 37, 36, 49, 62, 61, 74, 87, 88, 89, 90, 103, 116, 115, 114, 113, 126, 125, 112, 111, 98, 99, 86, 85, 84, 71, 58, 57, 56, 55, 54, 41, 28, 27, 26, 39, 52, 65, 78, 79, 92, 105, 106, 107, 108, 109, 110, 123, 124, 137, 136, 135, 134, 133, 132, 131, 130, 143, 156, 157, 158, 159, 160, 161, 162, 163, 164, 165, 152, 139, 140, 141, 142, 155, 168]
[00:00:03:38:377] ! Unidirectional s-t. expansions: 46,529, time: 218,376 [ms], path length: 92 [edges], generated: 70,258
[00:00:00:57:814] Expansion 10,000: state None, f=105, g=30
[00:00:01:51:047] Expansion 20,000: state None, f=103, g=54
[00:00:02:41:098] Expansion 30,000: state None, f=102, g=42
[00:00:03:32:085] Expansion 40,000: state None, f=101, g=48
[00:00:04:21:529] Expansion 50,000: state None, f=100, g=42
[00:00:05:12:688] Expansion 60,000: state None, f=99, g=56
[00:00:06:00:839] Expansion 70,000: state None, f=98, g=59
[00:00:06:47:726] Expansion 80,000: state None, f=98, g=36
[00:00:07:35:157] Expansion 90,000: state None, f=97, g=53
[00:00:08:21:166] Expansion 100,000: state None, f=96, g=57
[00:00:09:04:889] Expansion 110,000: state None, f=96, g=49
[00:00:09:55:631] Expansion 120,000: state None, f=95, g=69
[00:00:10:36:610] Expansion 130,000: state None, f=95, g=51
[00:00:11:22:549] Expansion 140,000: state None, f=94, g=75
[00:00:11:59:766] Expansion 150,000: state None, f=94, g=65
[00:00:12:41:914] Expansion 160,000: state None, f=94, g=60
[00:00:13:32:032] Expansion 170,000: state None, f=94, g=32
[00:00:14:11:253] Expansion 180,000: state None, f=93, g=63
[00:00:14:55:238] Expansion 190,000: state None, f=93, g=50
[00:00:15:42:334] Path of length 92 found: [168, 155, 142, 141, 140, 139, 152, 165, 164, 163, 162, 161, 160, 159, 158, 157, 156, 143, 130, 131, 132, 133, 134, 135, 122, 109, 110, 123, 136, 137, 138, 125, 124, 111, 98, 85, 86, 99, 112, 113, 114, 115, 116, 103, 90, 89, 88, 87, 74, 61, 62, 63, 64, 51, 38, 25, 12, 11, 10, 9, 8, 7, 6, 19, 32, 45, 58, 71, 84, 83, 82, 81, 80, 79, 78, 65, 52, 39, 26, 27, 28, 41, 54, 55, 56, 43, 30, 17, 4, 3, 2, 1, 0]
[00:00:15:42:338] ! Unidirectional t-s. expansions: 198,274, time: 942,335 [ms], path length: 92 [edges], generated: 276,295
[00:00:02:40:747] Expansions: 50,000. F states: 41,417, B states: 38,848. Checks: 80,266)
[00:00:03:16:008] Path of length 92 found: [0, 1, 2, 3, 4, 17, 30, 31, 32, 19, 6, 7, 8, 9, 10, 11, 12, 25, 38, 37, 36, 49, 62, 61, 60, 59, 58, 57, 56, 55, 54, 41, 28, 27, 26, 39, 52, 65, 78, 79, 92, 105, 106, 107, 108, 109, 122, 123, 124, 111, 112, 99, 98, 85, 86, 87, 88, 89, 90, 103, 116, 115, 114, 113, 126, 125, 138, 137, 136, 135, 134, 133, 132, 131, 130, 143, 156, 157, 158, 159, 160, 161, 162, 163, 164, 165, 152, 139, 140, 141, 142, 155, 168]
[00:00:03:16:010] ! Bidirectional. expansions: 58,191, time: 196,008 [ms], path length: 92 [edges], g_F: 47, g_B: 45, generated: 0, MM: 2, MMPER: 1.150537634408602%

[00:00:03:16:010] average expansions: (33,374, 56,280, 21,361, 0)
[00:00:03:16:010] average time: (165,515, 265,722, 70,908, 0)
[00:00:03:16:010] XA*: 33,374 , 165,515 (expansions , time[ms])
[00:00:03:16:010] BiXA*: 21,361 , 70,908 (expansions , time[ms])

