------------------------------------
Thu 01 Oct 2026 13:13:40 IDT
SLURM_JOBID:		21945179
SLURM_JOB_NODELIST:	ise-cpu256-09
SLURM_SCRATCH_DIR:	/scratch/shubit/21945179
Allocated Resouces:	cpu - 2 / mem - 61440 MB / gpu - 
SLURM_GPU_INDEX:	
Running as shubit from shimony account with normal QOS
------------------------------------
Thu 01 Oct 2026 13:13:40 IDT

SLURM_JOBID:		 21945179
SLURM_JOB_NODELIST:	 ise-cpu256-09 

--------------------------
date: mazes
number_of_graphs: 10
graph_type: maze
size_of_graphs: [13, 13]
heuristic: bcc_heuristic
snake: False
run_uni: True
run_bi: True
run_multi: False
solution_vertices: []
algorithms: ['IDA']
lookahead: -2
bsd: False
cube_first_dims: 4
cube_buffer_dim: None
backward_sym_generation: False
sym_coil: False
prefix_set: None

---------- mazes/13x13_maze_with_1_open_diamonds_0 ----------
[00:00:09:35:434] Valid states checked so far: 200,000, Expansions: 135,842, Global best: 0
[00:00:12:57:086] Path of length 92 found: [0, 1, 2, 3, 4, 17, 30, 31, 32, 19, 6, 7, 8, 9, 10, 11, 12, 25, 38, 37, 36, 49, 62, 61, 60, 59, 58, 57, 56, 55, 54, 41, 28, 27, 26, 39, 52, 65, 78, 79, 80, 81, 82, 83, 84, 85, 86, 87, 88, 89, 90, 103, 116, 115, 114, 113, 112, 111, 110, 109, 108, 107, 106, 105, 118, 131, 130, 143, 156, 157, 158, 159, 146, 145, 132, 119, 120, 133, 134, 135, 136, 137, 150, 163, 164, 165, 152, 139, 140, 141, 142, 155, 168]
[00:00:12:57:086] ! Unidirectional s-t. expansions: 187,034, time: 777,086 [ms], path length: 92 [edges], generated: 275,614
[00:00:09:42:740] Valid states checked so far: 200,000, Expansions: 136,841, Global best: 61
[00:00:19:16:500] Valid states checked so far: 400,000, Expansions: 277,847, Global best: 61
[00:00:28:34:482] Valid states checked so far: 600,000, Expansions: 417,555, Global best: 61
[00:00:37:53:420] Valid states checked so far: 800,000, Expansions: 559,339, Global best: 61
[00:00:47:01:106] Valid states checked so far: 1,000,000, Expansions: 700,584, Global best: 61
[00:00:51:06:156] Path of length 92 found: [168, 155, 142, 141, 140, 139, 152, 165, 164, 163, 150, 137, 136, 135, 134, 133, 120, 119, 132, 145, 146, 159, 158, 157, 156, 143, 130, 131, 118, 105, 106, 107, 108, 109, 110, 111, 112, 113, 114, 115, 116, 103, 90, 89, 88, 87, 86, 85, 84, 83, 82, 81, 80, 79, 78, 65, 52, 39, 26, 27, 28, 41, 54, 55, 56, 57, 58, 59, 60, 61, 62, 63, 64, 51, 38, 25, 12, 11, 10, 9, 8, 7, 6, 19, 32, 31, 30, 17, 4, 3, 2, 1, 0]
[00:00:51:06:156] ! Unidirectional t-s. expansions: 760,532, time: 3,066,156 [ms], path length: 92 [edges], generated: 1,083,141
[00:00:01:46:007] Path of length 92 found: [0, 1, 2, 3, 4, 17, 30, 31, 32, 19, 6, 7, 8, 9, 10, 11, 12, 25, 38, 37, 36, 49, 62, 61, 60, 59, 58, 57, 56, 55, 54, 41, 28, 27, 26, 39, 52, 65, 78, 79, 80, 81, 82, 83, 84, 85, 86, 87, 88, 89, 90, 103, 116, 115, 114, 113, 112, 111, 110, 109, 122, 135, 134, 133, 120, 107, 106, 105, 118, 119, 132, 131, 130, 143, 156, 157, 144, 145, 146, 159, 160, 161, 162, 163, 164, 165, 152, 139, 140, 141, 142, 155, 168]
[00:00:01:46:008] ! Bidirectional. expansions: 22,308, time: 106,007 [ms], path length: 92 [edges], g_F: 77, g_B: 15, generated: 0, MM: 62, MMPER: 65.66666666666667%
[00:00:01:46:008] 
---------- mazes/13x13_maze_with_1_open_diamonds_1 ----------
[00:00:10:20:910] Valid states checked so far: 200,000, Expansions: 138,053, Global best: 0
[00:00:20:01:901] Valid states checked so far: 400,000, Expansions: 284,400, Global best: 0
[00:00:22:07:450] Path of length 90 found: [0, 13, 26, 39, 52, 53, 54, 41, 28, 15, 2, 3, 4, 17, 16, 29, 30, 43, 42, 55, 56, 57, 58, 45, 32, 19, 6, 7, 8, 9, 10, 11, 12, 25, 38, 37, 36, 49, 62, 61, 74, 87, 88, 89, 90, 103, 116, 115, 114, 113, 112, 99, 86, 85, 84, 83, 82, 81, 80, 79, 92, 105, 106, 107, 108, 109, 122, 135, 134, 133, 132, 131, 130, 143, 156, 157, 158, 159, 160, 161, 162, 163, 164, 165, 152, 139, 140, 141, 142, 155, 168]
[00:00:22:07:450] ! Unidirectional s-t. expansions: 317,774, time: 1,327,450 [ms], path length: 90 [edges], generated: 445,090
[00:00:00:24:859] Path of length 90 found: [168, 155, 142, 141, 140, 139, 152, 165, 164, 163, 162, 161, 160, 159, 158, 157, 156, 143, 130, 131, 132, 133, 134, 135, 122, 109, 108, 107, 106, 105, 92, 79, 80, 81, 82, 83, 84, 85, 86, 99, 112, 113, 114, 115, 116, 103, 90, 89, 88, 87, 74, 61, 62, 63, 64, 51, 38, 25, 12, 11, 10, 9, 8, 7, 6, 19, 32, 45, 58, 57, 56, 43, 30, 17, 4, 3, 2, 15, 16, 29, 28, 41, 42, 55, 54, 53, 52, 39, 26, 13, 0]
[00:00:00:24:859] ! Unidirectional t-s. expansions: 6,424, time: 24,859 [ms], path length: 90 [edges], generated: 9,834
[00:00:01:34:517] Path of length 90 found: [0, 13, 26, 39, 52, 53, 54, 41, 28, 15, 2, 3, 4, 17, 16, 29, 30, 43, 42, 55, 56, 57, 58, 45, 32, 19, 6, 7, 8, 9, 10, 11, 12, 25, 38, 51, 64, 63, 62, 61, 74, 87, 88, 89, 90, 103, 116, 115, 114, 113, 112, 99, 86, 85, 84, 83, 82, 81, 80, 79, 92, 105, 106, 107, 108, 109, 122, 135, 134, 133, 132, 131, 130, 143, 156, 157, 158, 159, 160, 161, 162, 163, 164, 165, 152, 139, 140, 141, 142, 155, 168]
[00:00:01:34:517] ! Bidirectional. expansions: 23,708, time: 94,517 [ms], path length: 90 [edges], g_F: 24, g_B: 66, generated: 0, MM: 42, MMPER: 45.15384615384615%
[00:00:01:34:517] 
---------- mazes/13x13_maze_with_1_open_diamonds_2 ----------
[00:00:07:27:889] Path of length 92 found: [0, 1, 2, 3, 4, 17, 30, 43, 56, 55, 54, 41, 28, 27, 26, 39, 52, 65, 78, 79, 80, 81, 82, 83, 70, 57, 58, 45, 32, 19, 6, 7, 8, 9, 10, 11, 12, 25, 38, 37, 36, 49, 62, 61, 60, 59, 72, 71, 84, 85, 98, 99, 86, 87, 88, 89, 90, 103, 116, 115, 114, 113, 112, 111, 110, 97, 96, 109, 122, 135, 134, 133, 132, 131, 130, 143, 156, 157, 158, 159, 160, 161, 162, 163, 164, 165, 152, 139, 140, 141, 142, 155, 168]
[00:00:07:27:889] ! Unidirectional s-t. expansions: 112,777, time: 447,889 [ms], path length: 92 [edges], generated: 174,980
[00:00:07:35:983] Path of length 92 found: [168, 155, 142, 141, 140, 139, 152, 165, 164, 163, 162, 161, 160, 159, 158, 157, 156, 143, 130, 131, 132, 133, 134, 135, 122, 109, 108, 107, 106, 105, 92, 79, 78, 65, 52, 39, 26, 27, 28, 41, 54, 55, 56, 57, 70, 83, 96, 97, 110, 111, 98, 99, 112, 113, 114, 115, 116, 103, 90, 89, 88, 87, 86, 85, 84, 71, 72, 59, 60, 61, 62, 63, 64, 51, 38, 25, 12, 11, 10, 9, 8, 7, 6, 19, 32, 31, 30, 17, 4, 3, 2, 1, 0]
[00:00:07:35:984] ! Unidirectional t-s. expansions: 131,362, time: 455,983 [ms], path length: 92 [edges], generated: 188,651
[00:00:00:57:549] Path of length 92 found: [0, 1, 2, 3, 4, 17, 30, 43, 56, 55, 54, 41, 28, 27, 26, 39, 52, 65, 78, 79, 80, 81, 82, 83, 70, 57, 58, 45, 32, 19, 6, 7, 8, 9, 10, 11, 12, 25, 38, 37, 36, 49, 62, 61, 60, 59, 72, 71, 84, 85, 98, 99, 86, 87, 88, 89, 90, 103, 116, 115, 114, 113, 112, 111, 110, 97, 96, 109, 122, 135, 134, 133, 132, 131, 130, 143, 156, 157, 158, 159, 160, 161, 162, 163, 164, 165, 152, 139, 140, 141, 142, 155, 168]
[00:00:00:57:549] ! Bidirectional. expansions: 15,317, time: 57,549 [ms], path length: 92 [edges], g_F: 67, g_B: 25, generated: 0, MM: 42, MMPER: 44.16129032258065%
[00:00:00:57:549] 
---------- mazes/13x13_maze_with_1_open_diamonds_3 ----------
[00:00:04:56:024] Path of length 90 found: [0, 1, 2, 3, 4, 17, 30, 43, 56, 55, 54, 41, 28, 27, 26, 39, 52, 65, 78, 79, 80, 81, 82, 83, 84, 71, 58, 45, 32, 19, 6, 7, 8, 9, 10, 11, 12, 25, 38, 37, 36, 49, 62, 61, 74, 87, 86, 85, 98, 99, 100, 101, 88, 89, 90, 103, 102, 115, 116, 129, 142, 141, 140, 139, 126, 113, 112, 111, 110, 109, 122, 135, 134, 133, 132, 131, 130, 143, 156, 157, 158, 159, 160, 161, 162, 163, 164, 165, 166, 167, 168]
[00:00:04:56:024] ! Unidirectional s-t. expansions: 74,318, time: 296,024 [ms], path length: 90 [edges], generated: 117,966
[00:00:09:15:597] Valid states checked so far: 200,000, Expansions: 140,048, Global best: 59
[00:00:17:46:526] Valid states checked so far: 400,000, Expansions: 280,311, Global best: 79
[00:00:20:58:278] Path of length 90 found: [168, 167, 166, 165, 164, 163, 162, 161, 160, 159, 158, 157, 156, 143, 130, 131, 132, 133, 134, 135, 122, 109, 108, 107, 106, 105, 92, 79, 78, 65, 52, 39, 26, 27, 28, 41, 54, 55, 56, 57, 58, 71, 84, 85, 98, 111, 112, 99, 100, 113, 126, 139, 140, 141, 142, 129, 116, 103, 90, 89, 102, 115, 114, 101, 88, 87, 74, 61, 62, 63, 64, 51, 38, 25, 12, 11, 10, 9, 8, 7, 6, 19, 32, 31, 30, 17, 4, 3, 2, 1, 0]
[00:00:20:58:278] ! Unidirectional t-s. expansions: 333,804, time: 1,258,278 [ms], path length: 90 [edges], generated: 476,230
[00:00:02:10:902] Path of length 90 found: [0, 1, 2, 3, 4, 17, 30, 31, 32, 19, 6, 7, 8, 9, 10, 11, 12, 25, 38, 37, 36, 49, 62, 61, 60, 59, 58, 57, 56, 55, 54, 41, 28, 27, 26, 39, 52, 65, 78, 79, 80, 81, 82, 83, 84, 85, 86, 87, 88, 101, 114, 115, 102, 89, 90, 103, 116, 129, 142, 141, 140, 139, 126, 113, 100, 99, 98, 111, 110, 109, 122, 135, 134, 133, 132, 131, 130, 143, 156, 157, 158, 159, 160, 161, 162, 163, 164, 165, 166, 167, 168]
[00:00:02:10:903] ! Bidirectional. expansions: 29,981, time: 130,902 [ms], path length: 90 [edges], g_F: 65, g_B: 25, generated: 0, MM: 40, MMPER: 42.956043956043956%
[00:00:02:10:903] 
---------- mazes/13x13_maze_with_1_open_diamonds_4 ----------
[00:00:08:51:631] Valid states checked so far: 200,000, Expansions: 129,736, Global best: 0
[00:00:11:58:382] Path of length 92 found: [0, 1, 2, 3, 4, 17, 30, 43, 56, 55, 54, 41, 28, 27, 26, 39, 52, 65, 78, 79, 80, 81, 82, 95, 108, 107, 106, 119, 132, 131, 130, 143, 156, 157, 158, 159, 160, 161, 162, 163, 150, 137, 136, 135, 134, 133, 120, 121, 122, 109, 110, 111, 112, 99, 86, 85, 84, 71, 58, 45, 32, 19, 6, 7, 8, 9, 10, 11, 12, 25, 38, 37, 36, 49, 62, 61, 74, 87, 88, 89, 90, 103, 116, 129, 142, 141, 140, 139, 152, 165, 166, 167, 168]
[00:00:11:58:382] ! Unidirectional s-t. expansions: 179,090, time: 718,382 [ms], path length: 92 [edges], generated: 275,197
[00:00:09:18:036] Valid states checked so far: 200,000, Expansions: 138,664, Global best: 61
[00:00:18:13:150] Valid states checked so far: 400,000, Expansions: 278,215, Global best: 61
[00:00:26:58:492] Valid states checked so far: 600,000, Expansions: 417,695, Global best: 81
[00:00:33:17:863] Path of length 92 found: [168, 167, 166, 165, 152, 139, 140, 141, 142, 129, 116, 103, 90, 89, 88, 87, 74, 61, 62, 63, 64, 51, 38, 25, 12, 11, 10, 9, 8, 7, 6, 19, 32, 45, 58, 71, 84, 85, 86, 99, 112, 111, 110, 109, 122, 123, 136, 137, 150, 163, 162, 161, 160, 159, 158, 157, 156, 143, 130, 131, 132, 119, 106, 107, 120, 133, 134, 121, 108, 95, 82, 81, 80, 79, 78, 65, 52, 39, 26, 27, 28, 41, 54, 55, 56, 43, 30, 17, 4, 3, 2, 1, 0]
[00:00:33:17:864] ! Unidirectional t-s. expansions: 518,882, time: 1,997,864 [ms], path length: 92 [edges], generated: 744,724
[00:00:03:45:982] Path of length 92 found: [0, 1, 2, 3, 4, 17, 30, 31, 32, 19, 6, 7, 8, 9, 10, 11, 12, 25, 38, 37, 36, 49, 62, 61, 60, 59, 58, 57, 56, 55, 54, 41, 28, 27, 26, 39, 52, 65, 78, 79, 92, 105, 106, 119, 120, 133, 132, 131, 130, 143, 156, 157, 158, 159, 160, 147, 134, 135, 122, 109, 108, 95, 82, 83, 84, 85, 86, 87, 88, 89, 90, 103, 116, 115, 114, 113, 112, 111, 110, 123, 136, 137, 150, 163, 164, 165, 152, 139, 140, 141, 142, 155, 168]
[00:00:03:45:983] ! Bidirectional. expansions: 53,607, time: 225,982 [ms], path length: 92 [edges], g_F: 60, g_B: 32, generated: 0, MM: 28, MMPER: 29.107526881720432%
[00:00:03:45:983] 
---------- mazes/13x13_maze_with_1_open_diamonds_5 ----------
[00:00:09:00:690] Valid states checked so far: 200,000, Expansions: 131,780, Global best: 0
[00:00:13:38:607] Path of length 92 found: [0, 1, 2, 3, 4, 17, 30, 43, 56, 55, 54, 41, 28, 27, 26, 39, 52, 65, 78, 79, 80, 81, 94, 107, 106, 105, 118, 131, 130, 143, 156, 157, 158, 159, 160, 161, 162, 163, 150, 137, 136, 135, 134, 133, 132, 119, 120, 121, 108, 109, 110, 111, 112, 99, 86, 85, 84, 71, 58, 45, 32, 19, 6, 7, 8, 9, 10, 11, 12, 25, 38, 37, 36, 49, 62, 61, 74, 87, 88, 89, 90, 103, 116, 129, 142, 141, 140, 139, 152, 165, 166, 167, 168]
[00:00:13:38:607] ! Unidirectional s-t. expansions: 202,651, time: 818,607 [ms], path length: 92 [edges], generated: 306,255
[00:00:09:21:588] Valid states checked so far: 200,000, Expansions: 136,896, Global best: 61
[00:00:18:15:478] Valid states checked so far: 400,000, Expansions: 275,132, Global best: 61
[00:00:26:58:751] Valid states checked so far: 600,000, Expansions: 413,267, Global best: 81
[00:00:30:14:644] Path of length 92 found: [168, 167, 166, 165, 152, 139, 140, 141, 142, 129, 116, 103, 90, 89, 88, 87, 74, 61, 62, 63, 64, 51, 38, 25, 12, 11, 10, 9, 8, 7, 6, 19, 32, 45, 58, 71, 84, 85, 86, 99, 112, 111, 110, 109, 108, 121, 122, 135, 136, 137, 150, 163, 162, 161, 160, 159, 158, 157, 156, 143, 130, 131, 118, 105, 106, 119, 132, 133, 120, 107, 94, 81, 80, 79, 78, 65, 52, 39, 26, 27, 28, 41, 54, 55, 56, 43, 30, 17, 4, 3, 2, 1, 0]
[00:00:30:14:645] ! Unidirectional t-s. expansions: 467,402, time: 1,814,644 [ms], path length: 92 [edges], generated: 677,505
[00:00:03:47:644] Path of length 92 found: [0, 1, 2, 3, 4, 17, 30, 31, 32, 19, 6, 7, 8, 9, 10, 11, 12, 25, 38, 37, 36, 49, 62, 61, 60, 59, 58, 57, 56, 55, 54, 41, 28, 27, 26, 39, 52, 65, 78, 79, 92, 105, 118, 119, 132, 131, 130, 143, 156, 157, 158, 159, 146, 133, 134, 121, 108, 107, 94, 81, 82, 83, 84, 85, 86, 87, 88, 89, 90, 103, 116, 115, 114, 113, 112, 111, 110, 109, 122, 135, 136, 137, 150, 163, 164, 165, 152, 139, 140, 141, 142, 155, 168]
[00:00:03:47:645] ! Bidirectional. expansions: 54,312, time: 227,645 [ms], path length: 92 [edges], g_F: 57, g_B: 35, generated: 0, MM: 22, MMPER: 22.655913978494624%
[00:00:03:47:645] 
---------- mazes/13x13_maze_with_1_open_diamonds_6 ----------
[00:00:04:58:674] Path of length 92 found: [0, 1, 2, 3, 4, 17, 30, 43, 56, 55, 54, 41, 28, 27, 26, 39, 52, 65, 78, 79, 80, 81, 82, 83, 84, 71, 58, 45, 32, 19, 6, 7, 8, 9, 10, 11, 12, 25, 38, 51, 64, 63, 62, 49, 36, 35, 34, 47, 60, 59, 72, 85, 86, 73, 74, 87, 88, 89, 90, 103, 116, 115, 114, 113, 112, 111, 110, 109, 122, 135, 134, 133, 132, 131, 130, 143, 156, 157, 158, 159, 160, 161, 162, 163, 164, 165, 152, 139, 140, 141, 142, 155, 168]
[00:00:04:58:674] ! Unidirectional s-t. expansions: 75,385, time: 298,674 [ms], path length: 92 [edges], generated: 115,096
[00:00:01:58:667] Path of length 92 found: [168, 155, 142, 141, 140, 139, 152, 165, 164, 163, 162, 161, 160, 159, 158, 157, 156, 143, 130, 131, 132, 133, 134, 135, 122, 109, 108, 107, 106, 105, 92, 79, 78, 65, 52, 39, 26, 27, 28, 41, 54, 55, 56, 57, 58, 71, 84, 85, 72, 73, 86, 99, 112, 113, 114, 115, 116, 103, 90, 89, 88, 87, 74, 61, 60, 47, 34, 35, 36, 49, 62, 63, 64, 51, 38, 25, 12, 11, 10, 9, 8, 7, 6, 19, 32, 31, 30, 17, 4, 3, 2, 1, 0]
[00:00:01:58:667] ! Unidirectional t-s. expansions: 33,287, time: 118,667 [ms], path length: 92 [edges], generated: 48,881
[00:00:00:26:543] Path of length 92 found: [0, 1, 2, 3, 4, 17, 30, 43, 56, 55, 54, 41, 28, 27, 26, 39, 52, 65, 78, 79, 80, 81, 82, 83, 84, 71, 58, 45, 32, 19, 6, 7, 8, 9, 10, 11, 12, 25, 38, 51, 64, 63, 62, 49, 36, 35, 34, 47, 60, 59, 72, 85, 86, 73, 74, 75, 88, 89, 90, 103, 116, 115, 114, 113, 112, 111, 110, 109, 122, 135, 134, 133, 132, 131, 130, 143, 156, 157, 158, 159, 160, 161, 162, 163, 164, 165, 152, 139, 140, 141, 142, 155, 168]
[00:00:00:26:544] ! Bidirectional. expansions: 6,744, time: 26,543 [ms], path length: 92 [edges], g_F: 54, g_B: 38, generated: 0, MM: 16, MMPER: 16.204301075268816%
[00:00:00:26:544] 
---------- mazes/13x13_maze_with_1_open_diamonds_7 ----------
[00:00:07:06:233] Path of length 94 found: [0, 1, 2, 3, 4, 17, 30, 31, 32, 19, 6, 7, 20, 21, 8, 9, 10, 11, 12, 25, 38, 51, 64, 63, 62, 49, 36, 35, 34, 33, 46, 47, 60, 61, 74, 87, 88, 89, 90, 103, 116, 115, 114, 113, 112, 99, 86, 85, 84, 71, 58, 57, 56, 55, 54, 41, 28, 27, 26, 39, 52, 65, 78, 79, 92, 105, 106, 107, 108, 109, 122, 135, 134, 133, 132, 131, 130, 143, 156, 157, 158, 159, 160, 161, 162, 163, 164, 165, 152, 139, 140, 141, 142, 155, 168]
[00:00:07:06:234] ! Unidirectional s-t. expansions: 105,005, time: 426,234 [ms], path length: 94 [edges], generated: 149,965
[00:00:00:21:978] Path of length 94 found: [168, 155, 142, 141, 140, 139, 152, 165, 164, 163, 162, 161, 160, 159, 158, 157, 156, 143, 130, 131, 132, 133, 134, 135, 122, 109, 108, 107, 106, 105, 92, 79, 78, 65, 52, 39, 26, 27, 28, 41, 54, 55, 56, 57, 58, 71, 84, 85, 86, 99, 112, 113, 114, 115, 116, 103, 90, 89, 88, 87, 74, 61, 60, 59, 46, 47, 34, 35, 36, 49, 62, 63, 64, 51, 38, 25, 12, 11, 10, 9, 8, 21, 20, 7, 6, 19, 32, 31, 30, 17, 4, 3, 2, 1, 0]
[00:00:00:21:979] ! Unidirectional t-s. expansions: 7,028, time: 21,978 [ms], path length: 94 [edges], generated: 10,824
[00:00:00:11:920] Path of length 94 found: [0, 1, 2, 3, 4, 17, 30, 31, 32, 19, 6, 7, 20, 21, 8, 9, 10, 11, 12, 25, 38, 51, 64, 63, 62, 49, 36, 35, 34, 33, 46, 47, 60, 61, 74, 87, 88, 89, 90, 103, 116, 115, 114, 113, 112, 99, 86, 85, 84, 71, 58, 57, 56, 55, 54, 41, 28, 27, 26, 39, 52, 65, 78, 79, 92, 105, 106, 107, 108, 109, 122, 135, 134, 133, 132, 131, 130, 143, 156, 157, 158, 159, 160, 161, 162, 163, 164, 165, 152, 139, 140, 141, 142, 155, 168]
[00:00:00:11:920] ! Bidirectional. expansions: 2,835, time: 11,920 [ms], path length: 94 [edges], g_F: 50, g_B: 44, generated: 0, MM: 6, MMPER: 5.315789473684211%
[00:00:00:11:920] 
---------- mazes/13x13_maze_with_1_open_diamonds_8 ----------
[00:00:09:18:033] Valid states checked so far: 200,000, Expansions: 134,787, Global best: 0
[00:00:15:08:011] Path of length 94 found: [0, 1, 2, 3, 4, 17, 30, 43, 56, 55, 54, 41, 28, 27, 26, 39, 52, 65, 78, 79, 80, 81, 82, 83, 84, 85, 86, 87, 74, 61, 48, 35, 34, 47, 60, 59, 58, 45, 32, 19, 6, 7, 8, 9, 10, 11, 12, 25, 38, 37, 36, 49, 50, 51, 64, 63, 62, 75, 88, 89, 90, 103, 116, 115, 114, 113, 112, 111, 110, 109, 122, 135, 134, 133, 132, 131, 130, 143, 156, 157, 158, 159, 160, 161, 162, 163, 164, 165, 152, 139, 140, 141, 142, 155, 168]
[00:00:15:08:011] ! Unidirectional s-t. expansions: 223,275, time: 908,011 [ms], path length: 94 [edges], generated: 328,846
[00:00:02:20:422] Path of length 94 found: [168, 155, 142, 141, 140, 139, 152, 165, 164, 163, 162, 161, 160, 159, 158, 157, 156, 143, 130, 131, 132, 133, 134, 135, 122, 109, 108, 107, 106, 105, 92, 79, 78, 65, 52, 39, 26, 27, 28, 41, 54, 55, 56, 57, 58, 71, 84, 85, 86, 99, 112, 113, 114, 115, 116, 103, 90, 89, 88, 87, 74, 75, 62, 49, 48, 61, 60, 47, 34, 35, 36, 37, 50, 63, 64, 51, 38, 25, 12, 11, 10, 9, 8, 7, 6, 19, 32, 31, 30, 17, 4, 3, 2, 1, 0]
[00:00:02:20:423] ! Unidirectional t-s. expansions: 42,731, time: 140,422 [ms], path length: 94 [edges], generated: 64,078
[00:00:00:14:864] Path of length 94 found: [0, 1, 2, 3, 4, 17, 30, 43, 56, 55, 54, 41, 28, 27, 26, 39, 52, 65, 78, 79, 80, 81, 82, 83, 84, 85, 86, 87, 74, 61, 48, 35, 34, 47, 60, 59, 58, 45, 32, 19, 6, 7, 8, 9, 10, 11, 12, 25, 38, 37, 36, 49, 50, 51, 64, 63, 62, 75, 88, 89, 90, 103, 116, 115, 114, 113, 112, 111, 110, 109, 122, 135, 134, 133, 132, 131, 130, 143, 156, 157, 158, 159, 160, 161, 162, 163, 164, 165, 152, 139, 140, 141, 142, 155, 168]
[00:00:00:14:865] ! Bidirectional. expansions: 3,364, time: 14,865 [ms], path length: 94 [edges], g_F: 56, g_B: 38, generated: 0, MM: 18, MMPER: 17.94736842105263%
[00:00:00:14:865] 
---------- mazes/13x13_maze_with_1_open_diamonds_9 ----------
[00:00:08:08:313] Valid states checked so far: 200,000, Expansions: 125,139, Global best: 87
[00:00:10:25:811] Path of length 92 found: [0, 1, 2, 3, 4, 17, 30, 43, 56, 55, 54, 41, 28, 27, 26, 39, 52, 65, 78, 79, 92, 105, 106, 107, 108, 109, 122, 135, 134, 133, 132, 131, 130, 143, 156, 157, 158, 159, 160, 161, 162, 163, 150, 137, 136, 123, 110, 111, 124, 125, 126, 113, 112, 99, 98, 85, 84, 71, 58, 45, 32, 19, 6, 7, 8, 9, 10, 11, 12, 25, 38, 37, 36, 49, 62, 61, 74, 87, 88, 89, 90, 103, 116, 129, 142, 141, 140, 139, 152, 165, 166, 167, 168]
[00:00:10:25:812] ! Unidirectional s-t. expansions: 164,193, time: 625,812 [ms], path length: 92 [edges], generated: 259,005
[00:00:09:29:163] Valid states checked so far: 200,000, Expansions: 143,904, Global best: 61
[00:00:18:49:367] Valid states checked so far: 400,000, Expansions: 290,273, Global best: 61
[00:00:27:47:460] Valid states checked so far: 600,000, Expansions: 436,981, Global best: 61
[00:00:36:42:121] Valid states checked so far: 800,000, Expansions: 581,904, Global best: 61
[00:00:45:27:371] Valid states checked so far: 1,000,000, Expansions: 727,223, Global best: 61
[00:00:53:55:185] Valid states checked so far: 1,200,000, Expansions: 870,618, Global best: 61
[00:01:02:26:480] Valid states checked so far: 1,400,000, Expansions: 1,015,238, Global best: 61
[00:01:11:10:240] Valid states checked so far: 1,600,000, Expansions: 1,159,714, Global best: 61
[00:01:19:50:549] Valid states checked so far: 1,800,000, Expansions: 1,303,139, Global best: 81
[00:01:28:31:178] Valid states checked so far: 2,000,000, Expansions: 1,446,953, Global best: 81
[00:01:28:45:400] Path of length 92 found: [168, 167, 166, 165, 152, 139, 140, 141, 142, 129, 116, 103, 90, 89, 88, 87, 74, 61, 62, 63, 64, 51, 38, 25, 12, 11, 10, 9, 8, 7, 6, 19, 32, 45, 58, 71, 84, 85, 86, 99, 98, 111, 112, 113, 126, 125, 138, 137, 150, 163, 162, 161, 160, 159, 158, 157, 156, 143, 130, 131, 132, 133, 134, 135, 136, 123, 110, 109, 108, 107, 106, 105, 92, 79, 78, 65, 52, 39, 26, 27, 28, 41, 54, 55, 56, 43, 30, 17, 4, 3, 2, 1, 0]
[00:01:28:45:400] ! Unidirectional t-s. expansions: 1,450,301, time: 5,325,400 [ms], path length: 92 [edges], generated: 2,004,831
[00:00:07:22:256] Path of length 92 found: [0, 1, 2, 3, 4, 17, 30, 43, 56, 55, 54, 41, 28, 27, 26, 39, 52, 65, 78, 79, 92, 105, 106, 107, 108, 109, 122, 123, 110, 111, 98, 99, 86, 85, 84, 71, 58, 45, 32, 19, 6, 7, 8, 9, 10, 11, 12, 25, 38, 37, 36, 49, 62, 61, 74, 87, 88, 89, 90, 103, 116, 129, 142, 141, 140, 139, 126, 113, 112, 125, 124, 137, 136, 135, 134, 133, 132, 131, 130, 143, 156, 157, 158, 159, 160, 161, 162, 163, 164, 165, 166, 167, 168]
[00:00:07:22:256] ! Bidirectional. expansions: 108,317, time: 442,256 [ms], path length: 92 [edges], g_F: 71, g_B: 21, generated: 0, MM: 50, MMPER: 52.763440860215056%

[00:00:07:22:257] average expansions: (164,150, 375,175, 32,049, 0)
[00:00:07:22:257] average time: (664,417, 1,422,425, 133,819, 0)
[00:00:07:22:257] XIDA: 164,150 , 664,417 (expansions , time[ms])
[00:00:07:22:257] BiXIDA: 32,049 , 133,819 (expansions , time[ms])

