--------------------------
date: SM_Grids
number_of_graphs: 10
graph_type: grid
size_of_graphs: [9, 9]
heuristic: bcc_heuristic
snake: True
run_uni: True
run_bi: True
run_multi: False
solution_vertices: []
algorithms: ['A']
lookahead: 1
bsd: False
cube_first_dims: 4
cube_buffer_dim: None
backward_sym_generation: False
sym_coil: False
prefix_set: None

---------- SM_Grids/9x9_grid_with_random_blocks_8per_0 ----------
[00:00:00:52:348] Expansion 10,000: state None, f=50, g=24
[00:00:01:38:360] Expansion 20,000: state None, f=49, g=17
[00:00:01:50:488] Path of length 48 found: [0, 1, 2, 3, 4, 5, 6, 7, 8, 17, 26, 25, 24, 23, 22, 31, 30, 29, 20, 19, 18, 27, 36, 37, 46, 55, 54, 63, 72, 73, 74, 75, 66, 57, 48, 49, 50, 41, 42, 43, 44, 53, 62, 61, 60, 69, 78, 79, 80]
[00:00:01:50:490] ! Unidirectional s-t. expansions: 22,169, time: 110,488 [ms], path length: 48 [edges], generated: 38,386
[00:00:00:56:889] Expansion 10,000: state None, f=50, g=29
[00:00:01:43:972] Expansion 20,000: state None, f=49, g=29
[00:00:02:29:598] Expansion 30,000: state None, f=49, g=15
[00:00:02:39:590] Path of length 48 found: [80, 79, 78, 77, 76, 75, 74, 73, 72, 63, 54, 55, 56, 57, 48, 49, 50, 59, 60, 61, 62, 53, 44, 43, 42, 33, 24, 25, 26, 17, 8, 7, 6, 5, 14, 13, 22, 31, 30, 29, 38, 37, 36, 27, 18, 19, 10, 1, 0]
[00:00:02:39:592] ! Unidirectional t-s. expansions: 31,590, time: 159,590 [ms], path length: 48 [edges], generated: 52,961
[00:00:01:52:415] Expansion 10,000: F [0, 9, 18, 27, 36, 37, 38, 29, 20, 11, 12, 3, 4, 5, 6, 7, 8, 17, 26, 35, 34], B [80, 71, 62, 61], f=51, g=23
[00:00:03:43:321] Expansion 20,000: F [0, 1, 2, 11, 20, 19, 18, 27, 36, 37, 38], B [80, 79, 78, 77, 68, 59, 60, 61, 52, 43, 44, 35, 26, 17, 8, 7, 6, 5, 4, 13, 22], f=50, g=30
[00:00:05:13:095] Expansion 30,000: F [0, 1, 2, 3, 12, 13, 14, 5, 6, 7, 8, 17, 26, 35, 44, 43, 42, 33], B [80, 79, 78, 69, 60, 59, 50], f=50, g=23
[00:00:06:49:597] Expansion 40,000: F [0, 9, 18, 27, 36, 37, 38, 29, 30, 31, 32], B [80, 79, 78, 77, 76, 75, 74, 73, 72, 63, 54, 55, 56, 57, 48, 49, 50, 59, 60, 61, 62, 53, 44, 35, 34], f=49, g=34
[00:00:08:01:680] Expansion 50,000: F [0, 1, 2, 3, 12, 13, 14, 5, 6, 7, 16, 25, 26, 35, 44, 43, 42, 33, 32, 31, 40, 49, 48, 57, 56], B [80, 71, 62, 61, 60, 59, 68, 77, 76, 75, 74], f=49, g=34
[00:00:09:31:254] Expansion 60,000: F [0, 1, 10, 19, 20, 29, 38, 37, 36, 45, 54, 63], B [80, 71, 62, 61, 52, 43, 44, 35, 26, 17, 16, 7, 6, 5], f=49, g=24
[00:00:11:10:770] Expansion 70,000: F [0, 9, 18, 19, 20, 11, 12, 13, 14, 5, 6, 7, 16, 17, 26, 35, 44], B [80, 79, 78, 69, 68, 59], f=49, g=21
[00:00:13:11:643] Expansion 80,000: F [0, 1, 2, 11, 12, 13, 22], B [80, 71, 62, 53, 52, 43], f=49, g=11
[00:00:13:14:992] Path of length 48 found: [0, 9, 18, 27, 36, 37, 46, 55, 54, 63, 72, 73, 74, 75, 66, 57, 48, 49, 40, 31, 30, 29, 20, 11, 2, 3, 4, 5, 6, 7, 8, 17, 26, 25, 24, 33, 42, 43, 44, 53, 62, 61, 60, 59, 68, 77, 78, 79, 80]
[00:00:13:15:805] ! Bidirectional. expansions: 80,185, time: 794,993 [ms], path length: 48 [edges], g_F: 28, g_B: 20, generated: {'F': 67,053, 'B': 70,840}, MM: 8, MMPER: 15.326530612244898%
[00:00:13:15:805] 
---------- SM_Grids/9x9_grid_with_random_blocks_8per_1 ----------
[00:00:00:50:940] Expansion 10,000: state None, f=46, g=25
[00:00:01:32:963] Expansion 20,000: state None, f=45, g=26
[00:00:01:59:793] Path of length 44 found: [0, 1, 2, 3, 12, 13, 14, 5, 6, 7, 8, 17, 26, 25, 34, 43, 44, 53, 62, 61, 60, 51, 50, 41, 32, 31, 30, 29, 20, 19, 18, 27, 36, 45, 46, 47, 48, 57, 66, 75, 76, 77, 78, 79, 80]
[00:00:01:59:796] ! Unidirectional s-t. expansions: 26,137, time: 119,794 [ms], path length: 44 [edges], generated: 44,737
[00:00:01:01:936] Expansion 10,000: state None, f=47, g=23
[00:00:01:51:185] Expansion 20,000: state None, f=46, g=21
[00:00:02:38:970] Expansion 30,000: state None, f=45, g=21
[00:00:03:24:155] Path of length 44 found: [80, 79, 70, 61, 62, 53, 44, 43, 42, 51, 50, 59, 68, 77, 76, 75, 66, 57, 48, 47, 46, 37, 36, 27, 18, 19, 20, 29, 30, 31, 32, 23, 24, 25, 26, 17, 8, 7, 6, 5, 4, 3, 2, 1, 0]
[00:00:03:24:157] ! Unidirectional t-s. expansions: 38,507, time: 204,155 [ms], path length: 44 [edges], generated: 68,342
[00:00:02:00:935] Expansion 10,000: F [0, 1, 2, 3, 12, 13, 14, 5, 6, 7, 16, 25, 34, 35, 44, 53, 52, 51, 42, 41, 32, 31, 30], B [80, 79, 70, 69], f=48, g=25
[00:00:03:41:274] Expansion 20,000: F [0, 1, 2, 3, 4, 13, 22, 31, 30, 29, 20, 19, 18, 27, 36, 37, 46, 47, 48], B [80, 79, 78, 77, 76, 75, 66], f=47, g=24
[00:00:05:24:492] Expansion 30,000: F [0, 1, 2, 3, 12, 13, 14, 15, 6, 7, 8, 17, 26, 35, 44, 53, 52, 51, 42, 33, 32, 31], B [80, 71, 70, 69, 78, 77, 76, 75, 66, 57], f=46, g=30
[00:00:06:50:587] Expansion 40,000: F [0, 1, 10, 19, 18, 27, 36, 45], B [80, 79, 78, 69, 60, 61, 52, 53, 44, 35, 34, 33, 32], f=46, g=19
[00:00:08:25:072] Expansion 50,000: F [0, 1, 2, 3, 12, 13, 14, 15, 6, 7, 8, 17, 26, 35, 44, 53, 62, 61, 60, 51, 42, 33, 32, 31], B [80, 79, 78, 77, 76, 67], f=45, g=28
[00:00:09:53:576] Expansion 60,000: F [0, 1, 2, 3, 4, 5, 6, 7, 8, 17, 26, 35, 34, 33, 24, 23, 22, 31, 30, 29, 20, 19], B [80, 79, 78, 77, 68], f=45, g=25
[00:00:11:36:960] Expansion 70,000: F [0, 9, 18, 27, 36, 45, 46, 47, 48], B [80, 79, 78, 69, 60, 61, 52, 43, 42, 41, 40], f=45, g=18
[00:00:12:13:997] Path of length 44 found: [0, 9, 18, 27, 36, 37, 46, 47, 48, 57, 66, 75, 76, 77, 78, 69, 60, 51, 50, 41, 40, 31, 30, 29, 20, 11, 2, 3, 4, 13, 14, 15, 6, 7, 8, 17, 26, 25, 34, 43, 44, 53, 62, 71, 80]
[00:00:12:14:841] ! Bidirectional. expansions: 72,702, time: 733,997 [ms], path length: 44 [edges], g_F: 12, g_B: 32, generated: {'F': 66,301, 'B': 63,322}, MM: 20, MMPER: 43.44444444444444%
[00:00:12:14:841] 
---------- SM_Grids/9x9_grid_with_random_blocks_8per_2 ----------
[00:00:00:55:823] Expansion 10,000: state None, f=49, g=19
[00:00:01:16:591] Path of length 48 found: [0, 9, 10, 11, 2, 3, 4, 5, 6, 7, 16, 25, 26, 35, 44, 53, 52, 51, 42, 33, 32, 23, 22, 21, 30, 29, 28, 27, 36, 45, 54, 63, 72, 73, 74, 65, 56, 47, 48, 49, 58, 67, 76, 77, 78, 69, 70, 71, 80]
[00:00:01:16:596] ! Unidirectional s-t. expansions: 13,872, time: 76,591 [ms], path length: 48 [edges], generated: 24,133
[00:00:01:01:703] Expansion 10,000: state None, f=49, g=35
[00:00:01:42:006] Path of length 48 found: [80, 79, 70, 61, 62, 53, 44, 35, 26, 25, 16, 7, 6, 5, 4, 3, 2, 11, 20, 21, 22, 31, 32, 33, 42, 51, 50, 59, 68, 67, 76, 75, 74, 73, 72, 63, 54, 55, 56, 57, 48, 39, 38, 37, 28, 27, 18, 9, 0]
[00:00:01:42:009] ! Unidirectional t-s. expansions: 17,250, time: 102,006 [ms], path length: 48 [edges], generated: 31,216
[00:00:02:04:878] Expansion 10,000: F [0, 9, 10, 19], B [80, 71, 70, 69, 78, 77, 76, 75, 74, 73, 72, 63, 54, 55, 56, 57, 48, 39], f=50, g=20
[00:00:03:46:858] Expansion 20,000: F [0, 9, 18, 27, 36, 45, 54, 55, 64, 73, 74, 75, 76, 67, 58, 57, 48, 47, 38, 29], B [80, 79, 70, 61, 62, 53, 44, 35], f=49, g=26
[00:00:05:35:718] Expansion 30,000: F [0, 9, 18, 27, 36, 37, 46, 55, 54, 63, 72, 73, 74, 75, 66, 57, 48, 39, 30, 29], B [80, 71, 70, 69, 68, 59, 50], f=49, g=25
[00:00:05:46:427] Path of length 48 found: [0, 9, 18, 27, 28, 37, 38, 39, 48, 57, 56, 55, 54, 63, 72, 73, 74, 75, 76, 67, 68, 59, 50, 51, 42, 33, 32, 31, 22, 21, 20, 11, 2, 3, 4, 5, 6, 7, 16, 25, 26, 35, 44, 53, 62, 61, 70, 79, 80]
[00:00:05:47:261] ! Bidirectional. expansions: 30,667, time: 346,427 [ms], path length: 48 [edges], g_F: 34, g_B: 14, generated: {'F': 28,812, 'B': 25,753}, MM: 20, MMPER: 39.816326530612244%
[00:00:05:47:261] 
---------- SM_Grids/9x9_grid_with_random_blocks_8per_3 ----------
[00:00:00:56:968] Expansion 10,000: state None, f=49, g=27
[00:00:01:47:645] Expansion 20,000: state None, f=48, g=34
[00:00:02:35:727] Expansion 30,000: state None, f=48, g=19
[00:00:03:20:576] Expansion 40,000: state None, f=47, g=25
[00:00:04:04:175] Expansion 50,000: state None, f=47, g=20
[00:00:04:56:179] Expansion 60,000: state None, f=47, g=15
[00:00:05:02:755] Path of length 46 found: [0, 1, 10, 19, 18, 27, 36, 37, 38, 29, 30, 21, 12, 3, 4, 5, 6, 7, 16, 25, 24, 33, 32, 41, 40, 49, 48, 57, 56, 55, 54, 63, 72, 73, 74, 75, 76, 67, 68, 59, 60, 51, 52, 53, 62, 71, 80]
[00:00:05:02:758] ! Unidirectional s-t. expansions: 61,182, time: 302,755 [ms], path length: 46 [edges], generated: 104,704
[00:00:01:11:178] Expansion 10,000: state None, f=50, g=14
[00:00:02:00:647] Expansion 20,000: state None, f=49, g=11
[00:00:02:41:912] Expansion 30,000: state None, f=48, g=24
[00:00:03:33:467] Expansion 40,000: state None, f=47, g=33
[00:00:04:16:159] Expansion 50,000: state None, f=47, g=26
[00:00:05:04:742] Expansion 60,000: state None, f=47, g=29
[00:00:05:41:054] Path of length 46 found: [80, 71, 70, 69, 78, 77, 76, 67, 58, 57, 56, 65, 74, 73, 72, 63, 54, 45, 46, 37, 38, 39, 30, 31, 32, 41, 50, 51, 52, 53, 44, 35, 34, 25, 16, 7, 6, 5, 4, 13, 12, 11, 20, 19, 18, 9, 0]
[00:00:05:41:058] ! Unidirectional t-s. expansions: 67,430, time: 341,055 [ms], path length: 46 [edges], generated: 116,574
[00:00:02:07:490] Expansion 10,000: F [0, 1, 10, 11, 20, 29, 28, 27, 36, 45], B [80, 79, 78, 77, 76, 75, 74], f=51, g=15
[00:00:04:11:780] Expansion 20,000: F [0, 9, 10], B [80, 71, 62, 53, 44, 35, 34, 33, 32, 41, 40, 39, 48, 57], f=50, g=15
[00:00:05:50:220] Expansion 30,000: F [0, 1, 10, 19, 20, 21, 12, 3, 4, 5], B [80, 71, 70, 69, 78, 77, 76, 75, 74, 73, 64, 55, 54, 45, 36, 37, 38, 47, 48, 57], f=49, g=28
[00:00:07:27:241] Expansion 40,000: F [0, 9, 18, 19, 28, 37, 36, 45, 54, 63, 72, 73], B [80, 79, 78, 77, 68, 59, 60, 51, 52, 53, 44, 35, 34, 33], f=49, g=24
[00:00:09:22:437] Expansion 50,000: F [0, 1, 2, 11, 20, 29, 38, 37, 46, 55, 54, 63, 72], B [80, 71, 70], f=49, g=14
[00:00:10:36:767] Expansion 60,000: F [0, 9, 10], B [80, 71, 62, 53, 52, 43, 34, 33, 32, 31, 40, 39, 48, 57, 58, 59, 60, 69, 78, 77, 76, 75, 74, 73, 64, 55, 46, 45, 36, 27], f=48, g=31
[00:00:12:03:659] Expansion 70,000: F [0, 1, 10, 19, 28, 37, 36, 45, 54, 63, 72, 73, 74, 65, 56], B [80, 71, 62, 53, 52, 43, 34, 33, 24, 15], f=48, g=23
[00:00:13:35:507] Expansion 80,000: F [0, 1, 2, 3, 4, 13, 14, 15, 24, 25, 34, 35, 44], B [80, 71, 70, 69, 78, 77, 76, 67, 58, 57, 48, 39], f=48, g=23
[00:00:15:21:301] Expansion 90,000: F [0, 9, 18, 27, 28, 29, 30, 21, 12, 13, 4, 5, 6, 7], B [80, 79, 70, 69], f=48, g=16
[00:00:16:52:238] Expansion 100,000: F [0, 1, 2, 3, 4, 13, 14, 15], B [80, 71, 62, 53, 52, 51, 60, 69, 78, 77, 76, 67, 58, 57, 56, 65, 74, 73, 72, 63, 54, 45, 46, 37, 28, 19, 20, 21, 30], f=47, g=35
[00:00:16:52:239] Expansions: 100,000. Checks - state_vs_state: 0, prefix: 387,727
[00:00:16:52:240] Expansions: 100,000. Checks - state_vs_state: 0, prefix: 387,728
[00:00:16:52:241] Expansions: 100,000. Checks - state_vs_state: 0, prefix: 387,729
[00:00:16:52:244] Expansions: 100,000. Checks - state_vs_state: 0, prefix: 387,730
[00:00:16:52:245] Expansions: 100,000. Checks - state_vs_state: 0, prefix: 387,731
[00:00:18:09:487] Expansion 110,000: F [0, 1, 2, 3, 4, 5, 6, 7], B [80, 79, 70, 69, 68, 77, 76, 75, 74, 73, 72, 63, 54, 45, 36, 27, 28, 19, 20, 21, 30, 39, 38, 47, 56], f=47, g=31
[00:00:19:35:595] Expansion 120,000: F [0, 9, 10, 11, 2, 3, 4, 5], B [80, 79, 78, 77, 76, 75, 74, 73, 72, 63, 54, 45, 36, 27, 28, 29, 38, 47, 48, 49], f=47, g=26
[00:00:21:05:654] Expansion 130,000: F [0, 9, 18, 27, 36, 45, 54, 63, 64, 73, 74, 75, 76, 77, 68, 59], B [80, 71, 62, 53, 44, 35, 34, 25, 16, 7, 6, 5], f=47, g=26
[00:00:22:44:043] Expansion 140,000: F [0, 1, 10, 19, 18, 27, 36, 37, 46, 55, 64, 73, 74, 75, 76, 67, 58], B [80, 79, 70, 69, 60, 51, 52, 53, 44, 35, 34, 25], f=47, g=27
[00:00:24:26:130] Expansion 150,000: F [0, 1, 2, 11, 12, 13, 4, 5, 6, 7], B [80, 79, 78, 69, 68, 67, 76, 75, 74, 65, 56, 55, 54, 45, 36], f=47, g=23
[00:00:26:16:031] Expansion 160,000: F [0, 9, 18, 27, 36, 37, 38, 29, 20, 11, 12, 13, 4, 5, 6, 7], B [80, 79, 78, 77, 76, 75, 74, 65], f=47, g=22
[00:00:28:16:666] Expansion 170,000: F [0, 9, 10, 19, 28, 37, 36, 45, 54, 63], B [80, 71, 62, 53, 52, 51, 50, 49], f=47, g=16
[00:00:28:30:317] Path of length 46 found: [0, 9, 18, 27, 28, 37, 46, 45, 54, 63, 72, 73, 74, 65, 56, 57, 58, 67, 76, 77, 78, 69, 60, 51, 50, 41, 32, 31, 30, 21, 20, 11, 2, 3, 4, 13, 14, 15, 24, 25, 34, 35, 44, 53, 62, 71, 80]
[00:00:28:31:326] ! Bidirectional. expansions: 171,001, time: 1,710,318 [ms], path length: 46 [edges], g_F: 39, g_B: 7, generated: {'F': 151,651, 'B': 151,928}, MM: 32, MMPER: 67.08510638297872%
[00:00:28:31:327] 
---------- SM_Grids/9x9_grid_with_random_blocks_8per_4 ----------
[00:00:00:57:664] Expansion 10,000: state None, f=49, g=18
[00:00:01:17:692] Path of length 48 found: [0, 1, 2, 3, 12, 21, 20, 19, 18, 27, 36, 37, 38, 39, 40, 49, 58, 57, 56, 55, 54, 63, 72, 73, 74, 75, 76, 77, 68, 69, 60, 51, 42, 33, 24, 23, 14, 5, 6, 7, 16, 17, 26, 35, 44, 53, 62, 71, 80]
[00:00:01:17:703] ! Unidirectional s-t. expansions: 13,549, time: 77,692 [ms], path length: 48 [edges], generated: 23,471
[00:00:00:58:223] Expansion 10,000: state None, f=49, g=19
[00:00:01:16:134] Path of length 48 found: [80, 71, 62, 53, 44, 35, 26, 17, 8, 7, 6, 5, 14, 23, 32, 33, 42, 51, 60, 69, 78, 77, 76, 67, 58, 49, 40, 39, 38, 47, 56, 65, 74, 73, 72, 63, 54, 45, 36, 27, 18, 19, 20, 21, 12, 3, 2, 1, 0]
[00:00:01:16:143] ! Unidirectional t-s. expansions: 13,019, time: 76,141 [ms], path length: 48 [edges], generated: 23,258
[00:00:01:57:755] Expansion 10,000: F [0, 9, 18, 19, 28], B [80, 71, 62, 53, 44, 35, 26, 17, 8, 7, 6, 5, 14, 13, 12, 21], f=50, g=19
[00:00:03:30:099] Expansion 20,000: F [0, 9, 18, 19], B [80, 71, 62, 53, 44, 43, 42, 51, 60, 69, 68, 77, 76, 75, 74, 73, 72, 63, 54, 55, 56, 57], f=49, g=24
[00:00:05:18:260] Expansion 30,000: F [0, 9, 10, 11], B [80, 79, 78, 69, 60, 51, 42, 43, 44, 35, 26], f=49, g=13
[00:00:05:24:525] Path of length 48 found: [0, 1, 2, 3, 12, 21, 20, 19, 18, 27, 36, 37, 38, 39, 48, 57, 56, 55, 54, 63, 72, 73, 74, 75, 76, 77, 78, 69, 60, 51, 50, 41, 32, 23, 14, 5, 6, 7, 8, 17, 26, 25, 34, 43, 44, 53, 62, 71, 80]
[00:00:05:25:611] ! Bidirectional. expansions: 30,353, time: 324,525 [ms], path length: 48 [edges], g_F: 19, g_B: 29, generated: {'F': 24,262, 'B': 28,583}, MM: 10, MMPER: 19.408163265306122%
[00:00:05:25:611] 
---------- SM_Grids/9x9_grid_with_random_blocks_8per_5 ----------
[00:00:00:53:599] Expansion 10,000: state None, f=48, g=29
[00:00:00:56:778] Path of length 48 found: [0, 9, 18, 27, 28, 37, 46, 45, 54, 63, 64, 65, 74, 75, 76, 77, 68, 59, 58, 57, 48, 39, 40, 41, 42, 33, 24, 23, 22, 21, 20, 11, 2, 3, 4, 5, 6, 7, 16, 17, 26, 35, 44, 53, 52, 61, 70, 79, 80]
[00:00:00:56:782] ! Unidirectional s-t. expansions: 10,741, time: 56,778 [ms], path length: 48 [edges], generated: 18,768
[00:00:01:02:255] Path of length 48 found: [80, 79, 70, 61, 62, 53, 44, 35, 26, 17, 8, 7, 6, 5, 4, 3, 2, 11, 20, 21, 22, 23, 24, 33, 42, 41, 40, 39, 48, 57, 58, 59, 68, 77, 76, 75, 74, 65, 64, 63, 54, 45, 46, 37, 28, 27, 18, 9, 0]
[00:00:01:02:258] ! Unidirectional t-s. expansions: 9,979, time: 62,255 [ms], path length: 48 [edges], generated: 18,080
[00:00:01:57:431] Expansion 10,000: F [0, 9, 18, 27, 28, 29], B [80, 71, 62, 53, 44, 35, 26, 17, 16, 15, 14, 5, 4, 3], f=50, g=18
[00:00:03:32:756] Expansion 20,000: F [0, 9, 18, 27, 36, 45, 54, 55, 64, 65, 66, 67], B [80, 79, 70, 61, 62, 53, 44, 35], f=49, g=18
[00:00:04:32:393] Path of length 48 found: [0, 9, 18, 27, 28, 37, 46, 45, 54, 63, 64, 65, 74, 75, 76, 77, 68, 59, 58, 57, 48, 39, 40, 41, 42, 33, 24, 23, 22, 21, 20, 11, 2, 3, 4, 5, 6, 7, 16, 17, 26, 35, 44, 53, 52, 61, 70, 79, 80]
[00:00:04:33:225] ! Bidirectional. expansions: 24,907, time: 272,393 [ms], path length: 48 [edges], g_F: 19, g_B: 29, generated: {'F': 24,158, 'B': 19,570}, MM: 10, MMPER: 19.408163265306122%
[00:00:04:33:225] 
---------- SM_Grids/9x9_grid_with_random_blocks_8per_6 ----------
[00:00:00:54:151] Expansion 10,000: state None, f=49, g=26
[00:00:01:26:391] Path of length 48 found: [0, 9, 18, 27, 36, 37, 38, 29, 20, 11, 2, 3, 4, 13, 22, 23, 24, 15, 6, 7, 8, 17, 26, 35, 34, 43, 42, 41, 40, 49, 48, 57, 56, 55, 54, 63, 72, 73, 74, 75, 76, 67, 68, 59, 60, 61, 70, 79, 80]
[00:00:01:26:393] ! Unidirectional s-t. expansions: 15,924, time: 86,391 [ms], path length: 48 [edges], generated: 27,700
[00:00:01:01:041] Expansion 10,000: state None, f=49, g=30
[00:00:01:41:400] Path of length 48 found: [80, 71, 70, 61, 60, 59, 68, 67, 76, 75, 74, 73, 72, 63, 54, 55, 56, 57, 48, 49, 40, 41, 42, 43, 34, 35, 26, 17, 8, 7, 6, 15, 24, 23, 22, 13, 4, 3, 2, 11, 20, 29, 38, 37, 36, 27, 18, 9, 0]
[00:00:01:41:405] ! Unidirectional t-s. expansions: 17,024, time: 101,403 [ms], path length: 48 [edges], generated: 31,150
[00:00:02:07:996] Expansion 10,000: F [0, 9, 18, 27, 28, 37, 46], B [80, 71, 62, 53, 44, 35, 26], f=51, g=12
[00:00:03:44:650] Expansion 20,000: F [0, 1, 2, 11, 20, 29, 28, 27, 36, 45, 54, 63, 72, 73, 74, 75, 76], B [80, 79, 70, 61, 62, 53, 44], f=50, g=22
[00:00:05:19:416] Expansion 30,000: F [0, 1, 2, 3, 12, 21, 20, 29, 28, 37, 36, 45, 54], B [80, 71, 62, 53, 52, 43, 34, 35, 26, 17, 8, 7, 6, 15, 14, 23, 32, 31, 40], f=49, g=30
[00:00:06:49:614] Expansion 40,000: F [0, 9, 18, 27, 28, 29], B [80, 71, 70, 69, 60, 59, 58, 67, 66, 75, 74, 73, 64, 55, 46], f=49, g=19
[00:00:08:33:876] Expansion 50,000: F [0, 9, 18, 19, 28, 29, 30, 39, 48, 47, 46, 45, 54, 63, 72, 73, 74, 75, 76, 67, 68], B [80, 79, 70], f=49, g=22
[00:00:08:42:365] Path of length 48 found: [0, 9, 18, 27, 28, 37, 38, 47, 56, 55, 54, 63, 72, 73, 74, 75, 66, 67, 58, 49, 50, 41, 32, 31, 30, 21, 20, 11, 2, 3, 4, 13, 14, 15, 6, 7, 8, 17, 26, 35, 44, 53, 52, 61, 60, 69, 78, 79, 80]
[00:00:08:43:173] ! Bidirectional. expansions: 50,681, time: 522,365 [ms], path length: 48 [edges], g_F: 25, g_B: 23, generated: {'F': 47,963, 'B': 38,597}, MM: 2, MMPER: 3.0816326530612246%
[00:00:08:43:173] 
---------- SM_Grids/9x9_grid_with_random_blocks_8per_7 ----------
[00:00:01:00:090] Expansion 10,000: state None, f=50, g=21
[00:00:01:52:338] Expansion 20,000: state None, f=49, g=20
[00:00:02:11:078] Path of length 48 found: [0, 9, 10, 11, 2, 3, 4, 13, 14, 15, 6, 7, 8, 17, 26, 25, 34, 43, 44, 53, 62, 61, 60, 51, 50, 41, 32, 31, 30, 29, 28, 27, 36, 45, 54, 63, 72, 73, 74, 65, 56, 57, 58, 67, 76, 77, 78, 79, 80]
[00:00:02:11:080] ! Unidirectional s-t. expansions: 23,331, time: 131,079 [ms], path length: 48 [edges], generated: 43,466
[00:00:00:55:688] Expansion 10,000: state None, f=50, g=14
[00:00:01:43:080] Expansion 20,000: state None, f=49, g=14
[00:00:01:46:048] Path of length 48 found: [80, 79, 78, 77, 68, 67, 58, 57, 56, 65, 74, 73, 72, 63, 54, 45, 46, 37, 38, 29, 30, 31, 40, 41, 50, 51, 60, 61, 62, 53, 44, 43, 34, 25, 26, 17, 8, 7, 6, 15, 14, 13, 4, 3, 2, 11, 10, 9, 0]
[00:00:01:46:051] ! Unidirectional t-s. expansions: 20,452, time: 106,048 [ms], path length: 48 [edges], generated: 33,681
[00:00:02:00:720] Expansion 10,000: F [0, 9, 18, 19, 28, 29], B [80, 79, 78, 69, 68, 67, 66, 65, 74, 73, 72, 63, 54, 55, 46, 47], f=51, g=20
[00:00:03:40:773] Expansion 20,000: F [0, 9, 10, 11, 2, 3, 4, 5, 6, 15], B [80, 79, 70, 69, 68, 77, 76, 75, 74, 73, 64, 63, 54], f=50, g=21
[00:00:05:19:337] Expansion 30,000: F [0, 9, 10, 11, 12, 13, 4, 5, 6, 7, 8, 17, 26, 25, 24, 23, 32, 31, 30, 29, 28, 27, 36, 45, 46, 47, 48, 57, 66], B [80, 79, 70, 61, 62, 53, 44, 43, 42, 51, 50, 59, 68, 77, 76], f=49, g=42
[00:00:06:48:789] Expansion 40,000: F [0, 9, 10, 11, 12, 3, 4, 5, 6, 15], B [80, 79, 78, 77, 68, 67, 66, 65, 74, 73, 72, 63, 54, 45], f=49, g=22
[00:00:08:40:991] Expansion 50,000: F [0, 1, 10, 11, 12, 3, 4, 5, 14, 23, 24, 25], B [80, 79, 78, 77, 76, 67], f=49, g=16
[00:00:09:10:663] Path of length 48 found: [0, 9, 10, 11, 2, 3, 4, 13, 14, 15, 6, 7, 8, 17, 26, 25, 34, 43, 44, 53, 62, 61, 60, 51, 50, 41, 32, 31, 30, 39, 38, 37, 36, 45, 54, 63, 72, 73, 74, 65, 56, 57, 58, 67, 68, 77, 78, 79, 80]
[00:00:09:12:016] ! Bidirectional. expansions: 52,231, time: 550,663 [ms], path length: 48 [edges], g_F: 33, g_B: 15, generated: {'F': 40,649, 'B': 52,267}, MM: 18, MMPER: 35.734693877551024%
[00:00:09:12:017] 
---------- SM_Grids/9x9_grid_with_random_blocks_8per_8 ----------
[00:00:00:23:490] Path of length 50 found: [0, 1, 2, 11, 20, 19, 18, 27, 36, 37, 46, 55, 54, 63, 72, 73, 74, 65, 66, 67, 76, 77, 78, 69, 60, 59, 50, 49, 48, 39, 30, 31, 22, 13, 4, 5, 6, 7, 8, 17, 26, 25, 24, 33, 42, 43, 52, 53, 62, 71, 80]
[00:00:00:23:491] ! Unidirectional s-t. expansions: 4,192, time: 23,490 [ms], path length: 50 [edges], generated: 7,038
[00:00:00:26:994] Path of length 50 found: [80, 71, 62, 61, 60, 69, 78, 77, 76, 67, 66, 65, 74, 73, 72, 63, 54, 55, 46, 37, 36, 27, 18, 19, 20, 29, 30, 39, 48, 49, 50, 41, 42, 43, 44, 35, 26, 17, 8, 7, 6, 15, 24, 23, 22, 13, 4, 3, 2, 1, 0]
[00:00:00:26:996] ! Unidirectional t-s. expansions: 4,951, time: 26,994 [ms], path length: 50 [edges], generated: 7,928
[00:00:01:54:621] Expansion 10,000: F [0, 1, 2, 3, 4, 13, 22, 23, 24, 15, 6, 7, 8, 17, 26, 35], B [80, 79, 78, 77, 76, 75, 66, 65], f=51, g=22
[00:00:02:37:866] Path of length 50 found: [0, 1, 2, 3, 12, 13, 14, 5, 6, 7, 8, 17, 26, 25, 24, 33, 42, 43, 44, 53, 62, 61, 60, 59, 50, 49, 48, 39, 30, 29, 20, 19, 18, 27, 36, 37, 46, 55, 54, 63, 72, 73, 74, 65, 66, 67, 76, 77, 78, 79, 80]
[00:00:02:38:491] ! Bidirectional. expansions: 13,505, time: 157,866 [ms], path length: 50 [edges], g_F: 21, g_B: 29, generated: {'F': 13,266, 'B': 9,008}, MM: 8, MMPER: 14.686274509803921%
[00:00:02:38:491] 
---------- SM_Grids/9x9_grid_with_random_blocks_8per_9 ----------
[00:00:00:58:435] Expansion 10,000: state None, f=49, g=10
[00:00:01:48:995] Expansion 20,000: state None, f=48, g=11
[00:00:02:30:796] Expansion 30,000: state None, f=47, g=22
[00:00:03:18:878] Path of length 46 found: [0, 9, 18, 19, 20, 11, 2, 3, 4, 5, 6, 7, 16, 17, 26, 35, 34, 33, 24, 23, 22, 31, 40, 49, 48, 47, 38, 37, 36, 45, 54, 55, 64, 73, 74, 75, 66, 67, 68, 59, 60, 51, 52, 53, 62, 71, 80]
[00:00:03:18:880] ! Unidirectional s-t. expansions: 39,330, time: 198,878 [ms], path length: 46 [edges], generated: 70,104
[00:00:01:00:974] Expansion 10,000: state None, f=47, g=13
[00:00:01:06:273] Path of length 46 found: [80, 71, 62, 53, 52, 51, 60, 59, 68, 67, 66, 75, 74, 73, 64, 55, 54, 45, 36, 27, 18, 19, 20, 29, 38, 47, 48, 49, 40, 41, 32, 33, 24, 25, 26, 17, 8, 7, 6, 5, 14, 13, 12, 3, 2, 1, 0]
[00:00:01:06:274] ! Unidirectional t-s. expansions: 11,282, time: 66,273 [ms], path length: 46 [edges], generated: 20,415
[00:00:02:03:046] Expansion 10,000: F [0, 1, 2, 11, 20, 19, 18, 27, 36, 45, 54, 55, 64, 73, 74, 75, 66, 57, 48], B [80, 79, 78, 77, 68, 59, 60, 51, 52, 53, 44, 35, 26, 17, 8, 7, 6, 5], f=48, g=35
[00:00:03:37:466] Expansion 20,000: F [0, 1, 2, 11, 20, 19, 28, 27, 36, 45, 54, 55, 64, 73, 74, 75, 66, 57, 48], B [80, 79, 78, 77, 68, 59, 50, 51, 52, 53, 44, 35, 26, 17, 8, 7, 6, 5, 4, 13, 22], f=47, g=38
[00:00:05:03:814] Expansion 30,000: F [0, 9, 10, 19, 20, 21, 12, 3, 4, 5, 6, 7, 8, 17, 26, 25, 24, 23, 32, 41, 40, 39, 48, 47], B [80], f=47, g=23
[00:00:06:38:534] Path of length 46 found: [0, 9, 18, 19, 20, 11, 2, 3, 4, 5, 6, 7, 16, 17, 26, 35, 34, 33, 24, 23, 22, 31, 40, 49, 48, 47, 38, 37, 36, 45, 54, 55, 64, 73, 74, 75, 66, 67, 68, 59, 60, 51, 52, 53, 62, 71, 80]
[00:00:06:39:272] ! Bidirectional. expansions: 38,215, time: 398,534 [ms], path length: 46 [edges], g_F: 46, g_B: 0, generated: {'F': 42,195, 'B': 25,537}, MM: 46, MMPER: 96.87234042553192%
[00:00:06:39:272] average expansions: (23,043, 23,148, 56,445, 0)
[00:00:06:39:272] average time: (118,394, 124,592, 581,208, 0)
[00:00:06:39:273] XA*: 23,043 , 118,394 (expansions , time[ms])
[00:00:06:39:273] BiXA*: 56,445 , 581,208 (expansions , time[ms])

