--------------------------
date: SM_Grids
number_of_graphs: 10
graph_type: grid
size_of_graphs: [8, 9]
heuristic: bcc_heuristic
snake: True
run_uni: True
run_bi: True
run_multi: False
solution_vertices: []
algorithms: ['A']
lookahead: 1
bsd: False
cube_first_dims: 4
cube_buffer_dim: None
backward_sym_generation: False
sym_coil: False
prefix_set: None

---------- SM_Grids/8x9_grid_with_random_blocks_12per_0 ----------
[00:00:00:17:275] Path of length 41 found: [0, 9, 10, 11, 2, 3, 4, 13, 14, 15, 6, 7, 8, 17, 26, 25, 34, 33, 32, 31, 40, 39, 38, 29, 28, 27, 36, 45, 46, 55, 56, 57, 66, 67, 68, 59, 50, 51, 52, 61, 70, 71]
[00:00:00:17:276] ! Unidirectional s-t. expansions: 3,495, time: 17,275 [ms], path length: 41 [edges], generated: 6,540
[00:00:00:16:267] Path of length 41 found: [71, 62, 53, 52, 51, 60, 59, 68, 67, 66, 57, 56, 55, 46, 45, 36, 27, 28, 29, 38, 39, 40, 41, 32, 33, 34, 25, 26, 17, 8, 7, 6, 15, 14, 13, 4, 3, 2, 11, 10, 9, 0]
[00:00:00:16:268] ! Unidirectional t-s. expansions: 3,610, time: 16,268 [ms], path length: 41 [edges], generated: 6,121
[00:00:01:16:909] Path of length 41 found: [0, 9, 10, 11, 2, 3, 4, 13, 14, 15, 6, 7, 8, 17, 26, 25, 34, 33, 32, 41, 40, 39, 30, 29, 28, 27, 36, 45, 46, 55, 56, 57, 66, 67, 68, 59, 60, 51, 52, 53, 62, 71]
[00:00:01:17:404] ! Bidirectional. expansions: 8,228, time: 76,909 [ms], path length: 41 [edges], g_F: 31, g_B: 10, generated: {'F': 7,765, 'B': 6,870}, MM: 21, MMPER: 49.0%
[00:00:01:17:404] 
---------- SM_Grids/8x9_grid_with_random_blocks_12per_1 ----------
[00:00:00:31:887] Path of length 33 found: [0, 9, 10, 19, 20, 21, 12, 3, 4, 5, 6, 7, 8, 17, 26, 25, 24, 23, 32, 31, 40, 39, 48, 57, 58, 59, 50, 51, 42, 43, 44, 53, 62, 71]
[00:00:00:31:889] ! Unidirectional s-t. expansions: 6,581, time: 31,887 [ms], path length: 33 [edges], generated: 13,151
[00:00:00:39:416] Expansion 10,000: state None, f=37, g=20
[00:00:00:56:456] Path of length 33 found: [71, 62, 53, 44, 43, 42, 51, 60, 59, 58, 57, 48, 39, 40, 31, 32, 23, 24, 25, 26, 17, 8, 7, 6, 5, 4, 13, 12, 21, 20, 19, 10, 1, 0]
[00:00:00:56:458] ! Unidirectional t-s. expansions: 14,049, time: 56,456 [ms], path length: 33 [edges], generated: 25,547
[00:00:01:22:882] Expansion 10,000: F [0, 1, 10, 19, 20, 21, 12, 13, 4, 5, 6, 15], B [71, 62, 53, 44, 43, 42, 51, 50, 49], f=40, g=19
[00:00:02:26:213] Expansion 20,000: F [0, 9, 10, 11, 12, 3, 4, 5, 6, 7, 16, 25, 24, 33, 42, 41, 40, 39], B [71, 70, 69, 68, 59, 58], f=36, g=22
[00:00:02:52:360] Path of length 33 found: [0, 9, 10, 19, 20, 21, 12, 3, 4, 5, 6, 7, 8, 17, 26, 25, 24, 23, 32, 31, 40, 39, 48, 57, 58, 59, 60, 51, 42, 43, 44, 53, 62, 71]
[00:00:02:53:104] ! Bidirectional. expansions: 24,723, time: 172,360 [ms], path length: 33 [edges], g_F: 24, g_B: 9, generated: {'F': 33,865, 'B': 13,763}, MM: 15, MMPER: 43.11764705882353%
[00:00:02:53:105] 
---------- SM_Grids/8x9_grid_with_random_blocks_12per_2 ----------
[00:00:00:05:743] Path of length 39 found: [0, 1, 2, 3, 12, 21, 20, 29, 38, 47, 46, 45, 54, 63, 64, 65, 66, 67, 68, 59, 50, 49, 40, 31, 32, 23, 24, 15, 6, 7, 8, 17, 26, 35, 34, 43, 52, 61, 70, 71]
[00:00:00:05:745] ! Unidirectional s-t. expansions: 1,254, time: 5,744 [ms], path length: 39 [edges], generated: 2,194
[00:00:00:15:539] Path of length 39 found: [71, 70, 61, 52, 53, 44, 35, 26, 17, 8, 7, 6, 15, 24, 23, 32, 31, 40, 49, 50, 59, 68, 67, 66, 65, 64, 63, 54, 45, 46, 47, 38, 29, 20, 21, 12, 3, 2, 1, 0]
[00:00:00:15:539] ! Unidirectional t-s. expansions: 4,596, time: 15,539 [ms], path length: 39 [edges], generated: 7,469
[00:00:00:30:039] Path of length 39 found: [0, 1, 2, 3, 12, 21, 20, 29, 38, 47, 46, 45, 54, 63, 64, 65, 66, 67, 68, 59, 50, 49, 40, 31, 32, 23, 24, 15, 6, 7, 8, 17, 26, 35, 44, 53, 52, 61, 70, 71]
[00:00:00:30:510] ! Bidirectional. expansions: 3,438, time: 30,039 [ms], path length: 39 [edges], g_F: 8, g_B: 31, generated: {'F': 2,630, 'B': 3,483}, MM: 23, MMPER: 56.5%
[00:00:00:30:510] 
---------- SM_Grids/8x9_grid_with_random_blocks_12per_3 ----------
[00:00:00:31:946] Expansion 10,000: state None, f=38, g=29
[00:00:00:40:861] Path of length 37 found: [0, 9, 18, 27, 28, 37, 46, 45, 54, 63, 64, 65, 66, 67, 58, 49, 50, 41, 32, 31, 30, 21, 20, 11, 2, 3, 4, 5, 6, 7, 16, 25, 34, 43, 44, 53, 62, 71]
[00:00:00:40:863] ! Unidirectional s-t. expansions: 12,432, time: 40,861 [ms], path length: 37 [edges], generated: 19,686
[00:00:00:19:981] Path of length 37 found: [71, 62, 53, 44, 43, 34, 25, 16, 7, 6, 5, 4, 3, 12, 21, 22, 31, 32, 41, 50, 59, 58, 67, 66, 65, 64, 63, 54, 45, 46, 47, 38, 29, 28, 27, 18, 9, 0]
[00:00:00:19:983] ! Unidirectional t-s. expansions: 5,331, time: 19,981 [ms], path length: 37 [edges], generated: 8,886
[00:00:01:12:344] Expansion 10,000: F [0, 1, 2, 11, 20, 29, 28, 27, 36, 45, 46, 47, 56, 65, 66], B [71, 70, 61], f=39, g=16
[00:00:02:05:354] Expansion 20,000: F [0, 1, 10, 11, 20, 29, 38, 47, 46, 45, 54, 63, 64, 65, 66, 67, 58, 59, 50, 41, 32, 31], B [71, 70, 61], f=38, g=23
[00:00:02:14:361] Path of length 37 found: [0, 9, 18, 27, 28, 37, 46, 45, 54, 63, 64, 65, 66, 67, 58, 49, 40, 31, 22, 21, 20, 11, 2, 3, 4, 5, 6, 7, 16, 25, 34, 43, 52, 51, 60, 69, 70, 71]
[00:00:02:14:866] ! Bidirectional. expansions: 21,164, time: 134,362 [ms], path length: 37 [edges], g_F: 17, g_B: 20, generated: {'F': 25,300, 'B': 9,886}, MM: 3, MMPER: 6.894736842105263%
[00:00:02:14:866] 
---------- SM_Grids/8x9_grid_with_random_blocks_12per_4 ----------
[00:00:00:10:290] Path of length 39 found: [0, 1, 10, 19, 18, 27, 36, 37, 46, 55, 64, 65, 66, 57, 48, 39, 40, 31, 22, 21, 12, 3, 4, 5, 14, 15, 16, 25, 26, 35, 44, 43, 52, 51, 50, 59, 68, 69, 70, 71]
[00:00:00:10:291] ! Unidirectional s-t. expansions: 2,313, time: 10,290 [ms], path length: 39 [edges], generated: 4,136
[00:00:00:05:717] Path of length 39 found: [71, 70, 69, 68, 59, 50, 51, 52, 43, 34, 35, 26, 17, 16, 15, 14, 5, 4, 3, 2, 11, 20, 21, 22, 31, 40, 39, 48, 57, 66, 65, 64, 55, 46, 37, 28, 27, 18, 9, 0]
[00:00:00:05:719] ! Unidirectional t-s. expansions: 1,263, time: 5,718 [ms], path length: 39 [edges], generated: 2,225
[00:00:00:49:590] Path of length 39 found: [0, 1, 10, 19, 18, 27, 36, 37, 46, 55, 64, 65, 66, 57, 48, 39, 40, 31, 22, 21, 12, 3, 4, 5, 14, 15, 16, 25, 26, 35, 44, 43, 52, 51, 50, 59, 68, 69, 70, 71]
[00:00:00:50:072] ! Bidirectional. expansions: 5,911, time: 49,590 [ms], path length: 39 [edges], g_F: 28, g_B: 11, generated: {'F': 5,550, 'B': 4,563}, MM: 17, MMPER: 41.5%
[00:00:00:50:072] 
---------- SM_Grids/8x9_grid_with_random_blocks_12per_5 ----------
[00:00:00:12:277] Path of length 41 found: [0, 9, 18, 27, 28, 37, 46, 45, 54, 63, 64, 65, 66, 57, 58, 59, 50, 41, 40, 39, 30, 21, 20, 11, 2, 3, 4, 13, 14, 15, 6, 7, 8, 17, 26, 25, 34, 43, 44, 53, 62, 71]
[00:00:00:12:278] ! Unidirectional s-t. expansions: 3,189, time: 12,277 [ms], path length: 41 [edges], generated: 4,901
[00:00:00:19:467] Path of length 41 found: [71, 62, 61, 60, 59, 58, 57, 66, 65, 64, 63, 54, 45, 46, 47, 38, 39, 40, 41, 42, 43, 44, 35, 26, 17, 8, 7, 6, 15, 24, 23, 22, 13, 4, 3, 2, 11, 20, 19, 18, 9, 0]
[00:00:00:19:468] ! Unidirectional t-s. expansions: 4,715, time: 19,467 [ms], path length: 41 [edges], generated: 8,157
[00:00:00:59:820] Path of length 41 found: [0, 9, 18, 27, 28, 37, 46, 45, 54, 63, 64, 65, 66, 57, 58, 49, 40, 39, 30, 21, 20, 11, 2, 3, 4, 13, 14, 15, 6, 7, 8, 17, 26, 35, 44, 43, 42, 51, 60, 61, 62, 71]
[00:00:01:00:290] ! Bidirectional. expansions: 7,381, time: 59,820 [ms], path length: 41 [edges], g_F: 28, g_B: 13, generated: {'F': 4,025, 'B': 7,932}, MM: 15, MMPER: 34.714285714285715%
[00:00:01:00:290] 
---------- SM_Grids/8x9_grid_with_random_blocks_12per_6 ----------
[00:00:00:13:906] Path of length 39 found: [0, 1, 2, 3, 12, 21, 20, 19, 28, 37, 36, 45, 54, 63, 64, 65, 66, 57, 48, 39, 40, 41, 42, 33, 24, 23, 14, 5, 6, 7, 16, 17, 26, 35, 44, 53, 52, 61, 70, 71]
[00:00:00:13:906] ! Unidirectional s-t. expansions: 4,711, time: 13,906 [ms], path length: 39 [edges], generated: 7,063
[00:00:00:12:607] Path of length 39 found: [71, 70, 61, 52, 53, 44, 35, 26, 17, 8, 7, 6, 5, 14, 23, 24, 33, 42, 41, 40, 39, 48, 57, 66, 65, 64, 55, 54, 45, 36, 37, 28, 29, 20, 21, 12, 3, 2, 1, 0]
[00:00:00:12:608] ! Unidirectional t-s. expansions: 2,591, time: 12,607 [ms], path length: 39 [edges], generated: 4,841
[00:00:00:44:526] Path of length 39 found: [0, 1, 2, 3, 4, 13, 22, 21, 20, 19, 28, 37, 36, 45, 54, 63, 64, 65, 66, 57, 48, 39, 40, 41, 42, 33, 24, 15, 6, 7, 8, 17, 26, 35, 44, 53, 52, 61, 70, 71]
[00:00:00:44:996] ! Bidirectional. expansions: 5,749, time: 44,526 [ms], path length: 39 [edges], g_F: 20, g_B: 19, generated: {'F': 4,600, 'B': 4,873}, MM: 1, MMPER: 1.5%
[00:00:00:44:996] 
---------- SM_Grids/8x9_grid_with_random_blocks_12per_7 ----------
[00:00:00:07:228] Path of length 31 found: [0, 1, 2, 11, 20, 29, 30, 31, 22, 13, 4, 5, 6, 7, 8, 17, 26, 25, 24, 33, 42, 41, 50, 49, 58, 67, 68, 69, 60, 61, 62, 71]
[00:00:00:07:229] ! Unidirectional s-t. expansions: 1,760, time: 7,228 [ms], path length: 31 [edges], generated: 3,158
[00:00:00:12:464] Path of length 31 found: [71, 62, 61, 60, 69, 68, 67, 58, 49, 50, 41, 42, 43, 34, 35, 26, 17, 8, 7, 6, 15, 24, 23, 22, 31, 30, 29, 20, 11, 2, 1, 0]
[00:00:00:12:465] ! Unidirectional t-s. expansions: 3,097, time: 12,464 [ms], path length: 31 [edges], generated: 5,275
[00:00:00:28:932] Path of length 31 found: [0, 1, 2, 11, 20, 29, 30, 31, 22, 13, 4, 5, 6, 7, 8, 17, 26, 25, 24, 33, 42, 41, 50, 49, 58, 67, 68, 69, 60, 61, 62, 71]
[00:00:00:29:397] ! Bidirectional. expansions: 3,274, time: 28,932 [ms], path length: 31 [edges], g_F: 24, g_B: 7, generated: {'F': 2,975, 'B': 3,268}, MM: 17, MMPER: 52.125%
[00:00:00:29:398] 
---------- SM_Grids/8x9_grid_with_random_blocks_12per_8 ----------
[00:00:00:11:890] Path of length 41 found: [0, 1, 2, 3, 12, 21, 20, 19, 18, 27, 36, 45, 54, 55, 64, 65, 66, 57, 48, 39, 40, 31, 32, 23, 14, 5, 6, 7, 16, 25, 26, 35, 44, 53, 52, 51, 50, 59, 68, 69, 70, 71]
[00:00:00:11:890] ! Unidirectional s-t. expansions: 2,600, time: 11,890 [ms], path length: 41 [edges], generated: 4,565
[00:00:00:05:051] Path of length 41 found: [71, 70, 69, 68, 59, 50, 51, 52, 53, 44, 35, 26, 25, 16, 7, 6, 5, 14, 23, 32, 31, 40, 39, 48, 57, 66, 65, 64, 55, 54, 45, 36, 37, 28, 29, 20, 21, 12, 3, 2, 1, 0]
[00:00:00:05:052] ! Unidirectional t-s. expansions: 1,009, time: 5,052 [ms], path length: 41 [edges], generated: 1,853
[00:00:00:25:159] Path of length 41 found: [0, 1, 2, 3, 12, 21, 20, 19, 18, 27, 36, 45, 54, 55, 64, 65, 66, 57, 48, 39, 40, 31, 32, 23, 14, 5, 6, 7, 16, 25, 26, 35, 44, 53, 52, 51, 50, 59, 68, 69, 70, 71]
[00:00:00:25:613] ! Bidirectional. expansions: 2,925, time: 25,159 [ms], path length: 41 [edges], g_F: 29, g_B: 12, generated: {'F': 3,431, 'B': 1,543}, MM: 17, MMPER: 39.476190476190474%
[00:00:00:25:614] 
---------- SM_Grids/8x9_grid_with_random_blocks_12per_9 ----------
[00:00:00:25:491] Path of length 39 found: [0, 9, 18, 27, 28, 37, 46, 45, 54, 63, 64, 65, 66, 67, 58, 59, 50, 41, 32, 31, 30, 21, 20, 11, 2, 3, 4, 5, 6, 7, 8, 17, 26, 25, 34, 43, 44, 53, 62, 71]
[00:00:00:25:492] ! Unidirectional s-t. expansions: 7,322, time: 25,491 [ms], path length: 39 [edges], generated: 10,907
[00:00:00:36:689] Expansion 10,000: state None, f=41, g=28
[00:00:01:06:755] Expansion 20,000: state None, f=40, g=27
[00:00:01:15:313] Path of length 39 found: [71, 70, 61, 52, 53, 44, 35, 34, 25, 16, 7, 6, 5, 4, 13, 22, 23, 32, 41, 50, 59, 58, 67, 66, 65, 64, 63, 54, 45, 46, 47, 48, 39, 30, 29, 28, 27, 18, 9, 0]
[00:00:01:15:315] ! Unidirectional t-s. expansions: 22,795, time: 75,313 [ms], path length: 39 [edges], generated: 38,396
[00:00:01:13:694] Expansion 10,000: F [0, 9, 18, 27, 36, 45, 54, 55, 64, 65, 66, 67, 68, 59], B [71, 62, 61, 52, 43, 44, 35, 26, 25, 16, 7, 6, 5, 14, 13], f=42, g=27
[00:00:02:06:723] Expansion 20,000: F [0, 1, 2, 11, 12, 21, 30, 29], B [71, 62, 61, 52, 43, 34, 35, 26, 17, 8, 7, 6, 5, 14, 23, 32, 41, 50, 59, 68, 67, 66, 65, 64], f=41, g=30
[00:00:02:55:916] Expansion 30,000: F [0, 9, 18, 27, 28, 29], B [71, 70, 61, 52, 53, 44, 35, 26, 17, 16, 7, 6, 5, 14, 23, 32, 41, 50, 59, 68], f=41, g=24
[00:00:03:51:657] Expansion 40,000: F [0, 9, 10, 19, 28, 37], B [71, 70, 61, 52, 43, 44, 35, 26, 17, 16, 7, 6, 5, 4, 3, 12, 21, 22, 31, 32, 41, 50, 59, 68, 67, 66, 65, 64, 55], f=40, g=33
[00:00:04:33:206] Expansion 50,000: F [0, 1, 10, 19, 18, 27, 36, 37, 38, 47, 56], B [71, 62, 61, 52, 43, 34, 25, 26, 17, 8, 7, 6, 5, 4, 13, 12, 21, 30, 31, 32, 41, 50, 59], f=40, g=32
[00:00:05:27:509] Expansion 60,000: F [0, 1, 2, 11, 20, 29, 30, 39, 48, 47, 56], B [71, 70, 61, 52, 53, 44, 35, 34, 25], f=40, g=18
[00:00:05:54:565] Path of length 39 found: [0, 9, 10, 19, 28, 29, 38, 47, 46, 45, 54, 63, 64, 65, 66, 67, 58, 59, 50, 41, 32, 31, 22, 21, 12, 3, 4, 5, 6, 7, 16, 25, 34, 35, 44, 53, 52, 61, 70, 71]
[00:00:05:55:060] ! Bidirectional. expansions: 64,044, time: 354,565 [ms], path length: 39 [edges], g_F: 8, g_B: 31, generated: {'F': 48,506, 'B': 60,679}, MM: 23, MMPER: 56.5%
[00:00:05:55:060] average expansions: (4,566, 6,306, 14,684, 0)
[00:00:05:55:060] average time: (17,685, 23,886, 97,626, 0)
[00:00:05:55:060] XA*: 4,566 , 17,685 (expansions , time[ms])
[00:00:05:55:060] BiXA*: 14,684 , 97,626 (expansions , time[ms])

