--------------------------
date: SM_Grids
number_of_graphs: 10
graph_type: grid
size_of_graphs: [9, 9]
heuristic: bcc_heuristic
snake: True
run_uni: True
run_bi: True
run_multi: False
solution_vertices: []
algorithms: ['A']
lookahead: 1
bsd: False
cube_first_dims: 4
cube_buffer_dim: None
backward_sym_generation: False
sym_coil: False
prefix_set: None

---------- SM_Grids/9x9_grid_with_random_blocks_16per_0 ----------
[00:00:00:11:635] Path of length 40 found: [0, 1, 10, 19, 28, 37, 46, 45, 54, 63, 72, 73, 74, 65, 56, 57, 58, 59, 60, 51, 42, 41, 40, 39, 30, 21, 12, 3, 4, 5, 14, 23, 24, 25, 26, 35, 44, 53, 62, 71, 80]
[00:00:00:11:636] ! Unidirectional s-t. expansions: 3,048, time: 11,636 [ms], path length: 40 [edges], generated: 4,856
[00:00:00:37:549] Expansion 10,000: state None, f=41, g=31
[00:00:00:45:308] Path of length 40 found: [80, 71, 62, 61, 60, 59, 58, 67, 66, 75, 74, 73, 72, 63, 54, 55, 56, 47, 48, 39, 40, 41, 42, 43, 44, 35, 26, 25, 24, 23, 14, 5, 4, 3, 12, 21, 20, 19, 10, 1, 0]
[00:00:00:45:310] ! Unidirectional t-s. expansions: 12,106, time: 45,308 [ms], path length: 40 [edges], generated: 20,337
[00:00:01:08:958] Expansion 10,000: F [0, 1, 10, 19, 28, 37, 46, 55, 54, 63, 72, 73, 74, 75, 66, 57, 58, 59, 50, 41, 40, 39, 30, 21, 12, 3], B [80, 71, 70, 61, 52, 43, 44, 35, 26], f=43, g=33
[00:00:01:53:296] Expansion 20,000: F [0, 1, 10, 19, 28, 37, 46, 45, 54, 63, 72, 73, 74, 65, 66, 57, 58, 59, 50, 41, 40, 39, 30, 21, 12, 13, 14, 23, 24], B [80, 71, 62, 61, 52, 43, 44, 35, 26], f=41, g=36
[00:00:02:44:027] Path of length 40 found: [0, 1, 10, 19, 28, 37, 46, 45, 54, 63, 72, 73, 74, 65, 56, 57, 48, 39, 30, 21, 12, 3, 4, 5, 14, 23, 24, 25, 26, 35, 44, 43, 42, 41, 50, 59, 60, 61, 70, 79, 80]
[00:00:02:44:977] ! Bidirectional. expansions: 29,059, time: 164,027 [ms], path length: 40 [edges], g_F: 29, g_B: 11, generated: {'F': 22,859, 'B': 22,561}, MM: 18, MMPER: 42.90243902439025%
[00:00:02:44:977] 
---------- SM_Grids/9x9_grid_with_random_blocks_16per_1 ----------
[00:00:00:38:599] Expansion 10,000: state None, f=35, g=28
[00:00:00:45:245] Path of length 34 found: [0, 1, 2, 11, 20, 19, 18, 27, 36, 45, 54, 55, 56, 47, 38, 39, 30, 31, 22, 13, 4, 5, 6, 15, 24, 33, 42, 41, 50, 59, 68, 69, 70, 71, 80]
[00:00:00:45:247] ! Unidirectional s-t. expansions: 11,679, time: 45,245 [ms], path length: 34 [edges], generated: 20,975
[00:00:00:11:208] Path of length 34 found: [80, 71, 62, 53, 44, 43, 42, 51, 50, 49, 48, 47, 56, 55, 54, 45, 36, 27, 18, 19, 20, 29, 30, 31, 32, 23, 24, 15, 6, 5, 4, 3, 2, 1, 0]
[00:00:00:11:209] ! Unidirectional t-s. expansions: 1,815, time: 11,208 [ms], path length: 34 [edges], generated: 3,315
[00:00:01:27:479] Expansion 10,000: F [0, 1, 2, 11, 20, 19, 18, 27, 36, 37, 38, 39, 30, 31, 22, 13, 4, 5, 6], B [80, 71, 62, 61], f=37, g=21
[00:00:02:36:338] Path of length 34 found: [0, 1, 2, 3, 4, 5, 6, 15, 24, 23, 32, 31, 30, 21, 20, 19, 18, 27, 36, 45, 54, 55, 56, 47, 48, 49, 50, 51, 42, 43, 44, 53, 62, 71, 80]
[00:00:02:36:900] ! Bidirectional. expansions: 18,680, time: 156,338 [ms], path length: 34 [edges], g_F: 28, g_B: 6, generated: {'F': 25,577, 'B': 6,902}, MM: 22, MMPER: 61.857142857142854%
[00:00:02:36:900] 
---------- SM_Grids/9x9_grid_with_random_blocks_16per_2 ----------
[00:00:00:19:789] Path of length 44 found: [0, 9, 18, 19, 20, 11, 12, 13, 22, 31, 32, 33, 24, 15, 6, 7, 8, 17, 26, 35, 44, 43, 52, 51, 60, 59, 58, 49, 48, 39, 38, 37, 36, 45, 54, 63, 72, 73, 74, 75, 76, 77, 78, 79, 80]
[00:00:00:19:790] ! Unidirectional s-t. expansions: 4,786, time: 19,789 [ms], path length: 44 [edges], generated: 7,937
[00:00:00:16:036] Path of length 44 found: [80, 79, 78, 77, 76, 75, 74, 73, 72, 63, 54, 45, 36, 37, 38, 39, 48, 57, 58, 59, 60, 61, 52, 43, 44, 35, 26, 17, 8, 7, 6, 15, 24, 33, 32, 31, 22, 13, 12, 11, 20, 19, 18, 9, 0]
[00:00:00:16:037] ! Unidirectional t-s. expansions: 3,348, time: 16,036 [ms], path length: 44 [edges], generated: 5,356
[00:00:01:22:774] Path of length 44 found: [0, 9, 18, 19, 20, 11, 12, 13, 22, 31, 32, 33, 24, 15, 6, 7, 8, 17, 26, 35, 44, 43, 52, 51, 60, 59, 58, 49, 48, 39, 38, 37, 36, 45, 54, 63, 64, 65, 66, 75, 76, 77, 78, 79, 80]
[00:00:01:23:338] ! Bidirectional. expansions: 9,145, time: 82,774 [ms], path length: 44 [edges], g_F: 36, g_B: 8, generated: {'F': 6,753, 'B': 7,984}, MM: 28, MMPER: 61.22222222222222%
[00:00:01:23:339] 
---------- SM_Grids/9x9_grid_with_random_blocks_16per_3 ----------
[00:00:00:07:425] Path of length 42 found: [0, 9, 10, 11, 20, 21, 30, 39, 38, 37, 46, 55, 56, 65, 74, 75, 76, 67, 58, 49, 50, 41, 42, 33, 24, 23, 14, 5, 6, 7, 16, 17, 26, 35, 44, 53, 52, 61, 60, 69, 78, 79, 80]
[00:00:00:07:426] ! Unidirectional s-t. expansions: 1,693, time: 7,425 [ms], path length: 42 [edges], generated: 3,108
[00:00:00:10:108] Path of length 42 found: [80, 79, 78, 69, 60, 61, 62, 53, 44, 35, 26, 17, 16, 7, 6, 5, 14, 23, 24, 33, 42, 41, 50, 49, 58, 67, 76, 75, 74, 65, 56, 55, 46, 37, 38, 39, 30, 21, 20, 11, 10, 1, 0]
[00:00:00:10:109] ! Unidirectional t-s. expansions: 2,017, time: 10,108 [ms], path length: 42 [edges], generated: 3,417
[00:00:00:40:618] Path of length 42 found: [0, 9, 10, 11, 20, 21, 30, 39, 38, 37, 46, 55, 56, 65, 74, 75, 76, 67, 58, 49, 50, 41, 42, 33, 24, 23, 14, 5, 6, 7, 16, 17, 26, 35, 44, 53, 62, 61, 60, 69, 78, 79, 80]
[00:00:00:41:233] ! Bidirectional. expansions: 4,447, time: 40,618 [ms], path length: 42 [edges], g_F: 14, g_B: 28, generated: {'F': 2,935, 'B': 4,739}, MM: 14, MMPER: 31.558139534883722%
[00:00:00:41:233] 
---------- SM_Grids/9x9_grid_with_random_blocks_16per_4 ----------
[00:00:00:30:452] Path of length 44 found: [0, 9, 18, 19, 20, 11, 2, 3, 4, 13, 14, 15, 6, 7, 8, 17, 26, 35, 44, 43, 42, 41, 40, 49, 48, 47, 38, 37, 36, 45, 54, 55, 64, 65, 74, 75, 76, 67, 68, 59, 60, 61, 70, 71, 80]
[00:00:00:30:453] ! Unidirectional s-t. expansions: 7,414, time: 30,452 [ms], path length: 44 [edges], generated: 12,147
[00:00:00:28:968] Path of length 44 found: [80, 71, 62, 53, 44, 35, 26, 17, 8, 7, 6, 15, 24, 33, 42, 41, 40, 49, 58, 59, 60, 69, 78, 77, 76, 75, 66, 65, 64, 55, 54, 45, 36, 37, 38, 29, 20, 21, 22, 13, 4, 3, 2, 1, 0]
[00:00:00:28:970] ! Unidirectional t-s. expansions: 6,821, time: 28,968 [ms], path length: 44 [edges], generated: 11,272
[00:00:01:23:011] Expansion 10,000: F [0, 9, 18, 27, 28, 37, 46, 55, 64, 65, 66, 67, 76, 77, 78, 69, 60], B [80, 71, 62, 53, 44, 43, 42, 33, 24], f=45, g=24
[00:00:01:40:607] Path of length 44 found: [0, 1, 2, 3, 4, 13, 22, 21, 20, 19, 18, 27, 36, 45, 54, 55, 64, 65, 74, 75, 76, 77, 78, 69, 60, 59, 58, 49, 40, 41, 42, 33, 24, 15, 6, 7, 8, 17, 26, 35, 44, 53, 62, 71, 80]
[00:00:01:41:149] ! Bidirectional. expansions: 12,004, time: 100,607 [ms], path length: 44 [edges], g_F: 28, g_B: 16, generated: {'F': 12,011, 'B': 8,003}, MM: 12, MMPER: 25.666666666666668%
[00:00:01:41:149] 
---------- SM_Grids/9x9_grid_with_random_blocks_16per_5 ----------
[00:00:00:39:209] Expansion 10,000: state None, f=41, g=34
[00:00:00:57:609] Path of length 40 found: [0, 1, 2, 3, 4, 13, 22, 23, 24, 25, 26, 35, 44, 43, 52, 51, 50, 41, 40, 39, 30, 29, 20, 19, 18, 27, 36, 45, 54, 63, 72, 73, 74, 65, 66, 67, 68, 69, 70, 71, 80]
[00:00:00:57:611] ! Unidirectional s-t. expansions: 14,866, time: 57,609 [ms], path length: 40 [edges], generated: 26,047
[00:00:00:14:305] Path of length 40 found: [80, 71, 70, 69, 68, 67, 66, 65, 74, 73, 72, 63, 54, 45, 36, 27, 18, 19, 20, 29, 38, 47, 48, 49, 50, 51, 52, 53, 44, 35, 26, 25, 24, 23, 22, 13, 4, 3, 2, 1, 0]
[00:00:00:14:307] ! Unidirectional t-s. expansions: 2,921, time: 14,306 [ms], path length: 40 [edges], generated: 4,805
[00:00:01:15:440] Expansion 10,000: F [0, 1, 2, 3, 12, 21, 22, 23, 24, 25, 34, 35, 44, 53, 52], B [80, 71, 70, 69, 68, 67, 66, 57, 48], f=41, g=22
[00:00:01:18:092] Path of length 40 found: [0, 1, 2, 3, 4, 13, 22, 23, 24, 33, 34, 35, 44, 53, 52, 51, 50, 41, 40, 39, 30, 29, 20, 19, 18, 27, 36, 45, 54, 63, 72, 73, 74, 65, 66, 67, 68, 69, 70, 71, 80]
[00:00:01:18:714] ! Bidirectional. expansions: 10,253, time: 78,092 [ms], path length: 40 [edges], g_F: 21, g_B: 19, generated: {'F': 13,057, 'B': 5,281}, MM: 2, MMPER: 3.8780487804878048%
[00:00:01:18:714] 
---------- SM_Grids/9x9_grid_with_random_blocks_16per_6 ----------
[00:00:00:06:559] Path of length 46 found: [0, 1, 2, 3, 4, 13, 14, 15, 6, 7, 8, 17, 26, 35, 44, 53, 52, 51, 42, 33, 32, 31, 30, 21, 20, 19, 18, 27, 36, 45, 54, 63, 64, 65, 56, 47, 48, 49, 58, 67, 76, 77, 78, 69, 70, 71, 80]
[00:00:00:06:560] ! Unidirectional s-t. expansions: 1,602, time: 6,559 [ms], path length: 46 [edges], generated: 2,447
[00:00:00:06:908] Path of length 46 found: [80, 71, 70, 69, 78, 77, 76, 67, 58, 49, 48, 47, 56, 65, 64, 63, 54, 45, 36, 27, 18, 19, 20, 21, 30, 31, 32, 41, 42, 51, 52, 53, 44, 35, 26, 17, 8, 7, 6, 15, 14, 13, 4, 3, 2, 1, 0]
[00:00:00:06:909] ! Unidirectional t-s. expansions: 1,555, time: 6,908 [ms], path length: 46 [edges], generated: 2,519
[00:00:00:35:692] Path of length 46 found: [0, 1, 2, 3, 4, 13, 14, 15, 6, 7, 8, 17, 26, 35, 44, 53, 52, 51, 42, 33, 32, 31, 30, 21, 20, 19, 18, 27, 36, 45, 54, 63, 64, 65, 56, 47, 48, 49, 58, 67, 76, 77, 78, 69, 70, 71, 80]
[00:00:00:36:236] ! Bidirectional. expansions: 3,893, time: 35,692 [ms], path length: 46 [edges], g_F: 32, g_B: 14, generated: {'F': 3,863, 'B': 2,379}, MM: 18, MMPER: 37.297872340425535%
[00:00:00:36:237] 
---------- SM_Grids/9x9_grid_with_random_blocks_16per_7 ----------
[00:00:00:16:290] Path of length 42 found: [0, 9, 10, 19, 28, 27, 36, 45, 54, 63, 72, 73, 74, 65, 56, 47, 38, 39, 40, 41, 32, 23, 22, 21, 12, 3, 4, 5, 6, 15, 16, 25, 34, 43, 52, 51, 60, 59, 68, 77, 78, 79, 80]
[00:00:00:16:291] ! Unidirectional s-t. expansions: 3,432, time: 16,290 [ms], path length: 42 [edges], generated: 6,451
[00:00:00:22:457] Path of length 42 found: [80, 79, 78, 77, 68, 59, 60, 51, 52, 43, 34, 25, 16, 15, 6, 5, 4, 3, 12, 21, 22, 23, 32, 41, 40, 49, 48, 57, 56, 65, 74, 73, 72, 63, 54, 45, 36, 37, 28, 19, 10, 9, 0]
[00:00:00:22:459] ! Unidirectional t-s. expansions: 4,937, time: 22,458 [ms], path length: 42 [edges], generated: 8,639
[00:00:01:09:014] Path of length 42 found: [0, 9, 10, 11, 2, 3, 4, 5, 6, 15, 16, 25, 34, 43, 42, 41, 32, 23, 22, 21, 30, 29, 28, 27, 36, 45, 54, 63, 72, 73, 74, 65, 56, 47, 48, 49, 58, 67, 68, 77, 78, 79, 80]
[00:00:01:09:629] ! Bidirectional. expansions: 9,882, time: 69,014 [ms], path length: 42 [edges], g_F: 14, g_B: 28, generated: {'F': 10,747, 'B': 6,526}, MM: 14, MMPER: 31.558139534883722%
[00:00:01:09:629] 
---------- SM_Grids/9x9_grid_with_random_blocks_16per_8 ----------
[00:00:00:24:730] Path of length 44 found: [0, 9, 10, 19, 28, 27, 36, 45, 54, 63, 72, 73, 74, 65, 56, 47, 38, 39, 40, 41, 32, 23, 22, 13, 4, 5, 6, 7, 8, 17, 26, 35, 44, 53, 52, 61, 60, 59, 58, 67, 76, 77, 78, 79, 80]
[00:00:00:24:731] ! Unidirectional s-t. expansions: 5,854, time: 24,730 [ms], path length: 44 [edges], generated: 9,443
[00:00:00:04:983] Path of length 44 found: [80, 79, 78, 77, 76, 67, 58, 59, 60, 61, 52, 53, 44, 35, 34, 25, 16, 7, 6, 5, 4, 13, 22, 23, 32, 41, 40, 39, 48, 47, 56, 65, 74, 73, 72, 63, 54, 45, 36, 27, 18, 19, 10, 1, 0]
[00:00:00:04:984] ! Unidirectional t-s. expansions: 1,179, time: 4,983 [ms], path length: 44 [edges], generated: 1,915
[00:00:01:18:230] Expansion 10,000: F [0, 9, 10, 19, 28, 27, 36, 45, 54, 63, 72, 73, 74, 75, 66], B [80, 79, 78, 69, 60, 61, 52, 53, 44, 35, 26, 17, 8, 7, 6], f=45, g=28
[00:00:01:54:050] Path of length 44 found: [0, 9, 10, 19, 28, 27, 36, 45, 54, 63, 72, 73, 74, 75, 76, 67, 58, 57, 56, 47, 38, 39, 40, 41, 32, 23, 22, 13, 4, 5, 6, 7, 8, 17, 26, 35, 44, 53, 52, 61, 60, 69, 78, 79, 80]
[00:00:01:54:595] ! Bidirectional. expansions: 14,664, time: 114,050 [ms], path length: 44 [edges], g_F: 28, g_B: 16, generated: {'F': 11,477, 'B': 11,428}, MM: 12, MMPER: 25.666666666666668%
[00:00:01:54:596] 
---------- SM_Grids/9x9_grid_with_random_blocks_16per_9 ----------
[00:00:00:30:384] Path of length 40 found: [0, 9, 18, 27, 28, 29, 20, 11, 12, 13, 4, 5, 6, 7, 8, 17, 26, 25, 24, 23, 32, 31, 40, 39, 48, 47, 46, 45, 54, 63, 64, 65, 66, 67, 76, 77, 78, 69, 70, 71, 80]
[00:00:00:30:386] ! Unidirectional s-t. expansions: 8,974, time: 30,384 [ms], path length: 40 [edges], generated: 13,571
[00:00:00:37:016] Path of length 40 found: [80, 71, 70, 61, 60, 59, 68, 67, 66, 65, 64, 63, 54, 45, 46, 47, 48, 49, 40, 41, 32, 33, 34, 25, 26, 17, 8, 7, 6, 5, 4, 13, 22, 21, 30, 29, 28, 27, 18, 9, 0]
[00:00:00:37:018] ! Unidirectional t-s. expansions: 9,773, time: 37,016 [ms], path length: 40 [edges], generated: 15,525
[00:00:01:18:692] Expansion 10,000: F [0, 1, 10, 11, 12, 13, 4, 5, 6, 7], B [80, 71, 70, 61, 60, 59, 68, 67, 66, 65, 64, 55], f=41, g=20
[00:00:01:39:218] Path of length 40 found: [0, 1, 10, 19, 28, 29, 30, 21, 12, 13, 4, 5, 6, 7, 8, 17, 26, 25, 34, 33, 32, 41, 40, 49, 48, 47, 46, 45, 54, 63, 64, 65, 66, 67, 68, 59, 60, 61, 70, 71, 80]
[00:00:01:39:758] ! Bidirectional. expansions: 12,101, time: 99,218 [ms], path length: 40 [edges], g_F: 5, g_B: 35, generated: {'F': 9,629, 'B': 11,024}, MM: 30, MMPER: 72.17073170731707%
[00:00:01:39:758] average expansions: (6,335, 4,647, 12,413, 0)
[00:00:01:39:758] average time: (25,012, 19,730, 94,043, 0)
[00:00:01:39:758] XA*: 4,647 , 19,730 (expansions , time[ms])
[00:00:01:39:758] BiXA*: 12,413 , 94,043 (expansions , time[ms])

