--------------------------
date: SM_Grids
number_of_graphs: 10
graph_type: grid
size_of_graphs: [8, 8]
heuristic: bcc_heuristic
snake: False
run_uni: True
run_bi: True
run_multi: False
solution_vertices: []
algorithms: ['IDA']
lookahead: 2
bsd: False
cube_first_dims: 4
cube_buffer_dim: None
backward_sym_generation: False
sym_coil: False
prefix_set: None

---------- SM_Grids/8x8_grid_with_random_blocks_12per_0 ----------
[00:00:00:13:795] Path of length 52 found: [0, 8, 16, 24, 25, 17, 9, 1, 2, 10, 18, 26, 34, 33, 41, 40, 48, 56, 57, 58, 50, 42, 43, 35, 27, 19, 11, 3, 4, 12, 20, 21, 13, 14, 22, 30, 31, 39, 47, 55, 54, 53, 45, 37, 36, 44, 52, 51, 59, 60, 61, 62, 63]
[00:00:00:13:795] ! Unidirectional s-t. expansions: 7,700, time: 13,795 [ms], path length: 52 [edges], generated: 38,667
[00:00:00:17:363] Path of length 52 found: [63, 55, 47, 39, 31, 30, 22, 14, 13, 21, 20, 12, 4, 3, 2, 10, 11, 19, 18, 26, 34, 42, 50, 51, 43, 35, 27, 28, 36, 37, 45, 44, 52, 53, 54, 62, 61, 60, 59, 58, 57, 56, 48, 40, 41, 33, 25, 24, 16, 17, 9, 1, 0]
[00:00:00:17:363] ! Unidirectional t-s. expansions: 12,516, time: 17,363 [ms], path length: 52 [edges], generated: 59,174
[00:00:01:05:390] Path of length 52 found: [0, 8, 16, 24, 25, 17, 9, 1, 2, 10, 18, 26, 34, 33, 41, 40, 48, 56, 57, 58, 59, 60, 61, 62, 54, 53, 45, 44, 52, 51, 50, 42, 43, 35, 36, 28, 27, 19, 11, 3, 4, 12, 20, 21, 13, 14, 22, 30, 31, 39, 47, 55, 63]
[00:00:01:05:874] ! Bidirectional. expansions: 86,722, time: 65,390 [ms], path length: 52 [edges], g_F: 26, g_B: 26, generated: {'F': 152,967, 'B': 159,144}, MM: 0, MMPER: -1.0%
[00:00:01:05:875] 
---------- SM_Grids/8x8_grid_with_random_blocks_12per_1 ----------
[00:00:00:01:496] Path of length 52 found: [0, 8, 16, 24, 32, 33, 25, 17, 9, 1, 2, 10, 11, 3, 4, 12, 13, 5, 6, 7, 15, 14, 22, 21, 20, 19, 27, 26, 34, 42, 41, 49, 50, 58, 59, 51, 52, 60, 61, 53, 45, 44, 36, 28, 29, 37, 38, 39, 47, 46, 54, 62, 63]
[00:00:00:01:496] ! Unidirectional s-t. expansions: 856, time: 1,496 [ms], path length: 52 [edges], generated: 4,196
[00:00:00:01:035] Path of length 52 found: [63, 55, 47, 39, 38, 37, 29, 21, 22, 14, 15, 7, 6, 5, 13, 12, 4, 3, 11, 10, 2, 1, 9, 17, 25, 26, 27, 19, 20, 28, 36, 44, 52, 53, 45, 46, 54, 62, 61, 60, 59, 51, 50, 49, 41, 42, 34, 33, 32, 24, 16, 8, 0]
[00:00:00:01:035] ! Unidirectional t-s. expansions: 445, time: 1,035 [ms], path length: 52 [edges], generated: 2,215
[00:00:00:24:082] Path of length 52 found: [0, 8, 16, 24, 32, 33, 25, 17, 9, 1, 2, 10, 11, 3, 4, 12, 13, 5, 6, 7, 15, 14, 22, 21, 20, 19, 27, 26, 34, 42, 41, 49, 50, 51, 59, 60, 61, 62, 54, 46, 45, 53, 52, 44, 36, 28, 29, 37, 38, 39, 47, 55, 63]
[00:00:00:24:493] ! Bidirectional. expansions: 21,424, time: 24,082 [ms], path length: 52 [edges], g_F: 26, g_B: 26, generated: {'F': 37,459, 'B': 38,241}, MM: 0, MMPER: -1.0%
[00:00:00:24:493] 
---------- SM_Grids/8x8_grid_with_random_blocks_12per_2 ----------
[00:00:00:22:368] Path of length 50 found: [0, 8, 16, 24, 32, 33, 25, 17, 9, 1, 2, 10, 18, 19, 27, 28, 20, 12, 11, 3, 4, 5, 13, 21, 22, 14, 15, 23, 31, 30, 29, 37, 36, 44, 43, 42, 50, 49, 57, 58, 59, 51, 52, 60, 61, 62, 54, 46, 47, 55, 63]
[00:00:00:22:368] ! Unidirectional s-t. expansions: 11,614, time: 22,368 [ms], path length: 50 [edges], generated: 54,422
[00:00:00:06:030] Path of length 50 found: [63, 55, 47, 46, 54, 62, 61, 60, 52, 51, 59, 58, 57, 49, 50, 42, 34, 33, 32, 24, 25, 17, 16, 8, 9, 10, 18, 19, 27, 28, 36, 44, 45, 37, 38, 30, 29, 21, 22, 23, 15, 14, 13, 5, 4, 12, 11, 3, 2, 1, 0]
[00:00:00:06:030] ! Unidirectional t-s. expansions: 3,285, time: 6,030 [ms], path length: 50 [edges], generated: 15,814
[00:00:00:57:329] Path of length 50 found: [0, 8, 16, 24, 32, 33, 25, 17, 9, 1, 2, 10, 18, 19, 27, 28, 20, 12, 11, 3, 4, 5, 13, 14, 15, 23, 22, 21, 29, 30, 38, 37, 36, 44, 43, 42, 50, 49, 57, 58, 59, 51, 52, 60, 61, 62, 54, 46, 47, 55, 63]
[00:00:00:57:716] ! Bidirectional. expansions: 57,051, time: 57,329 [ms], path length: 50 [edges], g_F: 25, g_B: 25, generated: {'F': 109,524, 'B': 105,185}, MM: 0, MMPER: -1.0%
[00:00:00:57:717] 
---------- SM_Grids/8x8_grid_with_random_blocks_12per_3 ----------
[00:00:00:05:764] Path of length 54 found: [0, 8, 16, 24, 32, 33, 41, 49, 48, 56, 57, 58, 50, 51, 59, 60, 52, 44, 43, 35, 36, 37, 29, 30, 22, 14, 13, 12, 20, 19, 27, 26, 25, 17, 18, 10, 9, 1, 2, 3, 4, 5, 6, 7, 15, 23, 31, 39, 38, 46, 47, 55, 54, 62, 63]
[00:00:00:05:764] ! Unidirectional s-t. expansions: 3,518, time: 5,764 [ms], path length: 54 [edges], generated: 14,268
[00:00:00:05:015] Path of length 54 found: [63, 55, 47, 39, 31, 23, 15, 7, 6, 5, 4, 3, 2, 1, 9, 10, 18, 17, 25, 26, 27, 19, 20, 12, 13, 14, 22, 30, 29, 37, 38, 46, 54, 62, 61, 60, 52, 44, 36, 35, 43, 51, 59, 58, 57, 56, 48, 49, 41, 33, 32, 24, 16, 8, 0]
[00:00:00:05:015] ! Unidirectional t-s. expansions: 2,594, time: 5,015 [ms], path length: 54 [edges], generated: 10,832
[00:00:00:43:987] Path of length 54 found: [0, 8, 16, 24, 32, 33, 41, 49, 48, 56, 57, 58, 50, 51, 59, 60, 61, 62, 54, 46, 45, 44, 43, 35, 36, 37, 29, 30, 22, 14, 13, 12, 20, 19, 27, 26, 25, 17, 18, 10, 9, 1, 2, 3, 4, 5, 6, 7, 15, 23, 31, 39, 47, 55, 63]
[00:00:00:44:382] ! Bidirectional. expansions: 41,917, time: 43,987 [ms], path length: 54 [edges], g_F: 27, g_B: 27, generated: {'F': 70,331, 'B': 72,275}, MM: 0, MMPER: -1.0%
[00:00:00:44:382] 
---------- SM_Grids/8x8_grid_with_random_blocks_12per_4 ----------
[00:00:00:00:109] Path of length 54 found: [0, 8, 16, 24, 25, 17, 9, 10, 18, 26, 34, 33, 41, 49, 48, 56, 57, 58, 50, 42, 43, 51, 59, 60, 52, 44, 36, 35, 27, 19, 11, 12, 4, 5, 6, 14, 13, 21, 20, 28, 29, 37, 38, 30, 22, 23, 31, 39, 47, 55, 54, 53, 61, 62, 63]
[00:00:00:00:109] ! Unidirectional s-t. expansions: 54, time: 109 [ms], path length: 54 [edges], generated: 262
[00:00:00:00:055] Path of length 54 found: [63, 55, 47, 39, 31, 23, 22, 14, 6, 5, 4, 12, 13, 21, 20, 19, 11, 10, 9, 17, 18, 26, 34, 42, 50, 51, 43, 35, 27, 28, 29, 30, 38, 37, 36, 44, 52, 53, 54, 62, 61, 60, 59, 58, 57, 56, 48, 49, 41, 33, 25, 24, 16, 8, 0]
[00:00:00:00:055] ! Unidirectional t-s. expansions: 27, time: 55 [ms], path length: 54 [edges], generated: 124
[00:00:00:00:405] Path of length 54 found: [0, 8, 16, 24, 25, 17, 9, 10, 11, 19, 18, 26, 27, 35, 34, 33, 41, 49, 48, 56, 57, 58, 50, 42, 43, 51, 59, 60, 61, 62, 54, 53, 52, 44, 36, 37, 38, 30, 29, 28, 20, 21, 13, 12, 4, 5, 6, 14, 22, 23, 31, 39, 47, 55, 63]
[00:00:00:00:802] ! Bidirectional. expansions: 398, time: 405 [ms], path length: 54 [edges], g_F: 27, g_B: 27, generated: {'F': 748, 'B': 796}, MM: 0, MMPER: -1.0%
[00:00:00:00:802] 
---------- SM_Grids/8x8_grid_with_random_blocks_12per_5 ----------
[00:00:00:17:541] Path of length 52 found: [0, 8, 16, 24, 32, 40, 41, 33, 25, 17, 9, 1, 2, 3, 11, 19, 27, 35, 34, 42, 50, 58, 59, 51, 43, 44, 52, 60, 61, 53, 45, 37, 29, 28, 20, 21, 13, 12, 4, 5, 6, 14, 15, 23, 22, 30, 31, 39, 38, 46, 47, 55, 63]
[00:00:00:17:542] ! Unidirectional s-t. expansions: 9,368, time: 17,542 [ms], path length: 52 [edges], generated: 45,174
[00:00:00:07:755] Path of length 52 found: [63, 55, 47, 39, 31, 23, 15, 14, 6, 5, 4, 3, 2, 1, 9, 17, 18, 19, 27, 28, 20, 12, 13, 21, 22, 30, 29, 37, 38, 46, 45, 44, 52, 53, 61, 60, 59, 58, 50, 51, 43, 35, 34, 42, 41, 40, 32, 33, 25, 24, 16, 8, 0]
[00:00:00:07:755] ! Unidirectional t-s. expansions: 4,362, time: 7,755 [ms], path length: 52 [edges], generated: 20,727
[00:00:00:46:051] Path of length 52 found: [0, 8, 16, 24, 25, 33, 32, 40, 41, 42, 34, 35, 27, 28, 20, 12, 11, 19, 18, 17, 9, 1, 2, 3, 4, 5, 13, 14, 15, 23, 31, 39, 47, 46, 38, 30, 22, 21, 29, 37, 45, 44, 43, 51, 50, 58, 59, 60, 52, 53, 61, 62, 63]
[00:00:00:46:469] ! Bidirectional. expansions: 45,938, time: 46,051 [ms], path length: 52 [edges], g_F: 26, g_B: 26, generated: {'F': 83,600, 'B': 85,444}, MM: 0, MMPER: -1.0%
[00:00:00:46:469] 
---------- SM_Grids/8x8_grid_with_random_blocks_12per_6 ----------
[00:00:00:22:178] Path of length 52 found: [0, 8, 16, 24, 32, 40, 48, 49, 41, 42, 50, 51, 59, 60, 61, 53, 45, 44, 43, 35, 34, 26, 25, 17, 9, 1, 2, 10, 18, 19, 27, 28, 20, 12, 11, 3, 4, 5, 13, 14, 6, 7, 15, 23, 22, 21, 29, 37, 38, 46, 54, 62, 63]
[00:00:00:22:178] ! Unidirectional s-t. expansions: 15,177, time: 22,178 [ms], path length: 52 [edges], generated: 62,968
[00:00:00:17:094] Path of length 52 found: [63, 62, 54, 46, 38, 37, 29, 21, 13, 14, 22, 23, 15, 7, 6, 5, 4, 3, 2, 1, 9, 17, 25, 26, 18, 10, 11, 12, 20, 19, 27, 28, 36, 35, 34, 42, 43, 44, 45, 53, 61, 60, 59, 51, 50, 49, 41, 40, 32, 24, 16, 8, 0]
[00:00:00:17:094] ! Unidirectional t-s. expansions: 11,825, time: 17,094 [ms], path length: 52 [edges], generated: 51,120
[00:00:02:07:321] Path of length 52 found: [0, 8, 16, 24, 32, 40, 48, 49, 41, 42, 50, 51, 59, 60, 61, 53, 45, 44, 43, 35, 34, 26, 25, 17, 18, 19, 27, 28, 20, 12, 11, 10, 9, 1, 2, 3, 4, 5, 6, 7, 15, 23, 22, 14, 13, 21, 29, 37, 38, 46, 54, 62, 63]
[00:00:02:07:716] ! Bidirectional. expansions: 173,684, time: 127,321 [ms], path length: 52 [edges], g_F: 26, g_B: 26, generated: {'F': 321,331, 'B': 319,950}, MM: 0, MMPER: -1.0%
[00:00:02:07:716] 
---------- SM_Grids/8x8_grid_with_random_blocks_12per_7 ----------
[00:00:01:08:756] Valid states checked so far: 200,000, Expansions: 38,525, Global best: 53
[00:00:02:07:509] Valid states checked so far: 400,000, Expansions: 77,899, Global best: 53
[00:00:03:09:144] Valid states checked so far: 600,000, Expansions: 117,646, Global best: 53
[00:00:04:10:372] Valid states checked so far: 800,000, Expansions: 157,862, Global best: 53
[00:00:04:15:221] Path of length 52 found: [0, 8, 16, 24, 32, 40, 48, 56, 57, 58, 59, 60, 61, 53, 52, 44, 45, 37, 36, 28, 27, 26, 34, 35, 43, 42, 41, 33, 25, 17, 9, 10, 18, 19, 20, 12, 13, 5, 6, 7, 15, 14, 22, 23, 31, 30, 38, 39, 47, 46, 54, 62, 63]
[00:00:04:15:221] ! Unidirectional s-t. expansions: 160,583, time: 255,221 [ms], path length: 52 [edges], generated: 814,600
[00:00:01:13:155] Valid states checked so far: 200,000, Expansions: 39,788, Global best: 41
[00:00:02:17:883] Valid states checked so far: 400,000, Expansions: 80,878, Global best: 41
[00:00:03:24:740] Valid states checked so far: 600,000, Expansions: 121,213, Global best: 41
[00:00:04:02:673] Path of length 52 found: [63, 55, 47, 39, 31, 23, 15, 7, 6, 5, 13, 12, 20, 21, 22, 30, 38, 37, 36, 28, 27, 19, 18, 10, 9, 17, 25, 26, 34, 35, 43, 44, 52, 53, 45, 46, 54, 62, 61, 60, 59, 58, 57, 56, 48, 49, 41, 33, 32, 24, 16, 8, 0]
[00:00:04:02:673] ! Unidirectional t-s. expansions: 144,231, time: 242,673 [ms], path length: 52 [edges], generated: 713,762
[00:00:18:11:968] Path of length 52 found: [0, 8, 16, 24, 32, 40, 48, 56, 57, 58, 59, 60, 52, 44, 43, 35, 34, 42, 41, 33, 25, 17, 9, 10, 18, 26, 27, 28, 36, 37, 45, 53, 61, 62, 54, 46, 38, 30, 22, 21, 20, 12, 13, 5, 6, 7, 15, 23, 31, 39, 47, 55, 63]
[00:00:18:12:388] ! Bidirectional. expansions: 1,266,293, time: 1,091,968 [ms], path length: 52 [edges], g_F: 26, g_B: 26, generated: {'F': 2,246,481, 'B': 2,385,281}, MM: 0, MMPER: -1.0%
[00:00:18:12:388] 
---------- SM_Grids/8x8_grid_with_random_blocks_12per_8 ----------
[00:00:00:07:446] Path of length 54 found: [0, 8, 16, 24, 32, 33, 41, 49, 48, 56, 57, 58, 59, 60, 52, 53, 45, 37, 29, 21, 13, 12, 20, 19, 27, 28, 36, 44, 43, 35, 34, 26, 25, 17, 18, 10, 9, 1, 2, 3, 4, 5, 6, 7, 15, 14, 22, 23, 31, 30, 38, 46, 47, 55, 63]
[00:00:00:07:447] ! Unidirectional s-t. expansions: 4,376, time: 7,446 [ms], path length: 54 [edges], generated: 22,505
[00:00:00:05:372] Path of length 54 found: [63, 55, 47, 39, 31, 23, 15, 7, 6, 5, 4, 3, 2, 1, 9, 10, 18, 17, 25, 26, 34, 35, 43, 44, 36, 28, 27, 19, 20, 12, 13, 14, 22, 21, 29, 30, 38, 37, 45, 53, 52, 60, 59, 58, 57, 56, 48, 49, 41, 33, 32, 24, 16, 8, 0]
[00:00:00:05:373] ! Unidirectional t-s. expansions: 2,846, time: 5,373 [ms], path length: 54 [edges], generated: 14,874
[00:00:00:49:816] Path of length 54 found: [0, 8, 16, 24, 32, 33, 41, 49, 48, 56, 57, 58, 59, 60, 52, 53, 45, 46, 38, 30, 22, 14, 13, 12, 20, 19, 27, 28, 29, 37, 36, 44, 43, 35, 34, 26, 25, 17, 18, 10, 9, 1, 2, 3, 4, 5, 6, 7, 15, 23, 31, 39, 47, 55, 63]
[00:00:00:50:222] ! Bidirectional. expansions: 59,371, time: 49,817 [ms], path length: 54 [edges], g_F: 27, g_B: 27, generated: {'F': 108,531, 'B': 106,534}, MM: 0, MMPER: -1.0%
[00:00:00:50:222] 
---------- SM_Grids/8x8_grid_with_random_blocks_12per_9 ----------
[00:00:01:10:903] Valid states checked so far: 200,000, Expansions: 47,484, Global best: 43
[00:00:01:30:123] Path of length 52 found: [0, 1, 2, 10, 9, 8, 16, 24, 32, 40, 48, 56, 57, 49, 41, 33, 25, 26, 18, 19, 11, 12, 4, 5, 6, 7, 15, 23, 31, 30, 29, 21, 20, 28, 27, 35, 43, 51, 50, 58, 59, 60, 52, 53, 45, 37, 38, 46, 47, 55, 54, 62, 63]
[00:00:01:30:123] ! Unidirectional s-t. expansions: 60,122, time: 90,123 [ms], path length: 52 [edges], generated: 253,659
[00:00:01:17:932] Valid states checked so far: 200,000, Expansions: 47,462, Global best: 0
[00:00:02:30:177] Valid states checked so far: 400,000, Expansions: 95,310, Global best: 0
[00:00:02:32:119] Path of length 52 found: [63, 55, 47, 46, 38, 30, 31, 23, 15, 7, 6, 5, 4, 12, 13, 21, 20, 19, 11, 10, 18, 26, 25, 33, 34, 35, 27, 28, 36, 37, 45, 53, 54, 62, 61, 60, 52, 51, 59, 58, 50, 49, 57, 56, 48, 40, 32, 24, 16, 8, 9, 1, 0]
[00:00:02:32:119] ! Unidirectional t-s. expansions: 96,319, time: 152,119 [ms], path length: 52 [edges], generated: 403,990
[00:00:06:11:855] Path of length 52 found: [0, 8, 9, 1, 2, 10, 18, 26, 27, 19, 20, 28, 36, 35, 34, 33, 25, 24, 32, 40, 41, 49, 48, 56, 57, 58, 50, 51, 52, 60, 61, 62, 54, 53, 45, 37, 29, 21, 13, 12, 4, 5, 6, 7, 15, 23, 31, 30, 38, 46, 47, 55, 63]
[00:00:06:12:288] ! Bidirectional. expansions: 444,708, time: 371,855 [ms], path length: 52 [edges], g_F: 26, g_B: 26, generated: {'F': 791,067, 'B': 784,815}, MM: 0, MMPER: -1.0%
[00:00:06:12:288] average expansions: (27,337, 27,845, 219,751, 0)
[00:00:06:12:288] average time: (43,604, 45,451, 187,820, 0)
[00:00:06:12:289] XIDA: 27,337 , 43,604 (expansions , time[ms])
[00:00:06:12:289] BiXIDA: 219,751 , 187,820 (expansions , time[ms])

