--------------------------
date: SM_Grids
number_of_graphs: 10
graph_type: grid
size_of_graphs: [9, 9]
heuristic: bcc_heuristic
snake: True
run_uni: True
run_bi: True
run_multi: False
solution_vertices: []
algorithms: ['IDA']
lookahead: 3
bsd: False
cube_first_dims: 4
cube_buffer_dim: None
backward_sym_generation: False
sym_coil: False
prefix_set: None

---------- SM_Grids/9x9_grid_with_random_blocks_16per_0 ----------
[00:00:00:49:316] Path of length 40 found: [0, 1, 10, 19, 20, 21, 12, 3, 4, 5, 14, 23, 24, 25, 26, 35, 44, 43, 42, 41, 40, 39, 38, 37, 46, 45, 54, 63, 72, 73, 74, 65, 56, 57, 58, 59, 60, 61, 70, 79, 80]
[00:00:00:49:316] ! Unidirectional s-t. expansions: 3,689, time: 49,316 [ms], path length: 40 [edges], generated: 35,088
[00:00:02:28:829] Path of length 40 found: [80, 71, 62, 61, 60, 59, 58, 67, 66, 75, 74, 73, 72, 63, 54, 45, 46, 47, 48, 39, 40, 41, 42, 43, 44, 35, 26, 25, 24, 23, 14, 5, 4, 3, 12, 21, 20, 19, 10, 1, 0]
[00:00:02:28:829] ! Unidirectional t-s. expansions: 13,652, time: 148,829 [ms], path length: 40 [edges], generated: 120,647
[00:00:02:51:991] Path of length 40 found: [0, 1, 10, 19, 28, 37, 46, 45, 54, 63, 72, 73, 74, 65, 56, 57, 58, 59, 50, 41, 40, 39, 30, 21, 12, 3, 4, 5, 14, 23, 24, 25, 26, 35, 44, 53, 62, 61, 70, 79, 80]
[00:00:02:52:529] ! Bidirectional. expansions: 8,078, time: 171,991 [ms], path length: 40 [edges], g_F: 20, g_B: 20, generated: {'F': 36,579, 'B': 26,594}, MM: 0, MMPER: -1.0%
[00:00:02:52:530] 
---------- SM_Grids/9x9_grid_with_random_blocks_16per_1 ----------
[00:00:03:14:724] Path of length 34 found: [0, 1, 2, 11, 20, 19, 18, 27, 36, 45, 54, 55, 56, 47, 38, 39, 30, 31, 22, 13, 4, 5, 6, 15, 24, 33, 42, 41, 50, 59, 68, 69, 70, 71, 80]
[00:00:03:14:725] ! Unidirectional s-t. expansions: 18,549, time: 194,724 [ms], path length: 34 [edges], generated: 159,909
[00:00:00:23:979] Path of length 34 found: [80, 71, 62, 53, 44, 43, 42, 51, 50, 49, 48, 47, 56, 55, 54, 45, 36, 37, 28, 29, 30, 31, 32, 23, 24, 15, 6, 5, 4, 13, 12, 11, 2, 1, 0]
[00:00:00:23:980] ! Unidirectional t-s. expansions: 1,340, time: 23,979 [ms], path length: 34 [edges], generated: 15,136
[00:00:04:22:327] Path of length 34 found: [0, 1, 2, 11, 12, 13, 4, 5, 6, 15, 24, 23, 32, 31, 30, 29, 28, 27, 36, 45, 54, 55, 56, 47, 48, 49, 50, 51, 42, 43, 44, 53, 62, 71, 80]
[00:00:04:22:843] ! Bidirectional. expansions: 7,014, time: 262,327 [ms], path length: 34 [edges], g_F: 19, g_B: 15, generated: {'F': 45,632, 'B': 28,041}, MM: 4, MMPER: 10.428571428571429%
[00:00:04:22:844] 
---------- SM_Grids/9x9_grid_with_random_blocks_16per_2 ----------
[00:00:00:48:818] Path of length 44 found: [0, 9, 18, 19, 20, 11, 12, 13, 22, 31, 32, 33, 24, 15, 6, 7, 8, 17, 26, 35, 44, 43, 52, 51, 60, 59, 58, 49, 48, 39, 38, 37, 36, 45, 54, 63, 72, 73, 74, 75, 76, 77, 78, 79, 80]
[00:00:00:48:818] ! Unidirectional s-t. expansions: 3,706, time: 48,818 [ms], path length: 44 [edges], generated: 34,747
[00:00:00:53:872] Path of length 44 found: [80, 79, 78, 77, 76, 75, 66, 65, 56, 55, 54, 45, 36, 37, 38, 39, 48, 49, 58, 59, 60, 61, 52, 43, 44, 35, 26, 17, 8, 7, 6, 15, 24, 33, 32, 31, 22, 13, 12, 11, 20, 19, 18, 9, 0]
[00:00:00:53:873] ! Unidirectional t-s. expansions: 4,149, time: 53,872 [ms], path length: 44 [edges], generated: 34,951
[00:00:01:59:261] Path of length 44 found: [0, 9, 18, 19, 20, 11, 12, 13, 22, 31, 32, 33, 24, 15, 6, 7, 8, 17, 26, 35, 44, 43, 52, 51, 60, 59, 58, 49, 48, 39, 38, 37, 36, 45, 54, 55, 56, 65, 66, 75, 76, 77, 78, 79, 80]
[00:00:01:59:777] ! Bidirectional. expansions: 4,754, time: 119,261 [ms], path length: 44 [edges], g_F: 22, g_B: 22, generated: {'F': 21,501, 'B': 17,120}, MM: 0, MMPER: -1.0%
[00:00:01:59:778] 
---------- SM_Grids/9x9_grid_with_random_blocks_16per_3 ----------
[00:00:00:14:011] Path of length 42 found: [0, 9, 10, 11, 20, 21, 30, 39, 38, 37, 46, 55, 56, 65, 74, 75, 76, 67, 58, 49, 50, 41, 42, 33, 24, 23, 14, 5, 6, 7, 16, 17, 26, 35, 44, 53, 52, 61, 60, 69, 78, 79, 80]
[00:00:00:14:011] ! Unidirectional s-t. expansions: 768, time: 14,011 [ms], path length: 42 [edges], generated: 9,055
[00:00:00:36:366] Path of length 42 found: [80, 79, 78, 69, 60, 61, 62, 53, 44, 35, 26, 17, 16, 7, 6, 5, 14, 23, 24, 33, 42, 41, 50, 49, 58, 67, 76, 75, 74, 65, 56, 55, 46, 37, 38, 39, 30, 21, 20, 11, 10, 1, 0]
[00:00:00:36:366] ! Unidirectional t-s. expansions: 2,208, time: 36,366 [ms], path length: 42 [edges], generated: 21,790
[00:00:01:25:358] Path of length 42 found: [0, 9, 10, 11, 20, 21, 30, 39, 38, 37, 46, 55, 56, 65, 74, 75, 76, 67, 58, 49, 50, 41, 42, 33, 24, 23, 14, 5, 6, 7, 16, 17, 26, 35, 44, 53, 62, 61, 60, 69, 78, 79, 80]
[00:00:01:25:900] ! Bidirectional. expansions: 3,526, time: 85,358 [ms], path length: 42 [edges], g_F: 25, g_B: 17, generated: {'F': 16,643, 'B': 12,017}, MM: 8, MMPER: 17.6046511627907%
[00:00:01:25:900] 
---------- SM_Grids/9x9_grid_with_random_blocks_16per_4 ----------
[00:00:01:06:723] Path of length 44 found: [0, 9, 18, 19, 20, 11, 2, 3, 4, 13, 14, 15, 6, 7, 8, 17, 26, 35, 44, 43, 42, 41, 40, 49, 48, 47, 38, 37, 36, 45, 54, 55, 64, 65, 74, 75, 76, 67, 68, 59, 60, 61, 70, 71, 80]
[00:00:01:06:723] ! Unidirectional s-t. expansions: 5,178, time: 66,723 [ms], path length: 44 [edges], generated: 45,713
[00:00:01:02:234] Path of length 44 found: [80, 71, 62, 61, 60, 69, 78, 77, 76, 67, 66, 65, 56, 55, 46, 45, 36, 27, 18, 19, 20, 29, 38, 39, 48, 49, 50, 41, 42, 43, 44, 35, 26, 17, 8, 7, 6, 15, 14, 13, 4, 3, 2, 1, 0]
[00:00:01:02:234] ! Unidirectional t-s. expansions: 5,092, time: 62,234 [ms], path length: 44 [edges], generated: 44,623
[00:00:02:20:452] Path of length 44 found: [0, 9, 18, 19, 20, 11, 2, 3, 4, 13, 14, 15, 6, 7, 8, 17, 26, 35, 44, 43, 42, 41, 40, 49, 48, 47, 38, 37, 36, 45, 54, 55, 64, 65, 66, 67, 76, 77, 78, 69, 60, 61, 62, 71, 80]
[00:00:02:20:991] ! Bidirectional. expansions: 5,538, time: 140,452 [ms], path length: 44 [edges], g_F: 23, g_B: 21, generated: {'F': 25,467, 'B': 18,986}, MM: 2, MMPER: 3.4444444444444446%
[00:00:02:20:991] 
---------- SM_Grids/9x9_grid_with_random_blocks_16per_5 ----------
[00:00:02:52:623] Path of length 40 found: [0, 1, 2, 3, 12, 13, 22, 23, 24, 25, 34, 35, 44, 53, 52, 51, 50, 41, 40, 39, 30, 29, 20, 19, 18, 27, 36, 45, 54, 63, 72, 73, 74, 65, 66, 67, 68, 69, 70, 71, 80]
[00:00:02:52:623] ! Unidirectional s-t. expansions: 13,974, time: 172,623 [ms], path length: 40 [edges], generated: 136,351
[00:00:00:44:164] Path of length 40 found: [80, 71, 70, 69, 68, 67, 66, 65, 74, 73, 72, 63, 54, 45, 36, 27, 18, 19, 20, 29, 38, 47, 48, 49, 50, 51, 52, 53, 44, 35, 26, 25, 24, 23, 22, 13, 4, 3, 2, 1, 0]
[00:00:00:44:165] ! Unidirectional t-s. expansions: 3,661, time: 44,164 [ms], path length: 40 [edges], generated: 32,339
[00:00:01:21:562] Path of length 40 found: [0, 1, 2, 3, 12, 13, 22, 23, 24, 25, 26, 35, 44, 43, 52, 51, 50, 41, 40, 39, 30, 29, 20, 19, 18, 27, 36, 45, 54, 63, 72, 73, 74, 65, 66, 67, 68, 69, 70, 71, 80]
[00:00:01:22:076] ! Bidirectional. expansions: 3,491, time: 81,562 [ms], path length: 40 [edges], g_F: 21, g_B: 19, generated: {'F': 17,516, 'B': 12,016}, MM: 2, MMPER: 3.8780487804878048%
[00:00:01:22:076] 
---------- SM_Grids/9x9_grid_with_random_blocks_16per_6 ----------
[00:00:00:15:524] Path of length 46 found: [0, 1, 2, 3, 4, 13, 14, 15, 6, 7, 8, 17, 26, 35, 44, 53, 52, 51, 42, 33, 32, 31, 30, 21, 20, 19, 18, 27, 36, 45, 54, 63, 64, 65, 56, 47, 48, 49, 58, 67, 76, 77, 78, 69, 70, 71, 80]
[00:00:00:15:525] ! Unidirectional s-t. expansions: 1,325, time: 15,524 [ms], path length: 46 [edges], generated: 10,194
[00:00:00:22:427] Path of length 46 found: [80, 71, 70, 69, 78, 77, 76, 67, 58, 49, 48, 47, 56, 65, 64, 63, 54, 45, 36, 27, 18, 19, 20, 21, 30, 31, 32, 41, 42, 51, 52, 53, 44, 35, 26, 17, 8, 7, 6, 15, 14, 13, 4, 3, 2, 1, 0]
[00:00:00:22:428] ! Unidirectional t-s. expansions: 1,844, time: 22,427 [ms], path length: 46 [edges], generated: 15,283
[00:00:00:56:569] Path of length 46 found: [0, 1, 2, 3, 4, 13, 14, 15, 6, 7, 8, 17, 26, 35, 44, 53, 52, 51, 42, 33, 32, 31, 30, 21, 20, 19, 18, 27, 36, 45, 54, 63, 64, 65, 56, 47, 48, 49, 58, 67, 76, 77, 78, 69, 70, 71, 80]
[00:00:00:57:089] ! Bidirectional. expansions: 2,038, time: 56,569 [ms], path length: 46 [edges], g_F: 29, g_B: 17, generated: {'F': 9,309, 'B': 6,836}, MM: 12, MMPER: 24.53191489361702%
[00:00:00:57:089] 
---------- SM_Grids/9x9_grid_with_random_blocks_16per_7 ----------
[00:00:00:56:146] Path of length 42 found: [0, 9, 10, 19, 28, 27, 36, 45, 54, 63, 72, 73, 74, 65, 56, 47, 38, 39, 40, 41, 32, 23, 22, 21, 12, 3, 4, 5, 6, 15, 16, 25, 34, 43, 52, 51, 60, 59, 68, 77, 78, 79, 80]
[00:00:00:56:147] ! Unidirectional s-t. expansions: 3,350, time: 56,146 [ms], path length: 42 [edges], generated: 37,793
[00:00:01:15:471] Path of length 42 found: [80, 79, 78, 77, 68, 59, 60, 51, 52, 43, 34, 25, 16, 15, 6, 5, 4, 3, 12, 21, 22, 23, 32, 41, 40, 49, 48, 57, 56, 65, 74, 73, 72, 63, 54, 45, 36, 27, 28, 19, 10, 9, 0]
[00:00:01:15:472] ! Unidirectional t-s. expansions: 4,975, time: 75,471 [ms], path length: 42 [edges], generated: 51,593
[00:00:02:03:461] Path of length 42 found: [0, 9, 10, 11, 2, 3, 4, 5, 6, 15, 16, 25, 34, 43, 52, 51, 50, 41, 32, 23, 22, 21, 30, 29, 28, 27, 36, 45, 54, 63, 72, 73, 74, 65, 56, 57, 58, 67, 68, 77, 78, 79, 80]
[00:00:02:03:982] ! Bidirectional. expansions: 4,096, time: 123,461 [ms], path length: 42 [edges], g_F: 23, g_B: 19, generated: {'F': 22,752, 'B': 16,432}, MM: 4, MMPER: 8.30232558139535%
[00:00:02:03:982] 
---------- SM_Grids/9x9_grid_with_random_blocks_16per_8 ----------
[00:00:01:01:364] Path of length 44 found: [0, 9, 10, 19, 28, 27, 36, 45, 54, 63, 72, 73, 74, 65, 56, 47, 38, 39, 40, 41, 32, 23, 22, 13, 4, 5, 6, 7, 8, 17, 26, 35, 44, 53, 52, 61, 60, 59, 58, 67, 76, 77, 78, 79, 80]
[00:00:01:01:364] ! Unidirectional s-t. expansions: 4,682, time: 61,364 [ms], path length: 44 [edges], generated: 39,993
[00:00:00:14:269] Path of length 44 found: [80, 79, 78, 69, 60, 61, 52, 53, 44, 35, 34, 25, 16, 7, 6, 5, 4, 13, 22, 23, 32, 41, 40, 39, 48, 57, 58, 67, 76, 75, 74, 73, 72, 63, 54, 55, 46, 37, 36, 27, 18, 19, 10, 1, 0]
[00:00:00:14:269] ! Unidirectional t-s. expansions: 1,015, time: 14,269 [ms], path length: 44 [edges], generated: 8,665
[00:00:02:39:627] Path of length 44 found: [0, 9, 10, 19, 28, 27, 36, 45, 54, 63, 64, 73, 74, 75, 76, 67, 58, 57, 56, 47, 38, 39, 40, 41, 32, 23, 22, 13, 4, 5, 6, 7, 16, 25, 34, 35, 44, 53, 52, 61, 60, 69, 78, 79, 80]
[00:00:02:40:147] ! Bidirectional. expansions: 7,508, time: 159,627 [ms], path length: 44 [edges], g_F: 26, g_B: 18, generated: {'F': 32,429, 'B': 22,728}, MM: 8, MMPER: 16.77777777777778%
[00:00:02:40:147] 
---------- SM_Grids/9x9_grid_with_random_blocks_16per_9 ----------
[00:00:01:01:679] Path of length 40 found: [0, 9, 18, 27, 28, 29, 20, 11, 12, 13, 4, 5, 6, 7, 8, 17, 26, 25, 24, 23, 32, 31, 40, 39, 48, 47, 46, 45, 54, 63, 64, 65, 66, 67, 76, 77, 78, 69, 70, 71, 80]
[00:00:01:01:679] ! Unidirectional s-t. expansions: 6,797, time: 61,679 [ms], path length: 40 [edges], generated: 49,632
[00:00:01:28:424] Path of length 40 found: [80, 71, 70, 61, 60, 59, 68, 67, 66, 65, 64, 63, 54, 45, 46, 47, 48, 49, 40, 41, 32, 33, 34, 25, 26, 17, 8, 7, 6, 5, 4, 13, 22, 21, 30, 29, 28, 19, 10, 1, 0]
[00:00:01:28:424] ! Unidirectional t-s. expansions: 6,653, time: 88,424 [ms], path length: 40 [edges], generated: 63,847
[00:00:02:19:452] Path of length 40 found: [0, 9, 18, 27, 28, 29, 20, 11, 12, 13, 4, 5, 6, 7, 8, 17, 26, 25, 24, 23, 32, 31, 40, 39, 48, 47, 46, 45, 54, 63, 64, 65, 66, 67, 68, 59, 60, 61, 70, 71, 80]
[00:00:02:19:973] ! Bidirectional. expansions: 4,060, time: 139,452 [ms], path length: 40 [edges], g_F: 22, g_B: 18, generated: {'F': 23,237, 'B': 17,151}, MM: 4, MMPER: 8.75609756097561%
[00:00:02:19:973] average expansions: (6,202, 4,459, 5,010, 0)
[00:00:02:19:973] average time: (74,093, 57,004, 134,006, 0)
[00:00:02:19:973] XIDA: 4,459 , 57,004 (expansions , time[ms])
[00:00:02:19:973] BiXIDA: 5,010 , 134,006 (expansions , time[ms])

