--------------------------
date: mazes
number_of_graphs: 10
graph_type: maze
size_of_graphs: [13, 13]
heuristic: bcc_heuristic
snake: False
run_uni: True
run_bi: True
run_multi: False
solution_vertices: []
algorithms: ['IDA']
lookahead: 3
bsd: False
cube_first_dims: 4
cube_buffer_dim: None
backward_sym_generation: False
sym_coil: False
prefix_set: None

---------- mazes/13x13_maze_with_1_open_diamonds_0 ----------
[00:00:03:28:295] Valid states checked so far: 200,000, Expansions: 33,985, Global best: 53
[00:00:06:18:815] Path of length 92 found: [0, 1, 2, 3, 4, 17, 30, 31, 32, 19, 6, 7, 8, 9, 10, 11, 12, 25, 38, 37, 36, 49, 62, 61, 60, 59, 58, 57, 56, 55, 54, 41, 28, 27, 26, 39, 52, 65, 78, 79, 80, 81, 82, 83, 84, 85, 86, 87, 88, 89, 90, 103, 116, 115, 114, 113, 112, 111, 110, 109, 108, 107, 106, 105, 118, 131, 130, 143, 156, 157, 158, 159, 146, 145, 132, 119, 120, 133, 134, 135, 136, 137, 150, 163, 164, 165, 152, 139, 140, 141, 142, 155, 168]
[00:00:06:18:816] ! Unidirectional s-t. expansions: 62,304, time: 378,815 [ms], path length: 92 [edges], generated: 368,365
[00:00:03:36:164] Valid states checked so far: 200,000, Expansions: 33,412, Global best: 61
[00:00:07:03:524] Valid states checked so far: 400,000, Expansions: 69,177, Global best: 61
[00:00:10:29:410] Valid states checked so far: 600,000, Expansions: 105,502, Global best: 61
[00:00:13:48:392] Valid states checked so far: 800,000, Expansions: 142,054, Global best: 61
[00:00:17:04:822] Valid states checked so far: 1,000,000, Expansions: 178,364, Global best: 61
[00:00:20:26:516] Valid states checked so far: 1,200,000, Expansions: 215,381, Global best: 61
[00:00:23:39:827] Valid states checked so far: 1,400,000, Expansions: 251,230, Global best: 61
[00:00:23:51:278] Path of length 92 found: [168, 155, 142, 141, 140, 139, 152, 165, 164, 163, 150, 137, 136, 135, 134, 133, 120, 119, 132, 145, 146, 159, 158, 157, 156, 143, 130, 131, 118, 105, 106, 107, 108, 109, 110, 111, 112, 113, 114, 115, 116, 103, 90, 89, 88, 87, 86, 85, 84, 83, 82, 81, 80, 79, 78, 65, 52, 39, 26, 27, 28, 41, 54, 55, 56, 57, 58, 59, 60, 61, 62, 63, 64, 51, 38, 25, 12, 11, 10, 9, 8, 7, 6, 19, 32, 31, 30, 17, 4, 3, 2, 1, 0]
[00:00:23:51:279] ! Unidirectional t-s. expansions: 253,412, time: 1,431,278 [ms], path length: 92 [edges], generated: 1,411,406
[00:00:03:47:194] Path of length 92 found: [0, 1, 2, 3, 4, 17, 30, 31, 32, 19, 6, 7, 8, 9, 10, 11, 12, 25, 38, 37, 36, 49, 62, 61, 60, 59, 58, 57, 56, 55, 54, 41, 28, 27, 26, 39, 52, 65, 78, 79, 80, 81, 82, 83, 84, 85, 86, 87, 88, 89, 90, 103, 116, 115, 114, 113, 112, 111, 110, 109, 108, 107, 106, 105, 118, 131, 130, 143, 156, 157, 158, 159, 146, 145, 132, 119, 120, 133, 134, 135, 136, 137, 150, 163, 164, 165, 152, 139, 140, 141, 142, 155, 168]
[00:00:03:47:195] ! Bidirectional. expansions: 20,106, time: 227,194 [ms], path length: 92 [edges], g_F: 55, g_B: 37, generated: {'F': 84,507, 'B': 56,178}, MM: 18, MMPER: 18.35483870967742%
[00:00:03:47:195] 
---------- mazes/13x13_maze_with_1_open_diamonds_1 ----------
[00:00:04:01:634] Valid states checked so far: 200,000, Expansions: 34,497, Global best: 41
[00:00:07:48:155] Valid states checked so far: 400,000, Expansions: 72,661, Global best: 59
[00:00:10:46:249] Path of length 90 found: [0, 1, 2, 15, 28, 27, 26, 39, 52, 53, 54, 41, 42, 29, 16, 3, 4, 17, 30, 43, 56, 57, 58, 45, 32, 19, 6, 7, 8, 9, 10, 11, 12, 25, 38, 37, 36, 49, 62, 61, 74, 87, 88, 89, 90, 103, 116, 115, 114, 113, 112, 99, 86, 85, 84, 83, 82, 81, 80, 79, 92, 105, 106, 107, 108, 109, 122, 135, 134, 133, 132, 131, 130, 143, 156, 157, 158, 159, 160, 161, 162, 163, 164, 165, 152, 139, 140, 141, 142, 155, 168]
[00:00:10:46:250] ! Unidirectional s-t. expansions: 104,768, time: 646,249 [ms], path length: 90 [edges], generated: 561,423
[00:00:00:13:166] Path of length 90 found: [168, 155, 142, 141, 140, 139, 152, 165, 164, 163, 162, 161, 160, 159, 158, 157, 156, 143, 130, 131, 132, 133, 134, 135, 122, 109, 108, 107, 106, 105, 92, 79, 80, 81, 82, 83, 84, 85, 86, 99, 112, 113, 114, 115, 116, 103, 90, 89, 88, 87, 74, 61, 62, 63, 64, 51, 38, 25, 12, 11, 10, 9, 8, 7, 6, 19, 32, 45, 58, 57, 56, 43, 30, 17, 4, 3, 16, 29, 42, 41, 54, 53, 52, 39, 26, 27, 28, 15, 2, 1, 0]
[00:00:00:13:166] ! Unidirectional t-s. expansions: 2,107, time: 13,166 [ms], path length: 90 [edges], generated: 14,705
[00:00:11:07:070] Path of length 90 found: [0, 13, 26, 39, 52, 53, 54, 41, 28, 15, 2, 3, 4, 17, 16, 29, 30, 43, 42, 55, 56, 57, 58, 45, 32, 19, 6, 7, 8, 9, 10, 11, 12, 25, 38, 37, 36, 49, 62, 61, 74, 87, 88, 89, 90, 103, 116, 115, 114, 113, 112, 99, 86, 85, 84, 83, 82, 81, 80, 79, 92, 105, 106, 107, 108, 109, 122, 135, 134, 133, 132, 131, 130, 143, 156, 157, 158, 159, 160, 161, 162, 163, 164, 165, 152, 139, 140, 141, 142, 155, 168]
[00:00:11:07:071] ! Bidirectional. expansions: 71,147, time: 667,070 [ms], path length: 90 [edges], g_F: 54, g_B: 36, generated: {'F': 259,976, 'B': 125,691}, MM: 18, MMPER: 18.78021978021978%
[00:00:11:07:071] 
---------- mazes/13x13_maze_with_1_open_diamonds_2 ----------
[00:00:03:07:583] Valid states checked so far: 200,000, Expansions: 30,321, Global best: 89
[00:00:03:48:236] Path of length 92 found: [0, 1, 2, 3, 4, 17, 30, 43, 56, 55, 54, 41, 28, 27, 26, 39, 52, 65, 78, 79, 80, 81, 82, 83, 70, 57, 58, 45, 32, 19, 6, 7, 8, 9, 10, 11, 12, 25, 38, 37, 36, 49, 62, 61, 60, 59, 72, 71, 84, 85, 98, 99, 86, 87, 88, 89, 90, 103, 116, 115, 114, 113, 112, 111, 110, 97, 96, 109, 122, 135, 134, 133, 132, 131, 130, 143, 156, 157, 158, 159, 160, 161, 162, 163, 164, 165, 152, 139, 140, 141, 142, 155, 168]
[00:00:03:48:237] ! Unidirectional s-t. expansions: 37,339, time: 228,236 [ms], path length: 92 [edges], generated: 244,264
[00:00:02:53:610] Valid states checked so far: 200,000, Expansions: 34,000, Global best: 59
[00:00:03:41:112] Path of length 92 found: [168, 155, 142, 141, 140, 139, 152, 165, 164, 163, 162, 161, 160, 159, 158, 157, 156, 143, 130, 131, 132, 133, 134, 135, 122, 109, 108, 107, 106, 105, 92, 79, 78, 65, 52, 39, 26, 27, 28, 41, 54, 55, 56, 57, 70, 83, 96, 97, 110, 111, 98, 99, 112, 113, 114, 115, 116, 103, 90, 89, 88, 87, 86, 85, 84, 71, 72, 59, 60, 61, 62, 63, 64, 51, 38, 25, 12, 11, 10, 9, 8, 7, 6, 19, 32, 31, 30, 17, 4, 3, 2, 1, 0]
[00:00:03:41:113] ! Unidirectional t-s. expansions: 43,980, time: 221,112 [ms], path length: 92 [edges], generated: 256,993
[00:00:01:07:231] Path of length 92 found: [0, 1, 2, 3, 4, 17, 30, 43, 56, 55, 54, 41, 28, 27, 26, 39, 52, 65, 78, 79, 80, 81, 82, 83, 70, 57, 58, 45, 32, 19, 6, 7, 8, 9, 10, 11, 12, 25, 38, 37, 36, 49, 62, 61, 60, 59, 72, 71, 84, 85, 86, 87, 88, 89, 90, 103, 116, 115, 114, 113, 112, 99, 98, 111, 110, 97, 96, 109, 122, 135, 134, 133, 132, 131, 130, 143, 156, 157, 158, 159, 160, 161, 162, 163, 164, 165, 152, 139, 140, 141, 142, 155, 168]
[00:00:01:07:231] ! Bidirectional. expansions: 7,718, time: 67,231 [ms], path length: 92 [edges], g_F: 56, g_B: 36, generated: {'F': 31,242, 'B': 21,291}, MM: 20, MMPER: 20.50537634408602%
[00:00:01:07:231] 
---------- mazes/13x13_maze_with_1_open_diamonds_3 ----------
[00:00:02:32:038] Path of length 90 found: [0, 1, 2, 3, 4, 17, 30, 43, 56, 55, 54, 41, 28, 27, 26, 39, 52, 65, 78, 79, 80, 81, 82, 83, 84, 71, 58, 45, 32, 19, 6, 7, 8, 9, 10, 11, 12, 25, 38, 37, 36, 49, 62, 61, 74, 87, 86, 85, 98, 99, 100, 101, 88, 89, 90, 103, 102, 115, 116, 129, 142, 141, 140, 139, 126, 113, 112, 111, 110, 109, 122, 135, 134, 133, 132, 131, 130, 143, 156, 157, 158, 159, 160, 161, 162, 163, 164, 165, 166, 167, 168]
[00:00:02:32:038] ! Unidirectional s-t. expansions: 24,632, time: 152,038 [ms], path length: 90 [edges], generated: 167,551
[00:00:03:35:876] Valid states checked so far: 200,000, Expansions: 34,967, Global best: 59
[00:00:06:49:461] Valid states checked so far: 400,000, Expansions: 70,555, Global best: 59
[00:00:10:01:639] Valid states checked so far: 600,000, Expansions: 106,213, Global best: 79
[00:00:10:34:389] Path of length 90 found: [168, 167, 166, 165, 164, 163, 162, 161, 160, 159, 158, 157, 156, 143, 130, 131, 132, 133, 134, 135, 122, 109, 108, 107, 106, 105, 92, 79, 78, 65, 52, 39, 26, 27, 28, 41, 54, 55, 56, 57, 58, 71, 84, 85, 98, 111, 112, 113, 126, 139, 140, 141, 142, 129, 116, 103, 90, 89, 102, 115, 114, 101, 100, 99, 86, 87, 74, 61, 62, 63, 64, 51, 38, 25, 12, 11, 10, 9, 8, 7, 6, 19, 32, 31, 30, 17, 4, 3, 2, 1, 0]
[00:00:10:34:391] ! Unidirectional t-s. expansions: 111,191, time: 634,390 [ms], path length: 90 [edges], generated: 627,675
[00:00:08:06:295] Path of length 90 found: [0, 1, 2, 3, 4, 17, 30, 43, 56, 55, 54, 41, 28, 27, 26, 39, 52, 65, 78, 79, 80, 81, 82, 83, 84, 71, 58, 45, 32, 19, 6, 7, 8, 9, 10, 11, 12, 25, 38, 37, 36, 49, 62, 61, 74, 87, 100, 101, 88, 89, 90, 103, 102, 115, 116, 129, 142, 141, 140, 139, 126, 113, 112, 99, 86, 85, 98, 111, 110, 109, 122, 135, 134, 133, 132, 131, 130, 143, 156, 157, 158, 159, 160, 161, 162, 163, 164, 165, 166, 167, 168]
[00:00:08:06:295] ! Bidirectional. expansions: 38,453, time: 486,295 [ms], path length: 90 [edges], g_F: 55, g_B: 35, generated: {'F': 161,928, 'B': 114,270}, MM: 20, MMPER: 20.978021978021978%
[00:00:08:06:295] 
---------- mazes/13x13_maze_with_1_open_diamonds_4 ----------
[00:00:03:22:334] Valid states checked so far: 200,000, Expansions: 30,777, Global best: 77
[00:00:06:11:177] Path of length 92 found: [0, 1, 2, 3, 4, 17, 30, 43, 56, 55, 54, 41, 28, 27, 26, 39, 52, 65, 78, 79, 80, 81, 82, 95, 108, 107, 106, 119, 132, 131, 130, 143, 156, 157, 158, 159, 160, 161, 162, 163, 150, 137, 136, 135, 134, 133, 120, 121, 122, 109, 110, 111, 112, 99, 86, 85, 84, 71, 58, 45, 32, 19, 6, 7, 8, 9, 10, 11, 12, 25, 38, 37, 36, 49, 62, 61, 74, 87, 88, 89, 90, 103, 116, 129, 142, 141, 140, 139, 152, 165, 166, 167, 168]
[00:00:06:11:178] ! Unidirectional s-t. expansions: 59,465, time: 371,177 [ms], path length: 92 [edges], generated: 378,219
[00:00:03:38:050] Valid states checked so far: 200,000, Expansions: 34,585, Global best: 61
[00:00:07:06:361] Valid states checked so far: 400,000, Expansions: 70,208, Global best: 61
[00:00:10:25:446] Valid states checked so far: 600,000, Expansions: 106,086, Global best: 61
[00:00:13:39:250] Valid states checked so far: 800,000, Expansions: 141,739, Global best: 81
[00:00:16:26:120] Path of length 92 found: [168, 167, 166, 165, 152, 139, 140, 141, 142, 129, 116, 103, 90, 89, 88, 87, 74, 61, 62, 63, 64, 51, 38, 25, 12, 11, 10, 9, 8, 7, 6, 19, 32, 45, 58, 71, 84, 85, 86, 99, 112, 111, 110, 109, 122, 123, 136, 137, 150, 163, 162, 161, 160, 159, 158, 157, 156, 143, 130, 131, 132, 133, 134, 121, 120, 119, 106, 107, 108, 95, 82, 81, 80, 79, 78, 65, 52, 39, 26, 27, 28, 41, 54, 55, 56, 43, 30, 17, 4, 3, 2, 1, 0]
[00:00:16:26:121] ! Unidirectional t-s. expansions: 173,204, time: 986,121 [ms], path length: 92 [edges], generated: 976,416
[00:00:05:01:623] Path of length 92 found: [0, 1, 2, 3, 4, 17, 30, 31, 32, 19, 6, 7, 8, 9, 10, 11, 12, 25, 38, 37, 36, 49, 62, 61, 60, 59, 58, 57, 56, 55, 54, 41, 28, 27, 26, 39, 52, 65, 78, 79, 92, 105, 106, 107, 120, 119, 132, 131, 130, 143, 156, 157, 158, 159, 160, 147, 134, 121, 122, 109, 108, 95, 82, 83, 84, 85, 86, 87, 88, 89, 90, 103, 116, 115, 114, 113, 112, 111, 110, 123, 136, 137, 150, 163, 164, 165, 152, 139, 140, 141, 142, 155, 168]
[00:00:05:01:624] ! Bidirectional. expansions: 32,035, time: 301,623 [ms], path length: 92 [edges], g_F: 57, g_B: 35, generated: {'F': 134,732, 'B': 79,236}, MM: 22, MMPER: 22.655913978494624%
[00:00:05:01:624] 
---------- mazes/13x13_maze_with_1_open_diamonds_5 ----------
[00:00:03:18:722] Valid states checked so far: 200,000, Expansions: 31,872, Global best: 65
[00:00:06:24:827] Valid states checked so far: 400,000, Expansions: 64,692, Global best: 89
[00:00:06:37:329] Path of length 92 found: [0, 1, 2, 3, 4, 17, 30, 43, 56, 55, 54, 41, 28, 27, 26, 39, 52, 65, 78, 79, 80, 81, 94, 107, 106, 105, 118, 131, 130, 143, 156, 157, 158, 159, 160, 161, 162, 163, 150, 137, 136, 135, 134, 133, 132, 119, 120, 121, 108, 109, 110, 111, 112, 99, 86, 85, 84, 71, 58, 45, 32, 19, 6, 7, 8, 9, 10, 11, 12, 25, 38, 37, 36, 49, 62, 61, 74, 87, 88, 89, 90, 103, 116, 129, 142, 141, 140, 139, 152, 165, 166, 167, 168]
[00:00:06:37:329] ! Unidirectional s-t. expansions: 67,370, time: 397,329 [ms], path length: 92 [edges], generated: 415,130
[00:00:03:25:586] Valid states checked so far: 200,000, Expansions: 33,843, Global best: 61
[00:00:06:41:828] Valid states checked so far: 400,000, Expansions: 69,008, Global best: 61
[00:00:09:55:029] Valid states checked so far: 600,000, Expansions: 104,398, Global best: 61
[00:00:13:03:100] Valid states checked so far: 800,000, Expansions: 139,527, Global best: 81
[00:00:14:28:992] Path of length 92 found: [168, 167, 166, 165, 152, 139, 140, 141, 142, 129, 116, 103, 90, 89, 88, 87, 74, 61, 62, 63, 64, 51, 38, 25, 12, 11, 10, 9, 8, 7, 6, 19, 32, 45, 58, 71, 84, 85, 86, 99, 112, 111, 110, 109, 108, 121, 120, 119, 132, 133, 134, 135, 136, 137, 150, 163, 162, 161, 160, 159, 158, 157, 156, 143, 130, 131, 118, 105, 106, 107, 94, 81, 80, 79, 78, 65, 52, 39, 26, 27, 28, 41, 54, 55, 56, 43, 30, 17, 4, 3, 2, 1, 0]
[00:00:14:28:992] ! Unidirectional t-s. expansions: 155,847, time: 868,992 [ms], path length: 92 [edges], generated: 891,390
[00:00:05:27:703] Path of length 92 found: [0, 1, 2, 3, 4, 17, 30, 31, 32, 19, 6, 7, 8, 9, 10, 11, 12, 25, 38, 37, 36, 49, 62, 61, 60, 59, 58, 57, 56, 55, 54, 41, 28, 27, 26, 39, 52, 65, 78, 79, 92, 105, 106, 119, 118, 131, 130, 143, 156, 157, 158, 159, 146, 133, 134, 121, 108, 107, 94, 81, 82, 83, 84, 85, 86, 87, 88, 89, 90, 103, 116, 115, 114, 113, 112, 111, 110, 109, 122, 135, 136, 137, 150, 163, 164, 165, 152, 139, 140, 141, 142, 155, 168]
[00:00:05:27:704] ! Bidirectional. expansions: 34,229, time: 327,703 [ms], path length: 92 [edges], g_F: 56, g_B: 36, generated: {'F': 142,565, 'B': 88,246}, MM: 20, MMPER: 20.50537634408602%
[00:00:05:27:704] 
---------- mazes/13x13_maze_with_1_open_diamonds_6 ----------
[00:00:02:28:648] Path of length 92 found: [0, 1, 2, 3, 4, 17, 30, 43, 56, 55, 54, 41, 28, 27, 26, 39, 52, 65, 78, 79, 80, 81, 82, 83, 84, 71, 58, 45, 32, 19, 6, 7, 8, 9, 10, 11, 12, 25, 38, 51, 64, 63, 62, 49, 36, 35, 34, 47, 60, 59, 72, 85, 86, 73, 74, 87, 88, 89, 90, 103, 116, 115, 114, 113, 112, 111, 110, 109, 122, 135, 134, 133, 132, 131, 130, 143, 156, 157, 158, 159, 160, 161, 162, 163, 164, 165, 152, 139, 140, 141, 142, 155, 168]
[00:00:02:28:648] ! Unidirectional s-t. expansions: 24,954, time: 148,648 [ms], path length: 92 [edges], generated: 157,950
[00:00:00:56:403] Path of length 92 found: [168, 155, 142, 141, 140, 139, 152, 165, 164, 163, 162, 161, 160, 159, 158, 157, 156, 143, 130, 131, 132, 133, 134, 135, 122, 109, 108, 107, 106, 105, 92, 79, 78, 65, 52, 39, 26, 27, 28, 41, 54, 55, 56, 57, 58, 71, 84, 85, 72, 73, 86, 99, 112, 113, 114, 115, 116, 103, 90, 89, 88, 75, 74, 61, 60, 47, 34, 35, 36, 49, 62, 63, 64, 51, 38, 25, 12, 11, 10, 9, 8, 7, 6, 19, 32, 31, 30, 17, 4, 3, 2, 1, 0]
[00:00:00:56:404] ! Unidirectional t-s. expansions: 11,165, time: 56,403 [ms], path length: 92 [edges], generated: 68,570
[00:00:00:57:321] Path of length 92 found: [0, 1, 2, 3, 4, 17, 30, 43, 56, 55, 54, 41, 28, 27, 26, 39, 52, 65, 78, 79, 80, 81, 82, 83, 84, 71, 58, 45, 32, 19, 6, 7, 8, 9, 10, 11, 12, 25, 38, 51, 64, 63, 62, 49, 36, 35, 34, 47, 60, 59, 72, 85, 86, 73, 74, 87, 88, 89, 90, 103, 116, 115, 114, 113, 112, 111, 110, 109, 122, 135, 134, 133, 132, 131, 130, 143, 156, 157, 158, 159, 160, 161, 162, 163, 164, 165, 152, 139, 140, 141, 142, 155, 168]
[00:00:00:57:321] ! Bidirectional. expansions: 7,303, time: 57,321 [ms], path length: 92 [edges], g_F: 59, g_B: 33, generated: {'F': 28,068, 'B': 14,934}, MM: 26, MMPER: 26.956989247311828%
[00:00:00:57:321] 
---------- mazes/13x13_maze_with_1_open_diamonds_7 ----------
[00:00:03:15:763] Path of length 94 found: [0, 1, 2, 3, 4, 17, 30, 31, 32, 19, 6, 7, 20, 21, 8, 9, 10, 11, 12, 25, 38, 51, 64, 63, 62, 49, 36, 35, 34, 33, 46, 59, 60, 61, 74, 87, 88, 89, 90, 103, 116, 115, 114, 113, 112, 99, 86, 85, 84, 71, 58, 57, 56, 55, 54, 41, 28, 27, 26, 39, 52, 65, 78, 79, 92, 105, 106, 107, 108, 109, 122, 135, 134, 133, 132, 131, 130, 143, 156, 157, 158, 159, 160, 161, 162, 163, 164, 165, 152, 139, 140, 141, 142, 155, 168]
[00:00:03:15:764] ! Unidirectional s-t. expansions: 32,192, time: 195,763 [ms], path length: 94 [edges], generated: 181,718
[00:00:00:11:074] Path of length 94 found: [168, 155, 142, 141, 140, 139, 152, 165, 164, 163, 162, 161, 160, 159, 158, 157, 156, 143, 130, 131, 132, 133, 134, 135, 122, 109, 108, 107, 106, 105, 92, 79, 78, 65, 52, 39, 26, 27, 28, 41, 54, 55, 56, 57, 58, 71, 84, 85, 86, 99, 112, 113, 114, 115, 116, 103, 90, 89, 88, 87, 74, 61, 60, 59, 46, 47, 34, 35, 36, 49, 62, 63, 64, 51, 38, 25, 12, 11, 10, 9, 8, 21, 20, 7, 6, 19, 32, 31, 30, 17, 4, 3, 2, 1, 0]
[00:00:00:11:075] ! Unidirectional t-s. expansions: 2,370, time: 11,074 [ms], path length: 94 [edges], generated: 16,507
[00:00:01:48:007] Path of length 94 found: [0, 1, 2, 3, 4, 17, 30, 31, 32, 19, 6, 7, 20, 21, 8, 9, 10, 11, 12, 25, 38, 51, 64, 63, 62, 49, 36, 35, 34, 33, 46, 47, 60, 61, 74, 87, 88, 89, 90, 103, 116, 115, 114, 113, 112, 99, 86, 85, 84, 71, 58, 57, 56, 55, 54, 41, 28, 27, 26, 39, 52, 65, 78, 79, 92, 105, 106, 107, 108, 109, 122, 135, 134, 133, 132, 131, 130, 143, 156, 157, 158, 159, 160, 161, 162, 163, 164, 165, 152, 139, 140, 141, 142, 155, 168]
[00:00:01:48:008] ! Bidirectional. expansions: 13,233, time: 108,007 [ms], path length: 94 [edges], g_F: 59, g_B: 35, generated: {'F': 47,151, 'B': 25,404}, MM: 24, MMPER: 24.263157894736842%
[00:00:01:48:008] 
---------- mazes/13x13_maze_with_1_open_diamonds_8 ----------
[00:00:03:17:817] Path of length 94 found: [0, 1, 2, 3, 4, 17, 30, 31, 32, 19, 6, 7, 20, 21, 8, 9, 10, 11, 12, 25, 38, 51, 64, 63, 62, 49, 36, 35, 34, 33, 46, 59, 60, 61, 74, 87, 88, 89, 90, 103, 116, 115, 114, 113, 112, 99, 86, 85, 84, 71, 58, 57, 56, 55, 54, 41, 28, 27, 26, 39, 52, 65, 78, 79, 92, 105, 106, 107, 108, 109, 122, 135, 134, 133, 132, 131, 130, 143, 156, 157, 158, 159, 160, 161, 162, 163, 164, 165, 152, 139, 140, 141, 142, 155, 168]
[00:00:03:17:818] ! Unidirectional s-t. expansions: 32,192, time: 197,818 [ms], path length: 94 [edges], generated: 181,718
[00:00:00:11:063] Path of length 94 found: [168, 155, 142, 141, 140, 139, 152, 165, 164, 163, 162, 161, 160, 159, 158, 157, 156, 143, 130, 131, 132, 133, 134, 135, 122, 109, 108, 107, 106, 105, 92, 79, 78, 65, 52, 39, 26, 27, 28, 41, 54, 55, 56, 57, 58, 71, 84, 85, 86, 99, 112, 113, 114, 115, 116, 103, 90, 89, 88, 87, 74, 61, 60, 59, 46, 47, 34, 35, 36, 49, 62, 63, 64, 51, 38, 25, 12, 11, 10, 9, 8, 21, 20, 7, 6, 19, 32, 31, 30, 17, 4, 3, 2, 1, 0]
[00:00:00:11:064] ! Unidirectional t-s. expansions: 2,370, time: 11,063 [ms], path length: 94 [edges], generated: 16,507
[00:00:01:48:444] Path of length 94 found: [0, 1, 2, 3, 4, 17, 30, 31, 32, 19, 6, 7, 20, 21, 8, 9, 10, 11, 12, 25, 38, 51, 64, 63, 62, 49, 36, 35, 34, 33, 46, 47, 60, 61, 74, 87, 88, 89, 90, 103, 116, 115, 114, 113, 112, 99, 86, 85, 84, 71, 58, 57, 56, 55, 54, 41, 28, 27, 26, 39, 52, 65, 78, 79, 92, 105, 106, 107, 108, 109, 122, 135, 134, 133, 132, 131, 130, 143, 156, 157, 158, 159, 160, 161, 162, 163, 164, 165, 152, 139, 140, 141, 142, 155, 168]
[00:00:01:48:445] ! Bidirectional. expansions: 13,233, time: 108,444 [ms], path length: 94 [edges], g_F: 59, g_B: 35, generated: {'F': 47,151, 'B': 25,404}, MM: 24, MMPER: 24.263157894736842%
[00:00:01:48:445] 
---------- mazes/13x13_maze_with_1_open_diamonds_9 ----------
[00:00:02:56:729] Valid states checked so far: 200,000, Expansions: 27,297, Global best: 89
[00:00:05:21:917] Path of length 92 found: [0, 1, 2, 3, 4, 17, 30, 43, 56, 55, 54, 41, 28, 27, 26, 39, 52, 65, 78, 79, 92, 105, 106, 107, 108, 109, 122, 135, 134, 133, 132, 131, 130, 143, 156, 157, 158, 159, 160, 161, 162, 163, 150, 137, 136, 123, 110, 111, 124, 125, 126, 113, 112, 99, 98, 85, 84, 71, 58, 45, 32, 19, 6, 7, 8, 9, 10, 11, 12, 25, 38, 37, 36, 49, 62, 61, 74, 87, 88, 89, 90, 103, 116, 129, 142, 141, 140, 139, 152, 165, 166, 167, 168]
[00:00:05:21:917] ! Unidirectional s-t. expansions: 54,721, time: 321,917 [ms], path length: 92 [edges], generated: 376,274
[00:00:03:37:848] Valid states checked so far: 200,000, Expansions: 35,536, Global best: 53
[00:00:07:12:896] Valid states checked so far: 400,000, Expansions: 73,463, Global best: 61
[00:00:10:44:934] Valid states checked so far: 600,000, Expansions: 111,634, Global best: 61
[00:00:14:07:056] Valid states checked so far: 800,000, Expansions: 149,694, Global best: 61
[00:00:17:24:703] Valid states checked so far: 1,000,000, Expansions: 187,292, Global best: 61
[00:00:20:34:651] Valid states checked so far: 1,200,000, Expansions: 224,090, Global best: 61
[00:00:23:53:430] Valid states checked so far: 1,400,000, Expansions: 261,534, Global best: 61
[00:00:27:02:667] Valid states checked so far: 1,600,000, Expansions: 299,106, Global best: 61
[00:00:30:13:094] Valid states checked so far: 1,800,000, Expansions: 336,151, Global best: 61
[00:00:33:19:217] Valid states checked so far: 2,000,000, Expansions: 374,045, Global best: 61
[00:00:36:31:068] Valid states checked so far: 2,200,000, Expansions: 411,031, Global best: 81
[00:00:39:34:376] Valid states checked so far: 2,400,000, Expansions: 448,149, Global best: 81
[00:00:42:42:011] Valid states checked so far: 2,600,000, Expansions: 485,331, Global best: 81
[00:00:42:51:264] Path of length 92 found: [168, 167, 166, 165, 152, 139, 140, 141, 142, 129, 116, 103, 90, 89, 88, 87, 86, 85, 98, 99, 112, 113, 126, 125, 138, 137, 150, 163, 162, 161, 160, 159, 158, 157, 156, 143, 130, 131, 132, 133, 134, 135, 136, 123, 124, 111, 110, 109, 108, 107, 106, 105, 92, 79, 78, 65, 52, 39, 26, 27, 28, 41, 54, 55, 56, 57, 58, 59, 60, 61, 62, 63, 64, 51, 38, 25, 12, 11, 10, 9, 8, 7, 6, 19, 32, 31, 30, 17, 4, 3, 2, 1, 0]
[00:00:42:51:265] ! Unidirectional t-s. expansions: 486,889, time: 2,571,264 [ms], path length: 92 [edges], generated: 2,609,339
[00:00:09:52:101] Path of length 92 found: [0, 1, 2, 3, 4, 17, 30, 43, 56, 55, 54, 41, 28, 27, 26, 39, 52, 65, 78, 79, 92, 105, 106, 107, 108, 109, 122, 135, 134, 133, 132, 131, 130, 143, 156, 157, 158, 159, 160, 161, 162, 163, 150, 137, 136, 123, 110, 111, 124, 125, 126, 113, 112, 99, 86, 85, 84, 71, 58, 45, 32, 19, 6, 7, 8, 9, 10, 11, 12, 25, 38, 51, 64, 63, 62, 61, 74, 87, 88, 89, 90, 103, 116, 129, 142, 141, 140, 139, 152, 165, 166, 167, 168]
[00:00:09:52:102] ! Bidirectional. expansions: 60,965, time: 592,101 [ms], path length: 92 [edges], g_F: 59, g_B: 33, generated: {'F': 261,866, 'B': 173,404}, MM: 26, MMPER: 26.956989247311828%
[00:00:09:52:102] average expansions: (49,994, 124,254, 29,842, 0)
[00:00:09:52:102] average time: (303,799, 680,486, 294,299, 0)
[00:00:09:52:103] XIDA: 49,994 , 303,799 (expansions , time[ms])
[00:00:09:52:103] BiXIDA: 29,842 , 294,299 (expansions , time[ms])

