--------------------------
date: SM_Grids
number_of_graphs: 10
graph_type: grid
size_of_graphs: [8, 8]
heuristic: bcc_heuristic
snake: False
run_uni: True
run_bi: True
run_multi: False
solution_vertices: []
algorithms: ['IDA']
lookahead: 4
bsd: False
cube_first_dims: 4
cube_buffer_dim: None
backward_sym_generation: False
sym_coil: False
prefix_set: None

---------- SM_Grids/8x8_grid_with_random_blocks_20per_0 ----------
[00:00:00:02:761] Path of length 44 found: [0, 1, 9, 10, 2, 3, 4, 12, 20, 28, 29, 21, 13, 5, 6, 7, 15, 14, 22, 23, 31, 30, 38, 37, 36, 35, 34, 26, 25, 17, 16, 24, 32, 40, 48, 49, 41, 42, 43, 44, 52, 53, 61, 62, 63]
[00:00:00:02:761] ! Unidirectional s-t. expansions: 492, time: 2,761 [ms], path length: 44 [edges], generated: 8,570
[00:00:00:00:769] Path of length 44 found: [63, 62, 61, 53, 52, 44, 43, 42, 50, 49, 41, 40, 32, 24, 16, 17, 25, 26, 34, 35, 36, 28, 20, 12, 13, 21, 29, 37, 38, 39, 31, 30, 22, 14, 15, 7, 6, 5, 4, 3, 2, 10, 9, 1, 0]
[00:00:00:00:769] ! Unidirectional t-s. expansions: 138, time: 769 [ms], path length: 44 [edges], generated: 2,865
[00:00:00:01:568] Path of length 44 found: [0, 1, 9, 10, 2, 3, 4, 12, 20, 28, 29, 21, 13, 5, 6, 7, 15, 14, 22, 23, 31, 30, 38, 37, 36, 35, 34, 26, 25, 17, 16, 24, 32, 40, 41, 49, 50, 42, 43, 44, 52, 53, 61, 62, 63]
[00:00:00:02:055] ! Bidirectional. expansions: 1,068, time: 1,568 [ms], path length: 44 [edges], g_F: 22, g_B: 22, generated: {'F': 5,359, 'B': 4,817}, MM: 0, MMPER: -1.0%
[00:00:00:02:055] 
---------- SM_Grids/8x8_grid_with_random_blocks_20per_1 ----------
[00:00:00:30:180] Path of length 38 found: [0, 8, 16, 24, 25, 17, 9, 1, 2, 3, 11, 10, 18, 26, 34, 33, 41, 40, 48, 56, 57, 49, 50, 42, 43, 35, 27, 19, 20, 28, 29, 30, 31, 39, 47, 46, 54, 62, 63]
[00:00:00:30:180] ! Unidirectional s-t. expansions: 5,598, time: 30,180 [ms], path length: 38 [edges], generated: 88,402
[00:00:00:04:653] Path of length 38 found: [63, 62, 54, 55, 47, 39, 31, 30, 29, 21, 20, 28, 27, 19, 11, 3, 2, 10, 18, 26, 34, 35, 43, 51, 50, 49, 57, 56, 48, 40, 41, 33, 25, 24, 16, 17, 9, 1, 0]
[00:00:00:04:653] ! Unidirectional t-s. expansions: 819, time: 4,653 [ms], path length: 38 [edges], generated: 16,112
[00:00:00:13:204] Path of length 38 found: [0, 8, 16, 24, 25, 33, 41, 40, 48, 56, 57, 49, 50, 51, 43, 35, 34, 26, 18, 10, 9, 1, 2, 3, 11, 19, 27, 28, 20, 21, 29, 30, 31, 39, 47, 55, 54, 62, 63]
[00:00:00:13:650] ! Bidirectional. expansions: 4,580, time: 13,204 [ms], path length: 38 [edges], g_F: 19, g_B: 19, generated: {'F': 33,414, 'B': 35,340}, MM: 0, MMPER: -1.0%
[00:00:00:13:650] 
---------- SM_Grids/8x8_grid_with_random_blocks_20per_2 ----------
[00:00:00:01:600] Path of length 48 found: [0, 8, 16, 17, 9, 1, 2, 3, 4, 12, 20, 19, 18, 26, 34, 33, 41, 40, 48, 56, 57, 49, 50, 58, 59, 60, 61, 53, 45, 37, 36, 28, 29, 21, 13, 5, 6, 14, 15, 23, 22, 30, 38, 39, 47, 46, 54, 62, 63]
[00:00:00:01:600] ! Unidirectional s-t. expansions: 269, time: 1,600 [ms], path length: 48 [edges], generated: 4,642
[00:00:00:01:741] Path of length 48 found: [63, 62, 54, 46, 47, 39, 31, 23, 15, 14, 6, 5, 13, 21, 22, 30, 29, 28, 36, 37, 45, 53, 61, 60, 59, 58, 50, 49, 57, 56, 48, 40, 41, 33, 34, 26, 18, 19, 20, 12, 4, 3, 2, 1, 9, 17, 16, 8, 0]
[00:00:00:01:742] ! Unidirectional t-s. expansions: 282, time: 1,742 [ms], path length: 48 [edges], generated: 4,329
[00:00:00:02:439] Path of length 48 found: [0, 8, 16, 17, 9, 1, 2, 3, 4, 12, 13, 5, 6, 14, 15, 23, 22, 21, 29, 30, 31, 39, 47, 46, 38, 37, 36, 28, 20, 19, 18, 26, 34, 33, 41, 40, 48, 56, 57, 49, 50, 58, 59, 60, 61, 53, 54, 62, 63]
[00:00:00:02:866] ! Bidirectional. expansions: 1,040, time: 2,439 [ms], path length: 48 [edges], g_F: 24, g_B: 24, generated: {'F': 6,781, 'B': 5,380}, MM: 0, MMPER: -1.0%
[00:00:00:02:866] 
---------- SM_Grids/8x8_grid_with_random_blocks_20per_3 ----------
[00:00:00:01:229] Path of length 46 found: [0, 1, 9, 8, 16, 24, 32, 40, 41, 49, 57, 58, 50, 51, 43, 35, 34, 26, 27, 19, 18, 10, 11, 3, 4, 12, 13, 5, 6, 7, 15, 23, 22, 30, 31, 39, 38, 37, 36, 44, 45, 53, 52, 60, 61, 62, 63]
[00:00:00:01:230] ! Unidirectional s-t. expansions: 181, time: 1,229 [ms], path length: 46 [edges], generated: 3,170
[00:00:00:01:132] Path of length 46 found: [63, 62, 61, 60, 52, 53, 45, 37, 29, 30, 38, 39, 31, 23, 15, 7, 6, 5, 4, 3, 11, 12, 20, 19, 27, 26, 34, 35, 36, 44, 43, 51, 50, 58, 57, 49, 41, 40, 32, 24, 16, 17, 18, 10, 9, 1, 0]
[00:00:00:01:132] ! Unidirectional t-s. expansions: 215, time: 1,132 [ms], path length: 46 [edges], generated: 3,157
[00:00:00:02:181] Path of length 46 found: [0, 1, 9, 8, 16, 24, 32, 40, 41, 49, 57, 58, 50, 51, 43, 44, 36, 35, 34, 26, 27, 19, 18, 10, 11, 3, 4, 12, 13, 5, 6, 7, 15, 23, 31, 39, 38, 30, 29, 37, 45, 53, 52, 60, 61, 62, 63]
[00:00:00:02:599] ! Bidirectional. expansions: 783, time: 2,181 [ms], path length: 46 [edges], g_F: 23, g_B: 23, generated: {'F': 3,898, 'B': 4,471}, MM: 0, MMPER: -1.0%
[00:00:00:02:600] 
---------- SM_Grids/8x8_grid_with_random_blocks_20per_4 ----------
[00:00:00:58:152] Path of length 44 found: [0, 8, 16, 24, 32, 40, 48, 49, 57, 58, 59, 51, 43, 44, 36, 28, 20, 19, 27, 26, 34, 33, 25, 17, 18, 10, 9, 1, 2, 3, 4, 5, 6, 7, 15, 23, 22, 21, 29, 37, 45, 46, 54, 62, 63]
[00:00:00:58:152] ! Unidirectional s-t. expansions: 19,954, time: 58,152 [ms], path length: 44 [edges], generated: 196,214
[00:00:00:18:657] Path of length 44 found: [63, 55, 54, 46, 38, 37, 29, 21, 22, 23, 15, 7, 6, 5, 4, 3, 2, 1, 9, 17, 25, 33, 34, 26, 18, 10, 11, 19, 27, 28, 36, 44, 43, 51, 59, 58, 57, 49, 41, 40, 32, 24, 16, 8, 0]
[00:00:00:18:658] ! Unidirectional t-s. expansions: 3,450, time: 18,658 [ms], path length: 44 [edges], generated: 62,735
[00:00:00:54:132] Path of length 44 found: [0, 8, 16, 24, 32, 33, 41, 40, 48, 49, 57, 58, 59, 51, 43, 44, 36, 28, 20, 19, 27, 26, 18, 17, 9, 1, 2, 10, 11, 3, 4, 5, 6, 7, 15, 23, 22, 21, 29, 37, 38, 46, 54, 55, 63]
[00:00:00:54:550] ! Bidirectional. expansions: 37,578, time: 54,132 [ms], path length: 44 [edges], g_F: 22, g_B: 22, generated: {'F': 141,150, 'B': 153,904}, MM: 0, MMPER: -1.0%
[00:00:00:54:550] 
---------- SM_Grids/8x8_grid_with_random_blocks_20per_5 ----------
[00:00:00:05:654] Path of length 46 found: [0, 1, 9, 8, 16, 24, 32, 40, 48, 49, 57, 58, 59, 51, 43, 42, 41, 33, 25, 17, 18, 26, 34, 35, 36, 28, 20, 12, 13, 21, 22, 14, 15, 23, 31, 39, 38, 37, 45, 53, 61, 62, 54, 46, 47, 55, 63]
[00:00:00:05:654] ! Unidirectional s-t. expansions: 868, time: 5,654 [ms], path length: 46 [edges], generated: 16,433
[00:00:00:02:689] Path of length 46 found: [63, 55, 47, 39, 31, 23, 15, 14, 22, 21, 13, 12, 20, 28, 36, 37, 38, 46, 54, 62, 61, 53, 52, 51, 59, 58, 50, 42, 43, 35, 34, 26, 18, 17, 25, 33, 41, 49, 48, 40, 32, 24, 16, 8, 9, 1, 0]
[00:00:00:02:689] ! Unidirectional t-s. expansions: 379, time: 2,689 [ms], path length: 46 [edges], generated: 7,682
[00:00:00:29:562] Path of length 46 found: [0, 1, 9, 8, 16, 24, 32, 40, 48, 49, 57, 58, 50, 42, 41, 33, 25, 17, 18, 26, 34, 35, 43, 51, 52, 53, 61, 62, 54, 46, 38, 37, 29, 28, 20, 12, 13, 21, 22, 14, 15, 23, 31, 39, 47, 55, 63]
[00:00:00:29:978] ! Bidirectional. expansions: 10,934, time: 29,562 [ms], path length: 46 [edges], g_F: 23, g_B: 23, generated: {'F': 60,338, 'B': 58,124}, MM: 0, MMPER: -1.0%
[00:00:00:29:978] 
---------- SM_Grids/8x8_grid_with_random_blocks_20per_6 ----------
[00:00:00:02:256] Path of length 46 found: [0, 1, 9, 8, 16, 17, 18, 10, 11, 19, 27, 28, 20, 21, 13, 12, 4, 5, 6, 14, 15, 23, 31, 39, 38, 37, 36, 44, 45, 53, 52, 51, 43, 42, 50, 49, 48, 56, 57, 58, 59, 60, 61, 62, 54, 55, 63]
[00:00:00:02:256] ! Unidirectional s-t. expansions: 375, time: 2,256 [ms], path length: 46 [edges], generated: 5,924
[00:00:00:03:882] Path of length 46 found: [63, 62, 54, 55, 47, 39, 31, 23, 15, 14, 6, 5, 4, 12, 13, 21, 29, 37, 45, 53, 61, 60, 52, 51, 59, 58, 57, 56, 48, 49, 50, 42, 43, 44, 36, 28, 20, 19, 27, 26, 18, 10, 9, 17, 16, 8, 0]
[00:00:00:03:882] ! Unidirectional t-s. expansions: 756, time: 3,882 [ms], path length: 46 [edges], generated: 13,955
[00:00:00:08:498] Path of length 46 found: [0, 1, 9, 8, 16, 17, 18, 10, 11, 19, 27, 28, 36, 44, 43, 42, 50, 49, 48, 56, 57, 58, 59, 51, 52, 60, 61, 62, 54, 53, 45, 37, 29, 21, 20, 12, 4, 5, 6, 14, 15, 23, 31, 39, 47, 55, 63]
[00:00:00:08:913] ! Bidirectional. expansions: 3,350, time: 8,498 [ms], path length: 46 [edges], g_F: 23, g_B: 23, generated: {'F': 18,759, 'B': 18,100}, MM: 0, MMPER: -1.0%
[00:00:00:08:914] 
---------- SM_Grids/8x8_grid_with_random_blocks_20per_7 ----------
[00:00:00:05:442] Path of length 42 found: [0, 8, 16, 24, 32, 40, 41, 33, 25, 17, 9, 1, 2, 3, 11, 19, 18, 26, 34, 42, 50, 51, 43, 35, 27, 28, 20, 12, 4, 5, 6, 14, 15, 23, 31, 30, 38, 39, 47, 55, 54, 62, 63]
[00:00:00:05:442] ! Unidirectional s-t. expansions: 896, time: 5,442 [ms], path length: 42 [edges], generated: 13,606
[00:00:00:00:597] Path of length 42 found: [63, 62, 54, 55, 47, 39, 38, 30, 31, 23, 15, 7, 6, 5, 4, 3, 2, 1, 9, 17, 25, 33, 34, 26, 18, 19, 11, 12, 20, 28, 27, 35, 43, 51, 50, 42, 41, 40, 32, 24, 16, 8, 0]
[00:00:00:00:598] ! Unidirectional t-s. expansions: 96, time: 598 [ms], path length: 42 [edges], generated: 1,967
[00:00:00:02:876] Path of length 42 found: [0, 8, 16, 24, 32, 40, 41, 33, 25, 17, 9, 1, 2, 3, 11, 19, 18, 26, 34, 42, 50, 51, 43, 35, 27, 28, 20, 12, 4, 5, 6, 7, 15, 23, 31, 30, 38, 39, 47, 55, 54, 62, 63]
[00:00:00:03:288] ! Bidirectional. expansions: 1,237, time: 2,876 [ms], path length: 42 [edges], g_F: 21, g_B: 21, generated: {'F': 7,291, 'B': 6,040}, MM: 0, MMPER: -1.0%
[00:00:00:03:288] 
---------- SM_Grids/8x8_grid_with_random_blocks_20per_8 ----------
[00:00:00:00:380] Path of length 48 found: [0, 8, 16, 24, 32, 33, 25, 17, 9, 10, 2, 3, 11, 19, 20, 12, 4, 5, 13, 14, 6, 7, 15, 23, 22, 21, 29, 28, 27, 35, 36, 44, 52, 51, 50, 42, 41, 49, 57, 58, 59, 60, 61, 53, 45, 46, 47, 55, 63]
[00:00:00:00:380] ! Unidirectional s-t. expansions: 70, time: 380 [ms], path length: 48 [edges], generated: 1,102
[00:00:00:00:103] Path of length 48 found: [63, 55, 47, 46, 45, 53, 61, 60, 59, 58, 57, 49, 41, 42, 50, 51, 52, 44, 36, 35, 27, 19, 11, 12, 20, 28, 29, 21, 13, 14, 22, 23, 15, 7, 6, 5, 4, 3, 2, 10, 9, 17, 25, 33, 32, 24, 16, 8, 0]
[00:00:00:00:104] ! Unidirectional t-s. expansions: 14, time: 103 [ms], path length: 48 [edges], generated: 253
[00:00:00:00:073] Path of length 48 found: [0, 8, 16, 24, 32, 33, 25, 17, 9, 10, 2, 3, 11, 19, 20, 12, 4, 5, 13, 14, 6, 7, 15, 23, 22, 21, 29, 28, 27, 35, 36, 44, 52, 51, 50, 42, 41, 49, 57, 58, 59, 60, 61, 53, 45, 46, 47, 55, 63]
[00:00:00:00:490] ! Bidirectional. expansions: 38, time: 73 [ms], path length: 48 [edges], g_F: 24, g_B: 24, generated: {'F': 210, 'B': 198}, MM: 0, MMPER: -1.0%
[00:00:00:00:491] 
---------- SM_Grids/8x8_grid_with_random_blocks_20per_9 ----------
[00:00:00:00:090] Path of length 36 found: [0, 8, 9, 1, 2, 10, 18, 26, 34, 35, 27, 28, 36, 44, 45, 37, 29, 21, 13, 5, 6, 7, 15, 14, 22, 23, 31, 30, 38, 39, 47, 55, 54, 53, 61, 62, 63]
[00:00:00:00:090] ! Unidirectional s-t. expansions: 10, time: 90 [ms], path length: 36 [edges], generated: 192
[00:00:00:00:272] Path of length 36 found: [63, 62, 61, 53, 54, 55, 47, 39, 31, 23, 15, 7, 6, 5, 13, 14, 22, 21, 29, 30, 38, 37, 45, 44, 36, 28, 27, 35, 34, 26, 18, 17, 9, 10, 2, 1, 0]
[00:00:00:00:272] ! Unidirectional t-s. expansions: 37, time: 272 [ms], path length: 36 [edges], generated: 689
[00:00:00:00:146] Path of length 36 found: [0, 8, 9, 1, 2, 10, 18, 26, 34, 35, 27, 28, 36, 44, 45, 37, 38, 30, 29, 21, 22, 14, 13, 5, 6, 7, 15, 23, 31, 39, 47, 55, 54, 53, 61, 62, 63]
[00:00:00:00:591] ! Bidirectional. expansions: 44, time: 146 [ms], path length: 36 [edges], g_F: 18, g_B: 18, generated: {'F': 296, 'B': 307}, MM: 0, MMPER: -1.0%
[00:00:00:00:591] average expansions: (2,871, 619, 6,065, 0)
[00:00:00:00:591] average time: (10,774, 3,450, 11,468, 0)
[00:00:00:00:591] XIDA: 619 , 3,450 (expansions , time[ms])
[00:00:00:00:592] BiXIDA: 6,065 , 11,468 (expansions , time[ms])

