--------------------------
date: SM_Grids
number_of_graphs: 10
graph_type: grid
size_of_graphs: [8, 8]
heuristic: bcc_heuristic
snake: False
run_uni: True
run_bi: True
run_multi: False
solution_vertices: []
algorithms: ['IDA']
lookahead: 2
bsd: False
cube_first_dims: 4
cube_buffer_dim: None
backward_sym_generation: False
sym_coil: False
prefix_set: None

---------- SM_Grids/8x8_grid_with_random_blocks_16per_0 ----------
[00:00:00:00:943] Path of length 44 found: [0, 1, 9, 10, 2, 3, 11, 19, 18, 26, 25, 24, 32, 40, 48, 49, 41, 33, 34, 42, 50, 51, 43, 35, 36, 28, 20, 12, 13, 5, 6, 7, 15, 14, 22, 23, 31, 30, 29, 37, 38, 46, 47, 55, 63]
[00:00:00:00:943] ! Unidirectional s-t. expansions: 568, time: 943 [ms], path length: 44 [edges], generated: 2,766
[00:00:00:00:385] Path of length 44 found: [63, 55, 47, 46, 38, 39, 31, 23, 15, 7, 6, 5, 13, 14, 22, 30, 29, 37, 36, 44, 43, 35, 34, 33, 41, 42, 50, 49, 48, 40, 32, 24, 25, 26, 18, 19, 20, 12, 11, 3, 2, 10, 9, 1, 0]
[00:00:00:00:385] ! Unidirectional t-s. expansions: 152, time: 385 [ms], path length: 44 [edges], generated: 786
[00:00:00:02:291] Path of length 44 found: [0, 1, 9, 10, 2, 3, 11, 19, 18, 26, 25, 24, 32, 40, 48, 49, 41, 33, 34, 42, 50, 51, 43, 35, 36, 37, 29, 28, 20, 12, 13, 5, 6, 7, 15, 14, 22, 23, 31, 39, 38, 46, 47, 55, 63]
[00:00:00:02:741] ! Bidirectional. expansions: 2,553, time: 2,291 [ms], path length: 44 [edges], g_F: 22, g_B: 22, generated: {'F': 4,795, 'B': 4,169}, MM: 0, MMPER: -1.0%
[00:00:00:02:741] 
---------- SM_Grids/8x8_grid_with_random_blocks_16per_1 ----------
[00:00:00:00:078] Path of length 44 found: [0, 8, 16, 24, 32, 33, 25, 26, 18, 10, 2, 3, 4, 12, 11, 19, 27, 35, 34, 42, 43, 44, 36, 28, 20, 21, 29, 30, 22, 14, 15, 23, 31, 39, 38, 46, 47, 55, 54, 53, 52, 60, 61, 62, 63]
[00:00:00:00:078] ! Unidirectional s-t. expansions: 35, time: 78 [ms], path length: 44 [edges], generated: 135
[00:00:00:06:124] Path of length 44 found: [63, 62, 61, 60, 52, 53, 54, 55, 47, 46, 38, 39, 31, 23, 15, 14, 22, 30, 29, 21, 20, 12, 4, 3, 2, 10, 11, 19, 18, 26, 34, 35, 27, 28, 36, 44, 43, 42, 41, 33, 25, 24, 16, 8, 0]
[00:00:00:06:124] ! Unidirectional t-s. expansions: 2,856, time: 6,124 [ms], path length: 44 [edges], generated: 13,790
[00:00:00:01:499] Path of length 44 found: [0, 8, 16, 24, 32, 33, 25, 26, 18, 10, 2, 3, 4, 12, 11, 19, 27, 35, 34, 42, 43, 44, 36, 28, 20, 21, 29, 30, 22, 14, 15, 23, 31, 39, 38, 46, 47, 55, 54, 53, 52, 60, 61, 62, 63]
[00:00:00:01:978] ! Bidirectional. expansions: 1,126, time: 1,499 [ms], path length: 44 [edges], g_F: 22, g_B: 22, generated: {'F': 2,237, 'B': 1,901}, MM: 0, MMPER: -1.0%
[00:00:00:01:978] 
---------- SM_Grids/8x8_grid_with_random_blocks_16per_2 ----------
[00:00:00:04:126] Path of length 44 found: [0, 8, 16, 24, 32, 40, 48, 56, 57, 49, 41, 33, 34, 26, 18, 10, 2, 3, 11, 19, 27, 28, 20, 21, 29, 30, 38, 46, 47, 55, 54, 53, 45, 44, 43, 42, 50, 58, 59, 51, 52, 60, 61, 62, 63]
[00:00:00:04:126] ! Unidirectional s-t. expansions: 2,095, time: 4,126 [ms], path length: 44 [edges], generated: 10,413
[00:00:00:16:383] Path of length 44 found: [63, 55, 47, 46, 38, 30, 29, 21, 20, 19, 11, 3, 2, 10, 18, 26, 27, 28, 36, 44, 45, 53, 54, 62, 61, 60, 52, 51, 43, 42, 34, 33, 41, 49, 50, 58, 57, 56, 48, 40, 32, 24, 16, 8, 0]
[00:00:00:16:383] ! Unidirectional t-s. expansions: 9,584, time: 16,383 [ms], path length: 44 [edges], generated: 41,625
[00:00:00:12:573] Path of length 44 found: [0, 8, 16, 24, 32, 40, 48, 56, 57, 49, 41, 33, 34, 42, 43, 51, 50, 58, 59, 60, 61, 53, 45, 44, 36, 28, 27, 26, 18, 10, 2, 3, 11, 19, 20, 21, 29, 30, 38, 46, 47, 55, 54, 62, 63]
[00:00:00:13:002] ! Bidirectional. expansions: 12,696, time: 12,573 [ms], path length: 44 [edges], g_F: 22, g_B: 22, generated: {'F': 23,644, 'B': 23,111}, MM: 0, MMPER: -1.0%
[00:00:00:13:002] 
---------- SM_Grids/8x8_grid_with_random_blocks_16per_3 ----------
[00:00:00:15:623] Path of length 44 found: [0, 8, 16, 24, 25, 17, 18, 10, 11, 19, 27, 26, 34, 33, 41, 49, 50, 42, 43, 35, 36, 28, 29, 21, 20, 12, 13, 14, 15, 23, 31, 30, 38, 39, 47, 46, 45, 44, 52, 60, 61, 53, 54, 62, 63]
[00:00:00:15:623] ! Unidirectional s-t. expansions: 8,950, time: 15,623 [ms], path length: 44 [edges], generated: 46,438
[00:00:00:46:775] Path of length 44 found: [63, 55, 47, 39, 31, 23, 15, 14, 13, 12, 11, 10, 18, 26, 34, 42, 43, 35, 36, 28, 27, 19, 20, 21, 29, 30, 38, 46, 45, 53, 54, 62, 61, 60, 52, 51, 50, 49, 41, 33, 25, 17, 16, 8, 0]
[00:00:00:46:776] ! Unidirectional t-s. expansions: 31,152, time: 46,776 [ms], path length: 44 [edges], generated: 143,194
[00:00:01:23:218] Path of length 44 found: [0, 8, 16, 24, 25, 17, 18, 10, 11, 19, 27, 26, 34, 33, 41, 49, 50, 42, 43, 35, 36, 44, 52, 60, 61, 62, 54, 53, 45, 46, 38, 30, 29, 21, 20, 12, 13, 14, 15, 23, 31, 39, 47, 55, 63]
[00:00:01:23:641] ! Bidirectional. expansions: 96,962, time: 83,218 [ms], path length: 44 [edges], g_F: 22, g_B: 22, generated: {'F': 188,129, 'B': 182,782}, MM: 0, MMPER: -1.0%
[00:00:01:23:641] 
---------- SM_Grids/8x8_grid_with_random_blocks_16per_4 ----------
[00:00:00:00:881] Path of length 48 found: [0, 1, 9, 8, 16, 17, 25, 33, 32, 40, 48, 56, 57, 49, 41, 42, 50, 51, 52, 60, 61, 53, 45, 44, 36, 37, 29, 28, 27, 35, 34, 26, 18, 10, 11, 3, 4, 12, 13, 14, 22, 30, 38, 39, 47, 46, 54, 62, 63]
[00:00:00:00:882] ! Unidirectional s-t. expansions: 460, time: 881 [ms], path length: 48 [edges], generated: 2,305
[00:00:00:02:409] Path of length 48 found: [63, 55, 47, 39, 38, 30, 22, 14, 13, 12, 4, 3, 11, 10, 18, 26, 34, 35, 27, 28, 29, 37, 36, 44, 45, 46, 54, 62, 61, 53, 52, 51, 50, 42, 41, 49, 57, 56, 48, 40, 32, 33, 25, 17, 16, 8, 9, 1, 0]
[00:00:00:02:409] ! Unidirectional t-s. expansions: 977, time: 2,409 [ms], path length: 48 [edges], generated: 4,855
[00:00:00:05:640] Path of length 48 found: [0, 1, 9, 8, 16, 17, 25, 33, 32, 40, 48, 56, 57, 49, 41, 42, 50, 51, 52, 60, 61, 62, 54, 46, 45, 44, 36, 37, 29, 28, 27, 35, 34, 26, 18, 10, 11, 3, 4, 12, 13, 14, 22, 30, 38, 39, 47, 55, 63]
[00:00:00:06:059] ! Bidirectional. expansions: 4,546, time: 5,640 [ms], path length: 48 [edges], g_F: 24, g_B: 24, generated: {'F': 7,965, 'B': 8,241}, MM: 0, MMPER: -1.0%
[00:00:00:06:059] 
---------- SM_Grids/8x8_grid_with_random_blocks_16per_5 ----------
[00:00:00:02:781] Path of length 50 found: [0, 8, 16, 24, 32, 33, 34, 26, 25, 17, 9, 1, 2, 10, 11, 19, 20, 12, 4, 5, 6, 14, 15, 23, 22, 30, 29, 28, 36, 35, 43, 51, 50, 49, 48, 56, 57, 58, 59, 60, 61, 53, 52, 44, 45, 46, 38, 39, 47, 55, 63]
[00:00:00:02:781] ! Unidirectional s-t. expansions: 1,416, time: 2,781 [ms], path length: 50 [edges], generated: 6,086
[00:00:00:03:047] Path of length 50 found: [63, 55, 47, 39, 38, 46, 54, 53, 45, 44, 52, 60, 59, 58, 57, 56, 48, 49, 50, 51, 43, 35, 36, 28, 29, 30, 31, 23, 15, 14, 6, 5, 4, 12, 20, 19, 11, 3, 2, 10, 9, 17, 25, 26, 34, 33, 32, 24, 16, 8, 0]
[00:00:00:03:047] ! Unidirectional t-s. expansions: 1,455, time: 3,047 [ms], path length: 50 [edges], generated: 6,538
[00:00:00:08:905] Path of length 50 found: [0, 8, 16, 24, 32, 33, 34, 26, 25, 17, 9, 1, 2, 10, 11, 19, 20, 12, 4, 5, 6, 14, 15, 23, 22, 30, 29, 28, 36, 35, 43, 51, 50, 49, 48, 56, 57, 58, 59, 60, 52, 44, 45, 53, 54, 46, 38, 39, 47, 55, 63]
[00:00:00:09:348] ! Bidirectional. expansions: 7,259, time: 8,905 [ms], path length: 50 [edges], g_F: 25, g_B: 25, generated: {'F': 12,499, 'B': 12,162}, MM: 0, MMPER: -1.0%
[00:00:00:09:348] 
---------- SM_Grids/8x8_grid_with_random_blocks_16per_6 ----------
[00:00:00:00:280] Path of length 48 found: [0, 1, 9, 8, 16, 24, 32, 40, 48, 49, 50, 42, 41, 33, 25, 17, 18, 10, 11, 19, 27, 26, 34, 35, 36, 44, 52, 53, 45, 37, 29, 21, 13, 5, 6, 7, 15, 14, 22, 23, 31, 30, 38, 46, 47, 55, 54, 62, 63]
[00:00:00:00:280] ! Unidirectional s-t. expansions: 128, time: 280 [ms], path length: 48 [edges], generated: 620
[00:00:00:00:109] Path of length 48 found: [63, 62, 54, 55, 47, 46, 38, 30, 31, 23, 15, 7, 6, 5, 13, 14, 22, 21, 29, 37, 45, 53, 52, 44, 36, 35, 27, 19, 11, 10, 18, 17, 25, 26, 34, 33, 41, 42, 50, 49, 48, 40, 32, 24, 16, 8, 9, 1, 0]
[00:00:00:00:109] ! Unidirectional t-s. expansions: 42, time: 109 [ms], path length: 48 [edges], generated: 210
[00:00:00:00:892] Path of length 48 found: [0, 1, 9, 8, 16, 24, 32, 40, 48, 49, 50, 42, 41, 33, 25, 17, 18, 10, 11, 19, 27, 26, 34, 35, 36, 44, 52, 53, 45, 37, 29, 21, 22, 14, 13, 5, 6, 7, 15, 23, 31, 30, 38, 46, 47, 55, 54, 62, 63]
[00:00:00:01:347] ! Bidirectional. expansions: 754, time: 892 [ms], path length: 48 [edges], g_F: 24, g_B: 24, generated: {'F': 1,382, 'B': 1,205}, MM: 0, MMPER: -1.0%
[00:00:00:01:347] 
---------- SM_Grids/8x8_grid_with_random_blocks_16per_7 ----------
[00:00:00:48:235] Path of length 48 found: [0, 8, 16, 24, 32, 40, 48, 56, 57, 49, 41, 33, 34, 26, 18, 17, 9, 10, 2, 3, 11, 19, 27, 28, 20, 12, 13, 14, 6, 7, 15, 23, 31, 30, 38, 37, 45, 44, 43, 42, 50, 58, 59, 60, 61, 53, 54, 55, 63]
[00:00:00:48:235] ! Unidirectional s-t. expansions: 26,677, time: 48,235 [ms], path length: 48 [edges], generated: 122,024
[00:00:00:22:725] Path of length 48 found: [63, 55, 54, 46, 38, 30, 31, 23, 15, 7, 6, 14, 13, 21, 20, 12, 11, 3, 2, 10, 9, 17, 18, 19, 27, 26, 34, 35, 43, 44, 45, 53, 61, 60, 59, 51, 50, 42, 41, 49, 57, 56, 48, 40, 32, 24, 16, 8, 0]
[00:00:00:22:726] ! Unidirectional t-s. expansions: 12,206, time: 22,725 [ms], path length: 48 [edges], generated: 61,751
[00:00:00:58:129] Path of length 48 found: [0, 8, 16, 24, 32, 40, 48, 56, 57, 49, 41, 33, 34, 42, 50, 58, 59, 60, 61, 53, 45, 44, 43, 35, 27, 26, 18, 17, 9, 10, 2, 3, 11, 12, 20, 21, 13, 14, 6, 7, 15, 23, 31, 30, 38, 46, 54, 55, 63]
[00:00:00:58:544] ! Bidirectional. expansions: 69,228, time: 58,129 [ms], path length: 48 [edges], g_F: 24, g_B: 24, generated: {'F': 119,922, 'B': 125,421}, MM: 0, MMPER: -1.0%
[00:00:00:58:544] 
---------- SM_Grids/8x8_grid_with_random_blocks_16per_8 ----------
[00:00:00:04:102] Path of length 50 found: [0, 8, 16, 17, 9, 1, 2, 10, 18, 19, 11, 3, 4, 5, 6, 7, 15, 23, 22, 14, 13, 12, 20, 21, 29, 28, 36, 35, 34, 33, 32, 40, 48, 56, 57, 49, 41, 42, 50, 51, 59, 60, 61, 53, 45, 37, 38, 46, 54, 62, 63]
[00:00:00:04:102] ! Unidirectional s-t. expansions: 2,050, time: 4,102 [ms], path length: 50 [edges], generated: 9,385
[00:00:00:00:366] Path of length 50 found: [63, 62, 54, 46, 38, 37, 45, 53, 61, 60, 59, 51, 43, 42, 50, 49, 57, 56, 48, 40, 32, 33, 34, 35, 36, 28, 29, 21, 13, 14, 22, 23, 15, 7, 6, 5, 4, 3, 2, 1, 9, 10, 11, 12, 20, 19, 18, 17, 16, 8, 0]
[00:00:00:00:367] ! Unidirectional t-s. expansions: 204, time: 367 [ms], path length: 50 [edges], generated: 975
[00:00:00:06:380] Path of length 50 found: [0, 8, 16, 17, 9, 1, 2, 3, 4, 5, 13, 14, 6, 7, 15, 23, 22, 21, 29, 37, 36, 28, 20, 12, 11, 10, 18, 26, 34, 35, 43, 42, 41, 33, 32, 40, 48, 56, 57, 49, 50, 51, 59, 60, 61, 53, 45, 46, 54, 62, 63]
[00:00:00:06:801] ! Bidirectional. expansions: 6,752, time: 6,380 [ms], path length: 50 [edges], g_F: 25, g_B: 25, generated: {'F': 11,977, 'B': 10,852}, MM: 0, MMPER: -1.0%
[00:00:00:06:801] 
---------- SM_Grids/8x8_grid_with_random_blocks_16per_9 ----------
[00:00:00:01:367] Path of length 46 found: [0, 8, 16, 24, 32, 33, 25, 17, 9, 1, 2, 3, 11, 12, 4, 5, 6, 7, 15, 14, 13, 21, 20, 28, 27, 26, 34, 42, 50, 58, 59, 51, 43, 44, 36, 37, 38, 30, 31, 39, 47, 55, 54, 53, 61, 62, 63]
[00:00:00:01:367] ! Unidirectional s-t. expansions: 687, time: 1,367 [ms], path length: 46 [edges], generated: 2,836
[00:00:00:00:547] Path of length 46 found: [63, 62, 61, 53, 54, 55, 47, 39, 31, 30, 38, 37, 45, 44, 52, 51, 59, 58, 50, 42, 41, 33, 32, 24, 16, 8, 9, 17, 25, 26, 27, 28, 20, 21, 13, 14, 15, 7, 6, 5, 4, 12, 11, 3, 2, 1, 0]
[00:00:00:00:547] ! Unidirectional t-s. expansions: 237, time: 547 [ms], path length: 46 [edges], generated: 1,096
[00:00:00:03:076] Path of length 46 found: [0, 8, 16, 24, 32, 33, 25, 17, 9, 1, 2, 3, 11, 12, 4, 5, 6, 7, 15, 14, 13, 21, 20, 28, 27, 26, 34, 42, 50, 58, 59, 51, 52, 44, 45, 37, 38, 30, 31, 39, 47, 55, 54, 53, 61, 62, 63]
[00:00:00:03:497] ! Bidirectional. expansions: 2,744, time: 3,076 [ms], path length: 46 [edges], g_F: 23, g_B: 23, generated: {'F': 4,284, 'B': 5,036}, MM: 0, MMPER: -1.0%
[00:00:00:03:497] average expansions: (4,307, 5,886, 20,462, 0)
[00:00:00:03:497] average time: (7,842, 9,887, 18,260, 0)
[00:00:00:03:497] XIDA: 4,307 , 7,842 (expansions , time[ms])
[00:00:00:03:497] BiXIDA: 20,462 , 18,260 (expansions , time[ms])

