--------------------------
date: SM_Grids
number_of_graphs: 10
graph_type: grid
size_of_graphs: [8, 8]
heuristic: bcc_heuristic
snake: False
run_uni: True
run_bi: True
run_multi: False
solution_vertices: []
algorithms: ['IDA']
lookahead: 3
bsd: False
cube_first_dims: 4
cube_buffer_dim: None
backward_sym_generation: False
sym_coil: False
prefix_set: None

---------- SM_Grids/8x8_grid_with_random_blocks_12per_0 ----------
[00:00:00:16:652] Path of length 52 found: [0, 8, 16, 24, 25, 17, 9, 1, 2, 10, 18, 26, 34, 33, 41, 40, 48, 56, 57, 58, 50, 42, 43, 35, 27, 19, 11, 3, 4, 12, 20, 21, 13, 14, 22, 30, 31, 39, 47, 55, 54, 53, 45, 37, 36, 44, 52, 51, 59, 60, 61, 62, 63]
[00:00:00:16:652] ! Unidirectional s-t. expansions: 4,870, time: 16,652 [ms], path length: 52 [edges], generated: 48,373
[00:00:00:20:601] Path of length 52 found: [63, 55, 47, 39, 31, 30, 22, 14, 13, 21, 20, 12, 4, 3, 2, 1, 9, 10, 11, 19, 18, 26, 34, 42, 50, 51, 43, 35, 27, 28, 36, 37, 45, 44, 52, 53, 54, 62, 61, 60, 59, 58, 57, 56, 48, 40, 41, 33, 25, 17, 16, 8, 0]
[00:00:00:20:601] ! Unidirectional t-s. expansions: 8,067, time: 20,601 [ms], path length: 52 [edges], generated: 71,538
[00:00:03:48:508] Path of length 52 found: [0, 8, 16, 24, 25, 17, 9, 1, 2, 10, 18, 26, 34, 33, 41, 40, 48, 56, 57, 58, 50, 42, 43, 51, 59, 60, 61, 62, 54, 53, 52, 44, 45, 37, 36, 35, 27, 19, 11, 3, 4, 12, 20, 21, 13, 14, 22, 30, 31, 39, 47, 55, 63]
[00:00:03:49:010] ! Bidirectional. expansions: 65,205, time: 228,509 [ms], path length: 52 [edges], g_F: 33, g_B: 19, generated: {'F': 289,597, 'B': 214,129}, MM: 14, MMPER: 25.41509433962264%
[00:00:03:49:010] 
---------- SM_Grids/8x8_grid_with_random_blocks_12per_1 ----------
[00:00:00:01:961] Path of length 52 found: [0, 8, 16, 24, 32, 33, 25, 17, 9, 1, 2, 10, 11, 3, 4, 12, 13, 5, 6, 7, 15, 14, 22, 21, 20, 19, 27, 26, 34, 42, 41, 49, 50, 58, 59, 51, 52, 60, 61, 53, 45, 44, 36, 28, 29, 37, 38, 39, 47, 46, 54, 62, 63]
[00:00:00:01:961] ! Unidirectional s-t. expansions: 561, time: 1,961 [ms], path length: 52 [edges], generated: 5,658
[00:00:00:01:430] Path of length 52 found: [63, 55, 47, 39, 38, 37, 29, 21, 22, 14, 15, 7, 6, 5, 13, 12, 4, 3, 11, 10, 2, 1, 9, 17, 25, 26, 27, 19, 20, 28, 36, 44, 52, 53, 45, 46, 54, 62, 61, 60, 59, 51, 50, 49, 41, 42, 34, 33, 32, 24, 16, 8, 0]
[00:00:00:01:430] ! Unidirectional t-s. expansions: 290, time: 1,430 [ms], path length: 52 [edges], generated: 3,083
[00:00:01:28:808] Path of length 52 found: [0, 8, 16, 24, 32, 33, 25, 17, 9, 1, 2, 10, 11, 3, 4, 12, 13, 5, 6, 7, 15, 14, 22, 21, 20, 19, 27, 26, 34, 42, 41, 49, 50, 58, 59, 60, 61, 62, 54, 46, 45, 53, 52, 44, 36, 28, 29, 37, 38, 39, 47, 55, 63]
[00:00:01:29:264] ! Bidirectional. expansions: 14,615, time: 88,808 [ms], path length: 52 [edges], g_F: 34, g_B: 18, generated: {'F': 72,302, 'B': 56,517}, MM: 16, MMPER: 29.18867924528302%
[00:00:01:29:264] 
---------- SM_Grids/8x8_grid_with_random_blocks_12per_2 ----------
[00:00:00:34:551] Path of length 50 found: [0, 8, 16, 24, 32, 33, 25, 17, 9, 1, 2, 10, 18, 19, 27, 28, 20, 12, 11, 3, 4, 5, 13, 21, 22, 14, 15, 23, 31, 30, 29, 37, 36, 44, 43, 42, 50, 49, 57, 58, 59, 51, 52, 60, 61, 62, 54, 46, 47, 55, 63]
[00:00:00:34:551] ! Unidirectional s-t. expansions: 8,304, time: 34,551 [ms], path length: 50 [edges], generated: 90,547
[00:00:00:09:554] Path of length 50 found: [63, 55, 47, 46, 54, 62, 61, 60, 52, 44, 43, 51, 59, 58, 57, 49, 50, 42, 34, 33, 32, 24, 25, 17, 16, 8, 9, 10, 18, 19, 27, 28, 36, 37, 29, 30, 31, 23, 15, 14, 22, 21, 20, 12, 13, 5, 4, 3, 2, 1, 0]
[00:00:00:09:554] ! Unidirectional t-s. expansions: 2,272, time: 9,554 [ms], path length: 50 [edges], generated: 26,966
[00:00:03:48:898] Path of length 50 found: [0, 8, 16, 24, 32, 33, 25, 17, 9, 1, 2, 10, 18, 19, 27, 28, 29, 21, 20, 12, 11, 3, 4, 5, 13, 14, 15, 23, 22, 30, 38, 37, 36, 44, 43, 42, 50, 49, 57, 58, 59, 51, 52, 60, 61, 62, 54, 46, 47, 55, 63]
[00:00:03:49:319] ! Bidirectional. expansions: 42,016, time: 228,899 [ms], path length: 50 [edges], g_F: 28, g_B: 22, generated: {'F': 240,390, 'B': 171,211}, MM: 6, MMPER: 10.764705882352942%
[00:00:03:49:319] 
---------- SM_Grids/8x8_grid_with_random_blocks_12per_3 ----------
[00:00:00:08:200] Path of length 54 found: [0, 8, 16, 24, 32, 33, 41, 49, 48, 56, 57, 58, 50, 51, 59, 60, 52, 44, 43, 35, 36, 37, 29, 30, 22, 14, 13, 12, 20, 19, 27, 26, 25, 17, 18, 10, 9, 1, 2, 3, 4, 5, 6, 7, 15, 23, 31, 39, 38, 46, 47, 55, 54, 62, 63]
[00:00:00:08:200] ! Unidirectional s-t. expansions: 2,404, time: 8,200 [ms], path length: 54 [edges], generated: 22,707
[00:00:00:07:600] Path of length 54 found: [63, 55, 47, 39, 31, 23, 15, 7, 6, 5, 4, 3, 2, 1, 9, 10, 18, 17, 25, 26, 27, 19, 20, 12, 13, 14, 22, 30, 29, 37, 38, 46, 54, 62, 61, 60, 52, 44, 36, 35, 43, 51, 59, 58, 57, 56, 48, 49, 41, 33, 32, 24, 16, 8, 0]
[00:00:00:07:600] ! Unidirectional t-s. expansions: 1,816, time: 7,600 [ms], path length: 54 [edges], generated: 17,408
[00:00:02:40:820] Path of length 54 found: [0, 8, 16, 17, 18, 10, 9, 1, 2, 3, 4, 5, 6, 7, 15, 14, 13, 12, 20, 19, 27, 26, 25, 24, 32, 33, 41, 49, 48, 56, 57, 58, 50, 51, 52, 60, 61, 62, 54, 46, 45, 44, 43, 35, 36, 37, 38, 30, 22, 23, 31, 39, 47, 55, 63]
[00:00:02:41:238] ! Bidirectional. expansions: 29,052, time: 160,820 [ms], path length: 54 [edges], g_F: 33, g_B: 21, generated: {'F': 140,756, 'B': 102,319}, MM: 12, MMPER: 20.818181818181817%
[00:00:02:41:238] 
---------- SM_Grids/8x8_grid_with_random_blocks_12per_4 ----------
[00:00:00:00:162] Path of length 54 found: [0, 8, 16, 24, 25, 17, 9, 10, 18, 26, 34, 33, 41, 49, 48, 56, 57, 58, 50, 42, 43, 51, 59, 60, 52, 44, 36, 35, 27, 19, 11, 12, 4, 5, 6, 14, 13, 21, 20, 28, 29, 37, 38, 30, 22, 23, 31, 39, 47, 55, 54, 53, 61, 62, 63]
[00:00:00:00:162] ! Unidirectional s-t. expansions: 37, time: 162 [ms], path length: 54 [edges], generated: 397
[00:00:00:00:108] Path of length 54 found: [63, 55, 47, 39, 31, 23, 22, 14, 6, 5, 4, 12, 13, 21, 20, 19, 11, 10, 9, 17, 18, 26, 34, 42, 50, 51, 43, 35, 27, 28, 29, 30, 38, 37, 36, 44, 52, 53, 54, 62, 61, 60, 59, 58, 57, 56, 48, 49, 41, 33, 25, 24, 16, 8, 0]
[00:00:00:00:108] ! Unidirectional t-s. expansions: 18, time: 108 [ms], path length: 54 [edges], generated: 226
[00:00:00:01:186] Path of length 54 found: [0, 8, 16, 24, 25, 17, 9, 10, 18, 26, 34, 33, 41, 49, 48, 56, 57, 58, 50, 42, 43, 51, 59, 60, 61, 62, 54, 53, 52, 44, 36, 35, 27, 28, 20, 19, 11, 12, 4, 5, 6, 14, 13, 21, 29, 37, 38, 30, 22, 23, 31, 39, 47, 55, 63]
[00:00:00:01:644] ! Bidirectional. expansions: 239, time: 1,186 [ms], path length: 54 [edges], g_F: 30, g_B: 24, generated: {'F': 1,309, 'B': 1,041}, MM: 6, MMPER: 9.909090909090908%
[00:00:00:01:644] 
---------- SM_Grids/8x8_grid_with_random_blocks_12per_5 ----------
[00:00:00:23:882] Path of length 52 found: [0, 8, 16, 24, 32, 40, 41, 33, 25, 17, 9, 1, 2, 3, 11, 19, 27, 35, 34, 42, 50, 58, 59, 51, 43, 44, 52, 60, 61, 53, 45, 37, 29, 28, 20, 21, 13, 12, 4, 5, 6, 14, 15, 23, 22, 30, 31, 39, 38, 46, 47, 55, 63]
[00:00:00:23:883] ! Unidirectional s-t. expansions: 5,912, time: 23,882 [ms], path length: 52 [edges], generated: 63,463
[00:00:00:10:657] Path of length 52 found: [63, 55, 47, 39, 31, 23, 15, 14, 6, 5, 4, 3, 2, 1, 9, 17, 25, 33, 34, 35, 27, 28, 20, 19, 11, 12, 13, 21, 22, 30, 29, 37, 38, 46, 45, 44, 43, 51, 52, 53, 61, 60, 59, 58, 50, 42, 41, 40, 32, 24, 16, 8, 0]
[00:00:00:10:658] ! Unidirectional t-s. expansions: 3,097, time: 10,658 [ms], path length: 52 [edges], generated: 30,368
[00:00:02:50:524] Path of length 52 found: [0, 8, 16, 24, 25, 33, 32, 40, 41, 42, 34, 35, 43, 51, 50, 58, 59, 60, 61, 53, 52, 44, 45, 46, 38, 37, 29, 21, 13, 12, 20, 28, 27, 19, 18, 17, 9, 1, 2, 3, 4, 5, 6, 14, 15, 23, 22, 30, 31, 39, 47, 55, 63]
[00:00:02:50:939] ! Bidirectional. expansions: 31,359, time: 170,524 [ms], path length: 52 [edges], g_F: 32, g_B: 20, generated: {'F': 165,963, 'B': 124,810}, MM: 12, MMPER: 21.641509433962263%
[00:00:02:50:939] 
---------- SM_Grids/8x8_grid_with_random_blocks_12per_6 ----------
[00:00:00:29:904] Path of length 52 found: [0, 8, 16, 24, 32, 40, 48, 49, 41, 42, 50, 51, 59, 60, 61, 53, 45, 44, 43, 35, 34, 26, 25, 17, 9, 1, 2, 10, 18, 19, 27, 28, 20, 12, 11, 3, 4, 5, 13, 14, 6, 7, 15, 23, 22, 21, 29, 37, 38, 46, 54, 62, 63]
[00:00:00:29:904] ! Unidirectional s-t. expansions: 10,300, time: 29,904 [ms], path length: 52 [edges], generated: 92,623
[00:00:00:24:048] Path of length 52 found: [63, 62, 54, 46, 38, 37, 29, 21, 13, 14, 22, 23, 15, 7, 6, 5, 4, 3, 2, 1, 9, 17, 25, 26, 18, 10, 11, 12, 20, 19, 27, 28, 36, 35, 34, 42, 43, 44, 45, 53, 61, 60, 59, 51, 50, 49, 41, 40, 32, 24, 16, 8, 0]
[00:00:00:24:049] ! Unidirectional t-s. expansions: 8,415, time: 24,048 [ms], path length: 52 [edges], generated: 78,087
[00:00:07:11:011] Path of length 52 found: [0, 8, 16, 24, 32, 40, 48, 49, 41, 42, 50, 51, 59, 60, 61, 53, 45, 44, 43, 35, 34, 26, 25, 17, 9, 1, 2, 10, 18, 19, 27, 28, 20, 12, 11, 3, 4, 5, 6, 7, 15, 23, 22, 14, 13, 21, 29, 37, 38, 46, 54, 62, 63]
[00:00:07:11:429] ! Bidirectional. expansions: 126,350, time: 431,011 [ms], path length: 52 [edges], g_F: 32, g_B: 20, generated: {'F': 592,976, 'B': 459,390}, MM: 12, MMPER: 21.641509433962263%
[00:00:07:11:429] 
---------- SM_Grids/8x8_grid_with_random_blocks_12per_7 ----------
[00:00:01:07:955] Valid states checked so far: 200,000, Expansions: 18,256, Global best: 53
[00:00:02:03:550] Valid states checked so far: 400,000, Expansions: 38,196, Global best: 53
[00:00:02:58:910] Valid states checked so far: 600,000, Expansions: 58,048, Global best: 53
[00:00:03:52:137] Valid states checked so far: 800,000, Expansions: 77,402, Global best: 53
[00:00:04:45:819] Valid states checked so far: 1,000,000, Expansions: 97,664, Global best: 53
[00:00:05:00:226] Path of length 52 found: [0, 8, 16, 24, 32, 40, 48, 56, 57, 58, 59, 60, 52, 44, 45, 37, 36, 28, 27, 26, 34, 35, 43, 42, 41, 33, 25, 17, 9, 10, 18, 19, 20, 12, 13, 5, 6, 7, 15, 14, 22, 23, 31, 30, 38, 39, 47, 46, 54, 53, 61, 62, 63]
[00:00:05:00:227] ! Unidirectional s-t. expansions: 102,142, time: 300,226 [ms], path length: 52 [edges], generated: 1,048,011
[00:00:01:09:042] Valid states checked so far: 200,000, Expansions: 18,579, Global best: 47
[00:00:02:07:865] Valid states checked so far: 400,000, Expansions: 39,639, Global best: 47
[00:00:03:06:786] Valid states checked so far: 600,000, Expansions: 59,634, Global best: 47
[00:00:04:05:239] Valid states checked so far: 800,000, Expansions: 79,737, Global best: 47
[00:00:04:44:544] Path of length 52 found: [63, 55, 47, 39, 31, 23, 15, 7, 6, 5, 13, 12, 20, 21, 22, 30, 38, 37, 36, 28, 27, 19, 18, 10, 9, 17, 25, 26, 34, 35, 43, 44, 52, 53, 45, 46, 54, 62, 61, 60, 59, 58, 57, 56, 48, 49, 41, 33, 32, 24, 16, 8, 0]
[00:00:04:44:544] ! Unidirectional t-s. expansions: 91,851, time: 284,544 [ms], path length: 52 [edges], generated: 924,320
[00:01:03:55:928] Path of length 52 found: [0, 8, 16, 24, 32, 40, 41, 49, 48, 56, 57, 58, 59, 60, 52, 44, 36, 35, 43, 42, 34, 33, 25, 17, 9, 10, 18, 26, 27, 19, 20, 12, 13, 5, 6, 7, 15, 23, 22, 30, 31, 39, 38, 37, 45, 53, 61, 62, 54, 46, 47, 55, 63]
[00:01:03:56:396] ! Bidirectional. expansions: 967,309, time: 3,835,928 [ms], path length: 52 [edges], g_F: 31, g_B: 21, generated: {'F': 4,626,144, 'B': 3,497,846}, MM: 10, MMPER: 17.867924528301888%
[00:01:03:56:397] 
---------- SM_Grids/8x8_grid_with_random_blocks_12per_8 ----------
[00:00:00:11:113] Path of length 54 found: [0, 8, 16, 24, 32, 33, 41, 49, 48, 56, 57, 58, 59, 60, 52, 53, 45, 37, 29, 21, 13, 12, 20, 19, 27, 28, 36, 44, 43, 35, 34, 26, 25, 17, 18, 10, 9, 1, 2, 3, 4, 5, 6, 7, 15, 14, 22, 23, 31, 30, 38, 46, 47, 55, 63]
[00:00:00:11:114] ! Unidirectional s-t. expansions: 2,774, time: 11,113 [ms], path length: 54 [edges], generated: 28,759
[00:00:00:08:131] Path of length 54 found: [63, 55, 47, 39, 31, 23, 15, 7, 6, 5, 4, 3, 2, 1, 9, 10, 18, 17, 25, 26, 34, 35, 43, 44, 36, 28, 27, 19, 20, 12, 13, 14, 22, 21, 29, 30, 38, 37, 45, 53, 52, 60, 59, 58, 57, 56, 48, 49, 41, 33, 32, 24, 16, 8, 0]
[00:00:00:08:131] ! Unidirectional t-s. expansions: 1,843, time: 8,131 [ms], path length: 54 [edges], generated: 20,845
[00:00:03:09:529] Path of length 54 found: [0, 8, 16, 24, 32, 33, 41, 49, 48, 56, 57, 58, 59, 60, 52, 53, 45, 46, 38, 30, 22, 14, 13, 12, 20, 19, 27, 28, 29, 37, 36, 44, 43, 35, 34, 26, 25, 17, 18, 10, 9, 1, 2, 3, 4, 5, 6, 7, 15, 23, 31, 39, 47, 55, 63]
[00:00:03:09:980] ! Bidirectional. expansions: 37,097, time: 189,529 [ms], path length: 54 [edges], g_F: 32, g_B: 22, generated: {'F': 187,705, 'B': 139,754}, MM: 10, MMPER: 17.181818181818183%
[00:00:03:09:981] 
---------- SM_Grids/8x8_grid_with_random_blocks_12per_9 ----------
[00:00:01:15:267] Valid states checked so far: 200,000, Expansions: 20,210, Global best: 49
[00:00:02:24:464] Valid states checked so far: 400,000, Expansions: 41,515, Global best: 49
[00:00:02:27:130] Path of length 52 found: [0, 1, 2, 10, 9, 8, 16, 24, 32, 40, 48, 56, 57, 49, 41, 33, 25, 26, 18, 19, 11, 12, 4, 5, 6, 7, 15, 23, 31, 30, 29, 21, 20, 28, 27, 35, 43, 51, 50, 58, 59, 60, 52, 53, 45, 37, 38, 46, 47, 55, 54, 62, 63]
[00:00:02:27:130] ! Unidirectional s-t. expansions: 41,984, time: 147,130 [ms], path length: 52 [edges], generated: 404,928
[00:00:01:25:707] Valid states checked so far: 200,000, Expansions: 18,907, Global best: 47
[00:00:02:39:236] Valid states checked so far: 400,000, Expansions: 40,414, Global best: 47
[00:00:03:53:370] Valid states checked so far: 600,000, Expansions: 62,173, Global best: 47
[00:00:04:14:119] Path of length 52 found: [63, 55, 47, 46, 38, 30, 31, 23, 15, 7, 6, 5, 4, 12, 13, 21, 20, 19, 11, 10, 18, 26, 25, 33, 34, 35, 27, 28, 36, 37, 45, 53, 54, 62, 61, 60, 52, 51, 59, 58, 50, 49, 57, 56, 48, 40, 32, 24, 16, 8, 9, 1, 0]
[00:00:04:14:120] ! Unidirectional t-s. expansions: 66,959, time: 254,120 [ms], path length: 52 [edges], generated: 645,985
[00:00:24:59:575] Path of length 52 found: [0, 8, 9, 1, 2, 10, 11, 19, 18, 26, 25, 24, 32, 40, 48, 56, 57, 58, 59, 51, 50, 49, 41, 33, 34, 35, 27, 28, 20, 21, 13, 12, 4, 5, 6, 7, 15, 23, 31, 30, 38, 37, 45, 53, 52, 60, 61, 62, 54, 46, 47, 55, 63]
[00:00:25:00:036] ! Bidirectional. expansions: 317,371, time: 1,499,575 [ms], path length: 52 [edges], g_F: 28, g_B: 24, generated: {'F': 1,478,246, 'B': 1,098,480}, MM: 4, MMPER: 6.547169811320755%
[00:00:25:00:037] average expansions: (17,929, 18,463, 163,061, 0)
[00:00:25:00:037] average time: (57,378, 62,079, 683,479, 0)
[00:00:25:00:037] XIDA: 17,929 , 57,378 (expansions , time[ms])
[00:00:25:00:037] BiXIDA: 163,061 , 683,479 (expansions , time[ms])

