--------------------------
date: SM_Grids
number_of_graphs: 10
graph_type: grid
size_of_graphs: [8, 8]
heuristic: bcc_heuristic
snake: False
run_uni: True
run_bi: True
run_multi: False
solution_vertices: []
algorithms: ['IDA']
lookahead: 3
bsd: False
cube_first_dims: 4
cube_buffer_dim: None
backward_sym_generation: False
sym_coil: False
prefix_set: None

---------- SM_Grids/8x8_grid_with_random_blocks_20per_0 ----------
[00:00:00:02:028] Path of length 44 found: [0, 1, 9, 10, 2, 3, 4, 12, 20, 28, 29, 21, 13, 5, 6, 7, 15, 14, 22, 30, 31, 39, 38, 37, 36, 35, 34, 26, 25, 17, 16, 24, 32, 40, 48, 49, 41, 42, 43, 44, 52, 53, 61, 62, 63]
[00:00:00:02:028] ! Unidirectional s-t. expansions: 678, time: 2,028 [ms], path length: 44 [edges], generated: 6,143
[00:00:00:00:597] Path of length 44 found: [63, 62, 61, 53, 52, 44, 43, 42, 50, 49, 41, 40, 32, 24, 16, 17, 25, 26, 34, 35, 36, 28, 20, 12, 13, 21, 29, 37, 38, 39, 31, 30, 22, 23, 15, 7, 6, 5, 4, 3, 2, 10, 9, 1, 0]
[00:00:00:00:597] ! Unidirectional t-s. expansions: 195, time: 597 [ms], path length: 44 [edges], generated: 2,019
[00:00:00:06:663] Path of length 44 found: [0, 1, 9, 10, 2, 3, 4, 12, 20, 28, 29, 21, 13, 5, 6, 7, 15, 14, 22, 23, 31, 30, 38, 37, 36, 35, 34, 26, 25, 17, 16, 24, 32, 40, 41, 49, 50, 42, 43, 44, 52, 53, 61, 62, 63]
[00:00:00:07:111] ! Bidirectional. expansions: 2,079, time: 6,663 [ms], path length: 44 [edges], g_F: 29, g_B: 15, generated: {'F': 10,126, 'B': 5,570}, MM: 14, MMPER: 30.11111111111111%
[00:00:00:07:111] 
---------- SM_Grids/8x8_grid_with_random_blocks_20per_1 ----------
[00:00:00:23:050] Path of length 38 found: [0, 8, 16, 24, 25, 17, 9, 1, 2, 3, 11, 10, 18, 26, 34, 33, 41, 40, 48, 56, 57, 49, 50, 42, 43, 35, 27, 19, 20, 28, 29, 30, 31, 39, 47, 46, 54, 62, 63]
[00:00:00:23:051] ! Unidirectional s-t. expansions: 7,170, time: 23,050 [ms], path length: 38 [edges], generated: 66,249
[00:00:00:03:370] Path of length 38 found: [63, 62, 54, 55, 47, 39, 31, 30, 29, 21, 20, 28, 27, 19, 11, 3, 2, 10, 18, 26, 34, 35, 43, 51, 50, 49, 57, 56, 48, 40, 41, 33, 25, 24, 16, 17, 9, 1, 0]
[00:00:00:03:370] ! Unidirectional t-s. expansions: 1,112, time: 3,370 [ms], path length: 38 [edges], generated: 11,288
[00:00:00:33:070] Path of length 38 found: [0, 8, 16, 24, 25, 17, 9, 1, 2, 3, 11, 10, 18, 26, 34, 33, 41, 40, 48, 56, 57, 49, 50, 42, 43, 35, 27, 19, 20, 21, 29, 30, 31, 39, 47, 55, 54, 62, 63]
[00:00:00:33:519] ! Bidirectional. expansions: 7,420, time: 33,070 [ms], path length: 38 [edges], g_F: 23, g_B: 15, generated: {'F': 36,949, 'B': 28,128}, MM: 8, MMPER: 19.512820512820515%
[00:00:00:33:519] 
---------- SM_Grids/8x8_grid_with_random_blocks_20per_2 ----------
[00:00:00:01:155] Path of length 48 found: [0, 8, 16, 17, 9, 1, 2, 3, 4, 12, 20, 19, 18, 26, 34, 33, 41, 40, 48, 56, 57, 49, 50, 58, 59, 60, 61, 53, 45, 37, 36, 28, 29, 21, 13, 5, 6, 14, 15, 23, 22, 30, 31, 39, 38, 46, 54, 62, 63]
[00:00:00:01:156] ! Unidirectional s-t. expansions: 321, time: 1,156 [ms], path length: 48 [edges], generated: 3,222
[00:00:00:01:329] Path of length 48 found: [63, 62, 54, 46, 47, 39, 31, 23, 15, 14, 6, 5, 13, 21, 22, 30, 29, 28, 36, 37, 45, 53, 61, 60, 59, 58, 50, 49, 57, 56, 48, 40, 41, 33, 34, 26, 18, 19, 20, 12, 4, 3, 2, 1, 9, 17, 16, 8, 0]
[00:00:00:01:329] ! Unidirectional t-s. expansions: 339, time: 1,329 [ms], path length: 48 [edges], generated: 3,102
[00:00:00:06:269] Path of length 48 found: [0, 8, 16, 17, 9, 1, 2, 3, 4, 12, 13, 5, 6, 14, 15, 23, 22, 21, 29, 30, 31, 39, 47, 46, 38, 37, 36, 28, 20, 19, 18, 26, 34, 33, 41, 40, 48, 56, 57, 49, 50, 58, 59, 60, 61, 53, 54, 62, 63]
[00:00:00:06:721] ! Bidirectional. expansions: 1,530, time: 6,269 [ms], path length: 48 [edges], g_F: 25, g_B: 23, generated: {'F': 7,447, 'B': 4,983}, MM: 2, MMPER: 3.0816326530612246%
[00:00:00:06:721] 
---------- SM_Grids/8x8_grid_with_random_blocks_20per_3 ----------
[00:00:00:00:969] Path of length 46 found: [0, 1, 9, 8, 16, 24, 32, 40, 41, 49, 57, 58, 50, 51, 43, 35, 34, 26, 27, 19, 18, 10, 11, 3, 4, 12, 13, 5, 6, 7, 15, 23, 22, 30, 31, 39, 38, 37, 36, 44, 45, 53, 52, 60, 61, 62, 63]
[00:00:00:00:970] ! Unidirectional s-t. expansions: 237, time: 970 [ms], path length: 46 [edges], generated: 2,335
[00:00:00:00:954] Path of length 46 found: [63, 62, 61, 60, 52, 53, 45, 37, 29, 30, 38, 39, 31, 23, 15, 7, 6, 5, 13, 12, 4, 3, 11, 10, 18, 19, 27, 26, 34, 35, 36, 44, 43, 51, 50, 58, 57, 49, 41, 40, 32, 24, 16, 8, 9, 1, 0]
[00:00:00:00:954] ! Unidirectional t-s. expansions: 291, time: 954 [ms], path length: 46 [edges], generated: 2,411
[00:00:00:05:565] Path of length 46 found: [0, 1, 9, 10, 18, 17, 16, 24, 32, 40, 41, 49, 57, 58, 50, 51, 43, 44, 36, 35, 34, 26, 27, 19, 20, 12, 11, 3, 4, 5, 6, 7, 15, 23, 31, 39, 38, 30, 29, 37, 45, 53, 52, 60, 61, 62, 63]
[00:00:00:05:989] ! Bidirectional. expansions: 1,143, time: 5,565 [ms], path length: 46 [edges], g_F: 28, g_B: 18, generated: {'F': 5,376, 'B': 3,904}, MM: 10, MMPER: 20.27659574468085%
[00:00:00:05:989] 
---------- SM_Grids/8x8_grid_with_random_blocks_20per_4 ----------
[00:00:00:53:030] Path of length 44 found: [0, 8, 16, 24, 32, 40, 48, 49, 57, 58, 59, 51, 43, 44, 36, 28, 20, 19, 27, 26, 34, 33, 25, 17, 18, 10, 9, 1, 2, 3, 4, 5, 6, 7, 15, 23, 22, 21, 29, 37, 45, 46, 54, 62, 63]
[00:00:00:53:031] ! Unidirectional s-t. expansions: 24,777, time: 53,030 [ms], path length: 44 [edges], generated: 176,505
[00:00:00:16:068] Path of length 44 found: [63, 55, 54, 46, 38, 37, 45, 44, 43, 51, 59, 58, 57, 49, 48, 40, 32, 24, 16, 8, 9, 17, 25, 33, 34, 26, 18, 10, 11, 19, 27, 28, 20, 21, 22, 23, 15, 7, 6, 5, 4, 3, 2, 1, 0]
[00:00:00:16:068] ! Unidirectional t-s. expansions: 4,960, time: 16,068 [ms], path length: 44 [edges], generated: 51,573
[00:00:02:32:481] Path of length 44 found: [0, 8, 16, 24, 25, 17, 9, 1, 2, 10, 18, 19, 11, 3, 4, 5, 6, 7, 15, 23, 22, 21, 20, 28, 27, 26, 34, 33, 32, 40, 48, 49, 57, 58, 59, 51, 43, 44, 45, 37, 38, 46, 54, 55, 63]
[00:00:02:32:931] ! Bidirectional. expansions: 43,008, time: 152,481 [ms], path length: 44 [edges], g_F: 28, g_B: 16, generated: {'F': 200,212, 'B': 127,996}, MM: 12, MMPER: 25.666666666666668%
[00:00:02:32:931] 
---------- SM_Grids/8x8_grid_with_random_blocks_20per_5 ----------
[00:00:00:04:810] Path of length 46 found: [0, 1, 9, 8, 16, 24, 32, 40, 48, 49, 57, 58, 59, 51, 50, 42, 41, 33, 25, 17, 18, 26, 34, 35, 36, 28, 20, 12, 13, 14, 15, 23, 22, 21, 29, 37, 45, 53, 61, 62, 54, 46, 38, 39, 47, 55, 63]
[00:00:00:04:810] ! Unidirectional s-t. expansions: 1,304, time: 4,810 [ms], path length: 46 [edges], generated: 13,712
[00:00:00:02:228] Path of length 46 found: [63, 55, 47, 39, 31, 23, 15, 14, 22, 21, 13, 12, 20, 28, 29, 37, 45, 46, 54, 62, 61, 53, 52, 51, 59, 58, 57, 49, 48, 40, 32, 24, 25, 33, 41, 42, 43, 35, 34, 26, 18, 17, 16, 8, 9, 1, 0]
[00:00:00:02:228] ! Unidirectional t-s. expansions: 512, time: 2,228 [ms], path length: 46 [edges], generated: 6,131
[00:00:01:25:558] Path of length 46 found: [0, 1, 9, 8, 16, 24, 32, 40, 48, 49, 57, 58, 50, 42, 41, 33, 25, 17, 18, 26, 34, 35, 43, 51, 52, 53, 61, 62, 54, 46, 38, 37, 29, 28, 20, 12, 13, 21, 22, 14, 15, 23, 31, 39, 47, 55, 63]
[00:00:01:25:973] ! Bidirectional. expansions: 18,823, time: 85,558 [ms], path length: 46 [edges], g_F: 28, g_B: 18, generated: {'F': 93,850, 'B': 66,918}, MM: 10, MMPER: 20.27659574468085%
[00:00:01:25:973] 
---------- SM_Grids/8x8_grid_with_random_blocks_20per_6 ----------
[00:00:00:01:805] Path of length 46 found: [0, 1, 9, 8, 16, 17, 18, 10, 11, 19, 27, 28, 20, 21, 13, 12, 4, 5, 6, 14, 15, 23, 31, 39, 38, 37, 36, 44, 45, 53, 52, 51, 43, 42, 50, 49, 48, 56, 57, 58, 59, 60, 61, 62, 54, 55, 63]
[00:00:00:01:805] ! Unidirectional s-t. expansions: 514, time: 1,805 [ms], path length: 46 [edges], generated: 4,438
[00:00:00:02:954] Path of length 46 found: [63, 55, 47, 39, 31, 23, 15, 14, 6, 5, 4, 12, 13, 21, 29, 37, 45, 53, 54, 62, 61, 60, 52, 51, 59, 58, 57, 56, 48, 49, 50, 42, 43, 44, 36, 28, 20, 19, 27, 26, 18, 10, 9, 17, 16, 8, 0]
[00:00:00:02:954] ! Unidirectional t-s. expansions: 1,070, time: 2,954 [ms], path length: 46 [edges], generated: 10,076
[00:00:00:21:081] Path of length 46 found: [0, 8, 16, 17, 9, 10, 18, 26, 27, 28, 36, 44, 45, 37, 29, 21, 20, 19, 11, 12, 4, 5, 13, 14, 15, 23, 31, 39, 47, 55, 54, 53, 52, 51, 43, 42, 50, 49, 48, 56, 57, 58, 59, 60, 61, 62, 63]
[00:00:00:21:491] ! Bidirectional. expansions: 5,069, time: 21,082 [ms], path length: 46 [edges], g_F: 24, g_B: 22, generated: {'F': 21,785, 'B': 16,795}, MM: 2, MMPER: 3.25531914893617%
[00:00:00:21:491] 
---------- SM_Grids/8x8_grid_with_random_blocks_20per_7 ----------
[00:00:00:04:546] Path of length 42 found: [0, 8, 16, 24, 32, 40, 41, 33, 25, 17, 9, 1, 2, 3, 11, 19, 18, 26, 34, 42, 50, 51, 43, 35, 27, 28, 20, 12, 4, 5, 6, 14, 15, 23, 31, 30, 38, 39, 47, 55, 54, 62, 63]
[00:00:00:04:546] ! Unidirectional s-t. expansions: 1,233, time: 4,546 [ms], path length: 42 [edges], generated: 11,088
[00:00:00:00:485] Path of length 42 found: [63, 62, 54, 55, 47, 39, 38, 30, 31, 23, 15, 7, 6, 5, 4, 3, 2, 1, 9, 17, 25, 33, 34, 26, 18, 19, 11, 12, 20, 28, 27, 35, 43, 51, 50, 42, 41, 40, 32, 24, 16, 8, 0]
[00:00:00:00:485] ! Unidirectional t-s. expansions: 140, time: 485 [ms], path length: 42 [edges], generated: 1,543
[00:00:00:09:546] Path of length 42 found: [0, 8, 16, 24, 25, 17, 9, 1, 2, 3, 11, 19, 18, 26, 34, 33, 32, 40, 41, 42, 50, 51, 43, 35, 27, 28, 20, 12, 4, 5, 6, 7, 15, 23, 31, 30, 38, 39, 47, 55, 54, 62, 63]
[00:00:00:09:975] ! Bidirectional. expansions: 2,237, time: 9,546 [ms], path length: 42 [edges], g_F: 24, g_B: 18, generated: {'F': 9,654, 'B': 7,100}, MM: 6, MMPER: 12.953488372093023%
[00:00:00:09:975] 
---------- SM_Grids/8x8_grid_with_random_blocks_20per_8 ----------
[00:00:00:00:257] Path of length 48 found: [0, 8, 16, 24, 32, 33, 25, 17, 9, 10, 2, 3, 11, 19, 20, 12, 4, 5, 13, 14, 6, 7, 15, 23, 22, 21, 29, 28, 27, 35, 36, 44, 52, 51, 50, 42, 41, 49, 57, 58, 59, 60, 61, 53, 45, 46, 47, 55, 63]
[00:00:00:00:257] ! Unidirectional s-t. expansions: 89, time: 257 [ms], path length: 48 [edges], generated: 734
[00:00:00:00:065] Path of length 48 found: [63, 55, 47, 46, 45, 53, 61, 60, 59, 58, 57, 49, 41, 42, 50, 51, 52, 44, 36, 35, 27, 19, 11, 12, 20, 28, 29, 21, 13, 14, 22, 23, 15, 7, 6, 5, 4, 3, 2, 10, 9, 17, 25, 33, 32, 24, 16, 8, 0]
[00:00:00:00:065] ! Unidirectional t-s. expansions: 18, time: 65 [ms], path length: 48 [edges], generated: 158
[00:00:00:00:223] Path of length 48 found: [0, 8, 16, 24, 32, 33, 25, 17, 9, 10, 2, 3, 11, 19, 20, 12, 4, 5, 13, 14, 6, 7, 15, 23, 22, 21, 29, 28, 27, 35, 36, 44, 52, 51, 50, 42, 41, 49, 57, 58, 59, 60, 61, 53, 45, 46, 47, 55, 63]
[00:00:00:00:633] ! Bidirectional. expansions: 63, time: 223 [ms], path length: 48 [edges], g_F: 29, g_B: 19, generated: {'F': 277, 'B': 171}, MM: 10, MMPER: 19.408163265306122%
[00:00:00:00:633] 
---------- SM_Grids/8x8_grid_with_random_blocks_20per_9 ----------
[00:00:00:00:061] Path of length 36 found: [0, 8, 9, 1, 2, 10, 18, 26, 34, 35, 27, 28, 36, 44, 45, 37, 29, 21, 13, 5, 6, 7, 15, 14, 22, 23, 31, 30, 38, 39, 47, 55, 54, 53, 61, 62, 63]
[00:00:00:00:062] ! Unidirectional s-t. expansions: 13, time: 61 [ms], path length: 36 [edges], generated: 127
[00:00:00:00:202] Path of length 36 found: [63, 62, 61, 53, 54, 55, 47, 39, 31, 23, 15, 7, 6, 5, 13, 14, 22, 21, 29, 30, 38, 37, 45, 44, 36, 28, 27, 35, 34, 26, 18, 10, 2, 1, 9, 8, 0]
[00:00:00:00:202] ! Unidirectional t-s. expansions: 46, time: 202 [ms], path length: 36 [edges], generated: 518
[00:00:00:00:310] Path of length 36 found: [0, 8, 9, 1, 2, 10, 18, 26, 34, 35, 27, 28, 36, 44, 45, 37, 38, 30, 29, 21, 22, 14, 13, 5, 6, 7, 15, 23, 31, 39, 47, 55, 54, 53, 61, 62, 63]
[00:00:00:00:718] ! Bidirectional. expansions: 58, time: 310 [ms], path length: 36 [edges], g_F: 19, g_B: 17, generated: {'F': 293, 'B': 208}, MM: 2, MMPER: 4.405405405405405%
[00:00:00:00:718] average expansions: (3,634, 868, 8,143, 0)
[00:00:00:00:718] average time: (9,171, 2,825, 32,077, 0)
[00:00:00:00:718] XIDA: 868 , 2,825 (expansions , time[ms])
[00:00:00:00:718] BiXIDA: 8,143 , 32,077 (expansions , time[ms])

