--------------------------
date: SM_Grids
number_of_graphs: 10
graph_type: grid
size_of_graphs: [7, 8]
heuristic: bcc_heuristic
snake: False
run_uni: True
run_bi: True
run_multi: False
solution_vertices: []
algorithms: ['IDA']
lookahead: 3
bsd: False
cube_first_dims: 4
cube_buffer_dim: None
backward_sym_generation: False
sym_coil: False
prefix_set: None

---------- SM_Grids/7x8_grid_with_random_blocks_12per_0 ----------
[00:00:00:16:031] Path of length 47 found: [0, 1, 2, 10, 18, 17, 16, 24, 32, 40, 48, 49, 41, 33, 25, 26, 34, 42, 50, 51, 43, 44, 45, 37, 29, 21, 13, 12, 20, 28, 27, 19, 11, 3, 4, 5, 6, 7, 15, 14, 22, 23, 31, 30, 38, 46, 47, 55]
[00:00:00:16:031] ! Unidirectional s-t. expansions: 6,611, time: 16,031 [ms], path length: 47 [edges], generated: 64,160
[00:00:00:05:504] Path of length 47 found: [55, 47, 39, 31, 23, 15, 7, 6, 5, 4, 3, 11, 19, 27, 28, 20, 12, 13, 14, 22, 21, 29, 37, 38, 46, 45, 44, 43, 51, 50, 42, 34, 26, 25, 33, 41, 49, 48, 40, 32, 24, 16, 17, 18, 10, 2, 1, 0]
[00:00:00:05:504] ! Unidirectional t-s. expansions: 1,850, time: 5,504 [ms], path length: 47 [edges], generated: 19,896
[00:00:02:36:090] Path of length 47 found: [0, 1, 2, 10, 18, 17, 16, 24, 32, 40, 48, 49, 41, 33, 25, 26, 34, 42, 50, 51, 43, 44, 45, 46, 38, 37, 29, 30, 22, 14, 13, 12, 20, 28, 27, 19, 11, 3, 4, 5, 6, 7, 15, 23, 31, 39, 47, 55]
[00:00:02:36:527] ! Bidirectional. expansions: 48,451, time: 156,090 [ms], path length: 47 [edges], g_F: 29, g_B: 18, generated: {'F': 218,532, 'B': 165,980}, MM: 11, MMPER: 21.916666666666668%
[00:00:02:36:527] 
---------- SM_Grids/7x8_grid_with_random_blocks_12per_1 ----------
[00:00:00:06:414] Path of length 47 found: [0, 8, 16, 24, 32, 40, 41, 33, 25, 17, 9, 10, 2, 3, 11, 19, 18, 26, 34, 42, 50, 51, 43, 35, 27, 28, 20, 21, 13, 12, 4, 5, 6, 14, 15, 23, 22, 30, 38, 37, 36, 44, 45, 53, 54, 46, 47, 55]
[00:00:00:06:414] ! Unidirectional s-t. expansions: 1,891, time: 6,414 [ms], path length: 47 [edges], generated: 18,641
[00:00:00:00:115] Path of length 47 found: [55, 47, 39, 38, 46, 54, 53, 45, 37, 36, 44, 43, 51, 50, 42, 34, 35, 27, 28, 20, 12, 13, 21, 22, 23, 15, 14, 6, 5, 4, 3, 2, 10, 11, 19, 18, 26, 25, 33, 41, 40, 32, 24, 16, 17, 9, 8, 0]
[00:00:00:00:115] ! Unidirectional t-s. expansions: 20, time: 115 [ms], path length: 47 [edges], generated: 239
[00:00:00:16:763] Path of length 47 found: [0, 8, 16, 24, 32, 40, 41, 33, 25, 26, 18, 17, 9, 10, 2, 3, 4, 5, 6, 14, 15, 23, 22, 21, 13, 12, 11, 19, 20, 28, 27, 35, 34, 42, 50, 51, 43, 44, 36, 37, 45, 53, 54, 46, 38, 39, 47, 55]
[00:00:00:17:146] ! Bidirectional. expansions: 3,940, time: 16,763 [ms], path length: 47 [edges], g_F: 28, g_B: 19, generated: {'F': 19,030, 'B': 15,463}, MM: 9, MMPER: 17.75%
[00:00:00:17:147] 
---------- SM_Grids/7x8_grid_with_random_blocks_12per_2 ----------
[00:00:00:12:175] Path of length 45 found: [0, 8, 16, 24, 32, 40, 48, 49, 41, 33, 34, 26, 18, 17, 9, 1, 2, 10, 11, 3, 4, 5, 13, 21, 22, 14, 6, 7, 15, 23, 31, 39, 38, 37, 29, 28, 20, 19, 27, 35, 43, 44, 52, 53, 54, 55]
[00:00:00:12:175] ! Unidirectional s-t. expansions: 3,883, time: 12,175 [ms], path length: 45 [edges], generated: 35,957
[00:00:00:01:141] Path of length 45 found: [55, 54, 53, 52, 44, 43, 35, 27, 19, 20, 28, 36, 37, 38, 39, 31, 23, 15, 7, 6, 14, 22, 21, 13, 5, 4, 3, 11, 10, 2, 1, 9, 17, 18, 26, 34, 33, 41, 49, 48, 40, 32, 24, 16, 8, 0]
[00:00:00:01:141] ! Unidirectional t-s. expansions: 289, time: 1,141 [ms], path length: 45 [edges], generated: 2,983
[00:00:00:25:549] Path of length 45 found: [0, 8, 9, 1, 2, 10, 18, 17, 16, 24, 32, 40, 48, 49, 41, 33, 34, 26, 27, 35, 43, 44, 52, 53, 45, 37, 29, 28, 20, 19, 11, 3, 4, 5, 13, 21, 22, 14, 6, 7, 15, 23, 31, 39, 47, 55]
[00:00:00:25:923] ! Bidirectional. expansions: 5,321, time: 25,549 [ms], path length: 45 [edges], g_F: 27, g_B: 18, generated: {'F': 28,117, 'B': 19,452}, MM: 9, MMPER: 18.565217391304348%
[00:00:00:25:923] 
---------- SM_Grids/7x8_grid_with_random_blocks_12per_3 ----------
[00:00:00:53:075] Path of length 45 found: [0, 8, 16, 24, 32, 33, 25, 17, 9, 1, 2, 10, 11, 3, 4, 5, 6, 14, 22, 21, 20, 19, 27, 26, 34, 42, 41, 49, 50, 51, 43, 35, 36, 44, 52, 53, 45, 37, 29, 30, 31, 39, 38, 46, 47, 55]
[00:00:00:53:076] ! Unidirectional s-t. expansions: 18,048, time: 53,075 [ms], path length: 45 [edges], generated: 189,075
[00:00:00:54:345] Valid states checked so far: 200,000, Expansions: 21,366, Global best: 46
[00:00:00:57:251] Path of length 45 found: [55, 47, 39, 31, 30, 22, 14, 6, 5, 4, 3, 2, 10, 11, 12, 20, 19, 27, 35, 43, 44, 36, 28, 29, 37, 38, 46, 45, 53, 52, 51, 50, 49, 41, 42, 34, 26, 25, 33, 32, 24, 16, 17, 9, 1, 0]
[00:00:00:57:251] ! Unidirectional t-s. expansions: 22,446, time: 57,251 [ms], path length: 45 [edges], generated: 209,552
[00:00:06:41:540] Path of length 45 found: [0, 8, 16, 24, 32, 33, 25, 17, 9, 1, 2, 10, 11, 19, 27, 26, 34, 35, 43, 42, 41, 49, 50, 51, 52, 44, 45, 46, 38, 37, 36, 28, 29, 21, 20, 12, 4, 5, 6, 14, 22, 30, 31, 39, 47, 55]
[00:00:06:41:913] ! Bidirectional. expansions: 118,919, time: 401,540 [ms], path length: 45 [edges], g_F: 26, g_B: 19, generated: {'F': 613,080, 'B': 447,038}, MM: 7, MMPER: 14.217391304347826%
[00:00:06:41:913] 
---------- SM_Grids/7x8_grid_with_random_blocks_12per_4 ----------
[00:00:00:34:357] Path of length 45 found: [0, 1, 2, 10, 9, 17, 16, 24, 25, 33, 32, 40, 48, 49, 41, 42, 34, 35, 43, 51, 52, 53, 45, 37, 36, 28, 27, 19, 11, 12, 20, 21, 13, 5, 6, 7, 15, 23, 22, 30, 31, 39, 38, 46, 54, 55]
[00:00:00:34:357] ! Unidirectional s-t. expansions: 12,712, time: 34,357 [ms], path length: 45 [edges], generated: 120,525
[00:00:00:53:516] Valid states checked so far: 200,000, Expansions: 26,278, Global best: 46
[00:00:01:06:712] Path of length 45 found: [55, 47, 39, 31, 23, 15, 7, 6, 5, 4, 12, 13, 21, 22, 30, 38, 37, 45, 46, 54, 53, 52, 51, 43, 42, 50, 49, 48, 40, 32, 24, 16, 17, 25, 33, 34, 35, 27, 28, 20, 19, 11, 10, 2, 1, 0]
[00:00:01:06:713] ! Unidirectional t-s. expansions: 33,414, time: 66,712 [ms], path length: 45 [edges], generated: 249,311
[00:00:05:25:904] Path of length 45 found: [0, 1, 2, 10, 9, 17, 18, 19, 11, 12, 20, 28, 36, 35, 34, 33, 25, 24, 32, 40, 48, 49, 41, 42, 50, 51, 52, 53, 54, 46, 45, 37, 38, 30, 22, 21, 13, 5, 6, 7, 15, 23, 31, 39, 47, 55]
[00:00:05:26:297] ! Bidirectional. expansions: 90,420, time: 325,904 [ms], path length: 45 [edges], g_F: 25, g_B: 20, generated: {'F': 412,811, 'B': 304,788}, MM: 5, MMPER: 9.869565217391305%
[00:00:05:26:297] 
---------- SM_Grids/7x8_grid_with_random_blocks_12per_5 ----------
[00:00:01:02:636] Path of length 45 found: [0, 8, 16, 17, 9, 1, 2, 10, 18, 26, 25, 33, 32, 40, 48, 49, 50, 51, 52, 53, 45, 46, 38, 30, 29, 21, 13, 12, 20, 28, 36, 35, 27, 19, 11, 3, 4, 5, 6, 14, 22, 23, 31, 39, 47, 55]
[00:00:01:02:636] ! Unidirectional s-t. expansions: 17,910, time: 62,636 [ms], path length: 45 [edges], generated: 185,534
[00:00:00:15:274] Path of length 45 found: [55, 47, 39, 31, 23, 22, 14, 6, 5, 4, 3, 2, 1, 9, 10, 18, 26, 34, 35, 36, 28, 27, 19, 11, 12, 20, 21, 29, 30, 38, 46, 45, 53, 52, 51, 50, 49, 41, 40, 32, 33, 25, 17, 16, 8, 0]
[00:00:00:15:274] ! Unidirectional t-s. expansions: 5,099, time: 15,274 [ms], path length: 45 [edges], generated: 49,458
[00:00:03:37:527] Path of length 45 found: [0, 8, 16, 17, 9, 1, 2, 10, 18, 26, 27, 19, 11, 3, 4, 12, 20, 28, 36, 35, 34, 33, 32, 40, 48, 49, 50, 51, 52, 53, 45, 46, 38, 30, 29, 21, 13, 5, 6, 14, 22, 23, 31, 39, 47, 55]
[00:00:03:37:897] ! Bidirectional. expansions: 60,685, time: 217,527 [ms], path length: 45 [edges], g_F: 23, g_B: 22, generated: {'F': 284,255, 'B': 219,565}, MM: 1, MMPER: 1.1739130434782608%
[00:00:03:37:897] 
---------- SM_Grids/7x8_grid_with_random_blocks_12per_6 ----------
[00:00:00:00:070] Path of length 47 found: [0, 8, 9, 17, 18, 10, 2, 3, 11, 19, 27, 26, 34, 33, 32, 40, 48, 49, 41, 42, 50, 51, 43, 35, 36, 28, 20, 21, 29, 37, 45, 44, 52, 53, 54, 46, 38, 30, 22, 14, 6, 7, 15, 23, 31, 39, 47, 55]
[00:00:00:00:070] ! Unidirectional s-t. expansions: 16, time: 70 [ms], path length: 47 [edges], generated: 196
[00:00:00:00:134] Path of length 47 found: [55, 47, 39, 31, 23, 15, 7, 6, 14, 22, 21, 20, 28, 36, 35, 43, 44, 45, 37, 29, 30, 38, 46, 54, 53, 52, 51, 50, 42, 41, 49, 48, 40, 32, 33, 34, 26, 27, 19, 11, 3, 2, 10, 18, 17, 9, 8, 0]
[00:00:00:00:134] ! Unidirectional t-s. expansions: 31, time: 134 [ms], path length: 47 [edges], generated: 361
[00:00:00:00:105] Path of length 47 found: [0, 8, 9, 17, 18, 10, 2, 3, 11, 19, 27, 26, 34, 33, 32, 40, 48, 49, 41, 42, 50, 51, 43, 35, 36, 44, 52, 53, 54, 46, 45, 37, 38, 30, 29, 28, 20, 21, 22, 14, 6, 7, 15, 23, 31, 39, 47, 55]
[00:00:00:00:523] ! Bidirectional. expansions: 16, time: 105 [ms], path length: 47 [edges], g_F: 30, g_B: 17, generated: {'F': 98, 'B': 58}, MM: 13, MMPER: 26.083333333333332%
[00:00:00:00:523] 
---------- SM_Grids/7x8_grid_with_random_blocks_12per_7 ----------
[00:00:00:00:095] Path of length 47 found: [0, 8, 9, 1, 2, 10, 18, 17, 25, 33, 41, 49, 50, 42, 34, 26, 27, 35, 43, 51, 52, 44, 36, 28, 20, 19, 11, 3, 4, 12, 13, 5, 6, 14, 15, 23, 31, 30, 29, 37, 45, 53, 54, 46, 38, 39, 47, 55]
[00:00:00:00:095] ! Unidirectional s-t. expansions: 21, time: 95 [ms], path length: 47 [edges], generated: 251
[00:00:00:00:337] Path of length 47 found: [55, 47, 39, 31, 23, 15, 14, 6, 5, 13, 12, 4, 3, 11, 19, 20, 28, 27, 26, 34, 42, 43, 35, 36, 44, 45, 37, 29, 30, 38, 46, 54, 53, 52, 51, 50, 49, 41, 33, 25, 17, 18, 10, 2, 1, 9, 8, 0]
[00:00:00:00:337] ! Unidirectional t-s. expansions: 112, time: 337 [ms], path length: 47 [edges], generated: 1,216
[00:00:00:00:117] Path of length 47 found: [0, 8, 9, 1, 2, 10, 18, 17, 25, 33, 41, 49, 50, 42, 34, 26, 27, 35, 43, 51, 52, 44, 45, 53, 54, 46, 38, 30, 29, 37, 36, 28, 20, 19, 11, 3, 4, 12, 13, 5, 6, 14, 15, 23, 31, 39, 47, 55]
[00:00:00:00:474] ! Bidirectional. expansions: 16, time: 117 [ms], path length: 47 [edges], g_F: 27, g_B: 20, generated: {'F': 94, 'B': 73}, MM: 7, MMPER: 13.583333333333334%
[00:00:00:00:474] 
---------- SM_Grids/7x8_grid_with_random_blocks_12per_8 ----------
[00:00:00:11:346] Path of length 47 found: [0, 8, 16, 24, 32, 33, 34, 26, 18, 17, 9, 1, 2, 10, 11, 3, 4, 12, 20, 19, 27, 35, 43, 42, 50, 51, 52, 44, 36, 28, 29, 21, 13, 5, 6, 7, 15, 14, 22, 30, 31, 39, 47, 46, 45, 53, 54, 55]
[00:00:00:11:346] ! Unidirectional s-t. expansions: 3,368, time: 11,346 [ms], path length: 47 [edges], generated: 38,526
[00:00:00:32:016] Path of length 47 found: [55, 47, 39, 31, 30, 22, 14, 15, 7, 6, 5, 4, 3, 2, 10, 18, 26, 27, 19, 11, 12, 13, 21, 20, 28, 29, 37, 36, 35, 43, 44, 45, 46, 54, 53, 52, 51, 50, 42, 34, 33, 32, 24, 16, 17, 9, 1, 0]
[00:00:00:32:016] ! Unidirectional t-s. expansions: 13,599, time: 32,016 [ms], path length: 47 [edges], generated: 122,280
[00:00:03:02:494] Path of length 47 found: [0, 8, 16, 24, 32, 33, 34, 26, 18, 17, 9, 1, 2, 10, 11, 3, 4, 12, 20, 19, 27, 35, 43, 42, 50, 51, 52, 53, 54, 46, 45, 37, 36, 28, 29, 21, 13, 5, 6, 7, 15, 14, 22, 30, 31, 39, 47, 55]
[00:00:03:02:862] ! Bidirectional. expansions: 60,127, time: 182,494 [ms], path length: 47 [edges], g_F: 27, g_B: 20, generated: {'F': 286,025, 'B': 216,420}, MM: 7, MMPER: 13.583333333333334%
[00:00:03:02:863] 
---------- SM_Grids/7x8_grid_with_random_blocks_12per_9 ----------
[00:00:00:01:006] Path of length 47 found: [0, 8, 16, 24, 32, 40, 48, 49, 41, 33, 25, 17, 18, 10, 2, 3, 11, 19, 27, 26, 34, 42, 50, 51, 43, 35, 36, 28, 29, 21, 20, 12, 13, 5, 6, 7, 15, 14, 22, 23, 31, 30, 38, 39, 47, 46, 54, 55]
[00:00:00:01:006] ! Unidirectional s-t. expansions: 199, time: 1,006 [ms], path length: 47 [edges], generated: 2,341
[00:00:00:00:659] Path of length 47 found: [55, 54, 46, 47, 39, 38, 30, 31, 23, 15, 7, 6, 5, 13, 14, 22, 21, 29, 28, 20, 12, 11, 3, 2, 10, 18, 19, 27, 26, 34, 35, 36, 44, 43, 51, 50, 42, 41, 49, 48, 40, 32, 33, 25, 17, 16, 8, 0]
[00:00:00:00:659] ! Unidirectional t-s. expansions: 243, time: 659 [ms], path length: 47 [edges], generated: 2,594
[00:00:00:17:149] Path of length 47 found: [0, 8, 16, 24, 32, 40, 48, 49, 41, 33, 25, 17, 18, 10, 2, 3, 11, 12, 20, 19, 27, 26, 34, 42, 50, 51, 43, 35, 36, 28, 29, 21, 22, 14, 13, 5, 6, 7, 15, 23, 31, 30, 38, 39, 47, 46, 54, 55]
[00:00:00:17:516] ! Bidirectional. expansions: 3,583, time: 17,149 [ms], path length: 47 [edges], g_F: 26, g_B: 21, generated: {'F': 18,470, 'B': 15,042}, MM: 5, MMPER: 9.416666666666666%
[00:00:00:17:516] average expansions: (6,466, 7,710, 39,148, 0)
[00:00:00:17:517] average time: (19,720, 17,914, 134,324, 0)
[00:00:00:17:517] XIDA: 6,466 , 17,914 (expansions , time[ms])
[00:00:00:17:517] BiXIDA: 39,148 , 134,324 (expansions , time[ms])

