--------------------------
date: SM_Grids
number_of_graphs: 10
graph_type: grid
size_of_graphs: [7, 8]
heuristic: bcc_heuristic
snake: False
run_uni: True
run_bi: True
run_multi: False
solution_vertices: []
algorithms: ['IDA']
lookahead: 1
bsd: False
cube_first_dims: 4
cube_buffer_dim: None
backward_sym_generation: False
sym_coil: False
prefix_set: None

---------- SM_Grids/7x8_grid_with_random_blocks_8per_0 ----------
[00:00:01:25:593] Valid states checked so far: 200,000, Expansions: 119,240, Global best: 40
[00:00:02:41:209] Valid states checked so far: 400,000, Expansions: 243,357, Global best: 40
[00:00:04:02:513] Valid states checked so far: 600,000, Expansions: 364,803, Global best: 40
[00:00:05:20:938] Valid states checked so far: 800,000, Expansions: 487,790, Global best: 40
[00:00:06:40:971] Valid states checked so far: 1,000,000, Expansions: 610,281, Global best: 40
[00:00:07:42:364] Path of length 47 found: [0, 8, 16, 24, 32, 33, 25, 17, 9, 1, 2, 10, 18, 26, 34, 42, 50, 51, 52, 53, 45, 44, 36, 35, 27, 19, 11, 3, 4, 12, 20, 28, 29, 37, 38, 30, 22, 21, 13, 5, 6, 14, 15, 23, 31, 39, 47, 55]
[00:00:07:42:365] ! Unidirectional s-t. expansions: 703,259, time: 462,364 [ms], path length: 47 [edges], generated: 1,148,272
[00:00:01:34:567] Valid states checked so far: 200,000, Expansions: 111,380, Global best: 48
[00:00:02:59:936] Valid states checked so far: 400,000, Expansions: 223,346, Global best: 48
[00:00:04:00:505] Path of length 47 found: [55, 47, 39, 31, 23, 15, 7, 6, 5, 4, 3, 2, 10, 18, 19, 11, 12, 20, 28, 27, 35, 36, 37, 29, 21, 13, 14, 22, 30, 38, 46, 45, 44, 52, 51, 50, 42, 34, 26, 25, 33, 32, 24, 16, 17, 9, 1, 0]
[00:00:04:00:506] ! Unidirectional t-s. expansions: 307,432, time: 240,505 [ms], path length: 47 [edges], generated: 546,497
[00:01:47:16:583] Path of length 47 found: [0, 8, 16, 24, 32, 33, 34, 42, 50, 51, 52, 53, 45, 37, 38, 30, 29, 21, 22, 14, 13, 12, 20, 28, 36, 35, 27, 19, 11, 10, 18, 26, 25, 17, 9, 1, 2, 3, 4, 5, 6, 7, 15, 23, 31, 39, 47, 55]
[00:01:47:16:980] ! Bidirectional. expansions: 4,685,953, time: 6,436,583 [ms], path length: 47 [edges], g_F: 14, g_B: 33, generated: {'F': 5,617,199, 'B': 2,826,378}, MM: 19, MMPER: 38.583333333333336%
[00:01:47:16:980] 
---------- SM_Grids/7x8_grid_with_random_blocks_8per_1 ----------
[00:00:00:13:145] Path of length 49 found: [0, 1, 9, 17, 16, 24, 32, 40, 48, 49, 41, 42, 34, 33, 25, 26, 18, 19, 27, 28, 20, 12, 11, 3, 4, 5, 13, 21, 29, 30, 22, 14, 6, 7, 15, 23, 31, 39, 38, 37, 36, 44, 43, 51, 52, 53, 45, 46, 54, 55]
[00:00:00:13:146] ! Unidirectional s-t. expansions: 14,482, time: 13,146 [ms], path length: 49 [edges], generated: 25,696
[00:00:01:23:882] Path of length 49 found: [55, 47, 39, 31, 23, 15, 7, 6, 5, 4, 3, 11, 19, 18, 26, 27, 28, 20, 12, 13, 14, 22, 21, 29, 30, 38, 37, 36, 44, 45, 46, 54, 53, 52, 51, 43, 42, 34, 33, 41, 49, 48, 40, 32, 24, 16, 17, 9, 1, 0]
[00:00:01:23:883] ! Unidirectional t-s. expansions: 107,309, time: 83,882 [ms], path length: 49 [edges], generated: 180,577
[00:00:12:20:980] Path of length 49 found: [0, 1, 9, 17, 16, 24, 32, 40, 48, 49, 41, 42, 34, 33, 25, 26, 18, 19, 27, 28, 29, 37, 36, 44, 43, 51, 52, 53, 45, 46, 38, 30, 22, 14, 13, 21, 20, 12, 11, 3, 4, 5, 6, 7, 15, 23, 31, 39, 47, 55]
[00:00:12:21:372] ! Bidirectional. expansions: 518,949, time: 740,980 [ms], path length: 49 [edges], g_F: 29, g_B: 20, generated: {'F': 422,496, 'B': 498,006}, MM: 9, MMPER: 17.0%
[00:00:12:21:373] 
---------- SM_Grids/7x8_grid_with_random_blocks_8per_2 ----------
[00:00:00:39:049] Path of length 47 found: [0, 8, 16, 24, 32, 40, 41, 49, 50, 42, 34, 33, 25, 17, 9, 1, 2, 3, 11, 10, 18, 26, 27, 19, 20, 12, 13, 21, 29, 28, 36, 35, 43, 51, 52, 44, 45, 37, 38, 30, 22, 23, 31, 39, 47, 46, 54, 55]
[00:00:00:39:049] ! Unidirectional s-t. expansions: 42,128, time: 39,049 [ms], path length: 47 [edges], generated: 75,977
[00:00:01:25:029] Valid states checked so far: 200,000, Expansions: 119,243, Global best: 48
[00:00:02:07:606] Path of length 47 found: [55, 47, 39, 31, 23, 22, 21, 13, 12, 11, 3, 2, 10, 18, 26, 25, 33, 34, 42, 43, 35, 27, 19, 20, 28, 36, 44, 45, 37, 29, 30, 38, 46, 54, 53, 52, 51, 50, 49, 41, 40, 32, 24, 16, 17, 9, 1, 0]
[00:00:02:07:606] ! Unidirectional t-s. expansions: 179,476, time: 127,606 [ms], path length: 47 [edges], generated: 301,696
[00:00:40:51:998] Path of length 47 found: [0, 8, 16, 24, 32, 40, 41, 49, 50, 42, 34, 33, 25, 17, 9, 1, 2, 3, 11, 10, 18, 26, 27, 19, 20, 12, 13, 21, 29, 28, 36, 35, 43, 51, 52, 44, 45, 53, 54, 46, 38, 30, 22, 23, 31, 39, 47, 55]
[00:00:40:52:339] ! Bidirectional. expansions: 1,816,201, time: 2,451,999 [ms], path length: 47 [edges], g_F: 38, g_B: 9, generated: {'F': 2,256,438, 'B': 1,092,190}, MM: 29, MMPER: 59.416666666666664%
[00:00:40:52:339] 
---------- SM_Grids/7x8_grid_with_random_blocks_8per_3 ----------
[00:00:00:07:500] Path of length 49 found: [0, 8, 16, 24, 32, 40, 48, 49, 41, 33, 34, 42, 50, 51, 43, 35, 27, 26, 18, 17, 9, 1, 2, 10, 11, 3, 4, 12, 20, 28, 36, 44, 45, 37, 29, 21, 13, 5, 6, 7, 15, 14, 22, 23, 31, 39, 38, 46, 47, 55]
[00:00:00:07:501] ! Unidirectional s-t. expansions: 8,717, time: 7,500 [ms], path length: 49 [edges], generated: 14,979
[00:00:00:36:752] Path of length 49 found: [55, 47, 39, 31, 23, 15, 7, 6, 5, 4, 3, 2, 10, 18, 26, 27, 19, 11, 12, 13, 14, 22, 21, 20, 28, 29, 37, 38, 46, 45, 44, 36, 35, 34, 33, 41, 42, 43, 51, 50, 49, 48, 40, 32, 24, 16, 17, 9, 1, 0]
[00:00:00:36:753] ! Unidirectional t-s. expansions: 55,887, time: 36,753 [ms], path length: 49 [edges], generated: 92,378
[00:00:09:41:900] Path of length 49 found: [0, 8, 16, 24, 32, 40, 48, 49, 41, 33, 34, 42, 50, 51, 43, 44, 45, 46, 38, 37, 29, 21, 22, 14, 13, 12, 20, 28, 36, 35, 27, 19, 11, 10, 18, 17, 9, 1, 2, 3, 4, 5, 6, 7, 15, 23, 31, 39, 47, 55]
[00:00:09:42:244] ! Bidirectional. expansions: 466,460, time: 581,900 [ms], path length: 49 [edges], g_F: 16, g_B: 33, generated: {'F': 455,038, 'B': 389,079}, MM: 17, MMPER: 33.0%
[00:00:09:42:244] 
---------- SM_Grids/7x8_grid_with_random_blocks_8per_4 ----------
[00:00:00:18:967] Path of length 49 found: [0, 8, 16, 24, 32, 40, 48, 49, 41, 33, 25, 17, 9, 1, 2, 10, 11, 19, 27, 26, 34, 42, 50, 51, 43, 35, 36, 28, 20, 21, 13, 5, 6, 7, 15, 14, 22, 23, 31, 30, 29, 37, 45, 44, 52, 53, 54, 46, 47, 55]
[00:00:00:18:967] ! Unidirectional s-t. expansions: 26,458, time: 18,967 [ms], path length: 49 [edges], generated: 46,509
[00:00:00:05:464] Path of length 49 found: [55, 47, 39, 31, 23, 15, 7, 6, 5, 13, 14, 22, 30, 29, 21, 20, 19, 11, 10, 2, 1, 9, 17, 25, 33, 41, 42, 34, 26, 27, 28, 36, 35, 43, 44, 45, 46, 54, 53, 52, 51, 50, 49, 48, 40, 32, 24, 16, 8, 0]
[00:00:00:05:464] ! Unidirectional t-s. expansions: 6,189, time: 5,464 [ms], path length: 49 [edges], generated: 10,476
[00:00:05:13:587] Path of length 49 found: [0, 8, 16, 24, 32, 40, 48, 49, 41, 33, 25, 17, 9, 1, 2, 10, 11, 19, 27, 26, 34, 42, 50, 51, 43, 35, 36, 44, 52, 53, 54, 46, 45, 37, 29, 28, 20, 21, 22, 14, 13, 5, 6, 7, 15, 23, 31, 39, 47, 55]
[00:00:05:13:932] ! Bidirectional. expansions: 252,611, time: 313,587 [ms], path length: 49 [edges], g_F: 36, g_B: 13, generated: {'F': 310,341, 'B': 126,407}, MM: 23, MMPER: 45.0%
[00:00:05:13:932] 
---------- SM_Grids/7x8_grid_with_random_blocks_8per_5 ----------
[00:00:00:10:830] Path of length 49 found: [0, 8, 16, 24, 32, 40, 48, 49, 41, 33, 34, 26, 25, 17, 9, 1, 2, 10, 18, 19, 27, 28, 36, 44, 43, 51, 52, 53, 45, 37, 38, 30, 22, 21, 13, 12, 11, 3, 4, 5, 6, 14, 15, 23, 31, 39, 47, 46, 54, 55]
[00:00:00:10:830] ! Unidirectional s-t. expansions: 12,214, time: 10,830 [ms], path length: 49 [edges], generated: 20,865
[00:00:00:07:602] Path of length 49 found: [55, 47, 39, 38, 30, 31, 23, 15, 7, 6, 14, 22, 21, 13, 5, 4, 12, 11, 3, 2, 10, 18, 19, 27, 28, 36, 37, 45, 46, 54, 53, 52, 44, 43, 51, 50, 49, 48, 40, 41, 33, 34, 26, 25, 24, 16, 17, 9, 1, 0]
[00:00:00:07:602] ! Unidirectional t-s. expansions: 9,180, time: 7,602 [ms], path length: 49 [edges], generated: 15,544
[00:00:12:02:581] Path of length 49 found: [0, 8, 16, 24, 32, 40, 48, 49, 41, 33, 34, 26, 25, 17, 9, 1, 2, 3, 4, 12, 11, 10, 18, 19, 27, 28, 36, 44, 43, 51, 52, 53, 54, 46, 45, 37, 38, 30, 22, 14, 13, 5, 6, 7, 15, 23, 31, 39, 47, 55]
[00:00:12:02:925] ! Bidirectional. expansions: 412,217, time: 722,581 [ms], path length: 49 [edges], g_F: 40, g_B: 9, generated: {'F': 411,434, 'B': 336,966}, MM: 31, MMPER: 61.0%
[00:00:12:02:925] 
---------- SM_Grids/7x8_grid_with_random_blocks_8per_6 ----------
[00:00:00:23:336] Path of length 49 found: [0, 8, 16, 24, 32, 40, 48, 49, 41, 33, 25, 17, 9, 1, 2, 10, 18, 26, 34, 42, 50, 51, 43, 35, 27, 19, 11, 12, 20, 28, 36, 44, 45, 53, 54, 46, 38, 37, 29, 21, 22, 14, 6, 7, 15, 23, 31, 39, 47, 55]
[00:00:00:23:337] ! Unidirectional s-t. expansions: 30,867, time: 23,337 [ms], path length: 49 [edges], generated: 53,570
[00:00:00:10:863] Path of length 49 found: [55, 47, 39, 31, 23, 15, 7, 6, 14, 22, 21, 20, 12, 11, 10, 2, 1, 9, 17, 25, 33, 41, 42, 34, 26, 18, 19, 27, 35, 36, 28, 29, 30, 38, 46, 54, 53, 45, 44, 43, 51, 50, 49, 48, 40, 32, 24, 16, 8, 0]
[00:00:00:10:863] ! Unidirectional t-s. expansions: 13,188, time: 10,863 [ms], path length: 49 [edges], generated: 23,496
[00:00:08:33:853] Path of length 49 found: [0, 8, 16, 24, 32, 40, 48, 49, 41, 33, 25, 17, 9, 1, 2, 10, 18, 26, 34, 42, 50, 51, 43, 35, 27, 19, 11, 12, 20, 28, 36, 44, 45, 53, 54, 46, 38, 37, 29, 21, 22, 14, 6, 7, 15, 23, 31, 39, 47, 55]
[00:00:08:34:200] ! Bidirectional. expansions: 395,978, time: 513,853 [ms], path length: 49 [edges], g_F: 44, g_B: 5, generated: {'F': 454,167, 'B': 257,139}, MM: 39, MMPER: 77.0%
[00:00:08:34:200] 
---------- SM_Grids/7x8_grid_with_random_blocks_8per_7 ----------
[00:00:00:00:113] Path of length 51 found: [0, 1, 9, 17, 16, 24, 32, 40, 48, 49, 41, 33, 25, 26, 18, 10, 2, 3, 11, 19, 20, 12, 4, 5, 13, 21, 29, 28, 36, 35, 34, 42, 43, 51, 52, 53, 45, 37, 38, 30, 22, 14, 6, 7, 15, 23, 31, 39, 47, 46, 54, 55]
[00:00:00:00:113] ! Unidirectional s-t. expansions: 50, time: 113 [ms], path length: 51 [edges], generated: 82
[00:00:00:00:044] Path of length 51 found: [55, 47, 39, 31, 23, 15, 7, 6, 5, 4, 3, 2, 10, 18, 26, 25, 33, 34, 35, 36, 28, 20, 19, 11, 12, 13, 14, 22, 21, 29, 30, 38, 37, 45, 46, 54, 53, 52, 51, 43, 42, 41, 49, 48, 40, 32, 24, 16, 17, 9, 1, 0]
[00:00:00:00:045] ! Unidirectional t-s. expansions: 50, time: 45 [ms], path length: 51 [edges], generated: 82
[00:00:00:00:096] Path of length 51 found: [0, 1, 9, 17, 16, 24, 32, 40, 48, 49, 41, 42, 43, 51, 52, 53, 54, 46, 45, 37, 38, 30, 29, 21, 22, 14, 13, 12, 11, 19, 20, 28, 36, 35, 34, 33, 25, 26, 18, 10, 2, 3, 4, 5, 6, 7, 15, 23, 31, 39, 47, 55]
[00:00:00:00:431] ! Bidirectional. expansions: 50, time: 96 [ms], path length: 51 [edges], g_F: 30, g_B: 21, generated: {'F': 59, 'B': 45}, MM: 9, MMPER: 16.307692307692307%
[00:00:00:00:432] 
---------- SM_Grids/7x8_grid_with_random_blocks_8per_8 ----------
[00:00:00:00:051] Path of length 51 found: [0, 8, 16, 24, 32, 40, 48, 49, 41, 33, 25, 17, 9, 1, 2, 10, 18, 26, 27, 35, 34, 42, 43, 51, 52, 44, 45, 53, 54, 46, 38, 37, 29, 30, 22, 14, 13, 12, 20, 19, 11, 3, 4, 5, 6, 7, 15, 23, 31, 39, 47, 55]
[00:00:00:00:051] ! Unidirectional s-t. expansions: 53, time: 51 [ms], path length: 51 [edges], generated: 88
[00:00:00:00:054] Path of length 51 found: [55, 47, 39, 31, 23, 15, 7, 6, 5, 4, 3, 2, 1, 9, 17, 25, 33, 34, 35, 27, 26, 18, 10, 11, 19, 20, 12, 13, 14, 22, 30, 29, 37, 38, 46, 54, 53, 45, 44, 52, 51, 43, 42, 41, 49, 48, 40, 32, 24, 16, 8, 0]
[00:00:00:00:054] ! Unidirectional t-s. expansions: 57, time: 54 [ms], path length: 51 [edges], generated: 95
[00:00:00:00:132] Path of length 51 found: [0, 8, 16, 24, 32, 40, 48, 49, 41, 42, 43, 51, 52, 44, 45, 53, 54, 46, 38, 37, 29, 30, 22, 14, 13, 12, 20, 19, 11, 10, 18, 26, 27, 35, 34, 33, 25, 17, 9, 1, 2, 3, 4, 5, 6, 7, 15, 23, 31, 39, 47, 55]
[00:00:00:00:467] ! Bidirectional. expansions: 74, time: 132 [ms], path length: 51 [edges], g_F: 17, g_B: 34, generated: {'F': 70, 'B': 71}, MM: 17, MMPER: 31.692307692307693%
[00:00:00:00:468] 
---------- SM_Grids/7x8_grid_with_random_blocks_8per_9 ----------
[00:00:01:17:467] Path of length 49 found: [0, 1, 9, 8, 16, 24, 32, 40, 41, 49, 50, 42, 34, 33, 25, 17, 18, 10, 11, 3, 4, 12, 20, 19, 27, 35, 43, 51, 52, 44, 36, 28, 29, 30, 22, 14, 13, 5, 6, 7, 15, 23, 31, 39, 38, 37, 45, 46, 54, 55]
[00:00:01:17:467] ! Unidirectional s-t. expansions: 124,530, time: 77,467 [ms], path length: 49 [edges], generated: 199,220
[00:00:01:10:411] Path of length 49 found: [55, 54, 46, 47, 39, 31, 23, 15, 7, 6, 5, 4, 3, 11, 10, 18, 26, 25, 33, 34, 42, 43, 35, 27, 19, 20, 12, 13, 14, 22, 30, 38, 37, 29, 28, 36, 44, 52, 51, 50, 49, 41, 40, 32, 24, 16, 17, 9, 1, 0]
[00:00:01:10:411] ! Unidirectional t-s. expansions: 112,624, time: 70,411 [ms], path length: 49 [edges], generated: 179,299
[00:00:13:47:247] Path of length 49 found: [0, 1, 9, 8, 16, 24, 32, 40, 41, 49, 50, 42, 34, 35, 43, 51, 52, 44, 45, 37, 29, 28, 20, 19, 27, 26, 25, 17, 18, 10, 11, 3, 4, 12, 13, 5, 6, 7, 15, 14, 22, 23, 31, 30, 38, 39, 47, 46, 54, 55]
[00:00:13:47:594] ! Bidirectional. expansions: 609,525, time: 827,247 [ms], path length: 49 [edges], g_F: 21, g_B: 28, generated: {'F': 666,035, 'B': 427,825}, MM: 7, MMPER: 13.0%
[00:00:13:47:594] average expansions: (96,276, 79,139, 915,802, 0)
[00:00:13:47:595] average time: (65,282, 58,318, 1,258,896, 0)
[00:00:13:47:595] XIDA: 79,139 , 58,318 (expansions , time[ms])
[00:00:13:47:595] BiXIDA: 915,802 , 1,258,896 (expansions , time[ms])

