--------------------------
date: SM_Grids
number_of_graphs: 10
graph_type: grid
size_of_graphs: [9, 9]
heuristic: bcc_heuristic
snake: True
run_uni: True
run_bi: True
run_multi: False
solution_vertices: []
algorithms: ['IDA']
lookahead: 1
bsd: False
cube_first_dims: 4
cube_buffer_dim: None
backward_sym_generation: False
sym_coil: False
prefix_set: None

---------- SM_Grids/9x9_grid_with_random_blocks_12per_0 ----------
[00:00:01:38:206] Path of length 46 found: [0, 1, 2, 3, 4, 5, 6, 7, 16, 17, 26, 35, 44, 53, 52, 51, 42, 33, 24, 23, 22, 21, 20, 19, 18, 27, 36, 45, 54, 63, 72, 73, 74, 65, 56, 47, 48, 49, 58, 67, 76, 77, 78, 69, 70, 71, 80]
[00:00:01:38:206] ! Unidirectional s-t. expansions: 16,457, time: 98,206 [ms], path length: 46 [edges], generated: 29,944
[00:00:00:55:527] Path of length 46 found: [80, 71, 70, 69, 78, 77, 76, 67, 58, 49, 48, 47, 56, 65, 74, 73, 72, 63, 54, 45, 36, 27, 18, 19, 20, 21, 22, 23, 24, 33, 42, 51, 52, 53, 44, 35, 26, 17, 8, 7, 6, 5, 4, 3, 2, 1, 0]
[00:00:00:55:528] ! Unidirectional t-s. expansions: 10,045, time: 55,527 [ms], path length: 46 [edges], generated: 16,629
[00:00:02:19:269] Path of length 46 found: [0, 1, 2, 3, 4, 5, 6, 7, 8, 17, 26, 35, 44, 53, 52, 51, 42, 33, 24, 23, 22, 21, 20, 19, 18, 27, 36, 45, 54, 63, 72, 73, 74, 65, 56, 47, 48, 49, 58, 67, 76, 77, 78, 69, 70, 71, 80]
[00:00:02:19:852] ! Bidirectional. expansions: 11,500, time: 139,269 [ms], path length: 46 [edges], g_F: 36, g_B: 10, generated: {'F': 13,208, 'B': 6,642}, MM: 26, MMPER: 54.319148936170215%
[00:00:02:19:853] 
---------- SM_Grids/9x9_grid_with_random_blocks_12per_1 ----------
[00:00:01:43:928] Path of length 46 found: [0, 9, 10, 19, 20, 29, 30, 39, 40, 49, 58, 57, 56, 47, 46, 45, 54, 63, 72, 73, 74, 75, 76, 77, 68, 69, 60, 51, 42, 33, 32, 23, 22, 13, 4, 5, 6, 15, 16, 25, 26, 35, 44, 53, 62, 71, 80]
[00:00:01:43:928] ! Unidirectional s-t. expansions: 19,170, time: 103,928 [ms], path length: 46 [edges], generated: 32,191
[00:00:01:30:648] Path of length 46 found: [80, 71, 62, 61, 60, 69, 78, 77, 76, 67, 58, 57, 56, 65, 74, 73, 72, 63, 54, 45, 46, 37, 38, 29, 30, 21, 22, 23, 32, 41, 42, 43, 44, 35, 26, 17, 8, 7, 6, 5, 4, 3, 2, 11, 10, 9, 0]
[00:00:01:30:649] ! Unidirectional t-s. expansions: 16,000, time: 90,649 [ms], path length: 46 [edges], generated: 27,091
[00:00:08:39:136] Path of length 46 found: [0, 9, 10, 11, 2, 3, 4, 5, 6, 15, 16, 25, 26, 35, 44, 43, 42, 33, 32, 23, 22, 21, 30, 29, 38, 37, 46, 45, 54, 63, 72, 73, 74, 65, 56, 57, 58, 67, 76, 77, 78, 69, 60, 61, 62, 71, 80]
[00:00:08:39:704] ! Bidirectional. expansions: 51,378, time: 519,136 [ms], path length: 46 [edges], g_F: 37, g_B: 9, generated: {'F': 43,698, 'B': 38,301}, MM: 28, MMPER: 58.57446808510638%
[00:00:08:39:704] 
---------- SM_Grids/9x9_grid_with_random_blocks_12per_2 ----------
[00:00:02:09:394] Path of length 44 found: [0, 9, 18, 27, 28, 29, 20, 11, 12, 13, 22, 31, 40, 39, 48, 47, 46, 55, 64, 73, 74, 75, 66, 67, 58, 59, 50, 51, 42, 33, 24, 15, 6, 7, 8, 17, 26, 35, 44, 53, 62, 61, 70, 79, 80]
[00:00:02:09:394] ! Unidirectional s-t. expansions: 22,942, time: 129,394 [ms], path length: 44 [edges], generated: 39,568
[00:00:02:17:157] Path of length 44 found: [80, 71, 62, 53, 44, 43, 42, 33, 24, 25, 26, 17, 8, 7, 6, 5, 14, 13, 22, 31, 40, 49, 50, 59, 60, 69, 78, 77, 76, 75, 74, 73, 64, 55, 56, 47, 38, 37, 28, 19, 20, 11, 2, 1, 0]
[00:00:02:17:157] ! Unidirectional t-s. expansions: 26,402, time: 137,157 [ms], path length: 44 [edges], generated: 43,838
[00:00:09:39:305] Path of length 44 found: [0, 9, 10, 11, 20, 29, 28, 37, 46, 55, 64, 65, 74, 75, 76, 77, 78, 69, 60, 59, 58, 57, 48, 39, 40, 31, 22, 13, 14, 5, 6, 7, 8, 17, 26, 25, 24, 33, 42, 43, 44, 53, 62, 71, 80]
[00:00:09:39:825] ! Bidirectional. expansions: 52,380, time: 579,305 [ms], path length: 44 [edges], g_F: 10, g_B: 34, generated: {'F': 45,021, 'B': 45,246}, MM: 24, MMPER: 52.333333333333336%
[00:00:09:39:825] 
---------- SM_Grids/9x9_grid_with_random_blocks_12per_3 ----------
[00:00:01:00:849] Path of length 46 found: [0, 1, 10, 19, 28, 37, 46, 45, 54, 63, 72, 73, 74, 75, 76, 67, 58, 57, 48, 39, 40, 31, 22, 21, 12, 3, 4, 5, 6, 7, 8, 17, 26, 25, 24, 33, 42, 43, 44, 53, 62, 61, 60, 69, 78, 79, 80]
[00:00:01:00:850] ! Unidirectional s-t. expansions: 12,486, time: 60,850 [ms], path length: 46 [edges], generated: 21,459
[00:00:02:09:731] Path of length 46 found: [80, 79, 78, 69, 60, 61, 62, 53, 44, 35, 26, 17, 8, 7, 6, 15, 24, 33, 32, 41, 40, 39, 48, 57, 58, 67, 76, 75, 74, 73, 64, 63, 54, 45, 46, 37, 28, 19, 20, 21, 22, 13, 4, 3, 2, 1, 0]
[00:00:02:09:732] ! Unidirectional t-s. expansions: 25,050, time: 129,731 [ms], path length: 46 [edges], generated: 43,126
[00:00:06:41:575] Path of length 46 found: [0, 1, 10, 19, 20, 21, 12, 3, 4, 5, 6, 7, 8, 17, 26, 25, 24, 23, 32, 31, 40, 49, 58, 57, 56, 47, 46, 45, 54, 63, 72, 73, 74, 75, 76, 77, 68, 69, 60, 51, 42, 43, 44, 53, 62, 71, 80]
[00:00:06:42:060] ! Bidirectional. expansions: 39,959, time: 401,575 [ms], path length: 46 [edges], g_F: 5, g_B: 41, generated: {'F': 38,101, 'B': 29,129}, MM: 36, MMPER: 75.59574468085107%
[00:00:06:42:061] 
---------- SM_Grids/9x9_grid_with_random_blocks_12per_4 ----------
[00:00:00:40:964] Path of length 46 found: [0, 9, 10, 11, 2, 3, 4, 5, 6, 15, 16, 25, 26, 35, 44, 53, 62, 61, 60, 51, 42, 33, 32, 23, 22, 21, 30, 39, 38, 37, 36, 45, 54, 63, 72, 73, 74, 65, 56, 57, 58, 67, 68, 77, 78, 79, 80]
[00:00:00:40:964] ! Unidirectional s-t. expansions: 7,526, time: 40,964 [ms], path length: 46 [edges], generated: 13,659
[00:00:00:22:927] Path of length 46 found: [80, 79, 78, 77, 68, 59, 60, 51, 52, 43, 44, 35, 26, 17, 16, 15, 6, 5, 4, 3, 2, 11, 20, 21, 22, 23, 32, 41, 40, 49, 48, 57, 56, 65, 74, 73, 72, 63, 54, 45, 46, 37, 28, 27, 18, 9, 0]
[00:00:00:22:927] ! Unidirectional t-s. expansions: 4,267, time: 22,927 [ms], path length: 46 [edges], generated: 7,148
[00:00:02:36:536] Path of length 46 found: [0, 9, 10, 11, 2, 3, 4, 5, 6, 15, 16, 25, 26, 35, 44, 53, 62, 61, 60, 51, 42, 33, 32, 23, 22, 21, 30, 39, 38, 37, 36, 45, 54, 63, 72, 73, 74, 65, 56, 57, 58, 67, 68, 77, 78, 79, 80]
[00:00:02:37:022] ! Bidirectional. expansions: 15,748, time: 156,537 [ms], path length: 46 [edges], g_F: 31, g_B: 15, generated: {'F': 14,348, 'B': 12,668}, MM: 16, MMPER: 33.04255319148936%
[00:00:02:37:023] 
---------- SM_Grids/9x9_grid_with_random_blocks_12per_5 ----------
[00:00:00:16:666] Path of length 40 found: [0, 9, 18, 27, 36, 45, 46, 47, 56, 65, 66, 67, 76, 77, 78, 69, 60, 59, 50, 49, 40, 39, 30, 29, 20, 11, 2, 3, 4, 13, 22, 23, 32, 33, 42, 43, 52, 53, 62, 71, 80]
[00:00:00:16:666] ! Unidirectional s-t. expansions: 2,882, time: 16,666 [ms], path length: 40 [edges], generated: 5,140
[00:00:00:11:924] Path of length 40 found: [80, 71, 62, 53, 44, 43, 42, 33, 24, 23, 14, 13, 4, 3, 2, 11, 20, 21, 30, 31, 40, 49, 50, 59, 60, 69, 78, 77, 76, 67, 66, 57, 56, 47, 38, 37, 28, 27, 18, 9, 0]
[00:00:00:11:924] ! Unidirectional t-s. expansions: 2,158, time: 11,924 [ms], path length: 40 [edges], generated: 3,881
[00:00:01:15:165] Path of length 40 found: [0, 9, 18, 27, 36, 45, 46, 47, 56, 65, 66, 67, 76, 77, 78, 69, 60, 59, 50, 49, 40, 39, 30, 29, 20, 11, 2, 3, 4, 13, 22, 23, 32, 33, 42, 43, 52, 53, 62, 71, 80]
[00:00:01:15:642] ! Bidirectional. expansions: 6,446, time: 75,165 [ms], path length: 40 [edges], g_F: 38, g_B: 2, generated: {'F': 6,185, 'B': 5,370}, MM: 36, MMPER: 86.8048780487805%
[00:00:01:15:642] 
---------- SM_Grids/9x9_grid_with_random_blocks_12per_6 ----------
[00:00:01:03:168] Path of length 48 found: [0, 1, 10, 19, 18, 27, 36, 37, 38, 39, 48, 57, 56, 55, 54, 63, 72, 73, 74, 75, 76, 67, 68, 59, 50, 51, 42, 33, 32, 23, 22, 21, 12, 3, 4, 5, 6, 15, 16, 25, 26, 35, 44, 53, 62, 61, 70, 79, 80]
[00:00:01:03:168] ! Unidirectional s-t. expansions: 11,717, time: 63,168 [ms], path length: 48 [edges], generated: 20,025
[00:00:00:33:576] Path of length 48 found: [80, 71, 62, 53, 44, 35, 26, 17, 16, 7, 6, 5, 4, 3, 12, 21, 22, 23, 24, 33, 42, 41, 50, 59, 60, 69, 78, 77, 76, 75, 74, 73, 72, 63, 54, 55, 56, 57, 48, 39, 38, 37, 36, 27, 18, 19, 10, 1, 0]
[00:00:00:33:576] ! Unidirectional t-s. expansions: 6,585, time: 33,576 [ms], path length: 48 [edges], generated: 10,597
[00:00:03:17:627] Path of length 48 found: [0, 1, 10, 19, 18, 27, 36, 37, 38, 39, 48, 57, 56, 55, 54, 63, 72, 73, 74, 75, 76, 67, 68, 59, 50, 41, 42, 33, 24, 23, 22, 21, 12, 3, 4, 5, 6, 7, 8, 17, 26, 35, 44, 53, 62, 61, 70, 79, 80]
[00:00:03:18:113] ! Bidirectional. expansions: 18,329, time: 197,627 [ms], path length: 48 [edges], g_F: 35, g_B: 13, generated: {'F': 19,683, 'B': 11,076}, MM: 22, MMPER: 43.89795918367347%
[00:00:03:18:114] 
---------- SM_Grids/9x9_grid_with_random_blocks_12per_7 ----------
[00:00:02:06:910] Path of length 44 found: [0, 9, 18, 27, 36, 45, 54, 63, 64, 73, 74, 75, 76, 77, 68, 59, 58, 57, 56, 47, 38, 39, 40, 31, 22, 21, 20, 11, 2, 3, 4, 5, 6, 7, 16, 25, 24, 33, 42, 51, 52, 53, 62, 71, 80]
[00:00:02:06:910] ! Unidirectional s-t. expansions: 25,099, time: 126,910 [ms], path length: 44 [edges], generated: 43,393
[00:00:02:56:197] Path of length 44 found: [80, 79, 70, 61, 52, 51, 42, 33, 34, 25, 16, 7, 6, 5, 4, 3, 2, 11, 20, 21, 22, 31, 40, 39, 38, 47, 56, 57, 58, 59, 68, 77, 76, 75, 74, 73, 64, 63, 54, 45, 36, 27, 18, 9, 0]
[00:00:02:56:198] ! Unidirectional t-s. expansions: 33,010, time: 176,197 [ms], path length: 44 [edges], generated: 58,835
[00:00:12:20:235] Path of length 44 found: [0, 9, 18, 27, 36, 45, 54, 63, 64, 73, 74, 75, 76, 77, 68, 59, 58, 57, 48, 47, 38, 29, 20, 11, 2, 3, 4, 5, 6, 7, 16, 25, 24, 23, 22, 31, 40, 41, 42, 51, 52, 61, 70, 79, 80]
[00:00:12:20:724] ! Bidirectional. expansions: 79,285, time: 740,235 [ms], path length: 44 [edges], g_F: 31, g_B: 13, generated: {'F': 71,681, 'B': 66,458}, MM: 18, MMPER: 39.0%
[00:00:12:20:724] 
---------- SM_Grids/9x9_grid_with_random_blocks_12per_8 ----------
[00:00:00:20:019] Path of length 48 found: [0, 9, 18, 19, 20, 11, 2, 3, 4, 13, 22, 31, 32, 33, 24, 15, 6, 7, 8, 17, 26, 35, 44, 53, 62, 61, 60, 51, 50, 49, 48, 47, 38, 37, 36, 45, 54, 63, 72, 73, 74, 75, 66, 67, 68, 77, 78, 79, 80]
[00:00:00:20:019] ! Unidirectional s-t. expansions: 3,747, time: 20,019 [ms], path length: 48 [edges], generated: 6,097
[00:00:01:00:048] Path of length 48 found: [80, 79, 78, 77, 68, 67, 66, 75, 74, 73, 72, 63, 54, 45, 36, 37, 38, 47, 48, 49, 40, 31, 22, 23, 24, 33, 42, 51, 60, 61, 62, 53, 44, 35, 26, 17, 8, 7, 6, 5, 4, 3, 2, 11, 20, 19, 18, 9, 0]
[00:00:01:00:048] ! Unidirectional t-s. expansions: 11,699, time: 60,048 [ms], path length: 48 [edges], generated: 19,004
[00:00:03:25:566] Path of length 48 found: [0, 9, 18, 19, 20, 11, 2, 3, 4, 13, 22, 23, 24, 15, 6, 7, 8, 17, 26, 35, 44, 53, 62, 61, 60, 51, 42, 41, 40, 49, 48, 47, 38, 37, 36, 45, 54, 63, 72, 73, 74, 75, 66, 67, 68, 77, 78, 79, 80]
[00:00:03:26:059] ! Bidirectional. expansions: 20,055, time: 205,566 [ms], path length: 48 [edges], g_F: 26, g_B: 22, generated: {'F': 11,701, 'B': 20,963}, MM: 4, MMPER: 7.163265306122449%
[00:00:03:26:059] 
---------- SM_Grids/9x9_grid_with_random_blocks_12per_9 ----------
[00:00:03:37:225] Path of length 44 found: [0, 1, 2, 11, 20, 19, 18, 27, 36, 37, 46, 55, 54, 63, 72, 73, 74, 75, 76, 77, 78, 69, 60, 59, 58, 57, 48, 39, 40, 31, 22, 13, 14, 15, 16, 17, 26, 35, 34, 43, 52, 53, 62, 71, 80]
[00:00:03:37:226] ! Unidirectional s-t. expansions: 42,331, time: 217,225 [ms], path length: 44 [edges], generated: 77,178
[00:00:05:07:194] Path of length 44 found: [80, 71, 62, 53, 52, 43, 34, 35, 26, 17, 16, 15, 14, 23, 22, 31, 40, 41, 50, 59, 60, 69, 78, 77, 76, 75, 74, 73, 72, 63, 54, 55, 56, 47, 38, 37, 36, 27, 18, 19, 20, 11, 2, 1, 0]
[00:00:05:07:195] ! Unidirectional t-s. expansions: 52,644, time: 307,195 [ms], path length: 44 [edges], generated: 87,435
[00:00:16:51:239] Path of length 44 found: [0, 1, 2, 11, 20, 19, 18, 27, 36, 37, 38, 47, 56, 55, 54, 63, 72, 73, 74, 75, 76, 77, 78, 69, 60, 59, 50, 49, 40, 31, 22, 13, 14, 15, 16, 17, 26, 35, 34, 43, 52, 53, 62, 71, 80]
[00:00:16:51:761] ! Bidirectional. expansions: 88,329, time: 1,011,240 [ms], path length: 44 [edges], g_F: 21, g_B: 23, generated: {'F': 76,471, 'B': 76,239}, MM: 2, MMPER: 3.4444444444444446%
[00:00:16:51:761] average expansions: (16,436, 18,786, 38,341, 0)
[00:00:16:51:761] average time: (87,733, 102,493, 402,566, 0)
[00:00:16:51:761] XIDA: 16,436 , 87,733 (expansions , time[ms])
[00:00:16:51:761] BiXIDA: 38,341 , 402,566 (expansions , time[ms])

