--------------------------
date: mazes
number_of_graphs: 10
graph_type: maze
size_of_graphs: [13, 13]
heuristic: bcc_heuristic
snake: False
run_uni: True
run_bi: True
run_multi: False
solution_vertices: []
algorithms: ['IDA']
lookahead: 2
bsd: False
cube_first_dims: 4
cube_buffer_dim: None
backward_sym_generation: False
sym_coil: False
prefix_set: None

---------- mazes/13x13_maze_with_1_open_diamonds_0 ----------
[00:00:03:50:341] Valid states checked so far: 200,000, Expansions: 60,051, Global best: 0
[00:00:06:00:019] Path of length 92 found: [0, 1, 2, 3, 4, 17, 30, 31, 32, 19, 6, 7, 8, 9, 10, 11, 12, 25, 38, 37, 36, 49, 62, 61, 60, 59, 58, 57, 56, 55, 54, 41, 28, 27, 26, 39, 52, 65, 78, 79, 80, 81, 82, 83, 84, 85, 86, 87, 88, 89, 90, 103, 116, 115, 114, 113, 112, 111, 110, 109, 108, 107, 106, 105, 118, 131, 130, 143, 156, 157, 158, 159, 146, 145, 132, 119, 120, 133, 134, 135, 136, 137, 150, 163, 164, 165, 152, 139, 140, 141, 142, 155, 168]
[00:00:06:00:020] ! Unidirectional s-t. expansions: 93,935, time: 360,020 [ms], path length: 92 [edges], generated: 314,984
[00:00:03:59:762] Valid states checked so far: 200,000, Expansions: 59,945, Global best: 61
[00:00:07:50:885] Valid states checked so far: 400,000, Expansions: 121,676, Global best: 61
[00:00:11:40:977] Valid states checked so far: 600,000, Expansions: 183,589, Global best: 61
[00:00:15:27:088] Valid states checked so far: 800,000, Expansions: 245,218, Global best: 61
[00:00:19:09:665] Valid states checked so far: 1,000,000, Expansions: 305,809, Global best: 61
[00:00:22:44:291] Valid states checked so far: 1,200,000, Expansions: 365,970, Global best: 61
[00:00:24:07:589] Path of length 92 found: [168, 155, 142, 141, 140, 139, 152, 165, 164, 163, 150, 137, 136, 135, 134, 133, 120, 119, 132, 145, 146, 159, 158, 157, 156, 143, 130, 131, 118, 105, 106, 107, 108, 109, 110, 111, 112, 113, 114, 115, 116, 103, 90, 89, 88, 87, 86, 85, 84, 83, 82, 81, 80, 79, 78, 65, 52, 39, 26, 27, 28, 41, 54, 55, 56, 57, 58, 59, 60, 61, 62, 63, 64, 51, 38, 25, 12, 11, 10, 9, 8, 7, 6, 19, 32, 31, 30, 17, 4, 3, 2, 1, 0]
[00:00:24:07:589] ! Unidirectional t-s. expansions: 388,116, time: 1,447,589 [ms], path length: 92 [edges], generated: 1,270,400
[00:00:02:33:991] Path of length 92 found: [0, 1, 2, 3, 4, 17, 30, 31, 32, 19, 6, 7, 8, 9, 10, 11, 12, 25, 38, 37, 36, 49, 62, 61, 60, 59, 58, 57, 56, 55, 54, 41, 28, 27, 26, 39, 52, 65, 78, 79, 80, 81, 82, 83, 84, 85, 86, 87, 88, 89, 90, 103, 116, 115, 114, 113, 112, 111, 110, 109, 108, 107, 106, 105, 118, 131, 130, 143, 156, 157, 158, 159, 146, 145, 132, 119, 120, 133, 134, 135, 136, 137, 150, 163, 164, 165, 152, 139, 140, 141, 142, 155, 168]
[00:00:02:33:992] ! Bidirectional. expansions: 63,942, time: 153,991 [ms], path length: 92 [edges], g_F: 46, g_B: 46, generated: {'F': 97,547, 'B': 106,731}, MM: 0, MMPER: -1.0%
[00:00:02:33:992] 
---------- mazes/13x13_maze_with_1_open_diamonds_1 ----------
[00:00:04:32:244] Valid states checked so far: 200,000, Expansions: 57,667, Global best: 0
[00:00:08:51:135] Valid states checked so far: 400,000, Expansions: 120,728, Global best: 0
[00:00:11:20:679] Path of length 90 found: [0, 13, 26, 39, 52, 53, 54, 41, 28, 15, 2, 3, 4, 17, 16, 29, 30, 43, 42, 55, 56, 57, 58, 45, 32, 19, 6, 7, 8, 9, 10, 11, 12, 25, 38, 37, 36, 49, 62, 61, 74, 87, 88, 89, 90, 103, 116, 115, 114, 113, 112, 99, 86, 85, 84, 83, 82, 81, 80, 79, 92, 105, 106, 107, 108, 109, 122, 135, 134, 133, 132, 131, 130, 143, 156, 157, 158, 159, 160, 161, 162, 163, 164, 165, 152, 139, 140, 141, 142, 155, 168]
[00:00:11:20:680] ! Unidirectional s-t. expansions: 158,823, time: 680,679 [ms], path length: 90 [edges], generated: 517,147
[00:00:00:12:780] Path of length 90 found: [168, 155, 142, 141, 140, 139, 152, 165, 164, 163, 162, 161, 160, 159, 158, 157, 156, 143, 130, 131, 132, 133, 134, 135, 122, 109, 108, 107, 106, 105, 92, 79, 80, 81, 82, 83, 84, 85, 86, 99, 112, 113, 114, 115, 116, 103, 90, 89, 88, 87, 74, 61, 62, 63, 64, 51, 38, 25, 12, 11, 10, 9, 8, 7, 6, 19, 32, 45, 58, 57, 56, 43, 30, 17, 4, 3, 2, 15, 16, 29, 28, 41, 42, 55, 54, 53, 52, 39, 26, 13, 0]
[00:00:00:12:780] ! Unidirectional t-s. expansions: 3,295, time: 12,780 [ms], path length: 90 [edges], generated: 12,722
[00:00:03:50:909] Path of length 90 found: [0, 13, 26, 39, 52, 53, 54, 41, 28, 15, 2, 3, 4, 17, 16, 29, 30, 43, 42, 55, 56, 57, 58, 45, 32, 19, 6, 7, 8, 9, 10, 11, 12, 25, 38, 37, 36, 49, 62, 61, 74, 87, 88, 89, 90, 103, 116, 115, 114, 113, 112, 99, 86, 85, 84, 83, 82, 81, 80, 79, 92, 105, 106, 107, 108, 109, 122, 135, 134, 133, 132, 131, 130, 143, 156, 157, 158, 159, 160, 161, 162, 163, 164, 165, 152, 139, 140, 141, 142, 155, 168]
[00:00:03:50:910] ! Bidirectional. expansions: 98,195, time: 230,910 [ms], path length: 90 [edges], g_F: 45, g_B: 45, generated: {'F': 151,802, 'B': 111,570}, MM: 0, MMPER: -1.0%
[00:00:03:50:910] 
---------- mazes/13x13_maze_with_1_open_diamonds_2 ----------
[00:00:03:33:776] Valid states checked so far: 200,000, Expansions: 54,942, Global best: 0
[00:00:03:34:225] Path of length 92 found: [0, 1, 2, 3, 4, 17, 30, 43, 56, 55, 54, 41, 28, 27, 26, 39, 52, 65, 78, 79, 80, 81, 82, 83, 70, 57, 58, 45, 32, 19, 6, 7, 8, 9, 10, 11, 12, 25, 38, 37, 36, 49, 62, 61, 60, 59, 72, 71, 84, 85, 98, 99, 86, 87, 88, 89, 90, 103, 116, 115, 114, 113, 112, 111, 110, 97, 96, 109, 122, 135, 134, 133, 132, 131, 130, 143, 156, 157, 158, 159, 160, 161, 162, 163, 164, 165, 152, 139, 140, 141, 142, 155, 168]
[00:00:03:34:226] ! Unidirectional s-t. expansions: 55,034, time: 214,225 [ms], path length: 92 [edges], generated: 200,355
[00:00:03:20:608] Valid states checked so far: 200,000, Expansions: 59,226, Global best: 81
[00:00:03:44:911] Path of length 92 found: [168, 155, 142, 141, 140, 139, 152, 165, 164, 163, 162, 161, 160, 159, 158, 157, 156, 143, 130, 131, 132, 133, 134, 135, 122, 109, 108, 107, 106, 105, 92, 79, 78, 65, 52, 39, 26, 27, 28, 41, 54, 55, 56, 57, 70, 83, 96, 97, 110, 111, 98, 99, 112, 113, 114, 115, 116, 103, 90, 89, 88, 87, 86, 85, 84, 71, 72, 59, 60, 61, 62, 63, 64, 51, 38, 25, 12, 11, 10, 9, 8, 7, 6, 19, 32, 31, 30, 17, 4, 3, 2, 1, 0]
[00:00:03:44:912] ! Unidirectional t-s. expansions: 67,038, time: 224,911 [ms], path length: 92 [edges], generated: 226,049
[00:00:00:18:569] Path of length 92 found: [0, 1, 2, 3, 4, 17, 30, 31, 32, 19, 6, 7, 8, 9, 10, 11, 12, 25, 38, 37, 36, 49, 62, 61, 60, 59, 58, 71, 72, 85, 98, 99, 86, 87, 88, 89, 90, 103, 116, 115, 114, 113, 112, 111, 110, 97, 84, 83, 70, 57, 56, 55, 54, 41, 28, 27, 26, 39, 52, 65, 78, 79, 92, 105, 106, 107, 108, 109, 122, 135, 134, 133, 132, 131, 130, 143, 156, 157, 158, 159, 160, 161, 162, 163, 164, 165, 152, 139, 140, 141, 142, 155, 168]
[00:00:00:18:570] ! Bidirectional. expansions: 8,961, time: 18,569 [ms], path length: 92 [edges], g_F: 46, g_B: 46, generated: {'F': 15,146, 'B': 13,770}, MM: 0, MMPER: -1.0%
[00:00:00:18:570] 
---------- mazes/13x13_maze_with_1_open_diamonds_3 ----------
[00:00:02:23:175] Path of length 90 found: [0, 1, 2, 3, 4, 17, 30, 43, 56, 55, 54, 41, 28, 27, 26, 39, 52, 65, 78, 79, 80, 81, 82, 83, 84, 71, 58, 45, 32, 19, 6, 7, 8, 9, 10, 11, 12, 25, 38, 37, 36, 49, 62, 61, 74, 87, 86, 85, 98, 99, 100, 101, 88, 89, 90, 103, 102, 115, 116, 129, 142, 141, 140, 139, 126, 113, 112, 111, 110, 109, 122, 135, 134, 133, 132, 131, 130, 143, 156, 157, 158, 159, 160, 161, 162, 163, 164, 165, 166, 167, 168]
[00:00:02:23:175] ! Unidirectional s-t. expansions: 37,387, time: 143,175 [ms], path length: 90 [edges], generated: 138,518
[00:00:03:59:323] Valid states checked so far: 200,000, Expansions: 62,498, Global best: 59
[00:00:07:33:903] Valid states checked so far: 400,000, Expansions: 122,856, Global best: 59
[00:00:10:15:944] Path of length 90 found: [168, 167, 166, 165, 164, 163, 162, 161, 160, 159, 158, 157, 156, 143, 130, 131, 132, 133, 134, 135, 122, 109, 108, 107, 106, 105, 92, 79, 78, 65, 52, 39, 26, 27, 28, 41, 54, 55, 56, 57, 58, 71, 84, 85, 98, 111, 112, 113, 126, 139, 140, 141, 142, 129, 116, 103, 90, 89, 102, 115, 114, 101, 100, 99, 86, 87, 74, 61, 62, 63, 64, 51, 38, 25, 12, 11, 10, 9, 8, 7, 6, 19, 32, 31, 30, 17, 4, 3, 2, 1, 0]
[00:00:10:15:945] ! Unidirectional t-s. expansions: 169,711, time: 615,944 [ms], path length: 90 [edges], generated: 555,949
[00:00:03:15:653] Path of length 90 found: [0, 1, 2, 3, 4, 17, 30, 43, 56, 55, 54, 41, 28, 27, 26, 39, 52, 65, 78, 79, 80, 81, 82, 83, 84, 71, 58, 45, 32, 19, 6, 7, 8, 9, 10, 11, 12, 25, 38, 37, 36, 49, 62, 61, 74, 87, 88, 101, 114, 115, 102, 89, 90, 103, 116, 129, 142, 141, 140, 139, 126, 113, 112, 99, 86, 85, 98, 111, 110, 109, 122, 135, 134, 133, 132, 131, 130, 143, 156, 157, 158, 159, 160, 161, 162, 163, 164, 165, 166, 167, 168]
[00:00:03:15:654] ! Bidirectional. expansions: 78,498, time: 195,654 [ms], path length: 90 [edges], g_F: 45, g_B: 45, generated: {'F': 110,910, 'B': 121,041}, MM: 0, MMPER: -1.0%
[00:00:03:15:654] 
---------- mazes/13x13_maze_with_1_open_diamonds_4 ----------
[00:00:03:44:385] Valid states checked so far: 200,000, Expansions: 52,105, Global best: 0
[00:00:06:44:922] Path of length 92 found: [0, 1, 2, 3, 4, 17, 30, 43, 56, 55, 54, 41, 28, 27, 26, 39, 52, 65, 78, 79, 80, 81, 82, 95, 108, 107, 106, 119, 132, 131, 130, 143, 156, 157, 158, 159, 160, 161, 162, 163, 150, 137, 136, 135, 134, 133, 120, 121, 122, 109, 110, 111, 112, 99, 86, 85, 84, 71, 58, 45, 32, 19, 6, 7, 8, 9, 10, 11, 12, 25, 38, 37, 36, 49, 62, 61, 74, 87, 88, 89, 90, 103, 116, 129, 142, 141, 140, 139, 152, 165, 166, 167, 168]
[00:00:06:44:926] ! Unidirectional s-t. expansions: 91,087, time: 404,924 [ms], path length: 92 [edges], generated: 346,346
[00:00:04:48:961] Valid states checked so far: 200,000, Expansions: 58,863, Global best: 61
[00:00:09:10:076] Valid states checked so far: 400,000, Expansions: 118,198, Global best: 61
[00:00:13:21:176] Valid states checked so far: 600,000, Expansions: 176,711, Global best: 61
[00:00:17:32:032] Valid states checked so far: 800,000, Expansions: 235,411, Global best: 81
[00:00:19:25:444] Path of length 92 found: [168, 167, 166, 165, 152, 139, 140, 141, 142, 129, 116, 103, 90, 89, 88, 87, 74, 61, 62, 63, 64, 51, 38, 25, 12, 11, 10, 9, 8, 7, 6, 19, 32, 45, 58, 71, 84, 85, 86, 99, 112, 111, 110, 109, 122, 123, 136, 137, 150, 163, 162, 161, 160, 159, 158, 157, 156, 143, 130, 131, 132, 119, 106, 107, 120, 133, 134, 121, 108, 95, 82, 81, 80, 79, 78, 65, 52, 39, 26, 27, 28, 41, 54, 55, 56, 43, 30, 17, 4, 3, 2, 1, 0]
[00:00:19:25:445] ! Unidirectional t-s. expansions: 263,401, time: 1,165,444 [ms], path length: 92 [edges], generated: 894,723
[00:00:02:20:678] Path of length 92 found: [0, 1, 2, 3, 4, 17, 30, 43, 56, 55, 54, 41, 28, 27, 26, 39, 52, 65, 78, 79, 80, 81, 82, 95, 108, 107, 106, 119, 132, 131, 130, 143, 156, 157, 158, 159, 160, 161, 162, 163, 150, 137, 136, 135, 134, 133, 120, 121, 122, 109, 110, 111, 112, 99, 86, 85, 84, 71, 58, 45, 32, 19, 6, 7, 8, 9, 10, 11, 12, 25, 38, 51, 64, 63, 62, 61, 74, 87, 88, 89, 90, 103, 116, 129, 142, 141, 140, 139, 152, 165, 166, 167, 168]
[00:00:02:20:679] ! Bidirectional. expansions: 58,413, time: 140,678 [ms], path length: 92 [edges], g_F: 46, g_B: 46, generated: {'F': 88,645, 'B': 93,237}, MM: 0, MMPER: -1.0%
[00:00:02:20:679] 
---------- mazes/13x13_maze_with_1_open_diamonds_5 ----------
[00:00:03:53:060] Valid states checked so far: 200,000, Expansions: 56,549, Global best: 0
[00:00:06:48:385] Path of length 92 found: [0, 1, 2, 3, 4, 17, 30, 43, 56, 55, 54, 41, 28, 27, 26, 39, 52, 65, 78, 79, 80, 81, 94, 107, 106, 105, 118, 131, 130, 143, 156, 157, 158, 159, 160, 161, 162, 163, 150, 137, 136, 135, 134, 133, 132, 119, 120, 121, 108, 109, 110, 111, 112, 99, 86, 85, 84, 71, 58, 45, 32, 19, 6, 7, 8, 9, 10, 11, 12, 25, 38, 37, 36, 49, 62, 61, 74, 87, 88, 89, 90, 103, 116, 129, 142, 141, 140, 139, 152, 165, 166, 167, 168]
[00:00:06:48:386] ! Unidirectional s-t. expansions: 103,629, time: 408,385 [ms], path length: 92 [edges], generated: 364,742
[00:00:03:49:790] Valid states checked so far: 200,000, Expansions: 60,328, Global best: 61
[00:00:07:32:008] Valid states checked so far: 400,000, Expansions: 120,604, Global best: 61
[00:00:11:10:743] Valid states checked so far: 600,000, Expansions: 180,806, Global best: 61
[00:00:14:39:495] Path of length 92 found: [168, 167, 166, 165, 152, 139, 140, 141, 142, 129, 116, 103, 90, 89, 88, 87, 74, 61, 62, 63, 64, 51, 38, 25, 12, 11, 10, 9, 8, 7, 6, 19, 32, 45, 58, 71, 84, 85, 86, 99, 112, 111, 110, 109, 108, 121, 122, 135, 136, 137, 150, 163, 162, 161, 160, 159, 158, 157, 156, 143, 130, 131, 118, 105, 106, 119, 132, 133, 120, 107, 94, 81, 80, 79, 78, 65, 52, 39, 26, 27, 28, 41, 54, 55, 56, 43, 30, 17, 4, 3, 2, 1, 0]
[00:00:14:39:495] ! Unidirectional t-s. expansions: 238,843, time: 879,495 [ms], path length: 92 [edges], generated: 795,097
[00:00:02:08:744] Path of length 92 found: [0, 1, 2, 3, 4, 17, 30, 43, 56, 55, 54, 41, 28, 27, 26, 39, 52, 65, 78, 79, 80, 81, 94, 107, 106, 105, 118, 119, 120, 133, 132, 131, 130, 143, 156, 157, 158, 159, 160, 161, 162, 163, 150, 137, 136, 135, 122, 121, 108, 109, 110, 111, 112, 99, 86, 85, 84, 71, 58, 45, 32, 19, 6, 7, 8, 9, 10, 11, 12, 25, 38, 51, 64, 63, 62, 61, 74, 87, 88, 89, 90, 103, 116, 129, 142, 141, 140, 139, 152, 165, 166, 167, 168]
[00:00:02:08:745] ! Bidirectional. expansions: 56,222, time: 128,744 [ms], path length: 92 [edges], g_F: 46, g_B: 46, generated: {'F': 88,625, 'B': 88,962}, MM: 0, MMPER: -1.0%
[00:00:02:08:746] 
---------- mazes/13x13_maze_with_1_open_diamonds_6 ----------
[00:00:02:33:288] Path of length 92 found: [0, 1, 2, 3, 4, 17, 30, 43, 56, 55, 54, 41, 28, 27, 26, 39, 52, 65, 78, 79, 80, 81, 82, 83, 84, 71, 58, 45, 32, 19, 6, 7, 8, 9, 10, 11, 12, 25, 38, 51, 64, 63, 62, 49, 36, 35, 34, 47, 60, 59, 72, 85, 86, 73, 74, 87, 88, 89, 90, 103, 116, 115, 114, 113, 112, 111, 110, 109, 122, 135, 134, 133, 132, 131, 130, 143, 156, 157, 158, 159, 160, 161, 162, 163, 164, 165, 152, 139, 140, 141, 142, 155, 168]
[00:00:02:33:288] ! Unidirectional s-t. expansions: 37,709, time: 153,288 [ms], path length: 92 [edges], generated: 138,586
[00:00:00:58:677] Path of length 92 found: [168, 155, 142, 141, 140, 139, 152, 165, 164, 163, 162, 161, 160, 159, 158, 157, 156, 143, 130, 131, 132, 133, 134, 135, 122, 109, 108, 107, 106, 105, 92, 79, 78, 65, 52, 39, 26, 27, 28, 41, 54, 55, 56, 57, 58, 71, 84, 85, 72, 73, 86, 99, 112, 113, 114, 115, 116, 103, 90, 89, 88, 87, 74, 61, 60, 47, 34, 35, 36, 49, 62, 63, 64, 51, 38, 25, 12, 11, 10, 9, 8, 7, 6, 19, 32, 31, 30, 17, 4, 3, 2, 1, 0]
[00:00:00:58:678] ! Unidirectional t-s. expansions: 17,094, time: 58,677 [ms], path length: 92 [edges], generated: 61,763
[00:00:00:08:952] Path of length 92 found: [0, 1, 2, 3, 4, 17, 30, 43, 56, 55, 54, 41, 28, 27, 26, 39, 52, 65, 78, 79, 80, 81, 82, 83, 84, 71, 58, 45, 32, 19, 6, 7, 8, 9, 10, 11, 12, 25, 38, 51, 64, 63, 62, 49, 36, 35, 34, 47, 60, 59, 72, 85, 86, 87, 74, 75, 88, 89, 90, 103, 116, 115, 114, 113, 112, 111, 110, 109, 122, 135, 134, 133, 132, 131, 130, 143, 156, 157, 158, 159, 160, 161, 162, 163, 164, 165, 152, 139, 140, 141, 142, 155, 168]
[00:00:00:08:953] ! Bidirectional. expansions: 4,513, time: 8,952 [ms], path length: 92 [edges], g_F: 46, g_B: 46, generated: {'F': 7,375, 'B': 6,317}, MM: 0, MMPER: -1.0%
[00:00:00:08:953] 
---------- mazes/13x13_maze_with_1_open_diamonds_7 ----------
[00:00:03:34:564] Path of length 94 found: [0, 1, 2, 3, 4, 17, 30, 31, 32, 19, 6, 7, 20, 21, 8, 9, 10, 11, 12, 25, 38, 51, 64, 63, 62, 49, 36, 35, 34, 33, 46, 47, 60, 61, 74, 87, 88, 89, 90, 103, 116, 115, 114, 113, 112, 99, 86, 85, 84, 71, 58, 57, 56, 55, 54, 41, 28, 27, 26, 39, 52, 65, 78, 79, 92, 105, 106, 107, 108, 109, 122, 135, 134, 133, 132, 131, 130, 143, 156, 157, 158, 159, 160, 161, 162, 163, 164, 165, 152, 139, 140, 141, 142, 155, 168]
[00:00:03:34:565] ! Unidirectional s-t. expansions: 52,600, time: 214,564 [ms], path length: 94 [edges], generated: 176,412
[00:00:00:11:272] Path of length 94 found: [168, 155, 142, 141, 140, 139, 152, 165, 164, 163, 162, 161, 160, 159, 158, 157, 156, 143, 130, 131, 132, 133, 134, 135, 122, 109, 108, 107, 106, 105, 92, 79, 78, 65, 52, 39, 26, 27, 28, 41, 54, 55, 56, 57, 58, 71, 84, 85, 86, 99, 112, 113, 114, 115, 116, 103, 90, 89, 88, 87, 74, 61, 60, 59, 46, 47, 34, 35, 36, 49, 62, 63, 64, 51, 38, 25, 12, 11, 10, 9, 8, 21, 20, 7, 6, 19, 32, 31, 30, 17, 4, 3, 2, 1, 0]
[00:00:00:11:273] ! Unidirectional t-s. expansions: 3,655, time: 11,272 [ms], path length: 94 [edges], generated: 13,975
[00:00:00:23:255] Path of length 94 found: [0, 1, 2, 3, 4, 17, 30, 31, 32, 19, 6, 7, 20, 21, 8, 9, 10, 11, 12, 25, 38, 51, 64, 63, 62, 49, 36, 35, 34, 33, 46, 47, 60, 61, 74, 87, 88, 89, 90, 103, 116, 115, 114, 113, 112, 99, 86, 85, 84, 71, 58, 57, 56, 55, 54, 41, 28, 27, 26, 39, 52, 65, 78, 79, 92, 105, 106, 107, 108, 109, 122, 135, 134, 133, 132, 131, 130, 143, 156, 157, 158, 159, 160, 161, 162, 163, 164, 165, 152, 139, 140, 141, 142, 155, 168]
[00:00:00:23:256] ! Bidirectional. expansions: 10,695, time: 23,255 [ms], path length: 94 [edges], g_F: 47, g_B: 47, generated: {'F': 15,872, 'B': 12,785}, MM: 0, MMPER: -1.0%
[00:00:00:23:256] 
---------- mazes/13x13_maze_with_1_open_diamonds_8 ----------
[00:00:03:33:337] Path of length 94 found: [0, 1, 2, 3, 4, 17, 30, 31, 32, 19, 6, 7, 20, 21, 8, 9, 10, 11, 12, 25, 38, 51, 64, 63, 62, 49, 36, 35, 34, 33, 46, 47, 60, 61, 74, 87, 88, 89, 90, 103, 116, 115, 114, 113, 112, 99, 86, 85, 84, 71, 58, 57, 56, 55, 54, 41, 28, 27, 26, 39, 52, 65, 78, 79, 92, 105, 106, 107, 108, 109, 122, 135, 134, 133, 132, 131, 130, 143, 156, 157, 158, 159, 160, 161, 162, 163, 164, 165, 152, 139, 140, 141, 142, 155, 168]
[00:00:03:33:338] ! Unidirectional s-t. expansions: 52,600, time: 213,338 [ms], path length: 94 [edges], generated: 176,412
[00:00:00:11:148] Path of length 94 found: [168, 155, 142, 141, 140, 139, 152, 165, 164, 163, 162, 161, 160, 159, 158, 157, 156, 143, 130, 131, 132, 133, 134, 135, 122, 109, 108, 107, 106, 105, 92, 79, 78, 65, 52, 39, 26, 27, 28, 41, 54, 55, 56, 57, 58, 71, 84, 85, 86, 99, 112, 113, 114, 115, 116, 103, 90, 89, 88, 87, 74, 61, 60, 59, 46, 47, 34, 35, 36, 49, 62, 63, 64, 51, 38, 25, 12, 11, 10, 9, 8, 21, 20, 7, 6, 19, 32, 31, 30, 17, 4, 3, 2, 1, 0]
[00:00:00:11:148] ! Unidirectional t-s. expansions: 3,655, time: 11,148 [ms], path length: 94 [edges], generated: 13,975
[00:00:00:23:933] Path of length 94 found: [0, 1, 2, 3, 4, 17, 30, 31, 32, 19, 6, 7, 20, 21, 8, 9, 10, 11, 12, 25, 38, 51, 64, 63, 62, 49, 36, 35, 34, 33, 46, 47, 60, 61, 74, 87, 88, 89, 90, 103, 116, 115, 114, 113, 112, 99, 86, 85, 84, 71, 58, 57, 56, 55, 54, 41, 28, 27, 26, 39, 52, 65, 78, 79, 92, 105, 106, 107, 108, 109, 122, 135, 134, 133, 132, 131, 130, 143, 156, 157, 158, 159, 160, 161, 162, 163, 164, 165, 152, 139, 140, 141, 142, 155, 168]
[00:00:00:23:934] ! Bidirectional. expansions: 10,695, time: 23,933 [ms], path length: 94 [edges], g_F: 47, g_B: 47, generated: {'F': 15,872, 'B': 12,785}, MM: 0, MMPER: -1.0%
[00:00:00:23:934] 
---------- mazes/13x13_maze_with_1_open_diamonds_9 ----------
[00:00:03:18:390] Valid states checked so far: 200,000, Expansions: 50,262, Global best: 69
[00:00:05:13:426] Path of length 92 found: [0, 1, 2, 3, 4, 17, 30, 43, 56, 55, 54, 41, 28, 27, 26, 39, 52, 65, 78, 79, 92, 105, 106, 107, 108, 109, 122, 135, 134, 133, 132, 131, 130, 143, 156, 157, 158, 159, 160, 161, 162, 163, 150, 137, 136, 123, 110, 111, 124, 125, 126, 113, 112, 99, 98, 85, 84, 71, 58, 45, 32, 19, 6, 7, 8, 9, 10, 11, 12, 25, 38, 37, 36, 49, 62, 61, 74, 87, 88, 89, 90, 103, 116, 129, 142, 141, 140, 139, 152, 165, 166, 167, 168]
[00:00:05:13:427] ! Unidirectional s-t. expansions: 83,167, time: 313,426 [ms], path length: 92 [edges], generated: 320,143
[00:00:03:59:552] Valid states checked so far: 200,000, Expansions: 64,083, Global best: 61
[00:00:07:52:605] Valid states checked so far: 400,000, Expansions: 129,457, Global best: 61
[00:00:11:40:805] Valid states checked so far: 600,000, Expansions: 193,215, Global best: 61
[00:00:15:22:103] Valid states checked so far: 800,000, Expansions: 256,914, Global best: 61
[00:00:19:03:329] Valid states checked so far: 1,000,000, Expansions: 320,283, Global best: 61
[00:00:22:40:867] Valid states checked so far: 1,200,000, Expansions: 383,535, Global best: 61
[00:00:26:17:350] Valid states checked so far: 1,400,000, Expansions: 444,896, Global best: 61
[00:00:29:57:206] Valid states checked so far: 1,600,000, Expansions: 507,542, Global best: 61
[00:00:33:25:387] Valid states checked so far: 1,800,000, Expansions: 569,075, Global best: 61
[00:00:36:56:627] Valid states checked so far: 2,000,000, Expansions: 631,459, Global best: 81
[00:00:40:19:339] Valid states checked so far: 2,200,000, Expansions: 691,768, Global best: 81
[00:00:43:09:905] Path of length 92 found: [168, 167, 166, 165, 152, 139, 140, 141, 142, 129, 116, 103, 90, 89, 88, 87, 74, 61, 62, 63, 64, 51, 38, 25, 12, 11, 10, 9, 8, 7, 6, 19, 32, 45, 58, 71, 84, 85, 86, 99, 98, 111, 112, 113, 126, 125, 138, 137, 150, 163, 162, 161, 160, 159, 158, 157, 156, 143, 130, 131, 132, 133, 134, 135, 136, 123, 110, 109, 108, 107, 106, 105, 92, 79, 78, 65, 52, 39, 26, 27, 28, 41, 54, 55, 56, 43, 30, 17, 4, 3, 2, 1, 0]
[00:00:43:09:906] ! Unidirectional t-s. expansions: 739,588, time: 2,589,905 [ms], path length: 92 [edges], generated: 2,353,967
[00:00:05:42:638] Path of length 92 found: [0, 1, 2, 3, 4, 17, 30, 43, 56, 55, 54, 41, 28, 27, 26, 39, 52, 65, 78, 79, 92, 105, 106, 107, 108, 109, 122, 123, 136, 135, 134, 133, 132, 131, 130, 143, 156, 157, 158, 159, 160, 161, 162, 163, 150, 137, 124, 125, 126, 113, 112, 111, 98, 99, 86, 85, 84, 71, 58, 45, 32, 19, 6, 7, 8, 9, 10, 11, 12, 25, 38, 51, 64, 63, 62, 61, 74, 87, 88, 89, 90, 103, 116, 129, 142, 141, 140, 139, 152, 165, 166, 167, 168]
[00:00:05:42:640] ! Bidirectional. expansions: 146,222, time: 342,638 [ms], path length: 92 [edges], g_F: 46, g_B: 46, generated: {'F': 236,281, 'B': 232,401}, MM: 0, MMPER: -1.0%
[00:00:05:42:640] average expansions: (76,597, 189,440, 53,636, 0)
[00:00:05:42:640] average time: (310,602, 701,716, 126,732, 0)
[00:00:05:42:640] XIDA: 76,597 , 310,602 (expansions , time[ms])
[00:00:05:42:640] BiXIDA: 53,636 , 126,732 (expansions , time[ms])

