--------------------------
date: mazes
number_of_graphs: 10
graph_type: maze
size_of_graphs: [13, 13]
heuristic: bcc_heuristic
snake: False
run_uni: True
run_bi: True
run_multi: False
solution_vertices: []
algorithms: ['A']
lookahead: 4
bsd: False
cube_first_dims: 4
cube_buffer_dim: None
backward_sym_generation: False
sym_coil: False
prefix_set: None

---------- mazes/13x13_maze_with_1_open_diamonds_0 ----------
[00:00:00:42:891] Expansion 10,000: state None, f=97, g=35
[00:00:01:23:258] Expansion 20,000: state None, f=95, g=20
[00:00:01:57:777] Expansion 30,000: state None, f=93, g=30
[00:00:02:09:208] Path of length 92 found: [0, 1, 2, 3, 4, 17, 30, 31, 32, 19, 6, 7, 8, 9, 10, 11, 12, 25, 38, 37, 36, 49, 62, 61, 60, 59, 58, 57, 56, 55, 54, 41, 28, 27, 26, 39, 52, 65, 78, 79, 80, 81, 82, 83, 84, 85, 86, 87, 88, 89, 90, 103, 116, 115, 114, 113, 112, 111, 110, 109, 122, 135, 134, 133, 132, 119, 120, 107, 106, 105, 118, 131, 130, 143, 156, 157, 144, 145, 146, 159, 160, 161, 162, 163, 164, 165, 152, 139, 140, 141, 142, 155, 168]
[00:00:02:09:214] ! Unidirectional s-t. expansions: 31,360, time: 129,208 [ms], path length: 92 [edges], generated: 47,235
[00:00:01:04:921] Expansion 10,000: state None, f=101, g=28
[00:00:01:52:158] Expansion 20,000: state None, f=99, g=45
[00:00:02:29:744] Expansion 30,000: state None, f=98, g=33
[00:00:03:13:651] Expansion 40,000: state None, f=97, g=38
[00:00:03:47:681] Expansion 50,000: state None, f=96, g=42
[00:00:04:22:815] Expansion 60,000: state None, f=95, g=60
[00:00:04:51:757] Expansion 70,000: state None, f=95, g=23
[00:00:05:13:548] Expansion 80,000: state None, f=94, g=43
[00:00:05:42:051] Expansion 90,000: state None, f=94, g=31
[00:00:06:03:991] Expansion 100,000: state None, f=93, g=45
[00:00:06:32:752] Path of length 92 found: [168, 155, 142, 141, 140, 139, 152, 165, 164, 163, 150, 137, 136, 135, 134, 133, 146, 159, 158, 157, 156, 143, 130, 131, 144, 145, 132, 119, 118, 105, 106, 107, 108, 109, 110, 111, 112, 113, 114, 115, 116, 103, 90, 89, 88, 87, 86, 85, 84, 83, 82, 81, 80, 79, 78, 65, 52, 39, 26, 27, 28, 41, 54, 55, 56, 57, 58, 59, 60, 61, 62, 63, 64, 51, 38, 25, 12, 11, 10, 9, 8, 7, 6, 19, 32, 31, 30, 17, 4, 3, 2, 1, 0]
[00:00:06:32:756] ! Unidirectional t-s. expansions: 108,294, time: 392,752 [ms], path length: 92 [edges], generated: 154,445
[00:00:00:53:189] Path of length 92 found: [0, 1, 2, 3, 4, 17, 30, 31, 32, 19, 6, 7, 8, 9, 10, 11, 12, 25, 38, 37, 36, 49, 62, 61, 60, 59, 58, 57, 56, 55, 54, 41, 28, 27, 26, 39, 52, 65, 78, 79, 80, 81, 82, 83, 84, 85, 86, 87, 88, 89, 90, 103, 116, 115, 114, 113, 112, 111, 110, 109, 108, 107, 106, 105, 118, 119, 132, 131, 130, 143, 156, 157, 144, 145, 158, 159, 146, 133, 134, 135, 136, 137, 150, 163, 164, 165, 152, 139, 140, 141, 142, 155, 168]
[00:00:00:53:213] ! Bidirectional. expansions: 7,936, time: 53,202 [ms], path length: 92 [edges], g_F: 46, g_B: 46, generated: {'F': 32,678, 'B': 46,873}, MM: 0, MMPER: -1.0%
[00:00:00:53:217] 
---------- mazes/13x13_maze_with_1_open_diamonds_1 ----------
[00:00:01:01:938] Expansion 10,000: state None, f=98, g=40
[00:00:01:32:322] Expansion 20,000: state None, f=95, g=36
[00:00:02:00:404] Expansion 30,000: state None, f=93, g=35
[00:00:02:28:161] Expansion 40,000: state None, f=92, g=23
[00:00:02:51:165] Expansion 50,000: state None, f=91, g=30
[00:00:02:54:742] Path of length 90 found: [0, 1, 2, 15, 28, 27, 26, 39, 52, 53, 54, 41, 42, 29, 16, 3, 4, 17, 30, 43, 56, 57, 58, 45, 32, 19, 6, 7, 8, 9, 10, 11, 12, 25, 38, 37, 36, 49, 62, 61, 74, 87, 88, 89, 90, 103, 116, 115, 114, 113, 112, 99, 86, 85, 84, 83, 82, 81, 80, 79, 92, 105, 106, 107, 108, 109, 122, 135, 134, 133, 132, 131, 130, 143, 156, 157, 158, 159, 160, 161, 162, 163, 164, 165, 152, 139, 140, 141, 142, 155, 168]
[00:00:02:54:745] ! Unidirectional s-t. expansions: 51,200, time: 174,742 [ms], path length: 90 [edges], generated: 69,643
[00:00:00:03:575] Path of length 90 found: [168, 155, 142, 141, 140, 139, 152, 165, 164, 163, 162, 161, 160, 159, 158, 157, 156, 143, 130, 131, 132, 133, 134, 135, 122, 109, 108, 107, 106, 105, 92, 79, 80, 81, 82, 83, 84, 85, 86, 99, 112, 113, 114, 115, 116, 103, 90, 89, 88, 87, 74, 61, 62, 63, 64, 51, 38, 25, 12, 11, 10, 9, 8, 7, 6, 19, 32, 45, 58, 57, 56, 43, 30, 17, 4, 3, 16, 29, 42, 55, 54, 53, 52, 39, 26, 27, 28, 15, 2, 1, 0]
[00:00:00:03:577] ! Unidirectional t-s. expansions: 1,607, time: 3,575 [ms], path length: 90 [edges], generated: 2,500
[00:00:00:52:517] Path of length 90 found: [0, 1, 2, 3, 4, 17, 16, 15, 28, 27, 26, 39, 52, 53, 54, 41, 42, 29, 30, 43, 56, 57, 58, 45, 32, 19, 6, 7, 8, 9, 10, 11, 12, 25, 38, 37, 36, 49, 62, 61, 74, 87, 88, 89, 90, 103, 116, 115, 114, 113, 112, 99, 86, 85, 84, 83, 82, 81, 80, 79, 92, 105, 106, 107, 108, 109, 122, 135, 134, 133, 132, 131, 130, 143, 156, 157, 158, 159, 160, 161, 162, 163, 164, 165, 152, 139, 140, 141, 142, 155, 168]
[00:00:00:52:520] ! Bidirectional. expansions: 8,127, time: 52,517 [ms], path length: 90 [edges], g_F: 45, g_B: 45, generated: {'F': 29,879, 'B': 27,149}, MM: 0, MMPER: -1.0%
[00:00:00:52:520] 
---------- mazes/13x13_maze_with_1_open_diamonds_2 ----------
[00:00:00:26:702] Expansion 10,000: state None, f=96, g=47
[00:00:00:49:028] Expansion 20,000: state None, f=94, g=34
[00:00:01:08:947] Path of length 92 found: [0, 1, 2, 3, 4, 17, 30, 43, 56, 55, 54, 41, 28, 27, 26, 39, 52, 65, 78, 79, 80, 81, 82, 83, 70, 57, 58, 45, 32, 19, 6, 7, 8, 9, 10, 11, 12, 25, 38, 37, 36, 49, 62, 61, 60, 59, 72, 71, 84, 85, 86, 87, 88, 89, 90, 103, 116, 115, 114, 113, 112, 99, 98, 111, 110, 97, 96, 109, 122, 135, 134, 133, 132, 131, 130, 143, 156, 157, 158, 159, 160, 161, 162, 163, 164, 165, 152, 139, 140, 141, 142, 155, 168]
[00:00:01:08:954] ! Unidirectional s-t. expansions: 29,438, time: 68,950 [ms], path length: 92 [edges], generated: 44,753
[00:00:00:25:234] Expansion 10,000: state None, f=96, g=49
[00:00:00:44:179] Expansion 20,000: state None, f=94, g=44
[00:00:00:55:053] Path of length 92 found: [168, 155, 142, 141, 140, 139, 152, 165, 164, 163, 162, 161, 160, 159, 158, 157, 156, 143, 130, 131, 132, 133, 134, 135, 122, 109, 110, 111, 112, 113, 114, 115, 116, 103, 90, 89, 88, 87, 86, 99, 98, 85, 72, 59, 60, 61, 62, 63, 64, 51, 38, 25, 12, 11, 10, 9, 8, 7, 6, 19, 32, 45, 58, 57, 70, 71, 84, 97, 96, 83, 82, 81, 80, 79, 78, 65, 52, 39, 26, 27, 28, 41, 54, 55, 56, 43, 30, 17, 4, 3, 2, 1, 0]
[00:00:00:55:056] ! Unidirectional t-s. expansions: 25,254, time: 55,053 [ms], path length: 92 [edges], generated: 36,149
[00:00:00:04:967] Path of length 92 found: [0, 1, 2, 3, 4, 17, 30, 31, 32, 19, 6, 7, 8, 9, 10, 11, 12, 25, 38, 37, 36, 49, 62, 61, 60, 59, 58, 71, 72, 85, 98, 99, 86, 87, 88, 89, 90, 103, 116, 115, 114, 113, 112, 111, 110, 97, 84, 83, 70, 57, 56, 55, 54, 41, 28, 27, 26, 39, 52, 65, 78, 79, 92, 105, 106, 107, 108, 109, 122, 135, 134, 133, 132, 131, 130, 143, 156, 157, 158, 159, 160, 161, 162, 163, 164, 165, 152, 139, 140, 141, 142, 155, 168]
[00:00:00:04:979] ! Bidirectional. expansions: 1,100, time: 4,973 [ms], path length: 92 [edges], g_F: 46, g_B: 46, generated: {'F': 5,358, 'B': 5,667}, MM: 0, MMPER: -1.0%
[00:00:00:04:981] 
---------- mazes/13x13_maze_with_1_open_diamonds_3 ----------
[00:00:00:28:939] Expansion 10,000: state None, f=92, g=56
[00:00:00:50:924] Expansion 20,000: state None, f=91, g=34
[00:00:00:52:223] Path of length 90 found: [0, 1, 2, 3, 4, 17, 30, 31, 32, 19, 6, 7, 8, 9, 10, 11, 12, 25, 38, 37, 36, 49, 62, 61, 60, 59, 58, 57, 56, 55, 54, 41, 28, 27, 26, 39, 52, 65, 78, 79, 80, 81, 82, 83, 84, 85, 86, 87, 88, 89, 90, 103, 116, 129, 142, 141, 140, 139, 126, 113, 114, 115, 102, 101, 100, 99, 98, 111, 110, 109, 122, 135, 134, 133, 132, 131, 130, 143, 156, 157, 158, 159, 160, 161, 162, 163, 164, 165, 166, 167, 168]
[00:00:00:52:225] ! Unidirectional s-t. expansions: 20,438, time: 52,223 [ms], path length: 90 [edges], generated: 31,641
[00:00:00:30:429] Expansion 10,000: state None, f=98, g=58
[00:00:00:53:250] Expansion 20,000: state None, f=95, g=59
[00:00:01:12:501] Expansion 30,000: state None, f=93, g=58
[00:00:01:31:983] Expansion 40,000: state None, f=92, g=39
[00:00:01:51:855] Path of length 90 found: [168, 167, 166, 165, 164, 163, 162, 161, 160, 159, 158, 157, 156, 143, 130, 131, 132, 133, 134, 135, 122, 109, 110, 111, 98, 85, 86, 99, 112, 113, 126, 139, 140, 141, 142, 129, 116, 115, 114, 101, 102, 103, 90, 89, 88, 87, 74, 61, 62, 63, 64, 51, 38, 25, 12, 11, 10, 9, 8, 7, 6, 19, 32, 45, 58, 71, 84, 83, 82, 81, 80, 79, 78, 65, 52, 39, 26, 27, 28, 41, 54, 55, 56, 43, 30, 17, 4, 3, 2, 1, 0]
[00:00:01:51:859] ! Unidirectional t-s. expansions: 49,827, time: 111,857 [ms], path length: 90 [edges], generated: 71,852
[00:00:00:47:371] Path of length 90 found: [0, 1, 2, 3, 4, 17, 30, 43, 56, 55, 54, 41, 28, 27, 26, 39, 52, 65, 78, 79, 80, 81, 82, 83, 84, 71, 58, 45, 32, 19, 6, 7, 8, 9, 10, 11, 12, 25, 38, 37, 36, 49, 62, 61, 74, 87, 88, 101, 114, 115, 102, 89, 90, 103, 116, 129, 142, 141, 140, 139, 126, 113, 112, 99, 86, 85, 98, 111, 110, 109, 122, 135, 134, 133, 132, 131, 130, 143, 156, 157, 158, 159, 160, 161, 162, 163, 164, 165, 166, 167, 168]
[00:00:00:47:380] ! Bidirectional. expansions: 7,084, time: 47,371 [ms], path length: 90 [edges], g_F: 45, g_B: 45, generated: {'F': 27,360, 'B': 33,352}, MM: 0, MMPER: -1.0%
[00:00:00:47:380] 
---------- mazes/13x13_maze_with_1_open_diamonds_4 ----------
[00:00:00:26:905] Expansion 10,000: state None, f=97, g=59
[00:00:00:49:675] Expansion 20,000: state None, f=95, g=25
[00:00:01:08:106] Expansion 30,000: state None, f=93, g=51
[00:00:01:17:729] Path of length 92 found: [0, 1, 2, 3, 4, 17, 30, 31, 32, 19, 6, 7, 8, 9, 10, 11, 12, 25, 38, 37, 36, 49, 62, 61, 60, 59, 58, 57, 56, 55, 54, 41, 28, 27, 26, 39, 52, 65, 78, 79, 80, 81, 82, 83, 84, 85, 86, 87, 88, 89, 90, 103, 116, 115, 114, 113, 112, 111, 110, 109, 108, 107, 106, 119, 132, 131, 130, 143, 156, 157, 158, 159, 160, 147, 134, 133, 120, 121, 122, 123, 136, 137, 150, 163, 164, 165, 152, 139, 140, 141, 142, 155, 168]
[00:00:01:17:733] ! Unidirectional s-t. expansions: 33,578, time: 77,729 [ms], path length: 92 [edges], generated: 51,823
[00:00:00:28:483] Expansion 10,000: state None, f=101, g=32
[00:00:00:52:267] Expansion 20,000: state None, f=99, g=33
[00:00:01:14:295] Expansion 30,000: state None, f=97, g=50
[00:00:01:35:128] Expansion 40,000: state None, f=96, g=45
[00:00:01:56:557] Expansion 50,000: state None, f=95, g=38
[00:00:02:15:703] Expansion 60,000: state None, f=94, g=63
[00:00:02:36:822] Expansion 70,000: state None, f=93, g=77
[00:00:02:57:594] Expansion 80,000: state None, f=93, g=34
[00:00:03:04:010] Path of length 92 found: [168, 167, 166, 165, 152, 139, 140, 141, 142, 129, 116, 103, 90, 89, 88, 87, 74, 61, 62, 63, 64, 51, 38, 25, 12, 11, 10, 9, 8, 7, 6, 19, 32, 45, 58, 71, 84, 85, 86, 99, 112, 111, 110, 123, 136, 137, 150, 163, 162, 161, 160, 159, 158, 157, 156, 143, 130, 131, 132, 119, 106, 107, 120, 133, 134, 135, 122, 109, 108, 95, 82, 81, 80, 79, 78, 65, 52, 39, 26, 27, 28, 41, 54, 55, 56, 43, 30, 17, 4, 3, 2, 1, 0]
[00:00:03:04:012] ! Unidirectional t-s. expansions: 82,439, time: 184,011 [ms], path length: 92 [edges], generated: 118,601
[00:00:00:49:554] Path of length 92 found: [0, 1, 2, 3, 4, 17, 30, 31, 32, 19, 6, 7, 8, 9, 10, 11, 12, 25, 38, 37, 36, 49, 62, 61, 60, 59, 58, 57, 56, 55, 54, 41, 28, 27, 26, 39, 52, 65, 78, 79, 92, 105, 106, 119, 120, 107, 108, 95, 82, 83, 84, 85, 86, 87, 88, 89, 90, 103, 116, 115, 114, 113, 112, 111, 110, 109, 122, 123, 136, 135, 134, 133, 132, 131, 130, 143, 156, 157, 158, 159, 160, 161, 162, 163, 164, 165, 152, 139, 140, 141, 142, 155, 168]
[00:00:00:49:558] ! Bidirectional. expansions: 6,779, time: 49,554 [ms], path length: 92 [edges], g_F: 46, g_B: 46, generated: {'F': 33,543, 'B': 38,252}, MM: 0, MMPER: -1.0%
[00:00:00:49:559] 
---------- mazes/13x13_maze_with_1_open_diamonds_5 ----------
[00:00:00:26:296] Expansion 10,000: state None, f=98, g=46
[00:00:00:48:253] Expansion 20,000: state None, f=95, g=60
[00:00:01:07:609] Expansion 30,000: state None, f=93, g=71
[00:00:01:22:656] Path of length 92 found: [0, 1, 2, 3, 4, 17, 30, 31, 32, 19, 6, 7, 8, 9, 10, 11, 12, 25, 38, 37, 36, 49, 62, 61, 60, 59, 58, 57, 56, 55, 54, 41, 28, 27, 26, 39, 52, 65, 78, 79, 80, 81, 82, 83, 84, 85, 86, 87, 88, 89, 90, 103, 116, 115, 114, 113, 112, 111, 110, 109, 108, 107, 106, 105, 118, 131, 130, 143, 156, 157, 158, 159, 146, 133, 132, 119, 120, 121, 122, 135, 136, 137, 150, 163, 164, 165, 152, 139, 140, 141, 142, 155, 168]
[00:00:01:22:662] ! Unidirectional s-t. expansions: 36,899, time: 82,656 [ms], path length: 92 [edges], generated: 55,900
[00:00:00:29:089] Expansion 10,000: state None, f=100, g=50
[00:00:00:52:350] Expansion 20,000: state None, f=98, g=49
[00:00:01:15:524] Expansion 30,000: state None, f=97, g=24
[00:00:01:36:946] Expansion 40,000: state None, f=96, g=31
[00:00:01:58:836] Expansion 50,000: state None, f=95, g=17
[00:00:02:15:765] Expansion 60,000: state None, f=94, g=42
[00:00:02:37:224] Expansion 70,000: state None, f=93, g=50
[00:00:02:55:706] Path of length 92 found: [168, 167, 166, 165, 152, 139, 140, 141, 142, 129, 116, 103, 90, 89, 88, 87, 74, 61, 62, 63, 64, 51, 38, 25, 12, 11, 10, 9, 8, 7, 6, 19, 32, 45, 58, 71, 84, 85, 86, 99, 112, 111, 110, 109, 122, 135, 136, 137, 150, 163, 162, 161, 160, 159, 158, 157, 156, 143, 130, 131, 118, 105, 106, 119, 132, 133, 134, 121, 108, 107, 94, 81, 80, 79, 78, 65, 52, 39, 26, 27, 28, 41, 54, 55, 56, 43, 30, 17, 4, 3, 2, 1, 0]
[00:00:02:55:708] ! Unidirectional t-s. expansions: 77,684, time: 175,706 [ms], path length: 92 [edges], generated: 112,634
[00:00:00:27:626] Path of length 92 found: [0, 1, 2, 3, 4, 17, 30, 43, 56, 55, 54, 41, 28, 27, 26, 39, 52, 65, 78, 79, 80, 81, 94, 107, 106, 105, 118, 119, 120, 133, 132, 131, 130, 143, 156, 157, 158, 159, 160, 161, 162, 163, 150, 137, 136, 135, 122, 121, 108, 109, 110, 111, 112, 99, 86, 85, 84, 71, 58, 45, 32, 19, 6, 7, 8, 9, 10, 11, 12, 25, 38, 51, 64, 63, 62, 61, 74, 87, 88, 89, 90, 103, 116, 129, 142, 141, 140, 139, 152, 165, 166, 167, 168]
[00:00:00:27:635] ! Bidirectional. expansions: 6,440, time: 27,630 [ms], path length: 92 [edges], g_F: 46, g_B: 46, generated: {'F': 28,201, 'B': 33,103}, MM: 0, MMPER: -1.0%
[00:00:00:27:636] 
---------- mazes/13x13_maze_with_1_open_diamonds_6 ----------
[00:00:00:19:999] Expansion 10,000: state None, f=95, g=31
[00:00:00:50:066] Path of length 92 found: [0, 1, 2, 3, 4, 17, 30, 43, 56, 55, 54, 41, 28, 27, 26, 39, 52, 65, 78, 79, 80, 81, 82, 83, 84, 71, 58, 45, 32, 19, 6, 7, 8, 9, 10, 11, 12, 25, 38, 51, 64, 63, 62, 49, 36, 35, 34, 47, 60, 59, 72, 85, 86, 73, 74, 87, 88, 89, 90, 103, 116, 115, 114, 113, 112, 111, 110, 109, 122, 135, 134, 133, 132, 131, 130, 143, 156, 157, 158, 159, 160, 161, 162, 163, 164, 165, 152, 139, 140, 141, 142, 155, 168]
[00:00:00:50:069] ! Unidirectional s-t. expansions: 19,096, time: 50,066 [ms], path length: 92 [edges], generated: 28,635
[00:00:00:16:581] Path of length 92 found: [168, 155, 142, 141, 140, 139, 152, 165, 164, 163, 162, 161, 160, 159, 158, 157, 156, 143, 130, 131, 132, 133, 134, 135, 122, 109, 110, 111, 112, 113, 114, 115, 116, 103, 90, 89, 88, 75, 74, 87, 86, 73, 60, 47, 34, 35, 36, 49, 62, 63, 64, 51, 38, 25, 12, 11, 10, 9, 8, 7, 6, 19, 32, 45, 58, 59, 72, 85, 84, 83, 82, 81, 80, 79, 78, 65, 52, 39, 26, 27, 28, 41, 54, 55, 56, 43, 30, 17, 4, 3, 2, 1, 0]
[00:00:00:16:599] ! Unidirectional t-s. expansions: 7,299, time: 16,585 [ms], path length: 92 [edges], generated: 10,743
[00:00:00:01:801] Path of length 92 found: [0, 1, 2, 3, 4, 17, 30, 31, 32, 19, 6, 7, 8, 9, 10, 11, 12, 25, 38, 51, 64, 63, 62, 49, 36, 35, 34, 47, 60, 61, 74, 75, 88, 89, 90, 103, 116, 115, 114, 113, 112, 99, 86, 73, 72, 85, 84, 71, 58, 57, 56, 55, 54, 41, 28, 27, 26, 39, 52, 65, 78, 79, 92, 105, 106, 107, 108, 109, 122, 135, 134, 133, 132, 131, 130, 143, 156, 157, 158, 159, 160, 161, 162, 163, 164, 165, 152, 139, 140, 141, 142, 155, 168]
[00:00:00:01:804] ! Bidirectional. expansions: 507, time: 1,802 [ms], path length: 92 [edges], g_F: 46, g_B: 46, generated: {'F': 2,564, 'B': 2,511}, MM: 0, MMPER: -1.0%
[00:00:00:01:804] 
---------- mazes/13x13_maze_with_1_open_diamonds_7 ----------
[00:00:00:23:780] Expansion 10,000: state None, f=97, g=44
[00:00:00:43:940] Expansion 20,000: state None, f=95, g=19
[00:00:00:45:159] Path of length 94 found: [0, 1, 2, 3, 4, 17, 30, 31, 32, 19, 6, 7, 8, 9, 10, 11, 12, 25, 38, 51, 64, 63, 62, 49, 36, 35, 34, 21, 20, 33, 46, 47, 60, 61, 74, 87, 88, 89, 90, 103, 116, 115, 114, 113, 112, 99, 86, 85, 84, 71, 58, 57, 56, 55, 54, 41, 28, 27, 26, 39, 52, 65, 78, 79, 92, 105, 106, 107, 108, 109, 122, 135, 134, 133, 132, 131, 130, 143, 156, 157, 158, 159, 160, 161, 162, 163, 164, 165, 152, 139, 140, 141, 142, 155, 168]
[00:00:00:45:167] ! Unidirectional s-t. expansions: 20,475, time: 45,164 [ms], path length: 94 [edges], generated: 28,904
[00:00:00:02:322] Path of length 94 found: [168, 155, 142, 141, 140, 139, 152, 165, 164, 163, 162, 161, 160, 159, 158, 157, 156, 143, 130, 131, 132, 133, 134, 135, 122, 109, 108, 107, 106, 105, 92, 79, 78, 65, 52, 39, 26, 27, 28, 41, 54, 55, 56, 57, 58, 71, 84, 85, 86, 99, 112, 113, 114, 115, 116, 103, 90, 89, 88, 87, 74, 61, 60, 59, 46, 47, 34, 35, 36, 49, 62, 63, 64, 51, 38, 25, 12, 11, 10, 9, 8, 21, 20, 7, 6, 19, 32, 31, 30, 17, 4, 3, 2, 1, 0]
[00:00:00:02:323] ! Unidirectional t-s. expansions: 1,663, time: 2,323 [ms], path length: 94 [edges], generated: 2,602
[00:00:00:03:441] Path of length 94 found: [0, 1, 2, 3, 4, 17, 30, 31, 32, 19, 6, 7, 20, 21, 8, 9, 10, 11, 12, 25, 38, 51, 64, 63, 62, 49, 36, 35, 34, 33, 46, 47, 60, 61, 74, 87, 88, 89, 90, 103, 116, 115, 114, 113, 112, 99, 86, 85, 84, 71, 58, 57, 56, 55, 54, 41, 28, 27, 26, 39, 52, 65, 78, 79, 92, 105, 106, 107, 108, 109, 122, 135, 134, 133, 132, 131, 130, 143, 156, 157, 158, 159, 160, 161, 162, 163, 164, 165, 152, 139, 140, 141, 142, 155, 168]
[00:00:00:03:442] ! Bidirectional. expansions: 962, time: 3,441 [ms], path length: 94 [edges], g_F: 47, g_B: 47, generated: {'F': 3,824, 'B': 3,363}, MM: 0, MMPER: -1.0%
[00:00:00:03:442] 
---------- mazes/13x13_maze_with_1_open_diamonds_8 ----------
[00:00:00:24:004] Expansion 10,000: state None, f=97, g=44
[00:00:00:44:011] Expansion 20,000: state None, f=95, g=19
[00:00:00:45:203] Path of length 94 found: [0, 1, 2, 3, 4, 17, 30, 31, 32, 19, 6, 7, 8, 9, 10, 11, 12, 25, 38, 51, 64, 63, 62, 49, 36, 35, 34, 21, 20, 33, 46, 47, 60, 61, 74, 87, 88, 89, 90, 103, 116, 115, 114, 113, 112, 99, 86, 85, 84, 71, 58, 57, 56, 55, 54, 41, 28, 27, 26, 39, 52, 65, 78, 79, 92, 105, 106, 107, 108, 109, 122, 135, 134, 133, 132, 131, 130, 143, 156, 157, 158, 159, 160, 161, 162, 163, 164, 165, 152, 139, 140, 141, 142, 155, 168]
[00:00:00:45:207] ! Unidirectional s-t. expansions: 20,475, time: 45,203 [ms], path length: 94 [edges], generated: 28,904
[00:00:00:05:154] Path of length 94 found: [168, 155, 142, 141, 140, 139, 152, 165, 164, 163, 162, 161, 160, 159, 158, 157, 156, 143, 130, 131, 132, 133, 134, 135, 122, 109, 108, 107, 106, 105, 92, 79, 78, 65, 52, 39, 26, 27, 28, 41, 54, 55, 56, 57, 58, 71, 84, 85, 86, 99, 112, 113, 114, 115, 116, 103, 90, 89, 88, 87, 74, 61, 60, 59, 46, 47, 34, 35, 36, 49, 62, 63, 64, 51, 38, 25, 12, 11, 10, 9, 8, 21, 20, 7, 6, 19, 32, 31, 30, 17, 4, 3, 2, 1, 0]
[00:00:00:05:159] ! Unidirectional t-s. expansions: 1,663, time: 5,155 [ms], path length: 94 [edges], generated: 2,602
[00:00:00:03:949] Path of length 94 found: [0, 1, 2, 3, 4, 17, 30, 31, 32, 19, 6, 7, 20, 21, 8, 9, 10, 11, 12, 25, 38, 51, 64, 63, 62, 49, 36, 35, 34, 33, 46, 47, 60, 61, 74, 87, 88, 89, 90, 103, 116, 115, 114, 113, 112, 99, 86, 85, 84, 71, 58, 57, 56, 55, 54, 41, 28, 27, 26, 39, 52, 65, 78, 79, 92, 105, 106, 107, 108, 109, 122, 135, 134, 133, 132, 131, 130, 143, 156, 157, 158, 159, 160, 161, 162, 163, 164, 165, 152, 139, 140, 141, 142, 155, 168]
[00:00:00:03:951] ! Bidirectional. expansions: 962, time: 3,949 [ms], path length: 94 [edges], g_F: 47, g_B: 47, generated: {'F': 3,824, 'B': 3,363}, MM: 0, MMPER: -1.0%
[00:00:00:03:952] 
---------- mazes/13x13_maze_with_1_open_diamonds_9 ----------
[00:00:00:22:194] Expansion 10,000: state None, f=96, g=74
[00:00:00:38:132] Expansion 20,000: state None, f=95, g=42
[00:00:00:51:553] Expansion 30,000: state None, f=94, g=57
[00:00:01:06:194] Expansion 40,000: state None, f=93, g=60
[00:00:01:18:960] Path of length 92 found: [0, 1, 2, 3, 4, 17, 30, 31, 32, 19, 6, 7, 8, 9, 10, 11, 12, 25, 38, 37, 36, 49, 62, 61, 74, 87, 88, 89, 90, 103, 116, 115, 114, 113, 126, 125, 112, 111, 98, 99, 86, 85, 84, 71, 58, 57, 56, 55, 54, 41, 28, 27, 26, 39, 52, 65, 78, 79, 92, 105, 106, 107, 108, 109, 110, 123, 124, 137, 136, 135, 134, 133, 132, 131, 130, 143, 156, 157, 158, 159, 160, 161, 162, 163, 164, 165, 152, 139, 140, 141, 142, 155, 168]
[00:00:01:18:962] ! Unidirectional s-t. expansions: 46,531, time: 78,960 [ms], path length: 92 [edges], generated: 70,258
[00:00:00:26:663] Expansion 10,000: state None, f=105, g=30
[00:00:00:46:485] Expansion 20,000: state None, f=103, g=54
[00:00:01:05:365] Expansion 30,000: state None, f=102, g=42
[00:00:01:24:274] Expansion 40,000: state None, f=101, g=48
[00:00:01:42:536] Expansion 50,000: state None, f=100, g=42
[00:00:02:01:976] Expansion 60,000: state None, f=99, g=56
[00:00:02:18:949] Expansion 70,000: state None, f=98, g=59
[00:00:02:39:629] Expansion 80,000: state None, f=98, g=36
[00:00:02:57:172] Expansion 90,000: state None, f=97, g=53
[00:00:03:16:539] Expansion 100,000: state None, f=96, g=57
[00:00:03:31:542] Expansion 110,000: state None, f=96, g=49
[00:00:03:53:287] Expansion 120,000: state None, f=95, g=69
[00:00:04:07:431] Expansion 130,000: state None, f=95, g=51
[00:00:04:24:753] Expansion 140,000: state None, f=94, g=75
[00:00:04:36:939] Expansion 150,000: state None, f=94, g=65
[00:00:04:56:526] Expansion 160,000: state None, f=94, g=60
[00:00:05:16:021] Expansion 170,000: state None, f=94, g=32
[00:00:05:31:387] Expansion 180,000: state None, f=93, g=63
[00:00:05:47:174] Expansion 190,000: state None, f=93, g=50
[00:00:06:11:284] Path of length 92 found: [168, 155, 142, 141, 140, 139, 152, 165, 164, 163, 162, 161, 160, 159, 158, 157, 156, 143, 130, 131, 132, 133, 134, 135, 122, 109, 110, 123, 136, 137, 138, 125, 124, 111, 98, 85, 86, 99, 112, 113, 114, 115, 116, 103, 90, 89, 88, 87, 74, 61, 62, 63, 64, 51, 38, 25, 12, 11, 10, 9, 8, 7, 6, 19, 32, 45, 58, 71, 84, 83, 82, 81, 80, 79, 78, 65, 52, 39, 26, 27, 28, 41, 54, 55, 56, 43, 30, 17, 4, 3, 2, 1, 0]
[00:00:06:11:286] ! Unidirectional t-s. expansions: 198,275, time: 371,284 [ms], path length: 92 [edges], generated: 276,295
[00:00:00:48:273] Expansion 10,000: F [0, 1, 2, 3, 4, 17, 30, 43, 56, 55, 54, 53, 52, 65, 78, 79, 92, 105, 106, 107, 108, 109, 110, 111, 112, 99, 86, 85, 84, 71, 58], B [168, 167, 166, 165, 164, 163, 162, 161, 160, 159, 158, 157, 156, 143, 130, 131, 132, 133, 134, 135, 122, 123, 136, 137, 138, 125, 126, 139, 140, 141, 142], f=94, g=60
[00:00:01:12:675] Path of length 92 found: [0, 1, 2, 3, 4, 17, 30, 31, 32, 19, 6, 7, 8, 9, 10, 11, 12, 25, 38, 37, 36, 49, 62, 61, 60, 59, 58, 57, 56, 55, 54, 41, 28, 27, 26, 39, 52, 65, 78, 79, 92, 105, 106, 107, 108, 109, 122, 123, 124, 111, 112, 99, 98, 85, 86, 87, 88, 89, 90, 103, 116, 115, 114, 113, 126, 125, 138, 137, 136, 135, 134, 133, 132, 131, 130, 143, 156, 157, 158, 159, 160, 161, 162, 163, 164, 165, 152, 139, 140, 141, 142, 155, 168]
[00:00:01:12:698] ! Bidirectional. expansions: 15,287, time: 72,688 [ms], path length: 92 [edges], g_F: 46, g_B: 46, generated: {'F': 69,427, 'B': 84,634}, MM: 0, MMPER: -1.0%
[00:00:01:12:704] average expansions: (30,949, 55,400, 5,518, 0)
[00:00:01:12:711] average time: (80,490, 131,830, 31,713, 0)
[00:00:01:12:716] XA*: 30,949 , 80,490 (expansions , time[ms])
[00:00:01:12:721] BiXA*: 5,518 , 31,713 (expansions , time[ms])

