--------------------------
date: mazes
number_of_graphs: 10
graph_type: maze
size_of_graphs: [13, 13]
heuristic: bcc_heuristic
snake: False
run_uni: True
run_bi: True
run_multi: False
solution_vertices: []
algorithms: ['IDA']
lookahead: 2
bsd: False
cube_first_dims: 4
cube_buffer_dim: None
backward_sym_generation: False
sym_coil: False
prefix_set: None

---------- mazes/13x13_maze_with_1_open_diamonds_0 ----------
[00:00:03:40:535] Valid states checked so far: 200,000, Expansions: 60,051, Global best: 0
[00:00:05:42:172] Path of length 92 found: [0, 1, 2, 3, 4, 17, 30, 31, 32, 19, 6, 7, 8, 9, 10, 11, 12, 25, 38, 37, 36, 49, 62, 61, 60, 59, 58, 57, 56, 55, 54, 41, 28, 27, 26, 39, 52, 65, 78, 79, 80, 81, 82, 83, 84, 85, 86, 87, 88, 89, 90, 103, 116, 115, 114, 113, 112, 111, 110, 109, 108, 107, 106, 105, 118, 131, 130, 143, 156, 157, 158, 159, 146, 145, 132, 119, 120, 133, 134, 135, 136, 137, 150, 163, 164, 165, 152, 139, 140, 141, 142, 155, 168]
[00:00:05:42:173] ! Unidirectional s-t. expansions: 93,935, time: 342,172 [ms], path length: 92 [edges], generated: 314,984
[00:00:03:42:972] Valid states checked so far: 200,000, Expansions: 59,945, Global best: 61
[00:00:07:21:455] Valid states checked so far: 400,000, Expansions: 121,676, Global best: 61
[00:00:10:55:892] Valid states checked so far: 600,000, Expansions: 183,589, Global best: 61
[00:00:14:29:218] Valid states checked so far: 800,000, Expansions: 245,218, Global best: 61
[00:00:17:56:963] Valid states checked so far: 1,000,000, Expansions: 305,809, Global best: 61
[00:00:21:16:908] Valid states checked so far: 1,200,000, Expansions: 365,970, Global best: 61
[00:00:22:35:501] Path of length 92 found: [168, 155, 142, 141, 140, 139, 152, 165, 164, 163, 150, 137, 136, 135, 134, 133, 120, 119, 132, 145, 146, 159, 158, 157, 156, 143, 130, 131, 118, 105, 106, 107, 108, 109, 110, 111, 112, 113, 114, 115, 116, 103, 90, 89, 88, 87, 86, 85, 84, 83, 82, 81, 80, 79, 78, 65, 52, 39, 26, 27, 28, 41, 54, 55, 56, 57, 58, 59, 60, 61, 62, 63, 64, 51, 38, 25, 12, 11, 10, 9, 8, 7, 6, 19, 32, 31, 30, 17, 4, 3, 2, 1, 0]
[00:00:22:35:502] ! Unidirectional t-s. expansions: 388,116, time: 1,355,501 [ms], path length: 92 [edges], generated: 1,270,400
[00:00:02:05:204] Path of length 92 found: [0, 1, 2, 3, 4, 17, 30, 31, 32, 19, 6, 7, 8, 9, 10, 11, 12, 25, 38, 37, 36, 49, 62, 61, 60, 59, 58, 57, 56, 55, 54, 41, 28, 27, 26, 39, 52, 65, 78, 79, 80, 81, 82, 83, 84, 85, 86, 87, 88, 89, 90, 103, 116, 115, 114, 113, 112, 111, 110, 109, 108, 107, 106, 105, 118, 131, 130, 143, 156, 157, 158, 159, 146, 145, 132, 119, 120, 133, 134, 135, 136, 137, 150, 163, 164, 165, 152, 139, 140, 141, 142, 155, 168]
[00:00:02:05:205] ! Bidirectional. expansions: 54,675, time: 125,204 [ms], path length: 92 [edges], g_F: 46, g_B: 46, generated: {'F': 83,712, 'B': 91,644}, MM: 0, MMPER: -1.0%
[00:00:02:05:205] 
---------- mazes/13x13_maze_with_1_open_diamonds_1 ----------
[00:00:04:12:551] Valid states checked so far: 200,000, Expansions: 57,667, Global best: 0
[00:00:08:12:547] Valid states checked so far: 400,000, Expansions: 120,728, Global best: 0
[00:00:10:29:289] Path of length 90 found: [0, 13, 26, 39, 52, 53, 54, 41, 28, 15, 2, 3, 4, 17, 16, 29, 30, 43, 42, 55, 56, 57, 58, 45, 32, 19, 6, 7, 8, 9, 10, 11, 12, 25, 38, 37, 36, 49, 62, 61, 74, 87, 88, 89, 90, 103, 116, 115, 114, 113, 112, 99, 86, 85, 84, 83, 82, 81, 80, 79, 92, 105, 106, 107, 108, 109, 122, 135, 134, 133, 132, 131, 130, 143, 156, 157, 158, 159, 160, 161, 162, 163, 164, 165, 152, 139, 140, 141, 142, 155, 168]
[00:00:10:29:290] ! Unidirectional s-t. expansions: 158,823, time: 629,289 [ms], path length: 90 [edges], generated: 517,147
[00:00:00:12:072] Path of length 90 found: [168, 155, 142, 141, 140, 139, 152, 165, 164, 163, 162, 161, 160, 159, 158, 157, 156, 143, 130, 131, 132, 133, 134, 135, 122, 109, 108, 107, 106, 105, 92, 79, 80, 81, 82, 83, 84, 85, 86, 99, 112, 113, 114, 115, 116, 103, 90, 89, 88, 87, 74, 61, 62, 63, 64, 51, 38, 25, 12, 11, 10, 9, 8, 7, 6, 19, 32, 45, 58, 57, 56, 43, 30, 17, 4, 3, 2, 15, 16, 29, 28, 41, 42, 55, 54, 53, 52, 39, 26, 13, 0]
[00:00:00:12:072] ! Unidirectional t-s. expansions: 3,295, time: 12,072 [ms], path length: 90 [edges], generated: 12,722
[00:00:03:08:154] Path of length 90 found: [0, 13, 26, 39, 52, 53, 54, 41, 28, 15, 2, 3, 4, 17, 16, 29, 30, 43, 42, 55, 56, 57, 58, 45, 32, 19, 6, 7, 8, 9, 10, 11, 12, 25, 38, 37, 36, 49, 62, 61, 74, 87, 88, 89, 90, 103, 116, 115, 114, 113, 112, 99, 86, 85, 84, 83, 82, 81, 80, 79, 92, 105, 106, 107, 108, 109, 122, 135, 134, 133, 132, 131, 130, 143, 156, 157, 158, 159, 160, 161, 162, 163, 164, 165, 152, 139, 140, 141, 142, 155, 168]
[00:00:03:08:155] ! Bidirectional. expansions: 85,136, time: 188,154 [ms], path length: 90 [edges], g_F: 45, g_B: 45, generated: {'F': 132,422, 'B': 96,216}, MM: 0, MMPER: -1.0%
[00:00:03:08:155] 
---------- mazes/13x13_maze_with_1_open_diamonds_2 ----------
[00:00:03:21:198] Valid states checked so far: 200,000, Expansions: 54,942, Global best: 0
[00:00:03:21:626] Path of length 92 found: [0, 1, 2, 3, 4, 17, 30, 43, 56, 55, 54, 41, 28, 27, 26, 39, 52, 65, 78, 79, 80, 81, 82, 83, 70, 57, 58, 45, 32, 19, 6, 7, 8, 9, 10, 11, 12, 25, 38, 37, 36, 49, 62, 61, 60, 59, 72, 71, 84, 85, 98, 99, 86, 87, 88, 89, 90, 103, 116, 115, 114, 113, 112, 111, 110, 97, 96, 109, 122, 135, 134, 133, 132, 131, 130, 143, 156, 157, 158, 159, 160, 161, 162, 163, 164, 165, 152, 139, 140, 141, 142, 155, 168]
[00:00:03:21:626] ! Unidirectional s-t. expansions: 55,034, time: 201,626 [ms], path length: 92 [edges], generated: 200,355
[00:00:03:05:817] Valid states checked so far: 200,000, Expansions: 59,226, Global best: 81
[00:00:03:28:587] Path of length 92 found: [168, 155, 142, 141, 140, 139, 152, 165, 164, 163, 162, 161, 160, 159, 158, 157, 156, 143, 130, 131, 132, 133, 134, 135, 122, 109, 108, 107, 106, 105, 92, 79, 78, 65, 52, 39, 26, 27, 28, 41, 54, 55, 56, 57, 70, 83, 96, 97, 110, 111, 98, 99, 112, 113, 114, 115, 116, 103, 90, 89, 88, 87, 86, 85, 84, 71, 72, 59, 60, 61, 62, 63, 64, 51, 38, 25, 12, 11, 10, 9, 8, 7, 6, 19, 32, 31, 30, 17, 4, 3, 2, 1, 0]
[00:00:03:28:588] ! Unidirectional t-s. expansions: 67,038, time: 208,587 [ms], path length: 92 [edges], generated: 226,049
[00:00:00:11:963] Path of length 92 found: [0, 1, 2, 3, 4, 17, 30, 31, 32, 19, 6, 7, 8, 9, 10, 11, 12, 25, 38, 37, 36, 49, 62, 61, 60, 59, 58, 71, 72, 85, 98, 99, 86, 87, 88, 89, 90, 103, 116, 115, 114, 113, 112, 111, 110, 97, 84, 83, 70, 57, 56, 55, 54, 41, 28, 27, 26, 39, 52, 65, 78, 79, 92, 105, 106, 107, 108, 109, 122, 135, 134, 133, 132, 131, 130, 143, 156, 157, 158, 159, 160, 161, 162, 163, 164, 165, 152, 139, 140, 141, 142, 155, 168]
[00:00:00:11:963] ! Bidirectional. expansions: 5,826, time: 11,963 [ms], path length: 92 [edges], g_F: 46, g_B: 46, generated: {'F': 9,890, 'B': 8,880}, MM: 0, MMPER: -1.0%
[00:00:00:11:963] 
---------- mazes/13x13_maze_with_1_open_diamonds_3 ----------
[00:00:02:14:044] Path of length 90 found: [0, 1, 2, 3, 4, 17, 30, 43, 56, 55, 54, 41, 28, 27, 26, 39, 52, 65, 78, 79, 80, 81, 82, 83, 84, 71, 58, 45, 32, 19, 6, 7, 8, 9, 10, 11, 12, 25, 38, 37, 36, 49, 62, 61, 74, 87, 86, 85, 98, 99, 100, 101, 88, 89, 90, 103, 102, 115, 116, 129, 142, 141, 140, 139, 126, 113, 112, 111, 110, 109, 122, 135, 134, 133, 132, 131, 130, 143, 156, 157, 158, 159, 160, 161, 162, 163, 164, 165, 166, 167, 168]
[00:00:02:14:045] ! Unidirectional s-t. expansions: 37,387, time: 134,045 [ms], path length: 90 [edges], generated: 138,518
[00:00:03:44:949] Valid states checked so far: 200,000, Expansions: 62,498, Global best: 59
[00:00:07:04:396] Valid states checked so far: 400,000, Expansions: 122,856, Global best: 59
[00:00:09:36:211] Path of length 90 found: [168, 167, 166, 165, 164, 163, 162, 161, 160, 159, 158, 157, 156, 143, 130, 131, 132, 133, 134, 135, 122, 109, 108, 107, 106, 105, 92, 79, 78, 65, 52, 39, 26, 27, 28, 41, 54, 55, 56, 57, 58, 71, 84, 85, 98, 111, 112, 113, 126, 139, 140, 141, 142, 129, 116, 103, 90, 89, 102, 115, 114, 101, 100, 99, 86, 87, 74, 61, 62, 63, 64, 51, 38, 25, 12, 11, 10, 9, 8, 7, 6, 19, 32, 31, 30, 17, 4, 3, 2, 1, 0]
[00:00:09:36:211] ! Unidirectional t-s. expansions: 169,711, time: 576,211 [ms], path length: 90 [edges], generated: 555,949
[00:00:02:26:453] Path of length 90 found: [0, 1, 2, 3, 4, 17, 30, 43, 56, 55, 54, 41, 28, 27, 26, 39, 52, 65, 78, 79, 80, 81, 82, 83, 84, 71, 58, 45, 32, 19, 6, 7, 8, 9, 10, 11, 12, 25, 38, 37, 36, 49, 62, 61, 74, 87, 88, 101, 114, 115, 102, 89, 90, 103, 116, 129, 142, 141, 140, 139, 126, 113, 112, 99, 86, 85, 98, 111, 110, 109, 122, 135, 134, 133, 132, 131, 130, 143, 156, 157, 158, 159, 160, 161, 162, 163, 164, 165, 166, 167, 168]
[00:00:02:26:453] ! Bidirectional. expansions: 60,834, time: 146,453 [ms], path length: 90 [edges], g_F: 45, g_B: 45, generated: {'F': 85,442, 'B': 95,023}, MM: 0, MMPER: -1.0%
[00:00:02:26:454] 
---------- mazes/13x13_maze_with_1_open_diamonds_4 ----------
[00:00:03:33:402] Valid states checked so far: 200,000, Expansions: 52,105, Global best: 0
[00:00:05:57:480] Path of length 92 found: [0, 1, 2, 3, 4, 17, 30, 43, 56, 55, 54, 41, 28, 27, 26, 39, 52, 65, 78, 79, 80, 81, 82, 95, 108, 107, 106, 119, 132, 131, 130, 143, 156, 157, 158, 159, 160, 161, 162, 163, 150, 137, 136, 135, 134, 133, 120, 121, 122, 109, 110, 111, 112, 99, 86, 85, 84, 71, 58, 45, 32, 19, 6, 7, 8, 9, 10, 11, 12, 25, 38, 37, 36, 49, 62, 61, 74, 87, 88, 89, 90, 103, 116, 129, 142, 141, 140, 139, 152, 165, 166, 167, 168]
[00:00:05:57:481] ! Unidirectional s-t. expansions: 91,087, time: 357,481 [ms], path length: 92 [edges], generated: 346,346
[00:00:03:46:635] Valid states checked so far: 200,000, Expansions: 58,863, Global best: 61
[00:00:07:23:603] Valid states checked so far: 400,000, Expansions: 118,198, Global best: 61
[00:00:10:53:604] Valid states checked so far: 600,000, Expansions: 176,711, Global best: 61
[00:00:14:21:759] Valid states checked so far: 800,000, Expansions: 235,411, Global best: 81
[00:00:15:59:978] Path of length 92 found: [168, 167, 166, 165, 152, 139, 140, 141, 142, 129, 116, 103, 90, 89, 88, 87, 74, 61, 62, 63, 64, 51, 38, 25, 12, 11, 10, 9, 8, 7, 6, 19, 32, 45, 58, 71, 84, 85, 86, 99, 112, 111, 110, 109, 122, 123, 136, 137, 150, 163, 162, 161, 160, 159, 158, 157, 156, 143, 130, 131, 132, 119, 106, 107, 120, 133, 134, 121, 108, 95, 82, 81, 80, 79, 78, 65, 52, 39, 26, 27, 28, 41, 54, 55, 56, 43, 30, 17, 4, 3, 2, 1, 0]
[00:00:15:59:978] ! Unidirectional t-s. expansions: 263,401, time: 959,978 [ms], path length: 92 [edges], generated: 894,723
[00:00:01:32:942] Path of length 92 found: [0, 1, 2, 3, 4, 17, 30, 43, 56, 55, 54, 41, 28, 27, 26, 39, 52, 65, 78, 79, 80, 81, 82, 95, 108, 107, 106, 119, 132, 131, 130, 143, 156, 157, 158, 159, 160, 161, 162, 163, 150, 137, 136, 135, 134, 133, 120, 121, 122, 109, 110, 111, 112, 99, 86, 85, 84, 71, 58, 45, 32, 19, 6, 7, 8, 9, 10, 11, 12, 25, 38, 51, 64, 63, 62, 61, 74, 87, 88, 89, 90, 103, 116, 129, 142, 141, 140, 139, 152, 165, 166, 167, 168]
[00:00:01:32:943] ! Bidirectional. expansions: 40,799, time: 92,942 [ms], path length: 92 [edges], g_F: 46, g_B: 46, generated: {'F': 62,015, 'B': 65,596}, MM: 0, MMPER: -1.0%
[00:00:01:32:943] 
---------- mazes/13x13_maze_with_1_open_diamonds_5 ----------
[00:00:03:33:743] Valid states checked so far: 200,000, Expansions: 56,549, Global best: 0
[00:00:06:17:406] Path of length 92 found: [0, 1, 2, 3, 4, 17, 30, 43, 56, 55, 54, 41, 28, 27, 26, 39, 52, 65, 78, 79, 80, 81, 94, 107, 106, 105, 118, 131, 130, 143, 156, 157, 158, 159, 160, 161, 162, 163, 150, 137, 136, 135, 134, 133, 132, 119, 120, 121, 108, 109, 110, 111, 112, 99, 86, 85, 84, 71, 58, 45, 32, 19, 6, 7, 8, 9, 10, 11, 12, 25, 38, 37, 36, 49, 62, 61, 74, 87, 88, 89, 90, 103, 116, 129, 142, 141, 140, 139, 152, 165, 166, 167, 168]
[00:00:06:17:407] ! Unidirectional s-t. expansions: 103,629, time: 377,406 [ms], path length: 92 [edges], generated: 364,742
[00:00:03:41:876] Valid states checked so far: 200,000, Expansions: 60,328, Global best: 61
[00:00:07:13:136] Valid states checked so far: 400,000, Expansions: 120,604, Global best: 61
[00:00:10:41:616] Valid states checked so far: 600,000, Expansions: 180,806, Global best: 61
[00:00:14:02:047] Path of length 92 found: [168, 167, 166, 165, 152, 139, 140, 141, 142, 129, 116, 103, 90, 89, 88, 87, 74, 61, 62, 63, 64, 51, 38, 25, 12, 11, 10, 9, 8, 7, 6, 19, 32, 45, 58, 71, 84, 85, 86, 99, 112, 111, 110, 109, 108, 121, 122, 135, 136, 137, 150, 163, 162, 161, 160, 159, 158, 157, 156, 143, 130, 131, 118, 105, 106, 119, 132, 133, 120, 107, 94, 81, 80, 79, 78, 65, 52, 39, 26, 27, 28, 41, 54, 55, 56, 43, 30, 17, 4, 3, 2, 1, 0]
[00:00:14:02:047] ! Unidirectional t-s. expansions: 238,843, time: 842,047 [ms], path length: 92 [edges], generated: 795,097
[00:00:01:27:826] Path of length 92 found: [0, 1, 2, 3, 4, 17, 30, 43, 56, 55, 54, 41, 28, 27, 26, 39, 52, 65, 78, 79, 80, 81, 94, 107, 106, 105, 118, 119, 120, 133, 132, 131, 130, 143, 156, 157, 158, 159, 160, 161, 162, 163, 150, 137, 136, 135, 122, 121, 108, 109, 110, 111, 112, 99, 86, 85, 84, 71, 58, 45, 32, 19, 6, 7, 8, 9, 10, 11, 12, 25, 38, 51, 64, 63, 62, 61, 74, 87, 88, 89, 90, 103, 116, 129, 142, 141, 140, 139, 152, 165, 166, 167, 168]
[00:00:01:27:827] ! Bidirectional. expansions: 38,745, time: 87,826 [ms], path length: 92 [edges], g_F: 46, g_B: 46, generated: {'F': 61,143, 'B': 61,903}, MM: 0, MMPER: -1.0%
[00:00:01:27:827] 
---------- mazes/13x13_maze_with_1_open_diamonds_6 ----------
[00:00:02:27:665] Path of length 92 found: [0, 1, 2, 3, 4, 17, 30, 43, 56, 55, 54, 41, 28, 27, 26, 39, 52, 65, 78, 79, 80, 81, 82, 83, 84, 71, 58, 45, 32, 19, 6, 7, 8, 9, 10, 11, 12, 25, 38, 51, 64, 63, 62, 49, 36, 35, 34, 47, 60, 59, 72, 85, 86, 73, 74, 87, 88, 89, 90, 103, 116, 115, 114, 113, 112, 111, 110, 109, 122, 135, 134, 133, 132, 131, 130, 143, 156, 157, 158, 159, 160, 161, 162, 163, 164, 165, 152, 139, 140, 141, 142, 155, 168]
[00:00:02:27:666] ! Unidirectional s-t. expansions: 37,709, time: 147,665 [ms], path length: 92 [edges], generated: 138,586
[00:00:00:55:876] Path of length 92 found: [168, 155, 142, 141, 140, 139, 152, 165, 164, 163, 162, 161, 160, 159, 158, 157, 156, 143, 130, 131, 132, 133, 134, 135, 122, 109, 108, 107, 106, 105, 92, 79, 78, 65, 52, 39, 26, 27, 28, 41, 54, 55, 56, 57, 58, 71, 84, 85, 72, 73, 86, 99, 112, 113, 114, 115, 116, 103, 90, 89, 88, 87, 74, 61, 60, 47, 34, 35, 36, 49, 62, 63, 64, 51, 38, 25, 12, 11, 10, 9, 8, 7, 6, 19, 32, 31, 30, 17, 4, 3, 2, 1, 0]
[00:00:00:55:876] ! Unidirectional t-s. expansions: 17,094, time: 55,876 [ms], path length: 92 [edges], generated: 61,763
[00:00:00:06:323] Path of length 92 found: [0, 1, 2, 3, 4, 17, 30, 43, 56, 55, 54, 41, 28, 27, 26, 39, 52, 65, 78, 79, 80, 81, 82, 83, 84, 71, 58, 45, 32, 19, 6, 7, 8, 9, 10, 11, 12, 25, 38, 51, 64, 63, 62, 49, 36, 35, 34, 47, 60, 59, 72, 85, 86, 87, 74, 75, 88, 89, 90, 103, 116, 115, 114, 113, 112, 111, 110, 109, 122, 135, 134, 133, 132, 131, 130, 143, 156, 157, 158, 159, 160, 161, 162, 163, 164, 165, 152, 139, 140, 141, 142, 155, 168]
[00:00:00:06:324] ! Bidirectional. expansions: 3,040, time: 6,323 [ms], path length: 92 [edges], g_F: 46, g_B: 46, generated: {'F': 4,946, 'B': 4,159}, MM: 0, MMPER: -1.0%
[00:00:00:06:324] 
---------- mazes/13x13_maze_with_1_open_diamonds_7 ----------
[00:00:03:24:479] Path of length 94 found: [0, 1, 2, 3, 4, 17, 30, 31, 32, 19, 6, 7, 20, 21, 8, 9, 10, 11, 12, 25, 38, 51, 64, 63, 62, 49, 36, 35, 34, 33, 46, 47, 60, 61, 74, 87, 88, 89, 90, 103, 116, 115, 114, 113, 112, 99, 86, 85, 84, 71, 58, 57, 56, 55, 54, 41, 28, 27, 26, 39, 52, 65, 78, 79, 92, 105, 106, 107, 108, 109, 122, 135, 134, 133, 132, 131, 130, 143, 156, 157, 158, 159, 160, 161, 162, 163, 164, 165, 152, 139, 140, 141, 142, 155, 168]
[00:00:03:24:479] ! Unidirectional s-t. expansions: 52,600, time: 204,479 [ms], path length: 94 [edges], generated: 176,412
[00:00:00:10:768] Path of length 94 found: [168, 155, 142, 141, 140, 139, 152, 165, 164, 163, 162, 161, 160, 159, 158, 157, 156, 143, 130, 131, 132, 133, 134, 135, 122, 109, 108, 107, 106, 105, 92, 79, 78, 65, 52, 39, 26, 27, 28, 41, 54, 55, 56, 57, 58, 71, 84, 85, 86, 99, 112, 113, 114, 115, 116, 103, 90, 89, 88, 87, 74, 61, 60, 59, 46, 47, 34, 35, 36, 49, 62, 63, 64, 51, 38, 25, 12, 11, 10, 9, 8, 21, 20, 7, 6, 19, 32, 31, 30, 17, 4, 3, 2, 1, 0]
[00:00:00:10:768] ! Unidirectional t-s. expansions: 3,655, time: 10,768 [ms], path length: 94 [edges], generated: 13,975
[00:00:00:18:924] Path of length 94 found: [0, 1, 2, 3, 4, 17, 30, 31, 32, 19, 6, 7, 20, 21, 8, 9, 10, 11, 12, 25, 38, 51, 64, 63, 62, 49, 36, 35, 34, 33, 46, 47, 60, 61, 74, 87, 88, 89, 90, 103, 116, 115, 114, 113, 112, 99, 86, 85, 84, 71, 58, 57, 56, 55, 54, 41, 28, 27, 26, 39, 52, 65, 78, 79, 92, 105, 106, 107, 108, 109, 122, 135, 134, 133, 132, 131, 130, 143, 156, 157, 158, 159, 160, 161, 162, 163, 164, 165, 152, 139, 140, 141, 142, 155, 168]
[00:00:00:18:925] ! Bidirectional. expansions: 8,876, time: 18,924 [ms], path length: 94 [edges], g_F: 47, g_B: 47, generated: {'F': 13,050, 'B': 10,542}, MM: 0, MMPER: -1.0%
[00:00:00:18:925] 
---------- mazes/13x13_maze_with_1_open_diamonds_8 ----------
[00:00:03:25:058] Path of length 94 found: [0, 1, 2, 3, 4, 17, 30, 31, 32, 19, 6, 7, 20, 21, 8, 9, 10, 11, 12, 25, 38, 51, 64, 63, 62, 49, 36, 35, 34, 33, 46, 47, 60, 61, 74, 87, 88, 89, 90, 103, 116, 115, 114, 113, 112, 99, 86, 85, 84, 71, 58, 57, 56, 55, 54, 41, 28, 27, 26, 39, 52, 65, 78, 79, 92, 105, 106, 107, 108, 109, 122, 135, 134, 133, 132, 131, 130, 143, 156, 157, 158, 159, 160, 161, 162, 163, 164, 165, 152, 139, 140, 141, 142, 155, 168]
[00:00:03:25:058] ! Unidirectional s-t. expansions: 52,600, time: 205,058 [ms], path length: 94 [edges], generated: 176,412
[00:00:00:10:847] Path of length 94 found: [168, 155, 142, 141, 140, 139, 152, 165, 164, 163, 162, 161, 160, 159, 158, 157, 156, 143, 130, 131, 132, 133, 134, 135, 122, 109, 108, 107, 106, 105, 92, 79, 78, 65, 52, 39, 26, 27, 28, 41, 54, 55, 56, 57, 58, 71, 84, 85, 86, 99, 112, 113, 114, 115, 116, 103, 90, 89, 88, 87, 74, 61, 60, 59, 46, 47, 34, 35, 36, 49, 62, 63, 64, 51, 38, 25, 12, 11, 10, 9, 8, 21, 20, 7, 6, 19, 32, 31, 30, 17, 4, 3, 2, 1, 0]
[00:00:00:10:848] ! Unidirectional t-s. expansions: 3,655, time: 10,847 [ms], path length: 94 [edges], generated: 13,975
[00:00:00:18:940] Path of length 94 found: [0, 1, 2, 3, 4, 17, 30, 31, 32, 19, 6, 7, 20, 21, 8, 9, 10, 11, 12, 25, 38, 51, 64, 63, 62, 49, 36, 35, 34, 33, 46, 47, 60, 61, 74, 87, 88, 89, 90, 103, 116, 115, 114, 113, 112, 99, 86, 85, 84, 71, 58, 57, 56, 55, 54, 41, 28, 27, 26, 39, 52, 65, 78, 79, 92, 105, 106, 107, 108, 109, 122, 135, 134, 133, 132, 131, 130, 143, 156, 157, 158, 159, 160, 161, 162, 163, 164, 165, 152, 139, 140, 141, 142, 155, 168]
[00:00:00:18:940] ! Bidirectional. expansions: 8,876, time: 18,940 [ms], path length: 94 [edges], g_F: 47, g_B: 47, generated: {'F': 13,050, 'B': 10,542}, MM: 0, MMPER: -1.0%
[00:00:00:18:940] 
---------- mazes/13x13_maze_with_1_open_diamonds_9 ----------
[00:00:03:10:249] Valid states checked so far: 200,000, Expansions: 50,262, Global best: 69
[00:00:04:58:841] Path of length 92 found: [0, 1, 2, 3, 4, 17, 30, 43, 56, 55, 54, 41, 28, 27, 26, 39, 52, 65, 78, 79, 92, 105, 106, 107, 108, 109, 122, 135, 134, 133, 132, 131, 130, 143, 156, 157, 158, 159, 160, 161, 162, 163, 150, 137, 136, 123, 110, 111, 124, 125, 126, 113, 112, 99, 98, 85, 84, 71, 58, 45, 32, 19, 6, 7, 8, 9, 10, 11, 12, 25, 38, 37, 36, 49, 62, 61, 74, 87, 88, 89, 90, 103, 116, 129, 142, 141, 140, 139, 152, 165, 166, 167, 168]
[00:00:04:58:842] ! Unidirectional s-t. expansions: 83,167, time: 298,842 [ms], path length: 92 [edges], generated: 320,143
[00:00:03:50:551] Valid states checked so far: 200,000, Expansions: 64,083, Global best: 61
[00:00:07:32:165] Valid states checked so far: 400,000, Expansions: 129,457, Global best: 61
[00:00:11:06:811] Valid states checked so far: 600,000, Expansions: 193,215, Global best: 61
[00:00:14:35:247] Valid states checked so far: 800,000, Expansions: 256,914, Global best: 61
[00:00:18:01:286] Valid states checked so far: 1,000,000, Expansions: 320,283, Global best: 61
[00:00:21:25:111] Valid states checked so far: 1,200,000, Expansions: 383,535, Global best: 61
[00:00:24:39:821] Valid states checked so far: 1,400,000, Expansions: 444,896, Global best: 61
[00:00:27:56:920] Valid states checked so far: 1,600,000, Expansions: 507,542, Global best: 61
[00:00:31:07:717] Valid states checked so far: 1,800,000, Expansions: 569,075, Global best: 61
[00:00:34:23:224] Valid states checked so far: 2,000,000, Expansions: 631,459, Global best: 81
[00:00:37:27:047] Valid states checked so far: 2,200,000, Expansions: 691,768, Global best: 81
[00:00:39:56:698] Path of length 92 found: [168, 167, 166, 165, 152, 139, 140, 141, 142, 129, 116, 103, 90, 89, 88, 87, 74, 61, 62, 63, 64, 51, 38, 25, 12, 11, 10, 9, 8, 7, 6, 19, 32, 45, 58, 71, 84, 85, 86, 99, 98, 111, 112, 113, 126, 125, 138, 137, 150, 163, 162, 161, 160, 159, 158, 157, 156, 143, 130, 131, 132, 133, 134, 135, 136, 123, 110, 109, 108, 107, 106, 105, 92, 79, 78, 65, 52, 39, 26, 27, 28, 41, 54, 55, 56, 43, 30, 17, 4, 3, 2, 1, 0]
[00:00:39:56:698] ! Unidirectional t-s. expansions: 739,588, time: 2,396,698 [ms], path length: 92 [edges], generated: 2,353,967
[00:00:03:45:790] Path of length 92 found: [0, 1, 2, 3, 4, 17, 30, 43, 56, 55, 54, 41, 28, 27, 26, 39, 52, 65, 78, 79, 92, 105, 106, 107, 108, 109, 122, 123, 136, 135, 134, 133, 132, 131, 130, 143, 156, 157, 158, 159, 160, 161, 162, 163, 150, 137, 124, 125, 126, 113, 112, 111, 98, 99, 86, 85, 84, 71, 58, 45, 32, 19, 6, 7, 8, 9, 10, 11, 12, 25, 38, 51, 64, 63, 62, 61, 74, 87, 88, 89, 90, 103, 116, 129, 142, 141, 140, 139, 152, 165, 166, 167, 168]
[00:00:03:45:791] ! Bidirectional. expansions: 106,132, time: 225,790 [ms], path length: 92 [edges], g_F: 46, g_B: 46, generated: {'F': 172,332, 'B': 170,091}, MM: 0, MMPER: -1.0%
[00:00:03:45:791] average expansions: (76,597, 189,440, 41,294, 0)
[00:00:03:45:791] average time: (289,806, 642,858, 92,252, 0)
[00:00:03:45:791] XIDA: 76,597 , 289,806 (expansions , time[ms])
[00:00:03:45:791] BiXIDA: 41,294 , 92,252 (expansions , time[ms])

