--------------------------
date: SM_Grids
number_of_graphs: 10
graph_type: grid
size_of_graphs: [8, 8]
heuristic: bcc_heuristic
snake: False
run_uni: True
run_bi: True
run_multi: False
solution_vertices: []
algorithms: ['IDA']
lookahead: 1
bsd: False
cube_first_dims: 4
cube_buffer_dim: None
backward_sym_generation: False
sym_coil: False
prefix_set: None

---------- SM_Grids/8x8_grid_with_random_blocks_12per_0 ----------
[00:00:00:13:441] Path of length 52 found: [0, 8, 16, 24, 25, 17, 9, 1, 2, 10, 18, 26, 34, 33, 41, 40, 48, 56, 57, 58, 50, 42, 43, 35, 27, 19, 11, 3, 4, 12, 20, 21, 13, 14, 22, 30, 31, 39, 47, 55, 54, 53, 45, 37, 36, 44, 52, 51, 59, 60, 61, 62, 63]
[00:00:00:13:442] ! Unidirectional s-t. expansions: 14,676, time: 13,441 [ms], path length: 52 [edges], generated: 24,058
[00:00:00:18:304] Path of length 52 found: [63, 55, 47, 39, 31, 30, 22, 14, 13, 21, 20, 12, 4, 3, 2, 10, 11, 19, 18, 26, 34, 42, 50, 51, 43, 35, 27, 28, 36, 37, 45, 44, 52, 53, 54, 62, 61, 60, 59, 58, 57, 56, 48, 40, 41, 33, 25, 24, 16, 17, 9, 1, 0]
[00:00:00:18:304] ! Unidirectional t-s. expansions: 24,333, time: 18,304 [ms], path length: 52 [edges], generated: 38,100
[00:00:07:54:889] Path of length 52 found: [0, 8, 16, 24, 25, 17, 9, 1, 2, 10, 18, 26, 34, 33, 41, 40, 48, 56, 57, 58, 50, 42, 43, 51, 59, 60, 61, 62, 54, 53, 52, 44, 45, 37, 36, 35, 27, 28, 20, 19, 11, 3, 4, 12, 13, 14, 22, 30, 31, 39, 47, 55, 63]
[00:00:07:55:339] ! Bidirectional. expansions: 293,473, time: 474,889 [ms], path length: 52 [edges], g_F: 40, g_B: 12, generated: {'F': 301,720, 'B': 179,421}, MM: 28, MMPER: 51.83018867924528%
[00:00:07:55:339] 
---------- SM_Grids/8x8_grid_with_random_blocks_12per_1 ----------
[00:00:00:01:593] Path of length 52 found: [0, 8, 16, 24, 32, 33, 25, 17, 9, 1, 2, 10, 11, 3, 4, 12, 13, 5, 6, 7, 15, 14, 22, 21, 20, 19, 27, 26, 34, 42, 41, 49, 50, 58, 59, 51, 52, 60, 61, 53, 45, 44, 36, 28, 29, 37, 38, 39, 47, 46, 54, 62, 63]
[00:00:00:01:593] ! Unidirectional s-t. expansions: 1,684, time: 1,593 [ms], path length: 52 [edges], generated: 2,789
[00:00:00:01:076] Path of length 52 found: [63, 55, 47, 39, 38, 37, 29, 21, 22, 14, 15, 7, 6, 5, 13, 12, 4, 3, 11, 10, 2, 1, 9, 17, 25, 26, 27, 19, 20, 28, 36, 44, 52, 53, 45, 46, 54, 62, 61, 60, 59, 51, 50, 49, 41, 42, 34, 33, 32, 24, 16, 8, 0]
[00:00:00:01:077] ! Unidirectional t-s. expansions: 865, time: 1,077 [ms], path length: 52 [edges], generated: 1,493
[00:00:01:45:137] Path of length 52 found: [0, 8, 16, 24, 32, 33, 25, 17, 9, 1, 2, 10, 11, 3, 4, 12, 13, 5, 6, 7, 15, 14, 22, 21, 20, 19, 27, 26, 34, 42, 41, 49, 50, 58, 59, 51, 52, 60, 61, 62, 54, 53, 45, 44, 36, 28, 29, 37, 38, 39, 47, 55, 63]
[00:00:01:45:565] ! Bidirectional. expansions: 50,367, time: 105,137 [ms], path length: 52 [edges], g_F: 44, g_B: 8, generated: {'F': 45,076, 'B': 43,986}, MM: 36, MMPER: 66.9245283018868%
[00:00:01:45:566] 
---------- SM_Grids/8x8_grid_with_random_blocks_12per_2 ----------
[00:00:00:27:077] Path of length 50 found: [0, 8, 16, 24, 32, 33, 25, 17, 9, 1, 2, 10, 18, 19, 27, 28, 20, 12, 11, 3, 4, 5, 13, 21, 22, 14, 15, 23, 31, 30, 29, 37, 36, 44, 43, 42, 50, 49, 57, 58, 59, 51, 52, 60, 61, 62, 54, 46, 47, 55, 63]
[00:00:00:27:077] ! Unidirectional s-t. expansions: 24,872, time: 27,077 [ms], path length: 50 [edges], generated: 44,842
[00:00:00:07:166] Path of length 50 found: [63, 55, 47, 46, 54, 62, 61, 60, 52, 44, 43, 51, 59, 58, 57, 49, 50, 42, 34, 33, 32, 24, 25, 17, 16, 8, 9, 10, 18, 19, 27, 28, 36, 37, 38, 30, 29, 21, 22, 23, 15, 14, 13, 5, 4, 12, 11, 3, 2, 1, 0]
[00:00:00:07:166] ! Unidirectional t-s. expansions: 6,831, time: 7,166 [ms], path length: 50 [edges], generated: 12,775
[00:00:06:17:851] Path of length 50 found: [0, 8, 16, 24, 32, 33, 25, 17, 9, 1, 2, 10, 18, 19, 27, 28, 20, 12, 11, 3, 4, 5, 13, 21, 22, 14, 15, 23, 31, 30, 29, 37, 36, 44, 43, 42, 50, 49, 57, 58, 59, 51, 52, 60, 61, 62, 54, 46, 47, 55, 63]
[00:00:06:18:277] ! Bidirectional. expansions: 194,159, time: 377,852 [ms], path length: 50 [edges], g_F: 33, g_B: 17, generated: {'F': 209,989, 'B': 142,050}, MM: 16, MMPER: 30.372549019607842%
[00:00:06:18:277] 
---------- SM_Grids/8x8_grid_with_random_blocks_12per_3 ----------
[00:00:00:07:330] Path of length 54 found: [0, 8, 16, 24, 32, 33, 41, 49, 48, 56, 57, 58, 50, 51, 59, 60, 52, 44, 43, 35, 36, 37, 29, 30, 22, 14, 13, 12, 20, 19, 27, 26, 25, 17, 18, 10, 9, 1, 2, 3, 4, 5, 6, 7, 15, 23, 31, 39, 38, 46, 47, 55, 54, 62, 63]
[00:00:00:07:330] ! Unidirectional s-t. expansions: 7,276, time: 7,330 [ms], path length: 54 [edges], generated: 12,013
[00:00:00:06:260] Path of length 54 found: [63, 55, 47, 39, 31, 23, 15, 7, 6, 5, 4, 3, 2, 1, 9, 10, 18, 17, 25, 26, 27, 19, 20, 12, 13, 14, 22, 30, 29, 37, 38, 46, 54, 62, 61, 60, 52, 44, 36, 35, 43, 51, 59, 58, 57, 56, 48, 49, 41, 33, 32, 24, 16, 8, 0]
[00:00:00:06:260] ! Unidirectional t-s. expansions: 5,441, time: 6,260 [ms], path length: 54 [edges], generated: 9,107
[00:00:06:06:222] Path of length 54 found: [0, 8, 16, 24, 32, 33, 41, 49, 48, 56, 57, 58, 59, 60, 61, 62, 54, 46, 45, 44, 52, 51, 43, 35, 36, 37, 29, 30, 22, 14, 13, 12, 20, 19, 27, 26, 25, 17, 18, 10, 9, 1, 2, 3, 4, 5, 6, 7, 15, 23, 31, 39, 47, 55, 63]
[00:00:06:06:637] ! Bidirectional. expansions: 175,351, time: 366,222 [ms], path length: 54 [edges], g_F: 27, g_B: 27, generated: {'F': 159,739, 'B': 139,609}, MM: 0, MMPER: -1.0%
[00:00:06:06:637] 
---------- SM_Grids/8x8_grid_with_random_blocks_12per_4 ----------
[00:00:00:00:117] Path of length 54 found: [0, 8, 16, 24, 25, 17, 9, 10, 18, 26, 34, 33, 41, 49, 48, 56, 57, 58, 50, 42, 43, 51, 59, 60, 52, 44, 36, 35, 27, 19, 11, 12, 4, 5, 6, 14, 13, 21, 20, 28, 29, 37, 38, 30, 22, 23, 31, 39, 47, 55, 54, 53, 61, 62, 63]
[00:00:00:00:117] ! Unidirectional s-t. expansions: 109, time: 117 [ms], path length: 54 [edges], generated: 192
[00:00:00:00:059] Path of length 54 found: [63, 55, 47, 39, 31, 23, 22, 14, 6, 5, 4, 12, 13, 21, 20, 19, 11, 10, 9, 17, 18, 26, 34, 42, 50, 51, 43, 35, 27, 28, 29, 30, 38, 37, 36, 44, 52, 53, 54, 62, 61, 60, 59, 58, 57, 56, 48, 49, 41, 33, 25, 24, 16, 8, 0]
[00:00:00:00:059] ! Unidirectional t-s. expansions: 53, time: 59 [ms], path length: 54 [edges], generated: 90
[00:00:00:02:110] Path of length 54 found: [0, 8, 16, 24, 25, 17, 9, 10, 11, 19, 18, 26, 27, 35, 34, 33, 41, 49, 48, 56, 57, 58, 50, 42, 43, 51, 59, 60, 61, 62, 54, 53, 52, 44, 36, 37, 38, 30, 29, 28, 20, 21, 13, 12, 4, 5, 6, 14, 22, 23, 31, 39, 47, 55, 63]
[00:00:00:02:521] ! Bidirectional. expansions: 1,228, time: 2,110 [ms], path length: 54 [edges], g_F: 46, g_B: 8, generated: {'F': 1,538, 'B': 774}, MM: 38, MMPER: 68.0909090909091%
[00:00:00:02:522] 
---------- SM_Grids/8x8_grid_with_random_blocks_12per_5 ----------
[00:00:00:18:882] Path of length 52 found: [0, 8, 16, 24, 32, 40, 41, 33, 25, 17, 9, 1, 2, 3, 11, 19, 27, 35, 34, 42, 50, 58, 59, 51, 43, 44, 52, 60, 61, 53, 45, 37, 29, 28, 20, 21, 13, 12, 4, 5, 6, 14, 15, 23, 22, 30, 31, 39, 38, 46, 47, 55, 63]
[00:00:00:18:882] ! Unidirectional s-t. expansions: 17,701, time: 18,882 [ms], path length: 52 [edges], generated: 31,438
[00:00:00:08:706] Path of length 52 found: [63, 55, 47, 39, 31, 23, 15, 14, 6, 5, 4, 3, 2, 1, 9, 17, 18, 19, 27, 28, 20, 12, 13, 21, 22, 30, 29, 37, 38, 46, 45, 44, 52, 53, 61, 60, 59, 58, 50, 51, 43, 35, 34, 42, 41, 40, 32, 33, 25, 24, 16, 8, 0]
[00:00:00:08:706] ! Unidirectional t-s. expansions: 9,328, time: 8,706 [ms], path length: 52 [edges], generated: 15,629
[00:00:05:39:454] Path of length 52 found: [0, 8, 16, 24, 25, 33, 32, 40, 41, 42, 34, 35, 43, 51, 50, 58, 59, 60, 61, 53, 52, 44, 45, 37, 29, 21, 20, 28, 27, 19, 18, 17, 9, 1, 2, 3, 11, 12, 4, 5, 13, 14, 15, 23, 22, 30, 31, 39, 38, 46, 47, 55, 63]
[00:00:05:39:878] ! Bidirectional. expansions: 179,709, time: 339,454 [ms], path length: 52 [edges], g_F: 41, g_B: 11, generated: {'F': 195,150, 'B': 120,053}, MM: 30, MMPER: 55.60377358490566%
[00:00:05:39:878] 
---------- SM_Grids/8x8_grid_with_random_blocks_12per_6 ----------
[00:00:00:27:204] Path of length 52 found: [0, 8, 16, 24, 32, 40, 48, 49, 41, 42, 50, 51, 59, 60, 61, 53, 45, 44, 43, 35, 34, 26, 25, 17, 9, 1, 2, 10, 18, 19, 27, 28, 20, 12, 11, 3, 4, 5, 13, 14, 6, 7, 15, 23, 22, 21, 29, 37, 38, 46, 54, 62, 63]
[00:00:00:27:204] ! Unidirectional s-t. expansions: 31,333, time: 27,204 [ms], path length: 52 [edges], generated: 50,585
[00:00:00:21:443] Path of length 52 found: [63, 62, 54, 46, 38, 37, 29, 21, 13, 14, 22, 23, 15, 7, 6, 5, 4, 3, 2, 1, 9, 17, 25, 26, 18, 10, 11, 12, 20, 19, 27, 28, 36, 35, 34, 42, 43, 44, 45, 53, 61, 60, 59, 51, 50, 49, 41, 40, 32, 24, 16, 8, 0]
[00:00:00:21:443] ! Unidirectional t-s. expansions: 24,863, time: 21,443 [ms], path length: 52 [edges], generated: 41,690
[00:00:12:30:871] Path of length 52 found: [0, 8, 16, 24, 32, 40, 48, 49, 41, 42, 50, 51, 59, 60, 61, 53, 45, 44, 43, 35, 34, 26, 25, 17, 9, 1, 2, 10, 18, 19, 27, 28, 20, 12, 11, 3, 4, 5, 6, 7, 15, 23, 22, 14, 13, 21, 29, 37, 38, 46, 54, 62, 63]
[00:00:12:31:284] ! Bidirectional. expansions: 475,282, time: 750,871 [ms], path length: 52 [edges], g_F: 41, g_B: 11, generated: {'F': 508,272, 'B': 328,797}, MM: 30, MMPER: 55.60377358490566%
[00:00:12:31:284] 
---------- SM_Grids/8x8_grid_with_random_blocks_12per_7 ----------
[00:00:01:43:369] Valid states checked so far: 200,000, Expansions: 114,569, Global best: 53
[00:00:03:28:476] Valid states checked so far: 400,000, Expansions: 230,371, Global best: 53
[00:00:04:34:163] Path of length 52 found: [0, 8, 16, 24, 32, 40, 48, 56, 57, 58, 59, 60, 61, 53, 52, 44, 45, 37, 36, 28, 27, 26, 34, 35, 43, 42, 41, 33, 25, 17, 9, 10, 18, 19, 20, 12, 13, 5, 6, 7, 15, 14, 22, 23, 31, 30, 38, 39, 47, 46, 54, 62, 63]
[00:00:04:34:163] ! Unidirectional s-t. expansions: 309,131, time: 274,163 [ms], path length: 52 [edges], generated: 533,155
[00:00:01:50:099] Valid states checked so far: 200,000, Expansions: 119,046, Global best: 41
[00:00:03:33:617] Valid states checked so far: 400,000, Expansions: 237,373, Global best: 41
[00:00:04:10:611] Path of length 52 found: [63, 55, 47, 39, 31, 23, 15, 7, 6, 5, 13, 12, 20, 21, 22, 30, 38, 37, 36, 28, 27, 19, 18, 10, 9, 17, 25, 26, 34, 35, 43, 44, 52, 53, 45, 46, 54, 62, 61, 60, 59, 58, 57, 56, 48, 49, 41, 33, 32, 24, 16, 8, 0]
[00:00:04:10:611] ! Unidirectional t-s. expansions: 278,223, time: 250,611 [ms], path length: 52 [edges], generated: 471,138
[00:02:04:13:769] Path of length 52 found: [0, 8, 16, 24, 32, 40, 48, 56, 57, 58, 59, 60, 52, 44, 45, 53, 61, 62, 54, 46, 38, 37, 36, 28, 27, 26, 34, 35, 43, 42, 41, 33, 25, 17, 9, 10, 18, 19, 20, 12, 13, 5, 6, 7, 15, 14, 22, 23, 31, 39, 47, 55, 63]
[00:02:04:14:189] ! Bidirectional. expansions: 4,234,580, time: 7,453,769 [ms], path length: 52 [edges], g_F: 40, g_B: 12, generated: {'F': 4,870,039, 'B': 2,848,650}, MM: 28, MMPER: 51.83018867924528%
[00:02:04:14:189] 
---------- SM_Grids/8x8_grid_with_random_blocks_12per_8 ----------
[00:00:00:07:847] Path of length 54 found: [0, 8, 16, 24, 32, 33, 41, 49, 48, 56, 57, 58, 59, 60, 52, 53, 45, 37, 29, 21, 13, 12, 20, 19, 27, 28, 36, 44, 43, 35, 34, 26, 25, 17, 18, 10, 9, 1, 2, 3, 4, 5, 6, 7, 15, 14, 22, 23, 31, 30, 38, 46, 47, 55, 63]
[00:00:00:07:847] ! Unidirectional s-t. expansions: 8,474, time: 7,847 [ms], path length: 54 [edges], generated: 13,953
[00:00:00:05:692] Path of length 54 found: [63, 55, 47, 39, 31, 23, 15, 7, 6, 5, 4, 3, 2, 1, 9, 10, 18, 17, 25, 26, 34, 35, 43, 44, 36, 28, 27, 19, 20, 12, 13, 14, 22, 21, 29, 30, 38, 37, 45, 53, 52, 60, 59, 58, 57, 56, 48, 49, 41, 33, 32, 24, 16, 8, 0]
[00:00:00:05:693] ! Unidirectional t-s. expansions: 5,465, time: 5,692 [ms], path length: 54 [edges], generated: 9,514
[00:00:04:41:534] Path of length 54 found: [0, 8, 16, 24, 32, 33, 41, 49, 48, 56, 57, 58, 59, 60, 52, 53, 45, 37, 29, 21, 13, 12, 20, 19, 27, 28, 36, 44, 43, 35, 34, 26, 25, 17, 18, 10, 9, 1, 2, 3, 4, 5, 6, 7, 15, 14, 22, 23, 31, 30, 38, 46, 47, 55, 63]
[00:00:04:41:957] ! Bidirectional. expansions: 152,443, time: 281,534 [ms], path length: 54 [edges], g_F: 52, g_B: 2, generated: {'F': 108,302, 'B': 158,971}, MM: 50, MMPER: 89.9090909090909%
[00:00:04:41:957] 
---------- SM_Grids/8x8_grid_with_random_blocks_12per_9 ----------
[00:00:01:53:298] Valid states checked so far: 200,000, Expansions: 117,370, Global best: 43
[00:00:02:00:610] Path of length 52 found: [0, 8, 9, 1, 2, 10, 18, 26, 25, 24, 32, 40, 48, 56, 57, 49, 41, 33, 34, 35, 43, 51, 50, 58, 59, 60, 52, 53, 45, 37, 36, 28, 27, 19, 11, 12, 20, 21, 13, 5, 6, 7, 15, 23, 31, 30, 38, 46, 47, 55, 54, 62, 63]
[00:00:02:00:611] ! Unidirectional s-t. expansions: 124,817, time: 120,610 [ms], path length: 52 [edges], generated: 212,749
[00:00:02:01:127] Valid states checked so far: 200,000, Expansions: 115,954, Global best: 0
[00:00:03:26:052] Path of length 52 found: [63, 55, 47, 46, 38, 30, 31, 23, 15, 7, 6, 5, 4, 12, 13, 21, 20, 19, 11, 10, 18, 26, 25, 33, 34, 35, 27, 28, 36, 37, 45, 53, 54, 62, 61, 60, 52, 51, 59, 58, 50, 49, 57, 56, 48, 40, 32, 24, 16, 8, 9, 1, 0]
[00:00:03:26:053] ! Unidirectional t-s. expansions: 202,704, time: 206,052 [ms], path length: 52 [edges], generated: 347,584
[00:00:42:30:966] Path of length 52 found: [0, 8, 9, 1, 2, 10, 11, 19, 18, 26, 25, 24, 32, 33, 41, 40, 48, 56, 57, 49, 50, 58, 59, 60, 61, 62, 54, 53, 52, 51, 43, 35, 36, 37, 29, 28, 20, 21, 13, 12, 4, 5, 6, 7, 15, 23, 31, 30, 38, 46, 47, 55, 63]
[00:00:42:31:391] ! Bidirectional. expansions: 1,413,364, time: 2,550,966 [ms], path length: 52 [edges], g_F: 9, g_B: 43, generated: {'F': 1,166,965, 'B': 1,364,031}, MM: 34, MMPER: 63.15094339622641%
[00:00:42:31:391] average expansions: (54,007, 55,811, 716,996, 0)
[00:00:42:31:391] average time: (49,826, 52,537, 1,270,280, 0)
[00:00:42:31:391] XIDA: 54,007 , 49,826 (expansions , time[ms])
[00:00:42:31:391] BiXIDA: 716,996 , 1,270,280 (expansions , time[ms])

