--------------------------
date: SM_Grids
number_of_graphs: 10
graph_type: grid
size_of_graphs: [8, 8]
heuristic: bcc_heuristic
snake: False
run_uni: True
run_bi: True
run_multi: False
solution_vertices: []
algorithms: ['IDA']
lookahead: 1
bsd: False
cube_first_dims: 4
cube_buffer_dim: None
backward_sym_generation: False
sym_coil: False
prefix_set: None

---------- SM_Grids/8x8_grid_with_random_blocks_16per_0 ----------
[00:00:00:00:907] Path of length 44 found: [0, 1, 9, 10, 2, 3, 11, 19, 18, 26, 25, 24, 32, 40, 48, 49, 41, 33, 34, 42, 50, 51, 43, 35, 36, 28, 20, 12, 13, 5, 6, 7, 15, 14, 22, 23, 31, 30, 29, 37, 38, 46, 47, 55, 63]
[00:00:00:00:907] ! Unidirectional s-t. expansions: 1,101, time: 907 [ms], path length: 44 [edges], generated: 1,883
[00:00:00:00:332] Path of length 44 found: [63, 55, 47, 46, 38, 39, 31, 23, 15, 7, 6, 5, 13, 14, 22, 30, 29, 37, 36, 44, 43, 35, 34, 33, 41, 42, 50, 49, 48, 40, 32, 24, 25, 26, 18, 19, 20, 12, 11, 3, 2, 10, 9, 1, 0]
[00:00:00:00:332] ! Unidirectional t-s. expansions: 288, time: 332 [ms], path length: 44 [edges], generated: 503
[00:00:00:13:318] Path of length 44 found: [0, 1, 9, 10, 2, 3, 11, 19, 18, 26, 25, 24, 32, 40, 48, 49, 41, 33, 34, 42, 50, 51, 43, 35, 36, 37, 29, 28, 20, 12, 13, 5, 6, 7, 15, 23, 22, 30, 31, 39, 38, 46, 47, 55, 63]
[00:00:00:13:752] ! Bidirectional. expansions: 8,629, time: 13,318 [ms], path length: 44 [edges], g_F: 32, g_B: 12, generated: {'F': 6,172, 'B': 8,539}, MM: 20, MMPER: 43.44444444444444%
[00:00:00:13:752] 
---------- SM_Grids/8x8_grid_with_random_blocks_16per_1 ----------
[00:00:00:00:112] Path of length 44 found: [0, 8, 16, 24, 32, 33, 25, 26, 18, 10, 2, 3, 4, 12, 11, 19, 27, 35, 34, 42, 43, 44, 36, 28, 20, 21, 29, 30, 22, 14, 15, 23, 31, 39, 38, 46, 47, 55, 54, 53, 52, 60, 61, 62, 63]
[00:00:00:00:112] ! Unidirectional s-t. expansions: 69, time: 112 [ms], path length: 44 [edges], generated: 119
[00:00:00:06:527] Path of length 44 found: [63, 62, 61, 60, 52, 53, 54, 55, 47, 46, 38, 39, 31, 23, 15, 14, 22, 30, 29, 21, 20, 12, 4, 3, 2, 10, 11, 19, 18, 26, 34, 35, 27, 28, 36, 44, 43, 42, 41, 33, 25, 24, 16, 8, 0]
[00:00:00:06:527] ! Unidirectional t-s. expansions: 6,115, time: 6,527 [ms], path length: 44 [edges], generated: 11,408
[00:00:00:16:615] Path of length 44 found: [0, 8, 16, 24, 32, 33, 41, 42, 43, 44, 36, 28, 27, 35, 34, 26, 18, 19, 11, 10, 2, 3, 4, 12, 20, 21, 29, 30, 22, 14, 15, 23, 31, 39, 38, 46, 47, 55, 54, 53, 52, 60, 61, 62, 63]
[00:00:00:17:061] ! Bidirectional. expansions: 7,956, time: 16,615 [ms], path length: 44 [edges], g_F: 5, g_B: 39, generated: {'F': 5,781, 'B': 8,975}, MM: 34, MMPER: 74.55555555555556%
[00:00:00:17:061] 
---------- SM_Grids/8x8_grid_with_random_blocks_16per_2 ----------
[00:00:00:04:281] Path of length 44 found: [0, 8, 16, 24, 32, 40, 48, 56, 57, 49, 41, 33, 34, 26, 18, 10, 2, 3, 11, 19, 27, 28, 20, 21, 29, 30, 38, 46, 47, 55, 54, 53, 45, 44, 43, 42, 50, 58, 59, 51, 52, 60, 61, 62, 63]
[00:00:00:04:281] ! Unidirectional s-t. expansions: 4,448, time: 4,281 [ms], path length: 44 [edges], generated: 8,031
[00:00:00:16:475] Path of length 44 found: [63, 55, 47, 46, 38, 30, 29, 21, 20, 19, 11, 3, 2, 10, 18, 26, 27, 28, 36, 44, 45, 53, 54, 62, 61, 60, 52, 51, 43, 42, 34, 33, 41, 49, 50, 58, 57, 56, 48, 40, 32, 24, 16, 8, 0]
[00:00:00:16:475] ! Unidirectional t-s. expansions: 18,628, time: 16,475 [ms], path length: 44 [edges], generated: 30,668
[00:00:02:02:513] Path of length 44 found: [0, 8, 16, 24, 32, 40, 48, 56, 57, 49, 41, 33, 34, 42, 43, 51, 50, 58, 59, 60, 61, 62, 54, 53, 45, 44, 36, 28, 27, 26, 18, 10, 2, 3, 11, 19, 20, 21, 29, 30, 38, 46, 47, 55, 63]
[00:00:02:02:936] ! Bidirectional. expansions: 67,342, time: 122,513 [ms], path length: 44 [edges], g_F: 25, g_B: 19, generated: {'F': 66,265, 'B': 50,997}, MM: 6, MMPER: 12.333333333333334%
[00:00:02:02:936] 
---------- SM_Grids/8x8_grid_with_random_blocks_16per_3 ----------
[00:00:00:14:317] Path of length 44 found: [0, 8, 16, 24, 25, 17, 18, 10, 11, 19, 27, 26, 34, 33, 41, 49, 50, 42, 43, 35, 36, 28, 29, 21, 20, 12, 13, 14, 15, 23, 31, 30, 38, 39, 47, 46, 45, 44, 52, 60, 61, 53, 54, 62, 63]
[00:00:00:14:317] ! Unidirectional s-t. expansions: 17,150, time: 14,317 [ms], path length: 44 [edges], generated: 30,483
[00:00:00:46:522] Path of length 44 found: [63, 55, 47, 39, 31, 23, 15, 14, 13, 12, 11, 10, 18, 26, 34, 42, 43, 35, 36, 28, 27, 19, 20, 21, 29, 30, 38, 46, 45, 53, 54, 62, 61, 60, 52, 51, 50, 49, 41, 33, 25, 17, 16, 8, 0]
[00:00:00:46:522] ! Unidirectional t-s. expansions: 60,350, time: 46,522 [ms], path length: 44 [edges], generated: 104,408
[00:00:06:15:493] Path of length 44 found: [0, 8, 16, 24, 25, 17, 18, 10, 11, 19, 27, 26, 34, 33, 41, 49, 50, 51, 43, 35, 36, 44, 52, 60, 61, 62, 54, 53, 45, 46, 38, 30, 29, 28, 20, 12, 13, 14, 15, 23, 31, 39, 47, 55, 63]
[00:00:06:15:897] ! Bidirectional. expansions: 266,856, time: 375,493 [ms], path length: 44 [edges], g_F: 36, g_B: 8, generated: {'F': 278,484, 'B': 201,451}, MM: 28, MMPER: 61.22222222222222%
[00:00:06:15:897] 
---------- SM_Grids/8x8_grid_with_random_blocks_16per_4 ----------
[00:00:00:00:828] Path of length 48 found: [0, 1, 9, 8, 16, 17, 25, 33, 32, 40, 48, 56, 57, 49, 41, 42, 50, 51, 52, 60, 61, 53, 45, 44, 36, 28, 27, 35, 34, 26, 18, 10, 11, 3, 4, 12, 13, 14, 22, 30, 29, 37, 38, 39, 47, 46, 54, 62, 63]
[00:00:00:00:828] ! Unidirectional s-t. expansions: 958, time: 828 [ms], path length: 48 [edges], generated: 1,615
[00:00:00:02:445] Path of length 48 found: [63, 55, 47, 39, 38, 30, 22, 14, 13, 12, 4, 3, 11, 10, 18, 26, 34, 35, 27, 28, 29, 37, 36, 44, 45, 46, 54, 62, 61, 53, 52, 51, 50, 42, 41, 49, 57, 56, 48, 40, 32, 33, 25, 17, 16, 8, 9, 1, 0]
[00:00:00:02:445] ! Unidirectional t-s. expansions: 2,044, time: 2,445 [ms], path length: 48 [edges], generated: 3,670
[00:00:00:32:226] Path of length 48 found: [0, 1, 9, 8, 16, 17, 25, 26, 18, 10, 11, 3, 4, 12, 13, 14, 22, 30, 29, 37, 38, 46, 47, 55, 54, 53, 45, 44, 36, 28, 27, 35, 34, 33, 32, 40, 48, 56, 57, 49, 41, 42, 50, 51, 52, 60, 61, 62, 63]
[00:00:00:32:630] ! Bidirectional. expansions: 16,233, time: 32,226 [ms], path length: 48 [edges], g_F: 22, g_B: 26, generated: {'F': 12,124, 'B': 16,236}, MM: 4, MMPER: 7.163265306122449%
[00:00:00:32:631] 
---------- SM_Grids/8x8_grid_with_random_blocks_16per_5 ----------
[00:00:00:02:918] Path of length 50 found: [0, 8, 16, 24, 32, 33, 34, 26, 25, 17, 9, 1, 2, 10, 11, 19, 20, 12, 4, 5, 6, 14, 15, 23, 22, 30, 29, 28, 36, 35, 43, 51, 50, 49, 48, 56, 57, 58, 59, 60, 61, 53, 52, 44, 45, 46, 38, 39, 47, 55, 63]
[00:00:00:02:918] ! Unidirectional s-t. expansions: 2,879, time: 2,918 [ms], path length: 50 [edges], generated: 4,867
[00:00:00:03:443] Path of length 50 found: [63, 55, 47, 39, 38, 46, 54, 53, 45, 44, 52, 60, 59, 58, 57, 56, 48, 49, 50, 51, 43, 35, 36, 28, 29, 30, 31, 23, 15, 14, 6, 5, 4, 12, 20, 19, 11, 3, 2, 10, 9, 17, 25, 26, 34, 33, 32, 24, 16, 8, 0]
[00:00:00:03:444] ! Unidirectional t-s. expansions: 3,209, time: 3,444 [ms], path length: 50 [edges], generated: 5,432
[00:00:01:15:536] Path of length 50 found: [0, 8, 16, 24, 32, 33, 34, 26, 25, 17, 9, 1, 2, 3, 11, 19, 20, 12, 4, 5, 6, 14, 15, 23, 22, 30, 29, 28, 36, 35, 43, 51, 50, 49, 48, 56, 57, 58, 59, 60, 61, 53, 52, 44, 45, 46, 38, 39, 47, 55, 63]
[00:00:01:15:964] ! Bidirectional. expansions: 35,191, time: 75,536 [ms], path length: 50 [edges], g_F: 25, g_B: 25, generated: {'F': 30,918, 'B': 28,907}, MM: 0, MMPER: -1.0%
[00:00:01:15:964] 
---------- SM_Grids/8x8_grid_with_random_blocks_16per_6 ----------
[00:00:00:00:262] Path of length 48 found: [0, 1, 9, 8, 16, 24, 32, 40, 48, 49, 50, 42, 41, 33, 25, 17, 18, 10, 11, 19, 27, 26, 34, 35, 36, 44, 52, 53, 45, 37, 29, 21, 13, 5, 6, 7, 15, 14, 22, 23, 31, 30, 38, 46, 47, 55, 54, 62, 63]
[00:00:00:00:262] ! Unidirectional s-t. expansions: 261, time: 262 [ms], path length: 48 [edges], generated: 440
[00:00:00:00:101] Path of length 48 found: [63, 62, 54, 55, 47, 46, 38, 30, 31, 23, 15, 7, 6, 5, 13, 14, 22, 21, 29, 37, 45, 53, 52, 44, 36, 35, 27, 19, 11, 10, 18, 17, 25, 26, 34, 33, 41, 42, 50, 49, 48, 40, 32, 24, 16, 8, 9, 1, 0]
[00:00:00:00:101] ! Unidirectional t-s. expansions: 83, time: 101 [ms], path length: 48 [edges], generated: 141
[00:00:00:04:676] Path of length 48 found: [0, 1, 9, 8, 16, 24, 32, 40, 48, 49, 50, 42, 41, 33, 25, 17, 18, 10, 11, 19, 27, 26, 34, 35, 36, 44, 52, 53, 45, 37, 29, 21, 22, 14, 13, 5, 6, 7, 15, 23, 31, 30, 38, 46, 47, 55, 54, 62, 63]
[00:00:00:05:089] ! Bidirectional. expansions: 2,275, time: 4,676 [ms], path length: 48 [edges], g_F: 31, g_B: 17, generated: {'F': 2,619, 'B': 1,413}, MM: 14, MMPER: 27.571428571428573%
[00:00:00:05:089] 
---------- SM_Grids/8x8_grid_with_random_blocks_16per_7 ----------
[00:00:00:45:499] Path of length 48 found: [0, 8, 16, 24, 32, 40, 48, 56, 57, 49, 41, 33, 34, 26, 18, 17, 9, 10, 2, 3, 11, 19, 27, 28, 20, 12, 13, 14, 6, 7, 15, 23, 31, 30, 38, 37, 45, 44, 43, 42, 50, 58, 59, 60, 61, 53, 54, 55, 63]
[00:00:00:45:500] ! Unidirectional s-t. expansions: 50,891, time: 45,499 [ms], path length: 48 [edges], generated: 86,251
[00:00:00:20:686] Path of length 48 found: [63, 55, 54, 46, 38, 30, 31, 23, 15, 7, 6, 14, 13, 21, 20, 12, 11, 3, 2, 10, 9, 17, 18, 19, 27, 26, 34, 35, 43, 44, 45, 53, 61, 60, 59, 51, 50, 42, 41, 49, 57, 56, 48, 40, 32, 24, 16, 8, 0]
[00:00:00:20:686] ! Unidirectional t-s. expansions: 23,245, time: 20,686 [ms], path length: 48 [edges], generated: 40,866
[00:00:06:36:826] Path of length 48 found: [0, 8, 16, 24, 32, 40, 48, 56, 57, 49, 41, 33, 34, 42, 50, 58, 59, 60, 61, 53, 45, 44, 43, 35, 27, 26, 18, 17, 9, 10, 2, 3, 11, 19, 20, 12, 13, 14, 6, 7, 15, 23, 31, 30, 38, 46, 54, 55, 63]
[00:00:06:37:281] ! Bidirectional. expansions: 231,041, time: 396,827 [ms], path length: 48 [edges], g_F: 44, g_B: 4, generated: {'F': 271,369, 'B': 129,355}, MM: 40, MMPER: 80.63265306122449%
[00:00:06:37:281] 
---------- SM_Grids/8x8_grid_with_random_blocks_16per_8 ----------
[00:00:00:04:258] Path of length 50 found: [0, 8, 16, 17, 9, 1, 2, 10, 18, 19, 11, 3, 4, 5, 6, 7, 15, 23, 22, 14, 13, 12, 20, 21, 29, 28, 36, 35, 34, 33, 32, 40, 48, 56, 57, 49, 41, 42, 50, 51, 59, 60, 61, 53, 45, 37, 38, 46, 54, 62, 63]
[00:00:00:04:258] ! Unidirectional s-t. expansions: 4,366, time: 4,258 [ms], path length: 50 [edges], generated: 7,256
[00:00:00:00:361] Path of length 50 found: [63, 62, 54, 46, 38, 37, 45, 53, 61, 60, 59, 51, 43, 42, 50, 49, 57, 56, 48, 40, 32, 33, 34, 35, 36, 28, 29, 21, 13, 14, 22, 23, 15, 7, 6, 5, 4, 3, 2, 1, 9, 10, 11, 12, 20, 19, 18, 17, 16, 8, 0]
[00:00:00:00:362] ! Unidirectional t-s. expansions: 391, time: 361 [ms], path length: 50 [edges], generated: 669
[00:00:01:06:907] Path of length 50 found: [0, 8, 16, 17, 9, 1, 2, 10, 18, 19, 11, 3, 4, 5, 6, 7, 15, 23, 22, 14, 13, 12, 20, 21, 29, 28, 36, 35, 34, 33, 32, 40, 48, 56, 57, 49, 50, 42, 43, 51, 59, 60, 61, 53, 45, 37, 38, 46, 54, 62, 63]
[00:00:01:07:305] ! Bidirectional. expansions: 37,120, time: 66,907 [ms], path length: 50 [edges], g_F: 31, g_B: 19, generated: {'F': 48,052, 'B': 14,549}, MM: 12, MMPER: 22.529411764705884%
[00:00:01:07:305] 
---------- SM_Grids/8x8_grid_with_random_blocks_16per_9 ----------
[00:00:00:01:531] Path of length 46 found: [0, 8, 16, 24, 32, 33, 25, 17, 9, 1, 2, 3, 11, 12, 4, 5, 6, 7, 15, 14, 13, 21, 20, 28, 27, 26, 34, 42, 50, 58, 59, 51, 43, 44, 36, 37, 38, 30, 31, 39, 47, 55, 54, 53, 61, 62, 63]
[00:00:00:01:531] ! Unidirectional s-t. expansions: 1,420, time: 1,531 [ms], path length: 46 [edges], generated: 2,463
[00:00:00:00:656] Path of length 46 found: [63, 62, 61, 53, 54, 55, 47, 39, 31, 30, 38, 37, 45, 44, 52, 51, 59, 58, 50, 42, 41, 33, 32, 24, 16, 8, 9, 17, 25, 26, 27, 28, 20, 21, 13, 14, 15, 7, 6, 5, 4, 12, 11, 3, 2, 1, 0]
[00:00:00:00:656] ! Unidirectional t-s. expansions: 555, time: 656 [ms], path length: 46 [edges], generated: 1,057
[00:00:00:20:535] Path of length 46 found: [0, 8, 16, 24, 32, 33, 34, 26, 18, 17, 9, 1, 2, 3, 11, 12, 4, 5, 6, 7, 15, 14, 13, 21, 20, 28, 36, 44, 43, 42, 50, 58, 59, 51, 52, 53, 45, 37, 38, 30, 31, 39, 47, 55, 54, 62, 63]
[00:00:00:20:943] ! Bidirectional. expansions: 10,311, time: 20,536 [ms], path length: 46 [edges], g_F: 9, g_B: 37, generated: {'F': 11,249, 'B': 6,298}, MM: 28, MMPER: 58.57446808510638%
[00:00:00:20:943] average expansions: (8,354, 11,491, 68,295, 0)
[00:00:00:20:943] average time: (7,491, 9,755, 112,465, 0)
[00:00:00:20:943] XIDA: 8,354 , 7,491 (expansions , time[ms])
[00:00:00:20:943] BiXIDA: 68,295 , 112,465 (expansions , time[ms])

