--------------------------
date: SM_Grids
number_of_graphs: 10
graph_type: grid
size_of_graphs: [7, 8]
heuristic: bcc_heuristic
snake: False
run_uni: True
run_bi: True
run_multi: False
solution_vertices: []
algorithms: ['IDA']
lookahead: 1
bsd: False
cube_first_dims: 4
cube_buffer_dim: None
backward_sym_generation: False
sym_coil: False
prefix_set: None

---------- SM_Grids/7x8_grid_with_random_blocks_8per_0 ----------
[00:00:01:31:388] Valid states checked so far: 200,000, Expansions: 119,240, Global best: 40
[00:00:02:51:166] Valid states checked so far: 400,000, Expansions: 243,357, Global best: 40
[00:00:04:18:241] Valid states checked so far: 600,000, Expansions: 364,803, Global best: 40
[00:00:05:43:459] Valid states checked so far: 800,000, Expansions: 487,790, Global best: 40
[00:00:07:07:873] Valid states checked so far: 1,000,000, Expansions: 610,281, Global best: 40
[00:00:08:14:022] Path of length 47 found: [0, 8, 16, 24, 32, 33, 25, 17, 9, 1, 2, 10, 18, 26, 34, 42, 50, 51, 52, 53, 45, 44, 36, 35, 27, 19, 11, 3, 4, 12, 20, 28, 29, 37, 38, 30, 22, 21, 13, 5, 6, 14, 15, 23, 31, 39, 47, 55]
[00:00:08:14:022] ! Unidirectional s-t. expansions: 703,259, time: 494,022 [ms], path length: 47 [edges], generated: 1,148,272
[00:00:01:39:784] Valid states checked so far: 200,000, Expansions: 111,380, Global best: 48
[00:00:03:09:959] Valid states checked so far: 400,000, Expansions: 223,346, Global best: 48
[00:00:04:13:673] Path of length 47 found: [55, 47, 39, 31, 23, 15, 7, 6, 5, 4, 3, 2, 10, 18, 19, 11, 12, 20, 28, 27, 35, 36, 37, 29, 21, 13, 14, 22, 30, 38, 46, 45, 44, 52, 51, 50, 42, 34, 26, 25, 33, 32, 24, 16, 17, 9, 1, 0]
[00:00:04:13:673] ! Unidirectional t-s. expansions: 307,432, time: 253,673 [ms], path length: 47 [edges], generated: 546,497
[00:01:59:02:753] Path of length 47 found: [0, 8, 16, 24, 32, 33, 34, 42, 50, 51, 52, 53, 45, 37, 38, 30, 29, 21, 22, 14, 13, 12, 20, 28, 36, 35, 27, 19, 11, 10, 18, 26, 25, 17, 9, 1, 2, 3, 4, 5, 6, 7, 15, 23, 31, 39, 47, 55]
[00:01:59:03:174] ! Bidirectional. expansions: 4,685,953, time: 7,142,753 [ms], path length: 47 [edges], g_F: 14, g_B: 33, generated: {'F': 5,617,199, 'B': 2,826,378}, MM: 19, MMPER: 38.583333333333336%
[00:01:59:03:174] 
---------- SM_Grids/7x8_grid_with_random_blocks_8per_1 ----------
[00:00:00:14:887] Path of length 49 found: [0, 1, 9, 17, 16, 24, 32, 40, 48, 49, 41, 42, 34, 33, 25, 26, 18, 19, 27, 28, 20, 12, 11, 3, 4, 5, 13, 21, 29, 30, 22, 14, 6, 7, 15, 23, 31, 39, 38, 37, 36, 44, 43, 51, 52, 53, 45, 46, 54, 55]
[00:00:00:14:888] ! Unidirectional s-t. expansions: 14,482, time: 14,887 [ms], path length: 49 [edges], generated: 25,696
[00:00:01:40:383] Path of length 49 found: [55, 47, 39, 31, 23, 15, 7, 6, 5, 4, 3, 11, 19, 18, 26, 27, 28, 20, 12, 13, 14, 22, 21, 29, 30, 38, 37, 36, 44, 45, 46, 54, 53, 52, 51, 43, 42, 34, 33, 41, 49, 48, 40, 32, 24, 16, 17, 9, 1, 0]
[00:00:01:40:383] ! Unidirectional t-s. expansions: 107,309, time: 100,383 [ms], path length: 49 [edges], generated: 180,577
[00:00:13:46:359] Path of length 49 found: [0, 1, 9, 17, 16, 24, 32, 40, 48, 49, 41, 42, 34, 33, 25, 26, 18, 19, 27, 28, 29, 37, 36, 44, 43, 51, 52, 53, 45, 46, 38, 30, 22, 14, 13, 21, 20, 12, 11, 3, 4, 5, 6, 7, 15, 23, 31, 39, 47, 55]
[00:00:13:46:756] ! Bidirectional. expansions: 518,949, time: 826,359 [ms], path length: 49 [edges], g_F: 29, g_B: 20, generated: {'F': 422,496, 'B': 498,006}, MM: 9, MMPER: 17.0%
[00:00:13:46:756] 
---------- SM_Grids/7x8_grid_with_random_blocks_8per_2 ----------
[00:00:00:42:705] Path of length 47 found: [0, 8, 16, 24, 32, 40, 41, 49, 50, 42, 34, 33, 25, 17, 9, 1, 2, 3, 11, 10, 18, 26, 27, 19, 20, 12, 13, 21, 29, 28, 36, 35, 43, 51, 52, 44, 45, 37, 38, 30, 22, 23, 31, 39, 47, 46, 54, 55]
[00:00:00:42:706] ! Unidirectional s-t. expansions: 42,128, time: 42,705 [ms], path length: 47 [edges], generated: 75,977
[00:00:01:31:526] Valid states checked so far: 200,000, Expansions: 119,243, Global best: 48
[00:00:02:17:477] Path of length 47 found: [55, 47, 39, 31, 23, 22, 21, 13, 12, 11, 3, 2, 10, 18, 26, 25, 33, 34, 42, 43, 35, 27, 19, 20, 28, 36, 44, 45, 37, 29, 30, 38, 46, 54, 53, 52, 51, 50, 49, 41, 40, 32, 24, 16, 17, 9, 1, 0]
[00:00:02:17:477] ! Unidirectional t-s. expansions: 179,476, time: 137,477 [ms], path length: 47 [edges], generated: 301,696
[00:00:45:43:498] Path of length 47 found: [0, 8, 16, 24, 32, 40, 41, 49, 50, 42, 34, 33, 25, 17, 9, 1, 2, 3, 11, 10, 18, 26, 27, 19, 20, 12, 13, 21, 29, 28, 36, 35, 43, 51, 52, 44, 45, 53, 54, 46, 38, 30, 22, 23, 31, 39, 47, 55]
[00:00:45:43:897] ! Bidirectional. expansions: 1,816,201, time: 2,743,498 [ms], path length: 47 [edges], g_F: 38, g_B: 9, generated: {'F': 2,256,438, 'B': 1,092,190}, MM: 29, MMPER: 59.416666666666664%
[00:00:45:43:897] 
---------- SM_Grids/7x8_grid_with_random_blocks_8per_3 ----------
[00:00:00:08:889] Path of length 49 found: [0, 8, 16, 24, 32, 40, 48, 49, 41, 33, 34, 42, 50, 51, 43, 35, 27, 26, 18, 17, 9, 1, 2, 10, 11, 3, 4, 12, 20, 28, 36, 44, 45, 37, 29, 21, 13, 5, 6, 7, 15, 14, 22, 23, 31, 39, 38, 46, 47, 55]
[00:00:00:08:889] ! Unidirectional s-t. expansions: 8,717, time: 8,889 [ms], path length: 49 [edges], generated: 14,979
[00:00:00:43:246] Path of length 49 found: [55, 47, 39, 31, 23, 15, 7, 6, 5, 4, 3, 2, 10, 18, 26, 27, 19, 11, 12, 13, 14, 22, 21, 20, 28, 29, 37, 38, 46, 45, 44, 36, 35, 34, 33, 41, 42, 43, 51, 50, 49, 48, 40, 32, 24, 16, 17, 9, 1, 0]
[00:00:00:43:247] ! Unidirectional t-s. expansions: 55,887, time: 43,246 [ms], path length: 49 [edges], generated: 92,378
[00:00:11:24:036] Path of length 49 found: [0, 8, 16, 24, 32, 40, 48, 49, 41, 33, 34, 42, 50, 51, 43, 44, 45, 46, 38, 37, 29, 21, 22, 14, 13, 12, 20, 28, 36, 35, 27, 19, 11, 10, 18, 17, 9, 1, 2, 3, 4, 5, 6, 7, 15, 23, 31, 39, 47, 55]
[00:00:11:24:423] ! Bidirectional. expansions: 466,460, time: 684,036 [ms], path length: 49 [edges], g_F: 16, g_B: 33, generated: {'F': 455,038, 'B': 389,079}, MM: 17, MMPER: 33.0%
[00:00:11:24:423] 
---------- SM_Grids/7x8_grid_with_random_blocks_8per_4 ----------
[00:00:00:22:590] Path of length 49 found: [0, 8, 16, 24, 32, 40, 48, 49, 41, 33, 25, 17, 9, 1, 2, 10, 11, 19, 27, 26, 34, 42, 50, 51, 43, 35, 36, 28, 20, 21, 13, 5, 6, 7, 15, 14, 22, 23, 31, 30, 29, 37, 45, 44, 52, 53, 54, 46, 47, 55]
[00:00:00:22:591] ! Unidirectional s-t. expansions: 26,458, time: 22,590 [ms], path length: 49 [edges], generated: 46,509
[00:00:00:06:560] Path of length 49 found: [55, 47, 39, 31, 23, 15, 7, 6, 5, 13, 14, 22, 30, 29, 21, 20, 19, 11, 10, 2, 1, 9, 17, 25, 33, 41, 42, 34, 26, 27, 28, 36, 35, 43, 44, 45, 46, 54, 53, 52, 51, 50, 49, 48, 40, 32, 24, 16, 8, 0]
[00:00:00:06:560] ! Unidirectional t-s. expansions: 6,189, time: 6,560 [ms], path length: 49 [edges], generated: 10,476
[00:00:06:07:805] Path of length 49 found: [0, 8, 16, 24, 32, 40, 48, 49, 41, 33, 25, 17, 9, 1, 2, 10, 11, 19, 27, 26, 34, 42, 50, 51, 43, 35, 36, 44, 52, 53, 54, 46, 45, 37, 29, 28, 20, 21, 22, 14, 13, 5, 6, 7, 15, 23, 31, 39, 47, 55]
[00:00:06:08:196] ! Bidirectional. expansions: 252,611, time: 367,806 [ms], path length: 49 [edges], g_F: 36, g_B: 13, generated: {'F': 310,341, 'B': 126,407}, MM: 23, MMPER: 45.0%
[00:00:06:08:197] 
---------- SM_Grids/7x8_grid_with_random_blocks_8per_5 ----------
[00:00:00:12:803] Path of length 49 found: [0, 8, 16, 24, 32, 40, 48, 49, 41, 33, 34, 26, 25, 17, 9, 1, 2, 10, 18, 19, 27, 28, 36, 44, 43, 51, 52, 53, 45, 37, 38, 30, 22, 21, 13, 12, 11, 3, 4, 5, 6, 14, 15, 23, 31, 39, 47, 46, 54, 55]
[00:00:00:12:803] ! Unidirectional s-t. expansions: 12,214, time: 12,803 [ms], path length: 49 [edges], generated: 20,865
[00:00:00:09:195] Path of length 49 found: [55, 47, 39, 38, 30, 31, 23, 15, 7, 6, 14, 22, 21, 13, 5, 4, 12, 11, 3, 2, 10, 18, 19, 27, 28, 36, 37, 45, 46, 54, 53, 52, 44, 43, 51, 50, 49, 48, 40, 41, 33, 34, 26, 25, 24, 16, 17, 9, 1, 0]
[00:00:00:09:195] ! Unidirectional t-s. expansions: 9,180, time: 9,195 [ms], path length: 49 [edges], generated: 15,544
[00:00:14:16:937] Path of length 49 found: [0, 8, 16, 24, 32, 40, 48, 49, 41, 33, 34, 26, 25, 17, 9, 1, 2, 3, 4, 12, 11, 10, 18, 19, 27, 28, 36, 44, 43, 51, 52, 53, 54, 46, 45, 37, 38, 30, 22, 14, 13, 5, 6, 7, 15, 23, 31, 39, 47, 55]
[00:00:14:17:317] ! Bidirectional. expansions: 412,217, time: 856,937 [ms], path length: 49 [edges], g_F: 40, g_B: 9, generated: {'F': 411,434, 'B': 336,966}, MM: 31, MMPER: 61.0%
[00:00:14:17:317] 
---------- SM_Grids/7x8_grid_with_random_blocks_8per_6 ----------
[00:00:00:26:112] Path of length 49 found: [0, 8, 16, 24, 32, 40, 48, 49, 41, 33, 25, 17, 9, 1, 2, 10, 18, 26, 34, 42, 50, 51, 43, 35, 27, 19, 11, 12, 20, 28, 36, 44, 45, 53, 54, 46, 38, 37, 29, 21, 22, 14, 6, 7, 15, 23, 31, 39, 47, 55]
[00:00:00:26:113] ! Unidirectional s-t. expansions: 30,867, time: 26,113 [ms], path length: 49 [edges], generated: 53,570
[00:00:00:12:091] Path of length 49 found: [55, 47, 39, 31, 23, 15, 7, 6, 14, 22, 21, 20, 12, 11, 10, 2, 1, 9, 17, 25, 33, 41, 42, 34, 26, 18, 19, 27, 35, 36, 28, 29, 30, 38, 46, 54, 53, 45, 44, 43, 51, 50, 49, 48, 40, 32, 24, 16, 8, 0]
[00:00:00:12:092] ! Unidirectional t-s. expansions: 13,188, time: 12,091 [ms], path length: 49 [edges], generated: 23,496
[00:00:10:08:429] Path of length 49 found: [0, 8, 16, 24, 32, 40, 48, 49, 41, 33, 25, 17, 9, 1, 2, 10, 18, 26, 34, 42, 50, 51, 43, 35, 27, 19, 11, 12, 20, 28, 36, 44, 45, 53, 54, 46, 38, 37, 29, 21, 22, 14, 6, 7, 15, 23, 31, 39, 47, 55]
[00:00:10:08:847] ! Bidirectional. expansions: 395,978, time: 608,429 [ms], path length: 49 [edges], g_F: 44, g_B: 5, generated: {'F': 454,167, 'B': 257,139}, MM: 39, MMPER: 77.0%
[00:00:10:08:847] 
---------- SM_Grids/7x8_grid_with_random_blocks_8per_7 ----------
[00:00:00:00:176] Path of length 51 found: [0, 1, 9, 17, 16, 24, 32, 40, 48, 49, 41, 33, 25, 26, 18, 10, 2, 3, 11, 19, 20, 12, 4, 5, 13, 21, 29, 28, 36, 35, 34, 42, 43, 51, 52, 53, 45, 37, 38, 30, 22, 14, 6, 7, 15, 23, 31, 39, 47, 46, 54, 55]
[00:00:00:00:176] ! Unidirectional s-t. expansions: 50, time: 176 [ms], path length: 51 [edges], generated: 82
[00:00:00:00:050] Path of length 51 found: [55, 47, 39, 31, 23, 15, 7, 6, 5, 4, 3, 2, 10, 18, 26, 25, 33, 34, 35, 36, 28, 20, 19, 11, 12, 13, 14, 22, 21, 29, 30, 38, 37, 45, 46, 54, 53, 52, 51, 43, 42, 41, 49, 48, 40, 32, 24, 16, 17, 9, 1, 0]
[00:00:00:00:050] ! Unidirectional t-s. expansions: 50, time: 50 [ms], path length: 51 [edges], generated: 82
[00:00:00:00:110] Path of length 51 found: [0, 1, 9, 17, 16, 24, 32, 40, 48, 49, 41, 42, 43, 51, 52, 53, 54, 46, 45, 37, 38, 30, 29, 21, 22, 14, 13, 12, 11, 19, 20, 28, 36, 35, 34, 33, 25, 26, 18, 10, 2, 3, 4, 5, 6, 7, 15, 23, 31, 39, 47, 55]
[00:00:00:00:493] ! Bidirectional. expansions: 50, time: 110 [ms], path length: 51 [edges], g_F: 30, g_B: 21, generated: {'F': 59, 'B': 45}, MM: 9, MMPER: 16.307692307692307%
[00:00:00:00:493] 
---------- SM_Grids/7x8_grid_with_random_blocks_8per_8 ----------
[00:00:00:00:057] Path of length 51 found: [0, 8, 16, 24, 32, 40, 48, 49, 41, 33, 25, 17, 9, 1, 2, 10, 18, 26, 27, 35, 34, 42, 43, 51, 52, 44, 45, 53, 54, 46, 38, 37, 29, 30, 22, 14, 13, 12, 20, 19, 11, 3, 4, 5, 6, 7, 15, 23, 31, 39, 47, 55]
[00:00:00:00:057] ! Unidirectional s-t. expansions: 53, time: 57 [ms], path length: 51 [edges], generated: 88
[00:00:00:00:059] Path of length 51 found: [55, 47, 39, 31, 23, 15, 7, 6, 5, 4, 3, 2, 1, 9, 17, 25, 33, 34, 35, 27, 26, 18, 10, 11, 19, 20, 12, 13, 14, 22, 30, 29, 37, 38, 46, 54, 53, 45, 44, 52, 51, 43, 42, 41, 49, 48, 40, 32, 24, 16, 8, 0]
[00:00:00:00:059] ! Unidirectional t-s. expansions: 57, time: 59 [ms], path length: 51 [edges], generated: 95
[00:00:00:00:146] Path of length 51 found: [0, 8, 16, 24, 32, 40, 48, 49, 41, 42, 43, 51, 52, 44, 45, 53, 54, 46, 38, 37, 29, 30, 22, 14, 13, 12, 20, 19, 11, 10, 18, 26, 27, 35, 34, 33, 25, 17, 9, 1, 2, 3, 4, 5, 6, 7, 15, 23, 31, 39, 47, 55]
[00:00:00:00:540] ! Bidirectional. expansions: 74, time: 146 [ms], path length: 51 [edges], g_F: 17, g_B: 34, generated: {'F': 70, 'B': 71}, MM: 17, MMPER: 31.692307692307693%
[00:00:00:00:540] 
---------- SM_Grids/7x8_grid_with_random_blocks_8per_9 ----------
[00:00:01:32:615] Path of length 49 found: [0, 1, 9, 8, 16, 24, 32, 40, 41, 49, 50, 42, 34, 33, 25, 17, 18, 10, 11, 3, 4, 12, 20, 19, 27, 35, 43, 51, 52, 44, 36, 28, 29, 30, 22, 14, 13, 5, 6, 7, 15, 23, 31, 39, 38, 37, 45, 46, 54, 55]
[00:00:01:32:615] ! Unidirectional s-t. expansions: 124,530, time: 92,615 [ms], path length: 49 [edges], generated: 199,220
[00:00:01:23:907] Path of length 49 found: [55, 54, 46, 47, 39, 31, 23, 15, 7, 6, 5, 4, 3, 11, 10, 18, 26, 25, 33, 34, 42, 43, 35, 27, 19, 20, 12, 13, 14, 22, 30, 38, 37, 29, 28, 36, 44, 52, 51, 50, 49, 41, 40, 32, 24, 16, 17, 9, 1, 0]
[00:00:01:23:908] ! Unidirectional t-s. expansions: 112,624, time: 83,907 [ms], path length: 49 [edges], generated: 179,299
[00:00:16:35:035] Path of length 49 found: [0, 1, 9, 8, 16, 24, 32, 40, 41, 49, 50, 42, 34, 35, 43, 51, 52, 44, 45, 37, 29, 28, 20, 19, 27, 26, 25, 17, 18, 10, 11, 3, 4, 12, 13, 5, 6, 7, 15, 14, 22, 23, 31, 30, 38, 39, 47, 46, 54, 55]
[00:00:16:35:441] ! Bidirectional. expansions: 609,525, time: 995,035 [ms], path length: 49 [edges], g_F: 21, g_B: 28, generated: {'F': 666,035, 'B': 427,825}, MM: 7, MMPER: 13.0%
[00:00:16:35:441] average expansions: (96,276, 79,139, 915,802, 0)
[00:00:16:35:441] average time: (71,486, 64,664, 1,422,511, 0)
[00:00:16:35:441] XIDA: 79,139 , 64,664 (expansions , time[ms])
[00:00:16:35:441] BiXIDA: 915,802 , 1,422,511 (expansions , time[ms])

