--------------------------
date: cubes
number_of_graphs: 1
graph_type: cube
size_of_graphs: [8, 8]
heuristic: bcc_heuristic
snake: True
run_uni: False
run_bi: True
run_multi: False
solution_vertices: []
algorithms: ['DFBnB_strict_dovetailing']
lookahead: 4
bsd: False
cube_first_dims: 4
cube_buffer_dim: None
backward_sym_generation: False
sym_coil: False
prefix_set: None

---------- cubes/8d_cube ----------
[00:00:00:00:014] Expansions: 0. Checks - state_vs_state: 0, state_vs_prefix: 0, prefix_vs_prefix: 1
[00:00:00:00:952] Expansion 1: New longest path found with length 4: [15, 13, 12, 8, 0]
[00:00:00:06:388] Expansion 4: New longest path found with length 8: [15, 13, 12, 28, 20, 148, 132, 128, 0]
[00:00:00:13:606] Expansion 8: New longest path found with length 12: [15, 13, 29, 25, 24, 56, 60, 62, 30, 22, 20, 4, 0]
[00:00:00:14:573] Expansion 11: New longest path found with length 16: [15, 13, 29, 25, 24, 56, 40, 104, 108, 110, 46, 62, 30, 22, 20, 4, 0]
[00:00:00:22:984] Expansion 23: New longest path found with length 18: [15, 13, 29, 25, 24, 56, 40, 104, 96, 98, 34, 38, 46, 62, 30, 22, 20, 4, 0]
[00:00:00:54:796] Expansion 54: New longest path found with length 24: [15, 31, 29, 25, 24, 26, 18, 22, 54, 62, 46, 110, 102, 230, 166, 134, 130, 138, 139, 137, 141, 140, 12, 4, 0]
[00:00:00:58:770] Expansion 66: New longest path found with length 26: [15, 31, 29, 25, 24, 26, 18, 22, 54, 62, 46, 110, 106, 98, 226, 230, 166, 134, 130, 138, 139, 137, 141, 140, 12, 4, 0]
[00:00:01:08:264] Expansion 98: New longest path found with length 34: [15, 13, 29, 25, 24, 56, 40, 41, 105, 73, 72, 76, 92, 124, 125, 127, 95, 91, 90, 122, 250, 186, 187, 59, 51, 50, 34, 38, 46, 62, 30, 22, 20, 4, 0]
[00:00:01:10:183] Expansion 107: New longest path found with length 36: [15, 13, 29, 25, 24, 56, 40, 41, 105, 73, 72, 76, 92, 124, 125, 127, 95, 87, 83, 82, 90, 122, 250, 186, 187, 59, 51, 50, 34, 38, 46, 62, 30, 22, 20, 4, 0]
[00:00:01:26:970] Expansion 174: New longest path found with length 38: [15, 31, 29, 25, 24, 26, 18, 22, 54, 62, 46, 110, 106, 74, 75, 91, 83, 87, 85, 69, 101, 100, 96, 112, 114, 242, 226, 230, 166, 134, 130, 138, 139, 137, 141, 140, 12, 4, 0]
[00:00:01:31:904] Expansion 233: New longest path found with length 48: [15, 13, 29, 25, 24, 56, 40, 41, 105, 73, 72, 76, 92, 124, 125, 127, 95, 87, 85, 81, 113, 112, 240, 208, 144, 146, 130, 134, 198, 70, 66, 82, 90, 122, 250, 186, 187, 59, 51, 50, 34, 38, 46, 62, 30, 22, 20, 4, 0]
[00:00:01:42:706] Expansion 426: New longest path found with length 50: [15, 31, 29, 25, 24, 26, 18, 22, 54, 62, 46, 110, 106, 74, 75, 91, 123, 59, 43, 41, 40, 168, 160, 161, 225, 193, 209, 81, 85, 87, 119, 103, 101, 100, 96, 112, 114, 242, 226, 230, 166, 134, 130, 138, 139, 137, 141, 140, 12, 4, 0]
[00:00:01:45:472] Expansion 485: New longest path found with length 52: [15, 13, 29, 25, 24, 56, 40, 41, 105, 73, 72, 76, 92, 124, 125, 127, 95, 87, 85, 81, 113, 112, 240, 208, 216, 217, 219, 211, 147, 146, 130, 134, 198, 70, 66, 82, 90, 122, 250, 186, 187, 59, 51, 50, 34, 38, 46, 62, 30, 22, 20, 4, 0]
[00:00:01:52:708] Expansion 602: New longest path found with length 54: [15, 13, 29, 25, 24, 56, 40, 41, 105, 73, 72, 76, 92, 124, 125, 127, 95, 87, 85, 81, 113, 112, 240, 208, 192, 193, 195, 203, 139, 137, 136, 140, 142, 134, 198, 70, 66, 82, 90, 122, 250, 186, 187, 59, 51, 50, 34, 38, 46, 62, 30, 22, 20, 4, 0]
[00:00:01:55:959] Expansion 674: New longest path found with length 56: [15, 13, 29, 25, 24, 56, 40, 41, 105, 73, 72, 76, 92, 124, 125, 127, 95, 87, 85, 81, 113, 112, 240, 208, 144, 146, 147, 211, 195, 203, 139, 137, 136, 140, 142, 134, 198, 70, 66, 82, 90, 122, 250, 186, 187, 59, 51, 50, 34, 38, 46, 62, 30, 22, 20, 4, 0]
[00:00:02:02:750] Expansion 782: New longest path found with length 58: [15, 13, 29, 25, 24, 56, 40, 41, 105, 73, 72, 76, 92, 124, 125, 127, 95, 87, 85, 81, 113, 112, 240, 208, 144, 146, 147, 211, 243, 227, 235, 203, 139, 137, 136, 140, 142, 134, 198, 70, 66, 82, 90, 122, 250, 186, 187, 59, 51, 50, 34, 38, 46, 62, 30, 22, 20, 4, 0]
