--------------------------
date: mazes
number_of_graphs: 10
graph_type: maze
size_of_graphs: [13, 13]
heuristic: bcc_heuristic
snake: False
run_uni: False
run_bi: True
run_multi: False
solution_vertices: []
algorithms: ['IDA']
lookahead: 2
bsd: False
cube_first_dims: 4
cube_buffer_dim: None
backward_sym_generation: False
sym_coil: False
prefix_set: None

---------- mazes/13x13_maze_with_0_open_diamonds_0 ----------
[00:00:00:03:547] Path of length 84 found: [0, 1, 2, 3, 4, 17, 30, 31, 32, 19, 6, 7, 8, 9, 10, 11, 12, 25, 38, 37, 36, 49, 62, 61, 60, 59, 58, 57, 56, 55, 54, 41, 28, 27, 26, 39, 52, 65, 78, 79, 80, 81, 82, 83, 84, 85, 86, 87, 88, 89, 90, 103, 116, 115, 114, 113, 112, 111, 110, 109, 122, 135, 134, 133, 132, 131, 130, 143, 156, 157, 158, 159, 160, 161, 162, 163, 164, 165, 152, 139, 140, 141, 142, 155, 168]
[00:00:00:03:548] ! Bidirectional. expansions: 2,514, time: 3,547 [ms], path length: 84 [edges], g_F: 42, g_B: 42, generated: {'F': 3,465, 'B': 3,068}, MM: 0, MMPER: -1.0%
[00:00:00:03:548] 
---------- mazes/13x13_maze_with_1_open_diamonds_0 ----------
[00:00:01:20:881] Path of length 92 found: [0, 1, 2, 3, 4, 17, 30, 31, 32, 19, 6, 7, 8, 9, 10, 11, 12, 25, 38, 37, 36, 49, 62, 61, 60, 59, 58, 57, 56, 55, 54, 41, 28, 27, 26, 39, 52, 65, 78, 79, 80, 81, 82, 83, 84, 85, 86, 87, 88, 89, 90, 103, 116, 115, 114, 113, 112, 111, 110, 109, 108, 107, 106, 105, 118, 131, 130, 143, 156, 157, 158, 159, 146, 145, 132, 119, 120, 133, 134, 135, 136, 137, 150, 163, 164, 165, 152, 139, 140, 141, 142, 155, 168]
[00:00:01:20:882] ! Bidirectional. expansions: 54,675, time: 80,881 [ms], path length: 92 [edges], g_F: 46, g_B: 46, generated: {'F': 83,712, 'B': 91,644}, MM: 0, MMPER: -1.0%
[00:00:01:20:882] 
---------- mazes/13x13_maze_with_1_open_diamonds_1 ----------
[00:00:02:02:857] Path of length 90 found: [0, 13, 26, 39, 52, 53, 54, 41, 28, 15, 2, 3, 4, 17, 16, 29, 30, 43, 42, 55, 56, 57, 58, 45, 32, 19, 6, 7, 8, 9, 10, 11, 12, 25, 38, 37, 36, 49, 62, 61, 74, 87, 88, 89, 90, 103, 116, 115, 114, 113, 112, 99, 86, 85, 84, 83, 82, 81, 80, 79, 92, 105, 106, 107, 108, 109, 122, 135, 134, 133, 132, 131, 130, 143, 156, 157, 158, 159, 160, 161, 162, 163, 164, 165, 152, 139, 140, 141, 142, 155, 168]
[00:00:02:02:857] ! Bidirectional. expansions: 85,136, time: 122,857 [ms], path length: 90 [edges], g_F: 45, g_B: 45, generated: {'F': 132,422, 'B': 96,216}, MM: 0, MMPER: -1.0%
[00:00:02:02:857] 
---------- mazes/13x13_maze_with_1_open_diamonds_2 ----------
[00:00:00:08:478] Path of length 92 found: [0, 1, 2, 3, 4, 17, 30, 31, 32, 19, 6, 7, 8, 9, 10, 11, 12, 25, 38, 37, 36, 49, 62, 61, 60, 59, 58, 71, 72, 85, 98, 99, 86, 87, 88, 89, 90, 103, 116, 115, 114, 113, 112, 111, 110, 97, 84, 83, 70, 57, 56, 55, 54, 41, 28, 27, 26, 39, 52, 65, 78, 79, 92, 105, 106, 107, 108, 109, 122, 135, 134, 133, 132, 131, 130, 143, 156, 157, 158, 159, 160, 161, 162, 163, 164, 165, 152, 139, 140, 141, 142, 155, 168]
[00:00:00:08:478] ! Bidirectional. expansions: 5,826, time: 8,478 [ms], path length: 92 [edges], g_F: 46, g_B: 46, generated: {'F': 9,890, 'B': 8,880}, MM: 0, MMPER: -1.0%
[00:00:00:08:478] 
---------- mazes/13x13_maze_with_1_open_diamonds_3 ----------
[00:00:01:37:823] Path of length 90 found: [0, 1, 2, 3, 4, 17, 30, 43, 56, 55, 54, 41, 28, 27, 26, 39, 52, 65, 78, 79, 80, 81, 82, 83, 84, 71, 58, 45, 32, 19, 6, 7, 8, 9, 10, 11, 12, 25, 38, 37, 36, 49, 62, 61, 74, 87, 88, 101, 114, 115, 102, 89, 90, 103, 116, 129, 142, 141, 140, 139, 126, 113, 112, 99, 86, 85, 98, 111, 110, 109, 122, 135, 134, 133, 132, 131, 130, 143, 156, 157, 158, 159, 160, 161, 162, 163, 164, 165, 166, 167, 168]
[00:00:01:37:823] ! Bidirectional. expansions: 60,834, time: 97,823 [ms], path length: 90 [edges], g_F: 45, g_B: 45, generated: {'F': 85,442, 'B': 95,023}, MM: 0, MMPER: -1.0%
[00:00:01:37:823] 
---------- mazes/13x13_maze_with_1_open_diamonds_4 ----------
[00:00:01:03:877] Path of length 92 found: [0, 1, 2, 3, 4, 17, 30, 43, 56, 55, 54, 41, 28, 27, 26, 39, 52, 65, 78, 79, 80, 81, 82, 95, 108, 107, 106, 119, 132, 131, 130, 143, 156, 157, 158, 159, 160, 161, 162, 163, 150, 137, 136, 135, 134, 133, 120, 121, 122, 109, 110, 111, 112, 99, 86, 85, 84, 71, 58, 45, 32, 19, 6, 7, 8, 9, 10, 11, 12, 25, 38, 51, 64, 63, 62, 61, 74, 87, 88, 89, 90, 103, 116, 129, 142, 141, 140, 139, 152, 165, 166, 167, 168]
[00:00:01:03:878] ! Bidirectional. expansions: 40,799, time: 63,877 [ms], path length: 92 [edges], g_F: 46, g_B: 46, generated: {'F': 62,015, 'B': 65,596}, MM: 0, MMPER: -1.0%
[00:00:01:03:878] 
---------- mazes/13x13_maze_with_1_open_diamonds_5 ----------
[00:00:00:58:555] Path of length 92 found: [0, 1, 2, 3, 4, 17, 30, 43, 56, 55, 54, 41, 28, 27, 26, 39, 52, 65, 78, 79, 80, 81, 94, 107, 106, 105, 118, 119, 120, 133, 132, 131, 130, 143, 156, 157, 158, 159, 160, 161, 162, 163, 150, 137, 136, 135, 122, 121, 108, 109, 110, 111, 112, 99, 86, 85, 84, 71, 58, 45, 32, 19, 6, 7, 8, 9, 10, 11, 12, 25, 38, 51, 64, 63, 62, 61, 74, 87, 88, 89, 90, 103, 116, 129, 142, 141, 140, 139, 152, 165, 166, 167, 168]
[00:00:00:58:555] ! Bidirectional. expansions: 38,745, time: 58,555 [ms], path length: 92 [edges], g_F: 46, g_B: 46, generated: {'F': 61,143, 'B': 61,903}, MM: 0, MMPER: -1.0%
[00:00:00:58:555] 
---------- mazes/13x13_maze_with_1_open_diamonds_6 ----------
[00:00:00:04:350] Path of length 92 found: [0, 1, 2, 3, 4, 17, 30, 43, 56, 55, 54, 41, 28, 27, 26, 39, 52, 65, 78, 79, 80, 81, 82, 83, 84, 71, 58, 45, 32, 19, 6, 7, 8, 9, 10, 11, 12, 25, 38, 51, 64, 63, 62, 49, 36, 35, 34, 47, 60, 59, 72, 85, 86, 87, 74, 75, 88, 89, 90, 103, 116, 115, 114, 113, 112, 111, 110, 109, 122, 135, 134, 133, 132, 131, 130, 143, 156, 157, 158, 159, 160, 161, 162, 163, 164, 165, 152, 139, 140, 141, 142, 155, 168]
[00:00:00:04:350] ! Bidirectional. expansions: 3,040, time: 4,350 [ms], path length: 92 [edges], g_F: 46, g_B: 46, generated: {'F': 4,946, 'B': 4,159}, MM: 0, MMPER: -1.0%
[00:00:00:04:350] 
---------- mazes/13x13_maze_with_1_open_diamonds_7 ----------
[00:00:00:11:969] Path of length 94 found: [0, 1, 2, 3, 4, 17, 30, 31, 32, 19, 6, 7, 20, 21, 8, 9, 10, 11, 12, 25, 38, 51, 64, 63, 62, 49, 36, 35, 34, 33, 46, 47, 60, 61, 74, 87, 88, 89, 90, 103, 116, 115, 114, 113, 112, 99, 86, 85, 84, 71, 58, 57, 56, 55, 54, 41, 28, 27, 26, 39, 52, 65, 78, 79, 92, 105, 106, 107, 108, 109, 122, 135, 134, 133, 132, 131, 130, 143, 156, 157, 158, 159, 160, 161, 162, 163, 164, 165, 152, 139, 140, 141, 142, 155, 168]
[00:00:00:11:970] ! Bidirectional. expansions: 8,876, time: 11,969 [ms], path length: 94 [edges], g_F: 47, g_B: 47, generated: {'F': 13,050, 'B': 10,542}, MM: 0, MMPER: -1.0%
[00:00:00:11:970] 
---------- mazes/13x13_maze_with_1_open_diamonds_8 ----------
[00:00:00:11:966] Path of length 94 found: [0, 1, 2, 3, 4, 17, 30, 31, 32, 19, 6, 7, 20, 21, 8, 9, 10, 11, 12, 25, 38, 51, 64, 63, 62, 49, 36, 35, 34, 33, 46, 47, 60, 61, 74, 87, 88, 89, 90, 103, 116, 115, 114, 113, 112, 99, 86, 85, 84, 71, 58, 57, 56, 55, 54, 41, 28, 27, 26, 39, 52, 65, 78, 79, 92, 105, 106, 107, 108, 109, 122, 135, 134, 133, 132, 131, 130, 143, 156, 157, 158, 159, 160, 161, 162, 163, 164, 165, 152, 139, 140, 141, 142, 155, 168]
[00:00:00:11:966] ! Bidirectional. expansions: 8,876, time: 11,966 [ms], path length: 94 [edges], g_F: 47, g_B: 47, generated: {'F': 13,050, 'B': 10,542}, MM: 0, MMPER: -1.0%
[00:00:00:11:966] 
---------- mazes/13x13_maze_with_1_open_diamonds_9 ----------
[00:00:02:34:879] Path of length 92 found: [0, 1, 2, 3, 4, 17, 30, 43, 56, 55, 54, 41, 28, 27, 26, 39, 52, 65, 78, 79, 92, 105, 106, 107, 108, 109, 122, 123, 136, 135, 134, 133, 132, 131, 130, 143, 156, 157, 158, 159, 160, 161, 162, 163, 150, 137, 124, 125, 126, 113, 112, 111, 98, 99, 86, 85, 84, 71, 58, 45, 32, 19, 6, 7, 8, 9, 10, 11, 12, 25, 38, 51, 64, 63, 62, 61, 74, 87, 88, 89, 90, 103, 116, 129, 142, 141, 140, 139, 152, 165, 166, 167, 168]
[00:00:02:34:879] ! Bidirectional. expansions: 106,132, time: 154,879 [ms], path length: 92 [edges], g_F: 46, g_B: 46, generated: {'F': 172,332, 'B': 170,091}, MM: 0, MMPER: -1.0%
[00:00:02:34:879] 
---------- mazes/13x13_maze_with_2_open_diamonds_1 ----------
