--------------------------
date: cubes
number_of_graphs: 1
graph_type: cube
size_of_graphs: [8, 8]
heuristic: bcc_heuristic
snake: True
run_uni: False
run_bi: True
run_multi: False
solution_vertices: []
algorithms: ['DFBnB']
lookahead: 4
bsd: False
cube_first_dims: 5
cube_buffer_dim: None
backward_sym_generation: False
sym_coil: False
prefix_set: None

---------- cubes/8d_cube ----------
[00:00:00:00:014] Expansions: 0. Checks - state_vs_state: 0, state_vs_prefix: 0, prefix_vs_prefix: 1
[00:00:00:01:104] Expansion 1: New longest path found with length 5: [31, 27, 25, 24, 16, 0]
[00:00:00:10:753] Expansion 2: New longest path found with length 9: [31, 29, 21, 53, 37, 45, 44, 12, 4, 0]
[00:00:00:11:300] Expansion 3: New longest path found with length 13: [31, 29, 21, 53, 37, 101, 100, 116, 84, 92, 76, 12, 4, 0]
[00:00:00:14:586] Expansion 4: New longest path found with length 17: [31, 29, 21, 53, 37, 101, 69, 197, 196, 198, 70, 86, 84, 92, 76, 12, 4, 0]
[00:00:00:16:865] Expansion 6: New longest path found with length 25: [31, 29, 21, 53, 37, 101, 69, 197, 133, 141, 173, 169, 168, 136, 138, 154, 146, 18, 22, 86, 84, 92, 76, 12, 4, 0]
[00:00:00:24:001] Expansion 7: New longest path found with length 29: [31, 29, 21, 53, 37, 101, 69, 197, 133, 141, 173, 189, 191, 183, 182, 180, 148, 156, 158, 154, 146, 18, 22, 86, 84, 92, 76, 12, 4, 0]
[00:00:00:25:133] Expansion 9: New longest path found with length 37: [31, 29, 21, 53, 37, 101, 69, 197, 133, 141, 173, 189, 191, 183, 151, 215, 223, 219, 217, 216, 248, 184, 176, 180, 148, 156, 158, 154, 146, 18, 22, 86, 84, 92, 76, 12, 4, 0]
[00:00:00:25:329] Expansion 10: New longest path found with length 41: [31, 29, 21, 53, 37, 101, 69, 197, 133, 141, 173, 189, 191, 183, 151, 215, 223, 207, 206, 198, 194, 192, 200, 136, 168, 184, 176, 180, 148, 156, 158, 154, 146, 18, 22, 86, 84, 92, 76, 12, 4, 0]
[00:00:00:25:528] Expansion 11: New longest path found with length 45: [31, 29, 21, 53, 37, 101, 69, 197, 133, 141, 173, 189, 191, 183, 151, 215, 223, 207, 206, 198, 134, 166, 162, 226, 224, 192, 200, 136, 168, 184, 176, 180, 148, 156, 158, 154, 146, 18, 22, 86, 84, 92, 76, 12, 4, 0]
[00:00:00:25:660] Expansion 13: New longest path found with length 53: [31, 29, 21, 53, 37, 101, 69, 197, 133, 141, 173, 189, 191, 183, 151, 215, 223, 207, 206, 198, 134, 166, 174, 46, 110, 106, 234, 250, 254, 252, 236, 228, 224, 192, 200, 136, 168, 184, 176, 180, 148, 156, 158, 154, 146, 18, 22, 86, 84, 92, 76, 12, 4, 0]
[00:00:00:25:714] Expansion 14: New longest path found with length 55: [31, 29, 21, 53, 37, 101, 69, 197, 133, 141, 173, 189, 191, 183, 151, 215, 223, 207, 206, 198, 134, 166, 174, 46, 110, 102, 98, 114, 242, 246, 254, 252, 236, 228, 224, 192, 200, 136, 168, 184, 176, 180, 148, 156, 158, 154, 146, 18, 22, 86, 84, 92, 76, 12, 4, 0]
[00:00:00:25:717] Expansion 14: New longest path found with length 57: [31, 29, 21, 53, 37, 101, 69, 197, 133, 141, 173, 189, 191, 183, 151, 215, 223, 207, 206, 198, 134, 166, 174, 46, 110, 102, 98, 99, 227, 243, 242, 246, 254, 252, 236, 228, 224, 192, 200, 136, 168, 184, 176, 180, 148, 156, 158, 154, 146, 18, 22, 86, 84, 92, 76, 12, 4, 0]
[00:00:00:25:754] Expansion 15: New longest path found with length 61: [31, 29, 21, 53, 37, 101, 69, 197, 133, 141, 173, 189, 191, 183, 151, 215, 223, 207, 206, 198, 134, 166, 174, 46, 110, 102, 98, 66, 74, 90, 122, 123, 115, 243, 242, 246, 254, 252, 236, 228, 224, 192, 200, 136, 168, 184, 176, 180, 148, 156, 158, 154, 146, 18, 22, 86, 84, 92, 76, 12, 4, 0]
[00:00:00:26:067] Expansion 16: New longest path found with length 65: [31, 29, 21, 53, 37, 101, 69, 197, 133, 141, 173, 189, 191, 183, 151, 215, 223, 207, 206, 198, 134, 166, 174, 46, 110, 102, 98, 66, 74, 90, 122, 58, 59, 43, 171, 163, 227, 243, 242, 246, 254, 252, 236, 228, 224, 192, 200, 136, 168, 184, 176, 180, 148, 156, 158, 154, 146, 18, 22, 86, 84, 92, 76, 12, 4, 0]
[00:00:00:26:221] Expansion 18: New longest path found with length 73: [31, 29, 21, 53, 37, 101, 69, 197, 133, 141, 173, 189, 191, 183, 151, 215, 223, 207, 206, 198, 134, 166, 174, 46, 110, 102, 98, 66, 74, 90, 122, 120, 112, 113, 81, 209, 217, 249, 233, 105, 41, 43, 171, 163, 227, 243, 242, 246, 254, 252, 236, 228, 224, 192, 200, 136, 168, 184, 176, 180, 148, 156, 158, 154, 146, 18, 22, 86, 84, 92, 76, 12, 4, 0]
[00:00:00:26:591] Expansion 30: New longest path found with length 75: [31, 29, 21, 53, 37, 101, 69, 197, 133, 141, 173, 189, 191, 183, 151, 215, 223, 207, 206, 198, 134, 166, 174, 46, 110, 102, 98, 66, 74, 75, 73, 105, 233, 249, 217, 209, 81, 113, 112, 120, 122, 58, 59, 43, 171, 163, 227, 243, 242, 246, 254, 252, 236, 228, 224, 192, 200, 136, 168, 184, 176, 180, 148, 156, 158, 154, 146, 18, 22, 86, 84, 92, 76, 12, 4, 0]
