--------------------------
date: cubes
number_of_graphs: 1
graph_type: cube
size_of_graphs: [8, 8]
heuristic: bcc_heuristic
snake: True
run_uni: False
run_bi: True
run_multi: False
solution_vertices: []
algorithms: ['DFBnB_dovetailing']
lookahead: 4
bsd: False
cube_first_dims: 4
cube_buffer_dim: None
backward_sym_generation: False
sym_coil: False
prefix_set: None

---------- cubes/8d_cube ----------
[00:00:00:00:014] Expansions: 0. Checks - state_vs_state: 0, state_vs_prefix: 0, prefix_vs_prefix: 1
[00:00:00:00:913] Expansion 1: New longest path found with length 4: [15, 13, 12, 8, 0]
[00:00:00:06:319] Expansion 2: New longest path found with length 8: [15, 13, 12, 28, 20, 148, 132, 128, 0]
[00:00:00:10:861] Expansion 4: New longest path found with length 16: [15, 13, 12, 28, 20, 21, 53, 37, 36, 100, 68, 69, 197, 133, 132, 128, 0]
[00:00:00:14:242] Expansion 9: New longest path found with length 26: [15, 13, 12, 28, 20, 21, 53, 37, 36, 38, 34, 42, 10, 26, 18, 146, 210, 194, 66, 70, 68, 69, 197, 133, 132, 128, 0]
[00:00:00:21:124] Expansion 22: New longest path found with length 36: [15, 13, 29, 25, 24, 56, 40, 104, 72, 73, 75, 107, 43, 59, 51, 49, 53, 37, 101, 69, 197, 205, 207, 206, 78, 70, 66, 98, 34, 38, 46, 62, 30, 22, 20, 4, 0]
[00:00:00:21:363] Expansion 26: New longest path found with length 44: [15, 13, 29, 25, 24, 56, 40, 104, 72, 73, 75, 107, 43, 59, 51, 49, 53, 37, 165, 167, 163, 227, 195, 211, 83, 87, 85, 69, 197, 205, 207, 206, 78, 70, 66, 98, 34, 38, 46, 62, 30, 22, 20, 4, 0]
[00:00:00:21:731] Expansion 35: New longest path found with length 62: [15, 13, 29, 25, 24, 56, 40, 104, 72, 73, 75, 107, 43, 59, 51, 49, 53, 37, 165, 167, 163, 227, 225, 224, 160, 176, 144, 208, 80, 112, 116, 124, 125, 121, 249, 185, 189, 191, 159, 151, 147, 211, 83, 87, 85, 69, 197, 205, 207, 206, 78, 70, 66, 98, 34, 38, 46, 62, 30, 22, 20, 4, 0]
[00:00:00:35:341] Expansion 84: New longest path found with length 64: [15, 13, 29, 25, 24, 56, 40, 104, 96, 112, 80, 82, 90, 122, 123, 121, 125, 109, 237, 173, 169, 185, 177, 241, 245, 213, 149, 151, 159, 155, 219, 217, 201, 200, 136, 140, 156, 220, 92, 76, 78, 206, 238, 234, 235, 227, 99, 103, 119, 118, 246, 182, 180, 164, 160, 162, 34, 38, 46, 62, 30, 22, 20, 4, 0]
[00:00:00:47:794] Expansion 152: New longest path found with length 76: [15, 13, 29, 25, 24, 56, 40, 41, 105, 73, 72, 76, 92, 124, 125, 127, 95, 87, 85, 81, 113, 112, 96, 100, 101, 37, 53, 181, 245, 247, 243, 227, 163, 167, 175, 239, 238, 236, 172, 140, 136, 137, 139, 203, 219, 217, 221, 205, 197, 193, 192, 208, 144, 146, 130, 134, 198, 70, 66, 82, 90, 122, 250, 186, 187, 59, 51, 50, 34, 38, 46, 62, 30, 22, 20, 4, 0]
[00:00:01:24:606] Expansion 329: New longest path found with length 78: [15, 13, 29, 25, 24, 56, 40, 104, 72, 73, 75, 107, 43, 59, 51, 49, 53, 37, 101, 97, 225, 161, 163, 167, 231, 230, 228, 164, 180, 176, 240, 112, 80, 81, 85, 87, 215, 214, 212, 220, 92, 124, 125, 127, 255, 191, 189, 185, 249, 217, 219, 218, 250, 234, 170, 138, 130, 146, 147, 145, 149, 133, 197, 205, 207, 206, 78, 70, 66, 98, 34, 38, 46, 62, 30, 22, 20, 4, 0]
