--------------------------
date: cubes
number_of_graphs: 1
graph_type: cube
size_of_graphs: [8, 8]
heuristic: bcc_heuristic
snake: True
run_uni: False
run_bi: True
run_multi: False
solution_vertices: []
algorithms: ['DFBnB']
lookahead: 4
bsd: False
cube_first_dims: 4
cube_buffer_dim: None
backward_sym_generation: False
sym_coil: False
prefix_set: None

---------- cubes/8d_cube ----------
[00:00:00:00:015] Expansions: 0. Checks - state_vs_state: 0, state_vs_prefix: 0, prefix_vs_prefix: 1
[00:00:00:01:028] Expansion 1: New longest path found with length 4: [15, 13, 12, 8, 0]
[00:00:00:06:255] Expansion 2: New longest path found with length 8: [15, 13, 12, 28, 20, 148, 132, 128, 0]
[00:00:00:10:407] Expansion 4: New longest path found with length 16: [15, 13, 12, 28, 20, 21, 53, 37, 36, 100, 68, 69, 197, 133, 132, 128, 0]
[00:00:00:13:576] Expansion 9: New longest path found with length 26: [15, 13, 12, 28, 20, 21, 53, 37, 36, 38, 34, 42, 10, 26, 18, 146, 210, 194, 66, 70, 68, 69, 197, 133, 132, 128, 0]
[00:00:00:14:219] Expansion 20: New longest path found with length 46: [15, 13, 12, 28, 20, 21, 53, 37, 36, 38, 34, 42, 10, 26, 27, 25, 57, 41, 105, 73, 75, 203, 139, 171, 163, 179, 177, 145, 209, 81, 83, 87, 215, 151, 150, 146, 210, 194, 66, 70, 68, 69, 197, 133, 132, 128, 0]
[00:00:00:14:345] Expansion 27: New longest path found with length 54: [15, 13, 12, 28, 20, 21, 53, 37, 36, 38, 34, 42, 10, 26, 27, 25, 57, 41, 105, 73, 75, 203, 139, 171, 175, 191, 63, 127, 111, 103, 99, 227, 243, 179, 177, 145, 209, 81, 83, 87, 215, 151, 150, 146, 210, 194, 66, 70, 68, 69, 197, 133, 132, 128, 0]
[00:00:00:14:348] Expansion 28: New longest path found with length 56: [15, 13, 12, 28, 20, 21, 53, 37, 36, 38, 34, 42, 10, 26, 27, 25, 57, 41, 105, 73, 75, 203, 139, 171, 175, 191, 63, 62, 126, 110, 111, 103, 99, 227, 243, 179, 177, 145, 209, 81, 83, 87, 215, 151, 150, 146, 210, 194, 66, 70, 68, 69, 197, 133, 132, 128, 0]
[00:00:00:14:536] Expansion 35: New longest path found with length 66: [15, 13, 12, 28, 20, 21, 53, 37, 36, 38, 34, 42, 10, 26, 27, 25, 57, 41, 105, 73, 75, 203, 139, 171, 175, 191, 189, 157, 221, 220, 204, 200, 232, 224, 96, 112, 114, 122, 123, 127, 111, 103, 99, 227, 243, 179, 177, 145, 209, 81, 83, 87, 215, 151, 150, 146, 210, 194, 66, 70, 68, 69, 197, 133, 132, 128, 0]
[00:00:00:14:573] Expansion 39: New longest path found with length 70: [15, 13, 12, 28, 20, 21, 53, 37, 36, 38, 34, 42, 10, 26, 27, 25, 57, 41, 105, 73, 75, 203, 139, 171, 175, 191, 189, 157, 221, 220, 204, 200, 232, 234, 238, 230, 228, 244, 240, 112, 114, 122, 123, 127, 111, 103, 99, 227, 243, 179, 177, 145, 209, 81, 83, 87, 215, 151, 150, 146, 210, 194, 66, 70, 68, 69, 197, 133, 132, 128, 0]
[00:00:00:15:429] Expansion 103: New longest path found with length 72: [15, 13, 12, 28, 20, 21, 53, 37, 36, 38, 34, 42, 10, 26, 27, 25, 57, 41, 105, 73, 75, 203, 139, 171, 175, 191, 189, 157, 221, 220, 216, 152, 184, 168, 232, 234, 238, 230, 228, 244, 116, 112, 114, 122, 123, 127, 111, 103, 99, 227, 243, 179, 177, 145, 209, 81, 83, 87, 215, 151, 150, 146, 210, 194, 66, 70, 68, 69, 197, 133, 132, 128, 0]
[00:00:00:16:206] Expansion 167: New longest path found with length 74: [15, 13, 12, 28, 20, 21, 53, 37, 36, 38, 34, 42, 10, 26, 27, 25, 57, 41, 105, 73, 75, 203, 139, 171, 175, 191, 189, 157, 221, 220, 216, 152, 184, 168, 172, 236, 228, 224, 96, 112, 116, 118, 246, 254, 250, 122, 123, 127, 111, 103, 99, 227, 243, 179, 177, 145, 209, 81, 83, 87, 215, 151, 150, 146, 210, 194, 66, 70, 68, 69, 197, 133, 132, 128, 0]
[00:00:00:30:902] Expansion 958: New longest path found with length 76: [15, 13, 12, 28, 20, 21, 53, 37, 36, 38, 34, 42, 10, 26, 27, 25, 57, 41, 105, 73, 75, 203, 139, 171, 175, 191, 189, 157, 221, 93, 125, 124, 252, 244, 228, 224, 96, 112, 114, 122, 250, 186, 184, 152, 216, 200, 204, 206, 238, 110, 111, 103, 99, 227, 243, 179, 177, 145, 209, 81, 83, 87, 215, 151, 150, 146, 210, 194, 66, 70, 68, 69, 197, 133, 132, 128, 0]
[00:00:04:30:957] Expansion 12,058: New longest path found with length 78: [15, 13, 12, 28, 20, 21, 53, 37, 36, 38, 34, 42, 10, 26, 27, 25, 57, 41, 105, 73, 75, 203, 139, 171, 175, 173, 189, 157, 221, 93, 125, 127, 111, 110, 108, 236, 204, 206, 222, 254, 190, 186, 184, 152, 216, 88, 120, 122, 114, 118, 116, 244, 240, 224, 225, 227, 243, 179, 177, 145, 209, 81, 83, 87, 215, 151, 150, 146, 210, 194, 66, 70, 68, 69, 197, 133, 132, 128, 0]
