--------------------------
date: mazes
number_of_graphs: 10
graph_type: maze
size_of_graphs: [13, 13]
heuristic: bcc_heuristic
snake: False
run_uni: True
run_bi: True
run_multi: False
solution_vertices: []
algorithms: ['XMM']
lookahead: 1
bsd: False
cube_first_dims: 4
cube_buffer_dim: None
backward_sym_generation: False
sym_coil: False
prefix_set: None

---------- mazes/13x13_maze_with_1_open_diamonds_0 ----------
[00:00:00:23:175] Expansion 10,000: state None, f=97, g=35
[00:00:00:45:738] Expansion 20,000: state None, f=95, g=20
[00:00:01:06:207] Expansion 30,000: state None, f=93, g=30
[00:00:01:10:009] Path of length 92 found: [0, 1, 2, 3, 4, 17, 30, 31, 32, 19, 6, 7, 8, 9, 10, 11, 12, 25, 38, 37, 36, 49, 62, 61, 60, 59, 58, 57, 56, 55, 54, 41, 28, 27, 26, 39, 52, 65, 78, 79, 80, 81, 82, 83, 84, 85, 86, 87, 88, 89, 90, 103, 116, 115, 114, 113, 112, 111, 110, 109, 122, 135, 134, 133, 132, 119, 120, 107, 106, 105, 118, 131, 130, 143, 156, 157, 144, 145, 146, 159, 160, 161, 162, 163, 164, 165, 152, 139, 140, 141, 142, 155, 168]
[00:00:01:10:010] ! Unidirectional s-t. expansions: 31,360, time: 70,009 [ms], path length: 92 [edges], generated: 47,235
[00:00:00:27:806] Expansion 10,000: state None, f=101, g=28
[00:00:00:50:789] Expansion 20,000: state None, f=99, g=45
[00:00:01:11:319] Expansion 30,000: state None, f=98, g=33
[00:00:01:33:081] Expansion 40,000: state None, f=97, g=38
[00:00:01:52:736] Expansion 50,000: state None, f=96, g=42
[00:00:02:15:184] Expansion 60,000: state None, f=95, g=60
[00:00:02:36:386] Expansion 70,000: state None, f=95, g=23
[00:00:02:53:753] Expansion 80,000: state None, f=94, g=43
[00:00:03:15:908] Expansion 90,000: state None, f=94, g=31
[00:00:03:33:306] Expansion 100,000: state None, f=93, g=45
[00:00:03:54:884] Path of length 92 found: [168, 155, 142, 141, 140, 139, 152, 165, 164, 163, 150, 137, 136, 135, 134, 133, 146, 159, 158, 157, 156, 143, 130, 131, 144, 145, 132, 119, 118, 105, 106, 107, 108, 109, 110, 111, 112, 113, 114, 115, 116, 103, 90, 89, 88, 87, 86, 85, 84, 83, 82, 81, 80, 79, 78, 65, 52, 39, 26, 27, 28, 41, 54, 55, 56, 57, 58, 59, 60, 61, 62, 63, 64, 51, 38, 25, 12, 11, 10, 9, 8, 7, 6, 19, 32, 31, 30, 17, 4, 3, 2, 1, 0]
[00:00:03:54:886] ! Unidirectional t-s. expansions: 108,294, time: 234,884 [ms], path length: 92 [edges], generated: 154,445
[00:00:00:50:029] Expansion 20,000: f=100, g=43
[00:00:01:53:862] Expansion 40,000: f=97, g=41
[00:00:02:41:996] Expansion 60,000: f=96, g=30
[00:00:03:29:677] Expansion 80,000: f=94, g=28
[00:00:04:16:549] Path of length 92 found: [0, 1, 2, 3, 4, 17, 30, 31, 32, 19, 6, 7, 8, 9, 10, 11, 12, 25, 38, 37, 36, 49, 62, 61, 60, 59, 58, 57, 56, 55, 54, 41, 28, 27, 26, 39, 52, 65, 78, 79, 80, 81, 82, 83, 84, 85, 86, 87, 88, 89, 90, 103, 116, 115, 114, 113, 112, 111, 110, 109, 108, 107, 106, 105, 118, 119, 132, 145, 144, 131, 130, 143, 156, 157, 158, 159, 146, 133, 134, 135, 136, 137, 150, 163, 164, 165, 152, 139, 140, 141, 142, 155, 168]
[00:00:04:16:554] ! Bidirectional. expansions: 98,880, time: 256,550 [ms], path length: 92 [edges], g_F: 41, g_B: 51, generated: 139,473, MM: 10, MMPER: 9.75268817204301%
[00:00:04:16:556] 
---------- mazes/13x13_maze_with_1_open_diamonds_1 ----------
[00:00:00:47:674] Expansion 10,000: state None, f=98, g=40
[00:00:01:12:553] Expansion 20,000: state None, f=95, g=36
[00:00:01:33:413] Expansion 30,000: state None, f=93, g=35
[00:00:01:57:426] Expansion 40,000: state None, f=92, g=23
[00:00:02:14:210] Expansion 50,000: state None, f=91, g=30
[00:00:02:17:346] Path of length 90 found: [0, 1, 2, 15, 28, 27, 26, 39, 52, 53, 54, 41, 42, 29, 16, 3, 4, 17, 30, 43, 56, 57, 58, 45, 32, 19, 6, 7, 8, 9, 10, 11, 12, 25, 38, 37, 36, 49, 62, 61, 74, 87, 88, 89, 90, 103, 116, 115, 114, 113, 112, 99, 86, 85, 84, 83, 82, 81, 80, 79, 92, 105, 106, 107, 108, 109, 122, 135, 134, 133, 132, 131, 130, 143, 156, 157, 158, 159, 160, 161, 162, 163, 164, 165, 152, 139, 140, 141, 142, 155, 168]
[00:00:02:17:348] ! Unidirectional s-t. expansions: 51,200, time: 137,346 [ms], path length: 90 [edges], generated: 69,643
[00:00:00:13:907] Path of length 90 found: [168, 155, 142, 141, 140, 139, 152, 165, 164, 163, 162, 161, 160, 159, 158, 157, 156, 143, 130, 131, 132, 133, 134, 135, 122, 109, 108, 107, 106, 105, 92, 79, 80, 81, 82, 83, 84, 85, 86, 99, 112, 113, 114, 115, 116, 103, 90, 89, 88, 87, 74, 61, 62, 63, 64, 51, 38, 25, 12, 11, 10, 9, 8, 7, 6, 19, 32, 45, 58, 57, 56, 43, 30, 17, 4, 3, 16, 29, 42, 55, 54, 53, 52, 39, 26, 27, 28, 15, 2, 1, 0]
[00:00:00:13:920] ! Unidirectional t-s. expansions: 1,607, time: 13,907 [ms], path length: 90 [edges], generated: 2,500
[00:00:00:53:255] Expansion 20,000: f=95, g=22
[00:00:01:38:351] Expansion 40,000: f=91, g=22
[00:00:01:40:192] Path of length 90 found: [0, 1, 2, 15, 28, 27, 26, 39, 52, 53, 54, 41, 42, 29, 16, 3, 4, 17, 30, 43, 56, 57, 58, 45, 32, 19, 6, 7, 8, 9, 10, 11, 12, 25, 38, 37, 36, 49, 62, 61, 74, 87, 88, 89, 90, 103, 116, 115, 114, 113, 112, 99, 86, 85, 84, 83, 82, 81, 80, 79, 92, 105, 106, 107, 108, 109, 122, 135, 134, 133, 132, 131, 130, 143, 156, 157, 158, 159, 160, 161, 162, 163, 164, 165, 152, 139, 140, 141, 142, 155, 168]
[00:00:01:40:199] ! Bidirectional. expansions: 40,772, time: 100,193 [ms], path length: 90 [edges], g_F: 39, g_B: 51, generated: 56,015, MM: 12, MMPER: 12.186813186813186%
[00:00:01:40:201] 
---------- mazes/13x13_maze_with_1_open_diamonds_2 ----------
[00:00:00:27:925] Expansion 10,000: state None, f=96, g=47
[00:00:00:47:720] Expansion 20,000: state None, f=94, g=34
[00:00:01:07:241] Path of length 92 found: [0, 1, 2, 3, 4, 17, 30, 43, 56, 55, 54, 41, 28, 27, 26, 39, 52, 65, 78, 79, 80, 81, 82, 83, 70, 57, 58, 45, 32, 19, 6, 7, 8, 9, 10, 11, 12, 25, 38, 37, 36, 49, 62, 61, 60, 59, 72, 71, 84, 85, 86, 87, 88, 89, 90, 103, 116, 115, 114, 113, 112, 99, 98, 111, 110, 97, 96, 109, 122, 135, 134, 133, 132, 131, 130, 143, 156, 157, 158, 159, 160, 161, 162, 163, 164, 165, 152, 139, 140, 141, 142, 155, 168]
[00:00:01:07:244] ! Unidirectional s-t. expansions: 29,438, time: 67,241 [ms], path length: 92 [edges], generated: 44,753
[00:00:00:23:653] Expansion 10,000: state None, f=96, g=49
[00:00:00:40:746] Expansion 20,000: state None, f=94, g=44
[00:00:00:50:850] Path of length 92 found: [168, 155, 142, 141, 140, 139, 152, 165, 164, 163, 162, 161, 160, 159, 158, 157, 156, 143, 130, 131, 132, 133, 134, 135, 122, 109, 110, 111, 112, 113, 114, 115, 116, 103, 90, 89, 88, 87, 86, 99, 98, 85, 72, 59, 60, 61, 62, 63, 64, 51, 38, 25, 12, 11, 10, 9, 8, 7, 6, 19, 32, 45, 58, 57, 70, 71, 84, 97, 96, 83, 82, 81, 80, 79, 78, 65, 52, 39, 26, 27, 28, 41, 54, 55, 56, 43, 30, 17, 4, 3, 2, 1, 0]
[00:00:00:50:857] ! Unidirectional t-s. expansions: 25,254, time: 50,855 [ms], path length: 92 [edges], generated: 36,149
[00:00:00:56:274] Expansion 20,000: f=93, g=40
[00:00:01:30:606] Path of length 92 found: [168, 155, 142, 141, 140, 139, 152, 165, 164, 163, 162, 161, 160, 159, 158, 157, 156, 143, 130, 131, 132, 133, 134, 135, 122, 109, 108, 107, 106, 105, 92, 79, 78, 65, 52, 39, 26, 27, 28, 41, 54, 55, 56, 57, 70, 83, 84, 97, 110, 111, 112, 113, 114, 115, 116, 103, 90, 89, 88, 87, 86, 99, 98, 85, 72, 71, 58, 59, 60, 61, 62, 49, 36, 37, 38, 25, 12, 11, 10, 9, 8, 7, 6, 19, 32, 31, 30, 17, 4, 3, 2, 1, 0]
[00:00:01:30:609] ! Bidirectional. expansions: 33,114, time: 90,606 [ms], path length: 92 [edges], g_F: 44, g_B: 48, generated: 52,422, MM: 4, MMPER: 3.301075268817204%
[00:00:01:30:610] 
---------- mazes/13x13_maze_with_1_open_diamonds_3 ----------
[00:00:00:27:954] Expansion 10,000: state None, f=92, g=56
[00:00:00:47:693] Expansion 20,000: state None, f=91, g=34
[00:00:00:49:681] Path of length 90 found: [0, 1, 2, 3, 4, 17, 30, 31, 32, 19, 6, 7, 8, 9, 10, 11, 12, 25, 38, 37, 36, 49, 62, 61, 60, 59, 58, 57, 56, 55, 54, 41, 28, 27, 26, 39, 52, 65, 78, 79, 80, 81, 82, 83, 84, 85, 86, 87, 88, 89, 90, 103, 116, 129, 142, 141, 140, 139, 126, 113, 114, 115, 102, 101, 100, 99, 98, 111, 110, 109, 122, 135, 134, 133, 132, 131, 130, 143, 156, 157, 158, 159, 160, 161, 162, 163, 164, 165, 166, 167, 168]
[00:00:00:49:683] ! Unidirectional s-t. expansions: 20,438, time: 49,681 [ms], path length: 90 [edges], generated: 31,641
[00:00:00:26:341] Expansion 10,000: state None, f=98, g=58
[00:00:00:47:370] Expansion 20,000: state None, f=95, g=59
[00:00:01:05:574] Expansion 30,000: state None, f=93, g=58
[00:00:01:24:045] Expansion 40,000: state None, f=92, g=39
[00:00:01:42:940] Path of length 90 found: [168, 167, 166, 165, 164, 163, 162, 161, 160, 159, 158, 157, 156, 143, 130, 131, 132, 133, 134, 135, 122, 109, 110, 111, 98, 85, 86, 99, 112, 113, 126, 139, 140, 141, 142, 129, 116, 115, 114, 101, 102, 103, 90, 89, 88, 87, 74, 61, 62, 63, 64, 51, 38, 25, 12, 11, 10, 9, 8, 7, 6, 19, 32, 45, 58, 71, 84, 83, 82, 81, 80, 79, 78, 65, 52, 39, 26, 27, 28, 41, 54, 55, 56, 43, 30, 17, 4, 3, 2, 1, 0]
[00:00:01:42:941] ! Unidirectional t-s. expansions: 49,827, time: 102,940 [ms], path length: 90 [edges], generated: 71,852
[00:00:00:56:907] Expansion 20,000: f=95, g=35
[00:00:01:48:040] Expansion 40,000: f=89, g=43
[00:00:02:00:972] Path of length 90 found: [168, 167, 166, 165, 164, 163, 162, 161, 160, 159, 158, 157, 156, 143, 130, 131, 132, 133, 134, 135, 122, 109, 110, 111, 112, 113, 126, 139, 140, 141, 142, 129, 116, 115, 114, 101, 102, 103, 90, 89, 88, 87, 100, 99, 98, 85, 84, 83, 82, 81, 80, 79, 78, 65, 52, 39, 26, 27, 28, 41, 54, 55, 56, 57, 58, 59, 60, 61, 62, 49, 36, 37, 38, 25, 12, 11, 10, 9, 8, 7, 6, 19, 32, 31, 30, 17, 4, 3, 2, 1, 0]
[00:00:02:00:975] ! Bidirectional. expansions: 44,405, time: 120,972 [ms], path length: 90 [edges], g_F: 50, g_B: 40, generated: 66,725, MM: 10, MMPER: 9.989010989010989%
[00:00:02:00:977] 
---------- mazes/13x13_maze_with_1_open_diamonds_4 ----------
[00:00:00:32:641] Expansion 10,000: state None, f=97, g=59
[00:00:00:54:601] Expansion 20,000: state None, f=95, g=25
[00:00:01:13:595] Expansion 30,000: state None, f=93, g=51
[00:00:01:22:082] Path of length 92 found: [0, 1, 2, 3, 4, 17, 30, 31, 32, 19, 6, 7, 8, 9, 10, 11, 12, 25, 38, 37, 36, 49, 62, 61, 60, 59, 58, 57, 56, 55, 54, 41, 28, 27, 26, 39, 52, 65, 78, 79, 80, 81, 82, 83, 84, 85, 86, 87, 88, 89, 90, 103, 116, 115, 114, 113, 112, 111, 110, 109, 108, 107, 106, 119, 132, 131, 130, 143, 156, 157, 158, 159, 160, 147, 134, 133, 120, 121, 122, 123, 136, 137, 150, 163, 164, 165, 152, 139, 140, 141, 142, 155, 168]
[00:00:01:22:085] ! Unidirectional s-t. expansions: 33,578, time: 82,082 [ms], path length: 92 [edges], generated: 51,823
[00:00:00:30:694] Expansion 10,000: state None, f=101, g=32
[00:00:00:54:268] Expansion 20,000: state None, f=99, g=33
[00:00:01:15:661] Expansion 30,000: state None, f=97, g=50
[00:00:01:36:084] Expansion 40,000: state None, f=96, g=45
[00:00:01:57:579] Expansion 50,000: state None, f=95, g=38
[00:00:02:16:440] Expansion 60,000: state None, f=94, g=63
[00:00:02:37:536] Expansion 70,000: state None, f=93, g=77
[00:00:02:58:209] Expansion 80,000: state None, f=93, g=34
[00:00:03:04:441] Path of length 92 found: [168, 167, 166, 165, 152, 139, 140, 141, 142, 129, 116, 103, 90, 89, 88, 87, 74, 61, 62, 63, 64, 51, 38, 25, 12, 11, 10, 9, 8, 7, 6, 19, 32, 45, 58, 71, 84, 85, 86, 99, 112, 111, 110, 123, 136, 137, 150, 163, 162, 161, 160, 159, 158, 157, 156, 143, 130, 131, 132, 119, 106, 107, 120, 133, 134, 135, 122, 109, 108, 95, 82, 81, 80, 79, 78, 65, 52, 39, 26, 27, 28, 41, 54, 55, 56, 43, 30, 17, 4, 3, 2, 1, 0]
[00:00:03:04:442] ! Unidirectional t-s. expansions: 82,439, time: 184,441 [ms], path length: 92 [edges], generated: 118,601
[00:00:01:03:563] Expansion 20,000: f=99, g=44
[00:00:01:53:153] Expansion 40,000: f=96, g=40
[00:00:02:44:323] Expansion 60,000: f=94, g=17
[00:00:03:34:474] Expansion 80,000: f=92, g=39
[00:00:04:02:681] Path of length 92 found: [0, 1, 2, 3, 4, 17, 30, 31, 32, 19, 6, 7, 8, 9, 10, 11, 12, 25, 38, 37, 36, 49, 62, 61, 60, 59, 58, 57, 56, 55, 54, 41, 28, 27, 26, 39, 52, 65, 78, 79, 92, 105, 106, 107, 120, 121, 122, 109, 108, 95, 82, 83, 84, 85, 86, 87, 88, 89, 90, 103, 116, 115, 114, 113, 112, 111, 110, 123, 136, 135, 134, 133, 132, 131, 130, 143, 156, 157, 158, 159, 160, 161, 162, 163, 164, 165, 152, 139, 140, 141, 142, 155, 168]
[00:00:04:02:684] ! Bidirectional. expansions: 90,131, time: 242,681 [ms], path length: 92 [edges], g_F: 41, g_B: 51, generated: 130,932, MM: 10, MMPER: 9.75268817204301%
[00:00:04:02:686] 
---------- mazes/13x13_maze_with_1_open_diamonds_5 ----------
[00:00:00:22:792] Expansion 10,000: state None, f=98, g=46
[00:00:01:02:349] Expansion 20,000: state None, f=95, g=60
[00:00:01:22:795] Expansion 30,000: state None, f=93, g=71
[00:00:01:38:603] Path of length 92 found: [0, 1, 2, 3, 4, 17, 30, 31, 32, 19, 6, 7, 8, 9, 10, 11, 12, 25, 38, 37, 36, 49, 62, 61, 60, 59, 58, 57, 56, 55, 54, 41, 28, 27, 26, 39, 52, 65, 78, 79, 80, 81, 82, 83, 84, 85, 86, 87, 88, 89, 90, 103, 116, 115, 114, 113, 112, 111, 110, 109, 108, 107, 106, 105, 118, 131, 130, 143, 156, 157, 158, 159, 146, 133, 132, 119, 120, 121, 122, 135, 136, 137, 150, 163, 164, 165, 152, 139, 140, 141, 142, 155, 168]
[00:00:01:38:606] ! Unidirectional s-t. expansions: 36,899, time: 98,603 [ms], path length: 92 [edges], generated: 55,900
[00:00:00:32:052] Expansion 10,000: state None, f=100, g=50
[00:00:00:54:505] Expansion 20,000: state None, f=98, g=49
[00:00:01:17:077] Expansion 30,000: state None, f=97, g=24
[00:00:01:38:355] Expansion 40,000: state None, f=96, g=31
[00:00:02:00:095] Expansion 50,000: state None, f=95, g=17
[00:00:02:19:697] Expansion 60,000: state None, f=94, g=42
[00:00:02:42:608] Expansion 70,000: state None, f=93, g=50
[00:00:02:59:831] Path of length 92 found: [168, 167, 166, 165, 152, 139, 140, 141, 142, 129, 116, 103, 90, 89, 88, 87, 74, 61, 62, 63, 64, 51, 38, 25, 12, 11, 10, 9, 8, 7, 6, 19, 32, 45, 58, 71, 84, 85, 86, 99, 112, 111, 110, 109, 122, 135, 136, 137, 150, 163, 162, 161, 160, 159, 158, 157, 156, 143, 130, 131, 118, 105, 106, 119, 132, 133, 134, 121, 108, 107, 94, 81, 80, 79, 78, 65, 52, 39, 26, 27, 28, 41, 54, 55, 56, 43, 30, 17, 4, 3, 2, 1, 0]
[00:00:02:59:834] ! Unidirectional t-s. expansions: 77,684, time: 179,832 [ms], path length: 92 [edges], generated: 112,634
[00:00:01:05:839] Expansion 20,000: f=99, g=35
[00:00:01:56:246] Expansion 40,000: f=96, g=33
[00:00:02:46:786] Expansion 60,000: f=94, g=32
[00:00:03:36:779] Expansion 80,000: f=92, g=26
[00:00:04:15:007] Path of length 92 found: [0, 1, 2, 3, 4, 17, 30, 31, 32, 19, 6, 7, 8, 9, 10, 11, 12, 25, 38, 37, 36, 49, 62, 61, 60, 59, 58, 57, 56, 55, 54, 41, 28, 27, 26, 39, 52, 65, 78, 79, 92, 105, 106, 119, 120, 121, 108, 107, 94, 81, 82, 83, 84, 85, 86, 87, 88, 89, 90, 103, 116, 115, 114, 113, 112, 111, 110, 109, 122, 135, 134, 133, 132, 131, 130, 143, 156, 157, 158, 159, 160, 161, 162, 163, 164, 165, 152, 139, 140, 141, 142, 155, 168]
[00:00:04:15:020] ! Bidirectional. expansions: 94,093, time: 255,013 [ms], path length: 92 [edges], g_F: 41, g_B: 51, generated: 136,532, MM: 10, MMPER: 9.75268817204301%
[00:00:04:15:021] 
---------- mazes/13x13_maze_with_1_open_diamonds_6 ----------
[00:00:00:42:517] Expansion 10,000: state None, f=95, g=31
[00:00:01:00:979] Path of length 92 found: [0, 1, 2, 3, 4, 17, 30, 43, 56, 55, 54, 41, 28, 27, 26, 39, 52, 65, 78, 79, 80, 81, 82, 83, 84, 71, 58, 45, 32, 19, 6, 7, 8, 9, 10, 11, 12, 25, 38, 51, 64, 63, 62, 49, 36, 35, 34, 47, 60, 59, 72, 85, 86, 73, 74, 87, 88, 89, 90, 103, 116, 115, 114, 113, 112, 111, 110, 109, 122, 135, 134, 133, 132, 131, 130, 143, 156, 157, 158, 159, 160, 161, 162, 163, 164, 165, 152, 139, 140, 141, 142, 155, 168]
[00:00:01:00:982] ! Unidirectional s-t. expansions: 19,096, time: 60,979 [ms], path length: 92 [edges], generated: 28,635
[00:00:00:18:073] Path of length 92 found: [168, 155, 142, 141, 140, 139, 152, 165, 164, 163, 162, 161, 160, 159, 158, 157, 156, 143, 130, 131, 132, 133, 134, 135, 122, 109, 110, 111, 112, 113, 114, 115, 116, 103, 90, 89, 88, 75, 74, 87, 86, 73, 60, 47, 34, 35, 36, 49, 62, 63, 64, 51, 38, 25, 12, 11, 10, 9, 8, 7, 6, 19, 32, 45, 58, 59, 72, 85, 84, 83, 82, 81, 80, 79, 78, 65, 52, 39, 26, 27, 28, 41, 54, 55, 56, 43, 30, 17, 4, 3, 2, 1, 0]
[00:00:00:18:076] ! Unidirectional t-s. expansions: 7,299, time: 18,073 [ms], path length: 92 [edges], generated: 10,743
[00:00:00:51:619] Expansion 20,000: f=91, g=34
[00:00:00:54:163] Path of length 92 found: [168, 155, 142, 141, 140, 139, 152, 165, 164, 163, 162, 161, 160, 159, 158, 157, 156, 143, 130, 131, 132, 133, 134, 135, 122, 109, 110, 111, 112, 113, 114, 115, 116, 103, 90, 89, 88, 75, 74, 87, 86, 85, 72, 73, 60, 47, 34, 35, 36, 49, 62, 63, 64, 51, 38, 25, 12, 11, 10, 9, 8, 7, 6, 19, 32, 45, 58, 71, 84, 83, 82, 81, 80, 79, 78, 65, 52, 39, 26, 27, 28, 41, 54, 55, 56, 43, 30, 17, 4, 3, 2, 1, 0]
[00:00:00:54:167] ! Bidirectional. expansions: 20,895, time: 54,164 [ms], path length: 92 [edges], g_F: 43, g_B: 49, generated: 32,347, MM: 6, MMPER: 5.451612903225806%
[00:00:00:54:170] 
---------- mazes/13x13_maze_with_1_open_diamonds_7 ----------
[00:00:00:26:330] Expansion 10,000: state None, f=97, g=44
[00:00:00:48:619] Expansion 20,000: state None, f=95, g=19
[00:00:00:49:901] Path of length 94 found: [0, 1, 2, 3, 4, 17, 30, 31, 32, 19, 6, 7, 8, 9, 10, 11, 12, 25, 38, 51, 64, 63, 62, 49, 36, 35, 34, 21, 20, 33, 46, 47, 60, 61, 74, 87, 88, 89, 90, 103, 116, 115, 114, 113, 112, 99, 86, 85, 84, 71, 58, 57, 56, 55, 54, 41, 28, 27, 26, 39, 52, 65, 78, 79, 92, 105, 106, 107, 108, 109, 122, 135, 134, 133, 132, 131, 130, 143, 156, 157, 158, 159, 160, 161, 162, 163, 164, 165, 152, 139, 140, 141, 142, 155, 168]
[00:00:00:49:903] ! Unidirectional s-t. expansions: 20,475, time: 49,901 [ms], path length: 94 [edges], generated: 28,904
[00:00:00:02:575] Path of length 94 found: [168, 155, 142, 141, 140, 139, 152, 165, 164, 163, 162, 161, 160, 159, 158, 157, 156, 143, 130, 131, 132, 133, 134, 135, 122, 109, 108, 107, 106, 105, 92, 79, 78, 65, 52, 39, 26, 27, 28, 41, 54, 55, 56, 57, 58, 71, 84, 85, 86, 99, 112, 113, 114, 115, 116, 103, 90, 89, 88, 87, 74, 61, 60, 59, 46, 47, 34, 35, 36, 49, 62, 63, 64, 51, 38, 25, 12, 11, 10, 9, 8, 21, 20, 7, 6, 19, 32, 31, 30, 17, 4, 3, 2, 1, 0]
[00:00:00:02:576] ! Unidirectional t-s. expansions: 1,663, time: 2,575 [ms], path length: 94 [edges], generated: 2,602
[00:00:00:45:586] Path of length 94 found: [168, 155, 142, 141, 140, 139, 152, 165, 164, 163, 162, 161, 160, 159, 158, 157, 156, 143, 130, 131, 132, 133, 134, 135, 122, 109, 108, 107, 106, 105, 92, 79, 78, 65, 52, 39, 26, 27, 28, 41, 54, 55, 56, 57, 58, 71, 84, 85, 86, 99, 112, 113, 114, 115, 116, 103, 90, 89, 88, 87, 74, 61, 60, 47, 46, 33, 20, 21, 34, 35, 36, 49, 62, 63, 64, 51, 38, 25, 12, 11, 10, 9, 8, 7, 6, 19, 32, 31, 30, 17, 4, 3, 2, 1, 0]
[00:00:00:45:599] ! Bidirectional. expansions: 17,115, time: 45,586 [ms], path length: 94 [edges], g_F: 44, g_B: 50, generated: 24,388, MM: 6, MMPER: 5.315789473684211%
[00:00:00:45:603] 
---------- mazes/13x13_maze_with_1_open_diamonds_8 ----------
[00:00:00:26:308] Expansion 10,000: state None, f=97, g=44
[00:00:00:48:456] Expansion 20,000: state None, f=95, g=19
[00:00:00:49:720] Path of length 94 found: [0, 1, 2, 3, 4, 17, 30, 31, 32, 19, 6, 7, 8, 9, 10, 11, 12, 25, 38, 51, 64, 63, 62, 49, 36, 35, 34, 21, 20, 33, 46, 47, 60, 61, 74, 87, 88, 89, 90, 103, 116, 115, 114, 113, 112, 99, 86, 85, 84, 71, 58, 57, 56, 55, 54, 41, 28, 27, 26, 39, 52, 65, 78, 79, 92, 105, 106, 107, 108, 109, 122, 135, 134, 133, 132, 131, 130, 143, 156, 157, 158, 159, 160, 161, 162, 163, 164, 165, 152, 139, 140, 141, 142, 155, 168]
[00:00:00:49:721] ! Unidirectional s-t. expansions: 20,475, time: 49,720 [ms], path length: 94 [edges], generated: 28,904
[00:00:00:02:562] Path of length 94 found: [168, 155, 142, 141, 140, 139, 152, 165, 164, 163, 162, 161, 160, 159, 158, 157, 156, 143, 130, 131, 132, 133, 134, 135, 122, 109, 108, 107, 106, 105, 92, 79, 78, 65, 52, 39, 26, 27, 28, 41, 54, 55, 56, 57, 58, 71, 84, 85, 86, 99, 112, 113, 114, 115, 116, 103, 90, 89, 88, 87, 74, 61, 60, 59, 46, 47, 34, 35, 36, 49, 62, 63, 64, 51, 38, 25, 12, 11, 10, 9, 8, 21, 20, 7, 6, 19, 32, 31, 30, 17, 4, 3, 2, 1, 0]
[00:00:00:02:563] ! Unidirectional t-s. expansions: 1,663, time: 2,562 [ms], path length: 94 [edges], generated: 2,602
[00:00:00:45:366] Path of length 94 found: [168, 155, 142, 141, 140, 139, 152, 165, 164, 163, 162, 161, 160, 159, 158, 157, 156, 143, 130, 131, 132, 133, 134, 135, 122, 109, 108, 107, 106, 105, 92, 79, 78, 65, 52, 39, 26, 27, 28, 41, 54, 55, 56, 57, 58, 71, 84, 85, 86, 99, 112, 113, 114, 115, 116, 103, 90, 89, 88, 87, 74, 61, 60, 47, 46, 33, 20, 21, 34, 35, 36, 49, 62, 63, 64, 51, 38, 25, 12, 11, 10, 9, 8, 7, 6, 19, 32, 31, 30, 17, 4, 3, 2, 1, 0]
[00:00:00:45:370] ! Bidirectional. expansions: 17,115, time: 45,366 [ms], path length: 94 [edges], g_F: 44, g_B: 50, generated: 24,388, MM: 6, MMPER: 5.315789473684211%
[00:00:00:45:373] 
---------- mazes/13x13_maze_with_1_open_diamonds_9 ----------
[00:00:00:26:223] Expansion 10,000: state None, f=96, g=74
[00:00:00:44:747] Expansion 20,000: state None, f=95, g=42
[00:00:00:59:540] Expansion 30,000: state None, f=94, g=57
[00:00:01:15:780] Expansion 40,000: state None, f=93, g=60
[00:00:01:30:123] Path of length 92 found: [0, 1, 2, 3, 4, 17, 30, 31, 32, 19, 6, 7, 8, 9, 10, 11, 12, 25, 38, 37, 36, 49, 62, 61, 74, 87, 88, 89, 90, 103, 116, 115, 114, 113, 126, 125, 112, 111, 98, 99, 86, 85, 84, 71, 58, 57, 56, 55, 54, 41, 28, 27, 26, 39, 52, 65, 78, 79, 92, 105, 106, 107, 108, 109, 110, 123, 124, 137, 136, 135, 134, 133, 132, 131, 130, 143, 156, 157, 158, 159, 160, 161, 162, 163, 164, 165, 152, 139, 140, 141, 142, 155, 168]
[00:00:01:30:125] ! Unidirectional s-t. expansions: 46,531, time: 90,123 [ms], path length: 92 [edges], generated: 70,258
[00:00:00:29:027] Expansion 10,000: state None, f=105, g=30
[00:00:00:49:727] Expansion 20,000: state None, f=103, g=54
[00:00:01:09:410] Expansion 30,000: state None, f=102, g=42
[00:00:01:31:439] Expansion 40,000: state None, f=101, g=48
[00:00:01:51:351] Expansion 50,000: state None, f=100, g=42
[00:00:02:10:348] Expansion 60,000: state None, f=99, g=56
[00:00:02:30:612] Expansion 70,000: state None, f=98, g=59
[00:00:02:52:325] Expansion 80,000: state None, f=98, g=36
[00:00:03:09:943] Expansion 90,000: state None, f=97, g=53
[00:00:03:26:689] Expansion 100,000: state None, f=96, g=57
[00:00:03:45:031] Expansion 110,000: state None, f=96, g=49
[00:00:04:03:998] Expansion 120,000: state None, f=95, g=69
[00:00:04:22:192] Expansion 130,000: state None, f=95, g=51
[00:00:04:39:858] Expansion 140,000: state None, f=94, g=75
[00:00:04:52:162] Expansion 150,000: state None, f=94, g=65
[00:00:05:07:206] Expansion 160,000: state None, f=94, g=60
[00:00:05:31:863] Expansion 170,000: state None, f=94, g=32
[00:00:05:47:560] Expansion 180,000: state None, f=93, g=63
[00:00:06:03:509] Expansion 190,000: state None, f=93, g=50
[00:00:06:23:078] Path of length 92 found: [168, 155, 142, 141, 140, 139, 152, 165, 164, 163, 162, 161, 160, 159, 158, 157, 156, 143, 130, 131, 132, 133, 134, 135, 122, 109, 110, 123, 136, 137, 138, 125, 124, 111, 98, 85, 86, 99, 112, 113, 114, 115, 116, 103, 90, 89, 88, 87, 74, 61, 62, 63, 64, 51, 38, 25, 12, 11, 10, 9, 8, 7, 6, 19, 32, 45, 58, 71, 84, 83, 82, 81, 80, 79, 78, 65, 52, 39, 26, 27, 28, 41, 54, 55, 56, 43, 30, 17, 4, 3, 2, 1, 0]
[00:00:06:23:080] ! Unidirectional t-s. expansions: 198,275, time: 383,078 [ms], path length: 92 [edges], generated: 276,295
[00:00:01:14:786] Expansion 20,000: f=103, g=49
[00:00:02:00:486] Expansion 40,000: f=100, g=43
[00:00:02:46:229] Expansion 60,000: f=98, g=33
[00:00:03:32:205] Expansion 80,000: f=95, g=46
[00:00:04:20:313] Expansion 100,000: f=93, g=34
[00:00:05:10:843] Expansion 120,000: f=90, g=43
[00:00:06:01:276] Expansion 140,000: f=89, g=28
[00:00:06:08:629] Path of length 92 found: [0, 1, 2, 3, 4, 17, 30, 31, 32, 19, 6, 7, 8, 9, 10, 11, 12, 25, 38, 37, 36, 49, 62, 61, 60, 59, 58, 57, 56, 55, 54, 41, 28, 27, 26, 39, 52, 65, 78, 79, 92, 105, 106, 107, 108, 109, 110, 123, 124, 111, 112, 99, 98, 85, 86, 87, 88, 89, 90, 103, 116, 115, 114, 113, 126, 125, 138, 137, 136, 135, 134, 133, 132, 131, 130, 143, 156, 157, 158, 159, 160, 161, 162, 163, 164, 165, 152, 139, 140, 141, 142, 155, 168]
[00:00:06:08:636] ! Bidirectional. expansions: 142,516, time: 368,632 [ms], path length: 92 [edges], g_F: 38, g_B: 54, generated: 202,647, MM: 16, MMPER: 16.204301075268816%
[00:00:06:08:641] average expansions: (30,949, 55,400, 59,904, 0)
[00:00:06:08:647] average time: (75,568, 117,315, 157,976, 0)
[00:00:06:08:652] XA*: 30,949 , 75,568 (expansions , time[ms])
[00:00:06:08:657] XMM: 59,904 , 157,976 (expansions , time[ms])

