--------------------------
date: mazes
number_of_graphs: 10
graph_type: maze
size_of_graphs: [13, 13]
heuristic: bcc_heuristic
snake: False
run_uni: True
run_bi: True
run_multi: False
solution_vertices: []
algorithms: ['XMM']
lookahead: 4
bsd: False
cube_first_dims: 4
cube_buffer_dim: None
backward_sym_generation: False
sym_coil: False
prefix_set: None

---------- mazes/13x13_maze_with_1_open_diamonds_0 ----------
[00:00:00:23:240] Expansion 10,000: state None, f=97, g=35
[00:00:00:45:305] Expansion 20,000: state None, f=95, g=20
[00:00:01:05:634] Expansion 30,000: state None, f=93, g=30
[00:00:01:09:575] Path of length 92 found: [0, 1, 2, 3, 4, 17, 30, 31, 32, 19, 6, 7, 8, 9, 10, 11, 12, 25, 38, 37, 36, 49, 62, 61, 60, 59, 58, 57, 56, 55, 54, 41, 28, 27, 26, 39, 52, 65, 78, 79, 80, 81, 82, 83, 84, 85, 86, 87, 88, 89, 90, 103, 116, 115, 114, 113, 112, 111, 110, 109, 122, 135, 134, 133, 132, 119, 120, 107, 106, 105, 118, 131, 130, 143, 156, 157, 144, 145, 146, 159, 160, 161, 162, 163, 164, 165, 152, 139, 140, 141, 142, 155, 168]
[00:00:01:09:576] ! Unidirectional s-t. expansions: 31,360, time: 69,575 [ms], path length: 92 [edges], generated: 47,235
[00:00:00:28:258] Expansion 10,000: state None, f=101, g=28
[00:00:00:51:092] Expansion 20,000: state None, f=99, g=45
[00:00:01:11:491] Expansion 30,000: state None, f=98, g=33
[00:00:01:33:460] Expansion 40,000: state None, f=97, g=38
[00:00:01:53:084] Expansion 50,000: state None, f=96, g=42
[00:00:02:15:513] Expansion 60,000: state None, f=95, g=60
[00:00:02:36:978] Expansion 70,000: state None, f=95, g=23
[00:00:02:54:460] Expansion 80,000: state None, f=94, g=43
[00:00:03:16:940] Expansion 90,000: state None, f=94, g=31
[00:00:03:34:345] Expansion 100,000: state None, f=93, g=45
[00:00:03:56:368] Path of length 92 found: [168, 155, 142, 141, 140, 139, 152, 165, 164, 163, 150, 137, 136, 135, 134, 133, 146, 159, 158, 157, 156, 143, 130, 131, 144, 145, 132, 119, 118, 105, 106, 107, 108, 109, 110, 111, 112, 113, 114, 115, 116, 103, 90, 89, 88, 87, 86, 85, 84, 83, 82, 81, 80, 79, 78, 65, 52, 39, 26, 27, 28, 41, 54, 55, 56, 57, 58, 59, 60, 61, 62, 63, 64, 51, 38, 25, 12, 11, 10, 9, 8, 7, 6, 19, 32, 31, 30, 17, 4, 3, 2, 1, 0]
[00:00:03:56:370] ! Unidirectional t-s. expansions: 108,294, time: 236,368 [ms], path length: 92 [edges], generated: 154,445
[00:00:00:49:591] Expansion 20,000: f=100, g=43
[00:00:01:54:873] Expansion 40,000: f=97, g=41
[00:00:02:43:259] Expansion 60,000: f=96, g=30
[00:00:03:31:361] Expansion 80,000: f=94, g=28
[00:00:04:19:170] Path of length 92 found: [0, 1, 2, 3, 4, 17, 30, 31, 32, 19, 6, 7, 8, 9, 10, 11, 12, 25, 38, 37, 36, 49, 62, 61, 60, 59, 58, 57, 56, 55, 54, 41, 28, 27, 26, 39, 52, 65, 78, 79, 80, 81, 82, 83, 84, 85, 86, 87, 88, 89, 90, 103, 116, 115, 114, 113, 112, 111, 110, 109, 108, 107, 106, 105, 118, 119, 132, 145, 144, 131, 130, 143, 156, 157, 158, 159, 146, 133, 134, 135, 136, 137, 150, 163, 164, 165, 152, 139, 140, 141, 142, 155, 168]
[00:00:04:19:174] ! Bidirectional. expansions: 98,880, time: 259,170 [ms], path length: 92 [edges], g_F: 41, g_B: 51, generated: 139,473, MM: 10, MMPER: 9.75268817204301%
[00:00:04:19:177] 
---------- mazes/13x13_maze_with_1_open_diamonds_1 ----------
[00:00:00:49:538] Expansion 10,000: state None, f=98, g=40
[00:00:01:14:344] Expansion 20,000: state None, f=95, g=36
[00:00:01:34:889] Expansion 30,000: state None, f=93, g=35
[00:00:01:58:710] Expansion 40,000: state None, f=92, g=23
[00:00:02:15:246] Expansion 50,000: state None, f=91, g=30
[00:00:02:18:386] Path of length 90 found: [0, 1, 2, 15, 28, 27, 26, 39, 52, 53, 54, 41, 42, 29, 16, 3, 4, 17, 30, 43, 56, 57, 58, 45, 32, 19, 6, 7, 8, 9, 10, 11, 12, 25, 38, 37, 36, 49, 62, 61, 74, 87, 88, 89, 90, 103, 116, 115, 114, 113, 112, 99, 86, 85, 84, 83, 82, 81, 80, 79, 92, 105, 106, 107, 108, 109, 122, 135, 134, 133, 132, 131, 130, 143, 156, 157, 158, 159, 160, 161, 162, 163, 164, 165, 152, 139, 140, 141, 142, 155, 168]
[00:00:02:18:388] ! Unidirectional s-t. expansions: 51,200, time: 138,386 [ms], path length: 90 [edges], generated: 69,643
[00:00:00:14:726] Path of length 90 found: [168, 155, 142, 141, 140, 139, 152, 165, 164, 163, 162, 161, 160, 159, 158, 157, 156, 143, 130, 131, 132, 133, 134, 135, 122, 109, 108, 107, 106, 105, 92, 79, 80, 81, 82, 83, 84, 85, 86, 99, 112, 113, 114, 115, 116, 103, 90, 89, 88, 87, 74, 61, 62, 63, 64, 51, 38, 25, 12, 11, 10, 9, 8, 7, 6, 19, 32, 45, 58, 57, 56, 43, 30, 17, 4, 3, 16, 29, 42, 55, 54, 53, 52, 39, 26, 27, 28, 15, 2, 1, 0]
[00:00:00:14:742] ! Unidirectional t-s. expansions: 1,607, time: 14,726 [ms], path length: 90 [edges], generated: 2,500
[00:00:00:52:451] Expansion 20,000: f=95, g=22
[00:00:01:36:986] Expansion 40,000: f=91, g=22
[00:00:01:38:842] Path of length 90 found: [0, 1, 2, 15, 28, 27, 26, 39, 52, 53, 54, 41, 42, 29, 16, 3, 4, 17, 30, 43, 56, 57, 58, 45, 32, 19, 6, 7, 8, 9, 10, 11, 12, 25, 38, 37, 36, 49, 62, 61, 74, 87, 88, 89, 90, 103, 116, 115, 114, 113, 112, 99, 86, 85, 84, 83, 82, 81, 80, 79, 92, 105, 106, 107, 108, 109, 122, 135, 134, 133, 132, 131, 130, 143, 156, 157, 158, 159, 160, 161, 162, 163, 164, 165, 152, 139, 140, 141, 142, 155, 168]
[00:00:01:38:848] ! Bidirectional. expansions: 40,772, time: 98,842 [ms], path length: 90 [edges], g_F: 39, g_B: 51, generated: 56,015, MM: 12, MMPER: 12.186813186813186%
[00:00:01:38:850] 
---------- mazes/13x13_maze_with_1_open_diamonds_2 ----------
[00:00:00:28:107] Expansion 10,000: state None, f=96, g=47
[00:00:00:47:627] Expansion 20,000: state None, f=94, g=34
[00:00:01:06:838] Path of length 92 found: [0, 1, 2, 3, 4, 17, 30, 43, 56, 55, 54, 41, 28, 27, 26, 39, 52, 65, 78, 79, 80, 81, 82, 83, 70, 57, 58, 45, 32, 19, 6, 7, 8, 9, 10, 11, 12, 25, 38, 37, 36, 49, 62, 61, 60, 59, 72, 71, 84, 85, 86, 87, 88, 89, 90, 103, 116, 115, 114, 113, 112, 99, 98, 111, 110, 97, 96, 109, 122, 135, 134, 133, 132, 131, 130, 143, 156, 157, 158, 159, 160, 161, 162, 163, 164, 165, 152, 139, 140, 141, 142, 155, 168]
[00:00:01:06:841] ! Unidirectional s-t. expansions: 29,438, time: 66,838 [ms], path length: 92 [edges], generated: 44,753
[00:00:00:24:033] Expansion 10,000: state None, f=96, g=49
[00:00:00:40:703] Expansion 20,000: state None, f=94, g=44
[00:00:00:50:765] Path of length 92 found: [168, 155, 142, 141, 140, 139, 152, 165, 164, 163, 162, 161, 160, 159, 158, 157, 156, 143, 130, 131, 132, 133, 134, 135, 122, 109, 110, 111, 112, 113, 114, 115, 116, 103, 90, 89, 88, 87, 86, 99, 98, 85, 72, 59, 60, 61, 62, 63, 64, 51, 38, 25, 12, 11, 10, 9, 8, 7, 6, 19, 32, 45, 58, 57, 70, 71, 84, 97, 96, 83, 82, 81, 80, 79, 78, 65, 52, 39, 26, 27, 28, 41, 54, 55, 56, 43, 30, 17, 4, 3, 2, 1, 0]
[00:00:00:50:774] ! Unidirectional t-s. expansions: 25,254, time: 50,772 [ms], path length: 92 [edges], generated: 36,149
[00:00:00:56:814] Expansion 20,000: f=93, g=40
[00:00:01:30:816] Path of length 92 found: [168, 155, 142, 141, 140, 139, 152, 165, 164, 163, 162, 161, 160, 159, 158, 157, 156, 143, 130, 131, 132, 133, 134, 135, 122, 109, 108, 107, 106, 105, 92, 79, 78, 65, 52, 39, 26, 27, 28, 41, 54, 55, 56, 57, 70, 83, 84, 97, 110, 111, 112, 113, 114, 115, 116, 103, 90, 89, 88, 87, 86, 99, 98, 85, 72, 71, 58, 59, 60, 61, 62, 49, 36, 37, 38, 25, 12, 11, 10, 9, 8, 7, 6, 19, 32, 31, 30, 17, 4, 3, 2, 1, 0]
[00:00:01:30:820] ! Bidirectional. expansions: 33,114, time: 90,817 [ms], path length: 92 [edges], g_F: 44, g_B: 48, generated: 52,422, MM: 4, MMPER: 3.301075268817204%
[00:00:01:30:821] 
---------- mazes/13x13_maze_with_1_open_diamonds_3 ----------
[00:00:00:28:676] Expansion 10,000: state None, f=92, g=56
[00:00:00:48:223] Expansion 20,000: state None, f=91, g=34
[00:00:00:50:226] Path of length 90 found: [0, 1, 2, 3, 4, 17, 30, 31, 32, 19, 6, 7, 8, 9, 10, 11, 12, 25, 38, 37, 36, 49, 62, 61, 60, 59, 58, 57, 56, 55, 54, 41, 28, 27, 26, 39, 52, 65, 78, 79, 80, 81, 82, 83, 84, 85, 86, 87, 88, 89, 90, 103, 116, 129, 142, 141, 140, 139, 126, 113, 114, 115, 102, 101, 100, 99, 98, 111, 110, 109, 122, 135, 134, 133, 132, 131, 130, 143, 156, 157, 158, 159, 160, 161, 162, 163, 164, 165, 166, 167, 168]
[00:00:00:50:228] ! Unidirectional s-t. expansions: 20,438, time: 50,226 [ms], path length: 90 [edges], generated: 31,641
[00:00:00:26:318] Expansion 10,000: state None, f=98, g=58
[00:00:00:46:978] Expansion 20,000: state None, f=95, g=59
[00:00:01:04:819] Expansion 30,000: state None, f=93, g=58
[00:00:01:23:398] Expansion 40,000: state None, f=92, g=39
[00:00:01:42:346] Path of length 90 found: [168, 167, 166, 165, 164, 163, 162, 161, 160, 159, 158, 157, 156, 143, 130, 131, 132, 133, 134, 135, 122, 109, 110, 111, 98, 85, 86, 99, 112, 113, 126, 139, 140, 141, 142, 129, 116, 115, 114, 101, 102, 103, 90, 89, 88, 87, 74, 61, 62, 63, 64, 51, 38, 25, 12, 11, 10, 9, 8, 7, 6, 19, 32, 45, 58, 71, 84, 83, 82, 81, 80, 79, 78, 65, 52, 39, 26, 27, 28, 41, 54, 55, 56, 43, 30, 17, 4, 3, 2, 1, 0]
[00:00:01:42:349] ! Unidirectional t-s. expansions: 49,827, time: 102,346 [ms], path length: 90 [edges], generated: 71,852
[00:00:00:56:568] Expansion 20,000: f=95, g=35
[00:00:01:46:393] Expansion 40,000: f=89, g=43
[00:00:01:59:180] Path of length 90 found: [168, 167, 166, 165, 164, 163, 162, 161, 160, 159, 158, 157, 156, 143, 130, 131, 132, 133, 134, 135, 122, 109, 110, 111, 112, 113, 126, 139, 140, 141, 142, 129, 116, 115, 114, 101, 102, 103, 90, 89, 88, 87, 100, 99, 98, 85, 84, 83, 82, 81, 80, 79, 78, 65, 52, 39, 26, 27, 28, 41, 54, 55, 56, 57, 58, 59, 60, 61, 62, 49, 36, 37, 38, 25, 12, 11, 10, 9, 8, 7, 6, 19, 32, 31, 30, 17, 4, 3, 2, 1, 0]
[00:00:01:59:184] ! Bidirectional. expansions: 44,405, time: 119,181 [ms], path length: 90 [edges], g_F: 50, g_B: 40, generated: 66,725, MM: 10, MMPER: 9.989010989010989%
[00:00:01:59:185] 
---------- mazes/13x13_maze_with_1_open_diamonds_4 ----------
[00:00:00:33:002] Expansion 10,000: state None, f=97, g=59
[00:00:00:54:053] Expansion 20,000: state None, f=95, g=25
[00:00:01:12:372] Expansion 30,000: state None, f=93, g=51
[00:00:01:20:541] Path of length 92 found: [0, 1, 2, 3, 4, 17, 30, 31, 32, 19, 6, 7, 8, 9, 10, 11, 12, 25, 38, 37, 36, 49, 62, 61, 60, 59, 58, 57, 56, 55, 54, 41, 28, 27, 26, 39, 52, 65, 78, 79, 80, 81, 82, 83, 84, 85, 86, 87, 88, 89, 90, 103, 116, 115, 114, 113, 112, 111, 110, 109, 108, 107, 106, 119, 132, 131, 130, 143, 156, 157, 158, 159, 160, 147, 134, 133, 120, 121, 122, 123, 136, 137, 150, 163, 164, 165, 152, 139, 140, 141, 142, 155, 168]
[00:00:01:20:544] ! Unidirectional s-t. expansions: 33,578, time: 80,541 [ms], path length: 92 [edges], generated: 51,823
[00:00:00:30:548] Expansion 10,000: state None, f=101, g=32
[00:00:00:53:174] Expansion 20,000: state None, f=99, g=33
[00:00:01:14:190] Expansion 30,000: state None, f=97, g=50
[00:00:01:34:321] Expansion 40,000: state None, f=96, g=45
[00:00:01:55:134] Expansion 50,000: state None, f=95, g=38
[00:00:02:13:567] Expansion 60,000: state None, f=94, g=63
[00:00:02:33:253] Expansion 70,000: state None, f=93, g=77
[00:00:02:53:440] Expansion 80,000: state None, f=93, g=34
[00:00:02:59:310] Path of length 92 found: [168, 167, 166, 165, 152, 139, 140, 141, 142, 129, 116, 103, 90, 89, 88, 87, 74, 61, 62, 63, 64, 51, 38, 25, 12, 11, 10, 9, 8, 7, 6, 19, 32, 45, 58, 71, 84, 85, 86, 99, 112, 111, 110, 123, 136, 137, 150, 163, 162, 161, 160, 159, 158, 157, 156, 143, 130, 131, 132, 119, 106, 107, 120, 133, 134, 135, 122, 109, 108, 95, 82, 81, 80, 79, 78, 65, 52, 39, 26, 27, 28, 41, 54, 55, 56, 43, 30, 17, 4, 3, 2, 1, 0]
[00:00:02:59:312] ! Unidirectional t-s. expansions: 82,439, time: 179,310 [ms], path length: 92 [edges], generated: 118,601
[00:00:01:02:522] Expansion 20,000: f=99, g=44
[00:00:01:50:986] Expansion 40,000: f=96, g=40
[00:00:02:40:916] Expansion 60,000: f=94, g=17
[00:00:03:30:351] Expansion 80,000: f=92, g=39
[00:00:03:58:521] Path of length 92 found: [0, 1, 2, 3, 4, 17, 30, 31, 32, 19, 6, 7, 8, 9, 10, 11, 12, 25, 38, 37, 36, 49, 62, 61, 60, 59, 58, 57, 56, 55, 54, 41, 28, 27, 26, 39, 52, 65, 78, 79, 92, 105, 106, 107, 120, 121, 122, 109, 108, 95, 82, 83, 84, 85, 86, 87, 88, 89, 90, 103, 116, 115, 114, 113, 112, 111, 110, 123, 136, 135, 134, 133, 132, 131, 130, 143, 156, 157, 158, 159, 160, 161, 162, 163, 164, 165, 152, 139, 140, 141, 142, 155, 168]
[00:00:03:58:524] ! Bidirectional. expansions: 90,131, time: 238,521 [ms], path length: 92 [edges], g_F: 41, g_B: 51, generated: 130,932, MM: 10, MMPER: 9.75268817204301%
[00:00:03:58:526] 
---------- mazes/13x13_maze_with_1_open_diamonds_5 ----------
[00:00:00:21:968] Expansion 10,000: state None, f=98, g=46
[00:00:01:02:402] Expansion 20,000: state None, f=95, g=60
[00:00:01:22:389] Expansion 30,000: state None, f=93, g=71
[00:00:01:37:956] Path of length 92 found: [0, 1, 2, 3, 4, 17, 30, 31, 32, 19, 6, 7, 8, 9, 10, 11, 12, 25, 38, 37, 36, 49, 62, 61, 60, 59, 58, 57, 56, 55, 54, 41, 28, 27, 26, 39, 52, 65, 78, 79, 80, 81, 82, 83, 84, 85, 86, 87, 88, 89, 90, 103, 116, 115, 114, 113, 112, 111, 110, 109, 108, 107, 106, 105, 118, 131, 130, 143, 156, 157, 158, 159, 146, 133, 132, 119, 120, 121, 122, 135, 136, 137, 150, 163, 164, 165, 152, 139, 140, 141, 142, 155, 168]
[00:00:01:37:959] ! Unidirectional s-t. expansions: 36,899, time: 97,956 [ms], path length: 92 [edges], generated: 55,900
[00:00:00:32:262] Expansion 10,000: state None, f=100, g=50
[00:00:00:53:763] Expansion 20,000: state None, f=98, g=49
[00:00:01:15:540] Expansion 30,000: state None, f=97, g=24
[00:00:01:35:606] Expansion 40,000: state None, f=96, g=31
[00:00:01:55:791] Expansion 50,000: state None, f=95, g=17
[00:00:02:14:797] Expansion 60,000: state None, f=94, g=42
[00:00:02:36:219] Expansion 70,000: state None, f=93, g=50
[00:00:02:53:184] Path of length 92 found: [168, 167, 166, 165, 152, 139, 140, 141, 142, 129, 116, 103, 90, 89, 88, 87, 74, 61, 62, 63, 64, 51, 38, 25, 12, 11, 10, 9, 8, 7, 6, 19, 32, 45, 58, 71, 84, 85, 86, 99, 112, 111, 110, 109, 122, 135, 136, 137, 150, 163, 162, 161, 160, 159, 158, 157, 156, 143, 130, 131, 118, 105, 106, 119, 132, 133, 134, 121, 108, 107, 94, 81, 80, 79, 78, 65, 52, 39, 26, 27, 28, 41, 54, 55, 56, 43, 30, 17, 4, 3, 2, 1, 0]
[00:00:02:53:185] ! Unidirectional t-s. expansions: 77,684, time: 173,184 [ms], path length: 92 [edges], generated: 112,634
[00:00:01:04:805] Expansion 20,000: f=99, g=35
[00:00:01:53:189] Expansion 40,000: f=96, g=33
[00:00:02:42:404] Expansion 60,000: f=94, g=32
[00:00:03:30:291] Expansion 80,000: f=92, g=26
[00:00:04:06:078] Path of length 92 found: [0, 1, 2, 3, 4, 17, 30, 31, 32, 19, 6, 7, 8, 9, 10, 11, 12, 25, 38, 37, 36, 49, 62, 61, 60, 59, 58, 57, 56, 55, 54, 41, 28, 27, 26, 39, 52, 65, 78, 79, 92, 105, 106, 119, 120, 121, 108, 107, 94, 81, 82, 83, 84, 85, 86, 87, 88, 89, 90, 103, 116, 115, 114, 113, 112, 111, 110, 109, 122, 135, 134, 133, 132, 131, 130, 143, 156, 157, 158, 159, 160, 161, 162, 163, 164, 165, 152, 139, 140, 141, 142, 155, 168]
[00:00:04:06:092] ! Bidirectional. expansions: 94,093, time: 246,085 [ms], path length: 92 [edges], g_F: 41, g_B: 51, generated: 136,532, MM: 10, MMPER: 9.75268817204301%
[00:00:04:06:094] 
---------- mazes/13x13_maze_with_1_open_diamonds_6 ----------
[00:00:00:42:154] Expansion 10,000: state None, f=95, g=31
[00:00:00:59:598] Path of length 92 found: [0, 1, 2, 3, 4, 17, 30, 43, 56, 55, 54, 41, 28, 27, 26, 39, 52, 65, 78, 79, 80, 81, 82, 83, 84, 71, 58, 45, 32, 19, 6, 7, 8, 9, 10, 11, 12, 25, 38, 51, 64, 63, 62, 49, 36, 35, 34, 47, 60, 59, 72, 85, 86, 73, 74, 87, 88, 89, 90, 103, 116, 115, 114, 113, 112, 111, 110, 109, 122, 135, 134, 133, 132, 131, 130, 143, 156, 157, 158, 159, 160, 161, 162, 163, 164, 165, 152, 139, 140, 141, 142, 155, 168]
[00:00:00:59:602] ! Unidirectional s-t. expansions: 19,096, time: 59,598 [ms], path length: 92 [edges], generated: 28,635
[00:00:00:17:644] Path of length 92 found: [168, 155, 142, 141, 140, 139, 152, 165, 164, 163, 162, 161, 160, 159, 158, 157, 156, 143, 130, 131, 132, 133, 134, 135, 122, 109, 110, 111, 112, 113, 114, 115, 116, 103, 90, 89, 88, 75, 74, 87, 86, 73, 60, 47, 34, 35, 36, 49, 62, 63, 64, 51, 38, 25, 12, 11, 10, 9, 8, 7, 6, 19, 32, 45, 58, 59, 72, 85, 84, 83, 82, 81, 80, 79, 78, 65, 52, 39, 26, 27, 28, 41, 54, 55, 56, 43, 30, 17, 4, 3, 2, 1, 0]
[00:00:00:17:647] ! Unidirectional t-s. expansions: 7,299, time: 17,644 [ms], path length: 92 [edges], generated: 10,743
[00:00:00:49:149] Expansion 20,000: f=91, g=34
[00:00:00:51:490] Path of length 92 found: [168, 155, 142, 141, 140, 139, 152, 165, 164, 163, 162, 161, 160, 159, 158, 157, 156, 143, 130, 131, 132, 133, 134, 135, 122, 109, 110, 111, 112, 113, 114, 115, 116, 103, 90, 89, 88, 75, 74, 87, 86, 85, 72, 73, 60, 47, 34, 35, 36, 49, 62, 63, 64, 51, 38, 25, 12, 11, 10, 9, 8, 7, 6, 19, 32, 45, 58, 71, 84, 83, 82, 81, 80, 79, 78, 65, 52, 39, 26, 27, 28, 41, 54, 55, 56, 43, 30, 17, 4, 3, 2, 1, 0]
[00:00:00:51:497] ! Bidirectional. expansions: 20,895, time: 51,492 [ms], path length: 92 [edges], g_F: 43, g_B: 49, generated: 32,347, MM: 6, MMPER: 5.451612903225806%
[00:00:00:51:498] 
---------- mazes/13x13_maze_with_1_open_diamonds_7 ----------
[00:00:00:25:370] Expansion 10,000: state None, f=97, g=44
[00:00:00:46:643] Expansion 20,000: state None, f=95, g=19
[00:00:00:47:858] Path of length 94 found: [0, 1, 2, 3, 4, 17, 30, 31, 32, 19, 6, 7, 8, 9, 10, 11, 12, 25, 38, 51, 64, 63, 62, 49, 36, 35, 34, 21, 20, 33, 46, 47, 60, 61, 74, 87, 88, 89, 90, 103, 116, 115, 114, 113, 112, 99, 86, 85, 84, 71, 58, 57, 56, 55, 54, 41, 28, 27, 26, 39, 52, 65, 78, 79, 92, 105, 106, 107, 108, 109, 122, 135, 134, 133, 132, 131, 130, 143, 156, 157, 158, 159, 160, 161, 162, 163, 164, 165, 152, 139, 140, 141, 142, 155, 168]
[00:00:00:47:861] ! Unidirectional s-t. expansions: 20,475, time: 47,858 [ms], path length: 94 [edges], generated: 28,904
[00:00:00:02:389] Path of length 94 found: [168, 155, 142, 141, 140, 139, 152, 165, 164, 163, 162, 161, 160, 159, 158, 157, 156, 143, 130, 131, 132, 133, 134, 135, 122, 109, 108, 107, 106, 105, 92, 79, 78, 65, 52, 39, 26, 27, 28, 41, 54, 55, 56, 57, 58, 71, 84, 85, 86, 99, 112, 113, 114, 115, 116, 103, 90, 89, 88, 87, 74, 61, 60, 59, 46, 47, 34, 35, 36, 49, 62, 63, 64, 51, 38, 25, 12, 11, 10, 9, 8, 21, 20, 7, 6, 19, 32, 31, 30, 17, 4, 3, 2, 1, 0]
[00:00:00:02:390] ! Unidirectional t-s. expansions: 1,663, time: 2,389 [ms], path length: 94 [edges], generated: 2,602
[00:00:00:43:206] Path of length 94 found: [168, 155, 142, 141, 140, 139, 152, 165, 164, 163, 162, 161, 160, 159, 158, 157, 156, 143, 130, 131, 132, 133, 134, 135, 122, 109, 108, 107, 106, 105, 92, 79, 78, 65, 52, 39, 26, 27, 28, 41, 54, 55, 56, 57, 58, 71, 84, 85, 86, 99, 112, 113, 114, 115, 116, 103, 90, 89, 88, 87, 74, 61, 60, 47, 46, 33, 20, 21, 34, 35, 36, 49, 62, 63, 64, 51, 38, 25, 12, 11, 10, 9, 8, 7, 6, 19, 32, 31, 30, 17, 4, 3, 2, 1, 0]
[00:00:00:43:209] ! Bidirectional. expansions: 17,115, time: 43,206 [ms], path length: 94 [edges], g_F: 44, g_B: 50, generated: 24,388, MM: 6, MMPER: 5.315789473684211%
[00:00:00:43:217] 
---------- mazes/13x13_maze_with_1_open_diamonds_8 ----------
[00:00:00:24:739] Expansion 10,000: state None, f=97, g=44
[00:00:00:45:529] Expansion 20,000: state None, f=95, g=19
[00:00:00:46:681] Path of length 94 found: [0, 1, 2, 3, 4, 17, 30, 31, 32, 19, 6, 7, 8, 9, 10, 11, 12, 25, 38, 51, 64, 63, 62, 49, 36, 35, 34, 21, 20, 33, 46, 47, 60, 61, 74, 87, 88, 89, 90, 103, 116, 115, 114, 113, 112, 99, 86, 85, 84, 71, 58, 57, 56, 55, 54, 41, 28, 27, 26, 39, 52, 65, 78, 79, 92, 105, 106, 107, 108, 109, 122, 135, 134, 133, 132, 131, 130, 143, 156, 157, 158, 159, 160, 161, 162, 163, 164, 165, 152, 139, 140, 141, 142, 155, 168]
[00:00:00:46:683] ! Unidirectional s-t. expansions: 20,475, time: 46,681 [ms], path length: 94 [edges], generated: 28,904
[00:00:00:02:334] Path of length 94 found: [168, 155, 142, 141, 140, 139, 152, 165, 164, 163, 162, 161, 160, 159, 158, 157, 156, 143, 130, 131, 132, 133, 134, 135, 122, 109, 108, 107, 106, 105, 92, 79, 78, 65, 52, 39, 26, 27, 28, 41, 54, 55, 56, 57, 58, 71, 84, 85, 86, 99, 112, 113, 114, 115, 116, 103, 90, 89, 88, 87, 74, 61, 60, 59, 46, 47, 34, 35, 36, 49, 62, 63, 64, 51, 38, 25, 12, 11, 10, 9, 8, 21, 20, 7, 6, 19, 32, 31, 30, 17, 4, 3, 2, 1, 0]
[00:00:00:02:335] ! Unidirectional t-s. expansions: 1,663, time: 2,334 [ms], path length: 94 [edges], generated: 2,602
[00:00:00:42:271] Path of length 94 found: [168, 155, 142, 141, 140, 139, 152, 165, 164, 163, 162, 161, 160, 159, 158, 157, 156, 143, 130, 131, 132, 133, 134, 135, 122, 109, 108, 107, 106, 105, 92, 79, 78, 65, 52, 39, 26, 27, 28, 41, 54, 55, 56, 57, 58, 71, 84, 85, 86, 99, 112, 113, 114, 115, 116, 103, 90, 89, 88, 87, 74, 61, 60, 47, 46, 33, 20, 21, 34, 35, 36, 49, 62, 63, 64, 51, 38, 25, 12, 11, 10, 9, 8, 7, 6, 19, 32, 31, 30, 17, 4, 3, 2, 1, 0]
[00:00:00:42:275] ! Bidirectional. expansions: 17,115, time: 42,271 [ms], path length: 94 [edges], g_F: 44, g_B: 50, generated: 24,388, MM: 6, MMPER: 5.315789473684211%
[00:00:00:42:277] 
---------- mazes/13x13_maze_with_1_open_diamonds_9 ----------
[00:00:00:24:652] Expansion 10,000: state None, f=96, g=74
[00:00:00:42:044] Expansion 20,000: state None, f=95, g=42
[00:00:00:55:820] Expansion 30,000: state None, f=94, g=57
[00:00:01:11:069] Expansion 40,000: state None, f=93, g=60
[00:00:01:25:132] Path of length 92 found: [0, 1, 2, 3, 4, 17, 30, 31, 32, 19, 6, 7, 8, 9, 10, 11, 12, 25, 38, 37, 36, 49, 62, 61, 74, 87, 88, 89, 90, 103, 116, 115, 114, 113, 126, 125, 112, 111, 98, 99, 86, 85, 84, 71, 58, 57, 56, 55, 54, 41, 28, 27, 26, 39, 52, 65, 78, 79, 92, 105, 106, 107, 108, 109, 110, 123, 124, 137, 136, 135, 134, 133, 132, 131, 130, 143, 156, 157, 158, 159, 160, 161, 162, 163, 164, 165, 152, 139, 140, 141, 142, 155, 168]
[00:00:01:25:134] ! Unidirectional s-t. expansions: 46,531, time: 85,132 [ms], path length: 92 [edges], generated: 70,258
[00:00:00:27:591] Expansion 10,000: state None, f=105, g=30
[00:00:00:47:128] Expansion 20,000: state None, f=103, g=54
[00:00:01:04:763] Expansion 30,000: state None, f=102, g=42
[00:00:01:25:164] Expansion 40,000: state None, f=101, g=48
[00:00:01:43:872] Expansion 50,000: state None, f=100, g=42
[00:00:02:01:300] Expansion 60,000: state None, f=99, g=56
[00:00:02:20:565] Expansion 70,000: state None, f=98, g=59
[00:00:02:40:721] Expansion 80,000: state None, f=98, g=36
[00:00:02:57:350] Expansion 90,000: state None, f=97, g=53
[00:00:03:13:081] Expansion 100,000: state None, f=96, g=57
[00:00:03:30:627] Expansion 110,000: state None, f=96, g=49
[00:00:03:48:229] Expansion 120,000: state None, f=95, g=69
[00:00:04:05:304] Expansion 130,000: state None, f=95, g=51
[00:00:04:21:510] Expansion 140,000: state None, f=94, g=75
[00:00:04:33:136] Expansion 150,000: state None, f=94, g=65
[00:00:04:47:511] Expansion 160,000: state None, f=94, g=60
[00:00:05:11:965] Expansion 170,000: state None, f=94, g=32
[00:00:05:26:562] Expansion 180,000: state None, f=93, g=63
[00:00:05:41:047] Expansion 190,000: state None, f=93, g=50
[00:00:05:58:851] Path of length 92 found: [168, 155, 142, 141, 140, 139, 152, 165, 164, 163, 162, 161, 160, 159, 158, 157, 156, 143, 130, 131, 132, 133, 134, 135, 122, 109, 110, 123, 136, 137, 138, 125, 124, 111, 98, 85, 86, 99, 112, 113, 114, 115, 116, 103, 90, 89, 88, 87, 74, 61, 62, 63, 64, 51, 38, 25, 12, 11, 10, 9, 8, 7, 6, 19, 32, 45, 58, 71, 84, 83, 82, 81, 80, 79, 78, 65, 52, 39, 26, 27, 28, 41, 54, 55, 56, 43, 30, 17, 4, 3, 2, 1, 0]
[00:00:05:58:854] ! Unidirectional t-s. expansions: 198,275, time: 358,852 [ms], path length: 92 [edges], generated: 276,295
[00:00:01:12:792] Expansion 20,000: f=103, g=49
[00:00:01:58:253] Expansion 40,000: f=100, g=43
[00:00:02:43:198] Expansion 60,000: f=98, g=33
[00:00:03:29:941] Expansion 80,000: f=95, g=46
[00:00:04:19:129] Expansion 100,000: f=93, g=34
[00:00:05:09:683] Expansion 120,000: f=90, g=43
[00:00:06:00:317] Expansion 140,000: f=89, g=28
[00:00:06:08:095] Path of length 92 found: [0, 1, 2, 3, 4, 17, 30, 31, 32, 19, 6, 7, 8, 9, 10, 11, 12, 25, 38, 37, 36, 49, 62, 61, 60, 59, 58, 57, 56, 55, 54, 41, 28, 27, 26, 39, 52, 65, 78, 79, 92, 105, 106, 107, 108, 109, 110, 123, 124, 111, 112, 99, 98, 85, 86, 87, 88, 89, 90, 103, 116, 115, 114, 113, 126, 125, 138, 137, 136, 135, 134, 133, 132, 131, 130, 143, 156, 157, 158, 159, 160, 161, 162, 163, 164, 165, 152, 139, 140, 141, 142, 155, 168]
[00:00:06:08:103] ! Bidirectional. expansions: 142,516, time: 368,099 [ms], path length: 92 [edges], g_F: 38, g_B: 54, generated: 202,647, MM: 16, MMPER: 16.204301075268816%
[00:00:06:08:108] average expansions: (30,949, 55,400, 59,904, 0)
[00:00:06:08:114] average time: (74,279, 113,792, 155,768, 0)
[00:00:06:08:120] XA*: 30,949 , 74,279 (expansions , time[ms])
[00:00:06:08:126] XMM: 59,904 , 155,768 (expansions , time[ms])

