--------------------------
date: SM_Grids
number_of_graphs: 10
graph_type: grid
size_of_graphs: [9, 9]
heuristic: bcc_heuristic
snake: True
run_uni: True
run_bi: True
run_multi: False
solution_vertices: []
algorithms: ['A']
lookahead: 2
bsd: False
cube_first_dims: 4
cube_buffer_dim: None
backward_sym_generation: False
sym_coil: False
prefix_set: None

---------- SM_Grids/9x9_grid_with_random_blocks_12per_0 ----------
[00:00:00:28:384] Path of length 46 found: [0, 1, 2, 3, 4, 5, 6, 7, 16, 17, 26, 35, 44, 53, 52, 51, 42, 33, 24, 23, 22, 21, 20, 19, 18, 27, 36, 45, 54, 63, 72, 73, 74, 65, 56, 47, 48, 49, 58, 67, 76, 77, 78, 69, 70, 71, 80]
[00:00:00:28:386] ! Unidirectional s-t. expansions: 5,505, time: 28,384 [ms], path length: 46 [edges], generated: 10,180
[00:00:00:23:699] Path of length 46 found: [80, 71, 70, 69, 78, 77, 76, 67, 58, 49, 48, 47, 56, 65, 74, 73, 72, 63, 54, 45, 36, 27, 28, 29, 20, 21, 22, 23, 24, 33, 42, 51, 52, 53, 44, 35, 26, 17, 8, 7, 6, 5, 4, 3, 2, 1, 0]
[00:00:00:23:700] ! Unidirectional t-s. expansions: 4,965, time: 23,699 [ms], path length: 46 [edges], generated: 8,138
[00:00:00:07:256] Path of length 46 found: [0, 1, 2, 3, 4, 5, 6, 7, 8, 17, 26, 35, 44, 53, 52, 51, 42, 33, 24, 23, 22, 21, 20, 19, 18, 27, 36, 45, 54, 63, 72, 73, 74, 65, 56, 47, 48, 49, 58, 67, 76, 77, 78, 69, 70, 71, 80]
[00:00:00:07:834] ! Bidirectional. expansions: 1,026, time: 7,256 [ms], path length: 46 [edges], g_F: 23, g_B: 23, generated: {'F': 1,697, 'B': 1,731}, MM: 0, MMPER: -1.0%
[00:00:00:07:834] 
---------- SM_Grids/9x9_grid_with_random_blocks_12per_1 ----------
[00:00:00:43:718] Path of length 46 found: [0, 9, 10, 11, 2, 3, 4, 5, 6, 15, 16, 25, 26, 35, 44, 53, 62, 61, 60, 51, 42, 33, 32, 23, 22, 21, 30, 29, 38, 37, 46, 45, 54, 63, 72, 73, 74, 65, 56, 57, 58, 67, 76, 77, 78, 79, 80]
[00:00:00:43:720] ! Unidirectional s-t. expansions: 9,277, time: 43,718 [ms], path length: 46 [edges], generated: 15,732
[00:00:00:33:922] Path of length 46 found: [80, 71, 62, 53, 44, 35, 26, 17, 8, 7, 6, 5, 4, 13, 22, 23, 32, 33, 42, 51, 60, 69, 78, 77, 76, 75, 74, 73, 72, 63, 54, 45, 46, 47, 56, 57, 58, 49, 40, 39, 30, 29, 20, 11, 2, 1, 0]
[00:00:00:33:924] ! Unidirectional t-s. expansions: 6,579, time: 33,922 [ms], path length: 46 [edges], generated: 11,422
[00:00:00:46:072] Path of length 46 found: [0, 9, 10, 11, 2, 3, 4, 5, 6, 15, 16, 25, 26, 35, 44, 53, 62, 61, 60, 51, 42, 33, 32, 23, 22, 21, 30, 29, 38, 37, 46, 45, 54, 63, 72, 73, 74, 65, 56, 57, 58, 67, 68, 77, 78, 79, 80]
[00:00:00:46:653] ! Bidirectional. expansions: 8,224, time: 46,072 [ms], path length: 46 [edges], g_F: 23, g_B: 23, generated: {'F': 12,953, 'B': 12,291}, MM: 0, MMPER: -1.0%
[00:00:00:46:653] 
---------- SM_Grids/9x9_grid_with_random_blocks_12per_2 ----------
[00:00:00:48:306] Expansion 10,000: state None, f=45, g=16
[00:00:00:52:229] Path of length 44 found: [0, 9, 18, 27, 28, 29, 20, 11, 12, 13, 22, 31, 40, 39, 48, 47, 46, 55, 64, 73, 74, 75, 66, 67, 58, 59, 50, 51, 42, 33, 24, 15, 6, 7, 8, 17, 26, 35, 44, 53, 62, 61, 70, 79, 80]
[00:00:00:52:230] ! Unidirectional s-t. expansions: 10,777, time: 52,229 [ms], path length: 44 [edges], generated: 18,738
[00:00:00:48:273] Expansion 10,000: state None, f=45, g=12
[00:00:00:49:058] Path of length 44 found: [80, 79, 78, 69, 60, 61, 62, 53, 44, 43, 42, 33, 24, 25, 26, 17, 8, 7, 6, 5, 14, 13, 22, 31, 40, 39, 48, 57, 58, 67, 76, 75, 74, 65, 64, 55, 46, 37, 28, 29, 20, 11, 2, 1, 0]
[00:00:00:49:061] ! Unidirectional t-s. expansions: 10,170, time: 49,059 [ms], path length: 44 [edges], generated: 16,977
[00:00:00:36:887] Path of length 44 found: [0, 9, 18, 27, 28, 29, 20, 11, 12, 13, 22, 31, 40, 39, 48, 47, 46, 55, 64, 73, 74, 75, 66, 67, 58, 59, 50, 51, 42, 33, 24, 15, 6, 7, 8, 17, 26, 35, 44, 53, 62, 61, 70, 79, 80]
[00:00:00:37:466] ! Bidirectional. expansions: 3,584, time: 36,887 [ms], path length: 44 [edges], g_F: 22, g_B: 22, generated: {'F': 6,899, 'B': 6,584}, MM: 0, MMPER: -1.0%
[00:00:00:37:466] 
---------- SM_Grids/9x9_grid_with_random_blocks_12per_3 ----------
[00:00:00:28:317] Path of length 46 found: [0, 1, 2, 3, 12, 21, 20, 19, 28, 37, 46, 45, 54, 63, 72, 73, 74, 75, 76, 67, 58, 57, 48, 39, 40, 31, 32, 23, 14, 5, 6, 7, 8, 17, 26, 25, 34, 43, 44, 53, 62, 61, 60, 69, 78, 79, 80]
[00:00:00:28:318] ! Unidirectional s-t. expansions: 6,221, time: 28,317 [ms], path length: 46 [edges], generated: 10,671
[00:00:00:49:065] Expansion 10,000: state None, f=47, g=14
[00:00:00:53:100] Path of length 46 found: [80, 71, 62, 53, 44, 43, 42, 51, 60, 69, 68, 77, 76, 75, 74, 73, 72, 63, 54, 45, 46, 47, 56, 57, 58, 49, 40, 31, 32, 23, 24, 25, 26, 17, 8, 7, 6, 5, 4, 3, 12, 21, 20, 19, 10, 1, 0]
[00:00:00:53:104] ! Unidirectional t-s. expansions: 10,624, time: 53,102 [ms], path length: 46 [edges], generated: 18,287
[00:00:00:31:732] Path of length 46 found: [0, 1, 2, 3, 12, 21, 20, 19, 28, 37, 46, 45, 54, 63, 72, 73, 74, 75, 76, 67, 58, 57, 48, 39, 40, 41, 42, 33, 24, 23, 14, 5, 6, 7, 8, 17, 26, 35, 44, 53, 62, 61, 60, 69, 78, 79, 80]
[00:00:00:32:335] ! Bidirectional. expansions: 5,249, time: 31,732 [ms], path length: 46 [edges], g_F: 23, g_B: 23, generated: {'F': 8,817, 'B': 8,963}, MM: 0, MMPER: -1.0%
[00:00:00:32:336] 
---------- SM_Grids/9x9_grid_with_random_blocks_12per_4 ----------
[00:00:00:18:722] Path of length 46 found: [0, 9, 18, 27, 28, 37, 46, 45, 54, 63, 72, 73, 74, 65, 56, 57, 48, 49, 40, 41, 32, 23, 22, 21, 20, 11, 2, 3, 4, 5, 6, 15, 16, 25, 26, 35, 44, 43, 52, 51, 60, 59, 68, 77, 78, 79, 80]
[00:00:00:18:723] ! Unidirectional s-t. expansions: 2,961, time: 18,722 [ms], path length: 46 [edges], generated: 5,340
[00:00:00:10:055] Path of length 46 found: [80, 79, 78, 77, 68, 59, 60, 61, 52, 53, 44, 35, 26, 17, 16, 15, 6, 5, 4, 3, 2, 11, 20, 21, 22, 23, 32, 41, 40, 49, 48, 57, 56, 65, 74, 73, 72, 63, 54, 45, 46, 37, 28, 27, 18, 9, 0]
[00:00:00:10:056] ! Unidirectional t-s. expansions: 1,882, time: 10,055 [ms], path length: 46 [edges], generated: 3,145
[00:00:00:12:407] Path of length 46 found: [0, 9, 18, 27, 28, 37, 46, 45, 54, 63, 72, 73, 74, 65, 56, 57, 48, 39, 40, 41, 32, 23, 22, 21, 20, 11, 2, 3, 4, 5, 6, 15, 16, 17, 26, 35, 44, 53, 52, 61, 60, 59, 68, 77, 78, 79, 80]
[00:00:00:12:982] ! Bidirectional. expansions: 1,449, time: 12,407 [ms], path length: 46 [edges], g_F: 23, g_B: 23, generated: {'F': 2,612, 'B': 2,587}, MM: 0, MMPER: -1.0%
[00:00:00:12:983] 
---------- SM_Grids/9x9_grid_with_random_blocks_12per_5 ----------
[00:00:00:07:422] Path of length 40 found: [0, 9, 18, 27, 36, 45, 46, 47, 56, 65, 66, 67, 76, 77, 78, 69, 60, 59, 50, 49, 40, 39, 30, 29, 20, 11, 2, 3, 4, 13, 22, 23, 32, 33, 42, 43, 52, 53, 62, 71, 80]
[00:00:00:07:423] ! Unidirectional s-t. expansions: 1,377, time: 7,422 [ms], path length: 40 [edges], generated: 2,458
[00:00:00:06:692] Path of length 40 found: [80, 71, 62, 53, 44, 43, 42, 33, 24, 23, 14, 13, 4, 3, 2, 11, 20, 21, 30, 31, 40, 49, 50, 59, 60, 69, 78, 77, 76, 67, 66, 57, 56, 47, 38, 37, 28, 27, 18, 9, 0]
[00:00:00:06:693] ! Unidirectional t-s. expansions: 1,230, time: 6,692 [ms], path length: 40 [edges], generated: 2,195
[00:00:00:08:138] Path of length 40 found: [0, 1, 2, 3, 4, 13, 14, 23, 24, 33, 42, 43, 44, 53, 62, 61, 60, 59, 50, 49, 40, 39, 30, 29, 20, 19, 18, 27, 36, 45, 46, 47, 56, 57, 66, 67, 76, 77, 78, 79, 80]
[00:00:00:09:127] ! Bidirectional. expansions: 763, time: 8,138 [ms], path length: 40 [edges], g_F: 20, g_B: 20, generated: {'F': 1,413, 'B': 1,413}, MM: 0, MMPER: -1.0%
[00:00:00:09:127] 
---------- SM_Grids/9x9_grid_with_random_blocks_12per_6 ----------
[00:00:00:29:770] Path of length 48 found: [0, 1, 10, 19, 18, 27, 36, 37, 38, 39, 48, 57, 56, 55, 54, 63, 72, 73, 74, 75, 76, 67, 68, 59, 50, 51, 42, 33, 32, 23, 22, 21, 12, 3, 4, 5, 6, 15, 16, 25, 26, 35, 44, 53, 62, 61, 70, 79, 80]
[00:00:00:29:772] ! Unidirectional s-t. expansions: 5,747, time: 29,770 [ms], path length: 48 [edges], generated: 10,055
[00:00:00:21:300] Path of length 48 found: [80, 71, 62, 53, 44, 35, 26, 17, 16, 7, 6, 5, 4, 3, 12, 21, 22, 23, 24, 33, 42, 41, 50, 59, 60, 69, 78, 77, 76, 75, 74, 73, 72, 63, 54, 55, 56, 57, 48, 39, 38, 37, 36, 27, 18, 19, 10, 1, 0]
[00:00:00:21:302] ! Unidirectional t-s. expansions: 4,072, time: 21,300 [ms], path length: 48 [edges], generated: 6,542
[00:00:00:18:590] Path of length 48 found: [0, 1, 10, 19, 18, 27, 36, 37, 38, 39, 48, 57, 56, 55, 54, 63, 72, 73, 74, 75, 76, 67, 68, 59, 50, 51, 42, 33, 32, 23, 22, 21, 12, 3, 4, 5, 6, 7, 8, 17, 26, 35, 44, 53, 62, 61, 70, 79, 80]
[00:00:00:19:144] ! Bidirectional. expansions: 2,031, time: 18,590 [ms], path length: 48 [edges], g_F: 24, g_B: 24, generated: {'F': 3,376, 'B': 3,560}, MM: 0, MMPER: -1.0%
[00:00:00:19:144] 
---------- SM_Grids/9x9_grid_with_random_blocks_12per_7 ----------
[00:00:00:47:120] Expansion 10,000: state None, f=45, g=16
[00:00:00:52:250] Path of length 44 found: [0, 9, 18, 27, 36, 45, 54, 63, 64, 73, 74, 75, 76, 77, 68, 59, 58, 57, 56, 47, 38, 39, 40, 31, 22, 21, 20, 11, 2, 3, 4, 5, 6, 7, 16, 25, 24, 33, 42, 51, 52, 53, 62, 71, 80]
[00:00:00:52:254] ! Unidirectional s-t. expansions: 11,092, time: 52,250 [ms], path length: 44 [edges], generated: 19,234
[00:00:00:54:514] Expansion 10,000: state None, f=45, g=25
[00:00:01:24:783] Path of length 44 found: [80, 71, 62, 53, 52, 51, 42, 41, 40, 31, 22, 23, 24, 25, 16, 7, 6, 5, 4, 3, 2, 11, 20, 29, 38, 47, 48, 57, 58, 59, 68, 77, 76, 75, 74, 65, 64, 55, 54, 45, 36, 27, 18, 9, 0]
[00:00:01:24:785] ! Unidirectional t-s. expansions: 16,618, time: 84,783 [ms], path length: 44 [edges], generated: 29,289
[00:00:00:54:055] Path of length 44 found: [0, 9, 18, 27, 36, 45, 54, 63, 64, 73, 74, 75, 76, 77, 68, 59, 58, 57, 56, 47, 38, 39, 40, 31, 22, 21, 20, 11, 2, 3, 4, 5, 6, 7, 16, 25, 34, 33, 42, 51, 52, 53, 62, 71, 80]
[00:00:00:54:944] ! Bidirectional. expansions: 6,146, time: 54,056 [ms], path length: 44 [edges], g_F: 22, g_B: 22, generated: {'F': 10,998, 'B': 11,818}, MM: 0, MMPER: -1.0%
[00:00:00:54:944] 
---------- SM_Grids/9x9_grid_with_random_blocks_12per_8 ----------
[00:00:00:08:312] Path of length 48 found: [0, 9, 18, 19, 20, 11, 2, 3, 4, 13, 22, 31, 32, 33, 24, 15, 6, 7, 8, 17, 26, 35, 44, 53, 62, 61, 60, 51, 50, 49, 48, 47, 38, 37, 36, 45, 54, 63, 72, 73, 74, 75, 66, 67, 68, 77, 78, 79, 80]
[00:00:00:08:313] ! Unidirectional s-t. expansions: 1,622, time: 8,312 [ms], path length: 48 [edges], generated: 2,585
[00:00:00:18:255] Path of length 48 found: [80, 79, 78, 77, 68, 67, 66, 75, 74, 73, 72, 63, 54, 45, 36, 37, 38, 47, 48, 49, 40, 41, 42, 51, 60, 61, 62, 53, 44, 35, 26, 17, 8, 7, 6, 15, 24, 23, 22, 13, 4, 3, 2, 11, 20, 19, 18, 9, 0]
[00:00:00:18:255] ! Unidirectional t-s. expansions: 3,577, time: 18,255 [ms], path length: 48 [edges], generated: 5,824
[00:00:00:11:340] Path of length 48 found: [0, 9, 18, 19, 20, 11, 2, 3, 4, 13, 14, 15, 6, 7, 8, 17, 26, 35, 44, 53, 62, 61, 60, 51, 42, 33, 32, 31, 40, 49, 48, 47, 38, 37, 36, 45, 54, 63, 72, 73, 74, 75, 66, 67, 68, 77, 78, 79, 80]
[00:00:00:11:890] ! Bidirectional. expansions: 1,413, time: 11,341 [ms], path length: 48 [edges], g_F: 24, g_B: 24, generated: {'F': 2,406, 'B': 2,346}, MM: 0, MMPER: -1.0%
[00:00:00:11:890] 
---------- SM_Grids/9x9_grid_with_random_blocks_12per_9 ----------
[00:00:00:51:373] Expansion 10,000: state None, f=45, g=18
[00:00:01:00:614] Path of length 44 found: [0, 1, 2, 11, 20, 19, 18, 27, 36, 37, 38, 47, 56, 55, 54, 63, 72, 73, 74, 75, 76, 77, 78, 69, 60, 59, 50, 41, 40, 31, 22, 13, 14, 15, 16, 17, 26, 35, 34, 43, 52, 53, 62, 71, 80]
[00:00:01:00:616] ! Unidirectional s-t. expansions: 11,894, time: 60,614 [ms], path length: 44 [edges], generated: 21,980
[00:00:00:47:417] Expansion 10,000: state None, f=46, g=22
[00:00:01:26:309] Expansion 20,000: state None, f=45, g=20
[00:00:01:42:920] Path of length 44 found: [80, 71, 62, 53, 52, 43, 34, 35, 26, 17, 16, 15, 14, 23, 22, 31, 40, 39, 48, 57, 58, 59, 60, 69, 78, 77, 76, 75, 74, 73, 72, 63, 54, 55, 46, 37, 36, 27, 18, 19, 20, 11, 2, 1, 0]
[00:00:01:42:922] ! Unidirectional t-s. expansions: 23,730, time: 102,920 [ms], path length: 44 [edges], generated: 38,965
[00:00:01:14:005] Expansion 10,000: F [0, 1, 10, 19, 18, 27, 36, 45, 54, 63, 72, 73, 74, 75], B [80, 79, 78, 77, 68, 59, 60, 51, 52, 43, 44, 35, 26, 25], f=45, g=26
[00:00:01:31:858] Path of length 44 found: [0, 1, 2, 11, 20, 19, 18, 27, 36, 37, 38, 39, 40, 31, 22, 13, 14, 15, 16, 17, 26, 35, 34, 43, 52, 51, 50, 59, 58, 57, 56, 55, 54, 63, 72, 73, 74, 75, 76, 77, 78, 69, 70, 71, 80]
[00:00:01:32:923] ! Bidirectional. expansions: 12,618, time: 91,858 [ms], path length: 44 [edges], g_F: 22, g_B: 22, generated: {'F': 20,307, 'B': 21,047}, MM: 0, MMPER: -1.0%
[00:00:01:32:923] average expansions: (6,647, 8,345, 4,250, 0)
[00:00:01:32:923] average time: (32,974, 40,379, 31,834, 0)
[00:00:01:32:923] XA*: 6,647 , 32,974 (expansions , time[ms])
[00:00:01:32:923] BiXA*: 4,250 , 31,834 (expansions , time[ms])

