--------------------------
date: mazes
number_of_graphs: 10
graph_type: maze
size_of_graphs: [13, 13]
heuristic: bcc_heuristic
snake: False
run_uni: True
run_bi: True
run_multi: False
solution_vertices: []
algorithms: ['IDA']
lookahead: 4
bsd: False
cube_first_dims: 4
cube_buffer_dim: None
backward_sym_generation: False
sym_coil: False
prefix_set: None

---------- mazes/13x13_maze_with_1_open_diamonds_0 ----------
[00:00:03:09:721] Valid states checked so far: 200,000, Expansions: 22,046, Global best: 57
[00:00:06:06:458] Valid states checked so far: 400,000, Expansions: 43,944, Global best: 89
[00:00:06:29:467] Path of length 92 found: [0, 1, 2, 3, 4, 17, 30, 31, 32, 19, 6, 7, 8, 9, 10, 11, 12, 25, 38, 37, 36, 49, 62, 61, 60, 59, 58, 57, 56, 55, 54, 41, 28, 27, 26, 39, 52, 65, 78, 79, 80, 81, 82, 83, 84, 85, 86, 87, 88, 89, 90, 103, 116, 115, 114, 113, 112, 111, 110, 109, 108, 107, 106, 105, 118, 131, 130, 143, 156, 157, 158, 159, 146, 145, 132, 119, 120, 133, 134, 135, 136, 137, 150, 163, 164, 165, 152, 139, 140, 141, 142, 155, 168]
[00:00:06:29:468] ! Unidirectional s-t. expansions: 46,767, time: 389,467 [ms], path length: 92 [edges], generated: 423,657
[00:00:03:09:871] Valid states checked so far: 200,000, Expansions: 21,669, Global best: 61
[00:00:06:11:589] Valid states checked so far: 400,000, Expansions: 44,434, Global best: 61
[00:00:09:13:284] Valid states checked so far: 600,000, Expansions: 68,126, Global best: 61
[00:00:12:10:826] Valid states checked so far: 800,000, Expansions: 91,388, Global best: 61
[00:00:15:02:146] Valid states checked so far: 1,000,000, Expansions: 114,239, Global best: 61
[00:00:17:56:739] Valid states checked so far: 1,200,000, Expansions: 137,273, Global best: 61
[00:00:20:51:760] Valid states checked so far: 1,400,000, Expansions: 160,893, Global best: 61
[00:00:23:12:468] Path of length 92 found: [168, 155, 142, 141, 140, 139, 152, 165, 164, 163, 150, 137, 136, 135, 134, 133, 120, 119, 132, 145, 146, 159, 158, 157, 156, 143, 130, 131, 118, 105, 106, 107, 108, 109, 110, 111, 112, 113, 114, 115, 116, 103, 90, 89, 88, 87, 86, 85, 84, 83, 82, 81, 80, 79, 78, 65, 52, 39, 26, 27, 28, 41, 54, 55, 56, 57, 58, 59, 60, 61, 62, 63, 64, 51, 38, 25, 12, 11, 10, 9, 8, 7, 6, 19, 32, 31, 30, 17, 4, 3, 2, 1, 0]
[00:00:23:12:468] ! Unidirectional t-s. expansions: 180,107, time: 1,392,468 [ms], path length: 92 [edges], generated: 1,570,842
[00:00:02:52:768] Path of length 92 found: [0, 1, 2, 3, 4, 17, 30, 31, 32, 19, 6, 7, 8, 9, 10, 11, 12, 25, 38, 37, 36, 49, 62, 61, 60, 59, 58, 57, 56, 55, 54, 41, 28, 27, 26, 39, 52, 65, 78, 79, 80, 81, 82, 83, 84, 85, 86, 87, 88, 89, 90, 103, 116, 115, 114, 113, 112, 111, 110, 109, 108, 107, 106, 105, 118, 131, 130, 143, 156, 157, 158, 159, 146, 145, 132, 119, 120, 133, 134, 135, 136, 137, 150, 163, 164, 165, 152, 139, 140, 141, 142, 155, 168]
[00:00:02:52:769] ! Bidirectional. expansions: 33,093, time: 172,768 [ms], path length: 92 [edges], g_F: 46, g_B: 46, generated: {'F': 139,066, 'B': 201,179}, MM: 0, MMPER: -1.0%
[00:00:02:52:769] 
---------- mazes/13x13_maze_with_1_open_diamonds_1 ----------
[00:00:03:40:329] Valid states checked so far: 200,000, Expansions: 20,962, Global best: 49
[00:00:07:10:643] Valid states checked so far: 400,000, Expansions: 45,169, Global best: 61
[00:00:10:32:332] Valid states checked so far: 600,000, Expansions: 70,831, Global best: 61
[00:00:11:31:660] Path of length 90 found: [0, 1, 2, 15, 28, 27, 26, 39, 52, 53, 54, 41, 42, 29, 16, 3, 4, 17, 30, 43, 56, 57, 58, 45, 32, 19, 6, 7, 8, 9, 10, 11, 12, 25, 38, 37, 36, 49, 62, 61, 74, 87, 88, 89, 90, 103, 116, 115, 114, 113, 112, 99, 86, 85, 84, 83, 82, 81, 80, 79, 92, 105, 106, 107, 108, 109, 122, 135, 134, 133, 132, 131, 130, 143, 156, 157, 158, 159, 160, 161, 162, 163, 164, 165, 152, 139, 140, 141, 142, 155, 168]
[00:00:11:31:660] ! Unidirectional s-t. expansions: 78,620, time: 691,660 [ms], path length: 90 [edges], generated: 659,788
[00:00:00:13:828] Path of length 90 found: [168, 155, 142, 141, 140, 139, 152, 165, 164, 163, 162, 161, 160, 159, 158, 157, 156, 143, 130, 131, 132, 133, 134, 135, 122, 109, 108, 107, 106, 105, 92, 79, 80, 81, 82, 83, 84, 85, 86, 99, 112, 113, 114, 115, 116, 103, 90, 89, 88, 87, 74, 61, 62, 63, 64, 51, 38, 25, 12, 11, 10, 9, 8, 7, 6, 19, 32, 45, 58, 57, 56, 43, 30, 17, 4, 3, 2, 15, 16, 29, 28, 41, 42, 55, 54, 53, 52, 39, 26, 13, 0]
[00:00:00:13:828] ! Unidirectional t-s. expansions: 1,511, time: 13,828 [ms], path length: 90 [edges], generated: 18,233
[00:00:03:36:868] Path of length 90 found: [0, 13, 26, 39, 52, 53, 54, 41, 28, 15, 2, 3, 4, 17, 16, 29, 30, 43, 42, 55, 56, 57, 58, 45, 32, 19, 6, 7, 8, 9, 10, 11, 12, 25, 38, 37, 36, 49, 62, 61, 74, 87, 88, 89, 90, 103, 116, 115, 114, 113, 112, 99, 86, 85, 84, 83, 82, 81, 80, 79, 92, 105, 106, 107, 108, 109, 122, 135, 134, 133, 132, 131, 130, 143, 156, 157, 158, 159, 160, 161, 162, 163, 164, 165, 152, 139, 140, 141, 142, 155, 168]
[00:00:03:36:869] ! Bidirectional. expansions: 48,714, time: 216,868 [ms], path length: 90 [edges], g_F: 45, g_B: 45, generated: {'F': 188,092, 'B': 165,061}, MM: 0, MMPER: -1.0%
[00:00:03:36:869] 
---------- mazes/13x13_maze_with_1_open_diamonds_2 ----------
[00:00:02:53:677] Valid states checked so far: 200,000, Expansions: 18,554, Global best: 89
[00:00:04:07:676] Path of length 92 found: [0, 1, 2, 3, 4, 17, 30, 43, 56, 55, 54, 41, 28, 27, 26, 39, 52, 65, 78, 79, 80, 81, 82, 83, 70, 57, 58, 45, 32, 19, 6, 7, 8, 9, 10, 11, 12, 25, 38, 37, 36, 49, 62, 61, 60, 59, 72, 71, 84, 85, 98, 99, 86, 87, 88, 89, 90, 103, 116, 115, 114, 113, 112, 111, 110, 97, 96, 109, 122, 135, 134, 133, 132, 131, 130, 143, 156, 157, 158, 159, 160, 161, 162, 163, 164, 165, 152, 139, 140, 141, 142, 155, 168]
[00:00:04:07:676] ! Unidirectional s-t. expansions: 27,635, time: 247,676 [ms], path length: 92 [edges], generated: 288,410
[00:00:02:34:775] Valid states checked so far: 200,000, Expansions: 21,524, Global best: 81
[00:00:03:34:414] Path of length 92 found: [168, 155, 142, 141, 140, 139, 152, 165, 164, 163, 162, 161, 160, 159, 158, 157, 156, 143, 130, 131, 132, 133, 134, 135, 122, 109, 108, 107, 106, 105, 92, 79, 78, 65, 52, 39, 26, 27, 28, 41, 54, 55, 56, 57, 70, 83, 96, 97, 110, 111, 98, 99, 112, 113, 114, 115, 116, 103, 90, 89, 88, 87, 86, 85, 84, 71, 58, 59, 60, 61, 62, 63, 64, 51, 38, 25, 12, 11, 10, 9, 8, 7, 6, 19, 32, 31, 30, 17, 4, 3, 2, 1, 0]
[00:00:03:34:414] ! Unidirectional t-s. expansions: 30,793, time: 214,414 [ms], path length: 92 [edges], generated: 281,004
[00:00:00:20:342] Path of length 92 found: [0, 1, 2, 3, 4, 17, 30, 31, 32, 19, 6, 7, 8, 9, 10, 11, 12, 25, 38, 37, 36, 49, 62, 61, 60, 59, 58, 71, 72, 85, 98, 99, 86, 87, 88, 89, 90, 103, 116, 115, 114, 113, 112, 111, 110, 97, 84, 83, 70, 57, 56, 55, 54, 41, 28, 27, 26, 39, 52, 65, 78, 79, 92, 105, 106, 107, 108, 109, 122, 135, 134, 133, 132, 131, 130, 143, 156, 157, 158, 159, 160, 161, 162, 163, 164, 165, 152, 139, 140, 141, 142, 155, 168]
[00:00:00:20:343] ! Bidirectional. expansions: 4,685, time: 20,343 [ms], path length: 92 [edges], g_F: 46, g_B: 46, generated: {'F': 23,150, 'B': 24,923}, MM: 0, MMPER: -1.0%
[00:00:00:20:343] 
---------- mazes/13x13_maze_with_1_open_diamonds_3 ----------
[00:00:02:42:485] Path of length 90 found: [0, 1, 2, 3, 4, 17, 30, 43, 56, 55, 54, 41, 28, 27, 26, 39, 52, 65, 78, 79, 80, 81, 82, 83, 84, 71, 58, 45, 32, 19, 6, 7, 8, 9, 10, 11, 12, 25, 38, 37, 36, 49, 62, 61, 74, 87, 86, 85, 98, 99, 100, 101, 88, 89, 90, 103, 102, 115, 116, 129, 142, 141, 140, 139, 126, 113, 112, 111, 110, 109, 122, 135, 134, 133, 132, 131, 130, 143, 156, 157, 158, 159, 160, 161, 162, 163, 164, 165, 166, 167, 168]
[00:00:02:42:486] ! Unidirectional s-t. expansions: 18,896, time: 162,485 [ms], path length: 90 [edges], generated: 198,803
[00:00:03:13:967] Valid states checked so far: 200,000, Expansions: 23,241, Global best: 59
[00:00:06:06:165] Valid states checked so far: 400,000, Expansions: 46,237, Global best: 59
[00:00:08:51:437] Valid states checked so far: 600,000, Expansions: 69,335, Global best: 79
[00:00:10:43:463] Path of length 90 found: [168, 167, 166, 165, 164, 163, 162, 161, 160, 159, 158, 157, 156, 143, 130, 131, 132, 133, 134, 135, 122, 109, 108, 107, 106, 105, 92, 79, 78, 65, 52, 39, 26, 27, 28, 41, 54, 55, 56, 57, 58, 71, 84, 85, 98, 111, 112, 113, 126, 139, 140, 141, 142, 129, 116, 103, 90, 89, 102, 115, 114, 101, 100, 99, 86, 87, 74, 61, 62, 63, 64, 51, 38, 25, 12, 11, 10, 9, 8, 7, 6, 19, 32, 31, 30, 17, 4, 3, 2, 1, 0]
[00:00:10:43:464] ! Unidirectional t-s. expansions: 85,050, time: 643,463 [ms], path length: 90 [edges], generated: 738,643
[00:00:03:22:891] Path of length 90 found: [0, 1, 2, 3, 4, 17, 30, 43, 56, 55, 54, 41, 28, 27, 26, 39, 52, 65, 78, 79, 80, 81, 82, 83, 84, 71, 58, 45, 32, 19, 6, 7, 8, 9, 10, 11, 12, 25, 38, 37, 36, 49, 62, 61, 74, 87, 88, 101, 114, 115, 102, 89, 90, 103, 116, 129, 142, 141, 140, 139, 126, 113, 112, 99, 86, 85, 98, 111, 110, 109, 122, 135, 134, 133, 132, 131, 130, 143, 156, 157, 158, 159, 160, 161, 162, 163, 164, 165, 166, 167, 168]
[00:00:03:22:892] ! Bidirectional. expansions: 38,691, time: 202,891 [ms], path length: 90 [edges], g_F: 45, g_B: 45, generated: {'F': 146,536, 'B': 189,985}, MM: 0, MMPER: -1.0%
[00:00:03:22:892] 
---------- mazes/13x13_maze_with_1_open_diamonds_4 ----------
[00:00:03:00:022] Valid states checked so far: 200,000, Expansions: 18,499, Global best: 65
[00:00:05:44:569] Valid states checked so far: 400,000, Expansions: 38,109, Global best: 89
[00:00:06:49:769] Path of length 92 found: [0, 1, 2, 3, 4, 17, 30, 43, 56, 55, 54, 41, 28, 27, 26, 39, 52, 65, 78, 79, 80, 81, 82, 95, 108, 107, 106, 119, 132, 131, 130, 143, 156, 157, 158, 159, 160, 161, 162, 163, 150, 137, 136, 135, 134, 133, 120, 121, 122, 109, 110, 111, 112, 99, 86, 85, 84, 71, 58, 45, 32, 19, 6, 7, 8, 9, 10, 11, 12, 25, 38, 37, 36, 49, 62, 61, 74, 87, 88, 89, 90, 103, 116, 129, 142, 141, 140, 139, 152, 165, 166, 167, 168]
[00:00:06:49:770] ! Unidirectional s-t. expansions: 45,749, time: 409,769 [ms], path length: 92 [edges], generated: 479,549
[00:00:03:08:160] Valid states checked so far: 200,000, Expansions: 21,396, Global best: 61
[00:00:06:08:054] Valid states checked so far: 400,000, Expansions: 43,480, Global best: 61
[00:00:09:00:499] Valid states checked so far: 600,000, Expansions: 65,736, Global best: 61
[00:00:11:50:480] Valid states checked so far: 800,000, Expansions: 87,928, Global best: 81
[00:00:14:40:018] Valid states checked so far: 1,000,000, Expansions: 110,218, Global best: 81
[00:00:17:24:314] Path of length 92 found: [168, 167, 166, 165, 152, 139, 140, 141, 142, 129, 116, 103, 90, 89, 88, 87, 74, 61, 62, 63, 64, 51, 38, 25, 12, 11, 10, 9, 8, 7, 6, 19, 32, 45, 58, 71, 84, 85, 86, 99, 112, 111, 110, 109, 122, 121, 120, 133, 134, 135, 136, 137, 150, 163, 162, 161, 160, 159, 158, 157, 156, 143, 130, 131, 132, 119, 106, 107, 108, 95, 82, 81, 80, 79, 78, 65, 52, 39, 26, 27, 28, 41, 54, 55, 56, 43, 30, 17, 4, 3, 2, 1, 0]
[00:00:17:24:315] ! Unidirectional t-s. expansions: 131,652, time: 1,044,315 [ms], path length: 92 [edges], generated: 1,191,420
[00:00:02:44:763] Path of length 92 found: [0, 1, 2, 3, 4, 17, 30, 43, 56, 55, 54, 41, 28, 27, 26, 39, 52, 65, 78, 79, 80, 81, 82, 95, 108, 107, 106, 119, 120, 133, 132, 131, 130, 143, 156, 157, 158, 159, 160, 161, 162, 163, 150, 137, 136, 135, 134, 121, 122, 109, 110, 111, 112, 99, 86, 85, 84, 71, 58, 45, 32, 19, 6, 7, 8, 9, 10, 11, 12, 25, 38, 51, 64, 63, 62, 61, 74, 87, 88, 89, 90, 103, 116, 129, 142, 141, 140, 139, 152, 165, 166, 167, 168]
[00:00:02:44:764] ! Bidirectional. expansions: 30,243, time: 164,763 [ms], path length: 92 [edges], g_F: 46, g_B: 46, generated: {'F': 152,630, 'B': 174,596}, MM: 0, MMPER: -1.0%
[00:00:02:44:764] 
---------- mazes/13x13_maze_with_1_open_diamonds_5 ----------
[00:00:02:59:809] Valid states checked so far: 200,000, Expansions: 20,234, Global best: 73
[00:00:05:47:329] Valid states checked so far: 400,000, Expansions: 41,348, Global best: 89
[00:00:07:06:411] Path of length 92 found: [0, 1, 2, 3, 4, 17, 30, 43, 56, 55, 54, 41, 28, 27, 26, 39, 52, 65, 78, 79, 80, 81, 94, 107, 106, 105, 118, 131, 130, 143, 156, 157, 158, 159, 160, 161, 162, 163, 150, 137, 136, 135, 134, 133, 132, 119, 120, 121, 108, 109, 110, 111, 112, 99, 86, 85, 84, 71, 58, 45, 32, 19, 6, 7, 8, 9, 10, 11, 12, 25, 38, 37, 36, 49, 62, 61, 74, 87, 88, 89, 90, 103, 116, 129, 142, 141, 140, 139, 152, 165, 166, 167, 168]
[00:00:07:06:412] ! Unidirectional s-t. expansions: 51,725, time: 426,411 [ms], path length: 92 [edges], generated: 498,004
[00:00:03:03:707] Valid states checked so far: 200,000, Expansions: 21,695, Global best: 61
[00:00:05:59:960] Valid states checked so far: 400,000, Expansions: 44,363, Global best: 61
[00:00:08:54:416] Valid states checked so far: 600,000, Expansions: 67,234, Global best: 61
[00:00:11:44:122] Valid states checked so far: 800,000, Expansions: 89,836, Global best: 81
[00:00:14:29:614] Valid states checked so far: 1,000,000, Expansions: 112,337, Global best: 81
[00:00:15:24:755] Path of length 92 found: [168, 167, 166, 165, 152, 139, 140, 141, 142, 129, 116, 103, 90, 89, 88, 87, 74, 61, 62, 63, 64, 51, 38, 25, 12, 11, 10, 9, 8, 7, 6, 19, 32, 45, 58, 71, 84, 85, 86, 99, 112, 111, 110, 109, 108, 121, 120, 119, 132, 133, 134, 135, 136, 137, 150, 163, 162, 161, 160, 159, 158, 157, 156, 143, 130, 131, 118, 105, 106, 107, 94, 81, 80, 79, 78, 65, 52, 39, 26, 27, 28, 41, 54, 55, 56, 43, 30, 17, 4, 3, 2, 1, 0]
[00:00:15:24:755] ! Unidirectional t-s. expansions: 118,971, time: 924,755 [ms], path length: 92 [edges], generated: 1,058,963
[00:00:02:19:650] Path of length 92 found: [0, 1, 2, 3, 4, 17, 30, 43, 56, 55, 54, 41, 28, 27, 26, 39, 52, 65, 78, 79, 80, 81, 94, 107, 106, 105, 118, 119, 120, 133, 132, 131, 130, 143, 156, 157, 158, 159, 160, 161, 162, 163, 150, 137, 136, 135, 122, 121, 108, 109, 110, 111, 112, 99, 86, 85, 84, 71, 58, 45, 32, 19, 6, 7, 8, 9, 10, 11, 12, 25, 38, 51, 64, 63, 62, 61, 74, 87, 88, 89, 90, 103, 116, 129, 142, 141, 140, 139, 152, 165, 166, 167, 168]
[00:00:02:19:651] ! Bidirectional. expansions: 28,766, time: 139,650 [ms], path length: 92 [edges], g_F: 46, g_B: 46, generated: {'F': 127,753, 'B': 149,136}, MM: 0, MMPER: -1.0%
[00:00:02:19:651] 
---------- mazes/13x13_maze_with_1_open_diamonds_6 ----------
[00:00:02:54:453] Path of length 92 found: [0, 1, 2, 3, 4, 17, 30, 43, 56, 55, 54, 41, 28, 27, 26, 39, 52, 65, 78, 79, 80, 81, 82, 83, 84, 71, 58, 45, 32, 19, 6, 7, 8, 9, 10, 11, 12, 25, 38, 51, 64, 63, 62, 49, 36, 35, 34, 47, 60, 59, 72, 85, 86, 73, 74, 87, 88, 89, 90, 103, 116, 115, 114, 113, 112, 111, 110, 109, 122, 135, 134, 133, 132, 131, 130, 143, 156, 157, 158, 159, 160, 161, 162, 163, 164, 165, 152, 139, 140, 141, 142, 155, 168]
[00:00:02:54:454] ! Unidirectional s-t. expansions: 19,051, time: 174,453 [ms], path length: 92 [edges], generated: 198,858
[00:00:00:59:332] Path of length 92 found: [168, 155, 142, 141, 140, 139, 152, 165, 164, 163, 162, 161, 160, 159, 158, 157, 156, 143, 130, 131, 132, 133, 134, 135, 122, 109, 108, 107, 106, 105, 92, 79, 78, 65, 52, 39, 26, 27, 28, 41, 54, 55, 56, 57, 58, 71, 84, 85, 72, 73, 86, 99, 112, 113, 114, 115, 116, 103, 90, 89, 88, 75, 74, 61, 60, 47, 34, 35, 36, 49, 62, 63, 64, 51, 38, 25, 12, 11, 10, 9, 8, 7, 6, 19, 32, 31, 30, 17, 4, 3, 2, 1, 0]
[00:00:00:59:332] ! Unidirectional t-s. expansions: 7,842, time: 59,332 [ms], path length: 92 [edges], generated: 80,725
[00:00:00:09:721] Path of length 92 found: [0, 1, 2, 3, 4, 17, 30, 31, 32, 19, 6, 7, 8, 9, 10, 11, 12, 25, 38, 51, 64, 63, 62, 49, 36, 35, 34, 47, 60, 61, 74, 75, 88, 89, 90, 103, 116, 115, 114, 113, 112, 99, 86, 73, 72, 85, 84, 71, 58, 57, 56, 55, 54, 41, 28, 27, 26, 39, 52, 65, 78, 79, 92, 105, 106, 107, 108, 109, 122, 135, 134, 133, 132, 131, 130, 143, 156, 157, 158, 159, 160, 161, 162, 163, 164, 165, 152, 139, 140, 141, 142, 155, 168]
[00:00:00:09:722] ! Bidirectional. expansions: 2,251, time: 9,721 [ms], path length: 92 [edges], g_F: 46, g_B: 46, generated: {'F': 11,205, 'B': 10,671}, MM: 0, MMPER: -1.0%
[00:00:00:09:722] 
---------- mazes/13x13_maze_with_1_open_diamonds_7 ----------
[00:00:03:11:780] Valid states checked so far: 200,000, Expansions: 22,462, Global best: 65
[00:00:03:40:697] Path of length 94 found: [0, 1, 2, 3, 4, 17, 30, 31, 32, 19, 6, 7, 20, 21, 8, 9, 10, 11, 12, 25, 38, 51, 64, 63, 62, 49, 36, 35, 34, 33, 46, 47, 60, 61, 74, 87, 88, 89, 90, 103, 116, 115, 114, 113, 112, 99, 86, 85, 84, 71, 58, 57, 56, 55, 54, 41, 28, 27, 26, 39, 52, 65, 78, 79, 92, 105, 106, 107, 108, 109, 122, 135, 134, 133, 132, 131, 130, 143, 156, 157, 158, 159, 160, 161, 162, 163, 164, 165, 152, 139, 140, 141, 142, 155, 168]
[00:00:03:40:698] ! Unidirectional s-t. expansions: 25,952, time: 220,698 [ms], path length: 94 [edges], generated: 230,070
[00:00:00:11:830] Path of length 94 found: [168, 155, 142, 141, 140, 139, 152, 165, 164, 163, 162, 161, 160, 159, 158, 157, 156, 143, 130, 131, 132, 133, 134, 135, 122, 109, 108, 107, 106, 105, 92, 79, 78, 65, 52, 39, 26, 27, 28, 41, 54, 55, 56, 57, 58, 71, 84, 85, 86, 99, 112, 113, 114, 115, 116, 103, 90, 89, 88, 87, 74, 61, 60, 59, 46, 47, 34, 35, 36, 49, 62, 63, 64, 51, 38, 25, 12, 11, 10, 9, 8, 7, 6, 19, 20, 33, 32, 31, 30, 17, 4, 3, 2, 1, 0]
[00:00:00:11:830] ! Unidirectional t-s. expansions: 1,730, time: 11,830 [ms], path length: 94 [edges], generated: 20,203
[00:00:00:21:717] Path of length 94 found: [0, 1, 2, 3, 4, 17, 30, 31, 32, 19, 6, 7, 20, 21, 8, 9, 10, 11, 12, 25, 38, 51, 64, 63, 62, 49, 36, 35, 34, 33, 46, 47, 60, 61, 74, 87, 88, 89, 90, 103, 116, 115, 114, 113, 112, 99, 86, 85, 84, 71, 58, 57, 56, 55, 54, 41, 28, 27, 26, 39, 52, 65, 78, 79, 92, 105, 106, 107, 108, 109, 122, 135, 134, 133, 132, 131, 130, 143, 156, 157, 158, 159, 160, 161, 162, 163, 164, 165, 152, 139, 140, 141, 142, 155, 168]
[00:00:00:21:718] ! Bidirectional. expansions: 5,117, time: 21,718 [ms], path length: 94 [edges], g_F: 47, g_B: 47, generated: {'F': 20,066, 'B': 17,587}, MM: 0, MMPER: -1.0%
[00:00:00:21:718] 
---------- mazes/13x13_maze_with_1_open_diamonds_8 ----------
[00:00:03:14:457] Valid states checked so far: 200,000, Expansions: 22,462, Global best: 65
[00:00:03:43:964] Path of length 94 found: [0, 1, 2, 3, 4, 17, 30, 31, 32, 19, 6, 7, 20, 21, 8, 9, 10, 11, 12, 25, 38, 51, 64, 63, 62, 49, 36, 35, 34, 33, 46, 47, 60, 61, 74, 87, 88, 89, 90, 103, 116, 115, 114, 113, 112, 99, 86, 85, 84, 71, 58, 57, 56, 55, 54, 41, 28, 27, 26, 39, 52, 65, 78, 79, 92, 105, 106, 107, 108, 109, 122, 135, 134, 133, 132, 131, 130, 143, 156, 157, 158, 159, 160, 161, 162, 163, 164, 165, 152, 139, 140, 141, 142, 155, 168]
[00:00:03:43:964] ! Unidirectional s-t. expansions: 25,952, time: 223,964 [ms], path length: 94 [edges], generated: 230,070
[00:00:00:11:867] Path of length 94 found: [168, 155, 142, 141, 140, 139, 152, 165, 164, 163, 162, 161, 160, 159, 158, 157, 156, 143, 130, 131, 132, 133, 134, 135, 122, 109, 108, 107, 106, 105, 92, 79, 78, 65, 52, 39, 26, 27, 28, 41, 54, 55, 56, 57, 58, 71, 84, 85, 86, 99, 112, 113, 114, 115, 116, 103, 90, 89, 88, 87, 74, 61, 60, 59, 46, 47, 34, 35, 36, 49, 62, 63, 64, 51, 38, 25, 12, 11, 10, 9, 8, 7, 6, 19, 20, 33, 32, 31, 30, 17, 4, 3, 2, 1, 0]
[00:00:00:11:867] ! Unidirectional t-s. expansions: 1,730, time: 11,867 [ms], path length: 94 [edges], generated: 20,203
[00:00:00:21:481] Path of length 94 found: [0, 1, 2, 3, 4, 17, 30, 31, 32, 19, 6, 7, 20, 21, 8, 9, 10, 11, 12, 25, 38, 51, 64, 63, 62, 49, 36, 35, 34, 33, 46, 47, 60, 61, 74, 87, 88, 89, 90, 103, 116, 115, 114, 113, 112, 99, 86, 85, 84, 71, 58, 57, 56, 55, 54, 41, 28, 27, 26, 39, 52, 65, 78, 79, 92, 105, 106, 107, 108, 109, 122, 135, 134, 133, 132, 131, 130, 143, 156, 157, 158, 159, 160, 161, 162, 163, 164, 165, 152, 139, 140, 141, 142, 155, 168]
[00:00:00:21:482] ! Bidirectional. expansions: 5,117, time: 21,481 [ms], path length: 94 [edges], g_F: 47, g_B: 47, generated: {'F': 20,066, 'B': 17,587}, MM: 0, MMPER: -1.0%
[00:00:00:21:482] 
---------- mazes/13x13_maze_with_1_open_diamonds_9 ----------
[00:00:02:41:816] Valid states checked so far: 200,000, Expansions: 16,145, Global best: 85
[00:00:05:06:890] Valid states checked so far: 400,000, Expansions: 35,546, Global best: 89
[00:00:05:59:008] Path of length 92 found: [0, 1, 2, 3, 4, 17, 30, 43, 56, 55, 54, 41, 28, 27, 26, 39, 52, 65, 78, 79, 92, 105, 106, 107, 108, 109, 122, 135, 134, 133, 132, 131, 130, 143, 156, 157, 158, 159, 160, 161, 162, 163, 150, 137, 136, 123, 110, 111, 124, 125, 126, 113, 112, 99, 86, 85, 84, 71, 58, 45, 32, 19, 6, 7, 8, 9, 10, 11, 12, 25, 38, 37, 36, 49, 62, 61, 74, 87, 88, 89, 90, 103, 116, 129, 142, 141, 140, 139, 152, 165, 166, 167, 168]
[00:00:05:59:009] ! Unidirectional s-t. expansions: 41,921, time: 359,009 [ms], path length: 92 [edges], generated: 469,481
[00:00:03:11:347] Valid states checked so far: 200,000, Expansions: 22,999, Global best: 61
[00:00:06:14:890] Valid states checked so far: 400,000, Expansions: 47,953, Global best: 61
[00:00:09:11:015] Valid states checked so far: 600,000, Expansions: 72,870, Global best: 61
[00:00:12:05:235] Valid states checked so far: 800,000, Expansions: 97,311, Global best: 61
[00:00:14:57:370] Valid states checked so far: 1,000,000, Expansions: 121,641, Global best: 61
[00:00:17:44:982] Valid states checked so far: 1,200,000, Expansions: 145,777, Global best: 61
[00:00:20:28:894] Valid states checked so far: 1,400,000, Expansions: 169,664, Global best: 61
[00:00:23:16:526] Valid states checked so far: 1,600,000, Expansions: 194,131, Global best: 61
[00:00:25:53:790] Valid states checked so far: 1,800,000, Expansions: 217,691, Global best: 61
[00:00:28:37:069] Valid states checked so far: 2,000,000, Expansions: 241,919, Global best: 81
[00:00:31:10:872] Valid states checked so far: 2,200,000, Expansions: 265,746, Global best: 81
[00:00:33:48:601] Valid states checked so far: 2,400,000, Expansions: 290,033, Global best: 81
[00:00:36:30:057] Valid states checked so far: 2,600,000, Expansions: 313,579, Global best: 81
[00:00:39:00:714] Valid states checked so far: 2,800,000, Expansions: 337,319, Global best: 81
[00:00:41:38:256] Valid states checked so far: 3,000,000, Expansions: 361,309, Global best: 81
[00:00:42:38:902] Path of length 92 found: [168, 167, 166, 165, 152, 139, 140, 141, 142, 129, 116, 103, 90, 89, 88, 87, 74, 61, 62, 63, 64, 51, 38, 25, 12, 11, 10, 9, 8, 7, 6, 19, 32, 45, 58, 71, 84, 85, 86, 99, 98, 111, 112, 113, 126, 125, 124, 137, 150, 163, 162, 161, 160, 159, 158, 157, 156, 143, 130, 131, 132, 133, 134, 135, 136, 123, 110, 109, 108, 107, 106, 105, 92, 79, 78, 65, 52, 39, 26, 27, 28, 41, 54, 55, 56, 43, 30, 17, 4, 3, 2, 1, 0]
[00:00:42:38:903] ! Unidirectional t-s. expansions: 369,412, time: 2,558,902 [ms], path length: 92 [edges], generated: 3,071,825
[00:00:06:11:405] Path of length 92 found: [0, 1, 2, 3, 4, 17, 30, 43, 56, 55, 54, 41, 28, 27, 26, 39, 52, 65, 78, 79, 92, 105, 106, 107, 108, 109, 122, 123, 136, 135, 134, 133, 132, 131, 130, 143, 156, 157, 158, 159, 160, 161, 162, 163, 150, 137, 124, 125, 126, 113, 112, 111, 98, 99, 86, 85, 84, 71, 58, 45, 32, 19, 6, 7, 8, 9, 10, 11, 12, 25, 38, 51, 64, 63, 62, 61, 74, 87, 88, 89, 90, 103, 116, 129, 142, 141, 140, 139, 152, 165, 166, 167, 168]
[00:00:06:11:406] ! Bidirectional. expansions: 74,994, time: 371,405 [ms], path length: 92 [edges], g_F: 46, g_B: 46, generated: {'F': 345,603, 'B': 424,041}, MM: 0, MMPER: -1.0%
[00:00:06:11:406] average expansions: (38,227, 92,880, 27,167, 0)
[00:00:06:11:406] average time: (330,559, 687,517, 134,161, 0)
[00:00:06:11:406] XIDA: 38,227 , 330,559 (expansions , time[ms])
[00:00:06:11:406] BiXIDA: 27,167 , 134,161 (expansions , time[ms])

