--------------------------
date: SM_Grids
number_of_graphs: 10
graph_type: grid
size_of_graphs: [8, 8]
heuristic: bcc_heuristic
snake: False
run_uni: True
run_bi: True
run_multi: False
solution_vertices: []
algorithms: ['A']
lookahead: 3
bsd: False
cube_first_dims: 4
cube_buffer_dim: None
backward_sym_generation: False
sym_coil: False
prefix_set: None

---------- SM_Grids/8x8_grid_with_random_blocks_20per_0 ----------
[00:00:00:02:250] Path of length 44 found: [0, 1, 9, 10, 2, 3, 4, 5, 6, 7, 15, 23, 31, 39, 38, 30, 29, 21, 22, 14, 13, 12, 20, 28, 36, 35, 34, 26, 25, 17, 16, 24, 32, 40, 48, 49, 41, 42, 43, 44, 52, 53, 61, 62, 63]
[00:00:00:02:250] ! Unidirectional s-t. expansions: 1,596, time: 2,250 [ms], path length: 44 [edges], generated: 2,553
[00:00:00:00:520] Path of length 44 found: [63, 62, 61, 53, 52, 44, 43, 42, 50, 49, 41, 40, 32, 24, 16, 17, 25, 26, 34, 35, 36, 37, 38, 39, 31, 30, 29, 28, 20, 21, 22, 23, 15, 7, 6, 14, 13, 5, 4, 3, 2, 10, 9, 1, 0]
[00:00:00:00:520] ! Unidirectional t-s. expansions: 511, time: 520 [ms], path length: 44 [edges], generated: 894
[00:00:00:02:660] Path of length 44 found: [0, 1, 9, 10, 2, 3, 4, 12, 20, 21, 13, 5, 6, 7, 15, 14, 22, 23, 31, 39, 38, 30, 29, 28, 36, 35, 34, 26, 25, 17, 16, 24, 32, 40, 41, 49, 50, 42, 43, 44, 52, 53, 61, 62, 63]
[00:00:00:03:230] ! Bidirectional. expansions: 282, time: 2,660 [ms], path length: 44 [edges], g_F: 29, g_B: 15, generated: {'F': 1,970, 'B': 945}, MM: 14, MMPER: 30.11111111111111%
[00:00:00:03:230] 
---------- SM_Grids/8x8_grid_with_random_blocks_20per_1 ----------
[00:00:00:14:021] Path of length 38 found: [0, 8, 16, 24, 25, 33, 34, 42, 41, 40, 48, 56, 57, 49, 50, 51, 43, 35, 27, 26, 18, 17, 9, 1, 2, 10, 11, 19, 20, 28, 29, 30, 31, 39, 47, 46, 54, 62, 63]
[00:00:00:14:026] ! Unidirectional s-t. expansions: 7,742, time: 14,021 [ms], path length: 38 [edges], generated: 13,505
[00:00:00:06:452] Path of length 38 found: [63, 62, 54, 55, 47, 39, 31, 30, 29, 21, 20, 28, 27, 35, 43, 51, 50, 49, 57, 56, 48, 40, 41, 42, 34, 33, 25, 24, 16, 17, 18, 19, 11, 3, 2, 10, 9, 1, 0]
[00:00:00:06:453] ! Unidirectional t-s. expansions: 2,850, time: 6,452 [ms], path length: 38 [edges], generated: 5,039
[00:00:00:13:504] Path of length 38 found: [0, 1, 2, 3, 11, 10, 18, 17, 9, 8, 16, 24, 25, 33, 41, 40, 48, 56, 57, 49, 50, 51, 43, 35, 34, 26, 27, 19, 20, 21, 29, 30, 31, 39, 47, 55, 54, 62, 63]
[00:00:00:14:093] ! Bidirectional. expansions: 2,012, time: 13,504 [ms], path length: 38 [edges], g_F: 23, g_B: 15, generated: {'F': 9,813, 'B': 7,744}, MM: 8, MMPER: 19.512820512820515%
[00:00:00:14:094] 
---------- SM_Grids/8x8_grid_with_random_blocks_20per_2 ----------
[00:00:00:01:548] Path of length 48 found: [0, 8, 16, 17, 9, 1, 2, 3, 4, 12, 20, 19, 18, 26, 34, 33, 41, 40, 48, 56, 57, 49, 50, 58, 59, 60, 61, 53, 45, 37, 36, 28, 29, 30, 22, 21, 13, 5, 6, 14, 15, 23, 31, 39, 38, 46, 54, 62, 63]
[00:00:00:01:549] ! Unidirectional s-t. expansions: 739, time: 1,548 [ms], path length: 48 [edges], generated: 1,295
[00:00:00:02:027] Path of length 48 found: [63, 62, 61, 60, 59, 58, 50, 49, 57, 56, 48, 40, 41, 33, 34, 26, 18, 19, 20, 12, 13, 21, 29, 28, 36, 37, 45, 53, 54, 46, 47, 39, 38, 30, 31, 23, 15, 14, 6, 5, 4, 3, 2, 1, 9, 17, 16, 8, 0]
[00:00:00:02:028] ! Unidirectional t-s. expansions: 888, time: 2,027 [ms], path length: 48 [edges], generated: 1,438
[00:00:00:02:437] Path of length 48 found: [0, 8, 16, 17, 9, 1, 2, 3, 4, 12, 13, 5, 6, 14, 15, 23, 22, 21, 29, 30, 31, 39, 47, 46, 38, 37, 36, 28, 20, 19, 18, 26, 34, 33, 41, 40, 48, 56, 57, 49, 50, 58, 59, 60, 61, 53, 54, 62, 63]
[00:00:00:02:958] ! Bidirectional. expansions: 374, time: 2,437 [ms], path length: 48 [edges], g_F: 25, g_B: 23, generated: {'F': 1,759, 'B': 1,251}, MM: 2, MMPER: 3.0816326530612246%
[00:00:00:02:958] 
---------- SM_Grids/8x8_grid_with_random_blocks_20per_3 ----------
[00:00:00:00:997] Path of length 46 found: [0, 1, 9, 10, 18, 17, 16, 24, 32, 40, 41, 49, 57, 58, 50, 51, 43, 44, 36, 35, 34, 26, 27, 19, 20, 12, 11, 3, 4, 5, 6, 7, 15, 23, 22, 30, 31, 39, 38, 37, 45, 53, 52, 60, 61, 62, 63]
[00:00:00:00:997] ! Unidirectional s-t. expansions: 505, time: 997 [ms], path length: 46 [edges], generated: 852
[00:00:00:01:105] Path of length 46 found: [63, 62, 61, 60, 52, 53, 45, 37, 29, 30, 38, 39, 31, 23, 15, 7, 6, 5, 13, 12, 4, 3, 11, 19, 27, 26, 34, 35, 36, 44, 43, 51, 50, 58, 57, 49, 41, 40, 32, 24, 16, 17, 18, 10, 9, 1, 0]
[00:00:00:01:105] ! Unidirectional t-s. expansions: 665, time: 1,105 [ms], path length: 46 [edges], generated: 1,066
[00:00:00:02:375] Path of length 46 found: [0, 1, 9, 10, 18, 17, 16, 24, 32, 40, 41, 49, 57, 58, 50, 51, 43, 44, 36, 35, 34, 26, 27, 19, 20, 12, 11, 3, 4, 5, 6, 7, 15, 23, 31, 39, 38, 30, 29, 37, 45, 53, 52, 60, 61, 62, 63]
[00:00:00:02:905] ! Bidirectional. expansions: 302, time: 2,375 [ms], path length: 46 [edges], g_F: 28, g_B: 18, generated: {'F': 1,487, 'B': 1,066}, MM: 10, MMPER: 20.27659574468085%
[00:00:00:02:905] 
---------- SM_Grids/8x8_grid_with_random_blocks_20per_4 ----------
[00:00:00:16:222] Expansion 10,000: state None, f=46, g=16
[00:00:00:30:857] Path of length 44 found: [0, 1, 2, 3, 4, 5, 6, 7, 15, 23, 22, 21, 20, 28, 27, 26, 34, 33, 25, 17, 18, 19, 11, 10, 9, 8, 16, 24, 32, 40, 48, 49, 57, 58, 59, 51, 43, 44, 36, 37, 45, 46, 54, 62, 63]
[00:00:00:30:862] ! Unidirectional s-t. expansions: 19,979, time: 30,858 [ms], path length: 44 [edges], generated: 32,155
[00:00:00:23:253] Expansion 10,000: state None, f=45, g=16
[00:00:00:28:688] Path of length 44 found: [63, 55, 54, 46, 38, 37, 29, 21, 22, 23, 15, 7, 6, 5, 4, 3, 11, 10, 2, 1, 9, 17, 18, 26, 27, 19, 20, 28, 36, 44, 43, 51, 59, 58, 57, 49, 48, 40, 41, 33, 25, 24, 16, 8, 0]
[00:00:00:28:692] ! Unidirectional t-s. expansions: 12,922, time: 28,688 [ms], path length: 44 [edges], generated: 23,624
[00:00:00:53:804] Expansion 10,000: F [0, 8, 9, 17, 16, 24, 25, 26, 34, 33, 41, 40], B [63, 62, 54, 46, 38, 37, 29, 21], f=45, g=18
[00:00:01:04:768] Path of length 44 found: [0, 8, 16, 24, 25, 17, 9, 1, 2, 10, 11, 3, 4, 5, 6, 7, 15, 23, 22, 21, 29, 28, 20, 19, 18, 26, 34, 33, 32, 40, 48, 49, 57, 58, 59, 51, 43, 44, 45, 37, 38, 46, 54, 55, 63]
[00:00:01:05:463] ! Bidirectional. expansions: 10,942, time: 64,768 [ms], path length: 44 [edges], g_F: 28, g_B: 16, generated: {'F': 53,656, 'B': 33,432}, MM: 12, MMPER: 25.666666666666668%
[00:00:01:05:463] 
---------- SM_Grids/8x8_grid_with_random_blocks_20per_5 ----------
[00:00:00:05:209] Path of length 46 found: [0, 1, 9, 8, 16, 17, 18, 26, 34, 35, 43, 42, 41, 33, 25, 24, 32, 40, 48, 49, 57, 58, 59, 51, 52, 53, 61, 62, 54, 46, 45, 37, 36, 28, 29, 21, 20, 12, 13, 14, 22, 23, 31, 39, 47, 55, 63]
[00:00:00:05:213] ! Unidirectional s-t. expansions: 1,852, time: 5,209 [ms], path length: 46 [edges], generated: 3,330
[00:00:00:02:869] Path of length 46 found: [63, 62, 61, 53, 54, 55, 47, 46, 45, 37, 38, 39, 31, 23, 15, 14, 22, 21, 13, 12, 20, 28, 36, 35, 34, 26, 18, 17, 25, 33, 41, 42, 43, 51, 59, 58, 50, 49, 48, 40, 32, 24, 16, 8, 9, 1, 0]
[00:00:00:02:870] ! Unidirectional t-s. expansions: 890, time: 2,869 [ms], path length: 46 [edges], generated: 1,644
[00:00:00:26:751] Path of length 46 found: [0, 1, 9, 8, 16, 17, 18, 26, 25, 24, 32, 33, 34, 35, 43, 42, 41, 40, 48, 49, 57, 58, 50, 51, 52, 53, 61, 62, 54, 46, 38, 37, 36, 28, 20, 12, 13, 21, 22, 14, 15, 23, 31, 39, 47, 55, 63]
[00:00:00:27:402] ! Bidirectional. expansions: 3,326, time: 26,751 [ms], path length: 46 [edges], g_F: 28, g_B: 18, generated: {'F': 18,414, 'B': 13,579}, MM: 10, MMPER: 20.27659574468085%
[00:00:00:27:402] 
---------- SM_Grids/8x8_grid_with_random_blocks_20per_6 ----------
[00:00:00:02:886] Path of length 46 found: [0, 1, 9, 8, 16, 17, 18, 10, 11, 19, 27, 28, 36, 44, 52, 51, 43, 42, 50, 49, 48, 56, 57, 58, 59, 60, 61, 62, 54, 53, 45, 37, 29, 21, 20, 12, 4, 5, 13, 14, 15, 23, 31, 39, 47, 55, 63]
[00:00:00:02:887] ! Unidirectional s-t. expansions: 1,158, time: 2,886 [ms], path length: 46 [edges], generated: 1,878
[00:00:00:03:411] Path of length 46 found: [63, 55, 47, 39, 31, 23, 15, 14, 6, 5, 4, 12, 13, 21, 29, 37, 45, 53, 54, 62, 61, 60, 59, 58, 57, 56, 48, 49, 50, 42, 43, 51, 52, 44, 36, 28, 20, 19, 27, 26, 18, 10, 9, 17, 16, 8, 0]
[00:00:00:03:415] ! Unidirectional t-s. expansions: 2,014, time: 3,414 [ms], path length: 46 [edges], generated: 3,321
[00:00:00:08:457] Path of length 46 found: [0, 8, 16, 17, 9, 10, 18, 26, 27, 28, 36, 44, 45, 37, 29, 21, 20, 19, 11, 12, 4, 5, 13, 14, 15, 23, 31, 39, 47, 55, 54, 53, 52, 51, 43, 42, 50, 49, 48, 56, 57, 58, 59, 60, 61, 62, 63]
[00:00:00:09:445] ! Bidirectional. expansions: 924, time: 8,457 [ms], path length: 46 [edges], g_F: 24, g_B: 22, generated: {'F': 4,134, 'B': 3,384}, MM: 2, MMPER: 3.25531914893617%
[00:00:00:09:445] 
---------- SM_Grids/8x8_grid_with_random_blocks_20per_7 ----------
[00:00:00:05:125] Path of length 42 found: [0, 8, 9, 1, 2, 3, 11, 19, 27, 26, 18, 17, 25, 24, 32, 40, 41, 33, 34, 42, 50, 51, 43, 35, 36, 28, 20, 12, 4, 5, 6, 14, 15, 23, 31, 30, 38, 39, 47, 55, 54, 62, 63]
[00:00:00:05:130] ! Unidirectional s-t. expansions: 1,718, time: 5,125 [ms], path length: 42 [edges], generated: 2,854
[00:00:00:00:852] Path of length 42 found: [63, 62, 54, 55, 47, 39, 38, 30, 31, 23, 15, 7, 6, 5, 4, 12, 20, 19, 11, 3, 2, 1, 9, 17, 18, 26, 27, 28, 36, 35, 43, 51, 50, 42, 34, 33, 41, 40, 32, 24, 16, 8, 0]
[00:00:00:00:853] ! Unidirectional t-s. expansions: 356, time: 853 [ms], path length: 42 [edges], generated: 657
[00:00:00:05:825] Path of length 42 found: [0, 8, 16, 24, 25, 17, 9, 1, 2, 3, 11, 19, 18, 26, 34, 33, 32, 40, 41, 42, 50, 51, 43, 35, 27, 28, 20, 12, 4, 5, 6, 7, 15, 23, 31, 30, 38, 39, 47, 55, 54, 62, 63]
[00:00:00:06:693] ! Bidirectional. expansions: 574, time: 5,826 [ms], path length: 42 [edges], g_F: 24, g_B: 18, generated: {'F': 2,650, 'B': 1,864}, MM: 6, MMPER: 12.953488372093023%
[00:00:00:06:693] 
---------- SM_Grids/8x8_grid_with_random_blocks_20per_8 ----------
[00:00:00:00:640] Path of length 48 found: [0, 8, 16, 24, 32, 33, 25, 17, 9, 10, 2, 3, 4, 5, 6, 7, 15, 23, 22, 14, 13, 21, 29, 28, 20, 12, 11, 19, 27, 35, 36, 44, 52, 51, 50, 42, 41, 49, 57, 58, 59, 60, 61, 53, 45, 46, 47, 55, 63]
[00:00:00:00:640] ! Unidirectional s-t. expansions: 223, time: 640 [ms], path length: 48 [edges], generated: 347
[00:00:00:00:083] Path of length 48 found: [63, 55, 47, 46, 45, 53, 61, 60, 59, 58, 57, 49, 41, 42, 50, 51, 52, 44, 36, 35, 27, 19, 11, 12, 20, 28, 29, 21, 13, 14, 22, 23, 15, 7, 6, 5, 4, 3, 2, 10, 9, 17, 25, 33, 32, 24, 16, 8, 0]
[00:00:00:00:083] ! Unidirectional t-s. expansions: 52, time: 83 [ms], path length: 48 [edges], generated: 80
[00:00:00:00:140] Path of length 48 found: [0, 8, 16, 24, 32, 33, 25, 17, 9, 10, 2, 3, 11, 19, 20, 12, 4, 5, 13, 14, 6, 7, 15, 23, 22, 21, 29, 28, 27, 35, 36, 44, 52, 51, 50, 42, 41, 49, 57, 58, 59, 60, 61, 53, 45, 46, 47, 55, 63]
[00:00:00:00:925] ! Bidirectional. expansions: 17, time: 140 [ms], path length: 48 [edges], g_F: 29, g_B: 19, generated: {'F': 79, 'B': 44}, MM: 10, MMPER: 19.408163265306122%
[00:00:00:00:926] 
---------- SM_Grids/8x8_grid_with_random_blocks_20per_9 ----------
[00:00:00:00:089] Path of length 36 found: [0, 8, 9, 1, 2, 10, 18, 26, 34, 35, 27, 28, 36, 44, 45, 37, 29, 21, 13, 5, 6, 7, 15, 14, 22, 23, 31, 30, 38, 39, 47, 55, 54, 53, 61, 62, 63]
[00:00:00:00:090] ! Unidirectional s-t. expansions: 44, time: 89 [ms], path length: 36 [edges], generated: 66
[00:00:00:00:252] Path of length 36 found: [63, 62, 61, 53, 54, 55, 47, 39, 38, 30, 31, 23, 22, 14, 15, 7, 6, 5, 13, 21, 29, 37, 45, 44, 36, 28, 27, 35, 34, 26, 18, 17, 9, 10, 2, 1, 0]
[00:00:00:00:253] ! Unidirectional t-s. expansions: 108, time: 252 [ms], path length: 36 [edges], generated: 178
[00:00:00:00:151] Path of length 36 found: [0, 8, 9, 1, 2, 10, 18, 26, 34, 35, 27, 28, 36, 44, 45, 37, 38, 30, 29, 21, 22, 14, 13, 5, 6, 7, 15, 23, 31, 39, 47, 55, 54, 53, 61, 62, 63]
[00:00:00:00:985] ! Bidirectional. expansions: 14, time: 151 [ms], path length: 36 [edges], g_F: 19, g_B: 17, generated: {'F': 74, 'B': 54}, MM: 2, MMPER: 4.405405405405405%
[00:00:00:00:985] average expansions: (3,556, 2,126, 1,877, 0)
[00:00:00:00:986] average time: (6,362, 4,626, 12,707, 0)
[00:00:00:00:986] XA*: 2,126 , 4,626 (expansions , time[ms])
[00:00:00:00:986] BiXA*: 1,877 , 12,707 (expansions , time[ms])

