--------------------------
date: SM_Grids
number_of_graphs: 10
graph_type: grid
size_of_graphs: [8, 8]
heuristic: bcc_heuristic
snake: False
run_uni: True
run_bi: True
run_multi: False
solution_vertices: []
algorithms: ['A']
lookahead: 3
bsd: False
cube_first_dims: 4
cube_buffer_dim: None
backward_sym_generation: False
sym_coil: False
prefix_set: None

---------- SM_Grids/8x8_grid_with_random_blocks_16per_0 ----------
[00:00:00:00:634] Path of length 44 found: [0, 1, 9, 10, 2, 3, 11, 19, 18, 26, 34, 42, 41, 33, 25, 24, 32, 40, 48, 49, 50, 51, 43, 44, 36, 37, 29, 28, 20, 12, 13, 5, 6, 7, 15, 14, 22, 23, 31, 30, 38, 46, 47, 55, 63]
[00:00:00:00:634] ! Unidirectional s-t. expansions: 588, time: 634 [ms], path length: 44 [edges], generated: 1,011
[00:00:00:00:412] Path of length 44 found: [63, 55, 47, 46, 38, 39, 31, 30, 22, 23, 15, 7, 6, 5, 13, 12, 20, 28, 29, 37, 36, 44, 43, 35, 34, 33, 41, 42, 50, 49, 48, 40, 32, 24, 25, 26, 18, 19, 11, 3, 2, 10, 9, 1, 0]
[00:00:00:00:412] ! Unidirectional t-s. expansions: 241, time: 412 [ms], path length: 44 [edges], generated: 422
[00:00:00:01:953] Path of length 44 found: [0, 1, 9, 10, 2, 3, 11, 19, 18, 26, 25, 24, 32, 40, 48, 49, 41, 33, 34, 42, 50, 51, 43, 35, 36, 37, 29, 28, 20, 12, 13, 5, 6, 7, 15, 14, 22, 23, 31, 39, 38, 46, 47, 55, 63]
[00:00:00:02:406] ! Bidirectional. expansions: 491, time: 1,953 [ms], path length: 44 [edges], g_F: 23, g_B: 21, generated: {'F': 2,190, 'B': 2,087}, MM: 2, MMPER: 3.4444444444444446%
[00:00:00:02:407] 
---------- SM_Grids/8x8_grid_with_random_blocks_16per_1 ----------
[00:00:00:00:070] Path of length 44 found: [0, 8, 9, 10, 2, 3, 4, 12, 11, 19, 18, 26, 25, 24, 32, 33, 41, 42, 34, 35, 43, 44, 36, 28, 20, 21, 29, 30, 22, 14, 15, 23, 31, 39, 38, 46, 47, 55, 54, 53, 52, 60, 61, 62, 63]
[00:00:00:00:070] ! Unidirectional s-t. expansions: 51, time: 70 [ms], path length: 44 [edges], generated: 85
[00:00:00:02:714] Path of length 44 found: [63, 62, 61, 60, 52, 53, 54, 55, 47, 46, 38, 39, 31, 23, 15, 14, 22, 30, 29, 21, 20, 12, 4, 3, 2, 10, 11, 19, 18, 26, 27, 28, 36, 44, 43, 35, 34, 42, 41, 33, 25, 24, 16, 8, 0]
[00:00:00:02:714] ! Unidirectional t-s. expansions: 1,697, time: 2,714 [ms], path length: 44 [edges], generated: 3,188
[00:00:00:00:765] Path of length 44 found: [0, 8, 9, 10, 2, 3, 4, 12, 11, 19, 18, 26, 25, 24, 32, 33, 41, 42, 34, 35, 43, 44, 36, 28, 20, 21, 29, 30, 22, 14, 15, 23, 31, 39, 38, 46, 47, 55, 54, 53, 52, 60, 61, 62, 63]
[00:00:00:01:194] ! Bidirectional. expansions: 44, time: 765 [ms], path length: 44 [edges], g_F: 22, g_B: 22, generated: {'F': 257, 'B': 192}, MM: 0, MMPER: -1.0%
[00:00:00:01:195] 
---------- SM_Grids/8x8_grid_with_random_blocks_16per_2 ----------
[00:00:00:05:557] Path of length 44 found: [0, 1, 2, 3, 11, 19, 20, 21, 29, 30, 38, 46, 47, 55, 54, 53, 45, 44, 36, 28, 27, 26, 18, 17, 16, 24, 32, 40, 48, 56, 57, 58, 50, 49, 41, 33, 34, 42, 43, 51, 59, 60, 61, 62, 63]
[00:00:00:05:557] ! Unidirectional s-t. expansions: 4,090, time: 5,557 [ms], path length: 44 [edges], generated: 7,383
[00:00:00:13:110] Path of length 44 found: [63, 62, 54, 55, 47, 46, 38, 30, 29, 21, 20, 28, 36, 44, 45, 53, 52, 60, 59, 58, 57, 56, 48, 49, 50, 51, 43, 42, 34, 33, 41, 40, 32, 24, 16, 17, 18, 26, 27, 19, 11, 3, 2, 1, 0]
[00:00:00:13:112] ! Unidirectional t-s. expansions: 9,625, time: 13,111 [ms], path length: 44 [edges], generated: 15,993
[00:00:00:13:256] Path of length 44 found: [0, 1, 2, 3, 11, 10, 18, 17, 16, 24, 32, 40, 48, 56, 57, 49, 41, 33, 34, 42, 43, 51, 50, 58, 59, 60, 52, 53, 45, 44, 36, 28, 27, 19, 20, 21, 29, 30, 38, 46, 47, 55, 54, 62, 63]
[00:00:00:13:689] ! Bidirectional. expansions: 1,767, time: 13,256 [ms], path length: 44 [edges], g_F: 26, g_B: 18, generated: {'F': 10,363, 'B': 7,285}, MM: 8, MMPER: 16.77777777777778%
[00:00:00:13:689] 
---------- SM_Grids/8x8_grid_with_random_blocks_16per_3 ----------
[00:00:00:11:798] Expansion 10,000: state None, f=45, g=32
[00:00:00:19:767] Path of length 44 found: [0, 8, 16, 24, 25, 17, 18, 10, 11, 19, 27, 26, 34, 33, 41, 49, 50, 42, 43, 35, 36, 28, 29, 21, 20, 12, 13, 14, 15, 23, 31, 30, 38, 39, 47, 46, 45, 44, 52, 60, 61, 53, 54, 62, 63]
[00:00:00:19:769] ! Unidirectional s-t. expansions: 16,966, time: 19,767 [ms], path length: 44 [edges], generated: 30,143
[00:00:00:12:971] Expansion 10,000: state None, f=45, g=37
[00:00:00:23:753] Expansion 20,000: state None, f=45, g=37
[00:00:00:35:251] Expansion 30,000: state None, f=45, g=27
[00:00:00:42:209] Path of length 44 found: [63, 55, 47, 39, 31, 23, 15, 14, 13, 12, 11, 10, 18, 19, 27, 35, 34, 42, 43, 44, 36, 28, 20, 21, 29, 30, 38, 46, 45, 53, 54, 62, 61, 60, 52, 51, 50, 49, 41, 33, 25, 17, 16, 8, 0]
[00:00:00:42:211] ! Unidirectional t-s. expansions: 36,757, time: 42,209 [ms], path length: 44 [edges], generated: 62,846
[00:00:00:59:706] Path of length 44 found: [0, 8, 16, 24, 25, 17, 18, 10, 11, 12, 13, 14, 15, 23, 31, 39, 47, 46, 38, 30, 29, 21, 20, 19, 27, 28, 36, 35, 34, 33, 41, 49, 50, 51, 43, 44, 45, 53, 52, 60, 61, 62, 54, 55, 63]
[00:00:01:00:311] ! Bidirectional. expansions: 9,437, time: 59,706 [ms], path length: 44 [edges], g_F: 29, g_B: 15, generated: {'F': 59,694, 'B': 43,287}, MM: 14, MMPER: 30.11111111111111%
[00:00:01:00:312] 
---------- SM_Grids/8x8_grid_with_random_blocks_16per_4 ----------
[00:00:00:00:913] Path of length 48 found: [0, 1, 9, 8, 16, 17, 18, 10, 11, 3, 4, 12, 13, 14, 22, 30, 38, 39, 47, 46, 45, 44, 36, 37, 29, 28, 27, 35, 34, 26, 25, 33, 32, 40, 48, 56, 57, 49, 41, 42, 50, 51, 52, 60, 61, 53, 54, 62, 63]
[00:00:00:00:913] ! Unidirectional s-t. expansions: 853, time: 913 [ms], path length: 48 [edges], generated: 1,430
[00:00:00:02:974] Path of length 48 found: [63, 55, 47, 39, 38, 37, 36, 44, 45, 46, 54, 62, 61, 60, 52, 51, 50, 42, 41, 49, 57, 56, 48, 40, 32, 33, 25, 26, 34, 35, 27, 28, 29, 30, 22, 14, 13, 12, 4, 3, 11, 10, 18, 17, 16, 8, 9, 1, 0]
[00:00:00:02:974] ! Unidirectional t-s. expansions: 1,765, time: 2,974 [ms], path length: 48 [edges], generated: 3,155
[00:00:00:04:391] Path of length 48 found: [0, 1, 9, 8, 16, 17, 25, 26, 18, 10, 11, 3, 4, 12, 13, 14, 22, 30, 29, 37, 38, 39, 47, 55, 54, 46, 45, 44, 36, 28, 27, 35, 34, 33, 32, 40, 48, 56, 57, 49, 41, 42, 50, 51, 52, 60, 61, 62, 63]
[00:00:00:04:827] ! Bidirectional. expansions: 565, time: 4,391 [ms], path length: 48 [edges], g_F: 28, g_B: 20, generated: {'F': 2,942, 'B': 2,260}, MM: 8, MMPER: 15.326530612244898%
[00:00:00:04:827] 
---------- SM_Grids/8x8_grid_with_random_blocks_16per_5 ----------
[00:00:00:02:580] Path of length 50 found: [0, 8, 16, 24, 32, 33, 34, 26, 25, 17, 9, 1, 2, 10, 11, 19, 20, 12, 4, 5, 6, 14, 15, 23, 31, 39, 38, 30, 29, 28, 36, 35, 43, 44, 52, 51, 50, 49, 48, 56, 57, 58, 59, 60, 61, 53, 45, 46, 54, 55, 63]
[00:00:00:02:580] ! Unidirectional s-t. expansions: 2,024, time: 2,580 [ms], path length: 50 [edges], generated: 3,392
[00:00:00:02:372] Path of length 50 found: [63, 55, 47, 46, 54, 53, 61, 60, 59, 58, 57, 56, 48, 49, 50, 51, 52, 44, 43, 35, 36, 28, 29, 30, 38, 39, 31, 23, 15, 14, 6, 5, 4, 12, 20, 19, 11, 3, 2, 10, 9, 17, 25, 26, 34, 33, 32, 24, 16, 8, 0]
[00:00:00:02:372] ! Unidirectional t-s. expansions: 1,387, time: 2,372 [ms], path length: 50 [edges], generated: 2,355
[00:00:00:09:866] Path of length 50 found: [0, 8, 16, 24, 32, 33, 34, 26, 25, 17, 9, 10, 2, 3, 11, 19, 20, 12, 4, 5, 6, 14, 15, 23, 31, 39, 38, 30, 29, 28, 36, 35, 43, 51, 50, 49, 48, 56, 57, 58, 59, 60, 61, 53, 52, 44, 45, 46, 47, 55, 63]
[00:00:00:10:302] ! Bidirectional. expansions: 1,307, time: 9,866 [ms], path length: 50 [edges], g_F: 27, g_B: 23, generated: {'F': 6,041, 'B': 5,362}, MM: 4, MMPER: 6.8431372549019605%
[00:00:00:10:302] 
---------- SM_Grids/8x8_grid_with_random_blocks_16per_6 ----------
[00:00:00:00:292] Path of length 48 found: [0, 1, 9, 8, 16, 17, 25, 24, 32, 33, 41, 40, 48, 49, 50, 42, 34, 35, 27, 26, 18, 10, 11, 19, 20, 21, 22, 14, 13, 5, 6, 7, 15, 23, 31, 30, 29, 37, 36, 44, 52, 53, 45, 46, 47, 55, 54, 62, 63]
[00:00:00:00:292] ! Unidirectional s-t. expansions: 225, time: 292 [ms], path length: 48 [edges], generated: 376
[00:00:00:00:096] Path of length 48 found: [63, 62, 54, 55, 47, 46, 38, 30, 31, 23, 22, 14, 15, 7, 6, 5, 13, 21, 29, 37, 45, 53, 52, 44, 36, 35, 27, 19, 11, 10, 18, 17, 25, 26, 34, 33, 41, 42, 50, 49, 48, 40, 32, 24, 16, 8, 9, 1, 0]
[00:00:00:00:097] ! Unidirectional t-s. expansions: 67, time: 96 [ms], path length: 48 [edges], generated: 112
[00:00:00:00:813] Path of length 48 found: [0, 1, 9, 8, 16, 24, 32, 40, 48, 49, 50, 42, 41, 33, 25, 17, 18, 10, 11, 19, 27, 26, 34, 35, 36, 44, 52, 53, 45, 37, 29, 21, 22, 14, 13, 5, 6, 7, 15, 23, 31, 30, 38, 46, 47, 55, 54, 62, 63]
[00:00:00:01:229] ! Bidirectional. expansions: 111, time: 813 [ms], path length: 48 [edges], g_F: 26, g_B: 22, generated: {'F': 523, 'B': 442}, MM: 4, MMPER: 7.163265306122449%
[00:00:00:01:229] 
---------- SM_Grids/8x8_grid_with_random_blocks_16per_7 ----------
[00:00:00:13:406] Expansion 10,000: state None, f=49, g=36
[00:00:00:23:471] Path of length 48 found: [0, 8, 9, 10, 2, 3, 11, 19, 18, 17, 16, 24, 32, 40, 48, 56, 57, 58, 59, 60, 61, 53, 45, 44, 43, 51, 50, 49, 41, 33, 34, 35, 27, 28, 20, 21, 13, 14, 6, 7, 15, 23, 31, 30, 38, 46, 54, 55, 63]
[00:00:00:23:473] ! Unidirectional s-t. expansions: 19,624, time: 23,471 [ms], path length: 48 [edges], generated: 33,282
[00:00:00:13:476] Expansion 10,000: state None, f=49, g=34
[00:00:00:17:800] Path of length 48 found: [63, 55, 54, 46, 38, 30, 31, 23, 15, 7, 6, 14, 13, 21, 20, 12, 11, 3, 2, 10, 9, 17, 18, 19, 27, 26, 34, 35, 43, 44, 45, 53, 61, 60, 59, 51, 50, 58, 57, 56, 48, 49, 41, 33, 32, 24, 16, 8, 0]
[00:00:00:17:802] ! Unidirectional t-s. expansions: 13,538, time: 17,800 [ms], path length: 48 [edges], generated: 23,829
[00:00:00:34:936] Expansion 10,000: F [0, 8, 9, 17, 16, 24, 32, 40, 48, 49, 57, 58, 50, 42, 41, 33, 34, 26, 18, 10, 2, 3, 11], B [63, 55, 54, 53, 61, 60, 59, 51, 43, 44, 45, 46, 38, 39, 31, 23, 15, 7], f=49, g=39
[00:00:00:53:430] Path of length 48 found: [0, 8, 9, 10, 2, 3, 11, 19, 27, 28, 20, 12, 13, 14, 6, 7, 15, 23, 31, 30, 38, 37, 45, 44, 43, 51, 50, 42, 41, 33, 34, 26, 18, 17, 16, 24, 32, 40, 48, 56, 57, 58, 59, 60, 61, 53, 54, 55, 63]
[00:00:00:53:900] ! Bidirectional. expansions: 14,035, time: 53,430 [ms], path length: 48 [edges], g_F: 28, g_B: 20, generated: {'F': 63,112, 'B': 44,683}, MM: 8, MMPER: 15.326530612244898%
[00:00:00:53:900] 
---------- SM_Grids/8x8_grid_with_random_blocks_16per_8 ----------
[00:00:00:04:816] Path of length 50 found: [0, 8, 16, 17, 18, 19, 20, 12, 11, 10, 9, 1, 2, 3, 4, 5, 6, 7, 15, 23, 22, 14, 13, 21, 29, 28, 36, 35, 34, 33, 32, 40, 48, 56, 57, 49, 41, 42, 50, 51, 59, 60, 61, 53, 45, 37, 38, 46, 54, 62, 63]
[00:00:00:04:818] ! Unidirectional s-t. expansions: 3,379, time: 4,817 [ms], path length: 50 [edges], generated: 5,580
[00:00:00:00:342] Path of length 50 found: [63, 62, 54, 46, 38, 37, 45, 53, 61, 60, 59, 51, 50, 49, 57, 56, 48, 40, 32, 33, 41, 42, 43, 35, 34, 26, 18, 19, 20, 28, 29, 21, 22, 23, 15, 7, 6, 14, 13, 5, 4, 12, 11, 3, 2, 10, 9, 17, 16, 8, 0]
[00:00:00:00:342] ! Unidirectional t-s. expansions: 311, time: 342 [ms], path length: 50 [edges], generated: 534
[00:00:00:05:580] Path of length 50 found: [0, 8, 16, 17, 9, 1, 2, 3, 4, 5, 6, 7, 15, 23, 22, 14, 13, 12, 11, 10, 18, 19, 20, 21, 29, 28, 36, 35, 34, 42, 41, 33, 32, 40, 48, 56, 57, 49, 50, 51, 59, 60, 61, 53, 45, 37, 38, 46, 54, 62, 63]
[00:00:00:06:005] ! Bidirectional. expansions: 1,010, time: 5,580 [ms], path length: 50 [edges], g_F: 28, g_B: 22, generated: {'F': 4,916, 'B': 4,302}, MM: 6, MMPER: 10.764705882352942%
[00:00:00:06:005] 
---------- SM_Grids/8x8_grid_with_random_blocks_16per_9 ----------
[00:00:00:01:598] Path of length 46 found: [0, 1, 2, 3, 11, 12, 4, 5, 6, 7, 15, 14, 13, 21, 20, 28, 27, 26, 18, 17, 9, 8, 16, 24, 32, 33, 41, 42, 50, 58, 59, 51, 43, 44, 36, 37, 38, 30, 31, 39, 47, 55, 54, 53, 61, 62, 63]
[00:00:00:01:598] ! Unidirectional s-t. expansions: 656, time: 1,598 [ms], path length: 46 [edges], generated: 1,121
[00:00:00:00:625] Path of length 46 found: [63, 62, 54, 55, 47, 39, 31, 30, 38, 37, 45, 53, 52, 51, 59, 58, 50, 42, 43, 44, 36, 28, 20, 21, 13, 14, 15, 7, 6, 5, 4, 12, 11, 3, 2, 1, 9, 17, 18, 26, 34, 33, 25, 24, 16, 8, 0]
[00:00:00:00:625] ! Unidirectional t-s. expansions: 320, time: 625 [ms], path length: 46 [edges], generated: 641
[00:00:00:02:975] Path of length 46 found: [0, 8, 9, 1, 2, 3, 11, 12, 4, 5, 6, 7, 15, 14, 13, 21, 20, 28, 27, 26, 18, 17, 16, 24, 32, 33, 41, 42, 50, 58, 59, 51, 52, 44, 36, 37, 38, 30, 31, 39, 47, 55, 54, 53, 61, 62, 63]
[00:00:00:03:404] ! Bidirectional. expansions: 542, time: 2,975 [ms], path length: 46 [edges], g_F: 30, g_B: 16, generated: {'F': 2,744, 'B': 2,010}, MM: 14, MMPER: 28.78723404255319%
[00:00:00:03:404] average expansions: (4,846, 6,571, 2,931, 0)
[00:00:00:03:404] average time: (5,970, 8,266, 15,274, 0)
[00:00:00:03:404] XA*: 4,846 , 5,970 (expansions , time[ms])
[00:00:00:03:404] BiXA*: 2,931 , 15,274 (expansions , time[ms])

