--------------------------
date: SM_Grids
number_of_graphs: 10
graph_type: grid
size_of_graphs: [9, 9]
heuristic: bcc_heuristic
snake: True
run_uni: True
run_bi: True
run_multi: False
solution_vertices: []
algorithms: ['A']
lookahead: -1
bsd: False
cube_first_dims: 4
cube_buffer_dim: None
backward_sym_generation: False
sym_coil: False
prefix_set: None

---------- SM_Grids/9x9_grid_with_random_blocks_12per_0 ----------
[00:00:00:30:557] Path of length 46 found: [0, 1, 2, 3, 4, 5, 6, 7, 16, 17, 26, 35, 44, 53, 52, 51, 42, 33, 24, 23, 22, 21, 20, 19, 18, 27, 36, 45, 54, 63, 72, 73, 74, 65, 56, 47, 48, 49, 58, 67, 76, 77, 78, 69, 70, 71, 80]
[00:00:00:30:559] ! Unidirectional s-t. expansions: 5,505, time: 30,558 [ms], path length: 46 [edges], generated: 10,180
[00:00:00:25:791] Path of length 46 found: [80, 71, 70, 69, 78, 77, 76, 67, 58, 49, 48, 47, 56, 65, 74, 73, 72, 63, 54, 45, 36, 27, 28, 29, 20, 21, 22, 23, 24, 33, 42, 51, 52, 53, 44, 35, 26, 17, 8, 7, 6, 5, 4, 3, 2, 1, 0]
[00:00:00:25:794] ! Unidirectional t-s. expansions: 4,965, time: 25,791 [ms], path length: 46 [edges], generated: 8,138
[00:00:00:10:210] Path of length 46 found: [0, 1, 2, 3, 4, 5, 6, 7, 8, 17, 26, 35, 44, 53, 52, 51, 42, 33, 24, 23, 22, 21, 20, 19, 18, 27, 36, 45, 54, 63, 72, 73, 74, 65, 56, 47, 48, 49, 58, 67, 76, 77, 78, 69, 70, 71, 80]
[00:00:00:10:838] ! Bidirectional. expansions: 2,045, time: 10,211 [ms], path length: 46 [edges], g_F: 24, g_B: 22, generated: {'F': 1,653, 'B': 1,803}, MM: 2, MMPER: 3.25531914893617%
[00:00:00:10:838] 
---------- SM_Grids/9x9_grid_with_random_blocks_12per_1 ----------
[00:00:00:45:534] Path of length 46 found: [0, 9, 10, 11, 2, 3, 4, 5, 6, 15, 16, 25, 26, 35, 44, 53, 62, 61, 60, 51, 42, 33, 32, 23, 22, 21, 30, 29, 38, 37, 46, 45, 54, 63, 72, 73, 74, 65, 56, 57, 58, 67, 76, 77, 78, 79, 80]
[00:00:00:45:535] ! Unidirectional s-t. expansions: 9,277, time: 45,534 [ms], path length: 46 [edges], generated: 15,732
[00:00:00:35:158] Path of length 46 found: [80, 71, 62, 53, 44, 35, 26, 17, 8, 7, 6, 5, 4, 13, 22, 23, 32, 33, 42, 51, 60, 69, 78, 77, 76, 75, 74, 73, 72, 63, 54, 45, 46, 47, 56, 57, 58, 49, 40, 39, 30, 29, 20, 11, 2, 1, 0]
[00:00:00:35:160] ! Unidirectional t-s. expansions: 6,579, time: 35,158 [ms], path length: 46 [edges], generated: 11,422
[00:00:00:42:017] Expansion 10,000: F [0, 9, 10, 11, 12, 3, 4, 5, 6, 15, 16, 25, 26, 35], B [80, 79, 78, 77, 76, 75, 74, 73, 72, 63, 54, 55, 46], f=47, g=25
[00:00:01:05:705] Path of length 46 found: [0, 9, 10, 11, 2, 3, 4, 5, 6, 15, 16, 25, 26, 35, 44, 53, 62, 61, 60, 51, 42, 33, 32, 23, 22, 21, 30, 29, 38, 37, 46, 45, 54, 63, 72, 73, 74, 65, 56, 57, 58, 67, 76, 77, 78, 79, 80]
[00:00:01:06:299] ! Bidirectional. expansions: 16,063, time: 65,705 [ms], path length: 46 [edges], g_F: 24, g_B: 22, generated: {'F': 12,464, 'B': 12,203}, MM: 2, MMPER: 3.25531914893617%
[00:00:01:06:299] 
---------- SM_Grids/9x9_grid_with_random_blocks_12per_2 ----------
[00:00:00:47:559] Expansion 10,000: state None, f=45, g=16
[00:00:00:51:464] Path of length 44 found: [0, 9, 18, 27, 28, 29, 20, 11, 12, 13, 22, 31, 40, 39, 48, 47, 46, 55, 64, 73, 74, 75, 66, 67, 58, 59, 50, 51, 42, 33, 24, 15, 6, 7, 8, 17, 26, 35, 44, 53, 62, 61, 70, 79, 80]
[00:00:00:51:466] ! Unidirectional s-t. expansions: 10,777, time: 51,464 [ms], path length: 44 [edges], generated: 18,738
[00:00:00:48:112] Expansion 10,000: state None, f=45, g=12
[00:00:00:48:865] Path of length 44 found: [80, 79, 78, 69, 60, 61, 62, 53, 44, 43, 42, 33, 24, 25, 26, 17, 8, 7, 6, 5, 14, 13, 22, 31, 40, 39, 48, 57, 58, 67, 76, 75, 74, 65, 64, 55, 46, 37, 28, 29, 20, 11, 2, 1, 0]
[00:00:00:48:867] ! Unidirectional t-s. expansions: 10,170, time: 48,865 [ms], path length: 44 [edges], generated: 16,977
[00:00:00:43:195] Path of length 44 found: [0, 9, 18, 27, 28, 29, 20, 11, 12, 13, 22, 31, 40, 39, 48, 47, 46, 55, 64, 73, 74, 75, 66, 67, 58, 59, 50, 51, 42, 33, 24, 15, 6, 7, 8, 17, 26, 35, 44, 53, 62, 61, 70, 79, 80]
[00:00:00:43:894] ! Bidirectional. expansions: 7,068, time: 43,195 [ms], path length: 44 [edges], g_F: 23, g_B: 21, generated: {'F': 6,758, 'B': 6,457}, MM: 2, MMPER: 3.4444444444444446%
[00:00:00:43:894] 
---------- SM_Grids/9x9_grid_with_random_blocks_12per_3 ----------
[00:00:00:27:991] Path of length 46 found: [0, 1, 2, 3, 12, 21, 20, 19, 28, 37, 46, 45, 54, 63, 72, 73, 74, 75, 76, 67, 58, 57, 48, 39, 40, 31, 32, 23, 14, 5, 6, 7, 8, 17, 26, 25, 34, 43, 44, 53, 62, 61, 60, 69, 78, 79, 80]
[00:00:00:27:992] ! Unidirectional s-t. expansions: 6,221, time: 27,991 [ms], path length: 46 [edges], generated: 10,671
[00:00:00:48:577] Expansion 10,000: state None, f=47, g=14
[00:00:00:51:877] Path of length 46 found: [80, 71, 62, 53, 44, 43, 42, 51, 60, 69, 68, 77, 76, 75, 74, 73, 72, 63, 54, 45, 46, 47, 56, 57, 58, 49, 40, 31, 32, 23, 24, 25, 26, 17, 8, 7, 6, 5, 4, 3, 12, 21, 20, 19, 10, 1, 0]
[00:00:00:51:878] ! Unidirectional t-s. expansions: 10,624, time: 51,877 [ms], path length: 46 [edges], generated: 18,287
[00:00:00:45:601] Expansion 10,000: F [0, 1, 10, 19, 20, 21, 12], B [80, 79, 78, 69, 68, 67], f=47, g=11
[00:00:00:46:663] Path of length 46 found: [0, 1, 2, 3, 12, 21, 20, 19, 28, 37, 46, 45, 54, 63, 72, 73, 74, 75, 76, 67, 58, 57, 48, 39, 40, 41, 42, 33, 24, 23, 14, 5, 6, 7, 8, 17, 26, 35, 44, 53, 62, 61, 60, 69, 78, 79, 80]
[00:00:00:47:230] ! Bidirectional. expansions: 10,145, time: 46,663 [ms], path length: 46 [edges], g_F: 24, g_B: 22, generated: {'F': 8,426, 'B': 8,777}, MM: 2, MMPER: 3.25531914893617%
[00:00:00:47:230] 
---------- SM_Grids/9x9_grid_with_random_blocks_12per_4 ----------
[00:00:00:14:983] Path of length 46 found: [0, 9, 18, 27, 28, 37, 46, 45, 54, 63, 72, 73, 74, 65, 56, 57, 48, 49, 40, 41, 32, 23, 22, 21, 20, 11, 2, 3, 4, 5, 6, 15, 16, 25, 26, 35, 44, 43, 52, 51, 60, 59, 68, 77, 78, 79, 80]
[00:00:00:14:984] ! Unidirectional s-t. expansions: 2,961, time: 14,983 [ms], path length: 46 [edges], generated: 5,340
[00:00:00:10:387] Path of length 46 found: [80, 79, 78, 77, 68, 59, 60, 61, 52, 53, 44, 35, 26, 17, 16, 15, 6, 5, 4, 3, 2, 11, 20, 21, 22, 23, 32, 41, 40, 49, 48, 57, 56, 65, 74, 73, 72, 63, 54, 45, 46, 37, 28, 27, 18, 9, 0]
[00:00:00:10:387] ! Unidirectional t-s. expansions: 1,882, time: 10,387 [ms], path length: 46 [edges], generated: 3,145
[00:00:00:15:015] Path of length 46 found: [0, 9, 10, 11, 2, 3, 4, 5, 6, 15, 16, 25, 26, 35, 44, 53, 62, 61, 60, 51, 42, 33, 32, 23, 22, 21, 30, 39, 38, 37, 36, 45, 54, 63, 72, 73, 74, 65, 56, 57, 58, 67, 68, 77, 78, 79, 80]
[00:00:00:15:559] ! Bidirectional. expansions: 2,851, time: 15,015 [ms], path length: 46 [edges], g_F: 24, g_B: 22, generated: {'F': 2,548, 'B': 2,590}, MM: 2, MMPER: 3.25531914893617%
[00:00:00:15:559] 
---------- SM_Grids/9x9_grid_with_random_blocks_12per_5 ----------
[00:00:00:07:394] Path of length 40 found: [0, 9, 18, 27, 36, 45, 46, 47, 56, 65, 66, 67, 76, 77, 78, 69, 60, 59, 50, 49, 40, 39, 30, 29, 20, 11, 2, 3, 4, 13, 22, 23, 32, 33, 42, 43, 52, 53, 62, 71, 80]
[00:00:00:07:395] ! Unidirectional s-t. expansions: 1,377, time: 7,394 [ms], path length: 40 [edges], generated: 2,458
[00:00:00:06:512] Path of length 40 found: [80, 71, 62, 53, 44, 43, 42, 33, 24, 23, 14, 13, 4, 3, 2, 11, 20, 21, 30, 31, 40, 49, 50, 59, 60, 69, 78, 77, 76, 67, 66, 57, 56, 47, 38, 37, 28, 27, 18, 9, 0]
[00:00:00:06:513] ! Unidirectional t-s. expansions: 1,230, time: 6,512 [ms], path length: 40 [edges], generated: 2,195
[00:00:00:10:062] Path of length 40 found: [0, 1, 2, 3, 4, 13, 14, 23, 24, 33, 42, 43, 44, 53, 62, 61, 60, 59, 50, 49, 40, 39, 30, 29, 20, 19, 18, 27, 36, 45, 46, 47, 56, 57, 66, 67, 76, 77, 78, 79, 80]
[00:00:00:10:626] ! Bidirectional. expansions: 1,515, time: 10,062 [ms], path length: 40 [edges], g_F: 21, g_B: 19, generated: {'F': 1,357, 'B': 1,435}, MM: 2, MMPER: 3.8780487804878048%
[00:00:00:10:626] 
---------- SM_Grids/9x9_grid_with_random_blocks_12per_6 ----------
[00:00:00:29:000] Path of length 48 found: [0, 1, 10, 19, 18, 27, 36, 37, 38, 39, 48, 57, 56, 55, 54, 63, 72, 73, 74, 75, 76, 67, 68, 59, 50, 51, 42, 33, 32, 23, 22, 21, 12, 3, 4, 5, 6, 15, 16, 25, 26, 35, 44, 53, 62, 61, 70, 79, 80]
[00:00:00:29:001] ! Unidirectional s-t. expansions: 5,747, time: 29,000 [ms], path length: 48 [edges], generated: 10,055
[00:00:00:20:597] Path of length 48 found: [80, 71, 62, 53, 44, 35, 26, 17, 16, 7, 6, 5, 4, 3, 12, 21, 22, 23, 24, 33, 42, 41, 50, 59, 60, 69, 78, 77, 76, 75, 74, 73, 72, 63, 54, 55, 56, 57, 48, 39, 38, 37, 36, 27, 18, 19, 10, 1, 0]
[00:00:00:20:598] ! Unidirectional t-s. expansions: 4,072, time: 20,597 [ms], path length: 48 [edges], generated: 6,542
[00:00:00:23:109] Path of length 48 found: [0, 1, 10, 19, 18, 27, 36, 37, 38, 39, 48, 57, 56, 55, 54, 63, 72, 73, 74, 75, 76, 67, 68, 59, 50, 51, 42, 33, 32, 23, 22, 21, 12, 3, 4, 5, 6, 7, 8, 17, 26, 35, 44, 53, 62, 61, 70, 79, 80]
[00:00:00:23:657] ! Bidirectional. expansions: 3,937, time: 23,109 [ms], path length: 48 [edges], g_F: 25, g_B: 23, generated: {'F': 3,251, 'B': 3,439}, MM: 2, MMPER: 3.0816326530612246%
[00:00:00:23:657] 
---------- SM_Grids/9x9_grid_with_random_blocks_12per_7 ----------
[00:00:00:46:952] Expansion 10,000: state None, f=45, g=16
[00:00:00:52:721] Path of length 44 found: [0, 9, 18, 27, 36, 45, 54, 63, 64, 73, 74, 75, 76, 77, 68, 59, 58, 57, 56, 47, 38, 39, 40, 31, 22, 21, 20, 11, 2, 3, 4, 5, 6, 7, 16, 25, 24, 33, 42, 51, 52, 53, 62, 71, 80]
[00:00:00:52:723] ! Unidirectional s-t. expansions: 11,092, time: 52,721 [ms], path length: 44 [edges], generated: 19,234
[00:00:00:54:141] Expansion 10,000: state None, f=45, g=25
[00:00:01:24:177] Path of length 44 found: [80, 71, 62, 53, 52, 51, 42, 41, 40, 31, 22, 23, 24, 25, 16, 7, 6, 5, 4, 3, 2, 11, 20, 29, 38, 47, 48, 57, 58, 59, 68, 77, 76, 75, 74, 65, 64, 55, 54, 45, 36, 27, 18, 9, 0]
[00:00:01:24:179] ! Unidirectional t-s. expansions: 16,618, time: 84,177 [ms], path length: 44 [edges], generated: 29,289
[00:00:00:49:047] Expansion 10,000: F [0, 9, 18, 27, 36, 45, 46, 55, 64, 73, 74], B [80, 71, 62, 61, 52, 51, 42, 33, 24, 25], f=45, g=19
[00:00:01:05:108] Path of length 44 found: [0, 9, 18, 27, 36, 45, 54, 63, 64, 73, 74, 75, 76, 77, 68, 59, 58, 57, 48, 47, 38, 29, 20, 11, 2, 3, 4, 5, 6, 7, 16, 25, 24, 23, 22, 31, 40, 41, 42, 51, 52, 61, 70, 79, 80]
[00:00:01:05:726] ! Bidirectional. expansions: 12,023, time: 65,109 [ms], path length: 44 [edges], g_F: 23, g_B: 21, generated: {'F': 10,806, 'B': 11,463}, MM: 2, MMPER: 3.4444444444444446%
[00:00:01:05:727] 
---------- SM_Grids/9x9_grid_with_random_blocks_12per_8 ----------
[00:00:00:08:198] Path of length 48 found: [0, 9, 18, 19, 20, 11, 2, 3, 4, 13, 22, 31, 32, 33, 24, 15, 6, 7, 8, 17, 26, 35, 44, 53, 62, 61, 60, 51, 50, 49, 48, 47, 38, 37, 36, 45, 54, 63, 72, 73, 74, 75, 66, 67, 68, 77, 78, 79, 80]
[00:00:00:08:200] ! Unidirectional s-t. expansions: 1,622, time: 8,198 [ms], path length: 48 [edges], generated: 2,585
[00:00:00:17:717] Path of length 48 found: [80, 79, 78, 77, 68, 67, 66, 75, 74, 73, 72, 63, 54, 45, 36, 37, 38, 47, 48, 49, 40, 41, 42, 51, 60, 61, 62, 53, 44, 35, 26, 17, 8, 7, 6, 15, 24, 23, 22, 13, 4, 3, 2, 11, 20, 19, 18, 9, 0]
[00:00:00:17:718] ! Unidirectional t-s. expansions: 3,577, time: 17,717 [ms], path length: 48 [edges], generated: 5,824
[00:00:00:15:107] Path of length 48 found: [0, 9, 18, 19, 20, 11, 2, 3, 4, 13, 14, 15, 6, 7, 8, 17, 26, 35, 44, 53, 62, 61, 60, 51, 42, 33, 32, 31, 40, 49, 48, 47, 38, 37, 36, 45, 54, 63, 72, 73, 74, 75, 66, 67, 68, 77, 78, 79, 80]
[00:00:00:15:714] ! Bidirectional. expansions: 2,589, time: 15,107 [ms], path length: 48 [edges], g_F: 25, g_B: 23, generated: {'F': 2,190, 'B': 2,173}, MM: 2, MMPER: 3.0816326530612246%
[00:00:00:15:715] 
---------- SM_Grids/9x9_grid_with_random_blocks_12per_9 ----------
[00:00:00:50:124] Expansion 10,000: state None, f=45, g=18
[00:00:01:00:183] Path of length 44 found: [0, 1, 2, 11, 20, 19, 18, 27, 36, 37, 38, 47, 56, 55, 54, 63, 72, 73, 74, 75, 76, 77, 78, 69, 60, 59, 50, 41, 40, 31, 22, 13, 14, 15, 16, 17, 26, 35, 34, 43, 52, 53, 62, 71, 80]
[00:00:01:00:184] ! Unidirectional s-t. expansions: 11,894, time: 60,183 [ms], path length: 44 [edges], generated: 21,980
[00:00:00:46:285] Expansion 10,000: state None, f=46, g=22
[00:00:01:25:748] Expansion 20,000: state None, f=45, g=20
[00:00:01:42:585] Path of length 44 found: [80, 71, 62, 53, 52, 43, 34, 35, 26, 17, 16, 15, 14, 23, 22, 31, 40, 39, 48, 57, 58, 59, 60, 69, 78, 77, 76, 75, 74, 73, 72, 63, 54, 55, 46, 37, 36, 27, 18, 19, 20, 11, 2, 1, 0]
[00:00:01:42:587] ! Unidirectional t-s. expansions: 23,730, time: 102,585 [ms], path length: 44 [edges], generated: 38,965
[00:00:00:50:641] Expansion 10,000: F [0, 9, 18, 27, 36, 45, 54, 63, 72, 73], B [80, 79, 78, 77, 68, 59, 60, 61, 52, 43], f=46, g=18
[00:00:01:38:841] Expansion 20,000: F [0, 1, 2, 3, 12, 13, 14, 15, 16, 25, 26], B [80, 79, 70, 69, 68, 77, 76, 75, 74, 73, 72], f=45, g=20
[00:00:02:04:712] Path of length 44 found: [0, 1, 2, 11, 20, 19, 18, 27, 36, 37, 38, 47, 56, 55, 54, 63, 72, 73, 74, 75, 76, 77, 78, 69, 60, 59, 50, 41, 40, 31, 22, 13, 14, 15, 16, 17, 26, 35, 34, 43, 52, 53, 62, 71, 80]
[00:00:02:05:396] ! Bidirectional. expansions: 25,357, time: 124,712 [ms], path length: 44 [edges], g_F: 23, g_B: 21, generated: {'F': 19,963, 'B': 21,627}, MM: 2, MMPER: 3.4444444444444446%
[00:00:02:05:396] average expansions: (6,647, 8,345, 8,359, 0)
[00:00:02:05:396] average time: (32,803, 40,367, 41,889, 0)
[00:00:02:05:396] XA*: 6,647 , 32,803 (expansions , time[ms])
[00:00:02:05:396] BiXA*: 8,359 , 41,889 (expansions , time[ms])

