--------------------------
date: SM_Grids
number_of_graphs: 10
graph_type: grid
size_of_graphs: [9, 9]
heuristic: bcc_heuristic
snake: True
run_uni: True
run_bi: True
run_multi: False
solution_vertices: []
algorithms: ['IDA']
lookahead: 1
bsd: False
cube_first_dims: 4
cube_buffer_dim: None
backward_sym_generation: False
sym_coil: False
prefix_set: None

---------- SM_Grids/9x9_grid_with_random_blocks_8per_0 ----------
[00:00:04:21:883] Path of length 48 found: [0, 1, 2, 3, 4, 5, 6, 7, 8, 17, 26, 25, 24, 23, 22, 31, 30, 29, 20, 19, 18, 27, 36, 37, 46, 55, 54, 63, 72, 73, 74, 75, 66, 57, 48, 49, 50, 41, 42, 43, 44, 53, 62, 61, 60, 69, 78, 79, 80]
[00:00:04:21:883] ! Unidirectional s-t. expansions: 44,009, time: 261,883 [ms], path length: 48 [edges], generated: 76,644
[00:00:06:09:460] Path of length 48 found: [80, 79, 78, 77, 76, 75, 74, 73, 72, 63, 54, 55, 56, 57, 48, 49, 50, 59, 60, 61, 62, 53, 44, 43, 42, 33, 24, 25, 26, 17, 8, 7, 6, 5, 14, 13, 22, 31, 30, 29, 38, 37, 36, 27, 18, 19, 10, 1, 0]
[00:00:06:09:460] ! Unidirectional t-s. expansions: 65,674, time: 369,460 [ms], path length: 48 [edges], generated: 110,714
[00:00:27:40:415] Path of length 48 found: [0, 1, 10, 19, 18, 27, 36, 37, 38, 29, 30, 31, 22, 13, 4, 5, 6, 7, 8, 17, 26, 25, 24, 33, 42, 43, 44, 53, 62, 61, 60, 59, 50, 49, 48, 57, 56, 55, 54, 63, 72, 73, 74, 75, 76, 77, 78, 79, 80]
[00:00:27:40:935] ! Bidirectional. expansions: 148,192, time: 1,660,415 [ms], path length: 48 [edges], g_F: 15, g_B: 33, generated: {'F': 124,791, 'B': 128,736}, MM: 18, MMPER: 35.734693877551024%
[00:00:27:40:935] 
---------- SM_Grids/9x9_grid_with_random_blocks_8per_1 ----------
[00:00:05:08:053] Path of length 44 found: [0, 9, 18, 27, 36, 45, 46, 47, 48, 57, 66, 75, 76, 77, 78, 69, 60, 59, 50, 41, 40, 31, 30, 29, 20, 11, 2, 3, 4, 13, 14, 15, 6, 7, 8, 17, 26, 25, 34, 43, 52, 53, 62, 71, 80]
[00:00:05:08:054] ! Unidirectional s-t. expansions: 58,861, time: 308,053 [ms], path length: 44 [edges], generated: 103,205
[00:00:09:31:339] Path of length 44 found: [80, 71, 62, 53, 44, 35, 26, 17, 8, 7, 6, 15, 24, 33, 42, 41, 50, 59, 60, 69, 78, 77, 76, 75, 66, 57, 48, 47, 46, 37, 36, 27, 18, 19, 20, 29, 30, 31, 22, 13, 4, 3, 2, 1, 0]
[00:00:09:31:339] ! Unidirectional t-s. expansions: 99,670, time: 571,339 [ms], path length: 44 [edges], generated: 177,215
[00:00:33:19:841] Path of length 44 found: [0, 9, 18, 27, 36, 37, 46, 47, 48, 57, 66, 75, 76, 77, 78, 69, 60, 59, 50, 41, 42, 33, 24, 23, 22, 31, 30, 29, 20, 11, 2, 3, 4, 5, 6, 7, 8, 17, 26, 35, 44, 53, 62, 71, 80]
[00:00:33:20:401] ! Bidirectional. expansions: 177,400, time: 1,999,842 [ms], path length: 44 [edges], g_F: 12, g_B: 32, generated: {'F': 156,438, 'B': 160,627}, MM: 20, MMPER: 43.44444444444444%
[00:00:33:20:401] 
---------- SM_Grids/9x9_grid_with_random_blocks_8per_2 ----------
[00:00:03:10:144] Path of length 48 found: [0, 9, 18, 27, 36, 37, 38, 39, 48, 57, 56, 55, 54, 63, 72, 73, 74, 75, 76, 67, 68, 59, 50, 51, 42, 33, 32, 31, 22, 21, 20, 11, 2, 3, 4, 5, 6, 7, 16, 25, 26, 35, 44, 53, 62, 61, 70, 79, 80]
[00:00:03:10:145] ! Unidirectional s-t. expansions: 31,835, time: 190,144 [ms], path length: 48 [edges], generated: 55,384
[00:00:04:27:434] Path of length 48 found: [80, 71, 70, 69, 78, 77, 76, 67, 58, 49, 48, 47, 56, 65, 74, 73, 72, 63, 54, 45, 36, 37, 28, 29, 30, 21, 22, 23, 32, 41, 42, 51, 52, 53, 44, 35, 26, 25, 16, 7, 6, 5, 4, 3, 2, 11, 10, 9, 0]
[00:00:04:27:435] ! Unidirectional t-s. expansions: 42,305, time: 267,434 [ms], path length: 48 [edges], generated: 76,727
[00:00:14:17:999] Path of length 48 found: [0, 9, 18, 27, 36, 37, 38, 39, 48, 57, 56, 55, 54, 63, 72, 73, 74, 75, 76, 77, 68, 59, 50, 51, 42, 33, 32, 31, 22, 21, 20, 11, 2, 3, 4, 5, 6, 7, 16, 25, 26, 35, 44, 53, 62, 61, 70, 79, 80]
[00:00:14:18:525] ! Bidirectional. expansions: 70,389, time: 857,999 [ms], path length: 48 [edges], g_F: 16, g_B: 32, generated: {'F': 64,150, 'B': 60,744}, MM: 16, MMPER: 31.653061224489797%
[00:00:14:18:525] 
---------- SM_Grids/9x9_grid_with_random_blocks_8per_3 ----------
[00:00:10:48:091] Valid states checked so far: 200,000, Expansions: 116,862, Global best: 47
[00:00:15:12:708] Path of length 46 found: [0, 1, 10, 19, 18, 27, 36, 37, 38, 29, 30, 21, 12, 3, 4, 5, 6, 15, 16, 25, 34, 33, 32, 41, 40, 49, 48, 57, 56, 55, 54, 63, 72, 73, 74, 75, 76, 67, 68, 59, 60, 51, 52, 53, 62, 71, 80]
[00:00:15:12:709] ! Unidirectional s-t. expansions: 169,737, time: 912,708 [ms], path length: 46 [edges], generated: 289,793
[00:00:10:11:489] Valid states checked so far: 200,000, Expansions: 114,767, Global best: 45
[00:00:12:50:645] Path of length 46 found: [80, 71, 62, 53, 44, 35, 34, 25, 16, 7, 6, 5, 4, 3, 2, 11, 20, 21, 30, 31, 40, 41, 50, 51, 60, 69, 78, 77, 76, 67, 58, 57, 56, 65, 74, 73, 72, 63, 54, 45, 46, 37, 28, 27, 18, 9, 0]
[00:00:12:50:646] ! Unidirectional t-s. expansions: 145,778, time: 770,645 [ms], path length: 46 [edges], generated: 253,820
[00:01:04:02:412] Path of length 46 found: [0, 9, 18, 27, 28, 37, 46, 45, 54, 63, 72, 73, 74, 65, 56, 57, 58, 67, 76, 77, 78, 69, 60, 51, 50, 41, 32, 31, 30, 21, 20, 11, 2, 3, 4, 13, 14, 15, 24, 25, 34, 35, 44, 53, 62, 71, 80]
[00:01:04:02:880] ! Bidirectional. expansions: 358,725, time: 3,842,412 [ms], path length: 46 [edges], g_F: 39, g_B: 7, generated: {'F': 310,708, 'B': 320,618}, MM: 32, MMPER: 67.08510638297872%
[00:01:04:02:880] 
---------- SM_Grids/9x9_grid_with_random_blocks_8per_4 ----------
[00:00:03:41:404] Path of length 48 found: [0, 1, 2, 3, 12, 21, 20, 19, 18, 27, 36, 37, 38, 47, 56, 55, 54, 63, 72, 73, 74, 75, 76, 77, 78, 69, 60, 59, 58, 49, 40, 41, 42, 33, 24, 23, 14, 5, 6, 7, 16, 17, 26, 35, 44, 53, 62, 71, 80]
[00:00:03:41:405] ! Unidirectional s-t. expansions: 38,778, time: 221,404 [ms], path length: 48 [edges], generated: 66,543
[00:00:02:28:207] Path of length 48 found: [80, 71, 62, 53, 44, 35, 26, 17, 8, 7, 6, 5, 14, 23, 32, 33, 42, 51, 60, 69, 68, 77, 76, 75, 74, 73, 72, 63, 54, 55, 56, 57, 58, 49, 40, 39, 38, 37, 36, 27, 18, 19, 20, 21, 12, 3, 2, 1, 0]
[00:00:02:28:207] ! Unidirectional t-s. expansions: 25,420, time: 148,207 [ms], path length: 48 [edges], generated: 44,957
[00:00:15:48:328] Path of length 48 found: [0, 1, 2, 3, 12, 21, 20, 19, 28, 27, 36, 45, 54, 63, 72, 73, 74, 65, 56, 47, 38, 39, 40, 49, 58, 67, 76, 77, 78, 69, 60, 51, 42, 33, 32, 23, 14, 5, 6, 7, 8, 17, 26, 35, 44, 53, 62, 71, 80]
[00:00:15:48:810] ! Bidirectional. expansions: 84,755, time: 948,328 [ms], path length: 48 [edges], g_F: 30, g_B: 18, generated: {'F': 65,548, 'B': 82,726}, MM: 12, MMPER: 23.489795918367346%
[00:00:15:48:810] 
---------- SM_Grids/9x9_grid_with_random_blocks_8per_5 ----------
[00:00:01:35:609] Path of length 48 found: [0, 9, 18, 27, 28, 37, 46, 45, 54, 63, 64, 65, 74, 75, 76, 77, 68, 59, 58, 57, 48, 39, 40, 41, 42, 33, 24, 23, 22, 21, 20, 11, 2, 3, 4, 5, 6, 7, 16, 17, 26, 35, 44, 53, 52, 61, 70, 79, 80]
[00:00:01:35:609] ! Unidirectional s-t. expansions: 16,872, time: 95,609 [ms], path length: 48 [edges], generated: 29,218
[00:00:02:33:947] Path of length 48 found: [80, 71, 70, 61, 52, 53, 44, 35, 26, 17, 8, 7, 6, 5, 4, 3, 2, 11, 20, 21, 22, 23, 24, 33, 42, 41, 40, 39, 48, 57, 58, 59, 68, 77, 76, 75, 74, 65, 64, 63, 54, 45, 46, 37, 28, 27, 18, 9, 0]
[00:00:02:33:948] ! Unidirectional t-s. expansions: 23,357, time: 153,947 [ms], path length: 48 [edges], generated: 42,540
[00:00:12:48:062] Path of length 48 found: [0, 9, 18, 27, 28, 37, 46, 45, 54, 63, 64, 65, 74, 75, 76, 77, 68, 59, 58, 57, 48, 39, 40, 41, 42, 33, 24, 23, 22, 21, 20, 11, 2, 3, 4, 5, 6, 7, 8, 17, 26, 35, 44, 53, 52, 61, 70, 71, 80]
[00:00:12:48:578] ! Bidirectional. expansions: 64,238, time: 768,062 [ms], path length: 48 [edges], g_F: 35, g_B: 13, generated: {'F': 59,453, 'B': 52,230}, MM: 22, MMPER: 43.89795918367347%
[00:00:12:48:578] 
---------- SM_Grids/9x9_grid_with_random_blocks_8per_6 ----------
[00:00:03:53:896] Path of length 48 found: [0, 9, 18, 27, 36, 37, 38, 29, 20, 11, 2, 3, 4, 13, 22, 23, 24, 15, 6, 7, 8, 17, 26, 35, 34, 43, 42, 41, 40, 49, 48, 57, 56, 55, 54, 63, 72, 73, 74, 75, 76, 67, 68, 59, 60, 61, 70, 79, 80]
[00:00:03:53:897] ! Unidirectional s-t. expansions: 38,733, time: 233,896 [ms], path length: 48 [edges], generated: 67,438
[00:00:04:05:333] Path of length 48 found: [80, 79, 70, 61, 60, 59, 68, 67, 76, 75, 74, 73, 72, 63, 54, 55, 56, 57, 48, 49, 40, 41, 42, 43, 34, 35, 26, 17, 8, 7, 6, 15, 24, 23, 22, 13, 4, 3, 2, 11, 20, 29, 38, 37, 36, 27, 18, 9, 0]
[00:00:04:05:333] ! Unidirectional t-s. expansions: 38,969, time: 245,333 [ms], path length: 48 [edges], generated: 70,752
[00:00:19:04:581] Path of length 48 found: [0, 9, 18, 27, 36, 37, 38, 29, 20, 11, 2, 3, 4, 13, 22, 23, 24, 15, 6, 7, 8, 17, 26, 35, 34, 43, 42, 41, 40, 49, 48, 57, 56, 55, 54, 63, 72, 73, 74, 75, 76, 67, 68, 59, 60, 61, 70, 79, 80]
[00:00:19:05:094] ! Bidirectional. expansions: 97,555, time: 1,144,581 [ms], path length: 48 [edges], g_F: 38, g_B: 10, generated: {'F': 92,428, 'B': 73,902}, MM: 28, MMPER: 56.142857142857146%
[00:00:19:05:094] 
---------- SM_Grids/9x9_grid_with_random_blocks_8per_7 ----------
[00:00:06:22:601] Path of length 48 found: [0, 9, 10, 11, 2, 3, 4, 13, 14, 15, 6, 7, 8, 17, 26, 25, 34, 43, 44, 53, 62, 61, 60, 51, 50, 41, 32, 31, 30, 29, 28, 27, 36, 45, 54, 63, 72, 73, 74, 65, 56, 57, 58, 67, 76, 77, 78, 79, 80]
[00:00:06:22:601] ! Unidirectional s-t. expansions: 60,849, time: 382,601 [ms], path length: 48 [edges], generated: 113,591
[00:00:04:16:398] Path of length 48 found: [80, 79, 78, 77, 68, 67, 58, 57, 56, 65, 74, 73, 72, 63, 54, 45, 46, 37, 38, 29, 30, 31, 40, 41, 50, 51, 60, 61, 62, 53, 44, 43, 34, 25, 26, 17, 8, 7, 6, 15, 14, 13, 4, 3, 2, 11, 10, 9, 0]
[00:00:04:16:398] ! Unidirectional t-s. expansions: 47,056, time: 256,398 [ms], path length: 48 [edges], generated: 78,343
[00:00:20:09:882] Path of length 48 found: [0, 9, 10, 11, 2, 3, 4, 13, 14, 15, 6, 7, 8, 17, 26, 25, 34, 43, 44, 53, 62, 61, 60, 51, 50, 41, 32, 31, 30, 39, 38, 37, 36, 45, 54, 63, 72, 73, 74, 65, 56, 57, 58, 67, 68, 77, 78, 79, 80]
[00:00:20:10:409] ! Bidirectional. expansions: 102,211, time: 1,209,882 [ms], path length: 48 [edges], g_F: 33, g_B: 15, generated: {'F': 80,429, 'B': 100,690}, MM: 18, MMPER: 35.734693877551024%
[00:00:20:10:409] 
---------- SM_Grids/9x9_grid_with_random_blocks_8per_8 ----------
[00:00:00:56:691] Path of length 50 found: [0, 9, 18, 27, 36, 37, 46, 55, 54, 63, 72, 73, 74, 65, 66, 67, 76, 77, 78, 69, 60, 59, 50, 49, 48, 39, 30, 29, 20, 11, 2, 3, 4, 13, 22, 23, 24, 15, 6, 7, 8, 17, 26, 35, 34, 43, 52, 53, 62, 71, 80]
[00:00:00:56:691] ! Unidirectional s-t. expansions: 9,057, time: 56,691 [ms], path length: 50 [edges], generated: 15,316
[00:00:01:23:914] Path of length 50 found: [80, 79, 78, 77, 76, 67, 66, 65, 74, 73, 72, 63, 54, 55, 46, 37, 36, 27, 18, 19, 20, 29, 30, 39, 48, 49, 50, 59, 60, 61, 62, 53, 44, 43, 42, 33, 24, 25, 26, 17, 8, 7, 6, 5, 14, 13, 12, 3, 2, 1, 0]
[00:00:01:23:915] ! Unidirectional t-s. expansions: 14,099, time: 83,914 [ms], path length: 50 [edges], generated: 22,493
[00:00:05:18:318] Path of length 50 found: [0, 9, 18, 27, 36, 37, 46, 55, 54, 63, 72, 73, 74, 65, 66, 67, 76, 77, 78, 69, 60, 59, 50, 49, 48, 39, 30, 29, 20, 11, 2, 3, 4, 13, 22, 23, 24, 15, 6, 7, 8, 17, 26, 35, 34, 43, 52, 53, 62, 71, 80]
[00:00:05:18:840] ! Bidirectional. expansions: 24,493, time: 318,319 [ms], path length: 50 [edges], g_F: 41, g_B: 9, generated: {'F': 22,409, 'B': 17,976}, MM: 32, MMPER: 61.745098039215684%
[00:00:05:18:840] 
---------- SM_Grids/9x9_grid_with_random_blocks_8per_9 ----------
[00:00:07:49:503] Path of length 46 found: [0, 9, 18, 27, 36, 45, 54, 55, 64, 73, 74, 75, 66, 67, 68, 59, 60, 51, 42, 33, 24, 23, 22, 31, 40, 49, 48, 47, 38, 29, 20, 11, 2, 3, 4, 5, 6, 7, 16, 17, 26, 35, 44, 53, 62, 71, 80]
[00:00:07:49:503] ! Unidirectional s-t. expansions: 81,124, time: 469,503 [ms], path length: 46 [edges], generated: 145,227
[00:00:02:30:564] Path of length 46 found: [80, 79, 78, 77, 68, 59, 58, 57, 66, 75, 74, 73, 64, 55, 46, 45, 36, 27, 18, 19, 20, 29, 38, 39, 40, 31, 22, 23, 24, 33, 42, 51, 52, 53, 44, 35, 26, 17, 8, 7, 6, 5, 4, 3, 2, 1, 0]
[00:00:02:30:565] ! Unidirectional t-s. expansions: 25,811, time: 150,565 [ms], path length: 46 [edges], generated: 47,156
[00:00:15:16:875] Path of length 46 found: [0, 9, 18, 19, 20, 11, 2, 3, 4, 5, 6, 7, 16, 17, 26, 35, 44, 53, 52, 51, 42, 33, 24, 23, 22, 31, 30, 39, 38, 37, 36, 45, 54, 55, 64, 73, 74, 75, 66, 57, 58, 59, 68, 77, 78, 79, 80]
[00:00:15:17:380] ! Bidirectional. expansions: 75,910, time: 916,876 [ms], path length: 46 [edges], g_F: 46, g_B: 0, generated: {'F': 87,072, 'B': 47,202}, MM: 46, MMPER: 96.87234042553192%
[00:00:15:17:380] average expansions: (54,986, 52,814, 120,387, 0)
[00:00:15:17:381] average time: (313,249, 301,724, 1,366,672, 0)
[00:00:15:17:381] XIDA: 52,814 , 301,724 (expansions , time[ms])
[00:00:15:17:381] BiXIDA: 120,387 , 1,366,672 (expansions , time[ms])

