--------------------------
date: SM_Grids
number_of_graphs: 10
graph_type: grid
size_of_graphs: [8, 9]
heuristic: bcc_heuristic
snake: True
run_uni: True
run_bi: True
run_multi: False
solution_vertices: []
algorithms: ['IDA']
lookahead: 1
bsd: False
cube_first_dims: 4
cube_buffer_dim: None
backward_sym_generation: False
sym_coil: False
prefix_set: None

---------- SM_Grids/8x9_grid_with_random_blocks_8per_0 ----------
[00:00:00:50:598] Path of length 43 found: [0, 9, 18, 27, 36, 45, 54, 63, 64, 65, 56, 47, 38, 39, 30, 21, 20, 11, 2, 3, 4, 13, 14, 15, 6, 7, 8, 17, 26, 25, 34, 33, 32, 41, 50, 49, 58, 67, 68, 69, 60, 61, 62, 71]
[00:00:00:50:598] ! Unidirectional s-t. expansions: 10,324, time: 50,598 [ms], path length: 43 [edges], generated: 16,766
[00:00:00:40:693] Path of length 43 found: [71, 62, 61, 60, 69, 68, 67, 58, 49, 50, 41, 42, 43, 34, 25, 26, 17, 8, 7, 6, 5, 14, 23, 22, 31, 30, 39, 38, 47, 56, 65, 64, 63, 54, 45, 36, 27, 18, 19, 20, 11, 2, 1, 0]
[00:00:00:40:693] ! Unidirectional t-s. expansions: 7,702, time: 40,693 [ms], path length: 43 [edges], generated: 13,253
[00:00:02:57:082] Path of length 43 found: [0, 9, 18, 27, 36, 45, 54, 63, 64, 65, 56, 47, 38, 39, 30, 21, 20, 11, 2, 3, 4, 13, 14, 15, 6, 7, 8, 17, 26, 25, 34, 33, 32, 41, 50, 49, 58, 67, 68, 69, 60, 61, 62, 71]
[00:00:02:57:578] ! Bidirectional. expansions: 15,353, time: 177,082 [ms], path length: 43 [edges], g_F: 42, g_B: 1, generated: {'F': 12,378, 'B': 13,807}, MM: 41, MMPER: 92.18181818181819%
[00:00:02:57:578] 
---------- SM_Grids/8x9_grid_with_random_blocks_8per_1 ----------
[00:00:02:03:987] Path of length 43 found: [0, 9, 18, 27, 36, 45, 54, 63, 64, 65, 56, 47, 38, 39, 30, 21, 20, 11, 2, 3, 4, 13, 14, 15, 6, 7, 8, 17, 26, 25, 34, 33, 32, 41, 50, 49, 58, 67, 68, 69, 60, 61, 62, 71]
[00:00:02:03:987] ! Unidirectional s-t. expansions: 25,578, time: 123,987 [ms], path length: 43 [edges], generated: 42,789
[00:00:01:55:785] Path of length 43 found: [71, 62, 61, 60, 69, 68, 67, 58, 49, 50, 41, 42, 43, 44, 35, 26, 17, 8, 7, 6, 15, 24, 23, 22, 31, 30, 39, 38, 47, 56, 65, 64, 63, 54, 45, 36, 27, 18, 19, 20, 11, 2, 1, 0]
[00:00:01:55:786] ! Unidirectional t-s. expansions: 21,334, time: 115,785 [ms], path length: 43 [edges], generated: 38,983
[00:00:05:44:699] Path of length 43 found: [0, 9, 18, 27, 36, 45, 54, 63, 64, 65, 56, 47, 38, 39, 30, 21, 20, 11, 2, 3, 4, 13, 14, 15, 6, 7, 8, 17, 26, 25, 34, 33, 32, 41, 50, 49, 58, 67, 68, 69, 60, 61, 62, 71]
[00:00:05:45:196] ! Bidirectional. expansions: 34,234, time: 344,699 [ms], path length: 43 [edges], g_F: 30, g_B: 13, generated: {'F': 31,600, 'B': 28,307}, MM: 17, MMPER: 37.63636363636363%
[00:00:05:45:196] 
---------- SM_Grids/8x9_grid_with_random_blocks_8per_2 ----------
[00:00:02:04:108] Path of length 37 found: [0, 9, 18, 19, 20, 11, 2, 3, 4, 13, 22, 31, 30, 39, 38, 47, 56, 57, 58, 49, 50, 41, 42, 33, 24, 15, 6, 7, 8, 17, 26, 35, 44, 53, 52, 61, 70, 71]
[00:00:02:04:109] ! Unidirectional s-t. expansions: 21,555, time: 124,108 [ms], path length: 37 [edges], generated: 43,144
[00:00:01:52:324] Path of length 37 found: [71, 70, 61, 52, 53, 44, 35, 26, 17, 8, 7, 6, 15, 24, 33, 42, 41, 50, 59, 58, 57, 56, 47, 38, 39, 30, 31, 22, 13, 4, 3, 2, 11, 20, 19, 18, 9, 0]
[00:00:01:52:325] ! Unidirectional t-s. expansions: 20,825, time: 112,324 [ms], path length: 37 [edges], generated: 38,319
[00:00:08:27:861] Path of length 37 found: [0, 1, 2, 11, 20, 19, 18, 27, 36, 37, 38, 47, 56, 57, 58, 49, 40, 41, 32, 23, 22, 13, 4, 5, 6, 7, 8, 17, 26, 35, 44, 53, 52, 51, 60, 69, 70, 71]
[00:00:08:28:342] ! Bidirectional. expansions: 45,996, time: 507,862 [ms], path length: 37 [edges], g_F: 20, g_B: 17, generated: {'F': 46,510, 'B': 39,976}, MM: 3, MMPER: 6.894736842105263%
[00:00:08:28:343] 
---------- SM_Grids/8x9_grid_with_random_blocks_8per_3 ----------
[00:00:01:37:957] Path of length 41 found: [0, 1, 2, 3, 12, 13, 14, 5, 6, 7, 16, 25, 24, 33, 32, 31, 40, 49, 48, 47, 38, 29, 20, 19, 18, 27, 36, 45, 54, 63, 64, 65, 66, 67, 68, 59, 60, 51, 52, 53, 62, 71]
[00:00:01:37:957] ! Unidirectional s-t. expansions: 18,265, time: 97,957 [ms], path length: 41 [edges], generated: 32,227
[00:00:01:09:756] Path of length 41 found: [71, 62, 53, 52, 51, 60, 59, 68, 67, 66, 65, 64, 63, 54, 45, 36, 27, 18, 19, 20, 29, 38, 47, 48, 49, 40, 41, 32, 33, 24, 25, 16, 7, 6, 5, 14, 13, 12, 3, 2, 1, 0]
[00:00:01:09:757] ! Unidirectional t-s. expansions: 12,790, time: 69,757 [ms], path length: 41 [edges], generated: 23,043
[00:00:07:10:603] Path of length 41 found: [0, 1, 2, 3, 12, 13, 14, 5, 6, 7, 16, 25, 24, 33, 32, 31, 40, 49, 48, 47, 38, 29, 20, 19, 18, 27, 36, 45, 54, 55, 64, 65, 66, 67, 68, 59, 60, 51, 52, 53, 62, 71]
[00:00:07:11:081] ! Bidirectional. expansions: 41,864, time: 430,603 [ms], path length: 41 [edges], g_F: 26, g_B: 15, generated: {'F': 37,584, 'B': 37,780}, MM: 11, MMPER: 25.19047619047619%
[00:00:07:11:081] 
---------- SM_Grids/8x9_grid_with_random_blocks_8per_4 ----------
[00:00:04:58:836] Path of length 39 found: [0, 9, 18, 19, 28, 29, 38, 47, 46, 45, 54, 63, 64, 65, 66, 57, 58, 49, 50, 41, 32, 31, 22, 21, 12, 3, 4, 5, 14, 15, 16, 17, 26, 35, 34, 43, 52, 61, 70, 71]
[00:00:04:58:837] ! Unidirectional s-t. expansions: 57,213, time: 298,837 [ms], path length: 39 [edges], generated: 107,586
[00:00:04:22:303] Path of length 39 found: [71, 70, 69, 60, 59, 58, 49, 48, 47, 56, 65, 64, 63, 54, 45, 36, 37, 28, 29, 20, 21, 22, 31, 32, 41, 42, 43, 34, 35, 26, 17, 16, 15, 14, 5, 4, 3, 2, 1, 0]
[00:00:04:22:303] ! Unidirectional t-s. expansions: 52,745, time: 262,303 [ms], path length: 39 [edges], generated: 98,646
[00:00:20:21:928] Path of length 39 found: [0, 9, 18, 19, 20, 11, 2, 3, 4, 13, 14, 15, 16, 17, 26, 35, 34, 43, 42, 41, 32, 31, 30, 39, 48, 47, 46, 45, 54, 63, 64, 65, 66, 67, 58, 59, 60, 69, 70, 71]
[00:00:20:22:419] ! Bidirectional. expansions: 131,964, time: 1,221,928 [ms], path length: 39 [edges], g_F: 28, g_B: 11, generated: {'F': 133,603, 'B': 109,339}, MM: 17, MMPER: 41.5%
[00:00:20:22:419] 
---------- SM_Grids/8x9_grid_with_random_blocks_8per_5 ----------
[00:00:00:52:710] Path of length 43 found: [0, 9, 18, 19, 20, 11, 2, 3, 4, 5, 6, 7, 16, 17, 26, 35, 44, 43, 42, 33, 24, 23, 22, 31, 40, 49, 48, 47, 38, 37, 36, 45, 54, 63, 64, 65, 66, 67, 68, 59, 60, 61, 70, 71]
[00:00:00:52:711] ! Unidirectional s-t. expansions: 9,656, time: 52,711 [ms], path length: 43 [edges], generated: 16,676
[00:00:00:52:176] Path of length 43 found: [71, 70, 61, 60, 59, 68, 67, 66, 65, 64, 63, 54, 45, 36, 37, 38, 47, 48, 49, 40, 31, 32, 33, 42, 43, 44, 35, 26, 17, 8, 7, 6, 15, 14, 13, 4, 3, 2, 11, 20, 19, 18, 9, 0]
[00:00:00:52:176] ! Unidirectional t-s. expansions: 8,832, time: 52,176 [ms], path length: 43 [edges], generated: 16,659
[00:00:03:59:813] Path of length 43 found: [0, 9, 18, 19, 20, 11, 2, 3, 4, 13, 14, 15, 6, 7, 8, 17, 26, 35, 44, 43, 42, 33, 32, 31, 40, 49, 48, 47, 38, 37, 36, 45, 54, 63, 64, 65, 66, 67, 68, 59, 60, 61, 70, 71]
[00:00:04:00:285] ! Bidirectional. expansions: 22,482, time: 239,813 [ms], path length: 43 [edges], g_F: 21, g_B: 22, generated: {'F': 15,795, 'B': 23,084}, MM: 1, MMPER: 1.272727272727273%
[00:00:04:00:286] 
---------- SM_Grids/8x9_grid_with_random_blocks_8per_6 ----------
[00:00:03:08:607] Path of length 39 found: [0, 1, 2, 3, 12, 13, 14, 5, 6, 7, 16, 25, 24, 33, 32, 41, 40, 39, 30, 29, 20, 19, 18, 27, 36, 37, 46, 55, 64, 65, 66, 57, 58, 59, 60, 51, 52, 53, 62, 71]
[00:00:03:08:607] ! Unidirectional s-t. expansions: 34,742, time: 188,607 [ms], path length: 39 [edges], generated: 65,167
[00:00:03:20:513] Path of length 39 found: [71, 70, 69, 60, 51, 52, 53, 44, 35, 34, 25, 16, 7, 6, 5, 14, 23, 22, 31, 30, 39, 48, 49, 58, 67, 66, 65, 64, 55, 46, 37, 36, 27, 18, 19, 20, 11, 2, 1, 0]
[00:00:03:20:513] ! Unidirectional t-s. expansions: 37,340, time: 200,513 [ms], path length: 39 [edges], generated: 71,218
[00:00:14:30:866] Path of length 39 found: [0, 1, 2, 11, 20, 19, 18, 27, 36, 37, 46, 55, 64, 65, 66, 67, 58, 49, 48, 39, 30, 31, 22, 13, 4, 5, 6, 15, 24, 33, 34, 35, 44, 53, 52, 51, 60, 69, 70, 71]
[00:00:14:31:331] ! Bidirectional. expansions: 79,207, time: 870,867 [ms], path length: 39 [edges], g_F: 27, g_B: 12, generated: {'F': 87,028, 'B': 62,623}, MM: 15, MMPER: 36.5%
[00:00:14:31:332] 
---------- SM_Grids/8x9_grid_with_random_blocks_8per_7 ----------
[00:00:05:19:164] Path of length 39 found: [0, 9, 18, 27, 28, 29, 20, 11, 2, 3, 4, 5, 6, 7, 8, 17, 26, 25, 24, 23, 22, 31, 40, 39, 48, 47, 46, 45, 54, 63, 64, 65, 66, 67, 58, 59, 60, 61, 70, 71]
[00:00:05:19:164] ! Unidirectional s-t. expansions: 74,556, time: 319,164 [ms], path length: 39 [edges], generated: 126,877
[00:00:07:12:493] Path of length 39 found: [71, 62, 61, 52, 43, 44, 35, 26, 17, 8, 7, 6, 5, 4, 13, 22, 23, 32, 41, 50, 59, 68, 67, 66, 65, 64, 63, 54, 45, 46, 47, 48, 39, 30, 29, 28, 27, 18, 9, 0]
[00:00:07:12:493] ! Unidirectional t-s. expansions: 102,509, time: 432,493 [ms], path length: 39 [edges], generated: 174,352
[00:00:19:56:979] Path of length 39 found: [0, 1, 2, 3, 12, 13, 14, 5, 6, 7, 8, 17, 26, 25, 24, 33, 32, 41, 50, 49, 48, 39, 30, 29, 28, 37, 46, 45, 54, 63, 64, 65, 66, 67, 68, 69, 60, 61, 62, 71]
[00:00:19:57:436] ! Bidirectional. expansions: 132,834, time: 1,196,979 [ms], path length: 39 [edges], g_F: 25, g_B: 14, generated: {'F': 104,619, 'B': 127,340}, MM: 11, MMPER: 26.5%
[00:00:19:57:436] 
---------- SM_Grids/8x9_grid_with_random_blocks_8per_8 ----------
[00:00:01:14:886] Path of length 43 found: [0, 9, 18, 27, 36, 45, 54, 63, 64, 65, 56, 47, 38, 39, 30, 21, 20, 11, 2, 3, 4, 13, 14, 15, 6, 7, 8, 17, 26, 25, 34, 33, 32, 41, 50, 49, 58, 67, 68, 69, 60, 61, 62, 71]
[00:00:01:14:886] ! Unidirectional s-t. expansions: 15,441, time: 74,886 [ms], path length: 43 [edges], generated: 25,597
[00:00:01:23:603] Path of length 43 found: [71, 62, 53, 44, 35, 26, 17, 8, 7, 6, 15, 24, 33, 32, 41, 50, 51, 60, 69, 68, 67, 58, 57, 56, 65, 64, 63, 54, 45, 36, 37, 38, 29, 30, 21, 22, 13, 4, 3, 2, 11, 10, 9, 0]
[00:00:01:23:603] ! Unidirectional t-s. expansions: 16,910, time: 83,603 [ms], path length: 43 [edges], generated: 28,389
[00:00:06:35:963] Path of length 43 found: [0, 9, 18, 27, 36, 45, 54, 63, 64, 65, 56, 57, 58, 67, 68, 69, 60, 51, 50, 41, 40, 39, 38, 29, 20, 11, 2, 3, 4, 13, 14, 15, 6, 7, 8, 17, 26, 25, 34, 43, 44, 53, 62, 71]
[00:00:06:36:422] ! Bidirectional. expansions: 40,072, time: 395,963 [ms], path length: 43 [edges], g_F: 21, g_B: 22, generated: {'F': 32,638, 'B': 34,230}, MM: 1, MMPER: 1.272727272727273%
[00:00:06:36:423] 
---------- SM_Grids/8x9_grid_with_random_blocks_8per_9 ----------
[00:00:07:33:848] Path of length 39 found: [0, 9, 18, 27, 28, 37, 46, 45, 54, 63, 64, 65, 56, 57, 48, 49, 40, 41, 32, 23, 22, 21, 20, 11, 2, 3, 4, 5, 6, 7, 16, 25, 34, 35, 44, 53, 52, 61, 70, 71]
[00:00:07:33:849] ! Unidirectional s-t. expansions: 97,688, time: 453,848 [ms], path length: 39 [edges], generated: 171,772
[00:00:05:20:539] Path of length 39 found: [71, 70, 61, 52, 53, 44, 35, 34, 25, 16, 7, 6, 5, 14, 23, 32, 31, 40, 49, 50, 59, 68, 67, 66, 57, 56, 55, 54, 45, 36, 27, 18, 19, 20, 21, 12, 3, 2, 1, 0]
[00:00:05:20:539] ! Unidirectional t-s. expansions: 70,178, time: 320,539 [ms], path length: 39 [edges], generated: 124,633
[00:00:24:37:531] Path of length 39 found: [0, 9, 18, 27, 28, 37, 46, 45, 54, 63, 64, 65, 56, 57, 58, 59, 50, 41, 40, 31, 30, 21, 20, 11, 2, 3, 4, 13, 14, 15, 24, 25, 34, 35, 44, 53, 52, 61, 70, 71]
[00:00:24:38:020] ! Bidirectional. expansions: 169,161, time: 1,477,531 [ms], path length: 39 [edges], g_F: 31, g_B: 8, generated: {'F': 199,858, 'B': 102,567}, MM: 23, MMPER: 56.5%
[00:00:24:38:020] average expansions: (36,502, 35,116, 71,317, 0)
[00:00:24:38:020] average time: (178,470, 169,019, 686,333, 0)
[00:00:24:38:020] XIDA: 35,116 , 169,019 (expansions , time[ms])
[00:00:24:38:020] BiXIDA: 71,317 , 686,333 (expansions , time[ms])

