--------------------------
date: mazes
number_of_graphs: 10
graph_type: maze
size_of_graphs: [13, 13]
heuristic: bcc_heuristic
snake: False
run_uni: True
run_bi: True
run_multi: False
solution_vertices: []
algorithms: ['A']
lookahead: 4
bsd: False
cube_first_dims: 4
cube_buffer_dim: None
backward_sym_generation: False
sym_coil: False
prefix_set: None

---------- mazes/13x13_maze_with_1_open_diamonds_0 ----------
[00:00:00:23:298] Expansion 10,000: state None, f=97, g=35
[00:00:00:45:573] Expansion 20,000: state None, f=95, g=20
[00:00:01:05:956] Expansion 30,000: state None, f=93, g=30
[00:00:01:09:757] Path of length 92 found: [0, 1, 2, 3, 4, 17, 30, 31, 32, 19, 6, 7, 8, 9, 10, 11, 12, 25, 38, 37, 36, 49, 62, 61, 60, 59, 58, 57, 56, 55, 54, 41, 28, 27, 26, 39, 52, 65, 78, 79, 80, 81, 82, 83, 84, 85, 86, 87, 88, 89, 90, 103, 116, 115, 114, 113, 112, 111, 110, 109, 122, 135, 134, 133, 132, 119, 120, 107, 106, 105, 118, 131, 130, 143, 156, 157, 144, 145, 146, 159, 160, 161, 162, 163, 164, 165, 152, 139, 140, 141, 142, 155, 168]
[00:00:01:09:758] ! Unidirectional s-t. expansions: 31,360, time: 69,757 [ms], path length: 92 [edges], generated: 47,235
[00:00:00:28:134] Expansion 10,000: state None, f=101, g=28
[00:00:00:51:330] Expansion 20,000: state None, f=99, g=45
[00:00:01:11:902] Expansion 30,000: state None, f=98, g=33
[00:00:01:34:021] Expansion 40,000: state None, f=97, g=38
[00:00:01:53:834] Expansion 50,000: state None, f=96, g=42
[00:00:02:16:419] Expansion 60,000: state None, f=95, g=60
[00:00:02:37:711] Expansion 70,000: state None, f=95, g=23
[00:00:02:55:258] Expansion 80,000: state None, f=94, g=43
[00:00:03:17:554] Expansion 90,000: state None, f=94, g=31
[00:00:03:35:371] Expansion 100,000: state None, f=93, g=45
[00:00:03:57:174] Path of length 92 found: [168, 155, 142, 141, 140, 139, 152, 165, 164, 163, 150, 137, 136, 135, 134, 133, 146, 159, 158, 157, 156, 143, 130, 131, 144, 145, 132, 119, 118, 105, 106, 107, 108, 109, 110, 111, 112, 113, 114, 115, 116, 103, 90, 89, 88, 87, 86, 85, 84, 83, 82, 81, 80, 79, 78, 65, 52, 39, 26, 27, 28, 41, 54, 55, 56, 57, 58, 59, 60, 61, 62, 63, 64, 51, 38, 25, 12, 11, 10, 9, 8, 7, 6, 19, 32, 31, 30, 17, 4, 3, 2, 1, 0]
[00:00:03:57:176] ! Unidirectional t-s. expansions: 108,294, time: 237,174 [ms], path length: 92 [edges], generated: 154,445
[00:00:00:40:786] Path of length 92 found: [0, 1, 2, 3, 4, 17, 30, 31, 32, 19, 6, 7, 8, 9, 10, 11, 12, 25, 38, 37, 36, 49, 62, 61, 60, 59, 58, 57, 56, 55, 54, 41, 28, 27, 26, 39, 52, 65, 78, 79, 80, 81, 82, 83, 84, 85, 86, 87, 88, 89, 90, 103, 116, 115, 114, 113, 112, 111, 110, 109, 108, 107, 106, 105, 118, 119, 132, 131, 130, 143, 156, 157, 144, 145, 158, 159, 146, 133, 134, 135, 136, 137, 150, 163, 164, 165, 152, 139, 140, 141, 142, 155, 168]
[00:00:00:40:798] ! Bidirectional. expansions: 7,936, time: 40,794 [ms], path length: 92 [edges], g_F: 46, g_B: 46, generated: {'F': 32,678, 'B': 46,873}, MM: 0, MMPER: -1.0%
[00:00:00:40:799] 
---------- mazes/13x13_maze_with_1_open_diamonds_1 ----------
[00:00:00:44:549] Expansion 10,000: state None, f=98, g=40
[00:00:01:08:037] Expansion 20,000: state None, f=95, g=36
[00:00:01:30:046] Expansion 30,000: state None, f=93, g=35
[00:00:01:52:224] Expansion 40,000: state None, f=92, g=23
[00:00:02:11:489] Expansion 50,000: state None, f=91, g=30
[00:00:02:14:517] Path of length 90 found: [0, 1, 2, 15, 28, 27, 26, 39, 52, 53, 54, 41, 42, 29, 16, 3, 4, 17, 30, 43, 56, 57, 58, 45, 32, 19, 6, 7, 8, 9, 10, 11, 12, 25, 38, 37, 36, 49, 62, 61, 74, 87, 88, 89, 90, 103, 116, 115, 114, 113, 112, 99, 86, 85, 84, 83, 82, 81, 80, 79, 92, 105, 106, 107, 108, 109, 122, 135, 134, 133, 132, 131, 130, 143, 156, 157, 158, 159, 160, 161, 162, 163, 164, 165, 152, 139, 140, 141, 142, 155, 168]
[00:00:02:14:519] ! Unidirectional s-t. expansions: 51,200, time: 134,517 [ms], path length: 90 [edges], generated: 69,643
[00:00:00:03:064] Path of length 90 found: [168, 155, 142, 141, 140, 139, 152, 165, 164, 163, 162, 161, 160, 159, 158, 157, 156, 143, 130, 131, 132, 133, 134, 135, 122, 109, 108, 107, 106, 105, 92, 79, 80, 81, 82, 83, 84, 85, 86, 99, 112, 113, 114, 115, 116, 103, 90, 89, 88, 87, 74, 61, 62, 63, 64, 51, 38, 25, 12, 11, 10, 9, 8, 7, 6, 19, 32, 45, 58, 57, 56, 43, 30, 17, 4, 3, 16, 29, 42, 55, 54, 53, 52, 39, 26, 27, 28, 15, 2, 1, 0]
[00:00:00:03:066] ! Unidirectional t-s. expansions: 1,607, time: 3,064 [ms], path length: 90 [edges], generated: 2,500
[00:00:00:46:070] Path of length 90 found: [0, 1, 2, 3, 4, 17, 16, 15, 28, 27, 26, 39, 52, 53, 54, 41, 42, 29, 30, 43, 56, 57, 58, 45, 32, 19, 6, 7, 8, 9, 10, 11, 12, 25, 38, 37, 36, 49, 62, 61, 74, 87, 88, 89, 90, 103, 116, 115, 114, 113, 112, 99, 86, 85, 84, 83, 82, 81, 80, 79, 92, 105, 106, 107, 108, 109, 122, 135, 134, 133, 132, 131, 130, 143, 156, 157, 158, 159, 160, 161, 162, 163, 164, 165, 152, 139, 140, 141, 142, 155, 168]
[00:00:00:46:074] ! Bidirectional. expansions: 8,127, time: 46,070 [ms], path length: 90 [edges], g_F: 45, g_B: 45, generated: {'F': 29,879, 'B': 27,149}, MM: 0, MMPER: -1.0%
[00:00:00:46:075] 
---------- mazes/13x13_maze_with_1_open_diamonds_2 ----------
[00:00:00:24:251] Expansion 10,000: state None, f=96, g=47
[00:00:00:45:047] Expansion 20,000: state None, f=94, g=34
[00:00:01:03:693] Path of length 92 found: [0, 1, 2, 3, 4, 17, 30, 43, 56, 55, 54, 41, 28, 27, 26, 39, 52, 65, 78, 79, 80, 81, 82, 83, 70, 57, 58, 45, 32, 19, 6, 7, 8, 9, 10, 11, 12, 25, 38, 37, 36, 49, 62, 61, 60, 59, 72, 71, 84, 85, 86, 87, 88, 89, 90, 103, 116, 115, 114, 113, 112, 99, 98, 111, 110, 97, 96, 109, 122, 135, 134, 133, 132, 131, 130, 143, 156, 157, 158, 159, 160, 161, 162, 163, 164, 165, 152, 139, 140, 141, 142, 155, 168]
[00:00:01:03:698] ! Unidirectional s-t. expansions: 29,438, time: 63,696 [ms], path length: 92 [edges], generated: 44,753
[00:00:00:22:787] Expansion 10,000: state None, f=96, g=49
[00:00:00:40:786] Expansion 20,000: state None, f=94, g=44
[00:00:00:51:085] Path of length 92 found: [168, 155, 142, 141, 140, 139, 152, 165, 164, 163, 162, 161, 160, 159, 158, 157, 156, 143, 130, 131, 132, 133, 134, 135, 122, 109, 110, 111, 112, 113, 114, 115, 116, 103, 90, 89, 88, 87, 86, 99, 98, 85, 72, 59, 60, 61, 62, 63, 64, 51, 38, 25, 12, 11, 10, 9, 8, 7, 6, 19, 32, 45, 58, 57, 70, 71, 84, 97, 96, 83, 82, 81, 80, 79, 78, 65, 52, 39, 26, 27, 28, 41, 54, 55, 56, 43, 30, 17, 4, 3, 2, 1, 0]
[00:00:00:51:088] ! Unidirectional t-s. expansions: 25,254, time: 51,085 [ms], path length: 92 [edges], generated: 36,149
[00:00:00:04:663] Path of length 92 found: [0, 1, 2, 3, 4, 17, 30, 31, 32, 19, 6, 7, 8, 9, 10, 11, 12, 25, 38, 37, 36, 49, 62, 61, 60, 59, 58, 71, 72, 85, 98, 99, 86, 87, 88, 89, 90, 103, 116, 115, 114, 113, 112, 111, 110, 97, 84, 83, 70, 57, 56, 55, 54, 41, 28, 27, 26, 39, 52, 65, 78, 79, 92, 105, 106, 107, 108, 109, 122, 135, 134, 133, 132, 131, 130, 143, 156, 157, 158, 159, 160, 161, 162, 163, 164, 165, 152, 139, 140, 141, 142, 155, 168]
[00:00:00:04:672] ! Bidirectional. expansions: 1,100, time: 4,669 [ms], path length: 92 [edges], g_F: 46, g_B: 46, generated: {'F': 5,358, 'B': 5,667}, MM: 0, MMPER: -1.0%
[00:00:00:04:674] 
---------- mazes/13x13_maze_with_1_open_diamonds_3 ----------
[00:00:00:26:811] Expansion 10,000: state None, f=92, g=56
[00:00:00:47:719] Expansion 20,000: state None, f=91, g=34
[00:00:00:48:936] Path of length 90 found: [0, 1, 2, 3, 4, 17, 30, 31, 32, 19, 6, 7, 8, 9, 10, 11, 12, 25, 38, 37, 36, 49, 62, 61, 60, 59, 58, 57, 56, 55, 54, 41, 28, 27, 26, 39, 52, 65, 78, 79, 80, 81, 82, 83, 84, 85, 86, 87, 88, 89, 90, 103, 116, 129, 142, 141, 140, 139, 126, 113, 114, 115, 102, 101, 100, 99, 98, 111, 110, 109, 122, 135, 134, 133, 132, 131, 130, 143, 156, 157, 158, 159, 160, 161, 162, 163, 164, 165, 166, 167, 168]
[00:00:00:48:937] ! Unidirectional s-t. expansions: 20,438, time: 48,936 [ms], path length: 90 [edges], generated: 31,641
[00:00:00:28:327] Expansion 10,000: state None, f=98, g=58
[00:00:00:49:919] Expansion 20,000: state None, f=95, g=59
[00:00:01:08:284] Expansion 30,000: state None, f=93, g=58
[00:00:01:26:961] Expansion 40,000: state None, f=92, g=39
[00:00:01:45:826] Path of length 90 found: [168, 167, 166, 165, 164, 163, 162, 161, 160, 159, 158, 157, 156, 143, 130, 131, 132, 133, 134, 135, 122, 109, 110, 111, 98, 85, 86, 99, 112, 113, 126, 139, 140, 141, 142, 129, 116, 115, 114, 101, 102, 103, 90, 89, 88, 87, 74, 61, 62, 63, 64, 51, 38, 25, 12, 11, 10, 9, 8, 7, 6, 19, 32, 45, 58, 71, 84, 83, 82, 81, 80, 79, 78, 65, 52, 39, 26, 27, 28, 41, 54, 55, 56, 43, 30, 17, 4, 3, 2, 1, 0]
[00:00:01:45:829] ! Unidirectional t-s. expansions: 49,827, time: 105,827 [ms], path length: 90 [edges], generated: 71,852
[00:00:00:44:301] Path of length 90 found: [0, 1, 2, 3, 4, 17, 30, 43, 56, 55, 54, 41, 28, 27, 26, 39, 52, 65, 78, 79, 80, 81, 82, 83, 84, 71, 58, 45, 32, 19, 6, 7, 8, 9, 10, 11, 12, 25, 38, 37, 36, 49, 62, 61, 74, 87, 88, 101, 114, 115, 102, 89, 90, 103, 116, 129, 142, 141, 140, 139, 126, 113, 112, 99, 86, 85, 98, 111, 110, 109, 122, 135, 134, 133, 132, 131, 130, 143, 156, 157, 158, 159, 160, 161, 162, 163, 164, 165, 166, 167, 168]
[00:00:00:44:304] ! Bidirectional. expansions: 7,084, time: 44,301 [ms], path length: 90 [edges], g_F: 45, g_B: 45, generated: {'F': 27,360, 'B': 33,352}, MM: 0, MMPER: -1.0%
[00:00:00:44:306] 
---------- mazes/13x13_maze_with_1_open_diamonds_4 ----------
[00:00:00:25:172] Expansion 10,000: state None, f=97, g=59
[00:00:00:46:998] Expansion 20,000: state None, f=95, g=25
[00:00:01:04:644] Expansion 30,000: state None, f=93, g=51
[00:00:01:13:932] Path of length 92 found: [0, 1, 2, 3, 4, 17, 30, 31, 32, 19, 6, 7, 8, 9, 10, 11, 12, 25, 38, 37, 36, 49, 62, 61, 60, 59, 58, 57, 56, 55, 54, 41, 28, 27, 26, 39, 52, 65, 78, 79, 80, 81, 82, 83, 84, 85, 86, 87, 88, 89, 90, 103, 116, 115, 114, 113, 112, 111, 110, 109, 108, 107, 106, 119, 132, 131, 130, 143, 156, 157, 158, 159, 160, 147, 134, 133, 120, 121, 122, 123, 136, 137, 150, 163, 164, 165, 152, 139, 140, 141, 142, 155, 168]
[00:00:01:13:935] ! Unidirectional s-t. expansions: 33,578, time: 73,932 [ms], path length: 92 [edges], generated: 51,823
[00:00:00:27:107] Expansion 10,000: state None, f=101, g=32
[00:00:00:50:176] Expansion 20,000: state None, f=99, g=33
[00:00:01:11:445] Expansion 30,000: state None, f=97, g=50
[00:00:01:31:820] Expansion 40,000: state None, f=96, g=45
[00:00:01:53:284] Expansion 50,000: state None, f=95, g=38
[00:00:02:11:930] Expansion 60,000: state None, f=94, g=63
[00:00:02:33:258] Expansion 70,000: state None, f=93, g=77
[00:00:02:53:759] Expansion 80,000: state None, f=93, g=34
[00:00:03:00:167] Path of length 92 found: [168, 167, 166, 165, 152, 139, 140, 141, 142, 129, 116, 103, 90, 89, 88, 87, 74, 61, 62, 63, 64, 51, 38, 25, 12, 11, 10, 9, 8, 7, 6, 19, 32, 45, 58, 71, 84, 85, 86, 99, 112, 111, 110, 123, 136, 137, 150, 163, 162, 161, 160, 159, 158, 157, 156, 143, 130, 131, 132, 119, 106, 107, 120, 133, 134, 135, 122, 109, 108, 95, 82, 81, 80, 79, 78, 65, 52, 39, 26, 27, 28, 41, 54, 55, 56, 43, 30, 17, 4, 3, 2, 1, 0]
[00:00:03:00:169] ! Unidirectional t-s. expansions: 82,439, time: 180,167 [ms], path length: 92 [edges], generated: 118,601
[00:00:00:47:288] Path of length 92 found: [0, 1, 2, 3, 4, 17, 30, 31, 32, 19, 6, 7, 8, 9, 10, 11, 12, 25, 38, 37, 36, 49, 62, 61, 60, 59, 58, 57, 56, 55, 54, 41, 28, 27, 26, 39, 52, 65, 78, 79, 92, 105, 106, 119, 120, 107, 108, 95, 82, 83, 84, 85, 86, 87, 88, 89, 90, 103, 116, 115, 114, 113, 112, 111, 110, 109, 122, 123, 136, 135, 134, 133, 132, 131, 130, 143, 156, 157, 158, 159, 160, 161, 162, 163, 164, 165, 152, 139, 140, 141, 142, 155, 168]
[00:00:00:47:291] ! Bidirectional. expansions: 6,779, time: 47,289 [ms], path length: 92 [edges], g_F: 46, g_B: 46, generated: {'F': 33,543, 'B': 38,252}, MM: 0, MMPER: -1.0%
[00:00:00:47:292] 
---------- mazes/13x13_maze_with_1_open_diamonds_5 ----------
[00:00:00:25:320] Expansion 10,000: state None, f=98, g=46
[00:00:00:46:681] Expansion 20,000: state None, f=95, g=60
[00:00:01:05:655] Expansion 30,000: state None, f=93, g=71
[00:00:01:20:278] Path of length 92 found: [0, 1, 2, 3, 4, 17, 30, 31, 32, 19, 6, 7, 8, 9, 10, 11, 12, 25, 38, 37, 36, 49, 62, 61, 60, 59, 58, 57, 56, 55, 54, 41, 28, 27, 26, 39, 52, 65, 78, 79, 80, 81, 82, 83, 84, 85, 86, 87, 88, 89, 90, 103, 116, 115, 114, 113, 112, 111, 110, 109, 108, 107, 106, 105, 118, 131, 130, 143, 156, 157, 158, 159, 146, 133, 132, 119, 120, 121, 122, 135, 136, 137, 150, 163, 164, 165, 152, 139, 140, 141, 142, 155, 168]
[00:00:01:20:284] ! Unidirectional s-t. expansions: 36,899, time: 80,278 [ms], path length: 92 [edges], generated: 55,900
[00:00:00:28:411] Expansion 10,000: state None, f=100, g=50
[00:00:00:51:379] Expansion 20,000: state None, f=98, g=49
[00:00:01:14:134] Expansion 30,000: state None, f=97, g=24
[00:00:01:35:227] Expansion 40,000: state None, f=96, g=31
[00:00:01:57:046] Expansion 50,000: state None, f=95, g=17
[00:00:02:14:288] Expansion 60,000: state None, f=94, g=42
[00:00:02:35:760] Expansion 70,000: state None, f=93, g=50
[00:00:02:54:999] Path of length 92 found: [168, 167, 166, 165, 152, 139, 140, 141, 142, 129, 116, 103, 90, 89, 88, 87, 74, 61, 62, 63, 64, 51, 38, 25, 12, 11, 10, 9, 8, 7, 6, 19, 32, 45, 58, 71, 84, 85, 86, 99, 112, 111, 110, 109, 122, 135, 136, 137, 150, 163, 162, 161, 160, 159, 158, 157, 156, 143, 130, 131, 118, 105, 106, 119, 132, 133, 134, 121, 108, 107, 94, 81, 80, 79, 78, 65, 52, 39, 26, 27, 28, 41, 54, 55, 56, 43, 30, 17, 4, 3, 2, 1, 0]
[00:00:02:55:001] ! Unidirectional t-s. expansions: 77,684, time: 174,999 [ms], path length: 92 [edges], generated: 112,634
[00:00:00:30:013] Path of length 92 found: [0, 1, 2, 3, 4, 17, 30, 43, 56, 55, 54, 41, 28, 27, 26, 39, 52, 65, 78, 79, 80, 81, 94, 107, 106, 105, 118, 119, 120, 133, 132, 131, 130, 143, 156, 157, 158, 159, 160, 161, 162, 163, 150, 137, 136, 135, 122, 121, 108, 109, 110, 111, 112, 99, 86, 85, 84, 71, 58, 45, 32, 19, 6, 7, 8, 9, 10, 11, 12, 25, 38, 51, 64, 63, 62, 61, 74, 87, 88, 89, 90, 103, 116, 129, 142, 141, 140, 139, 152, 165, 166, 167, 168]
[00:00:00:30:023] ! Bidirectional. expansions: 6,440, time: 30,018 [ms], path length: 92 [edges], g_F: 46, g_B: 46, generated: {'F': 28,201, 'B': 33,103}, MM: 0, MMPER: -1.0%
[00:00:00:30:024] 
---------- mazes/13x13_maze_with_1_open_diamonds_6 ----------
[00:00:00:22:554] Expansion 10,000: state None, f=95, g=31
[00:00:00:53:787] Path of length 92 found: [0, 1, 2, 3, 4, 17, 30, 43, 56, 55, 54, 41, 28, 27, 26, 39, 52, 65, 78, 79, 80, 81, 82, 83, 84, 71, 58, 45, 32, 19, 6, 7, 8, 9, 10, 11, 12, 25, 38, 51, 64, 63, 62, 49, 36, 35, 34, 47, 60, 59, 72, 85, 86, 73, 74, 87, 88, 89, 90, 103, 116, 115, 114, 113, 112, 111, 110, 109, 122, 135, 134, 133, 132, 131, 130, 143, 156, 157, 158, 159, 160, 161, 162, 163, 164, 165, 152, 139, 140, 141, 142, 155, 168]
[00:00:00:53:791] ! Unidirectional s-t. expansions: 19,096, time: 53,787 [ms], path length: 92 [edges], generated: 28,635
[00:00:00:17:202] Path of length 92 found: [168, 155, 142, 141, 140, 139, 152, 165, 164, 163, 162, 161, 160, 159, 158, 157, 156, 143, 130, 131, 132, 133, 134, 135, 122, 109, 110, 111, 112, 113, 114, 115, 116, 103, 90, 89, 88, 75, 74, 87, 86, 73, 60, 47, 34, 35, 36, 49, 62, 63, 64, 51, 38, 25, 12, 11, 10, 9, 8, 7, 6, 19, 32, 45, 58, 59, 72, 85, 84, 83, 82, 81, 80, 79, 78, 65, 52, 39, 26, 27, 28, 41, 54, 55, 56, 43, 30, 17, 4, 3, 2, 1, 0]
[00:00:00:17:220] ! Unidirectional t-s. expansions: 7,299, time: 17,205 [ms], path length: 92 [edges], generated: 10,743
[00:00:00:01:947] Path of length 92 found: [0, 1, 2, 3, 4, 17, 30, 31, 32, 19, 6, 7, 8, 9, 10, 11, 12, 25, 38, 51, 64, 63, 62, 49, 36, 35, 34, 47, 60, 61, 74, 75, 88, 89, 90, 103, 116, 115, 114, 113, 112, 99, 86, 73, 72, 85, 84, 71, 58, 57, 56, 55, 54, 41, 28, 27, 26, 39, 52, 65, 78, 79, 92, 105, 106, 107, 108, 109, 122, 135, 134, 133, 132, 131, 130, 143, 156, 157, 158, 159, 160, 161, 162, 163, 164, 165, 152, 139, 140, 141, 142, 155, 168]
[00:00:00:01:950] ! Bidirectional. expansions: 507, time: 1,948 [ms], path length: 92 [edges], g_F: 46, g_B: 46, generated: {'F': 2,564, 'B': 2,511}, MM: 0, MMPER: -1.0%
[00:00:00:01:951] 
---------- mazes/13x13_maze_with_1_open_diamonds_7 ----------
[00:00:00:25:450] Expansion 10,000: state None, f=97, g=44
[00:00:00:47:083] Expansion 20,000: state None, f=95, g=19
[00:00:00:48:358] Path of length 94 found: [0, 1, 2, 3, 4, 17, 30, 31, 32, 19, 6, 7, 8, 9, 10, 11, 12, 25, 38, 51, 64, 63, 62, 49, 36, 35, 34, 21, 20, 33, 46, 47, 60, 61, 74, 87, 88, 89, 90, 103, 116, 115, 114, 113, 112, 99, 86, 85, 84, 71, 58, 57, 56, 55, 54, 41, 28, 27, 26, 39, 52, 65, 78, 79, 92, 105, 106, 107, 108, 109, 122, 135, 134, 133, 132, 131, 130, 143, 156, 157, 158, 159, 160, 161, 162, 163, 164, 165, 152, 139, 140, 141, 142, 155, 168]
[00:00:00:48:365] ! Unidirectional s-t. expansions: 20,475, time: 48,363 [ms], path length: 94 [edges], generated: 28,904
[00:00:00:02:523] Path of length 94 found: [168, 155, 142, 141, 140, 139, 152, 165, 164, 163, 162, 161, 160, 159, 158, 157, 156, 143, 130, 131, 132, 133, 134, 135, 122, 109, 108, 107, 106, 105, 92, 79, 78, 65, 52, 39, 26, 27, 28, 41, 54, 55, 56, 57, 58, 71, 84, 85, 86, 99, 112, 113, 114, 115, 116, 103, 90, 89, 88, 87, 74, 61, 60, 59, 46, 47, 34, 35, 36, 49, 62, 63, 64, 51, 38, 25, 12, 11, 10, 9, 8, 21, 20, 7, 6, 19, 32, 31, 30, 17, 4, 3, 2, 1, 0]
[00:00:00:02:524] ! Unidirectional t-s. expansions: 1,663, time: 2,523 [ms], path length: 94 [edges], generated: 2,602
[00:00:00:03:842] Path of length 94 found: [0, 1, 2, 3, 4, 17, 30, 31, 32, 19, 6, 7, 20, 21, 8, 9, 10, 11, 12, 25, 38, 51, 64, 63, 62, 49, 36, 35, 34, 33, 46, 47, 60, 61, 74, 87, 88, 89, 90, 103, 116, 115, 114, 113, 112, 99, 86, 85, 84, 71, 58, 57, 56, 55, 54, 41, 28, 27, 26, 39, 52, 65, 78, 79, 92, 105, 106, 107, 108, 109, 122, 135, 134, 133, 132, 131, 130, 143, 156, 157, 158, 159, 160, 161, 162, 163, 164, 165, 152, 139, 140, 141, 142, 155, 168]
[00:00:00:03:842] ! Bidirectional. expansions: 962, time: 3,842 [ms], path length: 94 [edges], g_F: 47, g_B: 47, generated: {'F': 3,824, 'B': 3,363}, MM: 0, MMPER: -1.0%
[00:00:00:03:843] 
---------- mazes/13x13_maze_with_1_open_diamonds_8 ----------
[00:00:00:25:374] Expansion 10,000: state None, f=97, g=44
[00:00:00:46:892] Expansion 20,000: state None, f=95, g=19
[00:00:00:48:172] Path of length 94 found: [0, 1, 2, 3, 4, 17, 30, 31, 32, 19, 6, 7, 8, 9, 10, 11, 12, 25, 38, 51, 64, 63, 62, 49, 36, 35, 34, 21, 20, 33, 46, 47, 60, 61, 74, 87, 88, 89, 90, 103, 116, 115, 114, 113, 112, 99, 86, 85, 84, 71, 58, 57, 56, 55, 54, 41, 28, 27, 26, 39, 52, 65, 78, 79, 92, 105, 106, 107, 108, 109, 122, 135, 134, 133, 132, 131, 130, 143, 156, 157, 158, 159, 160, 161, 162, 163, 164, 165, 152, 139, 140, 141, 142, 155, 168]
[00:00:00:48:175] ! Unidirectional s-t. expansions: 20,475, time: 48,172 [ms], path length: 94 [edges], generated: 28,904
[00:00:00:05:332] Path of length 94 found: [168, 155, 142, 141, 140, 139, 152, 165, 164, 163, 162, 161, 160, 159, 158, 157, 156, 143, 130, 131, 132, 133, 134, 135, 122, 109, 108, 107, 106, 105, 92, 79, 78, 65, 52, 39, 26, 27, 28, 41, 54, 55, 56, 57, 58, 71, 84, 85, 86, 99, 112, 113, 114, 115, 116, 103, 90, 89, 88, 87, 74, 61, 60, 59, 46, 47, 34, 35, 36, 49, 62, 63, 64, 51, 38, 25, 12, 11, 10, 9, 8, 21, 20, 7, 6, 19, 32, 31, 30, 17, 4, 3, 2, 1, 0]
[00:00:00:05:334] ! Unidirectional t-s. expansions: 1,663, time: 5,334 [ms], path length: 94 [edges], generated: 2,602
[00:00:00:04:314] Path of length 94 found: [0, 1, 2, 3, 4, 17, 30, 31, 32, 19, 6, 7, 20, 21, 8, 9, 10, 11, 12, 25, 38, 51, 64, 63, 62, 49, 36, 35, 34, 33, 46, 47, 60, 61, 74, 87, 88, 89, 90, 103, 116, 115, 114, 113, 112, 99, 86, 85, 84, 71, 58, 57, 56, 55, 54, 41, 28, 27, 26, 39, 52, 65, 78, 79, 92, 105, 106, 107, 108, 109, 122, 135, 134, 133, 132, 131, 130, 143, 156, 157, 158, 159, 160, 161, 162, 163, 164, 165, 152, 139, 140, 141, 142, 155, 168]
[00:00:00:04:316] ! Bidirectional. expansions: 962, time: 4,314 [ms], path length: 94 [edges], g_F: 47, g_B: 47, generated: {'F': 3,824, 'B': 3,363}, MM: 0, MMPER: -1.0%
[00:00:00:04:316] 
---------- mazes/13x13_maze_with_1_open_diamonds_9 ----------
[00:00:00:23:879] Expansion 10,000: state None, f=96, g=74
[00:00:00:41:052] Expansion 20,000: state None, f=95, g=42
[00:00:00:55:328] Expansion 30,000: state None, f=94, g=57
[00:00:01:10:956] Expansion 40,000: state None, f=93, g=60
[00:00:01:24:655] Path of length 92 found: [0, 1, 2, 3, 4, 17, 30, 31, 32, 19, 6, 7, 8, 9, 10, 11, 12, 25, 38, 37, 36, 49, 62, 61, 74, 87, 88, 89, 90, 103, 116, 115, 114, 113, 126, 125, 112, 111, 98, 99, 86, 85, 84, 71, 58, 57, 56, 55, 54, 41, 28, 27, 26, 39, 52, 65, 78, 79, 92, 105, 106, 107, 108, 109, 110, 123, 124, 137, 136, 135, 134, 133, 132, 131, 130, 143, 156, 157, 158, 159, 160, 161, 162, 163, 164, 165, 152, 139, 140, 141, 142, 155, 168]
[00:00:01:24:656] ! Unidirectional s-t. expansions: 46,531, time: 84,655 [ms], path length: 92 [edges], generated: 70,258
[00:00:00:28:391] Expansion 10,000: state None, f=105, g=30
[00:00:00:49:817] Expansion 20,000: state None, f=103, g=54
[00:00:01:09:896] Expansion 30,000: state None, f=102, g=42
[00:00:01:30:522] Expansion 40,000: state None, f=101, g=48
[00:00:01:50:016] Expansion 50,000: state None, f=100, g=42
[00:00:02:11:112] Expansion 60,000: state None, f=99, g=56
[00:00:02:29:375] Expansion 70,000: state None, f=98, g=59
[00:00:02:50:000] Expansion 80,000: state None, f=98, g=36
[00:00:03:07:565] Expansion 90,000: state None, f=97, g=53
[00:00:03:26:609] Expansion 100,000: state None, f=96, g=57
[00:00:03:41:955] Expansion 110,000: state None, f=96, g=49
[00:00:04:04:510] Expansion 120,000: state None, f=95, g=69
[00:00:04:18:724] Expansion 130,000: state None, f=95, g=51
[00:00:04:36:224] Expansion 140,000: state None, f=94, g=75
[00:00:04:48:558] Expansion 150,000: state None, f=94, g=65
[00:00:05:07:620] Expansion 160,000: state None, f=94, g=60
[00:00:05:27:197] Expansion 170,000: state None, f=94, g=32
[00:00:05:41:880] Expansion 180,000: state None, f=93, g=63
[00:00:05:57:302] Expansion 190,000: state None, f=93, g=50
[00:00:06:22:088] Path of length 92 found: [168, 155, 142, 141, 140, 139, 152, 165, 164, 163, 162, 161, 160, 159, 158, 157, 156, 143, 130, 131, 132, 133, 134, 135, 122, 109, 110, 123, 136, 137, 138, 125, 124, 111, 98, 85, 86, 99, 112, 113, 114, 115, 116, 103, 90, 89, 88, 87, 74, 61, 62, 63, 64, 51, 38, 25, 12, 11, 10, 9, 8, 7, 6, 19, 32, 45, 58, 71, 84, 83, 82, 81, 80, 79, 78, 65, 52, 39, 26, 27, 28, 41, 54, 55, 56, 43, 30, 17, 4, 3, 2, 1, 0]
[00:00:06:22:090] ! Unidirectional t-s. expansions: 198,275, time: 382,089 [ms], path length: 92 [edges], generated: 276,295
[00:00:00:48:631] Expansion 10,000: F [0, 1, 2, 3, 4, 17, 30, 43, 56, 55, 54, 53, 52, 65, 78, 79, 92, 105, 106, 107, 108, 109, 110, 111, 112, 99, 86, 85, 84, 71, 58], B [168, 167, 166, 165, 164, 163, 162, 161, 160, 159, 158, 157, 156, 143, 130, 131, 132, 133, 134, 135, 122, 123, 136, 137, 138, 125, 126, 139, 140, 141, 142], f=94, g=60
[00:00:01:13:102] Path of length 92 found: [0, 1, 2, 3, 4, 17, 30, 31, 32, 19, 6, 7, 8, 9, 10, 11, 12, 25, 38, 37, 36, 49, 62, 61, 60, 59, 58, 57, 56, 55, 54, 41, 28, 27, 26, 39, 52, 65, 78, 79, 92, 105, 106, 107, 108, 109, 122, 123, 124, 111, 112, 99, 98, 85, 86, 87, 88, 89, 90, 103, 116, 115, 114, 113, 126, 125, 138, 137, 136, 135, 134, 133, 132, 131, 130, 143, 156, 157, 158, 159, 160, 161, 162, 163, 164, 165, 152, 139, 140, 141, 142, 155, 168]
[00:00:01:13:125] ! Bidirectional. expansions: 15,287, time: 73,110 [ms], path length: 92 [edges], g_F: 46, g_B: 46, generated: {'F': 69,427, 'B': 84,634}, MM: 0, MMPER: -1.0%
[00:00:01:13:132] average expansions: (30,949, 55,400, 5,518, 0)
[00:00:01:13:138] average time: (70,609, 115,947, 29,636, 0)
[00:00:01:13:143] XA*: 30,949 , 70,609 (expansions , time[ms])
[00:00:01:13:148] BiXA*: 5,518 , 29,636 (expansions , time[ms])

