--------------------------
date: mazes
number_of_graphs: 10
graph_type: maze
size_of_graphs: [13, 13]
heuristic: bcc_heuristic
snake: False
run_uni: True
run_bi: True
run_multi: False
solution_vertices: []
algorithms: ['IDA']
lookahead: 2
bsd: False
cube_first_dims: 4
cube_buffer_dim: None
backward_sym_generation: False
sym_coil: False
prefix_set: None

---------- mazes/13x13_maze_with_1_open_diamonds_0 ----------
[00:00:03:44:863] Valid states checked so far: 200,000, Expansions: 60,051, Global best: 0
[00:00:05:48:436] Path of length 92 found: [0, 1, 2, 3, 4, 17, 30, 31, 32, 19, 6, 7, 8, 9, 10, 11, 12, 25, 38, 37, 36, 49, 62, 61, 60, 59, 58, 57, 56, 55, 54, 41, 28, 27, 26, 39, 52, 65, 78, 79, 80, 81, 82, 83, 84, 85, 86, 87, 88, 89, 90, 103, 116, 115, 114, 113, 112, 111, 110, 109, 108, 107, 106, 105, 118, 131, 130, 143, 156, 157, 158, 159, 146, 145, 132, 119, 120, 133, 134, 135, 136, 137, 150, 163, 164, 165, 152, 139, 140, 141, 142, 155, 168]
[00:00:05:48:436] ! Unidirectional s-t. expansions: 93,935, time: 348,436 [ms], path length: 92 [edges], generated: 314,984
[00:00:03:47:321] Valid states checked so far: 200,000, Expansions: 59,945, Global best: 61
[00:00:07:28:678] Valid states checked so far: 400,000, Expansions: 121,676, Global best: 61
[00:00:11:05:467] Valid states checked so far: 600,000, Expansions: 183,589, Global best: 61
[00:00:14:38:177] Valid states checked so far: 800,000, Expansions: 245,218, Global best: 61
[00:00:18:07:723] Valid states checked so far: 1,000,000, Expansions: 305,809, Global best: 61
[00:00:21:28:796] Valid states checked so far: 1,200,000, Expansions: 365,970, Global best: 61
[00:00:22:53:944] Path of length 92 found: [168, 155, 142, 141, 140, 139, 152, 165, 164, 163, 150, 137, 136, 135, 134, 133, 120, 119, 132, 145, 146, 159, 158, 157, 156, 143, 130, 131, 118, 105, 106, 107, 108, 109, 110, 111, 112, 113, 114, 115, 116, 103, 90, 89, 88, 87, 86, 85, 84, 83, 82, 81, 80, 79, 78, 65, 52, 39, 26, 27, 28, 41, 54, 55, 56, 57, 58, 59, 60, 61, 62, 63, 64, 51, 38, 25, 12, 11, 10, 9, 8, 7, 6, 19, 32, 31, 30, 17, 4, 3, 2, 1, 0]
[00:00:22:53:947] ! Unidirectional t-s. expansions: 388,116, time: 1,373,944 [ms], path length: 92 [edges], generated: 1,270,400
[00:00:02:38:171] Path of length 92 found: [0, 1, 2, 3, 4, 17, 30, 31, 32, 19, 6, 7, 8, 9, 10, 11, 12, 25, 38, 37, 36, 49, 62, 61, 60, 59, 58, 57, 56, 55, 54, 41, 28, 27, 26, 39, 52, 65, 78, 79, 80, 81, 82, 83, 84, 85, 86, 87, 88, 89, 90, 103, 116, 115, 114, 113, 112, 111, 110, 109, 108, 107, 106, 105, 118, 131, 130, 143, 156, 157, 158, 159, 146, 145, 132, 119, 120, 133, 134, 135, 136, 137, 150, 163, 164, 165, 152, 139, 140, 141, 142, 155, 168]
[00:00:02:38:172] ! Bidirectional. expansions: 63,942, time: 158,171 [ms], path length: 92 [edges], g_F: 46, g_B: 46, generated: {'F': 97,547, 'B': 106,731}, MM: 0, MMPER: -1.0%
[00:00:02:38:172] 
---------- mazes/13x13_maze_with_1_open_diamonds_1 ----------
[00:00:04:36:826] Valid states checked so far: 200,000, Expansions: 57,667, Global best: 0
[00:00:09:23:385] Valid states checked so far: 400,000, Expansions: 120,728, Global best: 0
[00:00:11:59:611] Path of length 90 found: [0, 13, 26, 39, 52, 53, 54, 41, 28, 15, 2, 3, 4, 17, 16, 29, 30, 43, 42, 55, 56, 57, 58, 45, 32, 19, 6, 7, 8, 9, 10, 11, 12, 25, 38, 37, 36, 49, 62, 61, 74, 87, 88, 89, 90, 103, 116, 115, 114, 113, 112, 99, 86, 85, 84, 83, 82, 81, 80, 79, 92, 105, 106, 107, 108, 109, 122, 135, 134, 133, 132, 131, 130, 143, 156, 157, 158, 159, 160, 161, 162, 163, 164, 165, 152, 139, 140, 141, 142, 155, 168]
[00:00:11:59:611] ! Unidirectional s-t. expansions: 158,823, time: 719,611 [ms], path length: 90 [edges], generated: 517,147
[00:00:00:13:382] Path of length 90 found: [168, 155, 142, 141, 140, 139, 152, 165, 164, 163, 162, 161, 160, 159, 158, 157, 156, 143, 130, 131, 132, 133, 134, 135, 122, 109, 108, 107, 106, 105, 92, 79, 80, 81, 82, 83, 84, 85, 86, 99, 112, 113, 114, 115, 116, 103, 90, 89, 88, 87, 74, 61, 62, 63, 64, 51, 38, 25, 12, 11, 10, 9, 8, 7, 6, 19, 32, 45, 58, 57, 56, 43, 30, 17, 4, 3, 2, 15, 16, 29, 28, 41, 42, 55, 54, 53, 52, 39, 26, 13, 0]
[00:00:00:13:382] ! Unidirectional t-s. expansions: 3,295, time: 13,382 [ms], path length: 90 [edges], generated: 12,722
[00:00:04:01:850] Path of length 90 found: [0, 13, 26, 39, 52, 53, 54, 41, 28, 15, 2, 3, 4, 17, 16, 29, 30, 43, 42, 55, 56, 57, 58, 45, 32, 19, 6, 7, 8, 9, 10, 11, 12, 25, 38, 37, 36, 49, 62, 61, 74, 87, 88, 89, 90, 103, 116, 115, 114, 113, 112, 99, 86, 85, 84, 83, 82, 81, 80, 79, 92, 105, 106, 107, 108, 109, 122, 135, 134, 133, 132, 131, 130, 143, 156, 157, 158, 159, 160, 161, 162, 163, 164, 165, 152, 139, 140, 141, 142, 155, 168]
[00:00:04:01:850] ! Bidirectional. expansions: 98,195, time: 241,850 [ms], path length: 90 [edges], g_F: 45, g_B: 45, generated: {'F': 151,802, 'B': 111,570}, MM: 0, MMPER: -1.0%
[00:00:04:01:850] 
---------- mazes/13x13_maze_with_1_open_diamonds_2 ----------
[00:00:03:44:211] Valid states checked so far: 200,000, Expansions: 54,942, Global best: 0
[00:00:03:44:676] Path of length 92 found: [0, 1, 2, 3, 4, 17, 30, 43, 56, 55, 54, 41, 28, 27, 26, 39, 52, 65, 78, 79, 80, 81, 82, 83, 70, 57, 58, 45, 32, 19, 6, 7, 8, 9, 10, 11, 12, 25, 38, 37, 36, 49, 62, 61, 60, 59, 72, 71, 84, 85, 98, 99, 86, 87, 88, 89, 90, 103, 116, 115, 114, 113, 112, 111, 110, 97, 96, 109, 122, 135, 134, 133, 132, 131, 130, 143, 156, 157, 158, 159, 160, 161, 162, 163, 164, 165, 152, 139, 140, 141, 142, 155, 168]
[00:00:03:44:677] ! Unidirectional s-t. expansions: 55,034, time: 224,676 [ms], path length: 92 [edges], generated: 200,355
[00:00:03:25:857] Valid states checked so far: 200,000, Expansions: 59,226, Global best: 81
[00:00:03:51:181] Path of length 92 found: [168, 155, 142, 141, 140, 139, 152, 165, 164, 163, 162, 161, 160, 159, 158, 157, 156, 143, 130, 131, 132, 133, 134, 135, 122, 109, 108, 107, 106, 105, 92, 79, 78, 65, 52, 39, 26, 27, 28, 41, 54, 55, 56, 57, 70, 83, 96, 97, 110, 111, 98, 99, 112, 113, 114, 115, 116, 103, 90, 89, 88, 87, 86, 85, 84, 71, 72, 59, 60, 61, 62, 63, 64, 51, 38, 25, 12, 11, 10, 9, 8, 7, 6, 19, 32, 31, 30, 17, 4, 3, 2, 1, 0]
[00:00:03:51:184] ! Unidirectional t-s. expansions: 67,038, time: 231,181 [ms], path length: 92 [edges], generated: 226,049
[00:00:00:20:117] Path of length 92 found: [0, 1, 2, 3, 4, 17, 30, 31, 32, 19, 6, 7, 8, 9, 10, 11, 12, 25, 38, 37, 36, 49, 62, 61, 60, 59, 58, 71, 72, 85, 98, 99, 86, 87, 88, 89, 90, 103, 116, 115, 114, 113, 112, 111, 110, 97, 84, 83, 70, 57, 56, 55, 54, 41, 28, 27, 26, 39, 52, 65, 78, 79, 92, 105, 106, 107, 108, 109, 122, 135, 134, 133, 132, 131, 130, 143, 156, 157, 158, 159, 160, 161, 162, 163, 164, 165, 152, 139, 140, 141, 142, 155, 168]
[00:00:00:20:118] ! Bidirectional. expansions: 8,961, time: 20,117 [ms], path length: 92 [edges], g_F: 46, g_B: 46, generated: {'F': 15,146, 'B': 13,770}, MM: 0, MMPER: -1.0%
[00:00:00:20:118] 
---------- mazes/13x13_maze_with_1_open_diamonds_3 ----------
[00:00:02:26:898] Path of length 90 found: [0, 1, 2, 3, 4, 17, 30, 43, 56, 55, 54, 41, 28, 27, 26, 39, 52, 65, 78, 79, 80, 81, 82, 83, 84, 71, 58, 45, 32, 19, 6, 7, 8, 9, 10, 11, 12, 25, 38, 37, 36, 49, 62, 61, 74, 87, 86, 85, 98, 99, 100, 101, 88, 89, 90, 103, 102, 115, 116, 129, 142, 141, 140, 139, 126, 113, 112, 111, 110, 109, 122, 135, 134, 133, 132, 131, 130, 143, 156, 157, 158, 159, 160, 161, 162, 163, 164, 165, 166, 167, 168]
[00:00:02:26:899] ! Unidirectional s-t. expansions: 37,387, time: 146,898 [ms], path length: 90 [edges], generated: 138,518
[00:00:04:05:418] Valid states checked so far: 200,000, Expansions: 62,498, Global best: 59
[00:00:07:48:237] Valid states checked so far: 400,000, Expansions: 122,856, Global best: 59
[00:00:10:36:547] Path of length 90 found: [168, 167, 166, 165, 164, 163, 162, 161, 160, 159, 158, 157, 156, 143, 130, 131, 132, 133, 134, 135, 122, 109, 108, 107, 106, 105, 92, 79, 78, 65, 52, 39, 26, 27, 28, 41, 54, 55, 56, 57, 58, 71, 84, 85, 98, 111, 112, 113, 126, 139, 140, 141, 142, 129, 116, 103, 90, 89, 102, 115, 114, 101, 100, 99, 86, 87, 74, 61, 62, 63, 64, 51, 38, 25, 12, 11, 10, 9, 8, 7, 6, 19, 32, 31, 30, 17, 4, 3, 2, 1, 0]
[00:00:10:36:548] ! Unidirectional t-s. expansions: 169,711, time: 636,547 [ms], path length: 90 [edges], generated: 555,949
[00:00:03:22:783] Path of length 90 found: [0, 1, 2, 3, 4, 17, 30, 43, 56, 55, 54, 41, 28, 27, 26, 39, 52, 65, 78, 79, 80, 81, 82, 83, 84, 71, 58, 45, 32, 19, 6, 7, 8, 9, 10, 11, 12, 25, 38, 37, 36, 49, 62, 61, 74, 87, 88, 101, 114, 115, 102, 89, 90, 103, 116, 129, 142, 141, 140, 139, 126, 113, 112, 99, 86, 85, 98, 111, 110, 109, 122, 135, 134, 133, 132, 131, 130, 143, 156, 157, 158, 159, 160, 161, 162, 163, 164, 165, 166, 167, 168]
[00:00:03:22:783] ! Bidirectional. expansions: 78,498, time: 202,783 [ms], path length: 90 [edges], g_F: 45, g_B: 45, generated: {'F': 110,910, 'B': 121,041}, MM: 0, MMPER: -1.0%
[00:00:03:22:783] 
---------- mazes/13x13_maze_with_1_open_diamonds_4 ----------
[00:00:03:50:697] Valid states checked so far: 200,000, Expansions: 52,105, Global best: 0
[00:00:06:30:974] Path of length 92 found: [0, 1, 2, 3, 4, 17, 30, 43, 56, 55, 54, 41, 28, 27, 26, 39, 52, 65, 78, 79, 80, 81, 82, 95, 108, 107, 106, 119, 132, 131, 130, 143, 156, 157, 158, 159, 160, 161, 162, 163, 150, 137, 136, 135, 134, 133, 120, 121, 122, 109, 110, 111, 112, 99, 86, 85, 84, 71, 58, 45, 32, 19, 6, 7, 8, 9, 10, 11, 12, 25, 38, 37, 36, 49, 62, 61, 74, 87, 88, 89, 90, 103, 116, 129, 142, 141, 140, 139, 152, 165, 166, 167, 168]
[00:00:06:30:975] ! Unidirectional s-t. expansions: 91,087, time: 390,974 [ms], path length: 92 [edges], generated: 346,346
[00:00:04:06:354] Valid states checked so far: 200,000, Expansions: 58,863, Global best: 61
[00:00:08:03:843] Valid states checked so far: 400,000, Expansions: 118,198, Global best: 61
[00:00:11:53:482] Valid states checked so far: 600,000, Expansions: 176,711, Global best: 61
[00:00:15:37:481] Valid states checked so far: 800,000, Expansions: 235,411, Global best: 81
[00:00:17:23:635] Path of length 92 found: [168, 167, 166, 165, 152, 139, 140, 141, 142, 129, 116, 103, 90, 89, 88, 87, 74, 61, 62, 63, 64, 51, 38, 25, 12, 11, 10, 9, 8, 7, 6, 19, 32, 45, 58, 71, 84, 85, 86, 99, 112, 111, 110, 109, 122, 123, 136, 137, 150, 163, 162, 161, 160, 159, 158, 157, 156, 143, 130, 131, 132, 119, 106, 107, 120, 133, 134, 121, 108, 95, 82, 81, 80, 79, 78, 65, 52, 39, 26, 27, 28, 41, 54, 55, 56, 43, 30, 17, 4, 3, 2, 1, 0]
[00:00:17:23:635] ! Unidirectional t-s. expansions: 263,401, time: 1,043,635 [ms], path length: 92 [edges], generated: 894,723
[00:00:02:17:899] Path of length 92 found: [0, 1, 2, 3, 4, 17, 30, 43, 56, 55, 54, 41, 28, 27, 26, 39, 52, 65, 78, 79, 80, 81, 82, 95, 108, 107, 106, 119, 132, 131, 130, 143, 156, 157, 158, 159, 160, 161, 162, 163, 150, 137, 136, 135, 134, 133, 120, 121, 122, 109, 110, 111, 112, 99, 86, 85, 84, 71, 58, 45, 32, 19, 6, 7, 8, 9, 10, 11, 12, 25, 38, 51, 64, 63, 62, 61, 74, 87, 88, 89, 90, 103, 116, 129, 142, 141, 140, 139, 152, 165, 166, 167, 168]
[00:00:02:17:900] ! Bidirectional. expansions: 58,413, time: 137,899 [ms], path length: 92 [edges], g_F: 46, g_B: 46, generated: {'F': 88,645, 'B': 93,237}, MM: 0, MMPER: -1.0%
[00:00:02:17:900] 
---------- mazes/13x13_maze_with_1_open_diamonds_5 ----------
[00:00:03:54:092] Valid states checked so far: 200,000, Expansions: 56,549, Global best: 0
[00:00:06:52:203] Path of length 92 found: [0, 1, 2, 3, 4, 17, 30, 43, 56, 55, 54, 41, 28, 27, 26, 39, 52, 65, 78, 79, 80, 81, 94, 107, 106, 105, 118, 131, 130, 143, 156, 157, 158, 159, 160, 161, 162, 163, 150, 137, 136, 135, 134, 133, 132, 119, 120, 121, 108, 109, 110, 111, 112, 99, 86, 85, 84, 71, 58, 45, 32, 19, 6, 7, 8, 9, 10, 11, 12, 25, 38, 37, 36, 49, 62, 61, 74, 87, 88, 89, 90, 103, 116, 129, 142, 141, 140, 139, 152, 165, 166, 167, 168]
[00:00:06:52:203] ! Unidirectional s-t. expansions: 103,629, time: 412,203 [ms], path length: 92 [edges], generated: 364,742
[00:00:04:02:990] Valid states checked so far: 200,000, Expansions: 60,328, Global best: 61
[00:00:07:51:568] Valid states checked so far: 400,000, Expansions: 120,604, Global best: 61
[00:00:11:38:422] Valid states checked so far: 600,000, Expansions: 180,806, Global best: 61
[00:00:15:17:118] Path of length 92 found: [168, 167, 166, 165, 152, 139, 140, 141, 142, 129, 116, 103, 90, 89, 88, 87, 74, 61, 62, 63, 64, 51, 38, 25, 12, 11, 10, 9, 8, 7, 6, 19, 32, 45, 58, 71, 84, 85, 86, 99, 112, 111, 110, 109, 108, 121, 122, 135, 136, 137, 150, 163, 162, 161, 160, 159, 158, 157, 156, 143, 130, 131, 118, 105, 106, 119, 132, 133, 120, 107, 94, 81, 80, 79, 78, 65, 52, 39, 26, 27, 28, 41, 54, 55, 56, 43, 30, 17, 4, 3, 2, 1, 0]
[00:00:15:17:118] ! Unidirectional t-s. expansions: 238,843, time: 917,118 [ms], path length: 92 [edges], generated: 795,097
[00:00:02:15:491] Path of length 92 found: [0, 1, 2, 3, 4, 17, 30, 43, 56, 55, 54, 41, 28, 27, 26, 39, 52, 65, 78, 79, 80, 81, 94, 107, 106, 105, 118, 119, 120, 133, 132, 131, 130, 143, 156, 157, 158, 159, 160, 161, 162, 163, 150, 137, 136, 135, 122, 121, 108, 109, 110, 111, 112, 99, 86, 85, 84, 71, 58, 45, 32, 19, 6, 7, 8, 9, 10, 11, 12, 25, 38, 51, 64, 63, 62, 61, 74, 87, 88, 89, 90, 103, 116, 129, 142, 141, 140, 139, 152, 165, 166, 167, 168]
[00:00:02:15:492] ! Bidirectional. expansions: 56,222, time: 135,491 [ms], path length: 92 [edges], g_F: 46, g_B: 46, generated: {'F': 88,625, 'B': 88,962}, MM: 0, MMPER: -1.0%
[00:00:02:15:492] 
---------- mazes/13x13_maze_with_1_open_diamonds_6 ----------
[00:00:02:39:337] Path of length 92 found: [0, 1, 2, 3, 4, 17, 30, 43, 56, 55, 54, 41, 28, 27, 26, 39, 52, 65, 78, 79, 80, 81, 82, 83, 84, 71, 58, 45, 32, 19, 6, 7, 8, 9, 10, 11, 12, 25, 38, 51, 64, 63, 62, 49, 36, 35, 34, 47, 60, 59, 72, 85, 86, 73, 74, 87, 88, 89, 90, 103, 116, 115, 114, 113, 112, 111, 110, 109, 122, 135, 134, 133, 132, 131, 130, 143, 156, 157, 158, 159, 160, 161, 162, 163, 164, 165, 152, 139, 140, 141, 142, 155, 168]
[00:00:02:39:338] ! Unidirectional s-t. expansions: 37,709, time: 159,337 [ms], path length: 92 [edges], generated: 138,586
[00:00:00:59:020] Path of length 92 found: [168, 155, 142, 141, 140, 139, 152, 165, 164, 163, 162, 161, 160, 159, 158, 157, 156, 143, 130, 131, 132, 133, 134, 135, 122, 109, 108, 107, 106, 105, 92, 79, 78, 65, 52, 39, 26, 27, 28, 41, 54, 55, 56, 57, 58, 71, 84, 85, 72, 73, 86, 99, 112, 113, 114, 115, 116, 103, 90, 89, 88, 87, 74, 61, 60, 47, 34, 35, 36, 49, 62, 63, 64, 51, 38, 25, 12, 11, 10, 9, 8, 7, 6, 19, 32, 31, 30, 17, 4, 3, 2, 1, 0]
[00:00:00:59:020] ! Unidirectional t-s. expansions: 17,094, time: 59,020 [ms], path length: 92 [edges], generated: 61,763
[00:00:00:09:191] Path of length 92 found: [0, 1, 2, 3, 4, 17, 30, 43, 56, 55, 54, 41, 28, 27, 26, 39, 52, 65, 78, 79, 80, 81, 82, 83, 84, 71, 58, 45, 32, 19, 6, 7, 8, 9, 10, 11, 12, 25, 38, 51, 64, 63, 62, 49, 36, 35, 34, 47, 60, 59, 72, 85, 86, 87, 74, 75, 88, 89, 90, 103, 116, 115, 114, 113, 112, 111, 110, 109, 122, 135, 134, 133, 132, 131, 130, 143, 156, 157, 158, 159, 160, 161, 162, 163, 164, 165, 152, 139, 140, 141, 142, 155, 168]
[00:00:00:09:191] ! Bidirectional. expansions: 4,513, time: 9,191 [ms], path length: 92 [edges], g_F: 46, g_B: 46, generated: {'F': 7,375, 'B': 6,317}, MM: 0, MMPER: -1.0%
[00:00:00:09:192] 
---------- mazes/13x13_maze_with_1_open_diamonds_7 ----------
[00:00:03:45:378] Path of length 94 found: [0, 1, 2, 3, 4, 17, 30, 31, 32, 19, 6, 7, 20, 21, 8, 9, 10, 11, 12, 25, 38, 51, 64, 63, 62, 49, 36, 35, 34, 33, 46, 47, 60, 61, 74, 87, 88, 89, 90, 103, 116, 115, 114, 113, 112, 99, 86, 85, 84, 71, 58, 57, 56, 55, 54, 41, 28, 27, 26, 39, 52, 65, 78, 79, 92, 105, 106, 107, 108, 109, 122, 135, 134, 133, 132, 131, 130, 143, 156, 157, 158, 159, 160, 161, 162, 163, 164, 165, 152, 139, 140, 141, 142, 155, 168]
[00:00:03:45:378] ! Unidirectional s-t. expansions: 52,600, time: 225,378 [ms], path length: 94 [edges], generated: 176,412
[00:00:00:12:231] Path of length 94 found: [168, 155, 142, 141, 140, 139, 152, 165, 164, 163, 162, 161, 160, 159, 158, 157, 156, 143, 130, 131, 132, 133, 134, 135, 122, 109, 108, 107, 106, 105, 92, 79, 78, 65, 52, 39, 26, 27, 28, 41, 54, 55, 56, 57, 58, 71, 84, 85, 86, 99, 112, 113, 114, 115, 116, 103, 90, 89, 88, 87, 74, 61, 60, 59, 46, 47, 34, 35, 36, 49, 62, 63, 64, 51, 38, 25, 12, 11, 10, 9, 8, 21, 20, 7, 6, 19, 32, 31, 30, 17, 4, 3, 2, 1, 0]
[00:00:00:12:232] ! Unidirectional t-s. expansions: 3,655, time: 12,231 [ms], path length: 94 [edges], generated: 13,975
[00:00:00:24:779] Path of length 94 found: [0, 1, 2, 3, 4, 17, 30, 31, 32, 19, 6, 7, 20, 21, 8, 9, 10, 11, 12, 25, 38, 51, 64, 63, 62, 49, 36, 35, 34, 33, 46, 47, 60, 61, 74, 87, 88, 89, 90, 103, 116, 115, 114, 113, 112, 99, 86, 85, 84, 71, 58, 57, 56, 55, 54, 41, 28, 27, 26, 39, 52, 65, 78, 79, 92, 105, 106, 107, 108, 109, 122, 135, 134, 133, 132, 131, 130, 143, 156, 157, 158, 159, 160, 161, 162, 163, 164, 165, 152, 139, 140, 141, 142, 155, 168]
[00:00:00:24:780] ! Bidirectional. expansions: 10,695, time: 24,779 [ms], path length: 94 [edges], g_F: 47, g_B: 47, generated: {'F': 15,872, 'B': 12,785}, MM: 0, MMPER: -1.0%
[00:00:00:24:780] 
---------- mazes/13x13_maze_with_1_open_diamonds_8 ----------
[00:00:03:42:472] Path of length 94 found: [0, 1, 2, 3, 4, 17, 30, 31, 32, 19, 6, 7, 20, 21, 8, 9, 10, 11, 12, 25, 38, 51, 64, 63, 62, 49, 36, 35, 34, 33, 46, 47, 60, 61, 74, 87, 88, 89, 90, 103, 116, 115, 114, 113, 112, 99, 86, 85, 84, 71, 58, 57, 56, 55, 54, 41, 28, 27, 26, 39, 52, 65, 78, 79, 92, 105, 106, 107, 108, 109, 122, 135, 134, 133, 132, 131, 130, 143, 156, 157, 158, 159, 160, 161, 162, 163, 164, 165, 152, 139, 140, 141, 142, 155, 168]
[00:00:03:42:473] ! Unidirectional s-t. expansions: 52,600, time: 222,472 [ms], path length: 94 [edges], generated: 176,412
[00:00:00:12:678] Path of length 94 found: [168, 155, 142, 141, 140, 139, 152, 165, 164, 163, 162, 161, 160, 159, 158, 157, 156, 143, 130, 131, 132, 133, 134, 135, 122, 109, 108, 107, 106, 105, 92, 79, 78, 65, 52, 39, 26, 27, 28, 41, 54, 55, 56, 57, 58, 71, 84, 85, 86, 99, 112, 113, 114, 115, 116, 103, 90, 89, 88, 87, 74, 61, 60, 59, 46, 47, 34, 35, 36, 49, 62, 63, 64, 51, 38, 25, 12, 11, 10, 9, 8, 21, 20, 7, 6, 19, 32, 31, 30, 17, 4, 3, 2, 1, 0]
[00:00:00:12:678] ! Unidirectional t-s. expansions: 3,655, time: 12,678 [ms], path length: 94 [edges], generated: 13,975
[00:00:00:24:664] Path of length 94 found: [0, 1, 2, 3, 4, 17, 30, 31, 32, 19, 6, 7, 20, 21, 8, 9, 10, 11, 12, 25, 38, 51, 64, 63, 62, 49, 36, 35, 34, 33, 46, 47, 60, 61, 74, 87, 88, 89, 90, 103, 116, 115, 114, 113, 112, 99, 86, 85, 84, 71, 58, 57, 56, 55, 54, 41, 28, 27, 26, 39, 52, 65, 78, 79, 92, 105, 106, 107, 108, 109, 122, 135, 134, 133, 132, 131, 130, 143, 156, 157, 158, 159, 160, 161, 162, 163, 164, 165, 152, 139, 140, 141, 142, 155, 168]
[00:00:00:24:664] ! Bidirectional. expansions: 10,695, time: 24,664 [ms], path length: 94 [edges], g_F: 47, g_B: 47, generated: {'F': 15,872, 'B': 12,785}, MM: 0, MMPER: -1.0%
[00:00:00:24:664] 
---------- mazes/13x13_maze_with_1_open_diamonds_9 ----------
[00:00:03:28:620] Valid states checked so far: 200,000, Expansions: 50,262, Global best: 69
[00:00:05:25:806] Path of length 92 found: [0, 1, 2, 3, 4, 17, 30, 43, 56, 55, 54, 41, 28, 27, 26, 39, 52, 65, 78, 79, 92, 105, 106, 107, 108, 109, 122, 135, 134, 133, 132, 131, 130, 143, 156, 157, 158, 159, 160, 161, 162, 163, 150, 137, 136, 123, 110, 111, 124, 125, 126, 113, 112, 99, 98, 85, 84, 71, 58, 45, 32, 19, 6, 7, 8, 9, 10, 11, 12, 25, 38, 37, 36, 49, 62, 61, 74, 87, 88, 89, 90, 103, 116, 129, 142, 141, 140, 139, 152, 165, 166, 167, 168]
[00:00:05:25:806] ! Unidirectional s-t. expansions: 83,167, time: 325,806 [ms], path length: 92 [edges], generated: 320,143
[00:00:04:06:078] Valid states checked so far: 200,000, Expansions: 64,083, Global best: 61
[00:00:08:06:745] Valid states checked so far: 400,000, Expansions: 129,457, Global best: 61
[00:00:11:57:527] Valid states checked so far: 600,000, Expansions: 193,215, Global best: 61
[00:00:15:44:581] Valid states checked so far: 800,000, Expansions: 256,914, Global best: 61
[00:00:19:29:144] Valid states checked so far: 1,000,000, Expansions: 320,283, Global best: 61
[00:00:23:08:932] Valid states checked so far: 1,200,000, Expansions: 383,535, Global best: 61
[00:00:26:42:477] Valid states checked so far: 1,400,000, Expansions: 444,896, Global best: 61
[00:00:30:17:245] Valid states checked so far: 1,600,000, Expansions: 507,542, Global best: 61
[00:00:33:47:549] Valid states checked so far: 1,800,000, Expansions: 569,075, Global best: 61
[00:00:37:21:622] Valid states checked so far: 2,000,000, Expansions: 631,459, Global best: 81
[00:00:40:46:846] Valid states checked so far: 2,200,000, Expansions: 691,768, Global best: 81
[00:00:43:32:004] Path of length 92 found: [168, 167, 166, 165, 152, 139, 140, 141, 142, 129, 116, 103, 90, 89, 88, 87, 74, 61, 62, 63, 64, 51, 38, 25, 12, 11, 10, 9, 8, 7, 6, 19, 32, 45, 58, 71, 84, 85, 86, 99, 98, 111, 112, 113, 126, 125, 138, 137, 150, 163, 162, 161, 160, 159, 158, 157, 156, 143, 130, 131, 132, 133, 134, 135, 136, 123, 110, 109, 108, 107, 106, 105, 92, 79, 78, 65, 52, 39, 26, 27, 28, 41, 54, 55, 56, 43, 30, 17, 4, 3, 2, 1, 0]
[00:00:43:32:004] ! Unidirectional t-s. expansions: 739,588, time: 2,612,004 [ms], path length: 92 [edges], generated: 2,353,967
[00:00:05:39:589] Path of length 92 found: [0, 1, 2, 3, 4, 17, 30, 43, 56, 55, 54, 41, 28, 27, 26, 39, 52, 65, 78, 79, 92, 105, 106, 107, 108, 109, 122, 123, 136, 135, 134, 133, 132, 131, 130, 143, 156, 157, 158, 159, 160, 161, 162, 163, 150, 137, 124, 125, 126, 113, 112, 111, 98, 99, 86, 85, 84, 71, 58, 45, 32, 19, 6, 7, 8, 9, 10, 11, 12, 25, 38, 51, 64, 63, 62, 61, 74, 87, 88, 89, 90, 103, 116, 129, 142, 141, 140, 139, 152, 165, 166, 167, 168]
[00:00:05:39:591] ! Bidirectional. expansions: 146,222, time: 339,589 [ms], path length: 92 [edges], g_F: 46, g_B: 46, generated: {'F': 236,281, 'B': 232,401}, MM: 0, MMPER: -1.0%
[00:00:05:39:591] average expansions: (76,597, 189,440, 53,636, 0)
[00:00:05:39:591] average time: (317,579, 691,174, 129,453, 0)
[00:00:05:39:591] XIDA: 76,597 , 317,579 (expansions , time[ms])
[00:00:05:39:591] BiXIDA: 53,636 , 129,453 (expansions , time[ms])

