--------------------------
date: SM_Grids
number_of_graphs: 10
graph_type: grid
size_of_graphs: [9, 9]
heuristic: bcc_heuristic
snake: True
run_uni: True
run_bi: True
run_multi: False
solution_vertices: []
algorithms: ['XMM']
lookahead: 4
bsd: False
cube_first_dims: 4
cube_buffer_dim: None
backward_sym_generation: False
sym_coil: False
prefix_set: None

---------- SM_Grids/9x9_grid_with_random_blocks_12per_0 ----------
[00:00:00:27:560] Path of length 46 found: [0, 1, 2, 3, 4, 5, 6, 7, 16, 17, 26, 35, 44, 53, 52, 51, 42, 33, 24, 23, 22, 21, 20, 19, 18, 27, 36, 45, 54, 63, 72, 73, 74, 65, 56, 47, 48, 49, 58, 67, 76, 77, 78, 69, 70, 71, 80]
[00:00:00:27:561] ! Unidirectional s-t. expansions: 5,505, time: 27,560 [ms], path length: 46 [edges], generated: 10,180
[00:00:00:23:255] Path of length 46 found: [80, 71, 70, 69, 78, 77, 76, 67, 58, 49, 48, 47, 56, 65, 74, 73, 72, 63, 54, 45, 36, 27, 28, 29, 20, 21, 22, 23, 24, 33, 42, 51, 52, 53, 44, 35, 26, 17, 8, 7, 6, 5, 4, 3, 2, 1, 0]
[00:00:00:23:257] ! Unidirectional t-s. expansions: 4,965, time: 23,255 [ms], path length: 46 [edges], generated: 8,138
[00:00:00:00:228] Expansion 30: New longest path found with length 22: [0, 1, 10, 19, 18, 27, 36, 45, 54, 63, 72, 73, 74, 65, 66, 67, 76, 77, 78, 69, 70, 71, 80]. g_F=13, g_B=9, f_max=54, generated=49
[00:00:00:00:633] Expansion 90: New longest path found with length 24: [0, 1, 10, 19, 18, 27, 36, 45, 54, 63, 72, 73, 74, 65, 56, 57, 58, 67, 76, 77, 78, 69, 70, 71, 80]. g_F=14, g_B=10, f_max=53, generated=152
[00:00:00:00:664] Expansion 95: New longest path found with length 30: [0, 1, 2, 3, 4, 5, 14, 23, 22, 21, 20, 19, 18, 27, 36, 45, 54, 63, 72, 73, 74, 65, 66, 67, 76, 77, 78, 69, 70, 71, 80]. g_F=14, g_B=16, f_max=53, generated=160
[00:00:00:01:319] Expansion 213: New longest path found with length 32: [80, 71, 70, 69, 78, 77, 76, 67, 58, 57, 56, 65, 74, 73, 72, 63, 54, 45, 36, 27, 18, 19, 20, 21, 22, 23, 14, 5, 4, 3, 2, 1, 0]. g_F=16, g_B=16, f_max=52, generated=343
[00:00:00:02:334] Expansion 388: New longest path found with length 40: [80, 71, 70, 61, 52, 53, 44, 35, 26, 17, 8, 7, 6, 5, 14, 23, 24, 33, 42, 41, 50, 59, 68, 67, 66, 65, 74, 73, 72, 63, 54, 45, 46, 47, 38, 29, 28, 19, 10, 1, 0]. g_F=23, g_B=17, f_max=51, generated=646
[00:00:00:03:318] Expansion 567: New longest path found with length 42: [0, 1, 2, 3, 4, 5, 6, 7, 16, 17, 26, 35, 44, 53, 52, 51, 42, 33, 24, 23, 22, 21, 20, 19, 18, 27, 36, 45, 54, 63, 72, 73, 74, 65, 66, 67, 76, 77, 78, 69, 70, 71, 80]. g_F=22, g_B=20, f_max=51, generated=954
[00:00:00:04:537] Expansion 784: New longest path found with length 46: [80, 71, 70, 69, 78, 77, 76, 67, 58, 49, 48, 47, 56, 65, 74, 73, 72, 63, 54, 45, 36, 27, 28, 29, 20, 21, 22, 23, 24, 33, 42, 51, 52, 53, 44, 35, 26, 17, 16, 7, 6, 5, 4, 3, 2, 1, 0]. g_F=23, g_B=23, f_max=50, generated=1,315
[00:00:00:45:047] Path of length 46 found: [80, 71, 70, 69, 78, 77, 76, 67, 58, 49, 48, 47, 56, 65, 74, 73, 72, 63, 54, 45, 36, 27, 28, 29, 20, 21, 22, 23, 24, 33, 42, 51, 52, 53, 44, 35, 26, 17, 16, 7, 6, 5, 4, 3, 2, 1, 0]
[00:00:00:45:625] ! Bidirectional. expansions: 7,994, time: 45,047 [ms], path length: 46 [edges], g_F: 23, g_B: 23, generated: 14,093, MM: 0, MMPER: -1.0%
[00:00:00:45:625] 
---------- SM_Grids/9x9_grid_with_random_blocks_12per_1 ----------
[00:00:00:44:649] Path of length 46 found: [0, 9, 10, 11, 2, 3, 4, 5, 6, 15, 16, 25, 26, 35, 44, 53, 62, 61, 60, 51, 42, 33, 32, 23, 22, 21, 30, 29, 38, 37, 46, 45, 54, 63, 72, 73, 74, 65, 56, 57, 58, 67, 76, 77, 78, 79, 80]
[00:00:00:44:651] ! Unidirectional s-t. expansions: 9,277, time: 44,649 [ms], path length: 46 [edges], generated: 15,732
[00:00:00:33:258] Path of length 46 found: [80, 71, 62, 53, 44, 35, 26, 17, 8, 7, 6, 5, 4, 13, 22, 23, 32, 33, 42, 51, 60, 69, 78, 77, 76, 75, 74, 73, 72, 63, 54, 45, 46, 47, 56, 57, 58, 49, 40, 39, 30, 29, 20, 11, 2, 1, 0]
[00:00:00:33:260] ! Unidirectional t-s. expansions: 6,579, time: 33,258 [ms], path length: 46 [edges], generated: 11,422
[00:00:00:01:136] Expansion 187: New longest path found with length 22: [0, 9, 10, 19, 20, 29, 38, 37, 46, 45, 54, 63, 72, 73, 74, 75, 76, 67, 68, 69, 78, 79, 80]. g_F=7, g_B=15, f_max=53, generated=295
[00:00:00:01:141] Expansion 188: New longest path found with length 24: [0, 9, 10, 19, 20, 29, 38, 37, 46, 45, 54, 63, 72, 73, 74, 75, 76, 77, 78, 69, 60, 61, 62, 71, 80]. g_F=8, g_B=16, f_max=53, generated=296
[00:00:00:01:174] Expansion 195: New longest path found with length 26: [0, 9, 10, 19, 20, 29, 38, 37, 46, 45, 54, 63, 72, 73, 74, 65, 66, 67, 76, 77, 78, 69, 60, 61, 62, 71, 80]. g_F=15, g_B=11, f_max=53, generated=305
[00:00:00:04:386] Expansion 793: New longest path found with length 28: [80, 71, 62, 61, 60, 69, 78, 77, 76, 67, 58, 57, 56, 65, 74, 73, 72, 63, 54, 45, 46, 37, 38, 29, 20, 19, 10, 9, 0]. g_F=12, g_B=16, f_max=51, generated=1,220
[00:00:00:07:601] Expansion 1,005: New longest path found with length 36: [0, 9, 10, 11, 2, 3, 4, 5, 6, 15, 16, 25, 26, 35, 44, 53, 62, 61, 60, 59, 58, 57, 56, 47, 46, 45, 54, 63, 72, 73, 74, 75, 76, 77, 78, 79, 80]. g_F=17, g_B=19, f_max=52, generated=1,526
[00:00:00:10:643] Expansion 1,554: New longest path found with length 40: [80, 71, 62, 53, 44, 35, 26, 17, 8, 7, 6, 5, 4, 13, 22, 23, 32, 33, 42, 51, 60, 69, 78, 77, 76, 75, 74, 73, 72, 63, 54, 45, 46, 37, 38, 29, 20, 19, 10, 9, 0]. g_F=24, g_B=16, f_max=50, generated=2,528
[00:00:00:12:162] Expansion 1,859: New longest path found with length 42: [0, 9, 10, 19, 20, 29, 38, 37, 46, 45, 54, 63, 72, 73, 74, 65, 56, 57, 48, 49, 40, 41, 32, 23, 22, 13, 4, 5, 6, 7, 8, 17, 26, 35, 44, 53, 62, 61, 60, 69, 78, 79, 80]. g_F=22, g_B=20, f_max=50, generated=2,979
[00:00:00:12:171] Expansion 1,861: New longest path found with length 44: [0, 9, 10, 19, 20, 29, 38, 37, 46, 45, 54, 63, 72, 73, 74, 65, 56, 57, 48, 49, 40, 41, 32, 23, 22, 13, 4, 5, 6, 7, 8, 17, 26, 35, 44, 53, 62, 61, 60, 59, 68, 77, 78, 79, 80]. g_F=24, g_B=20, f_max=50, generated=2,982
[00:00:00:12:214] Expansion 1,872: New longest path found with length 46: [0, 9, 10, 11, 2, 3, 4, 5, 6, 15, 16, 25, 26, 35, 44, 53, 62, 61, 60, 51, 42, 33, 32, 23, 22, 21, 30, 39, 38, 37, 46, 45, 54, 63, 72, 73, 74, 65, 56, 57, 58, 67, 68, 77, 78, 79, 80]. g_F=25, g_B=21, f_max=51, generated=2,998
[00:00:00:59:996] Path of length 46 found: [0, 9, 10, 11, 2, 3, 4, 5, 6, 15, 16, 25, 26, 35, 44, 53, 62, 61, 60, 51, 42, 33, 32, 23, 22, 21, 30, 39, 38, 37, 46, 45, 54, 63, 72, 73, 74, 65, 56, 57, 58, 67, 68, 77, 78, 79, 80]
[00:00:01:00:592] ! Bidirectional. expansions: 10,811, time: 59,998 [ms], path length: 46 [edges], g_F: 25, g_B: 21, generated: 19,433, MM: 4, MMPER: 7.51063829787234%
[00:00:01:00:592] 
---------- SM_Grids/9x9_grid_with_random_blocks_12per_2 ----------
[00:00:00:51:230] Expansion 10,000: state None, f=45, g=16
[00:00:00:55:816] Path of length 44 found: [0, 9, 18, 27, 28, 29, 20, 11, 12, 13, 22, 31, 40, 39, 48, 47, 46, 55, 64, 73, 74, 75, 66, 67, 58, 59, 50, 51, 42, 33, 24, 15, 6, 7, 8, 17, 26, 35, 44, 53, 62, 61, 70, 79, 80]
[00:00:00:55:818] ! Unidirectional s-t. expansions: 10,777, time: 55,816 [ms], path length: 44 [edges], generated: 18,738
[00:00:00:48:152] Expansion 10,000: state None, f=45, g=12
[00:00:00:48:928] Path of length 44 found: [80, 79, 78, 69, 60, 61, 62, 53, 44, 43, 42, 33, 24, 25, 26, 17, 8, 7, 6, 5, 14, 13, 22, 31, 40, 39, 48, 57, 58, 67, 76, 75, 74, 65, 64, 55, 46, 37, 28, 29, 20, 11, 2, 1, 0]
[00:00:00:48:931] ! Unidirectional t-s. expansions: 10,170, time: 48,929 [ms], path length: 44 [edges], generated: 16,977
[00:00:00:03:703] Expansion 48: New longest path found with length 22: [0, 1, 2, 3, 12, 13, 14, 5, 6, 7, 8, 17, 26, 25, 24, 33, 42, 43, 44, 53, 62, 71, 80]. g_F=4, g_B=18, f_max=54, generated=82
[00:00:00:04:065] Expansion 108: New longest path found with length 26: [0, 9, 18, 27, 28, 29, 20, 21, 22, 13, 14, 5, 6, 7, 8, 17, 26, 25, 24, 33, 42, 43, 44, 53, 62, 71, 80]. g_F=6, g_B=20, f_max=53, generated=184
[00:00:00:04:408] Expansion 166: New longest path found with length 30: [80, 79, 78, 77, 76, 67, 58, 59, 60, 61, 62, 53, 44, 43, 42, 33, 24, 25, 26, 17, 8, 7, 6, 5, 14, 13, 12, 3, 2, 1, 0]. g_F=23, g_B=7, f_max=52, generated=286
[00:00:00:04:765] Expansion 224: New longest path found with length 34: [0, 9, 18, 27, 28, 29, 20, 11, 12, 13, 14, 5, 6, 7, 8, 17, 26, 25, 24, 33, 42, 43, 44, 53, 62, 61, 60, 59, 58, 67, 76, 77, 78, 79, 80]. g_F=8, g_B=26, f_max=52, generated=377
[00:00:00:06:100] Expansion 451: New longest path found with length 36: [80, 71, 62, 53, 44, 35, 26, 17, 8, 7, 6, 15, 24, 33, 42, 51, 60, 69, 78, 77, 76, 67, 58, 49, 40, 31, 22, 13, 12, 11, 20, 29, 28, 27, 18, 9, 0]. g_F=23, g_B=13, f_max=50, generated=762
[00:00:00:06:106] Expansion 452: New longest path found with length 38: [80, 71, 62, 53, 44, 35, 26, 17, 8, 7, 6, 15, 24, 33, 42, 51, 60, 69, 78, 77, 76, 67, 58, 57, 48, 39, 40, 31, 22, 13, 12, 11, 20, 29, 28, 27, 18, 9, 0]. g_F=23, g_B=15, f_max=50, generated=764
[00:00:00:10:563] Expansion 1,295: New longest path found with length 42: [0, 9, 18, 27, 28, 29, 20, 11, 12, 13, 22, 31, 40, 39, 48, 47, 46, 55, 64, 73, 74, 75, 76, 77, 78, 69, 60, 51, 42, 33, 24, 15, 6, 7, 8, 17, 26, 35, 44, 53, 62, 71, 80]. g_F=17, g_B=25, f_max=49, generated=2,162
[00:00:00:19:750] Expansion 3,105: New longest path found with length 44: [0, 9, 18, 27, 28, 29, 20, 11, 12, 13, 22, 31, 40, 39, 48, 47, 46, 55, 64, 73, 74, 75, 76, 67, 58, 59, 50, 51, 42, 33, 24, 15, 6, 7, 8, 17, 26, 35, 44, 53, 62, 61, 70, 79, 80]. g_F=19, g_B=25, f_max=48, generated=5,048
[00:00:01:18:476] Path of length 44 found: [0, 9, 18, 27, 28, 29, 20, 11, 12, 13, 22, 31, 40, 39, 48, 47, 46, 55, 64, 73, 74, 75, 76, 67, 58, 59, 50, 51, 42, 33, 24, 15, 6, 7, 8, 17, 26, 35, 44, 53, 62, 61, 70, 79, 80]
[00:00:01:19:050] ! Bidirectional. expansions: 14,301, time: 78,478 [ms], path length: 44 [edges], g_F: 19, g_B: 25, generated: 24,896, MM: 6, MMPER: 12.333333333333334%
[00:00:01:19:050] 
---------- SM_Grids/9x9_grid_with_random_blocks_12per_3 ----------
[00:00:00:31:306] Path of length 46 found: [0, 1, 2, 3, 12, 21, 20, 19, 28, 37, 46, 45, 54, 63, 72, 73, 74, 75, 76, 67, 58, 57, 48, 39, 40, 31, 32, 23, 14, 5, 6, 7, 8, 17, 26, 25, 34, 43, 44, 53, 62, 61, 60, 69, 78, 79, 80]
[00:00:00:31:309] ! Unidirectional s-t. expansions: 6,221, time: 31,307 [ms], path length: 46 [edges], generated: 10,671
[00:00:00:49:724] Expansion 10,000: state None, f=47, g=14
[00:00:00:53:122] Path of length 46 found: [80, 71, 62, 53, 44, 43, 42, 51, 60, 69, 68, 77, 76, 75, 74, 73, 72, 63, 54, 45, 46, 47, 56, 57, 58, 49, 40, 31, 32, 23, 24, 25, 26, 17, 8, 7, 6, 5, 4, 3, 12, 21, 20, 19, 10, 1, 0]
[00:00:00:53:124] ! Unidirectional t-s. expansions: 10,624, time: 53,122 [ms], path length: 46 [edges], generated: 18,287
[00:00:00:00:325] Expansion 41: New longest path found with length 18: [80, 79, 70, 61, 62, 53, 44, 35, 26, 17, 8, 7, 6, 5, 4, 3, 2, 1, 0]. g_F=12, g_B=6, f_max=53, generated=71
[00:00:00:00:471] Expansion 64: New longest path found with length 20: [80, 79, 78, 77, 68, 67, 66, 75, 74, 73, 72, 63, 54, 45, 46, 37, 28, 19, 10, 1, 0]. g_F=13, g_B=7, f_max=53, generated=110
[00:00:00:00:861] Expansion 124: New longest path found with length 22: [0, 1, 10, 19, 28, 37, 46, 45, 54, 63, 72, 73, 74, 75, 76, 77, 68, 69, 60, 61, 62, 71, 80]. g_F=11, g_B=11, f_max=53, generated=213
[00:00:00:00:981] Expansion 146: New longest path found with length 24: [0, 1, 2, 3, 12, 21, 20, 19, 28, 37, 46, 45, 54, 63, 72, 73, 74, 75, 66, 67, 68, 77, 78, 79, 80]. g_F=10, g_B=14, f_max=53, generated=244
[00:00:00:01:313] Expansion 203: New longest path found with length 26: [80, 71, 62, 61, 60, 69, 68, 77, 76, 75, 74, 73, 72, 63, 54, 45, 46, 37, 28, 19, 20, 21, 12, 3, 2, 1, 0]. g_F=15, g_B=11, f_max=52, generated=340
[00:00:00:02:160] Expansion 345: New longest path found with length 30: [0, 1, 2, 3, 12, 21, 20, 19, 28, 37, 46, 45, 54, 63, 72, 73, 74, 75, 76, 77, 68, 69, 60, 51, 42, 43, 44, 53, 62, 71, 80]. g_F=15, g_B=15, f_max=52, generated=583
[00:00:00:03:003] Expansion 500: New longest path found with length 32: [80, 71, 62, 53, 44, 43, 42, 51, 60, 69, 68, 77, 76, 75, 74, 73, 72, 63, 54, 45, 46, 37, 28, 19, 20, 21, 22, 13, 4, 3, 2, 1, 0]. g_F=19, g_B=13, f_max=51, generated=844
[00:00:00:04:741] Expansion 787: New longest path found with length 34: [0, 1, 10, 19, 28, 37, 46, 45, 54, 63, 72, 73, 74, 75, 76, 67, 58, 57, 48, 39, 40, 41, 42, 33, 34, 35, 44, 53, 62, 61, 60, 69, 78, 79, 80]. g_F=20, g_B=14, f_max=51, generated=1,364
[00:00:00:05:654] Expansion 967: New longest path found with length 38: [80, 79, 78, 77, 68, 67, 66, 75, 74, 73, 72, 63, 54, 45, 46, 47, 48, 39, 40, 41, 50, 51, 60, 61, 62, 53, 44, 35, 26, 17, 8, 7, 6, 5, 4, 3, 2, 1, 0]. g_F=22, g_B=16, f_max=50, generated=1,662
[00:00:00:05:658] Expansion 968: New longest path found with length 42: [80, 79, 78, 77, 68, 67, 66, 75, 74, 73, 72, 63, 54, 45, 46, 47, 48, 39, 40, 41, 50, 51, 60, 61, 62, 53, 44, 35, 26, 17, 16, 7, 6, 5, 4, 3, 12, 21, 20, 19, 10, 1, 0]. g_F=23, g_B=19, f_max=50, generated=1,663
[00:00:00:14:889] Expansion 2,058: New longest path found with length 46: [80, 79, 78, 69, 60, 61, 62, 53, 44, 43, 34, 25, 26, 17, 8, 7, 6, 15, 14, 23, 32, 31, 40, 39, 48, 57, 58, 67, 76, 75, 74, 73, 72, 63, 54, 45, 46, 37, 28, 19, 20, 21, 12, 3, 2, 1, 0]. g_F=21, g_B=25, f_max=49, generated=3,594
[00:00:01:02:778] Path of length 46 found: [80, 79, 78, 69, 60, 61, 62, 53, 44, 43, 34, 25, 26, 17, 8, 7, 6, 15, 14, 23, 32, 31, 40, 39, 48, 57, 58, 67, 76, 75, 74, 73, 72, 63, 54, 45, 46, 37, 28, 19, 20, 21, 12, 3, 2, 1, 0]
[00:00:01:03:376] ! Bidirectional. expansions: 10,888, time: 62,778 [ms], path length: 46 [edges], g_F: 21, g_B: 25, generated: 19,428, MM: 4, MMPER: 7.51063829787234%
[00:00:01:03:376] 
---------- SM_Grids/9x9_grid_with_random_blocks_12per_4 ----------
[00:00:00:18:472] Path of length 46 found: [0, 9, 18, 27, 28, 37, 46, 45, 54, 63, 72, 73, 74, 65, 56, 57, 48, 49, 40, 41, 32, 23, 22, 21, 20, 11, 2, 3, 4, 5, 6, 15, 16, 25, 26, 35, 44, 43, 52, 51, 60, 59, 68, 77, 78, 79, 80]
[00:00:00:18:474] ! Unidirectional s-t. expansions: 2,961, time: 18,472 [ms], path length: 46 [edges], generated: 5,340
[00:00:00:10:284] Path of length 46 found: [80, 79, 78, 77, 68, 59, 60, 61, 52, 53, 44, 35, 26, 17, 16, 15, 6, 5, 4, 3, 2, 11, 20, 21, 22, 23, 32, 41, 40, 49, 48, 57, 56, 65, 74, 73, 72, 63, 54, 45, 46, 37, 28, 27, 18, 9, 0]
[00:00:00:10:285] ! Unidirectional t-s. expansions: 1,882, time: 10,284 [ms], path length: 46 [edges], generated: 3,145
[00:00:00:01:130] Expansion 65: New longest path found with length 22: [0, 9, 18, 27, 28, 37, 46, 45, 54, 63, 72, 73, 74, 65, 56, 57, 58, 67, 68, 77, 78, 79, 80]. g_F=14, g_B=8, f_max=53, generated=105
[00:00:00:01:399] Expansion 110: New longest path found with length 24: [80, 79, 78, 77, 68, 59, 60, 51, 52, 43, 44, 35, 26, 25, 16, 15, 6, 5, 4, 3, 2, 11, 10, 9, 0]. g_F=8, g_B=16, f_max=52, generated=179
[00:00:00:02:220] Expansion 240: New longest path found with length 28: [80, 79, 78, 77, 68, 67, 58, 49, 50, 51, 60, 61, 62, 53, 44, 35, 26, 25, 16, 15, 6, 5, 4, 3, 2, 11, 10, 9, 0]. g_F=8, g_B=20, f_max=51, generated=415
[00:00:00:02:557] Expansion 305: New longest path found with length 32: [0, 9, 10, 11, 2, 3, 4, 5, 6, 15, 16, 25, 26, 35, 44, 43, 42, 33, 32, 23, 22, 21, 30, 39, 48, 57, 58, 67, 68, 77, 78, 79, 80]. g_F=22, g_B=10, f_max=52, generated=519
[00:00:00:03:484] Expansion 462: New longest path found with length 40: [80, 79, 78, 77, 68, 59, 60, 61, 62, 53, 44, 35, 26, 17, 16, 15, 6, 5, 4, 3, 2, 11, 20, 21, 30, 39, 38, 47, 56, 65, 74, 73, 72, 63, 54, 45, 36, 27, 18, 9, 0]. g_F=19, g_B=21, f_max=51, generated=779
[00:00:00:04:212] Expansion 590: New longest path found with length 42: [0, 9, 10, 11, 2, 3, 4, 5, 6, 15, 16, 25, 26, 35, 44, 43, 42, 33, 32, 23, 22, 21, 30, 39, 38, 37, 46, 45, 54, 63, 72, 73, 74, 65, 56, 57, 58, 67, 68, 77, 78, 79, 80]. g_F=23, g_B=19, f_max=50, generated=1,004
[00:00:00:04:425] Expansion 614: New longest path found with length 44: [0, 9, 18, 27, 28, 37, 46, 45, 54, 63, 72, 73, 74, 65, 56, 57, 48, 49, 40, 31, 30, 21, 20, 11, 2, 3, 4, 5, 6, 15, 16, 17, 26, 35, 44, 53, 62, 61, 60, 59, 68, 77, 78, 79, 80]. g_F=20, g_B=24, f_max=50, generated=1,061
[00:00:00:05:352] Expansion 773: New longest path found with length 46: [80, 79, 78, 77, 68, 67, 58, 57, 56, 65, 74, 73, 72, 63, 54, 45, 46, 37, 38, 39, 30, 21, 22, 23, 32, 33, 42, 51, 60, 61, 62, 53, 44, 35, 26, 25, 16, 15, 6, 5, 4, 3, 2, 11, 10, 9, 0]. g_F=21, g_B=25, f_max=50, generated=1,369
[00:00:00:21:958] Path of length 46 found: [80, 79, 78, 77, 68, 67, 58, 57, 56, 65, 74, 73, 72, 63, 54, 45, 46, 37, 38, 39, 30, 21, 22, 23, 32, 33, 42, 51, 60, 61, 62, 53, 44, 35, 26, 25, 16, 15, 6, 5, 4, 3, 2, 11, 10, 9, 0]
[00:00:00:22:523] ! Bidirectional. expansions: 3,898, time: 21,960 [ms], path length: 46 [edges], g_F: 21, g_B: 25, generated: 6,878, MM: 4, MMPER: 7.51063829787234%
[00:00:00:22:523] 
---------- SM_Grids/9x9_grid_with_random_blocks_12per_5 ----------
[00:00:00:08:609] Path of length 40 found: [0, 9, 18, 27, 36, 45, 46, 47, 56, 65, 66, 67, 76, 77, 78, 69, 60, 59, 50, 49, 40, 39, 30, 29, 20, 11, 2, 3, 4, 13, 22, 23, 32, 33, 42, 43, 52, 53, 62, 71, 80]
[00:00:00:08:610] ! Unidirectional s-t. expansions: 1,377, time: 8,609 [ms], path length: 40 [edges], generated: 2,458
[00:00:00:06:652] Path of length 40 found: [80, 71, 62, 53, 44, 43, 42, 33, 24, 23, 14, 13, 4, 3, 2, 11, 20, 21, 30, 31, 40, 49, 50, 59, 60, 69, 78, 77, 76, 67, 66, 57, 56, 47, 38, 37, 28, 27, 18, 9, 0]
[00:00:00:06:652] ! Unidirectional t-s. expansions: 1,230, time: 6,652 [ms], path length: 40 [edges], generated: 2,195
[00:00:00:00:714] Expansion 44: New longest path found with length 16: [80, 71, 62, 53, 44, 43, 42, 33, 24, 23, 14, 13, 4, 3, 2, 1, 0]. g_F=6, g_B=10, f_max=44, generated=78
[00:00:00:00:762] Expansion 53: New longest path found with length 18: [80, 71, 62, 53, 44, 43, 42, 33, 24, 23, 14, 13, 4, 3, 2, 11, 10, 9, 0]. g_F=15, g_B=3, f_max=44, generated=93
[00:00:00:01:265] Expansion 144: New longest path found with length 20: [0, 9, 18, 19, 20, 11, 2, 3, 4, 13, 14, 23, 24, 33, 42, 43, 44, 53, 62, 71, 80]. g_F=4, g_B=16, f_max=44, generated=251
[00:00:00:02:002] Expansion 270: New longest path found with length 22: [80, 79, 70, 61, 62, 53, 44, 43, 42, 33, 24, 23, 14, 13, 4, 3, 2, 11, 20, 19, 18, 9, 0]. g_F=11, g_B=11, f_max=43, generated=474
[00:00:00:02:042] Expansion 278: New longest path found with length 26: [80, 79, 70, 61, 62, 53, 44, 43, 42, 51, 50, 59, 68, 67, 66, 65, 56, 47, 46, 45, 36, 27, 28, 19, 10, 9, 0]. g_F=12, g_B=14, f_max=43, generated=487
[00:00:00:02:897] Expansion 415: New longest path found with length 28: [0, 1, 10, 19, 18, 27, 36, 45, 46, 47, 38, 29, 30, 21, 12, 13, 14, 23, 24, 33, 42, 43, 44, 53, 62, 61, 70, 79, 80]. g_F=14, g_B=14, f_max=43, generated=742
[00:00:00:03:172] Expansion 467: New longest path found with length 30: [0, 9, 18, 27, 36, 45, 46, 47, 38, 39, 30, 21, 20, 11, 2, 3, 4, 13, 14, 23, 24, 33, 42, 43, 44, 53, 62, 61, 70, 79, 80]. g_F=12, g_B=18, f_max=43, generated=835
[00:00:00:03:895] Expansion 595: New longest path found with length 32: [80, 79, 78, 77, 76, 67, 66, 57, 56, 47, 46, 37, 36, 27, 18, 19, 20, 29, 30, 39, 40, 41, 42, 33, 24, 23, 14, 13, 4, 3, 2, 1, 0]. g_F=20, g_B=12, f_max=42, generated=1,059
[00:00:00:05:603] Expansion 907: New longest path found with length 40: [0, 1, 2, 3, 4, 13, 14, 23, 24, 33, 42, 43, 44, 53, 62, 61, 60, 59, 50, 49, 40, 39, 30, 29, 20, 19, 18, 27, 36, 37, 46, 47, 56, 57, 66, 67, 76, 77, 78, 79, 80]. g_F=19, g_B=21, f_max=42, generated=1,640
[00:00:00:13:641] Path of length 40 found: [0, 1, 2, 3, 4, 13, 14, 23, 24, 33, 42, 43, 44, 53, 62, 61, 60, 59, 50, 49, 40, 39, 30, 29, 20, 19, 18, 27, 36, 37, 46, 47, 56, 57, 66, 67, 76, 77, 78, 79, 80]
[00:00:00:15:115] ! Bidirectional. expansions: 2,388, time: 13,641 [ms], path length: 40 [edges], g_F: 19, g_B: 21, generated: 4,347, MM: 2, MMPER: 3.8780487804878048%
[00:00:00:15:115] 
---------- SM_Grids/9x9_grid_with_random_blocks_12per_6 ----------
[00:00:00:29:016] Path of length 48 found: [0, 1, 10, 19, 18, 27, 36, 37, 38, 39, 48, 57, 56, 55, 54, 63, 72, 73, 74, 75, 76, 67, 68, 59, 50, 51, 42, 33, 32, 23, 22, 21, 12, 3, 4, 5, 6, 15, 16, 25, 26, 35, 44, 53, 62, 61, 70, 79, 80]
[00:00:00:29:017] ! Unidirectional s-t. expansions: 5,747, time: 29,016 [ms], path length: 48 [edges], generated: 10,055
[00:00:00:20:875] Path of length 48 found: [80, 71, 62, 53, 44, 35, 26, 17, 16, 7, 6, 5, 4, 3, 12, 21, 22, 23, 24, 33, 42, 41, 50, 59, 60, 69, 78, 77, 76, 75, 74, 73, 72, 63, 54, 55, 56, 57, 48, 39, 38, 37, 36, 27, 18, 19, 10, 1, 0]
[00:00:00:20:876] ! Unidirectional t-s. expansions: 4,072, time: 20,875 [ms], path length: 48 [edges], generated: 6,542
[00:00:00:00:446] Expansion 64: New longest path found with length 18: [0, 1, 10, 19, 18, 27, 36, 37, 38, 39, 40, 49, 50, 59, 68, 77, 78, 79, 80]. g_F=12, g_B=6, f_max=54, generated=104
[00:00:00:00:460] Expansion 66: New longest path found with length 22: [0, 1, 10, 19, 18, 27, 36, 37, 38, 39, 40, 49, 50, 51, 42, 33, 34, 35, 44, 53, 62, 71, 80]. g_F=14, g_B=8, f_max=54, generated=108
[00:00:00:00:978] Expansion 149: New longest path found with length 24: [0, 1, 10, 19, 18, 27, 36, 37, 38, 39, 40, 49, 50, 51, 42, 33, 34, 35, 44, 53, 62, 61, 70, 79, 80]. g_F=15, g_B=9, f_max=53, generated=247
[00:00:00:01:312] Expansion 211: New longest path found with length 26: [0, 1, 2, 11, 12, 21, 22, 23, 14, 5, 6, 7, 8, 17, 26, 35, 44, 53, 62, 61, 60, 59, 68, 77, 78, 79, 80]. g_F=14, g_B=12, f_max=53, generated=349
[00:00:00:02:115] Expansion 356: New longest path found with length 28: [80, 71, 62, 53, 44, 35, 26, 17, 8, 7, 6, 15, 24, 33, 42, 51, 50, 49, 40, 39, 38, 37, 36, 27, 18, 19, 10, 1, 0]. g_F=12, g_B=16, f_max=52, generated=575
[00:00:00:02:239] Expansion 376: New longest path found with length 30: [80, 79, 70, 61, 62, 53, 44, 35, 34, 33, 32, 41, 40, 39, 48, 57, 56, 65, 74, 73, 72, 63, 54, 45, 36, 37, 28, 19, 18, 9, 0]. g_F=11, g_B=19, f_max=52, generated=612
[00:00:00:02:432] Expansion 407: New longest path found with length 32: [80, 71, 62, 53, 44, 35, 34, 33, 32, 41, 50, 59, 60, 69, 78, 77, 76, 67, 66, 65, 74, 73, 72, 63, 54, 45, 36, 37, 28, 19, 18, 9, 0]. g_F=12, g_B=20, f_max=52, generated=669
[00:00:00:02:442] Expansion 410: New longest path found with length 36: [80, 71, 62, 53, 44, 35, 34, 33, 32, 41, 50, 59, 60, 69, 78, 77, 76, 75, 74, 73, 72, 63, 54, 55, 56, 57, 48, 39, 38, 37, 36, 27, 18, 19, 10, 1, 0]. g_F=15, g_B=21, f_max=52, generated=672
[00:00:00:06:658] Expansion 946: New longest path found with length 38: [80, 71, 62, 53, 44, 35, 26, 17, 16, 7, 6, 5, 4, 13, 22, 23, 24, 33, 42, 41, 40, 39, 48, 57, 56, 65, 74, 73, 72, 63, 54, 45, 36, 37, 28, 19, 18, 9, 0]. g_F=17, g_B=21, f_max=52, generated=1,552
[00:00:00:06:819] Expansion 955: New longest path found with length 40: [80, 71, 62, 53, 44, 35, 26, 17, 8, 7, 6, 15, 24, 33, 32, 41, 50, 59, 68, 67, 76, 75, 74, 73, 72, 63, 54, 55, 56, 57, 48, 39, 38, 37, 36, 27, 18, 19, 10, 1, 0]. g_F=17, g_B=23, f_max=51, generated=1,568
[00:00:00:06:827] Expansion 956: New longest path found with length 42: [80, 71, 62, 53, 44, 35, 26, 17, 8, 7, 6, 15, 24, 33, 32, 41, 50, 59, 60, 69, 78, 77, 76, 75, 74, 73, 72, 63, 54, 55, 56, 57, 48, 39, 38, 37, 36, 27, 18, 19, 10, 1, 0]. g_F=18, g_B=24, f_max=51, generated=1,570
[00:00:00:08:768] Expansion 1,330: New longest path found with length 46: [0, 1, 10, 19, 18, 27, 36, 37, 38, 39, 48, 57, 56, 55, 54, 63, 72, 73, 74, 75, 76, 67, 68, 59, 50, 51, 42, 33, 24, 23, 22, 21, 12, 3, 4, 5, 6, 7, 16, 17, 26, 35, 44, 53, 62, 71, 80]. g_F=25, g_B=21, f_max=51, generated=2,181
[00:00:00:12:956] Expansion 2,042: New longest path found with length 48: [80, 71, 62, 53, 44, 35, 26, 17, 16, 7, 6, 5, 4, 3, 12, 21, 22, 23, 24, 33, 42, 41, 50, 59, 60, 69, 78, 77, 76, 75, 74, 73, 72, 63, 54, 55, 56, 57, 48, 39, 38, 37, 36, 27, 18, 19, 10, 1, 0]. g_F=23, g_B=25, f_max=50, generated=3,448
[00:00:00:45:109] Path of length 48 found: [80, 71, 62, 53, 44, 35, 26, 17, 16, 7, 6, 5, 4, 3, 12, 21, 22, 23, 24, 33, 42, 41, 50, 59, 60, 69, 78, 77, 76, 75, 74, 73, 72, 63, 54, 55, 56, 57, 48, 39, 38, 37, 36, 27, 18, 19, 10, 1, 0]
[00:00:00:45:684] ! Bidirectional. expansions: 8,079, time: 45,110 [ms], path length: 48 [edges], g_F: 23, g_B: 25, generated: 14,006, MM: 2, MMPER: 3.0816326530612246%
[00:00:00:45:684] 
---------- SM_Grids/9x9_grid_with_random_blocks_12per_7 ----------
[00:00:00:50:242] Expansion 10,000: state None, f=45, g=16
[00:00:00:55:391] Path of length 44 found: [0, 9, 18, 27, 36, 45, 54, 63, 64, 73, 74, 75, 76, 77, 68, 59, 58, 57, 56, 47, 38, 39, 40, 31, 22, 21, 20, 11, 2, 3, 4, 5, 6, 7, 16, 25, 24, 33, 42, 51, 52, 53, 62, 71, 80]
[00:00:00:55:392] ! Unidirectional s-t. expansions: 11,092, time: 55,391 [ms], path length: 44 [edges], generated: 19,234
[00:00:00:54:466] Expansion 10,000: state None, f=45, g=25
[00:00:01:24:172] Path of length 44 found: [80, 71, 62, 53, 52, 51, 42, 41, 40, 31, 22, 23, 24, 25, 16, 7, 6, 5, 4, 3, 2, 11, 20, 29, 38, 47, 48, 57, 58, 59, 68, 77, 76, 75, 74, 65, 64, 55, 54, 45, 36, 27, 18, 9, 0]
[00:00:01:24:175] ! Unidirectional t-s. expansions: 16,618, time: 84,173 [ms], path length: 44 [edges], generated: 29,289
[00:00:00:00:706] Expansion 87: New longest path found with length 18: [0, 9, 18, 27, 28, 37, 46, 45, 54, 63, 64, 73, 74, 75, 76, 77, 78, 79, 80]. g_F=10, g_B=8, f_max=53, generated=159
[00:00:00:00:839] Expansion 110: New longest path found with length 20: [80, 79, 78, 77, 76, 75, 74, 73, 64, 63, 54, 45, 36, 27, 28, 29, 20, 11, 10, 9, 0]. g_F=10, g_B=10, f_max=53, generated=193
[00:00:00:00:898] Expansion 119: New longest path found with length 24: [80, 71, 62, 53, 52, 51, 60, 59, 68, 77, 76, 75, 74, 73, 64, 63, 54, 45, 46, 37, 28, 27, 18, 9, 0]. g_F=13, g_B=11, f_max=52, generated=209
[00:00:00:01:128] Expansion 149: New longest path found with length 26: [0, 9, 10, 11, 20, 29, 28, 27, 36, 45, 54, 63, 64, 73, 74, 75, 76, 77, 68, 59, 60, 51, 52, 53, 62, 71, 80]. g_F=12, g_B=14, f_max=52, generated=272
[00:00:00:04:957] Expansion 782: New longest path found with length 34: [0, 9, 18, 27, 36, 45, 54, 63, 64, 73, 74, 75, 66, 57, 56, 47, 38, 29, 20, 11, 2, 3, 4, 5, 6, 15, 24, 33, 42, 51, 52, 53, 62, 71, 80]. g_F=24, g_B=10, f_max=50, generated=1,407
[00:00:00:07:088] Expansion 1,191: New longest path found with length 36: [80, 71, 62, 53, 52, 51, 60, 59, 68, 77, 76, 75, 66, 57, 48, 49, 40, 41, 32, 33, 34, 25, 16, 7, 6, 5, 4, 3, 2, 11, 20, 29, 28, 27, 18, 9, 0]. g_F=18, g_B=18, f_max=49, generated=2,119
[00:00:00:07:459] Expansion 1,250: New longest path found with length 38: [80, 71, 62, 53, 52, 51, 42, 41, 40, 31, 22, 23, 24, 15, 6, 5, 4, 3, 2, 11, 20, 29, 38, 47, 56, 57, 66, 75, 74, 73, 64, 63, 54, 45, 36, 27, 18, 9, 0]. g_F=13, g_B=25, f_max=49, generated=2,245
[00:00:00:17:258] Expansion 2,062: New longest path found with length 40: [0, 9, 18, 27, 36, 45, 54, 63, 64, 73, 74, 75, 66, 57, 56, 47, 38, 29, 20, 11, 2, 3, 4, 5, 6, 7, 16, 25, 24, 23, 22, 31, 40, 41, 42, 51, 52, 53, 62, 71, 80]. g_F=25, g_B=15, f_max=49, generated=3,657
[00:00:00:18:125] Expansion 2,242: New longest path found with length 42: [80, 71, 62, 53, 52, 51, 60, 59, 68, 77, 76, 75, 74, 73, 64, 55, 56, 57, 48, 49, 40, 41, 32, 33, 34, 25, 16, 7, 6, 5, 4, 3, 2, 11, 20, 29, 38, 37, 36, 27, 18, 9, 0]. g_F=22, g_B=20, f_max=48, generated=4,001
[00:00:00:23:836] Expansion 3,277: New longest path found with length 44: [0, 9, 18, 27, 36, 45, 54, 63, 64, 73, 74, 75, 76, 77, 68, 59, 58, 57, 56, 47, 38, 29, 20, 11, 2, 3, 4, 5, 6, 7, 16, 25, 24, 23, 22, 31, 40, 41, 42, 51, 52, 53, 62, 71, 80]. g_F=22, g_B=22, f_max=48, generated=5,847
[00:00:01:51:792] Expansion 20,000: f=45, g=15
[00:00:03:19:335] Path of length 44 found: [0, 9, 18, 27, 36, 45, 54, 63, 64, 73, 74, 75, 76, 77, 68, 59, 58, 57, 56, 47, 38, 29, 20, 11, 2, 3, 4, 5, 6, 7, 16, 25, 24, 23, 22, 31, 40, 41, 42, 51, 52, 53, 62, 71, 80]
[00:00:03:19:984] ! Bidirectional. expansions: 36,496, time: 199,335 [ms], path length: 44 [edges], g_F: 22, g_B: 22, generated: 66,769, MM: 0, MMPER: -1.0%
[00:00:03:19:984] 
---------- SM_Grids/9x9_grid_with_random_blocks_12per_8 ----------
[00:00:00:08:100] Path of length 48 found: [0, 9, 18, 19, 20, 11, 2, 3, 4, 13, 22, 31, 32, 33, 24, 15, 6, 7, 8, 17, 26, 35, 44, 53, 62, 61, 60, 51, 50, 49, 48, 47, 38, 37, 36, 45, 54, 63, 72, 73, 74, 75, 66, 67, 68, 77, 78, 79, 80]
[00:00:00:08:101] ! Unidirectional s-t. expansions: 1,622, time: 8,100 [ms], path length: 48 [edges], generated: 2,585
[00:00:00:16:853] Path of length 48 found: [80, 79, 78, 77, 68, 67, 66, 75, 74, 73, 72, 63, 54, 45, 36, 37, 38, 47, 48, 49, 40, 41, 42, 51, 60, 61, 62, 53, 44, 35, 26, 17, 8, 7, 6, 15, 24, 23, 22, 13, 4, 3, 2, 11, 20, 19, 18, 9, 0]
[00:00:00:16:855] ! Unidirectional t-s. expansions: 3,577, time: 16,854 [ms], path length: 48 [edges], generated: 5,824
[00:00:00:00:395] Expansion 54: New longest path found with length 22: [80, 79, 78, 77, 68, 67, 66, 75, 74, 73, 72, 63, 54, 55, 56, 47, 38, 37, 28, 19, 18, 9, 0]. g_F=18, g_B=4, f_max=53, generated=90
[00:00:00:01:111] Expansion 179: New longest path found with length 24: [80, 79, 78, 77, 68, 67, 66, 75, 74, 73, 72, 63, 54, 55, 56, 47, 38, 37, 28, 19, 20, 11, 2, 1, 0]. g_F=19, g_B=5, f_max=52, generated=279
[00:00:00:02:088] Expansion 354: New longest path found with length 32: [0, 9, 18, 19, 20, 11, 2, 3, 4, 13, 22, 31, 40, 49, 48, 47, 38, 37, 36, 45, 54, 63, 72, 73, 74, 75, 66, 67, 68, 77, 78, 79, 80]. g_F=11, g_B=21, f_max=52, generated=564
[00:00:00:04:581] Expansion 803: New longest path found with length 40: [0, 9, 10, 11, 2, 3, 4, 13, 14, 15, 6, 7, 8, 17, 26, 35, 44, 53, 62, 61, 60, 59, 58, 49, 48, 47, 38, 37, 36, 45, 54, 63, 72, 73, 74, 75, 76, 77, 78, 79, 80]. g_F=19, g_B=21, f_max=51, generated=1,319
[00:00:00:05:543] Expansion 978: New longest path found with length 42: [80, 79, 78, 77, 68, 67, 66, 75, 74, 73, 72, 63, 54, 45, 36, 37, 38, 47, 48, 49, 50, 51, 60, 61, 62, 53, 44, 35, 26, 17, 8, 7, 6, 15, 14, 13, 4, 3, 2, 11, 10, 9, 0]. g_F=22, g_B=20, f_max=50, generated=1,608
[00:00:00:05:552] Expansion 981: New longest path found with length 44: [80, 79, 78, 77, 68, 67, 66, 75, 74, 73, 72, 63, 54, 45, 36, 37, 38, 47, 48, 49, 50, 51, 60, 61, 62, 53, 44, 35, 26, 17, 8, 7, 6, 15, 14, 13, 4, 3, 2, 11, 20, 19, 18, 9, 0]. g_F=25, g_B=19, f_max=50, generated=1,611
[00:00:00:11:055] Expansion 2,099: New longest path found with length 46: [0, 9, 18, 19, 20, 11, 2, 3, 4, 13, 22, 31, 32, 33, 24, 15, 6, 7, 8, 17, 26, 35, 44, 53, 62, 61, 60, 59, 58, 49, 48, 47, 38, 37, 36, 45, 54, 63, 72, 73, 74, 75, 76, 77, 78, 79, 80]. g_F=21, g_B=25, f_max=51, generated=3,422
[00:00:00:24:207] Expansion 2,103: New longest path found with length 48: [0, 9, 18, 19, 20, 11, 2, 3, 4, 13, 22, 31, 32, 33, 24, 15, 6, 7, 8, 17, 26, 35, 44, 53, 62, 61, 60, 51, 50, 49, 48, 47, 38, 37, 36, 45, 54, 63, 72, 73, 74, 75, 66, 67, 68, 77, 78, 79, 80]. g_F=23, g_B=25, f_max=50, generated=3,428
[00:00:00:36:348] Path of length 48 found: [0, 9, 18, 19, 20, 11, 2, 3, 4, 13, 22, 31, 32, 33, 24, 15, 6, 7, 8, 17, 26, 35, 44, 53, 62, 61, 60, 51, 50, 49, 48, 47, 38, 37, 36, 45, 54, 63, 72, 73, 74, 75, 66, 67, 68, 77, 78, 79, 80]
[00:00:00:36:981] ! Bidirectional. expansions: 4,511, time: 36,348 [ms], path length: 48 [edges], g_F: 23, g_B: 25, generated: 7,399, MM: 2, MMPER: 3.0816326530612246%
[00:00:00:36:981] 
---------- SM_Grids/9x9_grid_with_random_blocks_12per_9 ----------
[00:00:00:52:042] Expansion 10,000: state None, f=45, g=18
[00:00:01:02:140] Path of length 44 found: [0, 1, 2, 11, 20, 19, 18, 27, 36, 37, 38, 47, 56, 55, 54, 63, 72, 73, 74, 75, 76, 77, 78, 69, 60, 59, 50, 41, 40, 31, 22, 13, 14, 15, 16, 17, 26, 35, 34, 43, 52, 53, 62, 71, 80]
[00:00:01:02:143] ! Unidirectional s-t. expansions: 11,894, time: 62,141 [ms], path length: 44 [edges], generated: 21,980
[00:00:00:47:389] Expansion 10,000: state None, f=46, g=22
[00:00:01:26:420] Expansion 20,000: state None, f=45, g=20
[00:00:01:43:437] Path of length 44 found: [80, 71, 62, 53, 52, 43, 34, 35, 26, 17, 16, 15, 14, 23, 22, 31, 40, 39, 48, 57, 58, 59, 60, 69, 78, 77, 76, 75, 74, 73, 72, 63, 54, 55, 46, 37, 36, 27, 18, 19, 20, 11, 2, 1, 0]
[00:00:01:43:439] ! Unidirectional t-s. expansions: 23,730, time: 103,437 [ms], path length: 44 [edges], generated: 38,965
[00:00:00:00:787] Expansion 103: New longest path found with length 20: [0, 1, 2, 11, 12, 21, 22, 23, 14, 15, 16, 17, 26, 35, 34, 43, 52, 53, 62, 71, 80]. g_F=9, g_B=11, f_max=54, generated=175
[00:00:00:01:639] Expansion 242: New longest path found with length 22: [80, 79, 78, 69, 60, 61, 62, 53, 44, 43, 34, 25, 16, 15, 14, 23, 22, 21, 12, 11, 2, 1, 0]. g_F=12, g_B=10, f_max=52, generated=411
[00:00:00:02:286] Expansion 352: New longest path found with length 24: [0, 1, 2, 11, 12, 21, 22, 23, 14, 15, 16, 25, 34, 43, 44, 53, 62, 61, 60, 59, 68, 77, 78, 79, 80]. g_F=10, g_B=14, f_max=52, generated=591
[00:00:00:04:098] Expansion 660: New longest path found with length 38: [0, 1, 2, 11, 12, 21, 22, 23, 14, 15, 16, 17, 26, 35, 34, 43, 52, 51, 50, 41, 40, 39, 48, 47, 56, 55, 54, 63, 72, 73, 74, 75, 76, 67, 68, 69, 78, 79, 80]. g_F=16, g_B=22, f_max=51, generated=1,127
[00:00:00:04:126] Expansion 666: New longest path found with length 40: [0, 1, 2, 11, 12, 21, 22, 23, 14, 15, 16, 17, 26, 35, 44, 53, 62, 61, 60, 51, 50, 41, 40, 39, 48, 47, 56, 55, 54, 63, 72, 73, 74, 75, 66, 67, 68, 77, 78, 79, 80]. g_F=14, g_B=26, f_max=51, generated=1,137
[00:00:00:09:227] Expansion 1,627: New longest path found with length 42: [0, 1, 2, 11, 20, 19, 18, 27, 36, 37, 46, 55, 54, 63, 72, 73, 74, 75, 76, 77, 78, 69, 60, 59, 50, 41, 40, 31, 22, 23, 14, 15, 16, 17, 26, 35, 34, 43, 52, 53, 62, 71, 80]. g_F=17, g_B=25, f_max=50, generated=2,760
[00:00:00:09:273] Expansion 1,637: New longest path found with length 44: [0, 1, 2, 11, 20, 19, 18, 27, 36, 37, 38, 47, 56, 55, 54, 63, 72, 73, 74, 75, 76, 77, 78, 69, 60, 59, 50, 41, 40, 31, 22, 23, 14, 15, 16, 17, 26, 35, 34, 43, 52, 53, 62, 71, 80]. g_F=19, g_B=25, f_max=50, generated=2,774
[00:00:01:52:214] Path of length 44 found: [0, 1, 2, 11, 20, 19, 18, 27, 36, 37, 38, 47, 56, 55, 54, 63, 72, 73, 74, 75, 76, 77, 78, 69, 60, 59, 50, 41, 40, 31, 22, 23, 14, 15, 16, 17, 26, 35, 34, 43, 52, 53, 62, 71, 80]
[00:00:01:52:834] ! Bidirectional. expansions: 19,615, time: 112,214 [ms], path length: 44 [edges], g_F: 19, g_B: 25, generated: 35,918, MM: 6, MMPER: 12.333333333333334%
[00:00:01:52:834] average expansions: (6,647, 8,345, 11,898, 0)
[00:00:01:52:835] average time: (34,106, 40,084, 67,491, 0)
[00:00:01:52:835] XA*: 6,647 , 34,106 (expansions , time[ms])
[00:00:01:52:835] XMM: 11,898 , 67,491 (expansions , time[ms])

