--------------------------
date: mazes
number_of_graphs: 10
graph_type: maze
size_of_graphs: [13, 13]
heuristic: bcc_heuristic
snake: False
run_uni: True
run_bi: True
run_multi: False
solution_vertices: []
algorithms: ['DFBnB_F2E']
lookahead: 2
bsd: False
cube_first_dims: 4
cube_buffer_dim: None
backward_sym_generation: False
sym_coil: False
prefix_set: None

---------- mazes/13x13_maze_with_1_open_diamonds_0 ----------
[00:00:01:20:642] Path of length 92 found: [0, 1, 2, 3, 4, 17, 30, 31, 32, 19, 6, 7, 8, 9, 10, 11, 12, 25, 38, 37, 36, 49, 62, 61, 60, 59, 58, 57, 56, 55, 54, 41, 28, 27, 26, 39, 52, 65, 78, 79, 80, 81, 82, 83, 84, 85, 86, 87, 88, 89, 90, 103, 116, 115, 114, 113, 112, 111, 110, 109, 108, 107, 106, 105, 118, 131, 130, 143, 156, 157, 158, 159, 146, 145, 132, 119, 120, 133, 134, 135, 136, 137, 150, 163, 164, 165, 152, 139, 140, 141, 142, 155, 168]
[00:00:01:20:642] ! Unidirectional s-t. expansions: 23,442, time: 80,642 [ms], path length: 92 [edges], generated: 80,784
[00:00:03:17:701] Valid states checked so far: 200,000, Expansions: 59,839, Global best: 91
[00:00:05:27:090] Path of length 92 found: [168, 155, 142, 141, 140, 139, 152, 165, 164, 163, 150, 137, 136, 135, 134, 133, 120, 119, 132, 145, 146, 159, 158, 157, 156, 143, 130, 131, 118, 105, 106, 107, 108, 109, 110, 111, 112, 113, 114, 115, 116, 103, 90, 89, 88, 87, 86, 85, 84, 83, 82, 81, 80, 79, 78, 65, 52, 39, 26, 27, 28, 41, 54, 55, 56, 57, 58, 59, 60, 61, 62, 63, 64, 51, 38, 25, 12, 11, 10, 9, 8, 7, 6, 19, 32, 31, 30, 17, 4, 3, 2, 1, 0]
[00:00:05:27:091] ! Unidirectional t-s. expansions: 98,873, time: 327,090 [ms], path length: 92 [edges], generated: 327,460
[00:00:14:50:257] Valid meeting checks so far: 200,000, state_vs_state: 12,869, state_vs_prefix: 0, prefix_vs_prefix: 187,131
[00:00:31:10:065] Valid meeting checks so far: 400,000, state_vs_state: 22,425, state_vs_prefix: 0, prefix_vs_prefix: 377,575
[00:00:47:26:424] Valid meeting checks so far: 600,000, state_vs_state: 32,334, state_vs_prefix: 0, prefix_vs_prefix: 567,666
[00:01:02:06:790] Valid meeting checks so far: 800,000, state_vs_state: 43,195, state_vs_prefix: 0, prefix_vs_prefix: 756,805
[00:01:16:06:941] Valid meeting checks so far: 1,000,000, state_vs_state: 52,525, state_vs_prefix: 0, prefix_vs_prefix: 947,475
[00:01:29:10:641] Valid meeting checks so far: 1,200,000, state_vs_state: 61,942, state_vs_prefix: 0, prefix_vs_prefix: 1,138,058
[00:01:42:34:342] Valid meeting checks so far: 1,400,000, state_vs_state: 71,332, state_vs_prefix: 0, prefix_vs_prefix: 1,328,668
[00:01:49:45:472] Path of length 92 found: [0, 1, 2, 3, 4, 17, 30, 31, 32, 19, 6, 7, 8, 9, 10, 11, 12, 25, 38, 37, 36, 49, 62, 61, 60, 59, 58, 57, 56, 55, 54, 41, 28, 27, 26, 39, 52, 65, 78, 79, 80, 81, 82, 83, 84, 85, 86, 87, 88, 89, 90, 103, 116, 115, 114, 113, 112, 111, 110, 109, 108, 107, 106, 105, 118, 131, 130, 143, 144, 157, 158, 159, 146, 145, 132, 119, 120, 133, 134, 135, 136, 137, 150, 163, 164, 165, 152, 139, 140, 141, 142, 155, 168]
[00:01:49:45:473] ! Bidirectional. expansions: 1,259,704, time: 6,585,472 [ms], path length: 92 [edges], g_F: 46, g_B: 46, generated: {'F': 1,748,897, 'B': 1,772,943}, MM: 0, MMPER: -1.0%
[00:01:49:45:473] 
---------- mazes/13x13_maze_with_1_open_diamonds_1 ----------
[00:00:01:58:399] Path of length 90 found: [0, 13, 26, 39, 52, 53, 54, 41, 28, 15, 2, 3, 4, 17, 16, 29, 30, 43, 42, 55, 56, 57, 58, 45, 32, 19, 6, 7, 8, 9, 10, 11, 12, 25, 38, 37, 36, 49, 62, 61, 74, 87, 88, 89, 90, 103, 116, 115, 114, 113, 112, 99, 86, 85, 84, 83, 82, 81, 80, 79, 92, 105, 106, 107, 108, 109, 122, 135, 134, 133, 132, 131, 130, 143, 156, 157, 158, 159, 160, 161, 162, 163, 164, 165, 152, 139, 140, 141, 142, 155, 168]
[00:00:01:58:399] ! Unidirectional s-t. expansions: 34,364, time: 118,399 [ms], path length: 90 [edges], generated: 105,165
[00:00:00:03:944] Path of length 90 found: [168, 155, 142, 141, 140, 139, 152, 165, 164, 163, 162, 161, 160, 159, 158, 157, 156, 143, 130, 131, 132, 133, 134, 135, 122, 109, 108, 107, 106, 105, 92, 79, 80, 81, 82, 83, 84, 85, 86, 99, 112, 113, 114, 115, 116, 103, 90, 89, 88, 87, 74, 61, 62, 63, 64, 51, 38, 25, 12, 11, 10, 9, 8, 7, 6, 19, 32, 45, 58, 57, 56, 43, 30, 17, 4, 3, 2, 15, 16, 29, 28, 41, 42, 55, 54, 53, 52, 39, 26, 13, 0]
[00:00:00:03:944] ! Unidirectional t-s. expansions: 1,241, time: 3,944 [ms], path length: 90 [edges], generated: 4,854
[00:00:13:07:447] Valid meeting checks so far: 200,000, state_vs_state: 10,101, state_vs_prefix: 0, prefix_vs_prefix: 189,899
[00:00:20:12:851] Path of length 90 found: [0, 13, 26, 39, 52, 53, 54, 41, 28, 15, 2, 3, 4, 17, 16, 29, 30, 43, 42, 55, 56, 57, 58, 45, 32, 19, 6, 7, 8, 9, 10, 11, 12, 25, 38, 37, 36, 49, 62, 61, 74, 87, 88, 89, 90, 103, 116, 115, 114, 113, 112, 99, 86, 85, 84, 83, 82, 81, 80, 79, 92, 105, 106, 107, 108, 109, 122, 135, 134, 133, 132, 131, 130, 143, 156, 157, 158, 159, 160, 161, 162, 163, 164, 165, 152, 139, 140, 141, 142, 155, 168]
[00:00:20:12:852] ! Bidirectional. expansions: 265,684, time: 1,212,851 [ms], path length: 90 [edges], g_F: 45, g_B: 45, generated: {'F': 370,854, 'B': 345,621}, MM: 0, MMPER: -1.0%
[00:00:20:12:852] 
---------- mazes/13x13_maze_with_1_open_diamonds_2 ----------
[00:00:01:04:393] Path of length 92 found: [0, 1, 2, 3, 4, 17, 30, 43, 56, 55, 54, 41, 28, 27, 26, 39, 52, 65, 78, 79, 80, 81, 82, 83, 70, 57, 58, 45, 32, 19, 6, 7, 8, 9, 10, 11, 12, 25, 38, 37, 36, 49, 62, 61, 60, 59, 72, 71, 84, 85, 98, 99, 86, 87, 88, 89, 90, 103, 116, 115, 114, 113, 112, 111, 110, 97, 96, 109, 122, 135, 134, 133, 132, 131, 130, 143, 156, 157, 158, 159, 160, 161, 162, 163, 164, 165, 152, 139, 140, 141, 142, 155, 168]
[00:00:01:04:394] ! Unidirectional s-t. expansions: 19,162, time: 64,393 [ms], path length: 92 [edges], generated: 66,257
[00:00:01:21:955] Path of length 92 found: [168, 155, 142, 141, 140, 139, 152, 165, 164, 163, 162, 161, 160, 159, 158, 157, 156, 143, 130, 131, 132, 133, 134, 135, 122, 109, 108, 107, 106, 105, 92, 79, 78, 65, 52, 39, 26, 27, 28, 41, 54, 55, 56, 57, 70, 83, 96, 97, 110, 111, 98, 99, 112, 113, 114, 115, 116, 103, 90, 89, 88, 87, 86, 85, 84, 71, 72, 59, 60, 61, 62, 63, 64, 51, 38, 25, 12, 11, 10, 9, 8, 7, 6, 19, 32, 31, 30, 17, 4, 3, 2, 1, 0]
[00:00:01:21:955] ! Unidirectional t-s. expansions: 28,453, time: 81,955 [ms], path length: 92 [edges], generated: 95,592
[00:00:11:12:725] Valid meeting checks so far: 200,000, state_vs_state: 13,559, state_vs_prefix: 0, prefix_vs_prefix: 186,441
[00:00:20:08:757] Path of length 92 found: [0, 1, 2, 3, 4, 17, 30, 43, 56, 55, 54, 41, 28, 27, 26, 39, 52, 65, 78, 79, 80, 81, 82, 83, 70, 57, 58, 45, 32, 19, 6, 7, 8, 9, 10, 11, 12, 25, 38, 37, 36, 49, 62, 61, 60, 59, 72, 71, 84, 85, 86, 87, 88, 89, 90, 103, 116, 115, 114, 113, 112, 99, 98, 111, 110, 97, 96, 109, 122, 135, 134, 133, 132, 131, 130, 143, 156, 157, 158, 159, 160, 161, 162, 163, 164, 165, 152, 139, 140, 141, 142, 155, 168]
[00:00:20:08:758] ! Bidirectional. expansions: 248,968, time: 1,208,757 [ms], path length: 92 [edges], g_F: 46, g_B: 46, generated: {'F': 378,814, 'B': 373,240}, MM: 0, MMPER: -1.0%
[00:00:20:08:758] 
---------- mazes/13x13_maze_with_1_open_diamonds_3 ----------
[00:00:00:38:991] Path of length 90 found: [0, 1, 2, 3, 4, 17, 30, 43, 56, 55, 54, 41, 28, 27, 26, 39, 52, 65, 78, 79, 80, 81, 82, 83, 84, 71, 58, 45, 32, 19, 6, 7, 8, 9, 10, 11, 12, 25, 38, 37, 36, 49, 62, 61, 74, 87, 86, 85, 98, 99, 100, 101, 88, 89, 90, 103, 102, 115, 116, 129, 142, 141, 140, 139, 126, 113, 112, 111, 110, 109, 122, 135, 134, 133, 132, 131, 130, 143, 156, 157, 158, 159, 160, 161, 162, 163, 164, 165, 166, 167, 168]
[00:00:00:38:992] ! Unidirectional s-t. expansions: 11,994, time: 38,991 [ms], path length: 90 [edges], generated: 42,076
[00:00:01:56:230] Path of length 90 found: [168, 167, 166, 165, 164, 163, 162, 161, 160, 159, 158, 157, 156, 143, 130, 131, 132, 133, 134, 135, 122, 109, 108, 107, 106, 105, 92, 79, 78, 65, 52, 39, 26, 27, 28, 41, 54, 55, 56, 57, 58, 71, 84, 85, 98, 111, 112, 113, 126, 139, 140, 141, 142, 129, 116, 103, 90, 89, 102, 115, 114, 101, 100, 99, 86, 87, 74, 61, 62, 63, 64, 51, 38, 25, 12, 11, 10, 9, 8, 7, 6, 19, 32, 31, 30, 17, 4, 3, 2, 1, 0]
[00:00:01:56:230] ! Unidirectional t-s. expansions: 37,398, time: 116,230 [ms], path length: 90 [edges], generated: 126,519
[00:00:12:19:018] Valid meeting checks so far: 200,000, state_vs_state: 13,192, state_vs_prefix: 0, prefix_vs_prefix: 186,808
[00:00:25:12:913] Valid meeting checks so far: 400,000, state_vs_state: 20,435, state_vs_prefix: 0, prefix_vs_prefix: 379,565
[00:00:27:16:083] Path of length 90 found: [0, 1, 2, 3, 4, 17, 30, 43, 56, 55, 54, 41, 28, 27, 26, 39, 52, 65, 78, 79, 80, 81, 82, 83, 84, 71, 58, 45, 32, 19, 6, 7, 8, 9, 10, 11, 12, 25, 38, 37, 36, 49, 62, 61, 74, 87, 88, 101, 114, 115, 102, 89, 90, 103, 116, 129, 142, 141, 140, 139, 126, 113, 112, 99, 86, 85, 98, 111, 110, 109, 122, 135, 134, 133, 132, 131, 130, 143, 156, 157, 158, 159, 160, 161, 162, 163, 164, 165, 166, 167, 168]
[00:00:27:16:084] ! Bidirectional. expansions: 351,187, time: 1,636,083 [ms], path length: 90 [edges], g_F: 45, g_B: 45, generated: {'F': 490,442, 'B': 496,022}, MM: 0, MMPER: -1.0%
[00:00:27:16:084] 
---------- mazes/13x13_maze_with_1_open_diamonds_4 ----------
[00:00:01:16:069] Path of length 92 found: [0, 1, 2, 3, 4, 17, 30, 43, 56, 55, 54, 41, 28, 27, 26, 39, 52, 65, 78, 79, 80, 81, 82, 95, 108, 107, 106, 119, 132, 131, 130, 143, 156, 157, 158, 159, 160, 161, 162, 163, 150, 137, 136, 135, 134, 133, 120, 121, 122, 109, 110, 111, 112, 99, 86, 85, 84, 71, 58, 45, 32, 19, 6, 7, 8, 9, 10, 11, 12, 25, 38, 37, 36, 49, 62, 61, 74, 87, 88, 89, 90, 103, 116, 129, 142, 141, 140, 139, 152, 165, 166, 167, 168]
[00:00:01:16:070] ! Unidirectional s-t. expansions: 23,004, time: 76,069 [ms], path length: 92 [edges], generated: 86,424
[00:00:03:06:220] Path of length 92 found: [168, 167, 166, 165, 152, 139, 140, 141, 142, 129, 116, 103, 90, 89, 88, 87, 74, 61, 62, 63, 64, 51, 38, 25, 12, 11, 10, 9, 8, 7, 6, 19, 32, 45, 58, 71, 84, 85, 86, 99, 112, 111, 110, 109, 122, 123, 136, 137, 150, 163, 162, 161, 160, 159, 158, 157, 156, 143, 130, 131, 132, 119, 106, 107, 120, 133, 134, 121, 108, 95, 82, 81, 80, 79, 78, 65, 52, 39, 26, 27, 28, 41, 54, 55, 56, 43, 30, 17, 4, 3, 2, 1, 0]
[00:00:03:06:220] ! Unidirectional t-s. expansions: 58,330, time: 186,220 [ms], path length: 92 [edges], generated: 199,664
[00:00:11:03:807] Valid meeting checks so far: 200,000, state_vs_state: 12,419, state_vs_prefix: 0, prefix_vs_prefix: 187,581
[00:00:22:52:125] Valid meeting checks so far: 400,000, state_vs_state: 21,812, state_vs_prefix: 0, prefix_vs_prefix: 378,188
[00:00:34:32:478] Valid meeting checks so far: 600,000, state_vs_state: 32,305, state_vs_prefix: 0, prefix_vs_prefix: 567,695
[00:00:46:40:932] Valid meeting checks so far: 800,000, state_vs_state: 40,915, state_vs_prefix: 0, prefix_vs_prefix: 759,085
[00:00:58:49:486] Valid meeting checks so far: 1,000,000, state_vs_state: 50,732, state_vs_prefix: 0, prefix_vs_prefix: 949,268
[00:01:01:20:203] Path of length 92 found: [0, 1, 2, 3, 4, 17, 30, 43, 56, 55, 54, 41, 28, 27, 26, 39, 52, 65, 78, 79, 80, 81, 82, 95, 108, 107, 106, 119, 132, 131, 130, 143, 156, 157, 158, 159, 160, 161, 162, 163, 150, 137, 136, 135, 134, 133, 120, 121, 122, 109, 110, 111, 112, 99, 86, 85, 84, 71, 58, 45, 32, 19, 6, 7, 8, 9, 10, 11, 12, 25, 38, 51, 64, 63, 62, 61, 74, 87, 88, 89, 90, 103, 116, 129, 142, 141, 140, 139, 152, 165, 166, 167, 168]
[00:01:01:20:204] ! Bidirectional. expansions: 828,916, time: 3,680,204 [ms], path length: 92 [edges], g_F: 46, g_B: 46, generated: {'F': 1,177,986, 'B': 1,164,908}, MM: 0, MMPER: -1.0%
[00:01:01:20:205] 
---------- mazes/13x13_maze_with_1_open_diamonds_5 ----------
[00:00:01:17:997] Path of length 92 found: [0, 1, 2, 3, 4, 17, 30, 43, 56, 55, 54, 41, 28, 27, 26, 39, 52, 65, 78, 79, 80, 81, 94, 107, 106, 105, 118, 131, 130, 143, 156, 157, 158, 159, 160, 161, 162, 163, 150, 137, 136, 135, 134, 133, 132, 119, 120, 121, 108, 109, 110, 111, 112, 99, 86, 85, 84, 71, 58, 45, 32, 19, 6, 7, 8, 9, 10, 11, 12, 25, 38, 37, 36, 49, 62, 61, 74, 87, 88, 89, 90, 103, 116, 129, 142, 141, 140, 139, 152, 165, 166, 167, 168]
[00:00:01:17:998] ! Unidirectional s-t. expansions: 25,427, time: 77,997 [ms], path length: 92 [edges], generated: 88,965
[00:00:02:50:891] Path of length 92 found: [168, 167, 166, 165, 152, 139, 140, 141, 142, 129, 116, 103, 90, 89, 88, 87, 74, 61, 62, 63, 64, 51, 38, 25, 12, 11, 10, 9, 8, 7, 6, 19, 32, 45, 58, 71, 84, 85, 86, 99, 112, 111, 110, 109, 108, 121, 122, 135, 136, 137, 150, 163, 162, 161, 160, 159, 158, 157, 156, 143, 130, 131, 118, 105, 106, 119, 132, 133, 120, 107, 94, 81, 80, 79, 78, 65, 52, 39, 26, 27, 28, 41, 54, 55, 56, 43, 30, 17, 4, 3, 2, 1, 0]
[00:00:02:50:892] ! Unidirectional t-s. expansions: 55,244, time: 170,892 [ms], path length: 92 [edges], generated: 186,007
[00:00:10:57:976] Valid meeting checks so far: 200,000, state_vs_state: 12,767, state_vs_prefix: 0, prefix_vs_prefix: 187,233
[00:00:22:48:202] Valid meeting checks so far: 400,000, state_vs_state: 22,064, state_vs_prefix: 0, prefix_vs_prefix: 377,936
[00:00:34:17:321] Valid meeting checks so far: 600,000, state_vs_state: 32,934, state_vs_prefix: 0, prefix_vs_prefix: 567,066
[00:00:46:24:049] Valid meeting checks so far: 800,000, state_vs_state: 42,269, state_vs_prefix: 0, prefix_vs_prefix: 757,731
[00:00:59:28:553] Valid meeting checks so far: 1,000,000, state_vs_state: 50,958, state_vs_prefix: 0, prefix_vs_prefix: 949,042
[00:01:04:14:155] Path of length 92 found: [0, 1, 2, 3, 4, 17, 30, 43, 56, 55, 54, 41, 28, 27, 26, 39, 52, 65, 78, 79, 80, 81, 94, 107, 106, 105, 118, 131, 130, 143, 156, 157, 158, 159, 160, 161, 162, 163, 150, 137, 136, 135, 134, 133, 132, 119, 120, 121, 108, 109, 110, 111, 112, 99, 86, 85, 84, 71, 58, 45, 32, 19, 6, 7, 8, 9, 10, 11, 12, 25, 38, 51, 64, 63, 62, 61, 74, 87, 88, 89, 90, 103, 116, 129, 142, 141, 140, 139, 152, 165, 166, 167, 168]
[00:01:04:14:155] ! Bidirectional. expansions: 846,508, time: 3,854,155 [ms], path length: 92 [edges], g_F: 46, g_B: 46, generated: {'F': 1,214,772, 'B': 1,200,572}, MM: 0, MMPER: -1.0%
[00:01:04:14:156] 
---------- mazes/13x13_maze_with_1_open_diamonds_6 ----------
[00:00:00:40:147] Path of length 92 found: [0, 1, 2, 3, 4, 17, 30, 43, 56, 55, 54, 41, 28, 27, 26, 39, 52, 65, 78, 79, 80, 81, 82, 83, 84, 71, 58, 45, 32, 19, 6, 7, 8, 9, 10, 11, 12, 25, 38, 51, 64, 63, 62, 49, 36, 35, 34, 47, 60, 59, 72, 85, 86, 73, 74, 87, 88, 89, 90, 103, 116, 115, 114, 113, 112, 111, 110, 109, 122, 135, 134, 133, 132, 131, 130, 143, 156, 157, 158, 159, 160, 161, 162, 163, 164, 165, 152, 139, 140, 141, 142, 155, 168]
[00:00:00:40:147] ! Unidirectional s-t. expansions: 11,642, time: 40,147 [ms], path length: 92 [edges], generated: 40,337
[00:00:00:27:002] Path of length 92 found: [168, 155, 142, 141, 140, 139, 152, 165, 164, 163, 162, 161, 160, 159, 158, 157, 156, 143, 130, 131, 132, 133, 134, 135, 122, 109, 108, 107, 106, 105, 92, 79, 78, 65, 52, 39, 26, 27, 28, 41, 54, 55, 56, 57, 58, 71, 84, 85, 72, 73, 86, 99, 112, 113, 114, 115, 116, 103, 90, 89, 88, 87, 74, 61, 60, 47, 34, 35, 36, 49, 62, 63, 64, 51, 38, 25, 12, 11, 10, 9, 8, 7, 6, 19, 32, 31, 30, 17, 4, 3, 2, 1, 0]
[00:00:00:27:002] ! Unidirectional t-s. expansions: 9,319, time: 27,002 [ms], path length: 92 [edges], generated: 32,996
[00:00:06:08:651] Path of length 92 found: [0, 1, 2, 3, 4, 17, 30, 43, 56, 55, 54, 41, 28, 27, 26, 39, 52, 65, 78, 79, 80, 81, 82, 83, 84, 71, 58, 45, 32, 19, 6, 7, 8, 9, 10, 11, 12, 25, 38, 51, 64, 63, 62, 49, 36, 35, 34, 47, 60, 59, 72, 73, 86, 87, 74, 75, 88, 89, 90, 103, 116, 115, 114, 113, 112, 111, 110, 109, 122, 135, 134, 133, 132, 131, 130, 143, 156, 157, 158, 159, 160, 161, 162, 163, 164, 165, 152, 139, 140, 141, 142, 155, 168]
[00:00:06:08:652] ! Bidirectional. expansions: 77,721, time: 368,651 [ms], path length: 92 [edges], g_F: 46, g_B: 46, generated: {'F': 115,222, 'B': 121,912}, MM: 0, MMPER: -1.0%
[00:00:06:08:652] 
---------- mazes/13x13_maze_with_1_open_diamonds_7 ----------
[00:00:00:53:229] Path of length 94 found: [0, 1, 2, 3, 4, 17, 30, 31, 32, 19, 6, 7, 20, 21, 8, 9, 10, 11, 12, 25, 38, 51, 64, 63, 62, 49, 36, 35, 34, 33, 46, 47, 60, 61, 74, 87, 88, 89, 90, 103, 116, 115, 114, 113, 112, 99, 86, 85, 84, 71, 58, 57, 56, 55, 54, 41, 28, 27, 26, 39, 52, 65, 78, 79, 92, 105, 106, 107, 108, 109, 122, 135, 134, 133, 132, 131, 130, 143, 156, 157, 158, 159, 160, 161, 162, 163, 164, 165, 152, 139, 140, 141, 142, 155, 168]
[00:00:00:53:229] ! Unidirectional s-t. expansions: 15,275, time: 53,229 [ms], path length: 94 [edges], generated: 49,084
[00:00:00:09:123] Path of length 94 found: [168, 155, 142, 141, 140, 139, 152, 165, 164, 163, 162, 161, 160, 159, 158, 157, 156, 143, 130, 131, 132, 133, 134, 135, 122, 109, 108, 107, 106, 105, 92, 79, 78, 65, 52, 39, 26, 27, 28, 41, 54, 55, 56, 57, 58, 71, 84, 85, 86, 99, 112, 113, 114, 115, 116, 103, 90, 89, 88, 87, 74, 61, 60, 59, 46, 47, 34, 35, 36, 49, 62, 63, 64, 51, 38, 25, 12, 11, 10, 9, 8, 21, 20, 7, 6, 19, 32, 31, 30, 17, 4, 3, 2, 1, 0]
[00:00:00:09:124] ! Unidirectional t-s. expansions: 3,433, time: 9,123 [ms], path length: 94 [edges], generated: 13,824
[00:00:06:41:480] Path of length 94 found: [0, 1, 2, 3, 4, 17, 30, 31, 32, 19, 6, 7, 20, 21, 8, 9, 10, 11, 12, 25, 38, 51, 64, 63, 62, 49, 36, 35, 34, 33, 46, 59, 60, 61, 74, 87, 88, 89, 90, 103, 116, 115, 114, 113, 112, 99, 86, 85, 84, 71, 58, 57, 56, 55, 54, 41, 28, 27, 26, 39, 52, 65, 78, 79, 92, 105, 106, 107, 108, 109, 122, 135, 134, 133, 132, 131, 130, 143, 156, 157, 158, 159, 160, 161, 162, 163, 164, 165, 152, 139, 140, 141, 142, 155, 168]
[00:00:06:41:481] ! Bidirectional. expansions: 88,660, time: 401,480 [ms], path length: 94 [edges], g_F: 47, g_B: 47, generated: {'F': 124,563, 'B': 116,142}, MM: 0, MMPER: -1.0%
[00:00:06:41:481] 
---------- mazes/13x13_maze_with_1_open_diamonds_8 ----------
[00:00:00:53:318] Path of length 94 found: [0, 1, 2, 3, 4, 17, 30, 31, 32, 19, 6, 7, 20, 21, 8, 9, 10, 11, 12, 25, 38, 51, 64, 63, 62, 49, 36, 35, 34, 33, 46, 47, 60, 61, 74, 87, 88, 89, 90, 103, 116, 115, 114, 113, 112, 99, 86, 85, 84, 71, 58, 57, 56, 55, 54, 41, 28, 27, 26, 39, 52, 65, 78, 79, 92, 105, 106, 107, 108, 109, 122, 135, 134, 133, 132, 131, 130, 143, 156, 157, 158, 159, 160, 161, 162, 163, 164, 165, 152, 139, 140, 141, 142, 155, 168]
[00:00:00:53:319] ! Unidirectional s-t. expansions: 15,275, time: 53,318 [ms], path length: 94 [edges], generated: 49,084
[00:00:00:09:132] Path of length 94 found: [168, 155, 142, 141, 140, 139, 152, 165, 164, 163, 162, 161, 160, 159, 158, 157, 156, 143, 130, 131, 132, 133, 134, 135, 122, 109, 108, 107, 106, 105, 92, 79, 78, 65, 52, 39, 26, 27, 28, 41, 54, 55, 56, 57, 58, 71, 84, 85, 86, 99, 112, 113, 114, 115, 116, 103, 90, 89, 88, 87, 74, 61, 60, 59, 46, 47, 34, 35, 36, 49, 62, 63, 64, 51, 38, 25, 12, 11, 10, 9, 8, 21, 20, 7, 6, 19, 32, 31, 30, 17, 4, 3, 2, 1, 0]
[00:00:00:09:133] ! Unidirectional t-s. expansions: 3,433, time: 9,133 [ms], path length: 94 [edges], generated: 13,824
[00:00:06:41:089] Path of length 94 found: [0, 1, 2, 3, 4, 17, 30, 31, 32, 19, 6, 7, 20, 21, 8, 9, 10, 11, 12, 25, 38, 51, 64, 63, 62, 49, 36, 35, 34, 33, 46, 59, 60, 61, 74, 87, 88, 89, 90, 103, 116, 115, 114, 113, 112, 99, 86, 85, 84, 71, 58, 57, 56, 55, 54, 41, 28, 27, 26, 39, 52, 65, 78, 79, 92, 105, 106, 107, 108, 109, 122, 135, 134, 133, 132, 131, 130, 143, 156, 157, 158, 159, 160, 161, 162, 163, 164, 165, 152, 139, 140, 141, 142, 155, 168]
[00:00:06:41:090] ! Bidirectional. expansions: 88,660, time: 401,089 [ms], path length: 94 [edges], g_F: 47, g_B: 47, generated: {'F': 124,563, 'B': 116,142}, MM: 0, MMPER: -1.0%
[00:00:06:41:090] 
---------- mazes/13x13_maze_with_1_open_diamonds_9 ----------
[00:00:01:21:716] Path of length 92 found: [0, 1, 2, 3, 4, 17, 30, 43, 56, 55, 54, 41, 28, 27, 26, 39, 52, 65, 78, 79, 92, 105, 106, 107, 108, 109, 122, 135, 134, 133, 132, 131, 130, 143, 156, 157, 158, 159, 160, 161, 162, 163, 150, 137, 136, 123, 110, 111, 124, 125, 126, 113, 112, 99, 98, 85, 84, 71, 58, 45, 32, 19, 6, 7, 8, 9, 10, 11, 12, 25, 38, 37, 36, 49, 62, 61, 74, 87, 88, 89, 90, 103, 116, 129, 142, 141, 140, 139, 152, 165, 166, 167, 168]
[00:00:01:21:716] ! Unidirectional s-t. expansions: 26,291, time: 81,716 [ms], path length: 92 [edges], generated: 95,046
[00:00:03:02:124] Valid states checked so far: 200,000, Expansions: 61,094, Global best: 93
[00:00:06:06:407] Valid states checked so far: 400,000, Expansions: 122,490, Global best: 93
[00:00:07:18:851] Path of length 92 found: [168, 167, 166, 165, 152, 139, 140, 141, 142, 129, 116, 103, 90, 89, 88, 87, 74, 61, 62, 63, 64, 51, 38, 25, 12, 11, 10, 9, 8, 7, 6, 19, 32, 45, 58, 71, 84, 85, 86, 99, 98, 111, 112, 113, 126, 125, 138, 137, 150, 163, 162, 161, 160, 159, 158, 157, 156, 143, 130, 131, 132, 133, 134, 135, 136, 123, 110, 109, 108, 107, 106, 105, 92, 79, 78, 65, 52, 39, 26, 27, 28, 41, 54, 55, 56, 43, 30, 17, 4, 3, 2, 1, 0]
[00:00:07:18:851] ! Unidirectional t-s. expansions: 144,785, time: 438,851 [ms], path length: 92 [edges], generated: 472,714
[00:00:12:34:576] Valid meeting checks so far: 200,000, state_vs_state: 10,681, state_vs_prefix: 0, prefix_vs_prefix: 189,319
[00:00:24:56:857] Valid meeting checks so far: 400,000, state_vs_state: 23,622, state_vs_prefix: 0, prefix_vs_prefix: 376,378
[00:00:37:27:312] Valid meeting checks so far: 600,000, state_vs_state: 35,556, state_vs_prefix: 0, prefix_vs_prefix: 564,444
[00:00:50:15:975] Valid meeting checks so far: 800,000, state_vs_state: 45,539, state_vs_prefix: 0, prefix_vs_prefix: 754,461
[00:01:03:34:814] Valid meeting checks so far: 1,000,000, state_vs_state: 55,345, state_vs_prefix: 0, prefix_vs_prefix: 944,655
[00:01:17:10:676] Valid meeting checks so far: 1,200,000, state_vs_state: 66,028, state_vs_prefix: 0, prefix_vs_prefix: 1,133,972
[00:01:27:47:129] Path of length 92 found: [0, 1, 2, 3, 4, 17, 30, 43, 56, 55, 54, 41, 28, 27, 26, 39, 52, 65, 78, 79, 92, 105, 106, 107, 108, 109, 122, 135, 134, 133, 132, 131, 130, 143, 156, 157, 158, 159, 160, 161, 162, 163, 150, 137, 136, 123, 124, 125, 126, 113, 112, 111, 98, 99, 86, 85, 84, 71, 58, 45, 32, 19, 6, 7, 8, 9, 10, 11, 12, 25, 38, 51, 64, 63, 62, 61, 74, 87, 88, 89, 90, 103, 116, 129, 142, 141, 140, 139, 152, 165, 166, 167, 168]
[00:01:27:47:130] ! Bidirectional. expansions: 1,095,700, time: 5,267,129 [ms], path length: 92 [edges], g_F: 46, g_B: 46, generated: {'F': 1,522,173, 'B': 1,501,057}, MM: 0, MMPER: -1.0%
[00:01:27:47:130] average expansions: (20,588, 44,051, 515,171, 0)
[00:01:27:47:130] average time: (68,490, 137,044, 2,461,587, 0)
[00:01:27:47:130] : 20,588 , 68,490 (expansions , time[ms])
[00:01:27:47:130] : 515,171 , 2,461,587 (expansions , time[ms])

