--------------------------
date: mazes
number_of_graphs: 10
graph_type: maze
size_of_graphs: [13, 13]
heuristic: bcc_heuristic
snake: False
run_uni: True
run_bi: True
run_multi: False
solution_vertices: []
algorithms: ['XMM']
lookahead: 2
bsd: False
cube_first_dims: 4
cube_buffer_dim: None
backward_sym_generation: False
sym_coil: False
prefix_set: None

---------- mazes/13x13_maze_with_1_open_diamonds_0 ----------
[00:00:00:23:807] Expansion 10,000: state None, f=97, g=35
[00:00:00:46:411] Expansion 20,000: state None, f=95, g=20
[00:00:01:06:869] Expansion 30,000: state None, f=93, g=30
[00:00:01:10:793] Path of length 92 found: [0, 1, 2, 3, 4, 17, 30, 31, 32, 19, 6, 7, 8, 9, 10, 11, 12, 25, 38, 37, 36, 49, 62, 61, 60, 59, 58, 57, 56, 55, 54, 41, 28, 27, 26, 39, 52, 65, 78, 79, 80, 81, 82, 83, 84, 85, 86, 87, 88, 89, 90, 103, 116, 115, 114, 113, 112, 111, 110, 109, 122, 135, 134, 133, 132, 119, 120, 107, 106, 105, 118, 131, 130, 143, 156, 157, 144, 145, 146, 159, 160, 161, 162, 163, 164, 165, 152, 139, 140, 141, 142, 155, 168]
[00:00:01:10:794] ! Unidirectional s-t. expansions: 31,360, time: 70,793 [ms], path length: 92 [edges], generated: 47,235
[00:00:00:28:514] Expansion 10,000: state None, f=101, g=28
[00:00:00:51:990] Expansion 20,000: state None, f=99, g=45
[00:00:01:13:009] Expansion 30,000: state None, f=98, g=33
[00:00:01:35:246] Expansion 40,000: state None, f=97, g=38
[00:00:01:55:206] Expansion 50,000: state None, f=96, g=42
[00:00:02:17:970] Expansion 60,000: state None, f=95, g=60
[00:00:02:39:495] Expansion 70,000: state None, f=95, g=23
[00:00:02:56:990] Expansion 80,000: state None, f=94, g=43
[00:00:03:19:627] Expansion 90,000: state None, f=94, g=31
[00:00:03:37:258] Expansion 100,000: state None, f=93, g=45
[00:00:03:59:159] Path of length 92 found: [168, 155, 142, 141, 140, 139, 152, 165, 164, 163, 150, 137, 136, 135, 134, 133, 146, 159, 158, 157, 156, 143, 130, 131, 144, 145, 132, 119, 118, 105, 106, 107, 108, 109, 110, 111, 112, 113, 114, 115, 116, 103, 90, 89, 88, 87, 86, 85, 84, 83, 82, 81, 80, 79, 78, 65, 52, 39, 26, 27, 28, 41, 54, 55, 56, 57, 58, 59, 60, 61, 62, 63, 64, 51, 38, 25, 12, 11, 10, 9, 8, 7, 6, 19, 32, 31, 30, 17, 4, 3, 2, 1, 0]
[00:00:03:59:161] ! Unidirectional t-s. expansions: 108,294, time: 239,159 [ms], path length: 92 [edges], generated: 154,445
[00:00:00:50:227] Expansion 20,000: f=100, g=43
[00:00:01:55:505] Expansion 40,000: f=97, g=41
[00:00:02:44:480] Expansion 60,000: f=96, g=30
[00:00:03:33:095] Expansion 80,000: f=94, g=28
[00:00:04:20:938] Path of length 92 found: [0, 1, 2, 3, 4, 17, 30, 31, 32, 19, 6, 7, 8, 9, 10, 11, 12, 25, 38, 37, 36, 49, 62, 61, 60, 59, 58, 57, 56, 55, 54, 41, 28, 27, 26, 39, 52, 65, 78, 79, 80, 81, 82, 83, 84, 85, 86, 87, 88, 89, 90, 103, 116, 115, 114, 113, 112, 111, 110, 109, 108, 107, 106, 105, 118, 119, 132, 145, 144, 131, 130, 143, 156, 157, 158, 159, 146, 133, 134, 135, 136, 137, 150, 163, 164, 165, 152, 139, 140, 141, 142, 155, 168]
[00:00:04:20:943] ! Bidirectional. expansions: 98,880, time: 260,939 [ms], path length: 92 [edges], g_F: 41, g_B: 51, generated: 139,473, MM: 10, MMPER: 9.75268817204301%
[00:00:04:20:946] 
---------- mazes/13x13_maze_with_1_open_diamonds_1 ----------
[00:00:00:49:485] Expansion 10,000: state None, f=98, g=40
[00:00:01:14:937] Expansion 20,000: state None, f=95, g=36
[00:00:01:36:172] Expansion 30,000: state None, f=93, g=35
[00:00:02:00:511] Expansion 40,000: state None, f=92, g=23
[00:00:02:17:541] Expansion 50,000: state None, f=91, g=30
[00:00:02:20:745] Path of length 90 found: [0, 1, 2, 15, 28, 27, 26, 39, 52, 53, 54, 41, 42, 29, 16, 3, 4, 17, 30, 43, 56, 57, 58, 45, 32, 19, 6, 7, 8, 9, 10, 11, 12, 25, 38, 37, 36, 49, 62, 61, 74, 87, 88, 89, 90, 103, 116, 115, 114, 113, 112, 99, 86, 85, 84, 83, 82, 81, 80, 79, 92, 105, 106, 107, 108, 109, 122, 135, 134, 133, 132, 131, 130, 143, 156, 157, 158, 159, 160, 161, 162, 163, 164, 165, 152, 139, 140, 141, 142, 155, 168]
[00:00:02:20:748] ! Unidirectional s-t. expansions: 51,200, time: 140,745 [ms], path length: 90 [edges], generated: 69,643
[00:00:00:14:941] Path of length 90 found: [168, 155, 142, 141, 140, 139, 152, 165, 164, 163, 162, 161, 160, 159, 158, 157, 156, 143, 130, 131, 132, 133, 134, 135, 122, 109, 108, 107, 106, 105, 92, 79, 80, 81, 82, 83, 84, 85, 86, 99, 112, 113, 114, 115, 116, 103, 90, 89, 88, 87, 74, 61, 62, 63, 64, 51, 38, 25, 12, 11, 10, 9, 8, 7, 6, 19, 32, 45, 58, 57, 56, 43, 30, 17, 4, 3, 16, 29, 42, 55, 54, 53, 52, 39, 26, 27, 28, 15, 2, 1, 0]
[00:00:00:14:959] ! Unidirectional t-s. expansions: 1,607, time: 14,941 [ms], path length: 90 [edges], generated: 2,500
[00:00:00:54:319] Expansion 20,000: f=95, g=22
[00:00:01:40:138] Expansion 40,000: f=91, g=22
[00:00:01:42:039] Path of length 90 found: [0, 1, 2, 15, 28, 27, 26, 39, 52, 53, 54, 41, 42, 29, 16, 3, 4, 17, 30, 43, 56, 57, 58, 45, 32, 19, 6, 7, 8, 9, 10, 11, 12, 25, 38, 37, 36, 49, 62, 61, 74, 87, 88, 89, 90, 103, 116, 115, 114, 113, 112, 99, 86, 85, 84, 83, 82, 81, 80, 79, 92, 105, 106, 107, 108, 109, 122, 135, 134, 133, 132, 131, 130, 143, 156, 157, 158, 159, 160, 161, 162, 163, 164, 165, 152, 139, 140, 141, 142, 155, 168]
[00:00:01:42:045] ! Bidirectional. expansions: 40,772, time: 102,039 [ms], path length: 90 [edges], g_F: 39, g_B: 51, generated: 56,015, MM: 12, MMPER: 12.186813186813186%
[00:00:01:42:047] 
---------- mazes/13x13_maze_with_1_open_diamonds_2 ----------
[00:00:00:28:564] Expansion 10,000: state None, f=96, g=47
[00:00:00:48:779] Expansion 20,000: state None, f=94, g=34
[00:00:01:08:715] Path of length 92 found: [0, 1, 2, 3, 4, 17, 30, 43, 56, 55, 54, 41, 28, 27, 26, 39, 52, 65, 78, 79, 80, 81, 82, 83, 70, 57, 58, 45, 32, 19, 6, 7, 8, 9, 10, 11, 12, 25, 38, 37, 36, 49, 62, 61, 60, 59, 72, 71, 84, 85, 86, 87, 88, 89, 90, 103, 116, 115, 114, 113, 112, 99, 98, 111, 110, 97, 96, 109, 122, 135, 134, 133, 132, 131, 130, 143, 156, 157, 158, 159, 160, 161, 162, 163, 164, 165, 152, 139, 140, 141, 142, 155, 168]
[00:00:01:08:718] ! Unidirectional s-t. expansions: 29,438, time: 68,715 [ms], path length: 92 [edges], generated: 44,753
[00:00:00:24:420] Expansion 10,000: state None, f=96, g=49
[00:00:00:41:963] Expansion 20,000: state None, f=94, g=44
[00:00:00:52:378] Path of length 92 found: [168, 155, 142, 141, 140, 139, 152, 165, 164, 163, 162, 161, 160, 159, 158, 157, 156, 143, 130, 131, 132, 133, 134, 135, 122, 109, 110, 111, 112, 113, 114, 115, 116, 103, 90, 89, 88, 87, 86, 99, 98, 85, 72, 59, 60, 61, 62, 63, 64, 51, 38, 25, 12, 11, 10, 9, 8, 7, 6, 19, 32, 45, 58, 57, 70, 71, 84, 97, 96, 83, 82, 81, 80, 79, 78, 65, 52, 39, 26, 27, 28, 41, 54, 55, 56, 43, 30, 17, 4, 3, 2, 1, 0]
[00:00:00:52:386] ! Unidirectional t-s. expansions: 25,254, time: 52,384 [ms], path length: 92 [edges], generated: 36,149
[00:00:00:58:694] Expansion 20,000: f=93, g=40
[00:00:01:34:271] Path of length 92 found: [168, 155, 142, 141, 140, 139, 152, 165, 164, 163, 162, 161, 160, 159, 158, 157, 156, 143, 130, 131, 132, 133, 134, 135, 122, 109, 108, 107, 106, 105, 92, 79, 78, 65, 52, 39, 26, 27, 28, 41, 54, 55, 56, 57, 70, 83, 84, 97, 110, 111, 112, 113, 114, 115, 116, 103, 90, 89, 88, 87, 86, 99, 98, 85, 72, 71, 58, 59, 60, 61, 62, 49, 36, 37, 38, 25, 12, 11, 10, 9, 8, 7, 6, 19, 32, 31, 30, 17, 4, 3, 2, 1, 0]
[00:00:01:34:278] ! Bidirectional. expansions: 33,114, time: 94,275 [ms], path length: 92 [edges], g_F: 44, g_B: 48, generated: 52,422, MM: 4, MMPER: 3.301075268817204%
[00:00:01:34:280] 
---------- mazes/13x13_maze_with_1_open_diamonds_3 ----------
[00:00:00:29:414] Expansion 10,000: state None, f=92, g=56
[00:00:00:49:563] Expansion 20,000: state None, f=91, g=34
[00:00:00:51:676] Path of length 90 found: [0, 1, 2, 3, 4, 17, 30, 31, 32, 19, 6, 7, 8, 9, 10, 11, 12, 25, 38, 37, 36, 49, 62, 61, 60, 59, 58, 57, 56, 55, 54, 41, 28, 27, 26, 39, 52, 65, 78, 79, 80, 81, 82, 83, 84, 85, 86, 87, 88, 89, 90, 103, 116, 129, 142, 141, 140, 139, 126, 113, 114, 115, 102, 101, 100, 99, 98, 111, 110, 109, 122, 135, 134, 133, 132, 131, 130, 143, 156, 157, 158, 159, 160, 161, 162, 163, 164, 165, 166, 167, 168]
[00:00:00:51:678] ! Unidirectional s-t. expansions: 20,438, time: 51,676 [ms], path length: 90 [edges], generated: 31,641
[00:00:00:27:087] Expansion 10,000: state None, f=98, g=58
[00:00:00:48:707] Expansion 20,000: state None, f=95, g=59
[00:00:01:07:750] Expansion 30,000: state None, f=93, g=58
[00:00:01:26:685] Expansion 40,000: state None, f=92, g=39
[00:00:01:45:751] Path of length 90 found: [168, 167, 166, 165, 164, 163, 162, 161, 160, 159, 158, 157, 156, 143, 130, 131, 132, 133, 134, 135, 122, 109, 110, 111, 98, 85, 86, 99, 112, 113, 126, 139, 140, 141, 142, 129, 116, 115, 114, 101, 102, 103, 90, 89, 88, 87, 74, 61, 62, 63, 64, 51, 38, 25, 12, 11, 10, 9, 8, 7, 6, 19, 32, 45, 58, 71, 84, 83, 82, 81, 80, 79, 78, 65, 52, 39, 26, 27, 28, 41, 54, 55, 56, 43, 30, 17, 4, 3, 2, 1, 0]
[00:00:01:45:753] ! Unidirectional t-s. expansions: 49,827, time: 105,751 [ms], path length: 90 [edges], generated: 71,852
[00:00:00:58:594] Expansion 20,000: f=95, g=35
[00:00:01:51:448] Expansion 40,000: f=89, g=43
[00:00:02:04:372] Path of length 90 found: [168, 167, 166, 165, 164, 163, 162, 161, 160, 159, 158, 157, 156, 143, 130, 131, 132, 133, 134, 135, 122, 109, 110, 111, 112, 113, 126, 139, 140, 141, 142, 129, 116, 115, 114, 101, 102, 103, 90, 89, 88, 87, 100, 99, 98, 85, 84, 83, 82, 81, 80, 79, 78, 65, 52, 39, 26, 27, 28, 41, 54, 55, 56, 57, 58, 59, 60, 61, 62, 49, 36, 37, 38, 25, 12, 11, 10, 9, 8, 7, 6, 19, 32, 31, 30, 17, 4, 3, 2, 1, 0]
[00:00:02:04:375] ! Bidirectional. expansions: 44,405, time: 124,372 [ms], path length: 90 [edges], g_F: 50, g_B: 40, generated: 66,725, MM: 10, MMPER: 9.989010989010989%
[00:00:02:04:376] 
---------- mazes/13x13_maze_with_1_open_diamonds_4 ----------
[00:00:00:34:160] Expansion 10,000: state None, f=97, g=59
[00:00:00:56:530] Expansion 20,000: state None, f=95, g=25
[00:00:01:15:886] Expansion 30,000: state None, f=93, g=51
[00:00:01:24:597] Path of length 92 found: [0, 1, 2, 3, 4, 17, 30, 31, 32, 19, 6, 7, 8, 9, 10, 11, 12, 25, 38, 37, 36, 49, 62, 61, 60, 59, 58, 57, 56, 55, 54, 41, 28, 27, 26, 39, 52, 65, 78, 79, 80, 81, 82, 83, 84, 85, 86, 87, 88, 89, 90, 103, 116, 115, 114, 113, 112, 111, 110, 109, 108, 107, 106, 119, 132, 131, 130, 143, 156, 157, 158, 159, 160, 147, 134, 133, 120, 121, 122, 123, 136, 137, 150, 163, 164, 165, 152, 139, 140, 141, 142, 155, 168]
[00:00:01:24:600] ! Unidirectional s-t. expansions: 33,578, time: 84,597 [ms], path length: 92 [edges], generated: 51,823
[00:00:00:32:255] Expansion 10,000: state None, f=101, g=32
[00:00:00:56:396] Expansion 20,000: state None, f=99, g=33
[00:00:01:18:413] Expansion 30,000: state None, f=97, g=50
[00:00:01:39:523] Expansion 40,000: state None, f=96, g=45
[00:00:02:01:240] Expansion 50,000: state None, f=95, g=38
[00:00:02:20:565] Expansion 60,000: state None, f=94, g=63
[00:00:02:41:489] Expansion 70,000: state None, f=93, g=77
[00:00:03:02:799] Expansion 80,000: state None, f=93, g=34
[00:00:03:09:112] Path of length 92 found: [168, 167, 166, 165, 152, 139, 140, 141, 142, 129, 116, 103, 90, 89, 88, 87, 74, 61, 62, 63, 64, 51, 38, 25, 12, 11, 10, 9, 8, 7, 6, 19, 32, 45, 58, 71, 84, 85, 86, 99, 112, 111, 110, 123, 136, 137, 150, 163, 162, 161, 160, 159, 158, 157, 156, 143, 130, 131, 132, 119, 106, 107, 120, 133, 134, 135, 122, 109, 108, 95, 82, 81, 80, 79, 78, 65, 52, 39, 26, 27, 28, 41, 54, 55, 56, 43, 30, 17, 4, 3, 2, 1, 0]
[00:00:03:09:114] ! Unidirectional t-s. expansions: 82,439, time: 189,112 [ms], path length: 92 [edges], generated: 118,601
[00:00:01:05:201] Expansion 20,000: f=99, g=44
[00:00:01:56:007] Expansion 40,000: f=96, g=40
[00:00:02:47:804] Expansion 60,000: f=94, g=17
[00:00:03:39:055] Expansion 80,000: f=92, g=39
[00:00:04:08:023] Path of length 92 found: [0, 1, 2, 3, 4, 17, 30, 31, 32, 19, 6, 7, 8, 9, 10, 11, 12, 25, 38, 37, 36, 49, 62, 61, 60, 59, 58, 57, 56, 55, 54, 41, 28, 27, 26, 39, 52, 65, 78, 79, 92, 105, 106, 107, 120, 121, 122, 109, 108, 95, 82, 83, 84, 85, 86, 87, 88, 89, 90, 103, 116, 115, 114, 113, 112, 111, 110, 123, 136, 135, 134, 133, 132, 131, 130, 143, 156, 157, 158, 159, 160, 161, 162, 163, 164, 165, 152, 139, 140, 141, 142, 155, 168]
[00:00:04:08:026] ! Bidirectional. expansions: 90,131, time: 248,023 [ms], path length: 92 [edges], g_F: 41, g_B: 51, generated: 130,932, MM: 10, MMPER: 9.75268817204301%
[00:00:04:08:028] 
---------- mazes/13x13_maze_with_1_open_diamonds_5 ----------
[00:00:00:23:333] Expansion 10,000: state None, f=98, g=46
[00:00:01:05:049] Expansion 20,000: state None, f=95, g=60
[00:00:01:26:041] Expansion 30,000: state None, f=93, g=71
[00:00:01:42:101] Path of length 92 found: [0, 1, 2, 3, 4, 17, 30, 31, 32, 19, 6, 7, 8, 9, 10, 11, 12, 25, 38, 37, 36, 49, 62, 61, 60, 59, 58, 57, 56, 55, 54, 41, 28, 27, 26, 39, 52, 65, 78, 79, 80, 81, 82, 83, 84, 85, 86, 87, 88, 89, 90, 103, 116, 115, 114, 113, 112, 111, 110, 109, 108, 107, 106, 105, 118, 131, 130, 143, 156, 157, 158, 159, 146, 133, 132, 119, 120, 121, 122, 135, 136, 137, 150, 163, 164, 165, 152, 139, 140, 141, 142, 155, 168]
[00:00:01:42:104] ! Unidirectional s-t. expansions: 36,899, time: 102,101 [ms], path length: 92 [edges], generated: 55,900
[00:00:00:33:125] Expansion 10,000: state None, f=100, g=50
[00:00:00:56:204] Expansion 20,000: state None, f=98, g=49
[00:00:01:19:691] Expansion 30,000: state None, f=97, g=24
[00:00:01:41:586] Expansion 40,000: state None, f=96, g=31
[00:00:02:03:708] Expansion 50,000: state None, f=95, g=17
[00:00:02:23:642] Expansion 60,000: state None, f=94, g=42
[00:00:02:46:605] Expansion 70,000: state None, f=93, g=50
[00:00:03:04:107] Path of length 92 found: [168, 167, 166, 165, 152, 139, 140, 141, 142, 129, 116, 103, 90, 89, 88, 87, 74, 61, 62, 63, 64, 51, 38, 25, 12, 11, 10, 9, 8, 7, 6, 19, 32, 45, 58, 71, 84, 85, 86, 99, 112, 111, 110, 109, 122, 135, 136, 137, 150, 163, 162, 161, 160, 159, 158, 157, 156, 143, 130, 131, 118, 105, 106, 119, 132, 133, 134, 121, 108, 107, 94, 81, 80, 79, 78, 65, 52, 39, 26, 27, 28, 41, 54, 55, 56, 43, 30, 17, 4, 3, 2, 1, 0]
[00:00:03:04:111] ! Unidirectional t-s. expansions: 77,684, time: 184,109 [ms], path length: 92 [edges], generated: 112,634
[00:00:01:07:775] Expansion 20,000: f=99, g=35
[00:00:01:59:815] Expansion 40,000: f=96, g=33
[00:00:02:52:646] Expansion 60,000: f=94, g=32
[00:00:03:43:327] Expansion 80,000: f=92, g=26
[00:00:04:22:032] Path of length 92 found: [0, 1, 2, 3, 4, 17, 30, 31, 32, 19, 6, 7, 8, 9, 10, 11, 12, 25, 38, 37, 36, 49, 62, 61, 60, 59, 58, 57, 56, 55, 54, 41, 28, 27, 26, 39, 52, 65, 78, 79, 92, 105, 106, 119, 120, 121, 108, 107, 94, 81, 82, 83, 84, 85, 86, 87, 88, 89, 90, 103, 116, 115, 114, 113, 112, 111, 110, 109, 122, 135, 134, 133, 132, 131, 130, 143, 156, 157, 158, 159, 160, 161, 162, 163, 164, 165, 152, 139, 140, 141, 142, 155, 168]
[00:00:04:22:047] ! Bidirectional. expansions: 94,093, time: 262,039 [ms], path length: 92 [edges], g_F: 41, g_B: 51, generated: 136,532, MM: 10, MMPER: 9.75268817204301%
[00:00:04:22:048] 
---------- mazes/13x13_maze_with_1_open_diamonds_6 ----------
[00:00:00:44:292] Expansion 10,000: state None, f=95, g=31
[00:00:01:03:181] Path of length 92 found: [0, 1, 2, 3, 4, 17, 30, 43, 56, 55, 54, 41, 28, 27, 26, 39, 52, 65, 78, 79, 80, 81, 82, 83, 84, 71, 58, 45, 32, 19, 6, 7, 8, 9, 10, 11, 12, 25, 38, 51, 64, 63, 62, 49, 36, 35, 34, 47, 60, 59, 72, 85, 86, 73, 74, 87, 88, 89, 90, 103, 116, 115, 114, 113, 112, 111, 110, 109, 122, 135, 134, 133, 132, 131, 130, 143, 156, 157, 158, 159, 160, 161, 162, 163, 164, 165, 152, 139, 140, 141, 142, 155, 168]
[00:00:01:03:185] ! Unidirectional s-t. expansions: 19,096, time: 63,181 [ms], path length: 92 [edges], generated: 28,635
[00:00:00:19:034] Path of length 92 found: [168, 155, 142, 141, 140, 139, 152, 165, 164, 163, 162, 161, 160, 159, 158, 157, 156, 143, 130, 131, 132, 133, 134, 135, 122, 109, 110, 111, 112, 113, 114, 115, 116, 103, 90, 89, 88, 75, 74, 87, 86, 73, 60, 47, 34, 35, 36, 49, 62, 63, 64, 51, 38, 25, 12, 11, 10, 9, 8, 7, 6, 19, 32, 45, 58, 59, 72, 85, 84, 83, 82, 81, 80, 79, 78, 65, 52, 39, 26, 27, 28, 41, 54, 55, 56, 43, 30, 17, 4, 3, 2, 1, 0]
[00:00:00:19:038] ! Unidirectional t-s. expansions: 7,299, time: 19,035 [ms], path length: 92 [edges], generated: 10,743
[00:00:00:52:897] Expansion 20,000: f=91, g=34
[00:00:00:55:479] Path of length 92 found: [168, 155, 142, 141, 140, 139, 152, 165, 164, 163, 162, 161, 160, 159, 158, 157, 156, 143, 130, 131, 132, 133, 134, 135, 122, 109, 110, 111, 112, 113, 114, 115, 116, 103, 90, 89, 88, 75, 74, 87, 86, 85, 72, 73, 60, 47, 34, 35, 36, 49, 62, 63, 64, 51, 38, 25, 12, 11, 10, 9, 8, 7, 6, 19, 32, 45, 58, 71, 84, 83, 82, 81, 80, 79, 78, 65, 52, 39, 26, 27, 28, 41, 54, 55, 56, 43, 30, 17, 4, 3, 2, 1, 0]
[00:00:00:55:484] ! Bidirectional. expansions: 20,895, time: 55,480 [ms], path length: 92 [edges], g_F: 43, g_B: 49, generated: 32,347, MM: 6, MMPER: 5.451612903225806%
[00:00:00:55:487] 
---------- mazes/13x13_maze_with_1_open_diamonds_7 ----------
[00:00:00:27:240] Expansion 10,000: state None, f=97, g=44
[00:00:00:50:082] Expansion 20,000: state None, f=95, g=19
[00:00:00:51:402] Path of length 94 found: [0, 1, 2, 3, 4, 17, 30, 31, 32, 19, 6, 7, 8, 9, 10, 11, 12, 25, 38, 51, 64, 63, 62, 49, 36, 35, 34, 21, 20, 33, 46, 47, 60, 61, 74, 87, 88, 89, 90, 103, 116, 115, 114, 113, 112, 99, 86, 85, 84, 71, 58, 57, 56, 55, 54, 41, 28, 27, 26, 39, 52, 65, 78, 79, 92, 105, 106, 107, 108, 109, 122, 135, 134, 133, 132, 131, 130, 143, 156, 157, 158, 159, 160, 161, 162, 163, 164, 165, 152, 139, 140, 141, 142, 155, 168]
[00:00:00:51:405] ! Unidirectional s-t. expansions: 20,475, time: 51,402 [ms], path length: 94 [edges], generated: 28,904
[00:00:00:02:602] Path of length 94 found: [168, 155, 142, 141, 140, 139, 152, 165, 164, 163, 162, 161, 160, 159, 158, 157, 156, 143, 130, 131, 132, 133, 134, 135, 122, 109, 108, 107, 106, 105, 92, 79, 78, 65, 52, 39, 26, 27, 28, 41, 54, 55, 56, 57, 58, 71, 84, 85, 86, 99, 112, 113, 114, 115, 116, 103, 90, 89, 88, 87, 74, 61, 60, 59, 46, 47, 34, 35, 36, 49, 62, 63, 64, 51, 38, 25, 12, 11, 10, 9, 8, 21, 20, 7, 6, 19, 32, 31, 30, 17, 4, 3, 2, 1, 0]
[00:00:00:02:603] ! Unidirectional t-s. expansions: 1,663, time: 2,602 [ms], path length: 94 [edges], generated: 2,602
[00:00:00:47:268] Path of length 94 found: [168, 155, 142, 141, 140, 139, 152, 165, 164, 163, 162, 161, 160, 159, 158, 157, 156, 143, 130, 131, 132, 133, 134, 135, 122, 109, 108, 107, 106, 105, 92, 79, 78, 65, 52, 39, 26, 27, 28, 41, 54, 55, 56, 57, 58, 71, 84, 85, 86, 99, 112, 113, 114, 115, 116, 103, 90, 89, 88, 87, 74, 61, 60, 47, 46, 33, 20, 21, 34, 35, 36, 49, 62, 63, 64, 51, 38, 25, 12, 11, 10, 9, 8, 7, 6, 19, 32, 31, 30, 17, 4, 3, 2, 1, 0]
[00:00:00:47:282] ! Bidirectional. expansions: 17,115, time: 47,268 [ms], path length: 94 [edges], g_F: 44, g_B: 50, generated: 24,388, MM: 6, MMPER: 5.315789473684211%
[00:00:00:47:284] 
---------- mazes/13x13_maze_with_1_open_diamonds_8 ----------
[00:00:00:27:286] Expansion 10,000: state None, f=97, g=44
[00:00:00:49:829] Expansion 20,000: state None, f=95, g=19
[00:00:00:51:130] Path of length 94 found: [0, 1, 2, 3, 4, 17, 30, 31, 32, 19, 6, 7, 8, 9, 10, 11, 12, 25, 38, 51, 64, 63, 62, 49, 36, 35, 34, 21, 20, 33, 46, 47, 60, 61, 74, 87, 88, 89, 90, 103, 116, 115, 114, 113, 112, 99, 86, 85, 84, 71, 58, 57, 56, 55, 54, 41, 28, 27, 26, 39, 52, 65, 78, 79, 92, 105, 106, 107, 108, 109, 122, 135, 134, 133, 132, 131, 130, 143, 156, 157, 158, 159, 160, 161, 162, 163, 164, 165, 152, 139, 140, 141, 142, 155, 168]
[00:00:00:51:131] ! Unidirectional s-t. expansions: 20,475, time: 51,130 [ms], path length: 94 [edges], generated: 28,904
[00:00:00:02:586] Path of length 94 found: [168, 155, 142, 141, 140, 139, 152, 165, 164, 163, 162, 161, 160, 159, 158, 157, 156, 143, 130, 131, 132, 133, 134, 135, 122, 109, 108, 107, 106, 105, 92, 79, 78, 65, 52, 39, 26, 27, 28, 41, 54, 55, 56, 57, 58, 71, 84, 85, 86, 99, 112, 113, 114, 115, 116, 103, 90, 89, 88, 87, 74, 61, 60, 59, 46, 47, 34, 35, 36, 49, 62, 63, 64, 51, 38, 25, 12, 11, 10, 9, 8, 21, 20, 7, 6, 19, 32, 31, 30, 17, 4, 3, 2, 1, 0]
[00:00:00:02:587] ! Unidirectional t-s. expansions: 1,663, time: 2,586 [ms], path length: 94 [edges], generated: 2,602
[00:00:00:46:595] Path of length 94 found: [168, 155, 142, 141, 140, 139, 152, 165, 164, 163, 162, 161, 160, 159, 158, 157, 156, 143, 130, 131, 132, 133, 134, 135, 122, 109, 108, 107, 106, 105, 92, 79, 78, 65, 52, 39, 26, 27, 28, 41, 54, 55, 56, 57, 58, 71, 84, 85, 86, 99, 112, 113, 114, 115, 116, 103, 90, 89, 88, 87, 74, 61, 60, 47, 46, 33, 20, 21, 34, 35, 36, 49, 62, 63, 64, 51, 38, 25, 12, 11, 10, 9, 8, 7, 6, 19, 32, 31, 30, 17, 4, 3, 2, 1, 0]
[00:00:00:46:599] ! Bidirectional. expansions: 17,115, time: 46,595 [ms], path length: 94 [edges], g_F: 44, g_B: 50, generated: 24,388, MM: 6, MMPER: 5.315789473684211%
[00:00:00:46:601] 
---------- mazes/13x13_maze_with_1_open_diamonds_9 ----------
[00:00:00:26:869] Expansion 10,000: state None, f=96, g=74
[00:00:00:45:804] Expansion 20,000: state None, f=95, g=42
[00:00:01:00:818] Expansion 30,000: state None, f=94, g=57
[00:00:01:17:368] Expansion 40,000: state None, f=93, g=60
[00:00:01:32:025] Path of length 92 found: [0, 1, 2, 3, 4, 17, 30, 31, 32, 19, 6, 7, 8, 9, 10, 11, 12, 25, 38, 37, 36, 49, 62, 61, 74, 87, 88, 89, 90, 103, 116, 115, 114, 113, 126, 125, 112, 111, 98, 99, 86, 85, 84, 71, 58, 57, 56, 55, 54, 41, 28, 27, 26, 39, 52, 65, 78, 79, 92, 105, 106, 107, 108, 109, 110, 123, 124, 137, 136, 135, 134, 133, 132, 131, 130, 143, 156, 157, 158, 159, 160, 161, 162, 163, 164, 165, 152, 139, 140, 141, 142, 155, 168]
[00:00:01:32:027] ! Unidirectional s-t. expansions: 46,531, time: 92,026 [ms], path length: 92 [edges], generated: 70,258
[00:00:00:29:488] Expansion 10,000: state None, f=105, g=30
[00:00:00:50:773] Expansion 20,000: state None, f=103, g=54
[00:00:01:10:375] Expansion 30,000: state None, f=102, g=42
[00:00:01:32:992] Expansion 40,000: state None, f=101, g=48
[00:00:01:53:210] Expansion 50,000: state None, f=100, g=42
[00:00:02:12:381] Expansion 60,000: state None, f=99, g=56
[00:00:02:33:031] Expansion 70,000: state None, f=98, g=59
[00:00:02:54:487] Expansion 80,000: state None, f=98, g=36
[00:00:03:12:732] Expansion 90,000: state None, f=97, g=53
[00:00:03:29:912] Expansion 100,000: state None, f=96, g=57
[00:00:03:48:853] Expansion 110,000: state None, f=96, g=49
[00:00:04:07:828] Expansion 120,000: state None, f=95, g=69
[00:00:04:26:405] Expansion 130,000: state None, f=95, g=51
[00:00:04:44:154] Expansion 140,000: state None, f=94, g=75
[00:00:04:56:664] Expansion 150,000: state None, f=94, g=65
[00:00:05:12:039] Expansion 160,000: state None, f=94, g=60
[00:00:05:37:075] Expansion 170,000: state None, f=94, g=32
[00:00:05:52:695] Expansion 180,000: state None, f=93, g=63
[00:00:06:08:406] Expansion 190,000: state None, f=93, g=50
[00:00:06:27:703] Path of length 92 found: [168, 155, 142, 141, 140, 139, 152, 165, 164, 163, 162, 161, 160, 159, 158, 157, 156, 143, 130, 131, 132, 133, 134, 135, 122, 109, 110, 123, 136, 137, 138, 125, 124, 111, 98, 85, 86, 99, 112, 113, 114, 115, 116, 103, 90, 89, 88, 87, 74, 61, 62, 63, 64, 51, 38, 25, 12, 11, 10, 9, 8, 7, 6, 19, 32, 45, 58, 71, 84, 83, 82, 81, 80, 79, 78, 65, 52, 39, 26, 27, 28, 41, 54, 55, 56, 43, 30, 17, 4, 3, 2, 1, 0]
[00:00:06:27:707] ! Unidirectional t-s. expansions: 198,275, time: 387,705 [ms], path length: 92 [edges], generated: 276,295
[00:00:01:16:783] Expansion 20,000: f=103, g=49
[00:00:02:06:399] Expansion 40,000: f=100, g=43
[00:00:02:55:197] Expansion 60,000: f=98, g=33
[00:00:03:46:152] Expansion 80,000: f=95, g=46
[00:00:04:38:772] Expansion 100,000: f=93, g=34
[00:00:05:34:067] Expansion 120,000: f=90, g=43
[00:00:06:28:578] Expansion 140,000: f=89, g=28
[00:00:06:36:826] Path of length 92 found: [0, 1, 2, 3, 4, 17, 30, 31, 32, 19, 6, 7, 8, 9, 10, 11, 12, 25, 38, 37, 36, 49, 62, 61, 60, 59, 58, 57, 56, 55, 54, 41, 28, 27, 26, 39, 52, 65, 78, 79, 92, 105, 106, 107, 108, 109, 110, 123, 124, 111, 112, 99, 98, 85, 86, 87, 88, 89, 90, 103, 116, 115, 114, 113, 126, 125, 138, 137, 136, 135, 134, 133, 132, 131, 130, 143, 156, 157, 158, 159, 160, 161, 162, 163, 164, 165, 152, 139, 140, 141, 142, 155, 168]
[00:00:06:36:835] ! Bidirectional. expansions: 142,516, time: 396,830 [ms], path length: 92 [edges], g_F: 38, g_B: 54, generated: 202,647, MM: 16, MMPER: 16.204301075268816%
[00:00:06:36:842] average expansions: (30,949, 55,400, 59,904, 0)
[00:00:06:36:849] average time: (77,637, 119,738, 163,786, 0)
[00:00:06:36:856] XA*: 30,949 , 77,637 (expansions , time[ms])
[00:00:06:36:863] XMM: 59,904 , 163,786 (expansions , time[ms])

