--------------------------
date: SM_Grids
number_of_graphs: 10
graph_type: grid
size_of_graphs: [7, 8]
heuristic: bcc_heuristic
snake: False
run_uni: True
run_bi: True
run_multi: False
solution_vertices: []
algorithms: ['IDA']
lookahead: 4
bsd: False
cube_first_dims: 4
cube_buffer_dim: None
backward_sym_generation: False
sym_coil: False
prefix_set: None

---------- SM_Grids/7x8_grid_with_random_blocks_16per_0 ----------
[00:00:00:01:530] Path of length 43 found: [0, 1, 2, 3, 4, 5, 13, 12, 20, 19, 18, 17, 25, 24, 32, 33, 41, 40, 48, 49, 50, 42, 43, 51, 52, 44, 36, 35, 27, 28, 29, 30, 22, 14, 15, 23, 31, 39, 47, 46, 45, 53, 54, 55]
[00:00:00:01:530] ! Unidirectional s-t. expansions: 257, time: 1,530 [ms], path length: 43 [edges], generated: 5,442
[00:00:00:11:695] Path of length 43 found: [55, 47, 39, 31, 23, 15, 14, 22, 30, 29, 28, 27, 35, 43, 44, 36, 37, 45, 46, 54, 53, 52, 51, 50, 42, 41, 49, 48, 40, 32, 24, 25, 26, 18, 19, 20, 12, 13, 5, 4, 3, 2, 1, 0]
[00:00:00:11:695] ! Unidirectional t-s. expansions: 2,537, time: 11,695 [ms], path length: 43 [edges], generated: 38,473
[00:00:00:07:326] Path of length 43 found: [0, 1, 2, 3, 4, 5, 13, 12, 20, 19, 18, 17, 25, 24, 32, 33, 41, 40, 48, 49, 50, 42, 43, 44, 52, 53, 54, 46, 45, 37, 36, 35, 27, 28, 29, 30, 22, 14, 15, 23, 31, 39, 47, 55]
[00:00:00:07:726] ! Bidirectional. expansions: 3,219, time: 7,326 [ms], path length: 43 [edges], g_F: 22, g_B: 21, generated: {'F': 19,160, 'B': 21,147}, MM: 1, MMPER: 1.272727272727273%
[00:00:00:07:726] 
---------- SM_Grids/7x8_grid_with_random_blocks_16per_1 ----------
[00:00:00:00:108] Path of length 39 found: [0, 1, 9, 8, 16, 17, 25, 26, 18, 10, 11, 19, 27, 35, 34, 42, 43, 51, 52, 44, 36, 28, 20, 12, 13, 14, 22, 21, 29, 37, 45, 53, 54, 46, 38, 30, 31, 39, 47, 55]
[00:00:00:00:108] ! Unidirectional s-t. expansions: 10, time: 108 [ms], path length: 39 [edges], generated: 305
[00:00:00:00:120] Path of length 39 found: [55, 47, 39, 31, 30, 22, 14, 13, 12, 11, 10, 18, 19, 27, 35, 36, 28, 20, 21, 29, 37, 38, 46, 54, 53, 45, 44, 52, 51, 43, 42, 34, 26, 25, 17, 16, 8, 9, 1, 0]
[00:00:00:00:121] ! Unidirectional t-s. expansions: 10, time: 121 [ms], path length: 39 [edges], generated: 285
[00:00:00:00:051] Path of length 39 found: [0, 1, 9, 8, 16, 17, 25, 26, 18, 10, 11, 19, 27, 35, 34, 42, 43, 51, 52, 53, 54, 46, 38, 37, 45, 44, 36, 28, 29, 21, 20, 12, 13, 14, 22, 30, 31, 39, 47, 55]
[00:00:00:00:432] ! Bidirectional. expansions: 10, time: 51 [ms], path length: 39 [edges], g_F: 20, g_B: 19, generated: {'F': 74, 'B': 80}, MM: 1, MMPER: 1.5%
[00:00:00:00:432] 
---------- SM_Grids/7x8_grid_with_random_blocks_16per_2 ----------
[00:00:00:01:294] Path of length 43 found: [0, 8, 16, 24, 32, 33, 41, 40, 48, 49, 50, 51, 52, 44, 43, 35, 34, 26, 18, 17, 9, 1, 2, 3, 11, 12, 4, 5, 13, 14, 6, 7, 15, 23, 22, 21, 20, 28, 29, 37, 38, 39, 47, 55]
[00:00:00:01:294] ! Unidirectional s-t. expansions: 240, time: 1,294 [ms], path length: 43 [edges], generated: 4,215
[00:00:00:00:696] Path of length 43 found: [55, 47, 39, 38, 37, 29, 21, 13, 14, 22, 23, 15, 7, 6, 5, 4, 3, 11, 12, 20, 28, 27, 26, 18, 17, 25, 33, 34, 35, 43, 44, 52, 51, 50, 49, 41, 40, 32, 24, 16, 8, 9, 1, 0]
[00:00:00:00:696] ! Unidirectional t-s. expansions: 119, time: 696 [ms], path length: 43 [edges], generated: 1,926
[00:00:00:02:562] Path of length 43 found: [0, 8, 16, 24, 32, 40, 48, 49, 50, 51, 52, 44, 43, 35, 27, 26, 34, 33, 25, 17, 9, 1, 2, 3, 11, 12, 4, 5, 6, 7, 15, 23, 22, 14, 13, 21, 20, 28, 29, 37, 38, 39, 47, 55]
[00:00:00:02:982] ! Bidirectional. expansions: 1,002, time: 2,562 [ms], path length: 43 [edges], g_F: 22, g_B: 21, generated: {'F': 5,644, 'B': 5,668}, MM: 1, MMPER: 1.272727272727273%
[00:00:00:02:982] 
---------- SM_Grids/7x8_grid_with_random_blocks_16per_3 ----------
[00:00:00:06:195] Path of length 43 found: [0, 1, 9, 17, 16, 24, 32, 40, 48, 49, 41, 33, 34, 42, 50, 51, 43, 44, 52, 53, 45, 46, 38, 30, 22, 21, 29, 28, 27, 19, 18, 10, 2, 3, 11, 12, 13, 14, 15, 23, 31, 39, 47, 55]
[00:00:00:06:196] ! Unidirectional s-t. expansions: 1,029, time: 6,195 [ms], path length: 43 [edges], generated: 18,259
[00:00:00:09:013] Path of length 43 found: [55, 47, 39, 31, 23, 15, 14, 13, 12, 4, 3, 11, 19, 27, 28, 20, 21, 29, 30, 38, 46, 45, 53, 52, 44, 43, 51, 50, 42, 34, 33, 41, 49, 48, 40, 32, 24, 16, 17, 18, 10, 2, 1, 0]
[00:00:00:09:013] ! Unidirectional t-s. expansions: 1,639, time: 9,013 [ms], path length: 43 [edges], generated: 31,289
[00:00:00:34:668] Path of length 43 found: [0, 1, 9, 17, 16, 24, 32, 40, 48, 49, 41, 33, 34, 42, 50, 51, 52, 53, 45, 44, 36, 28, 27, 19, 18, 10, 2, 3, 4, 12, 13, 21, 29, 30, 22, 14, 15, 23, 31, 39, 38, 46, 47, 55]
[00:00:00:35:054] ! Bidirectional. expansions: 12,060, time: 34,668 [ms], path length: 43 [edges], g_F: 22, g_B: 21, generated: {'F': 87,345, 'B': 80,665}, MM: 1, MMPER: 1.272727272727273%
[00:00:00:35:054] 
---------- SM_Grids/7x8_grid_with_random_blocks_16per_4 ----------
[00:00:00:00:099] Path of length 47 found: [0, 8, 16, 24, 32, 40, 48, 49, 41, 33, 25, 17, 9, 1, 2, 3, 11, 19, 18, 26, 34, 42, 50, 51, 43, 35, 36, 28, 20, 12, 13, 5, 6, 14, 22, 30, 31, 39, 38, 37, 45, 44, 52, 53, 54, 46, 47, 55]
[00:00:00:00:100] ! Unidirectional s-t. expansions: 12, time: 99 [ms], path length: 47 [edges], generated: 257
[00:00:00:00:084] Path of length 47 found: [55, 47, 39, 31, 30, 22, 14, 6, 5, 13, 12, 11, 3, 2, 1, 9, 17, 25, 33, 41, 42, 34, 26, 18, 19, 20, 28, 36, 35, 43, 44, 45, 37, 38, 46, 54, 53, 52, 51, 50, 49, 48, 40, 32, 24, 16, 8, 0]
[00:00:00:00:084] ! Unidirectional t-s. expansions: 12, time: 84 [ms], path length: 47 [edges], generated: 210
[00:00:00:00:050] Path of length 47 found: [0, 8, 16, 24, 32, 40, 48, 49, 41, 33, 25, 17, 9, 1, 2, 3, 11, 19, 18, 26, 34, 42, 50, 51, 52, 53, 54, 46, 38, 37, 45, 44, 43, 35, 36, 28, 20, 12, 13, 5, 6, 14, 22, 30, 31, 39, 47, 55]
[00:00:00:00:433] ! Bidirectional. expansions: 12, time: 50 [ms], path length: 47 [edges], g_F: 24, g_B: 23, generated: {'F': 76, 'B': 71}, MM: 1, MMPER: 1.0833333333333335%
[00:00:00:00:433] 
---------- SM_Grids/7x8_grid_with_random_blocks_16per_5 ----------
[00:00:00:06:965] Path of length 45 found: [0, 8, 16, 17, 9, 1, 2, 10, 18, 26, 34, 33, 32, 40, 41, 49, 50, 42, 43, 35, 27, 19, 11, 3, 4, 12, 20, 28, 29, 21, 13, 5, 6, 14, 15, 23, 31, 30, 38, 37, 45, 44, 52, 53, 54, 55]
[00:00:00:06:966] ! Unidirectional s-t. expansions: 1,063, time: 6,966 [ms], path length: 45 [edges], generated: 20,473
[00:00:00:00:943] Path of length 45 found: [55, 54, 53, 52, 44, 45, 37, 29, 30, 38, 39, 31, 23, 15, 7, 6, 14, 13, 5, 4, 12, 20, 28, 27, 35, 43, 42, 50, 49, 41, 40, 32, 33, 34, 26, 18, 19, 11, 3, 2, 10, 9, 17, 16, 8, 0]
[00:00:00:00:943] ! Unidirectional t-s. expansions: 162, time: 943 [ms], path length: 45 [edges], generated: 3,151
[00:00:00:06:226] Path of length 45 found: [0, 8, 16, 17, 9, 1, 2, 10, 18, 26, 34, 33, 32, 40, 41, 49, 50, 42, 43, 35, 27, 19, 20, 12, 11, 3, 4, 5, 13, 14, 6, 7, 15, 23, 31, 39, 38, 30, 29, 37, 45, 44, 52, 53, 54, 55]
[00:00:00:06:622] ! Bidirectional. expansions: 3,017, time: 6,227 [ms], path length: 45 [edges], g_F: 23, g_B: 22, generated: {'F': 16,185, 'B': 18,527}, MM: 1, MMPER: 1.1739130434782608%
[00:00:00:06:622] 
---------- SM_Grids/7x8_grid_with_random_blocks_16per_6 ----------
[00:00:00:00:074] Path of length 45 found: [0, 1, 9, 17, 16, 24, 32, 33, 25, 26, 34, 35, 27, 19, 18, 10, 2, 3, 11, 12, 4, 5, 13, 14, 6, 7, 15, 23, 31, 30, 29, 21, 20, 28, 36, 44, 43, 51, 52, 53, 45, 37, 38, 46, 54, 55]
[00:00:00:00:075] ! Unidirectional s-t. expansions: 11, time: 74 [ms], path length: 45 [edges], generated: 189
[00:00:00:00:121] Path of length 45 found: [55, 54, 46, 38, 30, 31, 23, 15, 7, 6, 14, 13, 5, 4, 3, 2, 10, 18, 19, 11, 12, 20, 21, 29, 37, 45, 53, 52, 51, 43, 44, 36, 28, 27, 35, 34, 26, 25, 33, 32, 24, 16, 17, 9, 1, 0]
[00:00:00:00:121] ! Unidirectional t-s. expansions: 16, time: 121 [ms], path length: 45 [edges], generated: 352
[00:00:00:00:046] Path of length 45 found: [0, 1, 9, 17, 16, 24, 32, 33, 25, 26, 34, 35, 27, 28, 36, 44, 43, 51, 52, 53, 45, 37, 29, 21, 20, 12, 11, 19, 18, 10, 2, 3, 4, 5, 13, 14, 6, 7, 15, 23, 31, 30, 38, 46, 54, 55]
[00:00:00:00:424] ! Bidirectional. expansions: 11, time: 46 [ms], path length: 45 [edges], g_F: 23, g_B: 22, generated: {'F': 70, 'B': 68}, MM: 1, MMPER: 1.1739130434782608%
[00:00:00:00:424] 
---------- SM_Grids/7x8_grid_with_random_blocks_16per_7 ----------
[00:00:00:00:075] Path of length 47 found: [0, 1, 9, 8, 16, 17, 25, 24, 32, 40, 48, 49, 41, 33, 34, 42, 50, 51, 43, 44, 52, 53, 45, 37, 36, 28, 27, 19, 11, 3, 4, 12, 20, 21, 13, 14, 6, 7, 15, 23, 22, 30, 38, 39, 47, 46, 54, 55]
[00:00:00:00:075] ! Unidirectional s-t. expansions: 12, time: 75 [ms], path length: 47 [edges], generated: 189
[00:00:00:00:067] Path of length 47 found: [55, 47, 39, 38, 30, 22, 23, 15, 7, 6, 14, 13, 21, 20, 12, 4, 3, 11, 19, 27, 28, 36, 37, 45, 46, 54, 53, 52, 44, 43, 51, 50, 42, 34, 33, 41, 49, 48, 40, 32, 24, 25, 17, 16, 8, 9, 1, 0]
[00:00:00:00:068] ! Unidirectional t-s. expansions: 12, time: 67 [ms], path length: 47 [edges], generated: 179
[00:00:00:00:038] Path of length 47 found: [0, 1, 9, 8, 16, 17, 25, 24, 32, 40, 48, 49, 41, 33, 34, 42, 50, 51, 43, 44, 52, 53, 54, 46, 45, 37, 36, 28, 27, 19, 11, 3, 4, 12, 20, 21, 13, 14, 6, 7, 15, 23, 22, 30, 38, 39, 47, 55]
[00:00:00:00:420] ! Bidirectional. expansions: 12, time: 38 [ms], path length: 47 [edges], g_F: 24, g_B: 23, generated: {'F': 59, 'B': 58}, MM: 1, MMPER: 1.0833333333333335%
[00:00:00:00:420] 
---------- SM_Grids/7x8_grid_with_random_blocks_16per_8 ----------
[00:00:00:05:905] Path of length 43 found: [0, 8, 16, 17, 9, 10, 2, 3, 4, 12, 20, 19, 18, 26, 25, 33, 32, 40, 41, 42, 50, 51, 43, 35, 36, 28, 29, 21, 13, 5, 6, 7, 15, 23, 31, 30, 38, 37, 45, 53, 54, 46, 47, 55]
[00:00:00:05:905] ! Unidirectional s-t. expansions: 967, time: 5,905 [ms], path length: 43 [edges], generated: 20,814
[00:00:00:10:106] Path of length 43 found: [55, 47, 39, 31, 23, 15, 7, 6, 5, 4, 3, 2, 10, 18, 19, 20, 12, 13, 21, 29, 28, 36, 37, 38, 46, 54, 53, 45, 44, 43, 51, 50, 42, 41, 40, 32, 33, 34, 26, 25, 17, 9, 8, 0]
[00:00:00:10:106] ! Unidirectional t-s. expansions: 2,167, time: 10,106 [ms], path length: 43 [edges], generated: 33,767
[00:00:00:14:978] Path of length 43 found: [0, 8, 16, 17, 9, 10, 2, 3, 4, 12, 20, 21, 13, 5, 6, 7, 15, 23, 31, 30, 29, 28, 36, 35, 34, 26, 25, 33, 32, 40, 41, 42, 50, 51, 43, 44, 45, 53, 54, 46, 38, 39, 47, 55]
[00:00:00:15:346] ! Bidirectional. expansions: 6,793, time: 14,978 [ms], path length: 43 [edges], g_F: 22, g_B: 21, generated: {'F': 39,506, 'B': 41,134}, MM: 1, MMPER: 1.272727272727273%
[00:00:00:15:346] 
---------- SM_Grids/7x8_grid_with_random_blocks_16per_9 ----------
[00:00:00:00:597] Path of length 45 found: [0, 8, 16, 24, 25, 17, 9, 1, 2, 10, 18, 19, 20, 28, 27, 26, 34, 35, 43, 42, 41, 49, 50, 51, 52, 44, 45, 37, 38, 30, 22, 14, 13, 12, 4, 5, 6, 7, 15, 23, 31, 39, 47, 46, 54, 55]
[00:00:00:00:597] ! Unidirectional s-t. expansions: 68, time: 597 [ms], path length: 45 [edges], generated: 1,433
[00:00:00:00:425] Path of length 45 found: [55, 54, 46, 47, 39, 31, 23, 15, 7, 6, 5, 4, 3, 2, 1, 9, 10, 18, 19, 27, 28, 20, 12, 13, 14, 22, 30, 38, 37, 45, 44, 52, 51, 50, 49, 41, 42, 43, 35, 34, 26, 25, 17, 16, 8, 0]
[00:00:00:00:425] ! Unidirectional t-s. expansions: 91, time: 425 [ms], path length: 45 [edges], generated: 1,409
[00:00:00:02:207] Path of length 45 found: [0, 8, 16, 24, 25, 17, 9, 1, 2, 10, 18, 19, 20, 28, 27, 26, 34, 35, 43, 42, 41, 49, 50, 51, 52, 44, 45, 37, 38, 30, 22, 14, 13, 12, 4, 5, 6, 7, 15, 23, 31, 39, 47, 46, 54, 55]
[00:00:00:02:578] ! Bidirectional. expansions: 893, time: 2,207 [ms], path length: 45 [edges], g_F: 23, g_B: 22, generated: {'F': 5,206, 'B': 5,069}, MM: 1, MMPER: 1.1739130434782608%
[00:00:00:02:578] average expansions: (367, 676, 2,703, 0)
[00:00:00:02:578] average time: (2,284, 3,327, 6,815, 0)
[00:00:00:02:578] XIDA: 367 , 2,284 (expansions , time[ms])
[00:00:00:02:578] BiXIDA: 2,703 , 6,815 (expansions , time[ms])

