--------------------------
date: SM_Grids
number_of_graphs: 10
graph_type: grid
size_of_graphs: [8, 8]
heuristic: bcc_heuristic
snake: False
run_uni: True
run_bi: True
run_multi: False
solution_vertices: []
algorithms: ['IDA']
lookahead: 4
bsd: False
cube_first_dims: 4
cube_buffer_dim: None
backward_sym_generation: False
sym_coil: False
prefix_set: None

---------- SM_Grids/8x8_grid_with_random_blocks_16per_0 ----------
[00:00:00:01:559] Path of length 44 found: [0, 1, 9, 10, 2, 3, 11, 19, 18, 26, 25, 24, 32, 40, 48, 49, 41, 33, 34, 42, 50, 51, 43, 35, 36, 28, 20, 12, 13, 5, 6, 7, 15, 14, 22, 23, 31, 30, 29, 37, 38, 46, 47, 55, 63]
[00:00:00:01:559] ! Unidirectional s-t. expansions: 281, time: 1,559 [ms], path length: 44 [edges], generated: 5,313
[00:00:00:00:802] Path of length 44 found: [63, 55, 47, 46, 38, 39, 31, 23, 15, 7, 6, 5, 13, 14, 22, 30, 29, 28, 36, 44, 43, 35, 34, 33, 41, 42, 50, 49, 48, 40, 32, 24, 25, 26, 18, 19, 20, 12, 11, 3, 2, 10, 9, 1, 0]
[00:00:00:00:802] ! Unidirectional t-s. expansions: 77, time: 802 [ms], path length: 44 [edges], generated: 1,859
[00:00:00:03:533] Path of length 44 found: [0, 1, 9, 10, 2, 3, 11, 19, 18, 26, 25, 24, 32, 40, 48, 49, 41, 33, 34, 42, 50, 51, 43, 35, 36, 37, 29, 28, 20, 12, 13, 5, 6, 7, 15, 14, 22, 23, 31, 39, 38, 46, 47, 55, 63]
[00:00:00:04:015] ! Bidirectional. expansions: 1,278, time: 3,533 [ms], path length: 44 [edges], g_F: 22, g_B: 22, generated: {'F': 9,045, 'B': 8,079}, MM: 0, MMPER: -1.0%
[00:00:00:04:015] 
---------- SM_Grids/8x8_grid_with_random_blocks_16per_1 ----------
[00:00:00:00:160] Path of length 44 found: [0, 8, 16, 24, 32, 33, 25, 26, 18, 10, 2, 3, 4, 12, 11, 19, 27, 35, 34, 42, 43, 44, 36, 28, 20, 21, 29, 30, 22, 14, 15, 23, 31, 39, 38, 46, 47, 55, 54, 53, 52, 60, 61, 62, 63]
[00:00:00:00:160] ! Unidirectional s-t. expansions: 18, time: 160 [ms], path length: 44 [edges], generated: 336
[00:00:00:10:221] Path of length 44 found: [63, 62, 61, 60, 52, 53, 54, 55, 47, 46, 38, 39, 31, 23, 15, 14, 22, 30, 29, 21, 20, 12, 4, 3, 2, 10, 11, 19, 18, 26, 34, 35, 27, 28, 36, 44, 43, 42, 41, 33, 25, 24, 16, 8, 0]
[00:00:00:10:222] ! Unidirectional t-s. expansions: 1,310, time: 10,222 [ms], path length: 44 [edges], generated: 28,205
[00:00:00:02:351] Path of length 44 found: [0, 8, 16, 24, 32, 33, 25, 26, 18, 10, 2, 3, 4, 12, 11, 19, 27, 35, 34, 42, 43, 44, 36, 28, 20, 21, 29, 30, 22, 14, 15, 23, 31, 39, 38, 46, 47, 55, 54, 53, 52, 60, 61, 62, 63]
[00:00:00:02:783] ! Bidirectional. expansions: 567, time: 2,352 [ms], path length: 44 [edges], g_F: 22, g_B: 22, generated: {'F': 4,635, 'B': 3,593}, MM: 0, MMPER: -1.0%
[00:00:00:02:783] 
---------- SM_Grids/8x8_grid_with_random_blocks_16per_2 ----------
[00:00:00:06:978] Path of length 44 found: [0, 1, 2, 3, 11, 10, 18, 17, 16, 24, 32, 40, 48, 56, 57, 49, 41, 33, 34, 26, 27, 19, 20, 21, 29, 28, 36, 44, 43, 42, 50, 58, 59, 51, 52, 60, 61, 53, 45, 46, 47, 55, 54, 62, 63]
[00:00:00:06:978] ! Unidirectional s-t. expansions: 1,050, time: 6,978 [ms], path length: 44 [edges], generated: 21,150
[00:00:00:25:343] Path of length 44 found: [63, 55, 47, 46, 38, 30, 29, 21, 20, 28, 36, 44, 45, 53, 54, 62, 61, 60, 52, 51, 43, 42, 34, 33, 41, 49, 50, 58, 57, 56, 48, 40, 32, 24, 16, 17, 18, 26, 27, 19, 11, 3, 2, 1, 0]
[00:00:00:25:343] ! Unidirectional t-s. expansions: 5,041, time: 25,343 [ms], path length: 44 [edges], generated: 76,646
[00:00:00:18:581] Path of length 44 found: [0, 8, 16, 24, 32, 40, 48, 56, 57, 49, 41, 33, 34, 42, 43, 51, 50, 58, 59, 60, 61, 53, 45, 44, 36, 28, 27, 26, 18, 10, 2, 3, 11, 19, 20, 21, 29, 30, 38, 46, 47, 55, 54, 62, 63]
[00:00:00:19:028] ! Bidirectional. expansions: 6,123, time: 18,581 [ms], path length: 44 [edges], g_F: 22, g_B: 22, generated: {'F': 41,359, 'B': 41,573}, MM: 0, MMPER: -1.0%
[00:00:00:19:028] 
---------- SM_Grids/8x8_grid_with_random_blocks_16per_3 ----------
[00:00:00:25:774] Path of length 44 found: [0, 8, 16, 24, 25, 17, 18, 10, 11, 19, 27, 26, 34, 33, 41, 49, 50, 42, 43, 35, 36, 28, 29, 21, 20, 12, 13, 14, 15, 23, 31, 30, 38, 39, 47, 46, 45, 44, 52, 60, 61, 53, 54, 62, 63]
[00:00:00:25:774] ! Unidirectional s-t. expansions: 4,492, time: 25,774 [ms], path length: 44 [edges], generated: 91,302
[00:00:00:54:128] Valid states checked so far: 200,000, Expansions: 11,305, Global best: 45
[00:00:01:16:851] Path of length 44 found: [63, 55, 47, 39, 31, 23, 15, 14, 13, 12, 11, 10, 18, 26, 34, 42, 43, 35, 36, 28, 27, 19, 20, 21, 29, 30, 38, 46, 45, 53, 54, 62, 61, 60, 52, 51, 50, 49, 41, 33, 25, 17, 16, 8, 0]
[00:00:01:16:852] ! Unidirectional t-s. expansions: 16,277, time: 76,851 [ms], path length: 44 [edges], generated: 283,942
[00:00:01:58:303] Path of length 44 found: [0, 8, 16, 24, 25, 17, 18, 10, 11, 19, 27, 28, 36, 35, 34, 33, 41, 49, 50, 42, 43, 51, 52, 60, 61, 62, 54, 53, 45, 46, 38, 30, 29, 21, 20, 12, 13, 14, 15, 23, 31, 39, 47, 55, 63]
[00:00:01:58:764] ! Bidirectional. expansions: 46,009, time: 118,304 [ms], path length: 44 [edges], g_F: 22, g_B: 22, generated: {'F': 340,467, 'B': 354,108}, MM: 0, MMPER: -1.0%
[00:00:01:58:764] 
---------- SM_Grids/8x8_grid_with_random_blocks_16per_4 ----------
[00:00:00:01:339] Path of length 48 found: [0, 1, 9, 8, 16, 17, 25, 33, 32, 40, 48, 56, 57, 49, 41, 42, 50, 51, 52, 60, 61, 53, 45, 44, 36, 28, 27, 35, 34, 26, 18, 10, 11, 3, 4, 12, 13, 14, 22, 30, 29, 37, 38, 39, 47, 46, 54, 62, 63]
[00:00:00:01:339] ! Unidirectional s-t. expansions: 229, time: 1,339 [ms], path length: 48 [edges], generated: 4,192
[00:00:00:04:479] Path of length 48 found: [63, 55, 47, 39, 38, 30, 22, 14, 13, 12, 4, 3, 11, 10, 18, 26, 34, 35, 27, 28, 29, 37, 36, 44, 45, 46, 54, 62, 61, 53, 52, 51, 50, 42, 41, 49, 57, 56, 48, 40, 32, 33, 25, 17, 16, 8, 9, 1, 0]
[00:00:00:04:479] ! Unidirectional t-s. expansions: 499, time: 4,479 [ms], path length: 48 [edges], generated: 10,529
[00:00:00:08:864] Path of length 48 found: [0, 1, 9, 8, 16, 17, 25, 33, 32, 40, 48, 56, 57, 49, 41, 42, 50, 51, 52, 60, 61, 62, 54, 46, 45, 44, 36, 37, 29, 28, 27, 35, 34, 26, 18, 10, 11, 3, 4, 12, 13, 14, 22, 30, 38, 39, 47, 55, 63]
[00:00:00:09:280] ! Bidirectional. expansions: 2,172, time: 8,864 [ms], path length: 48 [edges], g_F: 24, g_B: 24, generated: {'F': 15,715, 'B': 14,786}, MM: 0, MMPER: -1.0%
[00:00:00:09:281] 
---------- SM_Grids/8x8_grid_with_random_blocks_16per_5 ----------
[00:00:00:03:905] Path of length 50 found: [0, 8, 16, 24, 32, 33, 34, 26, 25, 17, 9, 1, 2, 10, 11, 19, 20, 12, 4, 5, 6, 14, 15, 23, 22, 30, 29, 28, 36, 35, 43, 51, 50, 49, 48, 56, 57, 58, 59, 60, 61, 53, 52, 44, 45, 46, 38, 39, 47, 55, 63]
[00:00:00:03:905] ! Unidirectional s-t. expansions: 633, time: 3,905 [ms], path length: 50 [edges], generated: 10,753
[00:00:00:05:039] Path of length 50 found: [63, 55, 47, 39, 38, 46, 45, 44, 52, 53, 61, 60, 59, 58, 57, 56, 48, 49, 50, 51, 43, 35, 36, 28, 29, 30, 22, 23, 15, 14, 6, 5, 4, 12, 20, 19, 11, 3, 2, 10, 9, 17, 25, 26, 34, 33, 32, 24, 16, 8, 0]
[00:00:00:05:040] ! Unidirectional t-s. expansions: 750, time: 5,039 [ms], path length: 50 [edges], generated: 13,389
[00:00:00:12:598] Path of length 50 found: [0, 8, 16, 24, 32, 33, 34, 26, 25, 17, 9, 1, 2, 10, 11, 19, 20, 12, 4, 5, 6, 14, 15, 23, 22, 30, 29, 28, 36, 35, 43, 51, 50, 49, 48, 56, 57, 58, 59, 60, 52, 44, 45, 53, 54, 46, 38, 39, 47, 55, 63]
[00:00:00:13:010] ! Bidirectional. expansions: 3,706, time: 12,598 [ms], path length: 50 [edges], g_F: 25, g_B: 25, generated: {'F': 21,438, 'B': 22,965}, MM: 0, MMPER: -1.0%
[00:00:00:13:010] 
---------- SM_Grids/8x8_grid_with_random_blocks_16per_6 ----------
[00:00:00:00:474] Path of length 48 found: [0, 1, 9, 8, 16, 24, 32, 40, 48, 49, 50, 42, 41, 33, 25, 17, 18, 10, 11, 19, 27, 26, 34, 35, 36, 44, 52, 53, 45, 37, 29, 21, 13, 5, 6, 7, 15, 14, 22, 23, 31, 30, 38, 46, 47, 55, 54, 62, 63]
[00:00:00:00:475] ! Unidirectional s-t. expansions: 65, time: 474 [ms], path length: 48 [edges], generated: 1,254
[00:00:00:00:170] Path of length 48 found: [63, 62, 54, 55, 47, 46, 38, 30, 31, 23, 15, 7, 6, 5, 13, 14, 22, 21, 29, 37, 45, 53, 52, 44, 36, 35, 27, 19, 11, 10, 18, 17, 25, 26, 34, 33, 41, 42, 50, 49, 48, 40, 32, 24, 16, 8, 9, 1, 0]
[00:00:00:00:170] ! Unidirectional t-s. expansions: 21, time: 170 [ms], path length: 48 [edges], generated: 358
[00:00:00:01:473] Path of length 48 found: [0, 1, 9, 8, 16, 24, 32, 40, 48, 49, 50, 42, 41, 33, 25, 17, 18, 10, 11, 19, 27, 26, 34, 35, 36, 44, 52, 53, 45, 37, 29, 21, 22, 14, 13, 5, 6, 7, 15, 23, 31, 30, 38, 46, 47, 55, 54, 62, 63]
[00:00:00:01:888] ! Bidirectional. expansions: 361, time: 1,473 [ms], path length: 48 [edges], g_F: 24, g_B: 24, generated: {'F': 2,479, 'B': 2,693}, MM: 0, MMPER: -1.0%
[00:00:00:01:888] 
---------- SM_Grids/8x8_grid_with_random_blocks_16per_7 ----------
[00:00:01:07:224] Valid states checked so far: 200,000, Expansions: 12,234, Global best: 41
[00:00:01:12:324] Path of length 48 found: [0, 8, 16, 24, 32, 40, 48, 56, 57, 49, 41, 33, 34, 26, 18, 17, 9, 10, 2, 3, 11, 19, 27, 28, 20, 12, 13, 14, 6, 7, 15, 23, 31, 30, 38, 37, 45, 44, 43, 42, 50, 58, 59, 60, 61, 53, 54, 55, 63]
[00:00:01:12:324] ! Unidirectional s-t. expansions: 13,033, time: 72,324 [ms], path length: 48 [edges], generated: 214,835
[00:00:00:35:432] Path of length 48 found: [63, 55, 54, 46, 38, 30, 31, 23, 15, 7, 6, 14, 13, 12, 11, 3, 2, 10, 9, 17, 18, 19, 20, 28, 27, 26, 34, 35, 43, 44, 45, 53, 61, 60, 59, 51, 50, 58, 57, 56, 48, 40, 41, 33, 32, 24, 16, 8, 0]
[00:00:00:35:432] ! Unidirectional t-s. expansions: 6,080, time: 35,432 [ms], path length: 48 [edges], generated: 117,042
[00:00:01:23:248] Path of length 48 found: [0, 8, 16, 17, 9, 10, 2, 3, 11, 19, 18, 26, 27, 28, 20, 12, 13, 14, 6, 7, 15, 23, 31, 30, 38, 37, 45, 44, 43, 42, 34, 33, 32, 40, 41, 49, 48, 56, 57, 58, 50, 51, 59, 60, 61, 53, 54, 55, 63]
[00:00:01:23:663] ! Bidirectional. expansions: 34,266, time: 83,248 [ms], path length: 48 [edges], g_F: 24, g_B: 24, generated: {'F': 236,137, 'B': 245,799}, MM: 0, MMPER: -1.0%
[00:00:01:23:663] 
---------- SM_Grids/8x8_grid_with_random_blocks_16per_8 ----------
[00:00:00:07:018] Path of length 50 found: [0, 8, 16, 17, 9, 1, 2, 10, 18, 19, 11, 3, 4, 5, 6, 7, 15, 23, 22, 14, 13, 12, 20, 21, 29, 28, 36, 35, 34, 33, 32, 40, 48, 56, 57, 49, 41, 42, 50, 51, 59, 60, 61, 53, 45, 37, 38, 46, 54, 62, 63]
[00:00:00:07:018] ! Unidirectional s-t. expansions: 1,031, time: 7,018 [ms], path length: 50 [edges], generated: 19,184
[00:00:00:00:588] Path of length 50 found: [63, 62, 54, 46, 38, 37, 45, 53, 61, 60, 59, 51, 43, 42, 50, 49, 57, 56, 48, 40, 32, 33, 34, 35, 36, 28, 29, 21, 13, 14, 22, 23, 15, 7, 6, 5, 4, 3, 2, 1, 9, 10, 11, 12, 20, 19, 18, 17, 16, 8, 0]
[00:00:00:00:588] ! Unidirectional t-s. expansions: 98, time: 588 [ms], path length: 50 [edges], generated: 1,886
[00:00:00:08:638] Path of length 50 found: [0, 8, 16, 17, 9, 1, 2, 3, 4, 5, 13, 14, 6, 7, 15, 23, 22, 21, 29, 37, 36, 28, 20, 12, 11, 10, 18, 26, 34, 35, 43, 42, 41, 33, 32, 40, 48, 56, 57, 49, 50, 51, 59, 60, 61, 53, 45, 46, 54, 62, 63]
[00:00:00:09:053] ! Bidirectional. expansions: 3,436, time: 8,638 [ms], path length: 50 [edges], g_F: 25, g_B: 25, generated: {'F': 19,373, 'B': 18,243}, MM: 0, MMPER: -1.0%
[00:00:00:09:054] 
---------- SM_Grids/8x8_grid_with_random_blocks_16per_9 ----------
[00:00:00:02:120] Path of length 46 found: [0, 8, 16, 24, 32, 33, 25, 17, 9, 1, 2, 3, 11, 12, 4, 5, 6, 7, 15, 14, 13, 21, 20, 28, 27, 26, 34, 42, 50, 58, 59, 51, 43, 44, 36, 37, 38, 30, 31, 39, 47, 55, 54, 53, 61, 62, 63]
[00:00:00:02:121] ! Unidirectional s-t. expansions: 322, time: 2,120 [ms], path length: 46 [edges], generated: 5,441
[00:00:00:00:967] Path of length 46 found: [63, 62, 61, 53, 54, 55, 47, 39, 31, 30, 38, 37, 45, 44, 43, 51, 59, 58, 50, 42, 41, 33, 32, 24, 16, 8, 9, 17, 25, 26, 27, 28, 20, 21, 13, 14, 15, 7, 6, 5, 4, 12, 11, 3, 2, 1, 0]
[00:00:00:00:967] ! Unidirectional t-s. expansions: 122, time: 967 [ms], path length: 46 [edges], generated: 2,328
[00:00:00:03:331] Path of length 46 found: [0, 8, 16, 24, 32, 33, 25, 17, 9, 1, 2, 3, 11, 12, 4, 5, 6, 7, 15, 14, 13, 21, 20, 28, 27, 26, 34, 42, 50, 58, 59, 51, 52, 44, 45, 37, 38, 30, 31, 39, 47, 55, 54, 53, 61, 62, 63]
[00:00:00:03:749] ! Bidirectional. expansions: 1,370, time: 3,331 [ms], path length: 46 [edges], g_F: 23, g_B: 23, generated: {'F': 5,459, 'B': 6,577}, MM: 0, MMPER: -1.0%
[00:00:00:03:749] average expansions: (2,115, 3,028, 9,929, 0)
[00:00:00:03:749] average time: (12,165, 15,989, 26,092, 0)
[00:00:00:03:749] XIDA: 2,115 , 12,165 (expansions , time[ms])
[00:00:00:03:750] BiXIDA: 9,929 , 26,092 (expansions , time[ms])

