--------------------------
date: SM_Grids
number_of_graphs: 10
graph_type: grid
size_of_graphs: [8, 8]
heuristic: bcc_heuristic
snake: False
run_uni: True
run_bi: True
run_multi: False
solution_vertices: []
algorithms: ['A']
lookahead: 2
bsd: False
cube_first_dims: 4
cube_buffer_dim: None
backward_sym_generation: False
sym_coil: False
prefix_set: None

---------- SM_Grids/8x8_grid_with_random_blocks_12per_0 ----------
[00:00:00:11:072] Expansion 10,000: state None, f=53, g=31
[00:00:00:16:288] Path of length 52 found: [0, 1, 2, 10, 18, 17, 9, 8, 16, 24, 25, 26, 27, 35, 43, 44, 52, 51, 50, 42, 34, 33, 41, 40, 48, 56, 57, 58, 59, 60, 61, 62, 54, 53, 45, 37, 36, 28, 20, 19, 11, 3, 4, 12, 13, 21, 22, 30, 31, 39, 47, 55, 63]
[00:00:00:16:289] ! Unidirectional s-t. expansions: 14,633, time: 16,288 [ms], path length: 52 [edges], generated: 23,981
[00:00:00:09:626] Expansion 10,000: state None, f=53, g=40
[00:00:00:18:662] Expansion 20,000: state None, f=53, g=28
[00:00:00:23:109] Path of length 52 found: [63, 62, 61, 60, 59, 58, 57, 56, 48, 40, 41, 42, 50, 51, 52, 53, 54, 55, 47, 39, 31, 30, 22, 14, 13, 21, 20, 28, 36, 37, 45, 44, 43, 35, 34, 33, 25, 24, 16, 17, 18, 26, 27, 19, 11, 12, 4, 3, 2, 10, 9, 1, 0]
[00:00:00:23:111] ! Unidirectional t-s. expansions: 24,319, time: 23,109 [ms], path length: 52 [edges], generated: 38,073
[00:00:00:11:759] Path of length 52 found: [0, 8, 16, 24, 25, 33, 41, 40, 48, 56, 57, 58, 59, 60, 61, 62, 54, 53, 52, 51, 50, 42, 34, 26, 18, 10, 9, 1, 2, 3, 4, 12, 11, 19, 27, 35, 43, 44, 45, 37, 36, 28, 20, 21, 13, 14, 22, 30, 31, 39, 47, 55, 63]
[00:00:00:12:234] ! Bidirectional. expansions: 8,381, time: 11,759 [ms], path length: 52 [edges], g_F: 26, g_B: 26, generated: {'F': 15,402, 'B': 15,522}, MM: 0, MMPER: -1.0%
[00:00:00:12:234] 
---------- SM_Grids/8x8_grid_with_random_blocks_12per_1 ----------
[00:00:00:02:131] Path of length 52 found: [0, 1, 2, 10, 11, 3, 4, 5, 6, 7, 15, 14, 22, 21, 13, 12, 20, 19, 27, 26, 25, 17, 9, 8, 16, 24, 32, 33, 34, 42, 41, 49, 50, 58, 59, 51, 52, 60, 61, 53, 45, 44, 36, 28, 29, 37, 38, 39, 47, 46, 54, 62, 63]
[00:00:00:02:133] ! Unidirectional s-t. expansions: 1,634, time: 2,131 [ms], path length: 52 [edges], generated: 2,704
[00:00:00:01:312] Path of length 52 found: [63, 62, 61, 53, 54, 55, 47, 39, 38, 46, 45, 37, 29, 21, 22, 14, 15, 7, 6, 5, 13, 12, 4, 3, 11, 10, 2, 1, 9, 17, 25, 26, 27, 19, 20, 28, 36, 44, 52, 60, 59, 51, 50, 49, 41, 42, 34, 33, 32, 24, 16, 8, 0]
[00:00:00:01:312] ! Unidirectional t-s. expansions: 728, time: 1,312 [ms], path length: 52 [edges], generated: 1,265
[00:00:00:04:180] Path of length 52 found: [0, 8, 16, 24, 32, 33, 25, 17, 9, 1, 2, 10, 11, 3, 4, 12, 13, 5, 6, 7, 15, 14, 22, 21, 29, 37, 38, 39, 47, 55, 54, 53, 45, 44, 36, 28, 20, 19, 27, 26, 34, 42, 41, 49, 50, 58, 59, 51, 52, 60, 61, 62, 63]
[00:00:00:04:626] ! Bidirectional. expansions: 2,630, time: 4,180 [ms], path length: 52 [edges], g_F: 26, g_B: 26, generated: {'F': 4,544, 'B': 4,705}, MM: 0, MMPER: -1.0%
[00:00:00:04:626] 
---------- SM_Grids/8x8_grid_with_random_blocks_12per_2 ----------
[00:00:00:13:434] Expansion 10,000: state None, f=51, g=16
[00:00:00:19:142] Path of length 50 found: [0, 1, 2, 3, 11, 12, 4, 5, 13, 14, 15, 23, 31, 30, 22, 21, 20, 28, 27, 19, 18, 10, 9, 8, 16, 17, 25, 24, 32, 33, 34, 42, 50, 49, 57, 58, 59, 60, 52, 51, 43, 44, 36, 37, 45, 46, 47, 55, 54, 62, 63]
[00:00:00:19:145] ! Unidirectional s-t. expansions: 13,348, time: 19,144 [ms], path length: 50 [edges], generated: 24,082
[00:00:00:08:404] Path of length 50 found: [63, 62, 54, 55, 47, 46, 38, 30, 31, 23, 15, 14, 22, 21, 20, 12, 13, 5, 4, 3, 11, 10, 2, 1, 9, 17, 18, 19, 27, 28, 29, 37, 45, 44, 52, 60, 59, 58, 57, 49, 50, 51, 43, 42, 34, 33, 25, 24, 16, 8, 0]
[00:00:00:08:405] ! Unidirectional t-s. expansions: 5,212, time: 8,404 [ms], path length: 50 [edges], generated: 9,694
[00:00:00:12:555] Expansion 10,000: F [0, 8, 16, 24, 32, 33, 25, 17, 18, 10, 9, 1, 2, 3, 11, 12, 4, 5, 13, 21], B [63, 55, 54, 62, 61, 60, 52, 51, 59, 58, 57, 49, 50, 42, 43, 44, 36, 37, 45, 46], f=51, g=38
[00:00:00:14:800] Path of length 50 found: [0, 1, 9, 8, 16, 17, 25, 24, 32, 33, 34, 42, 50, 49, 57, 58, 59, 60, 52, 51, 43, 44, 45, 37, 29, 28, 27, 19, 18, 10, 2, 3, 11, 12, 4, 5, 13, 21, 22, 14, 15, 23, 31, 30, 38, 46, 47, 55, 54, 62, 63]
[00:00:00:15:270] ! Bidirectional. expansions: 11,258, time: 14,801 [ms], path length: 50 [edges], g_F: 25, g_B: 25, generated: {'F': 21,944, 'B': 20,695}, MM: 0, MMPER: -1.0%
[00:00:00:15:270] 
---------- SM_Grids/8x8_grid_with_random_blocks_12per_3 ----------
[00:00:00:06:193] Path of length 54 found: [0, 1, 2, 3, 4, 5, 6, 7, 15, 23, 22, 14, 13, 12, 20, 19, 27, 26, 25, 17, 18, 10, 9, 8, 16, 24, 32, 33, 41, 49, 48, 56, 57, 58, 50, 51, 59, 60, 61, 62, 54, 46, 45, 44, 43, 35, 36, 37, 29, 30, 38, 39, 47, 55, 63]
[00:00:00:06:195] ! Unidirectional s-t. expansions: 4,632, time: 6,193 [ms], path length: 54 [edges], generated: 7,669
[00:00:00:07:352] Path of length 54 found: [63, 55, 47, 39, 31, 23, 15, 7, 6, 5, 4, 3, 2, 1, 9, 10, 18, 17, 25, 26, 27, 19, 20, 12, 13, 14, 22, 30, 29, 37, 38, 46, 54, 62, 61, 60, 52, 44, 36, 35, 43, 51, 59, 58, 57, 56, 48, 49, 41, 33, 32, 24, 16, 8, 0]
[00:00:00:07:353] ! Unidirectional t-s. expansions: 4,750, time: 7,352 [ms], path length: 54 [edges], generated: 7,986
[00:00:00:12:519] Path of length 54 found: [0, 8, 16, 17, 18, 10, 9, 1, 2, 3, 4, 12, 20, 19, 27, 26, 25, 24, 32, 33, 41, 49, 48, 56, 57, 58, 50, 51, 43, 35, 36, 37, 29, 30, 22, 14, 13, 5, 6, 7, 15, 23, 31, 39, 47, 46, 45, 44, 52, 60, 61, 62, 54, 55, 63]
[00:00:00:12:975] ! Bidirectional. expansions: 9,712, time: 12,519 [ms], path length: 54 [edges], g_F: 27, g_B: 27, generated: {'F': 16,299, 'B': 16,898}, MM: 0, MMPER: -1.0%
[00:00:00:12:976] 
---------- SM_Grids/8x8_grid_with_random_blocks_12per_4 ----------
[00:00:00:00:138] Path of length 54 found: [0, 8, 16, 24, 25, 17, 9, 10, 18, 26, 34, 33, 41, 49, 48, 56, 57, 58, 50, 42, 43, 51, 59, 60, 52, 44, 36, 35, 27, 19, 11, 12, 4, 5, 6, 14, 13, 21, 20, 28, 29, 37, 38, 30, 22, 23, 31, 39, 47, 55, 54, 53, 61, 62, 63]
[00:00:00:00:138] ! Unidirectional s-t. expansions: 111, time: 138 [ms], path length: 54 [edges], generated: 193
[00:00:00:00:073] Path of length 54 found: [63, 55, 47, 39, 31, 23, 22, 14, 6, 5, 4, 12, 13, 21, 20, 19, 11, 10, 9, 17, 18, 26, 34, 42, 50, 51, 43, 35, 27, 28, 29, 30, 38, 37, 36, 44, 52, 53, 54, 62, 61, 60, 59, 58, 57, 56, 48, 49, 41, 33, 25, 24, 16, 8, 0]
[00:00:00:00:073] ! Unidirectional t-s. expansions: 55, time: 73 [ms], path length: 54 [edges], generated: 91
[00:00:00:00:246] Path of length 54 found: [0, 8, 16, 24, 25, 17, 9, 10, 11, 19, 18, 26, 27, 35, 34, 33, 41, 49, 48, 56, 57, 58, 50, 42, 43, 51, 59, 60, 61, 62, 54, 53, 52, 44, 36, 37, 38, 30, 29, 28, 20, 21, 13, 12, 4, 5, 6, 14, 22, 23, 31, 39, 47, 55, 63]
[00:00:00:00:670] ! Bidirectional. expansions: 40, time: 247 [ms], path length: 54 [edges], g_F: 27, g_B: 27, generated: {'F': 77, 'B': 73}, MM: 0, MMPER: -1.0%
[00:00:00:00:670] 
---------- SM_Grids/8x8_grid_with_random_blocks_12per_5 ----------
[00:00:00:13:643] Expansion 10,000: state None, f=53, g=16
[00:00:00:20:706] Path of length 52 found: [0, 1, 2, 3, 4, 5, 6, 14, 15, 23, 22, 30, 31, 39, 38, 37, 29, 28, 20, 21, 13, 12, 11, 19, 18, 17, 9, 8, 16, 24, 25, 33, 32, 40, 41, 42, 34, 35, 43, 44, 52, 51, 50, 58, 59, 60, 61, 53, 45, 46, 47, 55, 63]
[00:00:00:20:708] ! Unidirectional s-t. expansions: 15,333, time: 20,706 [ms], path length: 52 [edges], generated: 27,174
[00:00:00:11:924] Path of length 52 found: [63, 55, 47, 46, 45, 53, 61, 60, 59, 58, 50, 51, 52, 44, 43, 35, 34, 42, 41, 40, 32, 33, 25, 24, 16, 8, 9, 17, 18, 19, 27, 28, 29, 37, 38, 39, 31, 30, 22, 23, 15, 14, 6, 5, 13, 21, 20, 12, 4, 3, 2, 1, 0]
[00:00:00:11:926] ! Unidirectional t-s. expansions: 9,235, time: 11,925 [ms], path length: 52 [edges], generated: 15,465
[00:00:00:05:453] Path of length 52 found: [0, 8, 16, 24, 25, 33, 32, 40, 41, 42, 34, 35, 27, 28, 20, 12, 11, 19, 18, 17, 9, 1, 2, 3, 4, 5, 13, 14, 15, 23, 31, 39, 47, 46, 38, 30, 22, 21, 29, 37, 45, 44, 43, 51, 50, 58, 59, 60, 52, 53, 61, 62, 63]
[00:00:00:05:915] ! Bidirectional. expansions: 4,347, time: 5,454 [ms], path length: 52 [edges], g_F: 26, g_B: 26, generated: {'F': 7,806, 'B': 8,279}, MM: 0, MMPER: -1.0%
[00:00:00:05:915] 
---------- SM_Grids/8x8_grid_with_random_blocks_12per_6 ----------
[00:00:00:11:436] Expansion 10,000: state None, f=53, g=33
[00:00:00:21:827] Expansion 20,000: state None, f=53, g=25
[00:00:00:32:105] Expansion 30,000: state None, f=53, g=36
[00:00:00:33:428] Path of length 52 found: [0, 1, 2, 3, 4, 5, 6, 7, 15, 23, 22, 14, 13, 21, 20, 12, 11, 19, 18, 10, 9, 8, 16, 17, 25, 24, 32, 40, 48, 49, 41, 42, 50, 51, 59, 60, 61, 53, 45, 44, 43, 35, 34, 26, 27, 28, 36, 37, 38, 46, 54, 62, 63]
[00:00:00:33:430] ! Unidirectional s-t. expansions: 31,289, time: 33,428 [ms], path length: 52 [edges], generated: 50,505
[00:00:00:11:912] Expansion 10,000: state None, f=53, g=19
[00:00:00:22:403] Expansion 20,000: state None, f=53, g=33
[00:00:00:27:739] Path of length 52 found: [63, 62, 54, 46, 38, 37, 36, 28, 29, 21, 22, 23, 15, 7, 6, 14, 13, 5, 4, 3, 11, 12, 20, 19, 27, 26, 34, 35, 43, 44, 45, 53, 61, 60, 59, 51, 50, 42, 41, 49, 48, 40, 32, 24, 25, 17, 16, 8, 9, 10, 2, 1, 0]
[00:00:00:27:740] ! Unidirectional t-s. expansions: 24,819, time: 27,739 [ms], path length: 52 [edges], generated: 41,611
[00:00:00:12:220] Expansion 10,000: F [0, 1, 2, 10, 9, 8, 16, 24, 32, 40, 48], B [63, 62, 54, 46, 38, 37, 36, 28, 29, 21, 20], f=53, g=20
[00:00:00:23:887] Path of length 52 found: [0, 8, 16, 17, 9, 1, 2, 3, 4, 5, 6, 7, 15, 23, 22, 14, 13, 12, 11, 10, 18, 26, 25, 24, 32, 40, 48, 49, 50, 51, 59, 60, 61, 53, 45, 44, 43, 42, 34, 35, 36, 28, 27, 19, 20, 21, 29, 37, 38, 46, 54, 62, 63]
[00:00:00:24:346] ! Bidirectional. expansions: 18,789, time: 23,887 [ms], path length: 52 [edges], g_F: 26, g_B: 26, generated: {'F': 34,227, 'B': 34,900}, MM: 0, MMPER: -1.0%
[00:00:00:24:346] 
---------- SM_Grids/8x8_grid_with_random_blocks_12per_7 ----------
[00:00:00:13:804] Expansion 10,000: state None, f=54, g=11
[00:00:00:27:498] Expansion 20,000: state None, f=54, g=26
[00:00:00:36:175] Expansion 30,000: state None, f=53, g=36
[00:00:00:46:229] Expansion 40,000: state None, f=53, g=28
[00:00:00:55:922] Expansion 50,000: state None, f=53, g=37
[00:00:01:06:015] Expansion 60,000: state None, f=53, g=42
[00:00:01:15:228] Expansion 70,000: state None, f=53, g=33
[00:00:01:25:659] Expansion 80,000: state None, f=53, g=40
[00:00:01:35:160] Expansion 90,000: state None, f=53, g=31
[00:00:01:45:815] Expansion 100,000: state None, f=53, g=21
[00:00:01:55:090] Expansion 110,000: state None, f=53, g=39
[00:00:02:07:248] Expansion 120,000: state None, f=53, g=31
[00:00:02:17:385] Expansion 130,000: state None, f=53, g=32
[00:00:02:28:361] Path of length 52 found: [0, 8, 9, 10, 18, 19, 27, 28, 36, 35, 43, 42, 41, 33, 34, 26, 25, 17, 16, 24, 32, 40, 48, 56, 57, 58, 59, 60, 61, 53, 52, 44, 45, 37, 38, 30, 22, 21, 20, 12, 13, 5, 6, 14, 15, 23, 31, 39, 47, 46, 54, 62, 63]
[00:00:02:28:363] ! Unidirectional s-t. expansions: 137,530, time: 148,361 [ms], path length: 52 [edges], generated: 233,491
[00:00:00:23:131] Expansion 10,000: state None, f=54, g=34
[00:00:00:35:919] Expansion 20,000: state None, f=54, g=29
[00:00:00:49:686] Expansion 30,000: state None, f=54, g=18
[00:00:00:59:944] Expansion 40,000: state None, f=53, g=37
[00:00:01:10:796] Expansion 50,000: state None, f=53, g=34
[00:00:01:22:848] Expansion 60,000: state None, f=53, g=35
[00:00:01:33:068] Expansion 70,000: state None, f=53, g=42
[00:00:01:44:916] Expansion 80,000: state None, f=53, g=44
[00:00:01:54:930] Expansion 90,000: state None, f=53, g=46
[00:00:02:06:527] Expansion 100,000: state None, f=53, g=20
[00:00:02:17:175] Expansion 110,000: state None, f=53, g=26
[00:00:02:30:215] Expansion 120,000: state None, f=53, g=36
[00:00:02:39:478] Expansion 130,000: state None, f=53, g=28
[00:00:02:49:514] Expansion 140,000: state None, f=53, g=27
[00:00:03:03:943] Path of length 52 found: [63, 55, 47, 39, 31, 23, 15, 7, 6, 5, 13, 12, 20, 21, 22, 30, 38, 46, 54, 62, 61, 60, 59, 58, 57, 56, 48, 49, 41, 40, 32, 24, 16, 17, 25, 33, 34, 42, 43, 44, 52, 53, 45, 37, 36, 28, 27, 19, 18, 10, 9, 8, 0]
[00:00:03:03:944] ! Unidirectional t-s. expansions: 146,821, time: 183,943 [ms], path length: 52 [edges], generated: 245,434
[00:00:00:15:958] Expansion 10,000: F [0, 8, 16, 17, 9, 10, 18, 19, 27, 35, 43, 42, 41, 33, 34, 26, 25, 24, 32, 40], B [63, 55, 47, 39, 38, 30, 31, 23, 22, 14, 15, 7, 6, 5, 13, 12, 20, 28, 36, 37], f=54, g=38
[00:00:00:27:060] Expansion 20,000: F [0, 8, 9, 10, 18, 17, 16, 24, 32, 33, 25, 26, 34, 35, 43, 42, 41, 40, 48], B [63, 62, 61, 53, 54, 55, 47, 46, 38, 39, 31, 30, 22, 14, 15, 7, 6, 5, 13], f=54, g=36
[00:00:00:39:890] Expansion 30,000: F [0, 8, 9, 10, 18, 19, 27, 26, 25, 17, 16, 24, 32, 33, 34, 35, 36], B [63, 62, 61, 53, 52, 60, 59, 58, 57, 56, 48, 40, 41, 42, 43, 44, 45], f=54, g=32
[00:00:00:53:778] Expansion 40,000: F [0, 8, 9, 10, 18, 19, 27, 28, 36, 37, 38], B [63, 62, 61, 60, 59, 58, 57, 56, 48, 40, 32], f=54, g=20
[00:00:01:10:689] Expansion 50,000: F [0, 8, 9, 10, 18, 19, 27, 35, 43, 42, 41, 33], B [63, 62, 54, 46, 47, 39, 38, 30, 31, 23, 22, 14], f=54, g=22
[00:00:01:35:020] Expansion 60,000: F [0, 8, 9, 10, 18, 19, 27, 35, 43, 42, 34, 26, 25, 17, 16, 24, 32, 33, 41, 49, 48], B [63, 55, 47, 46, 54, 62, 61, 53, 45, 37, 38, 30, 31, 23, 22, 14, 15, 7, 6, 5, 13], f=53, g=40
[00:00:01:42:337] Expansion 70,000: F [0, 8, 16, 24, 32, 33, 34, 26, 25, 17, 9, 10, 18, 19, 20, 12, 13, 21, 22, 14], B [63, 55, 47, 46, 54, 62, 61, 60, 59, 58, 57, 56, 48, 40, 41, 42, 43, 35, 27, 28], f=53, g=38
[00:00:01:51:070] Expansion 80,000: F [0, 8, 16, 17, 9, 10, 18, 19, 27, 35, 43, 42, 41, 33, 34, 26, 25, 24, 32], B [63, 55, 47, 46, 45, 37, 38, 39, 31, 23, 22, 14, 15, 7, 6, 5, 13, 12, 20], f=53, g=36
[00:00:01:59:676] Expansion 90,000: F [0, 8, 16, 17, 9, 10, 18, 26, 25, 24, 32, 33, 34, 35, 43, 42, 41], B [63, 55, 47, 46, 38, 39, 31, 30, 22, 23, 15, 7, 6, 5, 13, 12, 20], f=53, g=32
[00:00:02:09:986] Expansion 100,000: F [0, 8, 9, 10, 18, 17, 16, 24, 25, 26, 34, 33, 32, 40, 48, 49], B [63, 55, 47, 46, 54, 62, 61, 53, 45, 37, 38, 30, 31, 23, 22, 14], f=53, g=30
[00:00:02:09:987] Expansions: 100,000. Checks - state_vs_state: 3,943, prefix: 326,719
[00:00:02:09:987] Expansions: 100,000. Checks - state_vs_state: 3,943, prefix: 326,720
[00:00:02:09:987] Expansions: 100,000. Checks - state_vs_state: 3,943, prefix: 326,721
[00:00:02:09:988] Expansions: 100,000. Checks - state_vs_state: 3,943, prefix: 326,722
[00:00:02:09:988] Expansions: 100,000. Checks - state_vs_state: 3,943, prefix: 326,723
[00:00:02:09:988] Expansions: 100,000. Checks - state_vs_state: 3,943, prefix: 326,724
[00:00:02:18:674] Expansion 110,000: F [0, 8, 16, 17, 9, 10, 18, 19, 20, 21, 13, 5, 6, 7, 15, 14], B [63, 62, 61, 53, 52, 60, 59, 58, 57, 56, 48, 49, 41, 40, 32, 33], f=53, g=30
[00:00:02:28:484] Expansion 120,000: F [0, 8, 9, 10, 18, 17, 16, 24, 32, 40, 48, 56, 57, 58, 59, 60, 52, 53, 61, 62, 54], B [63, 55, 47, 39, 38, 30, 31, 23, 15, 7, 6, 5, 13, 14, 22, 21, 20, 19, 27, 28, 36], f=53, g=40
[00:00:02:39:829] Expansion 130,000: F [0, 8, 9, 10, 18, 19, 27, 35, 36, 28, 20, 21, 13, 5, 6, 7, 15, 14, 22, 23], B [63, 55, 47, 46, 54, 62, 61, 53, 52, 60, 59, 58, 57, 49, 48, 40, 41, 33, 32, 24], f=53, g=38
[00:00:02:49:504] Expansion 140,000: F [0, 8, 9, 10, 18, 19, 20, 12, 13, 5, 6, 7, 15, 23, 22], B [63, 55, 47, 46, 54, 62, 61, 53, 52, 60, 59, 58, 57, 56, 48], f=53, g=28
[00:00:02:58:989] Expansion 150,000: F [0, 8, 16, 24, 32, 40, 48, 49, 57, 58, 59, 60, 52, 44, 43, 42, 41, 33, 34], B [63, 62, 61, 53, 54, 55, 47, 39, 31, 23, 15, 7, 6, 14, 13, 12, 20, 21, 22], f=53, g=36
[00:00:03:12:515] Expansion 160,000: F [0, 8, 16, 17, 9, 10, 18, 19, 20, 12, 13, 21, 22, 14, 6, 7, 15, 23, 31], B [63, 55, 47, 46, 54, 62, 61, 60, 59, 58, 57, 49, 48, 40, 41, 42, 43, 35, 34], f=53, g=36
[00:00:03:23:553] Expansion 170,000: F [0, 8, 16, 17, 9, 10, 18, 19, 20, 21, 22, 14, 13, 5, 6, 7, 15, 23, 31], B [63, 55, 54, 62, 61, 60, 59, 58, 57, 56, 48, 40, 32, 24, 25, 33, 41, 42, 43], f=53, g=36
[00:00:03:33:822] Expansion 180,000: F [0, 8, 9, 10, 18, 19, 20, 28, 36, 44, 43, 42, 41, 33, 34, 35, 27, 26, 25, 17, 16], B [63, 55, 47, 39, 31, 23, 15, 7, 6, 5, 13, 21, 22, 30, 38, 37, 45, 46, 54, 62, 61], f=53, g=40
[00:00:03:49:406] Expansion 190,000: F [0, 8, 16, 17, 9, 10, 18, 26, 25, 33, 34, 42, 41, 40], B [63, 62, 61, 53, 54, 55, 47, 39, 31, 23, 15, 7, 6, 5], f=53, g=26
[00:00:04:01:279] Expansion 200,000: F [0, 8, 9, 10, 18, 19, 20, 21, 22, 14, 13, 5, 6, 7, 15, 23, 31, 30, 38, 39, 47], B [63, 55, 54, 62, 61, 60, 59, 58, 57, 49, 48, 40, 32, 24, 16, 17, 25, 26, 27, 28, 36], f=53, g=40
[00:00:04:01:279] Expansions: 200,000. Checks - state_vs_state: 8,422, prefix: 658,689
[00:00:04:01:280] Expansions: 200,000. Checks - state_vs_state: 8,422, prefix: 658,690
[00:00:04:01:280] Expansions: 200,000. Checks - state_vs_state: 8,422, prefix: 658,691
[00:00:04:01:280] Expansions: 200,000. Checks - state_vs_state: 8,422, prefix: 658,692
[00:00:04:01:280] Expansions: 200,000. Checks - state_vs_state: 8,422, prefix: 658,693
[00:00:04:01:280] Expansions: 200,000. Checks - state_vs_state: 8,422, prefix: 658,694
[00:00:04:16:062] Expansion 210,000: F [0, 8, 9, 10, 18, 26, 27, 28, 36, 35, 34, 33, 25, 17, 16, 24, 32], B [63, 55, 47, 39, 31, 23, 15, 14, 6, 5, 13, 12, 20, 21, 22, 30, 38], f=53, g=32
[00:00:04:32:506] Expansion 220,000: F [0, 8, 16, 17, 18, 26, 34, 33, 25, 24, 32, 40], B [63, 62, 54, 55, 47, 46, 45, 37, 38, 39, 31, 30], f=53, g=22
[00:00:04:53:748] Expansion 230,000: F [0, 8, 9, 17, 18, 26, 25, 24, 32, 40], B [63, 62, 61, 53, 54, 55, 47, 46, 45, 44], f=53, g=18
[00:00:05:01:943] Path of length 52 found: [0, 8, 16, 24, 32, 40, 41, 49, 48, 56, 57, 58, 59, 60, 52, 44, 43, 42, 34, 33, 25, 17, 9, 10, 18, 26, 27, 28, 36, 37, 38, 30, 22, 21, 20, 12, 13, 5, 6, 7, 15, 23, 31, 39, 47, 46, 45, 53, 61, 62, 54, 55, 63]
[00:00:05:02:938] ! Bidirectional. expansions: 230,743, time: 301,962 [ms], path length: 52 [edges], g_F: 26, g_B: 26, generated: {'F': 410,948, 'B': 428,312}, MM: 0, MMPER: -1.0%
[00:00:05:02:938] 
---------- SM_Grids/8x8_grid_with_random_blocks_12per_8 ----------
[00:00:00:08:714] Path of length 54 found: [0, 1, 2, 3, 4, 5, 6, 7, 15, 23, 31, 30, 29, 21, 22, 14, 13, 12, 20, 28, 36, 44, 43, 35, 34, 26, 27, 19, 18, 10, 9, 8, 16, 17, 25, 24, 32, 33, 41, 49, 48, 56, 57, 58, 59, 60, 52, 53, 45, 37, 38, 46, 47, 55, 63]
[00:00:00:08:716] ! Unidirectional s-t. expansions: 8,426, time: 8,714 [ms], path length: 54 [edges], generated: 13,871
[00:00:00:06:409] Path of length 54 found: [63, 55, 47, 46, 45, 53, 52, 60, 59, 58, 57, 56, 48, 49, 41, 33, 32, 24, 25, 17, 16, 8, 9, 10, 18, 19, 20, 21, 22, 30, 29, 28, 27, 26, 34, 35, 43, 44, 36, 37, 38, 39, 31, 23, 15, 7, 6, 14, 13, 5, 4, 3, 2, 1, 0]
[00:00:00:06:412] ! Unidirectional t-s. expansions: 5,418, time: 6,411 [ms], path length: 54 [edges], generated: 9,433
[00:00:00:04:782] Path of length 54 found: [0, 8, 16, 17, 25, 24, 32, 33, 41, 49, 48, 56, 57, 58, 59, 60, 52, 53, 45, 46, 38, 37, 29, 30, 22, 14, 13, 12, 20, 19, 27, 28, 36, 44, 43, 35, 34, 26, 18, 10, 9, 1, 2, 3, 4, 5, 6, 7, 15, 23, 31, 39, 47, 55, 63]
[00:00:00:05:238] ! Bidirectional. expansions: 3,951, time: 4,783 [ms], path length: 54 [edges], g_F: 27, g_B: 27, generated: {'F': 6,959, 'B': 7,361}, MM: 0, MMPER: -1.0%
[00:00:00:05:238] 
---------- SM_Grids/8x8_grid_with_random_blocks_12per_9 ----------
[00:00:00:23:597] Expansion 10,000: state None, f=54, g=27
[00:00:00:34:606] Expansion 20,000: state None, f=53, g=36
[00:00:00:42:995] Expansion 30,000: state None, f=53, g=40
[00:00:00:52:588] Expansion 40,000: state None, f=53, g=29
[00:00:01:02:960] Expansion 50,000: state None, f=53, g=39
[00:00:01:13:628] Expansion 60,000: state None, f=53, g=42
[00:00:01:24:757] Expansion 70,000: state None, f=53, g=36
[00:00:01:35:681] Expansion 80,000: state None, f=53, g=17
[00:00:01:47:690] Path of length 52 found: [0, 1, 2, 10, 9, 8, 16, 24, 32, 40, 48, 56, 57, 58, 50, 49, 41, 33, 25, 26, 18, 19, 11, 12, 4, 5, 6, 7, 15, 23, 31, 30, 38, 46, 47, 55, 54, 53, 45, 37, 29, 21, 20, 28, 27, 35, 43, 51, 59, 60, 61, 62, 63]
[00:00:01:47:692] ! Unidirectional s-t. expansions: 87,139, time: 107,690 [ms], path length: 52 [edges], generated: 146,952
[00:00:00:13:215] Expansion 10,000: state None, f=54, g=29
[00:00:00:34:123] Expansion 20,000: state None, f=54, g=27
[00:00:00:47:352] Expansion 30,000: state None, f=53, g=41
[00:00:00:56:936] Expansion 40,000: state None, f=53, g=37
[00:00:01:07:184] Expansion 50,000: state None, f=53, g=39
[00:00:01:16:476] Expansion 60,000: state None, f=53, g=31
[00:00:01:28:049] Expansion 70,000: state None, f=53, g=41
[00:00:01:42:032] Expansion 80,000: state None, f=53, g=18
[00:00:01:55:232] Expansion 90,000: state None, f=53, g=12
[00:00:02:08:402] Path of length 52 found: [63, 62, 61, 60, 59, 58, 50, 49, 57, 56, 48, 40, 41, 33, 32, 24, 25, 26, 34, 35, 43, 51, 52, 53, 54, 55, 47, 46, 45, 37, 38, 30, 31, 23, 15, 7, 6, 5, 4, 12, 13, 21, 29, 28, 20, 19, 11, 10, 2, 1, 9, 8, 0]
[00:00:02:08:404] ! Unidirectional t-s. expansions: 96,939, time: 128,402 [ms], path length: 52 [edges], generated: 164,435
[00:00:00:12:230] Expansion 10,000: F [0, 1, 9, 8, 16, 24, 32, 40, 41, 49, 48, 56, 57, 58, 50, 51], B [63, 55, 47, 46, 38, 30, 31, 23, 15, 7, 6, 5, 4, 12, 11, 10], f=54, g=30
[00:00:00:24:630] Expansion 20,000: F [0, 8, 9, 1, 2, 10, 11, 19, 20, 21, 13, 12, 4], B [63, 62, 61, 60, 59, 58, 50, 49, 57, 56, 48, 40, 41], f=54, g=24
[00:00:00:32:710] Expansion 30,000: F [0, 1, 2, 10, 9, 8, 16, 24, 25, 33, 41, 40, 48, 56, 57, 49, 50, 58, 59, 60, 61, 53, 52, 51, 43, 35, 34], B [63, 62, 54, 55, 47, 46, 45, 37, 38, 30, 31, 23, 15, 7, 6, 5, 13, 21, 29, 28, 20, 12, 11, 19, 18, 26, 27], f=53, g=52
[00:00:00:38:954] Expansion 40,000: F [0, 1, 2, 10, 9, 8, 16, 24, 25, 26, 18, 19, 20, 21, 13, 12, 4, 5, 6, 7, 15, 23, 31, 30], B [63, 55, 47, 46, 54, 62, 61, 53, 52, 60, 59, 58, 57, 56, 48, 40, 32, 33, 41, 49, 50, 51, 43, 35], f=53, g=46
[00:00:00:46:520] Expansion 50,000: F [0, 1, 9, 8, 16, 24, 25, 33, 32, 40, 41, 49, 48, 56, 57, 58, 50, 51, 43, 35], B [63, 55, 47, 46, 54, 62, 61, 60, 52, 53, 45, 37, 29, 30, 31, 23, 15, 7, 6, 5], f=53, g=38
[00:00:00:55:069] Expansion 60,000: F [0, 1, 2, 10, 9, 8, 16, 24, 32, 40, 41, 33, 34, 26, 27, 28, 20], B [63, 55, 47, 46, 54, 62, 61, 53, 52, 60, 59, 58, 57, 56, 48, 49, 50], f=53, g=32
[00:00:01:17:188] Expansion 70,000: F [0, 1, 2, 10, 9, 8, 16, 24, 25, 26, 27, 35, 36, 28, 29], B [63, 55, 47, 46, 54, 62, 61, 60, 59, 58, 57, 56, 48, 40, 32], f=53, g=28
[00:00:01:26:453] Expansion 80,000: F [0, 8, 9, 1, 2, 10, 18, 26, 25, 24, 32, 33, 41, 40, 48, 56, 57, 49, 50], B [63, 55, 54, 62, 61, 60, 52, 53, 45, 46, 38, 37, 29, 30, 31, 23, 15, 7, 6], f=53, g=36
[00:00:01:37:075] Expansion 90,000: F [0, 1, 9, 8, 16, 24, 25, 26, 34, 33, 41, 40, 48, 56, 57], B [63, 55, 54, 62, 61, 60, 52, 53, 45, 46, 38, 37, 36, 28, 20], f=53, g=28
[00:00:01:50:890] Expansion 100,000: F [0, 8, 9, 10, 18, 26, 25, 24, 32, 40], B [63, 55, 47, 46, 54, 62, 61, 53, 45, 37], f=53, g=18
[00:00:01:50:891] Expansions: 100,000. Checks - state_vs_state: 7,631, prefix: 322,135
[00:00:01:50:891] Expansions: 100,000. Checks - state_vs_state: 7,631, prefix: 322,136
[00:00:01:50:892] Expansions: 100,000. Checks - state_vs_state: 7,631, prefix: 322,137
[00:00:01:50:892] Expansions: 100,000. Checks - state_vs_state: 7,631, prefix: 322,138
[00:00:01:50:893] Expansions: 100,000. Checks - state_vs_state: 7,631, prefix: 322,139
[00:00:01:50:893] Expansions: 100,000. Checks - state_vs_state: 7,631, prefix: 322,140
[00:00:01:57:498] Path of length 52 found: [0, 8, 9, 1, 2, 10, 11, 19, 18, 26, 34, 33, 25, 24, 32, 40, 41, 49, 48, 56, 57, 58, 50, 51, 43, 35, 27, 28, 20, 21, 13, 12, 4, 5, 6, 7, 15, 23, 31, 30, 38, 37, 45, 53, 52, 60, 61, 62, 54, 46, 47, 55, 63]
[00:00:01:58:408] ! Bidirectional. expansions: 103,259, time: 117,498 [ms], path length: 52 [edges], g_F: 26, g_B: 26, generated: {'F': 188,392, 'B': 183,235}, MM: 0, MMPER: -1.0%
[00:00:01:58:409] average expansions: (31,408, 31,830, 39,311, 0)
[00:00:01:58:409] average time: (36,279, 39,867, 49,709, 0)
[00:00:01:58:409] XA*: 31,408 , 36,279 (expansions , time[ms])
[00:00:01:58:409] BiXA*: 39,311 , 49,709 (expansions , time[ms])

