--------------------------
date: SM_Grids
number_of_graphs: 10
graph_type: grid
size_of_graphs: [8, 8]
heuristic: bcc_heuristic
snake: False
run_uni: True
run_bi: True
run_multi: False
solution_vertices: []
algorithms: ['A']
lookahead: 2
bsd: False
cube_first_dims: 4
cube_buffer_dim: None
backward_sym_generation: False
sym_coil: False
prefix_set: None

---------- SM_Grids/8x8_grid_with_random_blocks_16per_0 ----------
[00:00:00:00:610] Path of length 44 found: [0, 1, 9, 10, 2, 3, 11, 19, 18, 26, 34, 42, 41, 33, 25, 24, 32, 40, 48, 49, 50, 51, 43, 44, 36, 37, 29, 28, 20, 12, 13, 5, 6, 7, 15, 14, 22, 23, 31, 30, 38, 46, 47, 55, 63]
[00:00:00:00:610] ! Unidirectional s-t. expansions: 588, time: 610 [ms], path length: 44 [edges], generated: 1,011
[00:00:00:00:389] Path of length 44 found: [63, 55, 47, 46, 38, 39, 31, 30, 22, 23, 15, 7, 6, 5, 13, 12, 20, 28, 29, 37, 36, 44, 43, 35, 34, 33, 41, 42, 50, 49, 48, 40, 32, 24, 25, 26, 18, 19, 11, 3, 2, 10, 9, 1, 0]
[00:00:00:00:389] ! Unidirectional t-s. expansions: 241, time: 389 [ms], path length: 44 [edges], generated: 422
[00:00:00:00:553] Path of length 44 found: [0, 1, 9, 10, 2, 3, 11, 12, 20, 19, 18, 26, 25, 24, 32, 40, 48, 49, 41, 33, 34, 42, 50, 51, 43, 44, 36, 28, 29, 30, 22, 14, 13, 5, 6, 7, 15, 23, 31, 39, 38, 46, 47, 55, 63]
[00:00:00:01:001] ! Bidirectional. expansions: 665, time: 553 [ms], path length: 44 [edges], g_F: 22, g_B: 22, generated: {'F': 1,272, 'B': 1,073}, MM: 0, MMPER: -1.0%
[00:00:00:01:002] 
---------- SM_Grids/8x8_grid_with_random_blocks_16per_1 ----------
[00:00:00:00:065] Path of length 44 found: [0, 8, 9, 10, 2, 3, 4, 12, 11, 19, 18, 26, 25, 24, 32, 33, 41, 42, 34, 35, 43, 44, 36, 28, 20, 21, 29, 30, 22, 14, 15, 23, 31, 39, 38, 46, 47, 55, 54, 53, 52, 60, 61, 62, 63]
[00:00:00:00:065] ! Unidirectional s-t. expansions: 51, time: 65 [ms], path length: 44 [edges], generated: 85
[00:00:00:02:572] Path of length 44 found: [63, 62, 61, 60, 52, 53, 54, 55, 47, 46, 38, 39, 31, 23, 15, 14, 22, 30, 29, 21, 20, 12, 4, 3, 2, 10, 11, 19, 18, 26, 27, 28, 36, 44, 43, 35, 34, 42, 41, 33, 25, 24, 16, 8, 0]
[00:00:00:02:573] ! Unidirectional t-s. expansions: 1,697, time: 2,572 [ms], path length: 44 [edges], generated: 3,188
[00:00:00:00:119] Path of length 44 found: [0, 8, 9, 10, 2, 3, 4, 12, 11, 19, 18, 26, 25, 24, 32, 33, 41, 42, 34, 35, 43, 44, 36, 28, 20, 21, 29, 30, 22, 14, 15, 23, 31, 39, 38, 46, 47, 55, 54, 53, 52, 60, 61, 62, 63]
[00:00:00:00:560] ! Bidirectional. expansions: 65, time: 119 [ms], path length: 44 [edges], g_F: 22, g_B: 22, generated: {'F': 115, 'B': 117}, MM: 0, MMPER: -1.0%
[00:00:00:00:560] 
---------- SM_Grids/8x8_grid_with_random_blocks_16per_2 ----------
[00:00:00:05:316] Path of length 44 found: [0, 1, 2, 3, 11, 19, 20, 21, 29, 30, 38, 46, 47, 55, 54, 53, 45, 44, 36, 28, 27, 26, 18, 17, 16, 24, 32, 40, 48, 56, 57, 58, 50, 49, 41, 33, 34, 42, 43, 51, 59, 60, 61, 62, 63]
[00:00:00:05:317] ! Unidirectional s-t. expansions: 4,090, time: 5,316 [ms], path length: 44 [edges], generated: 7,383
[00:00:00:11:870] Path of length 44 found: [63, 62, 54, 55, 47, 46, 38, 30, 29, 21, 20, 28, 36, 44, 45, 53, 52, 60, 59, 58, 57, 56, 48, 49, 50, 51, 43, 42, 34, 33, 41, 40, 32, 24, 16, 17, 18, 26, 27, 19, 11, 3, 2, 1, 0]
[00:00:00:11:872] ! Unidirectional t-s. expansions: 9,625, time: 11,870 [ms], path length: 44 [edges], generated: 15,993
[00:00:00:02:499] Path of length 44 found: [0, 8, 16, 24, 32, 40, 48, 56, 57, 49, 41, 33, 34, 42, 43, 51, 50, 58, 59, 60, 61, 53, 45, 44, 36, 28, 27, 26, 18, 10, 2, 3, 11, 19, 20, 21, 29, 30, 38, 46, 47, 55, 54, 62, 63]
[00:00:00:02:934] ! Bidirectional. expansions: 2,098, time: 2,499 [ms], path length: 44 [edges], g_F: 22, g_B: 22, generated: {'F': 3,938, 'B': 3,849}, MM: 0, MMPER: -1.0%
[00:00:00:02:934] 
---------- SM_Grids/8x8_grid_with_random_blocks_16per_3 ----------
[00:00:00:11:920] Expansion 10,000: state None, f=45, g=32
[00:00:00:19:335] Path of length 44 found: [0, 8, 16, 24, 25, 17, 18, 10, 11, 19, 27, 26, 34, 33, 41, 49, 50, 42, 43, 35, 36, 28, 29, 21, 20, 12, 13, 14, 15, 23, 31, 30, 38, 39, 47, 46, 45, 44, 52, 60, 61, 53, 54, 62, 63]
[00:00:00:19:336] ! Unidirectional s-t. expansions: 16,966, time: 19,335 [ms], path length: 44 [edges], generated: 30,143
[00:00:00:12:078] Expansion 10,000: state None, f=45, g=37
[00:00:00:21:817] Expansion 20,000: state None, f=45, g=37
[00:00:00:32:286] Expansion 30,000: state None, f=45, g=27
[00:00:00:39:421] Path of length 44 found: [63, 55, 47, 39, 31, 23, 15, 14, 13, 12, 11, 10, 18, 19, 27, 35, 34, 42, 43, 44, 36, 28, 20, 21, 29, 30, 38, 46, 45, 53, 54, 62, 61, 60, 52, 51, 50, 49, 41, 33, 25, 17, 16, 8, 0]
[00:00:00:39:422] ! Unidirectional t-s. expansions: 36,757, time: 39,421 [ms], path length: 44 [edges], generated: 62,846
[00:00:00:11:345] Expansion 10,000: F [0, 8, 16, 17, 25, 33, 34, 42, 41, 49, 50, 51, 43, 35, 27], B [63, 62, 54, 55, 47, 46, 45, 53, 61, 60, 52, 44, 36, 28, 20], f=45, g=28
[00:00:00:14:357] Path of length 44 found: [0, 8, 16, 24, 25, 17, 18, 10, 11, 12, 13, 14, 15, 23, 31, 30, 29, 21, 20, 19, 27, 26, 34, 33, 41, 49, 50, 51, 43, 35, 36, 44, 52, 60, 61, 62, 54, 53, 45, 46, 38, 39, 47, 55, 63]
[00:00:00:14:854] ! Bidirectional. expansions: 12,351, time: 14,364 [ms], path length: 44 [edges], g_F: 22, g_B: 22, generated: {'F': 25,097, 'B': 23,977}, MM: 0, MMPER: -1.0%
[00:00:00:14:854] 
---------- SM_Grids/8x8_grid_with_random_blocks_16per_4 ----------
[00:00:00:00:927] Path of length 48 found: [0, 1, 9, 8, 16, 17, 18, 10, 11, 3, 4, 12, 13, 14, 22, 30, 38, 39, 47, 46, 45, 44, 36, 37, 29, 28, 27, 35, 34, 26, 25, 33, 32, 40, 48, 56, 57, 49, 41, 42, 50, 51, 52, 60, 61, 53, 54, 62, 63]
[00:00:00:00:928] ! Unidirectional s-t. expansions: 853, time: 927 [ms], path length: 48 [edges], generated: 1,430
[00:00:00:06:553] Path of length 48 found: [63, 55, 47, 39, 38, 37, 36, 44, 45, 46, 54, 62, 61, 60, 52, 51, 50, 42, 41, 49, 57, 56, 48, 40, 32, 33, 25, 26, 34, 35, 27, 28, 29, 30, 22, 14, 13, 12, 4, 3, 11, 10, 18, 17, 16, 8, 9, 1, 0]
[00:00:00:06:554] ! Unidirectional t-s. expansions: 1,765, time: 6,553 [ms], path length: 48 [edges], generated: 3,155
[00:00:00:01:686] Path of length 48 found: [0, 1, 9, 8, 16, 17, 25, 26, 18, 10, 11, 3, 4, 12, 13, 14, 22, 30, 29, 37, 38, 39, 47, 46, 54, 53, 45, 44, 36, 28, 27, 35, 34, 33, 32, 40, 48, 56, 57, 49, 41, 42, 50, 51, 52, 60, 61, 62, 63]
[00:00:00:02:163] ! Bidirectional. expansions: 923, time: 1,686 [ms], path length: 48 [edges], g_F: 24, g_B: 24, generated: {'F': 1,506, 'B': 1,691}, MM: 0, MMPER: -1.0%
[00:00:00:02:163] 
---------- SM_Grids/8x8_grid_with_random_blocks_16per_5 ----------
[00:00:00:02:514] Path of length 50 found: [0, 8, 16, 24, 32, 33, 34, 26, 25, 17, 9, 1, 2, 10, 11, 19, 20, 12, 4, 5, 6, 14, 15, 23, 31, 39, 38, 30, 29, 28, 36, 35, 43, 44, 52, 51, 50, 49, 48, 56, 57, 58, 59, 60, 61, 53, 45, 46, 54, 55, 63]
[00:00:00:02:515] ! Unidirectional s-t. expansions: 2,024, time: 2,514 [ms], path length: 50 [edges], generated: 3,392
[00:00:00:02:213] Path of length 50 found: [63, 55, 47, 46, 54, 53, 61, 60, 59, 58, 57, 56, 48, 49, 50, 51, 52, 44, 43, 35, 36, 28, 29, 30, 38, 39, 31, 23, 15, 14, 6, 5, 4, 12, 20, 19, 11, 3, 2, 10, 9, 17, 25, 26, 34, 33, 32, 24, 16, 8, 0]
[00:00:00:02:214] ! Unidirectional t-s. expansions: 1,387, time: 2,214 [ms], path length: 50 [edges], generated: 2,355
[00:00:00:02:613] Path of length 50 found: [0, 8, 16, 24, 32, 33, 34, 26, 25, 17, 9, 1, 2, 10, 11, 19, 20, 12, 4, 5, 6, 14, 15, 23, 22, 30, 29, 28, 36, 35, 43, 51, 50, 49, 48, 56, 57, 58, 59, 60, 52, 44, 45, 53, 54, 46, 38, 39, 47, 55, 63]
[00:00:00:03:093] ! Bidirectional. expansions: 1,902, time: 2,613 [ms], path length: 50 [edges], g_F: 25, g_B: 25, generated: {'F': 3,210, 'B': 3,207}, MM: 0, MMPER: -1.0%
[00:00:00:03:094] 
---------- SM_Grids/8x8_grid_with_random_blocks_16per_6 ----------
[00:00:00:00:267] Path of length 48 found: [0, 1, 9, 8, 16, 17, 25, 24, 32, 33, 41, 40, 48, 49, 50, 42, 34, 35, 27, 26, 18, 10, 11, 19, 20, 21, 22, 14, 13, 5, 6, 7, 15, 23, 31, 30, 29, 37, 36, 44, 52, 53, 45, 46, 47, 55, 54, 62, 63]
[00:00:00:00:267] ! Unidirectional s-t. expansions: 225, time: 267 [ms], path length: 48 [edges], generated: 376
[00:00:00:00:092] Path of length 48 found: [63, 62, 54, 55, 47, 46, 38, 30, 31, 23, 22, 14, 15, 7, 6, 5, 13, 21, 29, 37, 45, 53, 52, 44, 36, 35, 27, 19, 11, 10, 18, 17, 25, 26, 34, 33, 41, 42, 50, 49, 48, 40, 32, 24, 16, 8, 9, 1, 0]
[00:00:00:00:093] ! Unidirectional t-s. expansions: 67, time: 92 [ms], path length: 48 [edges], generated: 112
[00:00:00:00:201] Path of length 48 found: [0, 1, 9, 8, 16, 24, 32, 40, 48, 49, 50, 42, 41, 33, 25, 17, 18, 10, 11, 19, 27, 26, 34, 35, 36, 44, 52, 53, 45, 37, 29, 21, 22, 14, 13, 5, 6, 7, 15, 23, 31, 30, 38, 46, 47, 55, 54, 62, 63]
[00:00:00:00:625] ! Bidirectional. expansions: 148, time: 201 [ms], path length: 48 [edges], g_F: 24, g_B: 24, generated: {'F': 269, 'B': 242}, MM: 0, MMPER: -1.0%
[00:00:00:00:625] 
---------- SM_Grids/8x8_grid_with_random_blocks_16per_7 ----------
[00:00:00:12:856] Expansion 10,000: state None, f=49, g=36
[00:00:00:22:491] Path of length 48 found: [0, 8, 9, 10, 2, 3, 11, 19, 18, 17, 16, 24, 32, 40, 48, 56, 57, 58, 59, 60, 61, 53, 45, 44, 43, 51, 50, 49, 41, 33, 34, 35, 27, 28, 20, 21, 13, 14, 6, 7, 15, 23, 31, 30, 38, 46, 54, 55, 63]
[00:00:00:22:492] ! Unidirectional s-t. expansions: 19,624, time: 22,491 [ms], path length: 48 [edges], generated: 33,282
[00:00:00:12:173] Expansion 10,000: state None, f=49, g=34
[00:00:00:16:514] Path of length 48 found: [63, 55, 54, 46, 38, 30, 31, 23, 15, 7, 6, 14, 13, 21, 20, 12, 11, 3, 2, 10, 9, 17, 18, 19, 27, 26, 34, 35, 43, 44, 45, 53, 61, 60, 59, 51, 50, 58, 57, 56, 48, 49, 41, 33, 32, 24, 16, 8, 0]
[00:00:00:16:515] ! Unidirectional t-s. expansions: 13,538, time: 16,514 [ms], path length: 48 [edges], generated: 23,829
[00:00:00:10:625] Expansion 10,000: F [0, 8, 9, 17, 16, 24, 32, 33, 41, 40, 48, 49, 57, 58, 50, 42, 34, 26, 27], B [63, 55, 54, 53, 61, 60, 59, 51, 43, 44, 45, 37, 38, 39, 31, 23, 15, 7, 6], f=49, g=36
[00:00:00:17:664] Path of length 48 found: [0, 8, 16, 17, 9, 10, 2, 3, 11, 19, 18, 26, 27, 28, 20, 12, 13, 14, 6, 7, 15, 23, 31, 30, 38, 37, 45, 44, 43, 42, 34, 33, 32, 40, 41, 49, 48, 56, 57, 58, 50, 51, 59, 60, 61, 53, 54, 55, 63]
[00:00:00:18:144] ! Bidirectional. expansions: 17,085, time: 17,665 [ms], path length: 48 [edges], g_F: 24, g_B: 24, generated: {'F': 30,223, 'B': 31,886}, MM: 0, MMPER: -1.0%
[00:00:00:18:145] 
---------- SM_Grids/8x8_grid_with_random_blocks_16per_8 ----------
[00:00:00:04:507] Path of length 50 found: [0, 8, 16, 17, 18, 19, 20, 12, 11, 10, 9, 1, 2, 3, 4, 5, 6, 7, 15, 23, 22, 14, 13, 21, 29, 28, 36, 35, 34, 33, 32, 40, 48, 56, 57, 49, 41, 42, 50, 51, 59, 60, 61, 53, 45, 37, 38, 46, 54, 62, 63]
[00:00:00:04:509] ! Unidirectional s-t. expansions: 3,379, time: 4,508 [ms], path length: 50 [edges], generated: 5,580
[00:00:00:00:331] Path of length 50 found: [63, 62, 54, 46, 38, 37, 45, 53, 61, 60, 59, 51, 50, 49, 57, 56, 48, 40, 32, 33, 41, 42, 43, 35, 34, 26, 18, 19, 20, 28, 29, 21, 22, 23, 15, 7, 6, 14, 13, 5, 4, 12, 11, 3, 2, 10, 9, 17, 16, 8, 0]
[00:00:00:00:332] ! Unidirectional t-s. expansions: 311, time: 331 [ms], path length: 50 [edges], generated: 534
[00:00:00:02:075] Path of length 50 found: [0, 8, 16, 17, 9, 1, 2, 3, 4, 5, 13, 14, 6, 7, 15, 23, 22, 21, 29, 37, 36, 28, 20, 12, 11, 10, 18, 26, 34, 35, 43, 42, 41, 33, 32, 40, 48, 56, 57, 49, 50, 51, 59, 60, 61, 53, 45, 46, 54, 62, 63]
[00:00:00:02:517] ! Bidirectional. expansions: 1,387, time: 2,075 [ms], path length: 50 [edges], g_F: 25, g_B: 25, generated: {'F': 2,527, 'B': 2,299}, MM: 0, MMPER: -1.0%
[00:00:00:02:517] 
---------- SM_Grids/8x8_grid_with_random_blocks_16per_9 ----------
[00:00:00:00:884] Path of length 46 found: [0, 1, 2, 3, 11, 12, 4, 5, 6, 7, 15, 14, 13, 21, 20, 28, 27, 26, 18, 17, 9, 8, 16, 24, 32, 33, 41, 42, 50, 58, 59, 51, 43, 44, 36, 37, 38, 30, 31, 39, 47, 55, 54, 53, 61, 62, 63]
[00:00:00:00:884] ! Unidirectional s-t. expansions: 656, time: 884 [ms], path length: 46 [edges], generated: 1,121
[00:00:00:00:573] Path of length 46 found: [63, 62, 54, 55, 47, 39, 31, 30, 38, 37, 45, 53, 52, 51, 59, 58, 50, 42, 43, 44, 36, 28, 20, 21, 13, 14, 15, 7, 6, 5, 4, 12, 11, 3, 2, 1, 9, 17, 18, 26, 34, 33, 25, 24, 16, 8, 0]
[00:00:00:00:573] ! Unidirectional t-s. expansions: 320, time: 573 [ms], path length: 46 [edges], generated: 641
[00:00:00:00:855] Path of length 46 found: [0, 8, 9, 1, 2, 3, 11, 12, 4, 5, 6, 7, 15, 14, 13, 21, 20, 28, 27, 26, 18, 17, 16, 24, 25, 33, 34, 42, 50, 58, 59, 51, 52, 44, 45, 37, 38, 30, 31, 39, 47, 55, 54, 53, 61, 62, 63]
[00:00:00:01:284] ! Bidirectional. expansions: 690, time: 855 [ms], path length: 46 [edges], g_F: 23, g_B: 23, generated: {'F': 1,078, 'B': 1,289}, MM: 0, MMPER: -1.0%
[00:00:00:01:284] average expansions: (4,846, 6,571, 3,731, 0)
[00:00:00:01:284] average time: (5,692, 8,053, 4,263, 0)
[00:00:00:01:285] XA*: 4,846 , 5,692 (expansions , time[ms])
[00:00:00:01:285] BiXA*: 3,731 , 4,263 (expansions , time[ms])

