--------------------------
date: SM_Grids
number_of_graphs: 10
graph_type: grid
size_of_graphs: [8, 8]
heuristic: bcc_heuristic
snake: False
run_uni: True
run_bi: True
run_multi: False
solution_vertices: []
algorithms: ['IDA']
lookahead: 4
bsd: False
cube_first_dims: 4
cube_buffer_dim: None
backward_sym_generation: False
sym_coil: False
prefix_set: None

---------- SM_Grids/8x8_grid_with_random_blocks_16per_0 ----------
[00:00:00:01:551] Path of length 44 found: [0, 1, 9, 10, 2, 3, 11, 19, 18, 26, 25, 24, 32, 40, 48, 49, 41, 33, 34, 42, 50, 51, 43, 35, 36, 28, 20, 12, 13, 5, 6, 7, 15, 14, 22, 23, 31, 30, 29, 37, 38, 46, 47, 55, 63]
[00:00:00:01:551] ! Unidirectional s-t. expansions: 281, time: 1,551 [ms], path length: 44 [edges], generated: 5,313
[00:00:00:00:800] Path of length 44 found: [63, 55, 47, 46, 38, 39, 31, 23, 15, 7, 6, 5, 13, 14, 22, 30, 29, 28, 36, 44, 43, 35, 34, 33, 41, 42, 50, 49, 48, 40, 32, 24, 25, 26, 18, 19, 20, 12, 11, 3, 2, 10, 9, 1, 0]
[00:00:00:00:801] ! Unidirectional t-s. expansions: 77, time: 800 [ms], path length: 44 [edges], generated: 1,859
[00:00:00:03:530] Path of length 44 found: [0, 1, 9, 10, 2, 3, 11, 19, 18, 26, 25, 24, 32, 40, 48, 49, 41, 33, 34, 42, 50, 51, 43, 35, 36, 37, 29, 28, 20, 12, 13, 5, 6, 7, 15, 14, 22, 23, 31, 39, 38, 46, 47, 55, 63]
[00:00:00:04:014] ! Bidirectional. expansions: 1,278, time: 3,530 [ms], path length: 44 [edges], g_F: 22, g_B: 22, generated: {'F': 9,045, 'B': 8,079}, MM: 0, MMPER: -1.0%
[00:00:00:04:014] 
---------- SM_Grids/8x8_grid_with_random_blocks_16per_1 ----------
[00:00:00:00:165] Path of length 44 found: [0, 8, 16, 24, 32, 33, 25, 26, 18, 10, 2, 3, 4, 12, 11, 19, 27, 35, 34, 42, 43, 44, 36, 28, 20, 21, 29, 30, 22, 14, 15, 23, 31, 39, 38, 46, 47, 55, 54, 53, 52, 60, 61, 62, 63]
[00:00:00:00:165] ! Unidirectional s-t. expansions: 18, time: 165 [ms], path length: 44 [edges], generated: 336
[00:00:00:10:267] Path of length 44 found: [63, 62, 61, 60, 52, 53, 54, 55, 47, 46, 38, 39, 31, 23, 15, 14, 22, 30, 29, 21, 20, 12, 4, 3, 2, 10, 11, 19, 18, 26, 34, 35, 27, 28, 36, 44, 43, 42, 41, 33, 25, 24, 16, 8, 0]
[00:00:00:10:267] ! Unidirectional t-s. expansions: 1,310, time: 10,267 [ms], path length: 44 [edges], generated: 28,205
[00:00:00:02:334] Path of length 44 found: [0, 8, 16, 24, 32, 33, 25, 26, 18, 10, 2, 3, 4, 12, 11, 19, 27, 35, 34, 42, 43, 44, 36, 28, 20, 21, 29, 30, 22, 14, 15, 23, 31, 39, 38, 46, 47, 55, 54, 53, 52, 60, 61, 62, 63]
[00:00:00:02:757] ! Bidirectional. expansions: 567, time: 2,334 [ms], path length: 44 [edges], g_F: 22, g_B: 22, generated: {'F': 4,635, 'B': 3,593}, MM: 0, MMPER: -1.0%
[00:00:00:02:757] 
---------- SM_Grids/8x8_grid_with_random_blocks_16per_2 ----------
[00:00:00:06:956] Path of length 44 found: [0, 1, 2, 3, 11, 10, 18, 17, 16, 24, 32, 40, 48, 56, 57, 49, 41, 33, 34, 26, 27, 19, 20, 21, 29, 28, 36, 44, 43, 42, 50, 58, 59, 51, 52, 60, 61, 53, 45, 46, 47, 55, 54, 62, 63]
[00:00:00:06:956] ! Unidirectional s-t. expansions: 1,050, time: 6,956 [ms], path length: 44 [edges], generated: 21,150
[00:00:00:25:241] Path of length 44 found: [63, 55, 47, 46, 38, 30, 29, 21, 20, 28, 36, 44, 45, 53, 54, 62, 61, 60, 52, 51, 43, 42, 34, 33, 41, 49, 50, 58, 57, 56, 48, 40, 32, 24, 16, 17, 18, 26, 27, 19, 11, 3, 2, 1, 0]
[00:00:00:25:241] ! Unidirectional t-s. expansions: 5,041, time: 25,241 [ms], path length: 44 [edges], generated: 76,646
[00:00:00:18:401] Path of length 44 found: [0, 8, 16, 24, 32, 40, 48, 56, 57, 49, 41, 33, 34, 42, 43, 51, 50, 58, 59, 60, 61, 53, 45, 44, 36, 28, 27, 26, 18, 10, 2, 3, 11, 19, 20, 21, 29, 30, 38, 46, 47, 55, 54, 62, 63]
[00:00:00:18:847] ! Bidirectional. expansions: 6,123, time: 18,401 [ms], path length: 44 [edges], g_F: 22, g_B: 22, generated: {'F': 41,359, 'B': 41,573}, MM: 0, MMPER: -1.0%
[00:00:00:18:847] 
---------- SM_Grids/8x8_grid_with_random_blocks_16per_3 ----------
[00:00:00:25:808] Path of length 44 found: [0, 8, 16, 24, 25, 17, 18, 10, 11, 19, 27, 26, 34, 33, 41, 49, 50, 42, 43, 35, 36, 28, 29, 21, 20, 12, 13, 14, 15, 23, 31, 30, 38, 39, 47, 46, 45, 44, 52, 60, 61, 53, 54, 62, 63]
[00:00:00:25:808] ! Unidirectional s-t. expansions: 4,492, time: 25,808 [ms], path length: 44 [edges], generated: 91,302
[00:00:00:53:919] Valid states checked so far: 200,000, Expansions: 11,305, Global best: 45
[00:00:01:16:522] Path of length 44 found: [63, 55, 47, 39, 31, 23, 15, 14, 13, 12, 11, 10, 18, 26, 34, 42, 43, 35, 36, 28, 27, 19, 20, 21, 29, 30, 38, 46, 45, 53, 54, 62, 61, 60, 52, 51, 50, 49, 41, 33, 25, 17, 16, 8, 0]
[00:00:01:16:523] ! Unidirectional t-s. expansions: 16,277, time: 76,523 [ms], path length: 44 [edges], generated: 283,942
[00:00:01:58:040] Path of length 44 found: [0, 8, 16, 24, 25, 17, 18, 10, 11, 19, 27, 28, 36, 35, 34, 33, 41, 49, 50, 42, 43, 51, 52, 60, 61, 62, 54, 53, 45, 46, 38, 30, 29, 21, 20, 12, 13, 14, 15, 23, 31, 39, 47, 55, 63]
[00:00:01:58:496] ! Bidirectional. expansions: 46,009, time: 118,040 [ms], path length: 44 [edges], g_F: 22, g_B: 22, generated: {'F': 340,467, 'B': 354,108}, MM: 0, MMPER: -1.0%
[00:00:01:58:496] 
---------- SM_Grids/8x8_grid_with_random_blocks_16per_4 ----------
[00:00:00:01:290] Path of length 48 found: [0, 1, 9, 8, 16, 17, 25, 33, 32, 40, 48, 56, 57, 49, 41, 42, 50, 51, 52, 60, 61, 53, 45, 44, 36, 28, 27, 35, 34, 26, 18, 10, 11, 3, 4, 12, 13, 14, 22, 30, 29, 37, 38, 39, 47, 46, 54, 62, 63]
[00:00:00:01:291] ! Unidirectional s-t. expansions: 229, time: 1,291 [ms], path length: 48 [edges], generated: 4,192
[00:00:00:04:386] Path of length 48 found: [63, 55, 47, 39, 38, 30, 22, 14, 13, 12, 4, 3, 11, 10, 18, 26, 34, 35, 27, 28, 29, 37, 36, 44, 45, 46, 54, 62, 61, 53, 52, 51, 50, 42, 41, 49, 57, 56, 48, 40, 32, 33, 25, 17, 16, 8, 9, 1, 0]
[00:00:00:04:386] ! Unidirectional t-s. expansions: 499, time: 4,386 [ms], path length: 48 [edges], generated: 10,529
[00:00:00:08:694] Path of length 48 found: [0, 1, 9, 8, 16, 17, 25, 33, 32, 40, 48, 56, 57, 49, 41, 42, 50, 51, 52, 60, 61, 62, 54, 46, 45, 44, 36, 37, 29, 28, 27, 35, 34, 26, 18, 10, 11, 3, 4, 12, 13, 14, 22, 30, 38, 39, 47, 55, 63]
[00:00:00:09:099] ! Bidirectional. expansions: 2,172, time: 8,694 [ms], path length: 48 [edges], g_F: 24, g_B: 24, generated: {'F': 15,715, 'B': 14,786}, MM: 0, MMPER: -1.0%
[00:00:00:09:099] 
---------- SM_Grids/8x8_grid_with_random_blocks_16per_5 ----------
[00:00:00:03:886] Path of length 50 found: [0, 8, 16, 24, 32, 33, 34, 26, 25, 17, 9, 1, 2, 10, 11, 19, 20, 12, 4, 5, 6, 14, 15, 23, 22, 30, 29, 28, 36, 35, 43, 51, 50, 49, 48, 56, 57, 58, 59, 60, 61, 53, 52, 44, 45, 46, 38, 39, 47, 55, 63]
[00:00:00:03:886] ! Unidirectional s-t. expansions: 633, time: 3,886 [ms], path length: 50 [edges], generated: 10,753
[00:00:00:04:993] Path of length 50 found: [63, 55, 47, 39, 38, 46, 45, 44, 52, 53, 61, 60, 59, 58, 57, 56, 48, 49, 50, 51, 43, 35, 36, 28, 29, 30, 22, 23, 15, 14, 6, 5, 4, 12, 20, 19, 11, 3, 2, 10, 9, 17, 25, 26, 34, 33, 32, 24, 16, 8, 0]
[00:00:00:04:993] ! Unidirectional t-s. expansions: 750, time: 4,993 [ms], path length: 50 [edges], generated: 13,389
[00:00:00:12:480] Path of length 50 found: [0, 8, 16, 24, 32, 33, 34, 26, 25, 17, 9, 1, 2, 10, 11, 19, 20, 12, 4, 5, 6, 14, 15, 23, 22, 30, 29, 28, 36, 35, 43, 51, 50, 49, 48, 56, 57, 58, 59, 60, 52, 44, 45, 53, 54, 46, 38, 39, 47, 55, 63]
[00:00:00:12:891] ! Bidirectional. expansions: 3,706, time: 12,480 [ms], path length: 50 [edges], g_F: 25, g_B: 25, generated: {'F': 21,438, 'B': 22,965}, MM: 0, MMPER: -1.0%
[00:00:00:12:891] 
---------- SM_Grids/8x8_grid_with_random_blocks_16per_6 ----------
[00:00:00:00:459] Path of length 48 found: [0, 1, 9, 8, 16, 24, 32, 40, 48, 49, 50, 42, 41, 33, 25, 17, 18, 10, 11, 19, 27, 26, 34, 35, 36, 44, 52, 53, 45, 37, 29, 21, 13, 5, 6, 7, 15, 14, 22, 23, 31, 30, 38, 46, 47, 55, 54, 62, 63]
[00:00:00:00:459] ! Unidirectional s-t. expansions: 65, time: 459 [ms], path length: 48 [edges], generated: 1,254
[00:00:00:00:163] Path of length 48 found: [63, 62, 54, 55, 47, 46, 38, 30, 31, 23, 15, 7, 6, 5, 13, 14, 22, 21, 29, 37, 45, 53, 52, 44, 36, 35, 27, 19, 11, 10, 18, 17, 25, 26, 34, 33, 41, 42, 50, 49, 48, 40, 32, 24, 16, 8, 9, 1, 0]
[00:00:00:00:163] ! Unidirectional t-s. expansions: 21, time: 163 [ms], path length: 48 [edges], generated: 358
[00:00:00:01:478] Path of length 48 found: [0, 1, 9, 8, 16, 24, 32, 40, 48, 49, 50, 42, 41, 33, 25, 17, 18, 10, 11, 19, 27, 26, 34, 35, 36, 44, 52, 53, 45, 37, 29, 21, 22, 14, 13, 5, 6, 7, 15, 23, 31, 30, 38, 46, 47, 55, 54, 62, 63]
[00:00:00:01:893] ! Bidirectional. expansions: 361, time: 1,478 [ms], path length: 48 [edges], g_F: 24, g_B: 24, generated: {'F': 2,479, 'B': 2,693}, MM: 0, MMPER: -1.0%
[00:00:00:01:893] 
---------- SM_Grids/8x8_grid_with_random_blocks_16per_7 ----------
[00:00:01:06:988] Valid states checked so far: 200,000, Expansions: 12,234, Global best: 41
[00:00:01:12:094] Path of length 48 found: [0, 8, 16, 24, 32, 40, 48, 56, 57, 49, 41, 33, 34, 26, 18, 17, 9, 10, 2, 3, 11, 19, 27, 28, 20, 12, 13, 14, 6, 7, 15, 23, 31, 30, 38, 37, 45, 44, 43, 42, 50, 58, 59, 60, 61, 53, 54, 55, 63]
[00:00:01:12:094] ! Unidirectional s-t. expansions: 13,033, time: 72,094 [ms], path length: 48 [edges], generated: 214,835
[00:00:00:35:317] Path of length 48 found: [63, 55, 54, 46, 38, 30, 31, 23, 15, 7, 6, 14, 13, 12, 11, 3, 2, 10, 9, 17, 18, 19, 20, 28, 27, 26, 34, 35, 43, 44, 45, 53, 61, 60, 59, 51, 50, 58, 57, 56, 48, 40, 41, 33, 32, 24, 16, 8, 0]
[00:00:00:35:317] ! Unidirectional t-s. expansions: 6,080, time: 35,317 [ms], path length: 48 [edges], generated: 117,042
[00:00:01:22:293] Path of length 48 found: [0, 8, 16, 17, 9, 10, 2, 3, 11, 19, 18, 26, 27, 28, 20, 12, 13, 14, 6, 7, 15, 23, 31, 30, 38, 37, 45, 44, 43, 42, 34, 33, 32, 40, 41, 49, 48, 56, 57, 58, 50, 51, 59, 60, 61, 53, 54, 55, 63]
[00:00:01:22:705] ! Bidirectional. expansions: 34,266, time: 82,293 [ms], path length: 48 [edges], g_F: 24, g_B: 24, generated: {'F': 236,137, 'B': 245,799}, MM: 0, MMPER: -1.0%
[00:00:01:22:706] 
---------- SM_Grids/8x8_grid_with_random_blocks_16per_8 ----------
[00:00:00:06:960] Path of length 50 found: [0, 8, 16, 17, 9, 1, 2, 10, 18, 19, 11, 3, 4, 5, 6, 7, 15, 23, 22, 14, 13, 12, 20, 21, 29, 28, 36, 35, 34, 33, 32, 40, 48, 56, 57, 49, 41, 42, 50, 51, 59, 60, 61, 53, 45, 37, 38, 46, 54, 62, 63]
[00:00:00:06:961] ! Unidirectional s-t. expansions: 1,031, time: 6,960 [ms], path length: 50 [edges], generated: 19,184
[00:00:00:00:586] Path of length 50 found: [63, 62, 54, 46, 38, 37, 45, 53, 61, 60, 59, 51, 43, 42, 50, 49, 57, 56, 48, 40, 32, 33, 34, 35, 36, 28, 29, 21, 13, 14, 22, 23, 15, 7, 6, 5, 4, 3, 2, 1, 9, 10, 11, 12, 20, 19, 18, 17, 16, 8, 0]
[00:00:00:00:586] ! Unidirectional t-s. expansions: 98, time: 586 [ms], path length: 50 [edges], generated: 1,886
[00:00:00:08:645] Path of length 50 found: [0, 8, 16, 17, 9, 1, 2, 3, 4, 5, 13, 14, 6, 7, 15, 23, 22, 21, 29, 37, 36, 28, 20, 12, 11, 10, 18, 26, 34, 35, 43, 42, 41, 33, 32, 40, 48, 56, 57, 49, 50, 51, 59, 60, 61, 53, 45, 46, 54, 62, 63]
[00:00:00:09:065] ! Bidirectional. expansions: 3,436, time: 8,645 [ms], path length: 50 [edges], g_F: 25, g_B: 25, generated: {'F': 19,373, 'B': 18,243}, MM: 0, MMPER: -1.0%
[00:00:00:09:065] 
---------- SM_Grids/8x8_grid_with_random_blocks_16per_9 ----------
[00:00:00:02:042] Path of length 46 found: [0, 8, 16, 24, 32, 33, 25, 17, 9, 1, 2, 3, 11, 12, 4, 5, 6, 7, 15, 14, 13, 21, 20, 28, 27, 26, 34, 42, 50, 58, 59, 51, 43, 44, 36, 37, 38, 30, 31, 39, 47, 55, 54, 53, 61, 62, 63]
[00:00:00:02:042] ! Unidirectional s-t. expansions: 322, time: 2,042 [ms], path length: 46 [edges], generated: 5,441
[00:00:00:00:945] Path of length 46 found: [63, 62, 61, 53, 54, 55, 47, 39, 31, 30, 38, 37, 45, 44, 43, 51, 59, 58, 50, 42, 41, 33, 32, 24, 16, 8, 9, 17, 25, 26, 27, 28, 20, 21, 13, 14, 15, 7, 6, 5, 4, 12, 11, 3, 2, 1, 0]
[00:00:00:00:945] ! Unidirectional t-s. expansions: 122, time: 945 [ms], path length: 46 [edges], generated: 2,328
[00:00:00:03:274] Path of length 46 found: [0, 8, 16, 24, 32, 33, 25, 17, 9, 1, 2, 3, 11, 12, 4, 5, 6, 7, 15, 14, 13, 21, 20, 28, 27, 26, 34, 42, 50, 58, 59, 51, 52, 44, 45, 37, 38, 30, 31, 39, 47, 55, 54, 53, 61, 62, 63]
[00:00:00:03:682] ! Bidirectional. expansions: 1,370, time: 3,274 [ms], path length: 46 [edges], g_F: 23, g_B: 23, generated: {'F': 5,459, 'B': 6,577}, MM: 0, MMPER: -1.0%
[00:00:00:03:682] average expansions: (2,115, 3,028, 9,929, 0)
[00:00:00:03:682] average time: (12,121, 15,922, 25,917, 0)
[00:00:00:03:682] XIDA: 2,115 , 12,121 (expansions , time[ms])
[00:00:00:03:682] BiXIDA: 9,929 , 25,917 (expansions , time[ms])

