--------------------------
date: SM_Grids
number_of_graphs: 10
graph_type: grid
size_of_graphs: [7, 8]
heuristic: bcc_heuristic
snake: False
run_uni: True
run_bi: True
run_multi: False
solution_vertices: []
algorithms: ['IDA']
lookahead: 4
bsd: False
cube_first_dims: 4
cube_buffer_dim: None
backward_sym_generation: False
sym_coil: False
prefix_set: None

---------- SM_Grids/7x8_grid_with_random_blocks_12per_0 ----------
[00:00:00:19:528] Path of length 47 found: [0, 1, 2, 10, 18, 17, 16, 24, 32, 40, 48, 49, 41, 33, 25, 26, 34, 42, 50, 51, 43, 44, 45, 37, 29, 21, 13, 12, 20, 28, 27, 19, 11, 3, 4, 5, 6, 7, 15, 14, 22, 23, 31, 30, 38, 46, 47, 55]
[00:00:00:19:529] ! Unidirectional s-t. expansions: 5,353, time: 19,529 [ms], path length: 47 [edges], generated: 89,603
[00:00:00:06:388] Path of length 47 found: [55, 47, 39, 31, 23, 15, 7, 6, 5, 4, 3, 11, 19, 27, 28, 20, 12, 13, 14, 22, 21, 29, 37, 38, 46, 45, 44, 43, 51, 50, 42, 34, 26, 25, 33, 41, 49, 48, 40, 32, 24, 16, 17, 18, 10, 2, 1, 0]
[00:00:00:06:389] ! Unidirectional t-s. expansions: 1,322, time: 6,389 [ms], path length: 47 [edges], generated: 25,497
[00:00:01:06:224] Path of length 47 found: [0, 1, 2, 10, 18, 17, 16, 24, 32, 40, 48, 49, 41, 33, 25, 26, 34, 42, 50, 51, 43, 44, 45, 37, 38, 30, 29, 21, 22, 14, 13, 12, 20, 28, 27, 19, 11, 3, 4, 5, 6, 7, 15, 23, 31, 39, 47, 55]
[00:00:01:06:635] ! Bidirectional. expansions: 35,267, time: 66,224 [ms], path length: 47 [edges], g_F: 24, g_B: 23, generated: {'F': 199,418, 'B': 215,516}, MM: 1, MMPER: 1.0833333333333335%
[00:00:01:06:635] 
---------- SM_Grids/7x8_grid_with_random_blocks_12per_1 ----------
[00:00:00:07:439] Path of length 47 found: [0, 8, 16, 24, 32, 40, 41, 33, 25, 17, 9, 10, 2, 3, 11, 19, 18, 26, 34, 42, 50, 51, 43, 35, 27, 28, 20, 21, 13, 12, 4, 5, 6, 14, 15, 23, 22, 30, 38, 37, 36, 44, 45, 53, 54, 46, 47, 55]
[00:00:00:07:439] ! Unidirectional s-t. expansions: 1,424, time: 7,439 [ms], path length: 47 [edges], generated: 25,836
[00:00:00:00:132] Path of length 47 found: [55, 54, 53, 45, 46, 47, 39, 38, 30, 22, 23, 15, 14, 6, 5, 4, 3, 2, 10, 9, 17, 25, 33, 34, 26, 18, 19, 11, 12, 13, 21, 20, 28, 27, 35, 36, 44, 43, 51, 50, 42, 41, 40, 32, 24, 16, 8, 0]
[00:00:00:00:132] ! Unidirectional t-s. expansions: 14, time: 132 [ms], path length: 47 [edges], generated: 353
[00:00:00:05:594] Path of length 47 found: [0, 8, 16, 24, 32, 40, 41, 33, 25, 26, 18, 17, 9, 10, 2, 3, 4, 5, 6, 14, 15, 23, 22, 21, 13, 12, 11, 19, 20, 28, 27, 35, 34, 42, 50, 51, 43, 44, 36, 37, 45, 53, 54, 46, 38, 39, 47, 55]
[00:00:00:05:935] ! Bidirectional. expansions: 2,636, time: 5,594 [ms], path length: 47 [edges], g_F: 24, g_B: 23, generated: {'F': 16,918, 'B': 17,573}, MM: 1, MMPER: 1.0833333333333335%
[00:00:00:05:935] 
---------- SM_Grids/7x8_grid_with_random_blocks_12per_2 ----------
[00:00:00:13:490] Path of length 45 found: [0, 8, 16, 24, 32, 40, 48, 49, 41, 33, 34, 26, 18, 17, 9, 1, 2, 10, 11, 3, 4, 5, 13, 21, 22, 14, 6, 7, 15, 23, 31, 39, 38, 37, 29, 28, 20, 19, 27, 35, 43, 44, 52, 53, 54, 55]
[00:00:00:13:490] ! Unidirectional s-t. expansions: 2,787, time: 13,490 [ms], path length: 45 [edges], generated: 45,402
[00:00:00:01:652] Path of length 45 found: [55, 54, 53, 52, 44, 43, 35, 27, 19, 20, 28, 36, 37, 38, 39, 31, 23, 15, 7, 6, 14, 22, 21, 13, 5, 4, 3, 11, 10, 2, 1, 9, 17, 18, 26, 34, 33, 41, 49, 48, 40, 32, 24, 16, 8, 0]
[00:00:00:01:652] ! Unidirectional t-s. expansions: 236, time: 1,652 [ms], path length: 45 [edges], generated: 5,057
[00:00:00:11:258] Path of length 45 found: [0, 8, 9, 1, 2, 10, 18, 17, 16, 24, 32, 40, 48, 49, 41, 33, 34, 26, 27, 35, 43, 44, 52, 53, 45, 37, 29, 28, 20, 19, 11, 3, 4, 5, 13, 21, 22, 14, 6, 7, 15, 23, 31, 39, 47, 55]
[00:00:00:11:633] ! Bidirectional. expansions: 4,420, time: 11,258 [ms], path length: 45 [edges], g_F: 23, g_B: 22, generated: {'F': 28,346, 'B': 25,741}, MM: 1, MMPER: 1.1739130434782608%
[00:00:00:11:633] 
---------- SM_Grids/7x8_grid_with_random_blocks_12per_3 ----------
[00:00:00:49:836] Valid states checked so far: 200,000, Expansions: 9,691, Global best: 46
[00:00:01:14:134] Path of length 45 found: [0, 8, 16, 24, 32, 33, 25, 17, 9, 1, 2, 10, 11, 3, 4, 5, 6, 14, 22, 21, 20, 19, 27, 26, 34, 42, 41, 49, 50, 51, 52, 53, 45, 44, 43, 35, 36, 28, 29, 37, 38, 30, 31, 39, 47, 55]
[00:00:01:14:135] ! Unidirectional s-t. expansions: 14,484, time: 74,134 [ms], path length: 45 [edges], generated: 297,791
[00:00:00:50:117] Valid states checked so far: 200,000, Expansions: 12,717, Global best: 46
[00:00:01:04:854] Path of length 45 found: [55, 47, 39, 31, 30, 22, 14, 6, 5, 4, 3, 2, 10, 11, 19, 27, 35, 43, 44, 36, 28, 20, 21, 29, 37, 38, 46, 45, 53, 52, 51, 50, 49, 41, 42, 34, 26, 25, 33, 32, 24, 16, 8, 9, 1, 0]
[00:00:01:04:854] ! Unidirectional t-s. expansions: 16,540, time: 64,854 [ms], path length: 45 [edges], generated: 257,881
[00:00:02:51:365] Path of length 45 found: [0, 8, 16, 24, 32, 33, 41, 49, 50, 42, 34, 35, 36, 44, 43, 51, 52, 53, 45, 46, 38, 37, 29, 28, 20, 12, 11, 19, 27, 26, 25, 17, 9, 1, 2, 3, 4, 5, 6, 14, 22, 30, 31, 39, 47, 55]
[00:00:02:51:742] ! Bidirectional. expansions: 92,987, time: 171,366 [ms], path length: 45 [edges], g_F: 23, g_B: 22, generated: {'F': 572,418, 'B': 573,640}, MM: 1, MMPER: 1.1739130434782608%
[00:00:02:51:742] 
---------- SM_Grids/7x8_grid_with_random_blocks_12per_4 ----------
[00:00:00:38:841] Path of length 45 found: [0, 1, 2, 10, 9, 17, 16, 24, 25, 33, 32, 40, 48, 49, 41, 42, 34, 35, 43, 51, 52, 53, 45, 37, 36, 28, 27, 19, 11, 12, 20, 21, 13, 5, 6, 7, 15, 23, 22, 30, 31, 39, 38, 46, 54, 55]
[00:00:00:38:841] ! Unidirectional s-t. expansions: 9,042, time: 38,841 [ms], path length: 45 [edges], generated: 149,485
[00:00:00:52:979] Valid states checked so far: 200,000, Expansions: 11,296, Global best: 46
[00:00:01:28:643] Path of length 45 found: [55, 47, 39, 31, 23, 15, 7, 6, 5, 4, 12, 13, 21, 22, 30, 38, 37, 45, 46, 54, 53, 52, 51, 43, 42, 50, 49, 48, 40, 32, 24, 16, 17, 25, 33, 34, 35, 27, 28, 20, 19, 11, 10, 2, 1, 0]
[00:00:01:28:644] ! Unidirectional t-s. expansions: 20,053, time: 88,643 [ms], path length: 45 [edges], generated: 340,918
[00:00:02:12:105] Path of length 45 found: [0, 1, 2, 10, 9, 17, 18, 19, 11, 12, 4, 5, 6, 7, 15, 23, 31, 30, 22, 21, 20, 28, 27, 35, 34, 42, 41, 33, 25, 24, 32, 40, 48, 49, 50, 51, 52, 53, 54, 46, 45, 37, 38, 39, 47, 55]
[00:00:02:12:449] ! Bidirectional. expansions: 66,615, time: 132,105 [ms], path length: 45 [edges], g_F: 23, g_B: 22, generated: {'F': 382,470, 'B': 343,611}, MM: 1, MMPER: 1.1739130434782608%
[00:00:02:12:449] 
---------- SM_Grids/7x8_grid_with_random_blocks_12per_5 ----------
[00:00:01:02:580] Valid states checked so far: 200,000, Expansions: 11,023, Global best: 34
[00:00:01:12:224] Path of length 45 found: [0, 8, 16, 17, 9, 1, 2, 10, 18, 19, 11, 3, 4, 12, 20, 28, 36, 35, 27, 26, 25, 33, 32, 40, 48, 49, 50, 51, 52, 53, 45, 46, 38, 30, 29, 21, 13, 5, 6, 14, 22, 23, 31, 39, 47, 55]
[00:00:01:12:224] ! Unidirectional s-t. expansions: 12,463, time: 72,224 [ms], path length: 45 [edges], generated: 230,046
[00:00:00:21:322] Path of length 45 found: [55, 47, 39, 31, 23, 22, 14, 6, 5, 4, 3, 2, 1, 9, 10, 11, 19, 20, 12, 13, 21, 29, 30, 38, 46, 45, 53, 52, 51, 50, 49, 48, 40, 32, 33, 34, 35, 36, 28, 27, 26, 18, 17, 16, 8, 0]
[00:00:00:21:322] ! Unidirectional t-s. expansions: 4,063, time: 21,322 [ms], path length: 45 [edges], generated: 76,060
[00:00:01:24:814] Path of length 45 found: [0, 8, 16, 17, 9, 1, 2, 10, 18, 19, 11, 3, 4, 12, 20, 28, 36, 35, 27, 26, 25, 33, 32, 40, 41, 49, 50, 51, 52, 53, 45, 46, 38, 30, 29, 21, 13, 5, 6, 14, 22, 23, 31, 39, 47, 55]
[00:00:01:25:162] ! Bidirectional. expansions: 42,991, time: 84,815 [ms], path length: 45 [edges], g_F: 23, g_B: 22, generated: {'F': 281,777, 'B': 255,019}, MM: 1, MMPER: 1.1739130434782608%
[00:00:01:25:163] 
---------- SM_Grids/7x8_grid_with_random_blocks_12per_6 ----------
[00:00:00:00:154] Path of length 47 found: [0, 8, 9, 17, 18, 10, 2, 3, 11, 19, 27, 26, 34, 33, 32, 40, 48, 49, 41, 42, 50, 51, 43, 35, 36, 28, 20, 21, 29, 37, 45, 44, 52, 53, 54, 46, 38, 30, 22, 14, 6, 7, 15, 23, 31, 39, 47, 55]
[00:00:00:00:155] ! Unidirectional s-t. expansions: 12, time: 154 [ms], path length: 47 [edges], generated: 332
[00:00:00:00:203] Path of length 47 found: [55, 47, 39, 31, 23, 15, 7, 6, 14, 22, 21, 20, 28, 36, 35, 43, 44, 45, 37, 29, 30, 38, 46, 54, 53, 52, 51, 50, 42, 41, 49, 48, 40, 32, 33, 34, 26, 27, 19, 11, 3, 2, 10, 18, 17, 9, 8, 0]
[00:00:00:00:203] ! Unidirectional t-s. expansions: 25, time: 203 [ms], path length: 47 [edges], generated: 628
[00:00:00:00:055] Path of length 47 found: [0, 8, 9, 17, 18, 10, 2, 3, 11, 19, 27, 26, 34, 33, 32, 40, 48, 49, 41, 42, 50, 51, 52, 53, 54, 46, 38, 30, 29, 37, 45, 44, 43, 35, 36, 28, 20, 21, 22, 14, 6, 7, 15, 23, 31, 39, 47, 55]
[00:00:00:00:411] ! Bidirectional. expansions: 12, time: 55 [ms], path length: 47 [edges], g_F: 24, g_B: 23, generated: {'F': 90, 'B': 101}, MM: 1, MMPER: 1.0833333333333335%
[00:00:00:00:411] 
---------- SM_Grids/7x8_grid_with_random_blocks_12per_7 ----------
[00:00:00:00:143] Path of length 47 found: [0, 8, 9, 1, 2, 10, 18, 17, 25, 33, 41, 49, 50, 42, 34, 26, 27, 35, 43, 51, 52, 44, 36, 28, 20, 19, 11, 3, 4, 12, 13, 5, 6, 14, 15, 23, 31, 30, 29, 37, 45, 53, 54, 46, 38, 39, 47, 55]
[00:00:00:00:144] ! Unidirectional s-t. expansions: 14, time: 143 [ms], path length: 47 [edges], generated: 383
[00:00:00:00:620] Path of length 47 found: [55, 47, 39, 31, 23, 15, 14, 6, 5, 13, 12, 4, 3, 11, 19, 20, 28, 27, 26, 34, 42, 43, 35, 36, 44, 45, 37, 29, 30, 38, 46, 54, 53, 52, 51, 50, 49, 41, 33, 25, 17, 18, 10, 2, 1, 9, 8, 0]
[00:00:00:00:620] ! Unidirectional t-s. expansions: 95, time: 620 [ms], path length: 47 [edges], generated: 2,246
[00:00:00:00:068] Path of length 47 found: [0, 8, 9, 1, 2, 10, 18, 17, 25, 33, 41, 49, 50, 42, 34, 26, 27, 35, 43, 51, 52, 53, 54, 46, 38, 30, 29, 37, 45, 44, 36, 28, 20, 19, 11, 3, 4, 12, 13, 5, 6, 14, 15, 23, 31, 39, 47, 55]
[00:00:00:00:429] ! Bidirectional. expansions: 12, time: 68 [ms], path length: 47 [edges], g_F: 24, g_B: 23, generated: {'F': 113, 'B': 104}, MM: 1, MMPER: 1.0833333333333335%
[00:00:00:00:429] 
---------- SM_Grids/7x8_grid_with_random_blocks_12per_8 ----------
[00:00:00:16:387] Path of length 47 found: [0, 8, 16, 24, 32, 33, 34, 26, 18, 17, 9, 1, 2, 10, 11, 3, 4, 12, 20, 19, 27, 35, 43, 42, 50, 51, 52, 44, 36, 28, 29, 21, 13, 5, 6, 7, 15, 14, 22, 30, 31, 39, 47, 46, 45, 53, 54, 55]
[00:00:00:16:387] ! Unidirectional s-t. expansions: 2,685, time: 16,387 [ms], path length: 47 [edges], generated: 59,841
[00:00:00:38:445] Path of length 47 found: [55, 47, 39, 31, 30, 22, 14, 15, 7, 6, 5, 4, 3, 2, 10, 18, 26, 27, 19, 11, 12, 13, 21, 20, 28, 29, 37, 36, 35, 43, 44, 45, 46, 54, 53, 52, 51, 50, 42, 34, 33, 32, 24, 16, 17, 9, 1, 0]
[00:00:00:38:446] ! Unidirectional t-s. expansions: 9,603, time: 38,445 [ms], path length: 47 [edges], generated: 153,524
[00:00:01:20:119] Path of length 47 found: [0, 8, 16, 24, 32, 33, 34, 26, 18, 17, 9, 1, 2, 10, 11, 19, 27, 35, 43, 42, 50, 51, 52, 53, 54, 46, 45, 44, 36, 37, 29, 28, 20, 21, 13, 12, 4, 5, 6, 7, 15, 14, 22, 30, 31, 39, 47, 55]
[00:00:01:20:469] ! Bidirectional. expansions: 43,150, time: 80,120 [ms], path length: 47 [edges], g_F: 24, g_B: 23, generated: {'F': 268,512, 'B': 290,898}, MM: 1, MMPER: 1.0833333333333335%
[00:00:01:20:470] 
---------- SM_Grids/7x8_grid_with_random_blocks_12per_9 ----------
[00:00:00:01:680] Path of length 47 found: [0, 8, 16, 24, 32, 40, 48, 49, 41, 33, 25, 17, 18, 10, 2, 3, 11, 19, 27, 26, 34, 42, 50, 51, 43, 35, 36, 28, 29, 21, 20, 12, 13, 5, 6, 7, 15, 14, 22, 23, 31, 30, 38, 39, 47, 46, 54, 55]
[00:00:00:01:681] ! Unidirectional s-t. expansions: 158, time: 1,680 [ms], path length: 47 [edges], generated: 4,355
[00:00:00:00:927] Path of length 47 found: [55, 54, 46, 47, 39, 38, 30, 31, 23, 15, 7, 6, 5, 13, 14, 22, 21, 29, 28, 20, 12, 11, 3, 2, 10, 18, 19, 27, 26, 34, 35, 36, 44, 43, 51, 50, 42, 41, 49, 48, 40, 32, 24, 25, 17, 16, 8, 0]
[00:00:00:00:927] ! Unidirectional t-s. expansions: 178, time: 927 [ms], path length: 47 [edges], generated: 3,878
[00:00:00:06:082] Path of length 47 found: [0, 8, 16, 24, 32, 40, 48, 49, 41, 33, 25, 17, 18, 10, 2, 3, 11, 12, 20, 19, 27, 26, 34, 42, 50, 51, 43, 44, 36, 28, 29, 21, 22, 14, 13, 5, 6, 7, 15, 23, 31, 30, 38, 39, 47, 46, 54, 55]
[00:00:00:06:453] ! Bidirectional. expansions: 2,151, time: 6,082 [ms], path length: 47 [edges], g_F: 24, g_B: 23, generated: {'F': 14,632, 'B': 15,593}, MM: 1, MMPER: 1.0833333333333335%
[00:00:00:06:453] average expansions: (4,842, 5,213, 29,024, 0)
[00:00:00:06:453] average time: (24,402, 22,319, 55,769, 0)
[00:00:00:06:454] XIDA: 4,842 , 22,319 (expansions , time[ms])
[00:00:00:06:454] BiXIDA: 29,024 , 55,769 (expansions , time[ms])

