--------------------------
date: SM_Grids
number_of_graphs: 10
graph_type: grid
size_of_graphs: [8, 8]
heuristic: bcc_heuristic
snake: False
run_uni: True
run_bi: True
run_multi: False
solution_vertices: []
algorithms: ['XMM']
lookahead: 3
bsd: False
cube_first_dims: 4
cube_buffer_dim: None
backward_sym_generation: False
sym_coil: False
prefix_set: None

---------- SM_Grids/8x8_grid_with_random_blocks_20per_0 ----------
[00:00:00:01:509] Path of length 44 found: [0, 1, 9, 10, 2, 3, 4, 5, 6, 7, 15, 23, 31, 39, 38, 30, 29, 21, 22, 14, 13, 12, 20, 28, 36, 35, 34, 26, 25, 17, 16, 24, 32, 40, 48, 49, 41, 42, 43, 44, 52, 53, 61, 62, 63]
[00:00:00:01:509] ! Unidirectional s-t. expansions: 1,596, time: 1,509 [ms], path length: 44 [edges], generated: 2,553
[00:00:00:00:413] Path of length 44 found: [63, 62, 61, 53, 52, 44, 43, 42, 50, 49, 41, 40, 32, 24, 16, 17, 25, 26, 34, 35, 36, 37, 38, 39, 31, 30, 29, 28, 20, 21, 22, 23, 15, 7, 6, 14, 13, 5, 4, 3, 2, 10, 9, 1, 0]
[00:00:00:00:413] ! Unidirectional t-s. expansions: 511, time: 413 [ms], path length: 44 [edges], generated: 894
[00:00:00:01:098] Path of length 44 found: [63, 62, 61, 53, 52, 44, 43, 42, 50, 49, 41, 40, 32, 24, 16, 17, 25, 26, 34, 35, 36, 28, 29, 30, 38, 39, 31, 23, 22, 14, 15, 7, 6, 5, 13, 21, 20, 12, 4, 3, 2, 10, 9, 1, 0]
[00:00:00:01:533] ! Bidirectional. expansions: 674, time: 1,098 [ms], path length: 44 [edges], g_F: 21, g_B: 23, generated: 1,151, MM: 2, MMPER: 3.4444444444444446%
[00:00:00:01:533] 
---------- SM_Grids/8x8_grid_with_random_blocks_20per_1 ----------
[00:00:00:09:162] Path of length 38 found: [0, 8, 16, 24, 25, 33, 34, 42, 41, 40, 48, 56, 57, 49, 50, 51, 43, 35, 27, 26, 18, 17, 9, 1, 2, 10, 11, 19, 20, 28, 29, 30, 31, 39, 47, 46, 54, 62, 63]
[00:00:00:09:163] ! Unidirectional s-t. expansions: 7,742, time: 9,162 [ms], path length: 38 [edges], generated: 13,505
[00:00:00:03:608] Path of length 38 found: [63, 62, 54, 55, 47, 39, 31, 30, 29, 21, 20, 28, 27, 35, 43, 51, 50, 49, 57, 56, 48, 40, 41, 42, 34, 33, 25, 24, 16, 17, 18, 19, 11, 3, 2, 10, 9, 1, 0]
[00:00:00:03:609] ! Unidirectional t-s. expansions: 2,850, time: 3,608 [ms], path length: 38 [edges], generated: 5,039
[00:00:00:05:606] Path of length 38 found: [63, 62, 54, 55, 47, 39, 31, 30, 29, 21, 20, 28, 27, 19, 11, 3, 2, 1, 9, 17, 18, 26, 34, 42, 43, 51, 50, 49, 57, 56, 48, 40, 41, 33, 25, 24, 16, 8, 0]
[00:00:00:06:576] ! Bidirectional. expansions: 3,061, time: 5,606 [ms], path length: 38 [edges], g_F: 17, g_B: 21, generated: 5,914, MM: 4, MMPER: 9.256410256410257%
[00:00:00:06:576] 
---------- SM_Grids/8x8_grid_with_random_blocks_20per_2 ----------
[00:00:00:00:912] Path of length 48 found: [0, 8, 16, 17, 9, 1, 2, 3, 4, 12, 20, 19, 18, 26, 34, 33, 41, 40, 48, 56, 57, 49, 50, 58, 59, 60, 61, 53, 45, 37, 36, 28, 29, 30, 22, 21, 13, 5, 6, 14, 15, 23, 31, 39, 38, 46, 54, 62, 63]
[00:00:00:00:912] ! Unidirectional s-t. expansions: 739, time: 912 [ms], path length: 48 [edges], generated: 1,295
[00:00:00:01:212] Path of length 48 found: [63, 62, 61, 60, 59, 58, 50, 49, 57, 56, 48, 40, 41, 33, 34, 26, 18, 19, 20, 12, 13, 21, 29, 28, 36, 37, 45, 53, 54, 46, 47, 39, 38, 30, 31, 23, 15, 14, 6, 5, 4, 3, 2, 1, 9, 17, 16, 8, 0]
[00:00:00:01:213] ! Unidirectional t-s. expansions: 888, time: 1,213 [ms], path length: 48 [edges], generated: 1,438
[00:00:00:01:647] Path of length 48 found: [0, 8, 16, 17, 9, 1, 2, 3, 4, 12, 13, 5, 6, 14, 15, 23, 22, 21, 29, 28, 20, 19, 18, 26, 34, 33, 41, 40, 48, 56, 57, 49, 50, 58, 59, 60, 61, 53, 45, 37, 38, 30, 31, 39, 47, 46, 54, 62, 63]
[00:00:00:02:073] ! Bidirectional. expansions: 1,029, time: 1,647 [ms], path length: 48 [edges], g_F: 23, g_B: 25, generated: 1,812, MM: 2, MMPER: 3.0816326530612246%
[00:00:00:02:073] 
---------- SM_Grids/8x8_grid_with_random_blocks_20per_3 ----------
[00:00:00:00:754] Path of length 46 found: [0, 1, 9, 10, 18, 17, 16, 24, 32, 40, 41, 49, 57, 58, 50, 51, 43, 44, 36, 35, 34, 26, 27, 19, 20, 12, 11, 3, 4, 5, 6, 7, 15, 23, 22, 30, 31, 39, 38, 37, 45, 53, 52, 60, 61, 62, 63]
[00:00:00:00:754] ! Unidirectional s-t. expansions: 505, time: 754 [ms], path length: 46 [edges], generated: 852
[00:00:00:00:787] Path of length 46 found: [63, 62, 61, 60, 52, 53, 45, 37, 29, 30, 38, 39, 31, 23, 15, 7, 6, 5, 13, 12, 4, 3, 11, 19, 27, 26, 34, 35, 36, 44, 43, 51, 50, 58, 57, 49, 41, 40, 32, 24, 16, 17, 18, 10, 9, 1, 0]
[00:00:00:00:787] ! Unidirectional t-s. expansions: 665, time: 787 [ms], path length: 46 [edges], generated: 1,066
[00:00:00:01:032] Path of length 46 found: [63, 62, 61, 60, 52, 53, 45, 44, 36, 37, 29, 30, 38, 39, 31, 23, 15, 7, 6, 5, 4, 3, 11, 12, 20, 19, 27, 26, 34, 35, 43, 51, 50, 58, 57, 49, 41, 40, 32, 24, 16, 17, 18, 10, 9, 1, 0]
[00:00:00:01:448] ! Bidirectional. expansions: 611, time: 1,032 [ms], path length: 46 [edges], g_F: 22, g_B: 24, generated: 1,092, MM: 2, MMPER: 3.25531914893617%
[00:00:00:01:448] 
---------- SM_Grids/8x8_grid_with_random_blocks_20per_4 ----------
[00:00:00:10:865] Expansion 10,000: state None, f=46, g=16
[00:00:00:20:892] Path of length 44 found: [0, 1, 2, 3, 4, 5, 6, 7, 15, 23, 22, 21, 20, 28, 27, 26, 34, 33, 25, 17, 18, 19, 11, 10, 9, 8, 16, 24, 32, 40, 48, 49, 57, 58, 59, 51, 43, 44, 36, 37, 45, 46, 54, 62, 63]
[00:00:00:20:893] ! Unidirectional s-t. expansions: 19,979, time: 20,892 [ms], path length: 44 [edges], generated: 32,155
[00:00:00:12:177] Expansion 10,000: state None, f=45, g=16
[00:00:00:15:713] Path of length 44 found: [63, 55, 54, 46, 38, 37, 29, 21, 22, 23, 15, 7, 6, 5, 4, 3, 11, 10, 2, 1, 9, 17, 18, 26, 27, 19, 20, 28, 36, 44, 43, 51, 59, 58, 57, 49, 48, 40, 41, 33, 25, 24, 16, 8, 0]
[00:00:00:15:714] ! Unidirectional t-s. expansions: 12,922, time: 15,713 [ms], path length: 44 [edges], generated: 23,624
[00:00:00:28:122] Path of length 44 found: [0, 1, 9, 8, 16, 17, 18, 26, 34, 33, 25, 24, 32, 40, 48, 49, 57, 58, 59, 51, 43, 44, 36, 28, 20, 19, 11, 10, 2, 3, 4, 5, 6, 7, 15, 23, 22, 21, 29, 37, 38, 46, 54, 55, 63]
[00:00:00:28:589] ! Bidirectional. expansions: 16,109, time: 28,124 [ms], path length: 44 [edges], g_F: 22, g_B: 22, generated: 32,035, MM: 0, MMPER: -1.0%
[00:00:00:28:590] 
---------- SM_Grids/8x8_grid_with_random_blocks_20per_5 ----------
[00:00:00:02:364] Path of length 46 found: [0, 1, 9, 8, 16, 17, 18, 26, 34, 35, 43, 42, 41, 33, 25, 24, 32, 40, 48, 49, 57, 58, 59, 51, 52, 53, 61, 62, 54, 46, 45, 37, 36, 28, 29, 21, 20, 12, 13, 14, 22, 23, 31, 39, 47, 55, 63]
[00:00:00:02:364] ! Unidirectional s-t. expansions: 1,852, time: 2,364 [ms], path length: 46 [edges], generated: 3,330
[00:00:00:01:152] Path of length 46 found: [63, 62, 61, 53, 54, 55, 47, 46, 45, 37, 38, 39, 31, 23, 15, 14, 22, 21, 13, 12, 20, 28, 36, 35, 34, 26, 18, 17, 25, 33, 41, 42, 43, 51, 59, 58, 50, 49, 48, 40, 32, 24, 16, 8, 9, 1, 0]
[00:00:00:01:152] ! Unidirectional t-s. expansions: 890, time: 1,152 [ms], path length: 46 [edges], generated: 1,644
[00:00:00:05:223] Path of length 46 found: [63, 62, 54, 55, 47, 46, 38, 39, 31, 23, 15, 14, 22, 21, 13, 12, 20, 28, 29, 37, 45, 53, 52, 51, 50, 58, 57, 49, 48, 40, 32, 24, 25, 33, 41, 42, 43, 35, 34, 26, 18, 17, 16, 8, 9, 1, 0]
[00:00:00:05:671] ! Bidirectional. expansions: 1,431, time: 5,223 [ms], path length: 46 [edges], g_F: 22, g_B: 24, generated: 2,496, MM: 2, MMPER: 3.25531914893617%
[00:00:00:05:671] 
---------- SM_Grids/8x8_grid_with_random_blocks_20per_6 ----------
[00:00:00:01:662] Path of length 46 found: [0, 1, 9, 8, 16, 17, 18, 10, 11, 19, 27, 28, 36, 44, 52, 51, 43, 42, 50, 49, 48, 56, 57, 58, 59, 60, 61, 62, 54, 53, 45, 37, 29, 21, 20, 12, 4, 5, 13, 14, 15, 23, 31, 39, 47, 55, 63]
[00:00:00:01:663] ! Unidirectional s-t. expansions: 1,158, time: 1,662 [ms], path length: 46 [edges], generated: 1,878
[00:00:00:02:082] Path of length 46 found: [63, 55, 47, 39, 31, 23, 15, 14, 6, 5, 4, 12, 13, 21, 29, 37, 45, 53, 54, 62, 61, 60, 59, 58, 57, 56, 48, 49, 50, 42, 43, 51, 52, 44, 36, 28, 20, 19, 27, 26, 18, 10, 9, 17, 16, 8, 0]
[00:00:00:02:083] ! Unidirectional t-s. expansions: 2,014, time: 2,082 [ms], path length: 46 [edges], generated: 3,321
[00:00:00:02:382] Path of length 46 found: [0, 1, 9, 8, 16, 17, 18, 10, 11, 19, 27, 28, 36, 44, 43, 42, 50, 49, 48, 56, 57, 58, 59, 51, 52, 60, 61, 53, 45, 37, 29, 21, 13, 12, 4, 5, 6, 14, 15, 23, 31, 39, 47, 55, 54, 62, 63]
[00:00:00:02:813] ! Bidirectional. expansions: 1,441, time: 2,383 [ms], path length: 46 [edges], g_F: 22, g_B: 24, generated: 2,473, MM: 2, MMPER: 3.25531914893617%
[00:00:00:02:813] 
---------- SM_Grids/8x8_grid_with_random_blocks_20per_7 ----------
[00:00:00:02:494] Path of length 42 found: [0, 8, 9, 1, 2, 3, 11, 19, 27, 26, 18, 17, 25, 24, 32, 40, 41, 33, 34, 42, 50, 51, 43, 35, 36, 28, 20, 12, 4, 5, 6, 14, 15, 23, 31, 30, 38, 39, 47, 55, 54, 62, 63]
[00:00:00:02:494] ! Unidirectional s-t. expansions: 1,718, time: 2,494 [ms], path length: 42 [edges], generated: 2,854
[00:00:00:00:419] Path of length 42 found: [63, 62, 54, 55, 47, 39, 38, 30, 31, 23, 15, 7, 6, 5, 4, 12, 20, 19, 11, 3, 2, 1, 9, 17, 18, 26, 27, 28, 36, 35, 43, 51, 50, 42, 34, 33, 41, 40, 32, 24, 16, 8, 0]
[00:00:00:00:419] ! Unidirectional t-s. expansions: 356, time: 419 [ms], path length: 42 [edges], generated: 657
[00:00:00:02:236] Path of length 42 found: [63, 62, 54, 55, 47, 39, 38, 30, 31, 23, 15, 7, 6, 5, 4, 3, 2, 1, 9, 17, 25, 26, 27, 19, 11, 12, 20, 28, 36, 35, 43, 51, 50, 42, 34, 33, 41, 40, 32, 24, 16, 8, 0]
[00:00:00:02:669] ! Bidirectional. expansions: 1,269, time: 2,236 [ms], path length: 42 [edges], g_F: 20, g_B: 22, generated: 2,268, MM: 2, MMPER: 3.6511627906976747%
[00:00:00:02:669] 
---------- SM_Grids/8x8_grid_with_random_blocks_20per_8 ----------
[00:00:00:00:214] Path of length 48 found: [0, 8, 16, 24, 32, 33, 25, 17, 9, 10, 2, 3, 4, 5, 6, 7, 15, 23, 22, 14, 13, 21, 29, 28, 20, 12, 11, 19, 27, 35, 36, 44, 52, 51, 50, 42, 41, 49, 57, 58, 59, 60, 61, 53, 45, 46, 47, 55, 63]
[00:00:00:00:214] ! Unidirectional s-t. expansions: 223, time: 214 [ms], path length: 48 [edges], generated: 347
[00:00:00:00:060] Path of length 48 found: [63, 55, 47, 46, 45, 53, 61, 60, 59, 58, 57, 49, 41, 42, 50, 51, 52, 44, 36, 35, 27, 19, 11, 12, 20, 28, 29, 21, 13, 14, 22, 23, 15, 7, 6, 5, 4, 3, 2, 10, 9, 17, 25, 33, 32, 24, 16, 8, 0]
[00:00:00:00:060] ! Unidirectional t-s. expansions: 52, time: 60 [ms], path length: 48 [edges], generated: 80
[00:00:00:00:445] Path of length 48 found: [63, 55, 47, 46, 45, 53, 61, 60, 59, 58, 57, 49, 41, 42, 50, 51, 52, 44, 36, 35, 27, 19, 11, 12, 20, 28, 29, 21, 22, 23, 15, 7, 6, 14, 13, 5, 4, 3, 2, 10, 9, 17, 25, 33, 32, 24, 16, 8, 0]
[00:00:00:00:867] ! Bidirectional. expansions: 104, time: 445 [ms], path length: 48 [edges], g_F: 24, g_B: 24, generated: 176, MM: 0, MMPER: -1.0%
[00:00:00:00:868] 
---------- SM_Grids/8x8_grid_with_random_blocks_20per_9 ----------
[00:00:00:00:047] Path of length 36 found: [0, 8, 9, 1, 2, 10, 18, 26, 34, 35, 27, 28, 36, 44, 45, 37, 29, 21, 13, 5, 6, 7, 15, 14, 22, 23, 31, 30, 38, 39, 47, 55, 54, 53, 61, 62, 63]
[00:00:00:00:048] ! Unidirectional s-t. expansions: 44, time: 48 [ms], path length: 36 [edges], generated: 66
[00:00:00:00:119] Path of length 36 found: [63, 62, 61, 53, 54, 55, 47, 39, 38, 30, 31, 23, 22, 14, 15, 7, 6, 5, 13, 21, 29, 37, 45, 44, 36, 28, 27, 35, 34, 26, 18, 17, 9, 10, 2, 1, 0]
[00:00:00:00:119] ! Unidirectional t-s. expansions: 108, time: 119 [ms], path length: 36 [edges], generated: 178
[00:00:00:00:197] Path of length 36 found: [0, 8, 9, 1, 2, 10, 18, 26, 34, 35, 27, 28, 36, 44, 45, 37, 29, 21, 22, 14, 13, 5, 6, 7, 15, 23, 31, 30, 38, 39, 47, 55, 54, 53, 61, 62, 63]
[00:00:00:00:682] ! Bidirectional. expansions: 116, time: 197 [ms], path length: 36 [edges], g_F: 17, g_B: 19, generated: 212, MM: 2, MMPER: 4.405405405405405%
[00:00:00:00:682] average expansions: (3,556, 2,126, 2,584, 0)
[00:00:00:00:682] average time: (4,001, 2,557, 4,799, 0)
[00:00:00:00:682] XA*: 2,126 , 2,557 (expansions , time[ms])
[00:00:00:00:682] XMM: 2,584 , 4,799 (expansions , time[ms])

