--------------------------
date: mazes
number_of_graphs: 10
graph_type: maze
size_of_graphs: [13, 13]
heuristic: bcc_heuristic
snake: False
run_uni: True
run_bi: True
run_multi: False
solution_vertices: []
algorithms: ['XMM']
lookahead: 3
bsd: False
cube_first_dims: 4
cube_buffer_dim: None
backward_sym_generation: False
sym_coil: False
prefix_set: None

---------- mazes/13x13_maze_with_1_open_diamonds_0 ----------
[00:00:00:23:186] Expansion 10,000: state None, f=97, g=35
[00:00:00:45:310] Expansion 20,000: state None, f=95, g=20
[00:00:01:05:227] Expansion 30,000: state None, f=93, g=30
[00:00:01:09:041] Path of length 92 found: [0, 1, 2, 3, 4, 17, 30, 31, 32, 19, 6, 7, 8, 9, 10, 11, 12, 25, 38, 37, 36, 49, 62, 61, 60, 59, 58, 57, 56, 55, 54, 41, 28, 27, 26, 39, 52, 65, 78, 79, 80, 81, 82, 83, 84, 85, 86, 87, 88, 89, 90, 103, 116, 115, 114, 113, 112, 111, 110, 109, 122, 135, 134, 133, 132, 119, 120, 107, 106, 105, 118, 131, 130, 143, 156, 157, 144, 145, 146, 159, 160, 161, 162, 163, 164, 165, 152, 139, 140, 141, 142, 155, 168]
[00:00:01:09:042] ! Unidirectional s-t. expansions: 31,360, time: 69,041 [ms], path length: 92 [edges], generated: 47,235
[00:00:00:27:875] Expansion 10,000: state None, f=101, g=28
[00:00:00:50:978] Expansion 20,000: state None, f=99, g=45
[00:00:01:11:035] Expansion 30,000: state None, f=98, g=33
[00:00:01:32:507] Expansion 40,000: state None, f=97, g=38
[00:00:01:51:658] Expansion 50,000: state None, f=96, g=42
[00:00:02:14:035] Expansion 60,000: state None, f=95, g=60
[00:00:02:35:139] Expansion 70,000: state None, f=95, g=23
[00:00:02:52:366] Expansion 80,000: state None, f=94, g=43
[00:00:03:14:178] Expansion 90,000: state None, f=94, g=31
[00:00:03:31:272] Expansion 100,000: state None, f=93, g=45
[00:00:03:52:636] Path of length 92 found: [168, 155, 142, 141, 140, 139, 152, 165, 164, 163, 150, 137, 136, 135, 134, 133, 146, 159, 158, 157, 156, 143, 130, 131, 144, 145, 132, 119, 118, 105, 106, 107, 108, 109, 110, 111, 112, 113, 114, 115, 116, 103, 90, 89, 88, 87, 86, 85, 84, 83, 82, 81, 80, 79, 78, 65, 52, 39, 26, 27, 28, 41, 54, 55, 56, 57, 58, 59, 60, 61, 62, 63, 64, 51, 38, 25, 12, 11, 10, 9, 8, 7, 6, 19, 32, 31, 30, 17, 4, 3, 2, 1, 0]
[00:00:03:52:638] ! Unidirectional t-s. expansions: 108,294, time: 232,637 [ms], path length: 92 [edges], generated: 154,445
[00:00:00:49:366] Expansion 20,000: f=100, g=43
[00:00:01:53:684] Expansion 40,000: f=97, g=41
[00:00:02:41:970] Expansion 60,000: f=96, g=30
[00:00:03:29:371] Expansion 80,000: f=94, g=28
[00:00:04:17:029] Path of length 92 found: [0, 1, 2, 3, 4, 17, 30, 31, 32, 19, 6, 7, 8, 9, 10, 11, 12, 25, 38, 37, 36, 49, 62, 61, 60, 59, 58, 57, 56, 55, 54, 41, 28, 27, 26, 39, 52, 65, 78, 79, 80, 81, 82, 83, 84, 85, 86, 87, 88, 89, 90, 103, 116, 115, 114, 113, 112, 111, 110, 109, 108, 107, 106, 105, 118, 119, 132, 145, 144, 131, 130, 143, 156, 157, 158, 159, 146, 133, 134, 135, 136, 137, 150, 163, 164, 165, 152, 139, 140, 141, 142, 155, 168]
[00:00:04:17:035] ! Bidirectional. expansions: 98,880, time: 257,030 [ms], path length: 92 [edges], g_F: 41, g_B: 51, generated: 139,473, MM: 10, MMPER: 9.75268817204301%
[00:00:04:17:037] 
---------- mazes/13x13_maze_with_1_open_diamonds_1 ----------
[00:00:00:47:871] Expansion 10,000: state None, f=98, g=40
[00:00:01:12:487] Expansion 20,000: state None, f=95, g=36
[00:00:01:33:198] Expansion 30,000: state None, f=93, g=35
[00:00:01:57:281] Expansion 40,000: state None, f=92, g=23
[00:00:02:13:653] Expansion 50,000: state None, f=91, g=30
[00:00:02:16:843] Path of length 90 found: [0, 1, 2, 15, 28, 27, 26, 39, 52, 53, 54, 41, 42, 29, 16, 3, 4, 17, 30, 43, 56, 57, 58, 45, 32, 19, 6, 7, 8, 9, 10, 11, 12, 25, 38, 37, 36, 49, 62, 61, 74, 87, 88, 89, 90, 103, 116, 115, 114, 113, 112, 99, 86, 85, 84, 83, 82, 81, 80, 79, 92, 105, 106, 107, 108, 109, 122, 135, 134, 133, 132, 131, 130, 143, 156, 157, 158, 159, 160, 161, 162, 163, 164, 165, 152, 139, 140, 141, 142, 155, 168]
[00:00:02:16:846] ! Unidirectional s-t. expansions: 51,200, time: 136,843 [ms], path length: 90 [edges], generated: 69,643
[00:00:00:14:524] Path of length 90 found: [168, 155, 142, 141, 140, 139, 152, 165, 164, 163, 162, 161, 160, 159, 158, 157, 156, 143, 130, 131, 132, 133, 134, 135, 122, 109, 108, 107, 106, 105, 92, 79, 80, 81, 82, 83, 84, 85, 86, 99, 112, 113, 114, 115, 116, 103, 90, 89, 88, 87, 74, 61, 62, 63, 64, 51, 38, 25, 12, 11, 10, 9, 8, 7, 6, 19, 32, 45, 58, 57, 56, 43, 30, 17, 4, 3, 16, 29, 42, 55, 54, 53, 52, 39, 26, 27, 28, 15, 2, 1, 0]
[00:00:00:14:529] ! Unidirectional t-s. expansions: 1,607, time: 14,525 [ms], path length: 90 [edges], generated: 2,500
[00:00:00:52:482] Expansion 20,000: f=95, g=22
[00:00:01:37:361] Expansion 40,000: f=91, g=22
[00:00:01:39:183] Path of length 90 found: [0, 1, 2, 15, 28, 27, 26, 39, 52, 53, 54, 41, 42, 29, 16, 3, 4, 17, 30, 43, 56, 57, 58, 45, 32, 19, 6, 7, 8, 9, 10, 11, 12, 25, 38, 37, 36, 49, 62, 61, 74, 87, 88, 89, 90, 103, 116, 115, 114, 113, 112, 99, 86, 85, 84, 83, 82, 81, 80, 79, 92, 105, 106, 107, 108, 109, 122, 135, 134, 133, 132, 131, 130, 143, 156, 157, 158, 159, 160, 161, 162, 163, 164, 165, 152, 139, 140, 141, 142, 155, 168]
[00:00:01:39:190] ! Bidirectional. expansions: 40,772, time: 99,183 [ms], path length: 90 [edges], g_F: 39, g_B: 51, generated: 56,015, MM: 12, MMPER: 12.186813186813186%
[00:00:01:39:191] 
---------- mazes/13x13_maze_with_1_open_diamonds_2 ----------
[00:00:00:27:587] Expansion 10,000: state None, f=96, g=47
[00:00:00:47:044] Expansion 20,000: state None, f=94, g=34
[00:00:01:06:366] Path of length 92 found: [0, 1, 2, 3, 4, 17, 30, 43, 56, 55, 54, 41, 28, 27, 26, 39, 52, 65, 78, 79, 80, 81, 82, 83, 70, 57, 58, 45, 32, 19, 6, 7, 8, 9, 10, 11, 12, 25, 38, 37, 36, 49, 62, 61, 60, 59, 72, 71, 84, 85, 86, 87, 88, 89, 90, 103, 116, 115, 114, 113, 112, 99, 98, 111, 110, 97, 96, 109, 122, 135, 134, 133, 132, 131, 130, 143, 156, 157, 158, 159, 160, 161, 162, 163, 164, 165, 152, 139, 140, 141, 142, 155, 168]
[00:00:01:06:369] ! Unidirectional s-t. expansions: 29,438, time: 66,366 [ms], path length: 92 [edges], generated: 44,753
[00:00:00:23:853] Expansion 10,000: state None, f=96, g=49
[00:00:00:40:712] Expansion 20,000: state None, f=94, g=44
[00:00:00:50:786] Path of length 92 found: [168, 155, 142, 141, 140, 139, 152, 165, 164, 163, 162, 161, 160, 159, 158, 157, 156, 143, 130, 131, 132, 133, 134, 135, 122, 109, 110, 111, 112, 113, 114, 115, 116, 103, 90, 89, 88, 87, 86, 99, 98, 85, 72, 59, 60, 61, 62, 63, 64, 51, 38, 25, 12, 11, 10, 9, 8, 7, 6, 19, 32, 45, 58, 57, 70, 71, 84, 97, 96, 83, 82, 81, 80, 79, 78, 65, 52, 39, 26, 27, 28, 41, 54, 55, 56, 43, 30, 17, 4, 3, 2, 1, 0]
[00:00:00:50:792] ! Unidirectional t-s. expansions: 25,254, time: 50,786 [ms], path length: 92 [edges], generated: 36,149
[00:00:00:56:852] Expansion 20,000: f=93, g=40
[00:00:01:31:096] Path of length 92 found: [168, 155, 142, 141, 140, 139, 152, 165, 164, 163, 162, 161, 160, 159, 158, 157, 156, 143, 130, 131, 132, 133, 134, 135, 122, 109, 108, 107, 106, 105, 92, 79, 78, 65, 52, 39, 26, 27, 28, 41, 54, 55, 56, 57, 70, 83, 84, 97, 110, 111, 112, 113, 114, 115, 116, 103, 90, 89, 88, 87, 86, 99, 98, 85, 72, 71, 58, 59, 60, 61, 62, 49, 36, 37, 38, 25, 12, 11, 10, 9, 8, 7, 6, 19, 32, 31, 30, 17, 4, 3, 2, 1, 0]
[00:00:01:31:099] ! Bidirectional. expansions: 33,114, time: 91,096 [ms], path length: 92 [edges], g_F: 44, g_B: 48, generated: 52,422, MM: 4, MMPER: 3.301075268817204%
[00:00:01:31:100] 
---------- mazes/13x13_maze_with_1_open_diamonds_3 ----------
[00:00:00:28:528] Expansion 10,000: state None, f=92, g=56
[00:00:00:47:986] Expansion 20,000: state None, f=91, g=34
[00:00:00:49:984] Path of length 90 found: [0, 1, 2, 3, 4, 17, 30, 31, 32, 19, 6, 7, 8, 9, 10, 11, 12, 25, 38, 37, 36, 49, 62, 61, 60, 59, 58, 57, 56, 55, 54, 41, 28, 27, 26, 39, 52, 65, 78, 79, 80, 81, 82, 83, 84, 85, 86, 87, 88, 89, 90, 103, 116, 129, 142, 141, 140, 139, 126, 113, 114, 115, 102, 101, 100, 99, 98, 111, 110, 109, 122, 135, 134, 133, 132, 131, 130, 143, 156, 157, 158, 159, 160, 161, 162, 163, 164, 165, 166, 167, 168]
[00:00:00:49:986] ! Unidirectional s-t. expansions: 20,438, time: 49,984 [ms], path length: 90 [edges], generated: 31,641
[00:00:00:26:419] Expansion 10,000: state None, f=98, g=58
[00:00:00:47:146] Expansion 20,000: state None, f=95, g=59
[00:00:01:04:948] Expansion 30,000: state None, f=93, g=58
[00:00:01:23:291] Expansion 40,000: state None, f=92, g=39
[00:00:01:41:817] Path of length 90 found: [168, 167, 166, 165, 164, 163, 162, 161, 160, 159, 158, 157, 156, 143, 130, 131, 132, 133, 134, 135, 122, 109, 110, 111, 98, 85, 86, 99, 112, 113, 126, 139, 140, 141, 142, 129, 116, 115, 114, 101, 102, 103, 90, 89, 88, 87, 74, 61, 62, 63, 64, 51, 38, 25, 12, 11, 10, 9, 8, 7, 6, 19, 32, 45, 58, 71, 84, 83, 82, 81, 80, 79, 78, 65, 52, 39, 26, 27, 28, 41, 54, 55, 56, 43, 30, 17, 4, 3, 2, 1, 0]
[00:00:01:41:819] ! Unidirectional t-s. expansions: 49,827, time: 101,817 [ms], path length: 90 [edges], generated: 71,852
[00:00:00:57:260] Expansion 20,000: f=95, g=35
[00:00:01:48:252] Expansion 40,000: f=89, g=43
[00:00:02:01:111] Path of length 90 found: [168, 167, 166, 165, 164, 163, 162, 161, 160, 159, 158, 157, 156, 143, 130, 131, 132, 133, 134, 135, 122, 109, 110, 111, 112, 113, 126, 139, 140, 141, 142, 129, 116, 115, 114, 101, 102, 103, 90, 89, 88, 87, 100, 99, 98, 85, 84, 83, 82, 81, 80, 79, 78, 65, 52, 39, 26, 27, 28, 41, 54, 55, 56, 57, 58, 59, 60, 61, 62, 49, 36, 37, 38, 25, 12, 11, 10, 9, 8, 7, 6, 19, 32, 31, 30, 17, 4, 3, 2, 1, 0]
[00:00:02:01:114] ! Bidirectional. expansions: 44,405, time: 121,111 [ms], path length: 90 [edges], g_F: 50, g_B: 40, generated: 66,725, MM: 10, MMPER: 9.989010989010989%
[00:00:02:01:116] 
---------- mazes/13x13_maze_with_1_open_diamonds_4 ----------
[00:00:00:33:071] Expansion 10,000: state None, f=97, g=59
[00:00:00:54:655] Expansion 20,000: state None, f=95, g=25
[00:00:01:13:392] Expansion 30,000: state None, f=93, g=51
[00:00:01:21:723] Path of length 92 found: [0, 1, 2, 3, 4, 17, 30, 31, 32, 19, 6, 7, 8, 9, 10, 11, 12, 25, 38, 37, 36, 49, 62, 61, 60, 59, 58, 57, 56, 55, 54, 41, 28, 27, 26, 39, 52, 65, 78, 79, 80, 81, 82, 83, 84, 85, 86, 87, 88, 89, 90, 103, 116, 115, 114, 113, 112, 111, 110, 109, 108, 107, 106, 119, 132, 131, 130, 143, 156, 157, 158, 159, 160, 147, 134, 133, 120, 121, 122, 123, 136, 137, 150, 163, 164, 165, 152, 139, 140, 141, 142, 155, 168]
[00:00:01:21:726] ! Unidirectional s-t. expansions: 33,578, time: 81,724 [ms], path length: 92 [edges], generated: 51,823
[00:00:00:31:165] Expansion 10,000: state None, f=101, g=32
[00:00:00:54:518] Expansion 20,000: state None, f=99, g=33
[00:00:01:15:622] Expansion 30,000: state None, f=97, g=50
[00:00:01:36:063] Expansion 40,000: state None, f=96, g=45
[00:00:01:57:144] Expansion 50,000: state None, f=95, g=38
[00:00:02:15:682] Expansion 60,000: state None, f=94, g=63
[00:00:02:36:439] Expansion 70,000: state None, f=93, g=77
[00:00:02:57:072] Expansion 80,000: state None, f=93, g=34
[00:00:03:03:218] Path of length 92 found: [168, 167, 166, 165, 152, 139, 140, 141, 142, 129, 116, 103, 90, 89, 88, 87, 74, 61, 62, 63, 64, 51, 38, 25, 12, 11, 10, 9, 8, 7, 6, 19, 32, 45, 58, 71, 84, 85, 86, 99, 112, 111, 110, 123, 136, 137, 150, 163, 162, 161, 160, 159, 158, 157, 156, 143, 130, 131, 132, 119, 106, 107, 120, 133, 134, 135, 122, 109, 108, 95, 82, 81, 80, 79, 78, 65, 52, 39, 26, 27, 28, 41, 54, 55, 56, 43, 30, 17, 4, 3, 2, 1, 0]
[00:00:03:03:220] ! Unidirectional t-s. expansions: 82,439, time: 183,218 [ms], path length: 92 [edges], generated: 118,601
[00:00:01:03:515] Expansion 20,000: f=99, g=44
[00:00:01:53:342] Expansion 40,000: f=96, g=40
[00:00:02:45:486] Expansion 60,000: f=94, g=17
[00:00:03:35:510] Expansion 80,000: f=92, g=39
[00:00:04:03:450] Path of length 92 found: [0, 1, 2, 3, 4, 17, 30, 31, 32, 19, 6, 7, 8, 9, 10, 11, 12, 25, 38, 37, 36, 49, 62, 61, 60, 59, 58, 57, 56, 55, 54, 41, 28, 27, 26, 39, 52, 65, 78, 79, 92, 105, 106, 107, 120, 121, 122, 109, 108, 95, 82, 83, 84, 85, 86, 87, 88, 89, 90, 103, 116, 115, 114, 113, 112, 111, 110, 123, 136, 135, 134, 133, 132, 131, 130, 143, 156, 157, 158, 159, 160, 161, 162, 163, 164, 165, 152, 139, 140, 141, 142, 155, 168]
[00:00:04:03:453] ! Bidirectional. expansions: 90,131, time: 243,450 [ms], path length: 92 [edges], g_F: 41, g_B: 51, generated: 130,932, MM: 10, MMPER: 9.75268817204301%
[00:00:04:03:455] 
---------- mazes/13x13_maze_with_1_open_diamonds_5 ----------
[00:00:00:22:518] Expansion 10,000: state None, f=98, g=46
[00:00:01:03:568] Expansion 20,000: state None, f=95, g=60
[00:00:01:24:052] Expansion 30,000: state None, f=93, g=71
[00:00:01:39:886] Path of length 92 found: [0, 1, 2, 3, 4, 17, 30, 31, 32, 19, 6, 7, 8, 9, 10, 11, 12, 25, 38, 37, 36, 49, 62, 61, 60, 59, 58, 57, 56, 55, 54, 41, 28, 27, 26, 39, 52, 65, 78, 79, 80, 81, 82, 83, 84, 85, 86, 87, 88, 89, 90, 103, 116, 115, 114, 113, 112, 111, 110, 109, 108, 107, 106, 105, 118, 131, 130, 143, 156, 157, 158, 159, 146, 133, 132, 119, 120, 121, 122, 135, 136, 137, 150, 163, 164, 165, 152, 139, 140, 141, 142, 155, 168]
[00:00:01:39:889] ! Unidirectional s-t. expansions: 36,899, time: 99,886 [ms], path length: 92 [edges], generated: 55,900
[00:00:00:32:115] Expansion 10,000: state None, f=100, g=50
[00:00:00:54:496] Expansion 20,000: state None, f=98, g=49
[00:00:01:16:965] Expansion 30,000: state None, f=97, g=24
[00:00:01:38:051] Expansion 40,000: state None, f=96, g=31
[00:00:01:59:853] Expansion 50,000: state None, f=95, g=17
[00:00:02:19:331] Expansion 60,000: state None, f=94, g=42
[00:00:02:41:768] Expansion 70,000: state None, f=93, g=50
[00:00:02:59:531] Path of length 92 found: [168, 167, 166, 165, 152, 139, 140, 141, 142, 129, 116, 103, 90, 89, 88, 87, 74, 61, 62, 63, 64, 51, 38, 25, 12, 11, 10, 9, 8, 7, 6, 19, 32, 45, 58, 71, 84, 85, 86, 99, 112, 111, 110, 109, 122, 135, 136, 137, 150, 163, 162, 161, 160, 159, 158, 157, 156, 143, 130, 131, 118, 105, 106, 119, 132, 133, 134, 121, 108, 107, 94, 81, 80, 79, 78, 65, 52, 39, 26, 27, 28, 41, 54, 55, 56, 43, 30, 17, 4, 3, 2, 1, 0]
[00:00:02:59:533] ! Unidirectional t-s. expansions: 77,684, time: 179,531 [ms], path length: 92 [edges], generated: 112,634
[00:00:01:07:050] Expansion 20,000: f=99, g=35
[00:00:01:57:502] Expansion 40,000: f=96, g=33
[00:00:02:48:263] Expansion 60,000: f=94, g=32
[00:00:03:37:969] Expansion 80,000: f=92, g=26
[00:00:04:16:054] Path of length 92 found: [0, 1, 2, 3, 4, 17, 30, 31, 32, 19, 6, 7, 8, 9, 10, 11, 12, 25, 38, 37, 36, 49, 62, 61, 60, 59, 58, 57, 56, 55, 54, 41, 28, 27, 26, 39, 52, 65, 78, 79, 92, 105, 106, 119, 120, 121, 108, 107, 94, 81, 82, 83, 84, 85, 86, 87, 88, 89, 90, 103, 116, 115, 114, 113, 112, 111, 110, 109, 122, 135, 134, 133, 132, 131, 130, 143, 156, 157, 158, 159, 160, 161, 162, 163, 164, 165, 152, 139, 140, 141, 142, 155, 168]
[00:00:04:16:068] ! Bidirectional. expansions: 94,093, time: 256,061 [ms], path length: 92 [edges], g_F: 41, g_B: 51, generated: 136,532, MM: 10, MMPER: 9.75268817204301%
[00:00:04:16:070] 
---------- mazes/13x13_maze_with_1_open_diamonds_6 ----------
[00:00:00:43:523] Expansion 10,000: state None, f=95, g=31
[00:00:01:01:680] Path of length 92 found: [0, 1, 2, 3, 4, 17, 30, 43, 56, 55, 54, 41, 28, 27, 26, 39, 52, 65, 78, 79, 80, 81, 82, 83, 84, 71, 58, 45, 32, 19, 6, 7, 8, 9, 10, 11, 12, 25, 38, 51, 64, 63, 62, 49, 36, 35, 34, 47, 60, 59, 72, 85, 86, 73, 74, 87, 88, 89, 90, 103, 116, 115, 114, 113, 112, 111, 110, 109, 122, 135, 134, 133, 132, 131, 130, 143, 156, 157, 158, 159, 160, 161, 162, 163, 164, 165, 152, 139, 140, 141, 142, 155, 168]
[00:00:01:01:685] ! Unidirectional s-t. expansions: 19,096, time: 61,681 [ms], path length: 92 [edges], generated: 28,635
[00:00:00:18:417] Path of length 92 found: [168, 155, 142, 141, 140, 139, 152, 165, 164, 163, 162, 161, 160, 159, 158, 157, 156, 143, 130, 131, 132, 133, 134, 135, 122, 109, 110, 111, 112, 113, 114, 115, 116, 103, 90, 89, 88, 75, 74, 87, 86, 73, 60, 47, 34, 35, 36, 49, 62, 63, 64, 51, 38, 25, 12, 11, 10, 9, 8, 7, 6, 19, 32, 45, 58, 59, 72, 85, 84, 83, 82, 81, 80, 79, 78, 65, 52, 39, 26, 27, 28, 41, 54, 55, 56, 43, 30, 17, 4, 3, 2, 1, 0]
[00:00:00:18:419] ! Unidirectional t-s. expansions: 7,299, time: 18,417 [ms], path length: 92 [edges], generated: 10,743
[00:00:00:51:828] Expansion 20,000: f=91, g=34
[00:00:00:54:405] Path of length 92 found: [168, 155, 142, 141, 140, 139, 152, 165, 164, 163, 162, 161, 160, 159, 158, 157, 156, 143, 130, 131, 132, 133, 134, 135, 122, 109, 110, 111, 112, 113, 114, 115, 116, 103, 90, 89, 88, 75, 74, 87, 86, 85, 72, 73, 60, 47, 34, 35, 36, 49, 62, 63, 64, 51, 38, 25, 12, 11, 10, 9, 8, 7, 6, 19, 32, 45, 58, 71, 84, 83, 82, 81, 80, 79, 78, 65, 52, 39, 26, 27, 28, 41, 54, 55, 56, 43, 30, 17, 4, 3, 2, 1, 0]
[00:00:00:54:410] ! Bidirectional. expansions: 20,895, time: 54,408 [ms], path length: 92 [edges], g_F: 43, g_B: 49, generated: 32,347, MM: 6, MMPER: 5.451612903225806%
[00:00:00:54:413] 
---------- mazes/13x13_maze_with_1_open_diamonds_7 ----------
[00:00:00:26:489] Expansion 10,000: state None, f=97, g=44
[00:00:00:48:609] Expansion 20,000: state None, f=95, g=19
[00:00:00:49:882] Path of length 94 found: [0, 1, 2, 3, 4, 17, 30, 31, 32, 19, 6, 7, 8, 9, 10, 11, 12, 25, 38, 51, 64, 63, 62, 49, 36, 35, 34, 21, 20, 33, 46, 47, 60, 61, 74, 87, 88, 89, 90, 103, 116, 115, 114, 113, 112, 99, 86, 85, 84, 71, 58, 57, 56, 55, 54, 41, 28, 27, 26, 39, 52, 65, 78, 79, 92, 105, 106, 107, 108, 109, 122, 135, 134, 133, 132, 131, 130, 143, 156, 157, 158, 159, 160, 161, 162, 163, 164, 165, 152, 139, 140, 141, 142, 155, 168]
[00:00:00:49:884] ! Unidirectional s-t. expansions: 20,475, time: 49,882 [ms], path length: 94 [edges], generated: 28,904
[00:00:00:02:549] Path of length 94 found: [168, 155, 142, 141, 140, 139, 152, 165, 164, 163, 162, 161, 160, 159, 158, 157, 156, 143, 130, 131, 132, 133, 134, 135, 122, 109, 108, 107, 106, 105, 92, 79, 78, 65, 52, 39, 26, 27, 28, 41, 54, 55, 56, 57, 58, 71, 84, 85, 86, 99, 112, 113, 114, 115, 116, 103, 90, 89, 88, 87, 74, 61, 60, 59, 46, 47, 34, 35, 36, 49, 62, 63, 64, 51, 38, 25, 12, 11, 10, 9, 8, 21, 20, 7, 6, 19, 32, 31, 30, 17, 4, 3, 2, 1, 0]
[00:00:00:02:551] ! Unidirectional t-s. expansions: 1,663, time: 2,550 [ms], path length: 94 [edges], generated: 2,602
[00:00:00:45:917] Path of length 94 found: [168, 155, 142, 141, 140, 139, 152, 165, 164, 163, 162, 161, 160, 159, 158, 157, 156, 143, 130, 131, 132, 133, 134, 135, 122, 109, 108, 107, 106, 105, 92, 79, 78, 65, 52, 39, 26, 27, 28, 41, 54, 55, 56, 57, 58, 71, 84, 85, 86, 99, 112, 113, 114, 115, 116, 103, 90, 89, 88, 87, 74, 61, 60, 47, 46, 33, 20, 21, 34, 35, 36, 49, 62, 63, 64, 51, 38, 25, 12, 11, 10, 9, 8, 7, 6, 19, 32, 31, 30, 17, 4, 3, 2, 1, 0]
[00:00:00:45:933] ! Bidirectional. expansions: 17,115, time: 45,917 [ms], path length: 94 [edges], g_F: 44, g_B: 50, generated: 24,388, MM: 6, MMPER: 5.315789473684211%
[00:00:00:45:935] 
---------- mazes/13x13_maze_with_1_open_diamonds_8 ----------
[00:00:00:26:410] Expansion 10,000: state None, f=97, g=44
[00:00:00:48:542] Expansion 20,000: state None, f=95, g=19
[00:00:00:49:807] Path of length 94 found: [0, 1, 2, 3, 4, 17, 30, 31, 32, 19, 6, 7, 8, 9, 10, 11, 12, 25, 38, 51, 64, 63, 62, 49, 36, 35, 34, 21, 20, 33, 46, 47, 60, 61, 74, 87, 88, 89, 90, 103, 116, 115, 114, 113, 112, 99, 86, 85, 84, 71, 58, 57, 56, 55, 54, 41, 28, 27, 26, 39, 52, 65, 78, 79, 92, 105, 106, 107, 108, 109, 122, 135, 134, 133, 132, 131, 130, 143, 156, 157, 158, 159, 160, 161, 162, 163, 164, 165, 152, 139, 140, 141, 142, 155, 168]
[00:00:00:49:809] ! Unidirectional s-t. expansions: 20,475, time: 49,808 [ms], path length: 94 [edges], generated: 28,904
[00:00:00:02:498] Path of length 94 found: [168, 155, 142, 141, 140, 139, 152, 165, 164, 163, 162, 161, 160, 159, 158, 157, 156, 143, 130, 131, 132, 133, 134, 135, 122, 109, 108, 107, 106, 105, 92, 79, 78, 65, 52, 39, 26, 27, 28, 41, 54, 55, 56, 57, 58, 71, 84, 85, 86, 99, 112, 113, 114, 115, 116, 103, 90, 89, 88, 87, 74, 61, 60, 59, 46, 47, 34, 35, 36, 49, 62, 63, 64, 51, 38, 25, 12, 11, 10, 9, 8, 21, 20, 7, 6, 19, 32, 31, 30, 17, 4, 3, 2, 1, 0]
[00:00:00:02:499] ! Unidirectional t-s. expansions: 1,663, time: 2,498 [ms], path length: 94 [edges], generated: 2,602
[00:00:00:45:357] Path of length 94 found: [168, 155, 142, 141, 140, 139, 152, 165, 164, 163, 162, 161, 160, 159, 158, 157, 156, 143, 130, 131, 132, 133, 134, 135, 122, 109, 108, 107, 106, 105, 92, 79, 78, 65, 52, 39, 26, 27, 28, 41, 54, 55, 56, 57, 58, 71, 84, 85, 86, 99, 112, 113, 114, 115, 116, 103, 90, 89, 88, 87, 74, 61, 60, 47, 46, 33, 20, 21, 34, 35, 36, 49, 62, 63, 64, 51, 38, 25, 12, 11, 10, 9, 8, 7, 6, 19, 32, 31, 30, 17, 4, 3, 2, 1, 0]
[00:00:00:45:362] ! Bidirectional. expansions: 17,115, time: 45,357 [ms], path length: 94 [edges], g_F: 44, g_B: 50, generated: 24,388, MM: 6, MMPER: 5.315789473684211%
[00:00:00:45:364] 
---------- mazes/13x13_maze_with_1_open_diamonds_9 ----------
[00:00:00:25:936] Expansion 10,000: state None, f=96, g=74
[00:00:00:44:524] Expansion 20,000: state None, f=95, g=42
[00:00:00:59:123] Expansion 30,000: state None, f=94, g=57
[00:00:01:15:285] Expansion 40,000: state None, f=93, g=60
[00:00:01:29:544] Path of length 92 found: [0, 1, 2, 3, 4, 17, 30, 31, 32, 19, 6, 7, 8, 9, 10, 11, 12, 25, 38, 37, 36, 49, 62, 61, 74, 87, 88, 89, 90, 103, 116, 115, 114, 113, 126, 125, 112, 111, 98, 99, 86, 85, 84, 71, 58, 57, 56, 55, 54, 41, 28, 27, 26, 39, 52, 65, 78, 79, 92, 105, 106, 107, 108, 109, 110, 123, 124, 137, 136, 135, 134, 133, 132, 131, 130, 143, 156, 157, 158, 159, 160, 161, 162, 163, 164, 165, 152, 139, 140, 141, 142, 155, 168]
[00:00:01:29:546] ! Unidirectional s-t. expansions: 46,531, time: 89,544 [ms], path length: 92 [edges], generated: 70,258
[00:00:00:28:663] Expansion 10,000: state None, f=105, g=30
[00:00:00:49:126] Expansion 20,000: state None, f=103, g=54
[00:00:01:08:374] Expansion 30,000: state None, f=102, g=42
[00:00:01:30:188] Expansion 40,000: state None, f=101, g=48
[00:00:01:49:547] Expansion 50,000: state None, f=100, g=42
[00:00:02:08:916] Expansion 60,000: state None, f=99, g=56
[00:00:02:29:291] Expansion 70,000: state None, f=98, g=59
[00:00:02:50:165] Expansion 80,000: state None, f=98, g=36
[00:00:03:07:347] Expansion 90,000: state None, f=97, g=53
[00:00:03:23:829] Expansion 100,000: state None, f=96, g=57
[00:00:03:41:800] Expansion 110,000: state None, f=96, g=49
[00:00:04:00:685] Expansion 120,000: state None, f=95, g=69
[00:00:04:19:225] Expansion 130,000: state None, f=95, g=51
[00:00:04:36:256] Expansion 140,000: state None, f=94, g=75
[00:00:04:48:469] Expansion 150,000: state None, f=94, g=65
[00:00:05:03:566] Expansion 160,000: state None, f=94, g=60
[00:00:05:27:959] Expansion 170,000: state None, f=94, g=32
[00:00:05:42:678] Expansion 180,000: state None, f=93, g=63
[00:00:05:57:887] Expansion 190,000: state None, f=93, g=50
[00:00:06:17:249] Path of length 92 found: [168, 155, 142, 141, 140, 139, 152, 165, 164, 163, 162, 161, 160, 159, 158, 157, 156, 143, 130, 131, 132, 133, 134, 135, 122, 109, 110, 123, 136, 137, 138, 125, 124, 111, 98, 85, 86, 99, 112, 113, 114, 115, 116, 103, 90, 89, 88, 87, 74, 61, 62, 63, 64, 51, 38, 25, 12, 11, 10, 9, 8, 7, 6, 19, 32, 45, 58, 71, 84, 83, 82, 81, 80, 79, 78, 65, 52, 39, 26, 27, 28, 41, 54, 55, 56, 43, 30, 17, 4, 3, 2, 1, 0]
[00:00:06:17:252] ! Unidirectional t-s. expansions: 198,275, time: 377,250 [ms], path length: 92 [edges], generated: 276,295
[00:00:01:15:050] Expansion 20,000: f=103, g=49
[00:00:02:04:251] Expansion 40,000: f=100, g=43
[00:00:02:52:171] Expansion 60,000: f=98, g=33
[00:00:03:42:250] Expansion 80,000: f=95, g=46
[00:00:04:33:453] Expansion 100,000: f=93, g=34
[00:00:05:27:745] Expansion 120,000: f=90, g=43
[00:00:06:21:031] Expansion 140,000: f=89, g=28
[00:00:06:29:444] Path of length 92 found: [0, 1, 2, 3, 4, 17, 30, 31, 32, 19, 6, 7, 8, 9, 10, 11, 12, 25, 38, 37, 36, 49, 62, 61, 60, 59, 58, 57, 56, 55, 54, 41, 28, 27, 26, 39, 52, 65, 78, 79, 92, 105, 106, 107, 108, 109, 110, 123, 124, 111, 112, 99, 98, 85, 86, 87, 88, 89, 90, 103, 116, 115, 114, 113, 126, 125, 138, 137, 136, 135, 134, 133, 132, 131, 130, 143, 156, 157, 158, 159, 160, 161, 162, 163, 164, 165, 152, 139, 140, 141, 142, 155, 168]
[00:00:06:29:453] ! Bidirectional. expansions: 142,516, time: 389,448 [ms], path length: 92 [edges], g_F: 38, g_B: 54, generated: 202,647, MM: 16, MMPER: 16.204301075268816%
[00:00:06:29:460] average expansions: (30,949, 55,400, 59,904, 0)
[00:00:06:29:471] average time: (75,476, 116,323, 160,306, 0)
[00:00:06:29:478] XA*: 30,949 , 75,476 (expansions , time[ms])
[00:00:06:29:486] XMM: 59,904 , 160,306 (expansions , time[ms])

