--------------------------
date: SM_Grids
number_of_graphs: 10
graph_type: grid
size_of_graphs: [9, 9]
heuristic: bcc_heuristic
snake: True
run_uni: True
run_bi: True
run_multi: False
solution_vertices: []
algorithms: ['IDA']
lookahead: 1
bsd: False
cube_first_dims: 4
cube_buffer_dim: None
backward_sym_generation: False
sym_coil: False
prefix_set: None

---------- SM_Grids/9x9_grid_with_random_blocks_12per_0 ----------
[00:00:01:31:134] Path of length 46 found: [0, 1, 2, 3, 4, 5, 6, 7, 16, 17, 26, 35, 44, 53, 52, 51, 42, 33, 24, 23, 22, 21, 20, 19, 18, 27, 36, 45, 54, 63, 72, 73, 74, 65, 56, 47, 48, 49, 58, 67, 76, 77, 78, 69, 70, 71, 80]
[00:00:01:31:135] ! Unidirectional s-t. expansions: 16,457, time: 91,135 [ms], path length: 46 [edges], generated: 29,944
[00:00:00:51:707] Path of length 46 found: [80, 71, 70, 69, 78, 77, 76, 67, 58, 49, 48, 47, 56, 65, 74, 73, 72, 63, 54, 45, 36, 27, 18, 19, 20, 21, 22, 23, 24, 33, 42, 51, 52, 53, 44, 35, 26, 17, 8, 7, 6, 5, 4, 3, 2, 1, 0]
[00:00:00:51:707] ! Unidirectional t-s. expansions: 10,045, time: 51,707 [ms], path length: 46 [edges], generated: 16,629
[00:00:02:09:172] Path of length 46 found: [0, 1, 2, 3, 4, 5, 6, 7, 8, 17, 26, 35, 44, 53, 52, 51, 42, 33, 24, 23, 22, 21, 20, 19, 18, 27, 36, 45, 54, 63, 72, 73, 74, 65, 56, 47, 48, 49, 58, 67, 76, 77, 78, 69, 70, 71, 80]
[00:00:02:09:720] ! Bidirectional. expansions: 11,500, time: 129,172 [ms], path length: 46 [edges], g_F: 36, g_B: 10, generated: {'F': 13,208, 'B': 6,642}, MM: 26, MMPER: 54.319148936170215%
[00:00:02:09:720] 
---------- SM_Grids/9x9_grid_with_random_blocks_12per_1 ----------
[00:00:01:35:673] Path of length 46 found: [0, 9, 10, 19, 20, 29, 30, 39, 40, 49, 58, 57, 56, 47, 46, 45, 54, 63, 72, 73, 74, 75, 76, 77, 68, 69, 60, 51, 42, 33, 32, 23, 22, 13, 4, 5, 6, 15, 16, 25, 26, 35, 44, 53, 62, 71, 80]
[00:00:01:35:673] ! Unidirectional s-t. expansions: 19,170, time: 95,673 [ms], path length: 46 [edges], generated: 32,191
[00:00:01:23:795] Path of length 46 found: [80, 71, 62, 61, 60, 69, 78, 77, 76, 67, 58, 57, 56, 65, 74, 73, 72, 63, 54, 45, 46, 37, 38, 29, 30, 21, 22, 23, 32, 41, 42, 43, 44, 35, 26, 17, 8, 7, 6, 5, 4, 3, 2, 11, 10, 9, 0]
[00:00:01:23:795] ! Unidirectional t-s. expansions: 16,000, time: 83,795 [ms], path length: 46 [edges], generated: 27,091
[00:00:08:00:951] Path of length 46 found: [0, 9, 10, 11, 2, 3, 4, 5, 6, 15, 16, 25, 26, 35, 44, 43, 42, 33, 32, 23, 22, 21, 30, 29, 38, 37, 46, 45, 54, 63, 72, 73, 74, 65, 56, 57, 58, 67, 76, 77, 78, 69, 60, 61, 62, 71, 80]
[00:00:08:01:479] ! Bidirectional. expansions: 51,378, time: 480,951 [ms], path length: 46 [edges], g_F: 37, g_B: 9, generated: {'F': 43,698, 'B': 38,301}, MM: 28, MMPER: 58.57446808510638%
[00:00:08:01:479] 
---------- SM_Grids/9x9_grid_with_random_blocks_12per_2 ----------
[00:00:01:59:074] Path of length 44 found: [0, 9, 18, 27, 28, 29, 20, 11, 12, 13, 22, 31, 40, 39, 48, 47, 46, 55, 64, 73, 74, 75, 66, 67, 58, 59, 50, 51, 42, 33, 24, 15, 6, 7, 8, 17, 26, 35, 44, 53, 62, 61, 70, 79, 80]
[00:00:01:59:074] ! Unidirectional s-t. expansions: 22,942, time: 119,074 [ms], path length: 44 [edges], generated: 39,568
[00:00:02:09:514] Path of length 44 found: [80, 71, 62, 53, 44, 43, 42, 33, 24, 25, 26, 17, 8, 7, 6, 5, 14, 13, 22, 31, 40, 49, 50, 59, 60, 69, 78, 77, 76, 75, 74, 73, 64, 55, 56, 47, 38, 37, 28, 19, 20, 11, 2, 1, 0]
[00:00:02:09:514] ! Unidirectional t-s. expansions: 26,402, time: 129,514 [ms], path length: 44 [edges], generated: 43,838
[00:00:09:37:662] Path of length 44 found: [0, 9, 10, 11, 20, 29, 28, 37, 46, 55, 64, 65, 74, 75, 76, 77, 78, 69, 60, 59, 58, 57, 48, 39, 40, 31, 22, 13, 14, 5, 6, 7, 8, 17, 26, 25, 24, 33, 42, 43, 44, 53, 62, 71, 80]
[00:00:09:38:193] ! Bidirectional. expansions: 52,380, time: 577,662 [ms], path length: 44 [edges], g_F: 10, g_B: 34, generated: {'F': 45,021, 'B': 45,246}, MM: 24, MMPER: 52.333333333333336%
[00:00:09:38:193] 
---------- SM_Grids/9x9_grid_with_random_blocks_12per_3 ----------
[00:00:01:01:824] Path of length 46 found: [0, 1, 10, 19, 28, 37, 46, 45, 54, 63, 72, 73, 74, 75, 76, 67, 58, 57, 48, 39, 40, 31, 22, 21, 12, 3, 4, 5, 6, 7, 8, 17, 26, 25, 24, 33, 42, 43, 44, 53, 62, 61, 60, 69, 78, 79, 80]
[00:00:01:01:825] ! Unidirectional s-t. expansions: 12,486, time: 61,824 [ms], path length: 46 [edges], generated: 21,459
[00:00:02:11:196] Path of length 46 found: [80, 79, 78, 69, 60, 61, 62, 53, 44, 35, 26, 17, 8, 7, 6, 15, 24, 33, 32, 41, 40, 39, 48, 57, 58, 67, 76, 75, 74, 73, 64, 63, 54, 45, 46, 37, 28, 19, 20, 21, 22, 13, 4, 3, 2, 1, 0]
[00:00:02:11:197] ! Unidirectional t-s. expansions: 25,050, time: 131,196 [ms], path length: 46 [edges], generated: 43,126
[00:00:07:19:519] Path of length 46 found: [0, 1, 10, 19, 20, 21, 12, 3, 4, 5, 6, 7, 8, 17, 26, 25, 24, 23, 32, 31, 40, 49, 58, 57, 56, 47, 46, 45, 54, 63, 72, 73, 74, 75, 76, 77, 68, 69, 60, 51, 42, 43, 44, 53, 62, 71, 80]
[00:00:07:20:160] ! Bidirectional. expansions: 39,959, time: 439,519 [ms], path length: 46 [edges], g_F: 5, g_B: 41, generated: {'F': 38,101, 'B': 29,129}, MM: 36, MMPER: 75.59574468085107%
[00:00:07:20:160] 
---------- SM_Grids/9x9_grid_with_random_blocks_12per_4 ----------
[00:00:01:00:752] Path of length 46 found: [0, 9, 10, 11, 2, 3, 4, 5, 6, 15, 16, 25, 26, 35, 44, 53, 62, 61, 60, 51, 42, 33, 32, 23, 22, 21, 30, 39, 38, 37, 36, 45, 54, 63, 72, 73, 74, 65, 56, 57, 58, 67, 68, 77, 78, 79, 80]
[00:00:01:00:754] ! Unidirectional s-t. expansions: 7,526, time: 60,754 [ms], path length: 46 [edges], generated: 13,659
[00:00:00:33:392] Path of length 46 found: [80, 79, 78, 77, 68, 59, 60, 51, 52, 43, 44, 35, 26, 17, 16, 15, 6, 5, 4, 3, 2, 11, 20, 21, 22, 23, 32, 41, 40, 49, 48, 57, 56, 65, 74, 73, 72, 63, 54, 45, 46, 37, 28, 27, 18, 9, 0]
[00:00:00:33:393] ! Unidirectional t-s. expansions: 4,267, time: 33,392 [ms], path length: 46 [edges], generated: 7,148
[00:00:03:15:903] Path of length 46 found: [0, 9, 10, 11, 2, 3, 4, 5, 6, 15, 16, 25, 26, 35, 44, 53, 62, 61, 60, 51, 42, 33, 32, 23, 22, 21, 30, 39, 38, 37, 36, 45, 54, 63, 72, 73, 74, 65, 56, 57, 58, 67, 68, 77, 78, 79, 80]
[00:00:03:16:452] ! Bidirectional. expansions: 15,748, time: 195,903 [ms], path length: 46 [edges], g_F: 31, g_B: 15, generated: {'F': 14,348, 'B': 12,668}, MM: 16, MMPER: 33.04255319148936%
[00:00:03:16:452] 
---------- SM_Grids/9x9_grid_with_random_blocks_12per_5 ----------
[00:00:00:18:413] Path of length 40 found: [0, 9, 18, 27, 36, 45, 46, 47, 56, 65, 66, 67, 76, 77, 78, 69, 60, 59, 50, 49, 40, 39, 30, 29, 20, 11, 2, 3, 4, 13, 22, 23, 32, 33, 42, 43, 52, 53, 62, 71, 80]
[00:00:00:18:414] ! Unidirectional s-t. expansions: 2,882, time: 18,413 [ms], path length: 40 [edges], generated: 5,140
[00:00:00:13:194] Path of length 40 found: [80, 71, 62, 53, 44, 43, 42, 33, 24, 23, 14, 13, 4, 3, 2, 11, 20, 21, 30, 31, 40, 49, 50, 59, 60, 69, 78, 77, 76, 67, 66, 57, 56, 47, 38, 37, 28, 27, 18, 9, 0]
[00:00:00:13:195] ! Unidirectional t-s. expansions: 2,158, time: 13,195 [ms], path length: 40 [edges], generated: 3,881
[00:00:01:23:005] Path of length 40 found: [0, 9, 18, 27, 36, 45, 46, 47, 56, 65, 66, 67, 76, 77, 78, 69, 60, 59, 50, 49, 40, 39, 30, 29, 20, 11, 2, 3, 4, 13, 22, 23, 32, 33, 42, 43, 52, 53, 62, 71, 80]
[00:00:01:23:542] ! Bidirectional. expansions: 6,446, time: 83,005 [ms], path length: 40 [edges], g_F: 38, g_B: 2, generated: {'F': 6,185, 'B': 5,370}, MM: 36, MMPER: 86.8048780487805%
[00:00:01:23:542] 
---------- SM_Grids/9x9_grid_with_random_blocks_12per_6 ----------
[00:00:01:10:067] Path of length 48 found: [0, 1, 10, 19, 18, 27, 36, 37, 38, 39, 48, 57, 56, 55, 54, 63, 72, 73, 74, 75, 76, 67, 68, 59, 50, 51, 42, 33, 32, 23, 22, 21, 12, 3, 4, 5, 6, 15, 16, 25, 26, 35, 44, 53, 62, 61, 70, 79, 80]
[00:00:01:10:067] ! Unidirectional s-t. expansions: 11,717, time: 70,067 [ms], path length: 48 [edges], generated: 20,025
[00:00:00:36:980] Path of length 48 found: [80, 71, 62, 53, 44, 35, 26, 17, 16, 7, 6, 5, 4, 3, 12, 21, 22, 23, 24, 33, 42, 41, 50, 59, 60, 69, 78, 77, 76, 75, 74, 73, 72, 63, 54, 55, 56, 57, 48, 39, 38, 37, 36, 27, 18, 19, 10, 1, 0]
[00:00:00:36:981] ! Unidirectional t-s. expansions: 6,585, time: 36,981 [ms], path length: 48 [edges], generated: 10,597
[00:00:03:38:408] Path of length 48 found: [0, 1, 10, 19, 18, 27, 36, 37, 38, 39, 48, 57, 56, 55, 54, 63, 72, 73, 74, 75, 76, 67, 68, 59, 50, 41, 42, 33, 24, 23, 22, 21, 12, 3, 4, 5, 6, 7, 8, 17, 26, 35, 44, 53, 62, 61, 70, 79, 80]
[00:00:03:38:958] ! Bidirectional. expansions: 18,329, time: 218,408 [ms], path length: 48 [edges], g_F: 35, g_B: 13, generated: {'F': 19,683, 'B': 11,076}, MM: 22, MMPER: 43.89795918367347%
[00:00:03:38:959] 
---------- SM_Grids/9x9_grid_with_random_blocks_12per_7 ----------
[00:00:02:20:429] Path of length 44 found: [0, 9, 18, 27, 36, 45, 54, 63, 64, 73, 74, 75, 76, 77, 68, 59, 58, 57, 56, 47, 38, 39, 40, 31, 22, 21, 20, 11, 2, 3, 4, 5, 6, 7, 16, 25, 24, 33, 42, 51, 52, 53, 62, 71, 80]
[00:00:02:20:430] ! Unidirectional s-t. expansions: 25,099, time: 140,429 [ms], path length: 44 [edges], generated: 43,393
[00:00:03:14:048] Path of length 44 found: [80, 79, 70, 61, 52, 51, 42, 33, 34, 25, 16, 7, 6, 5, 4, 3, 2, 11, 20, 21, 22, 31, 40, 39, 38, 47, 56, 57, 58, 59, 68, 77, 76, 75, 74, 73, 64, 63, 54, 45, 36, 27, 18, 9, 0]
[00:00:03:14:048] ! Unidirectional t-s. expansions: 33,010, time: 194,048 [ms], path length: 44 [edges], generated: 58,835
[00:00:13:35:551] Path of length 44 found: [0, 9, 18, 27, 36, 45, 54, 63, 64, 73, 74, 75, 76, 77, 68, 59, 58, 57, 48, 47, 38, 29, 20, 11, 2, 3, 4, 5, 6, 7, 16, 25, 24, 23, 22, 31, 40, 41, 42, 51, 52, 61, 70, 79, 80]
[00:00:13:36:097] ! Bidirectional. expansions: 79,285, time: 815,551 [ms], path length: 44 [edges], g_F: 31, g_B: 13, generated: {'F': 71,681, 'B': 66,458}, MM: 18, MMPER: 39.0%
[00:00:13:36:097] 
---------- SM_Grids/9x9_grid_with_random_blocks_12per_8 ----------
[00:00:00:22:359] Path of length 48 found: [0, 9, 18, 19, 20, 11, 2, 3, 4, 13, 22, 31, 32, 33, 24, 15, 6, 7, 8, 17, 26, 35, 44, 53, 62, 61, 60, 51, 50, 49, 48, 47, 38, 37, 36, 45, 54, 63, 72, 73, 74, 75, 66, 67, 68, 77, 78, 79, 80]
[00:00:00:22:359] ! Unidirectional s-t. expansions: 3,747, time: 22,359 [ms], path length: 48 [edges], generated: 6,097
[00:00:01:05:519] Path of length 48 found: [80, 79, 78, 77, 68, 67, 66, 75, 74, 73, 72, 63, 54, 45, 36, 37, 38, 47, 48, 49, 40, 31, 22, 23, 24, 33, 42, 51, 60, 61, 62, 53, 44, 35, 26, 17, 8, 7, 6, 5, 4, 3, 2, 11, 20, 19, 18, 9, 0]
[00:00:01:05:519] ! Unidirectional t-s. expansions: 11,699, time: 65,519 [ms], path length: 48 [edges], generated: 19,004
[00:00:03:44:518] Path of length 48 found: [0, 9, 18, 19, 20, 11, 2, 3, 4, 13, 22, 23, 24, 15, 6, 7, 8, 17, 26, 35, 44, 53, 62, 61, 60, 51, 42, 41, 40, 49, 48, 47, 38, 37, 36, 45, 54, 63, 72, 73, 74, 75, 66, 67, 68, 77, 78, 79, 80]
[00:00:03:45:064] ! Bidirectional. expansions: 20,055, time: 224,518 [ms], path length: 48 [edges], g_F: 26, g_B: 22, generated: {'F': 11,701, 'B': 20,963}, MM: 4, MMPER: 7.163265306122449%
[00:00:03:45:064] 
---------- SM_Grids/9x9_grid_with_random_blocks_12per_9 ----------
[00:00:04:00:462] Path of length 44 found: [0, 1, 2, 11, 20, 19, 18, 27, 36, 37, 46, 55, 54, 63, 72, 73, 74, 75, 76, 77, 78, 69, 60, 59, 58, 57, 48, 39, 40, 31, 22, 13, 14, 15, 16, 17, 26, 35, 34, 43, 52, 53, 62, 71, 80]
[00:00:04:00:463] ! Unidirectional s-t. expansions: 42,331, time: 240,463 [ms], path length: 44 [edges], generated: 77,178
[00:00:04:21:435] Path of length 44 found: [80, 71, 62, 53, 52, 43, 34, 35, 26, 17, 16, 15, 14, 23, 22, 31, 40, 41, 50, 59, 60, 69, 78, 77, 76, 75, 74, 73, 72, 63, 54, 55, 56, 47, 38, 37, 36, 27, 18, 19, 20, 11, 2, 1, 0]
[00:00:04:21:436] ! Unidirectional t-s. expansions: 52,644, time: 261,435 [ms], path length: 44 [edges], generated: 87,435
[00:00:16:06:715] Path of length 44 found: [0, 1, 2, 11, 20, 19, 18, 27, 36, 37, 38, 47, 56, 55, 54, 63, 72, 73, 74, 75, 76, 77, 78, 69, 60, 59, 50, 49, 40, 31, 22, 13, 14, 15, 16, 17, 26, 35, 34, 43, 52, 53, 62, 71, 80]
[00:00:16:07:246] ! Bidirectional. expansions: 88,329, time: 966,715 [ms], path length: 44 [edges], g_F: 21, g_B: 23, generated: {'F': 76,471, 'B': 76,239}, MM: 2, MMPER: 3.4444444444444446%
[00:00:16:07:246] average expansions: (16,436, 18,786, 38,341, 0)
[00:00:16:07:246] average time: (92,019, 100,078, 413,140, 0)
[00:00:16:07:246] XIDA: 16,436 , 92,019 (expansions , time[ms])
[00:00:16:07:246] BiXIDA: 38,341 , 413,140 (expansions , time[ms])

