--------------------------
date: SM_Grids
number_of_graphs: 10
graph_type: grid
size_of_graphs: [9, 9]
heuristic: bcc_heuristic
snake: True
run_uni: True
run_bi: True
run_multi: False
solution_vertices: []
algorithms: ['IDA']
lookahead: 1
bsd: False
cube_first_dims: 4
cube_buffer_dim: None
backward_sym_generation: False
sym_coil: False
prefix_set: None

---------- SM_Grids/9x9_grid_with_random_blocks_8per_0 ----------
[00:00:04:06:155] Path of length 48 found: [0, 1, 2, 3, 4, 5, 6, 7, 8, 17, 26, 25, 24, 23, 22, 31, 30, 29, 20, 19, 18, 27, 36, 37, 46, 55, 54, 63, 72, 73, 74, 75, 66, 57, 48, 49, 50, 41, 42, 43, 44, 53, 62, 61, 60, 69, 78, 79, 80]
[00:00:04:06:155] ! Unidirectional s-t. expansions: 44,009, time: 246,155 [ms], path length: 48 [edges], generated: 76,644
[00:00:05:45:485] Path of length 48 found: [80, 79, 78, 77, 76, 75, 74, 73, 72, 63, 54, 55, 56, 57, 48, 49, 50, 59, 60, 61, 62, 53, 44, 43, 42, 33, 24, 25, 26, 17, 8, 7, 6, 5, 14, 13, 22, 31, 30, 29, 38, 37, 36, 27, 18, 19, 10, 1, 0]
[00:00:05:45:486] ! Unidirectional t-s. expansions: 65,674, time: 345,486 [ms], path length: 48 [edges], generated: 110,714
[00:00:25:30:885] Path of length 48 found: [0, 1, 10, 19, 18, 27, 36, 37, 38, 29, 30, 31, 22, 13, 4, 5, 6, 7, 8, 17, 26, 25, 24, 33, 42, 43, 44, 53, 62, 61, 60, 59, 50, 49, 48, 57, 56, 55, 54, 63, 72, 73, 74, 75, 76, 77, 78, 79, 80]
[00:00:25:31:384] ! Bidirectional. expansions: 148,187, time: 1,530,886 [ms], path length: 48 [edges], g_F: 15, g_B: 33, generated: {'F': 124,783, 'B': 128,734}, MM: 18, MMPER: 35.734693877551024%
[00:00:25:31:384] 
---------- SM_Grids/9x9_grid_with_random_blocks_8per_1 ----------
[00:00:05:18:433] Path of length 44 found: [0, 9, 18, 27, 36, 45, 46, 47, 48, 57, 66, 75, 76, 77, 78, 69, 60, 59, 50, 41, 40, 31, 30, 29, 20, 11, 2, 3, 4, 13, 14, 15, 6, 7, 8, 17, 26, 25, 34, 43, 52, 53, 62, 71, 80]
[00:00:05:18:434] ! Unidirectional s-t. expansions: 58,861, time: 318,433 [ms], path length: 44 [edges], generated: 103,205
[00:00:10:33:148] Path of length 44 found: [80, 71, 62, 53, 44, 35, 26, 17, 8, 7, 6, 15, 24, 33, 42, 41, 50, 59, 60, 69, 78, 77, 76, 75, 66, 57, 48, 47, 46, 37, 36, 27, 18, 19, 20, 29, 30, 31, 22, 13, 4, 3, 2, 1, 0]
[00:00:10:33:149] ! Unidirectional t-s. expansions: 99,670, time: 633,148 [ms], path length: 44 [edges], generated: 177,215
[00:00:33:38:831] Path of length 44 found: [0, 9, 18, 27, 36, 37, 46, 47, 48, 57, 66, 75, 76, 77, 78, 69, 60, 59, 50, 41, 42, 33, 24, 23, 22, 31, 30, 29, 20, 11, 2, 3, 4, 5, 6, 7, 8, 17, 26, 35, 44, 53, 62, 71, 80]
[00:00:33:39:421] ! Bidirectional. expansions: 177,399, time: 2,018,831 [ms], path length: 44 [edges], g_F: 12, g_B: 32, generated: {'F': 156,436, 'B': 160,627}, MM: 20, MMPER: 43.44444444444444%
[00:00:33:39:421] 
---------- SM_Grids/9x9_grid_with_random_blocks_8per_2 ----------
[00:00:03:11:051] Path of length 48 found: [0, 9, 18, 27, 36, 37, 38, 39, 48, 57, 56, 55, 54, 63, 72, 73, 74, 75, 76, 67, 68, 59, 50, 51, 42, 33, 32, 31, 22, 21, 20, 11, 2, 3, 4, 5, 6, 7, 16, 25, 26, 35, 44, 53, 62, 61, 70, 79, 80]
[00:00:03:11:052] ! Unidirectional s-t. expansions: 31,835, time: 191,052 [ms], path length: 48 [edges], generated: 55,384
[00:00:04:30:055] Path of length 48 found: [80, 71, 70, 69, 78, 77, 76, 67, 58, 49, 48, 47, 56, 65, 74, 73, 72, 63, 54, 45, 36, 37, 28, 29, 30, 21, 22, 23, 32, 41, 42, 51, 52, 53, 44, 35, 26, 25, 16, 7, 6, 5, 4, 3, 2, 11, 10, 9, 0]
[00:00:04:30:055] ! Unidirectional t-s. expansions: 42,305, time: 270,055 [ms], path length: 48 [edges], generated: 76,727
[00:00:14:29:112] Path of length 48 found: [0, 9, 18, 27, 36, 37, 38, 39, 48, 57, 56, 55, 54, 63, 72, 73, 74, 75, 76, 77, 68, 59, 50, 51, 42, 33, 32, 31, 22, 21, 20, 11, 2, 3, 4, 5, 6, 7, 16, 25, 26, 35, 44, 53, 62, 61, 70, 79, 80]
[00:00:14:29:667] ! Bidirectional. expansions: 70,387, time: 869,112 [ms], path length: 48 [edges], g_F: 16, g_B: 32, generated: {'F': 64,147, 'B': 60,744}, MM: 16, MMPER: 31.653061224489797%
[00:00:14:29:667] 
---------- SM_Grids/9x9_grid_with_random_blocks_8per_3 ----------
[00:00:10:59:005] Valid states checked so far: 200,000, Expansions: 116,862, Global best: 47
[00:00:15:25:093] Path of length 46 found: [0, 1, 10, 19, 18, 27, 36, 37, 38, 29, 30, 21, 12, 3, 4, 5, 6, 15, 16, 25, 34, 33, 32, 41, 40, 49, 48, 57, 56, 55, 54, 63, 72, 73, 74, 75, 76, 67, 68, 59, 60, 51, 52, 53, 62, 71, 80]
[00:00:15:25:093] ! Unidirectional s-t. expansions: 169,737, time: 925,093 [ms], path length: 46 [edges], generated: 289,793
[00:00:10:17:634] Valid states checked so far: 200,000, Expansions: 114,767, Global best: 45
[00:00:12:55:586] Path of length 46 found: [80, 71, 62, 53, 44, 35, 34, 25, 16, 7, 6, 5, 4, 3, 2, 11, 20, 21, 30, 31, 40, 41, 50, 51, 60, 69, 78, 77, 76, 67, 58, 57, 56, 65, 74, 73, 72, 63, 54, 45, 46, 37, 28, 27, 18, 9, 0]
[00:00:12:55:586] ! Unidirectional t-s. expansions: 145,778, time: 775,586 [ms], path length: 46 [edges], generated: 253,820
[00:01:03:23:679] Path of length 46 found: [0, 9, 18, 27, 28, 37, 46, 45, 54, 63, 72, 73, 74, 65, 56, 57, 58, 67, 76, 77, 78, 69, 60, 51, 50, 41, 32, 31, 30, 21, 20, 11, 2, 3, 4, 13, 14, 15, 24, 25, 34, 35, 44, 53, 62, 71, 80]
[00:01:03:24:169] ! Bidirectional. expansions: 358,723, time: 3,803,679 [ms], path length: 46 [edges], g_F: 39, g_B: 7, generated: {'F': 310,704, 'B': 320,618}, MM: 32, MMPER: 67.08510638297872%
[00:01:03:24:169] 
---------- SM_Grids/9x9_grid_with_random_blocks_8per_4 ----------
[00:00:03:45:241] Path of length 48 found: [0, 1, 2, 3, 12, 21, 20, 19, 18, 27, 36, 37, 38, 47, 56, 55, 54, 63, 72, 73, 74, 75, 76, 77, 78, 69, 60, 59, 58, 49, 40, 41, 42, 33, 24, 23, 14, 5, 6, 7, 16, 17, 26, 35, 44, 53, 62, 71, 80]
[00:00:03:45:241] ! Unidirectional s-t. expansions: 38,778, time: 225,241 [ms], path length: 48 [edges], generated: 66,543
[00:00:02:25:967] Path of length 48 found: [80, 71, 62, 53, 44, 35, 26, 17, 8, 7, 6, 5, 14, 23, 32, 33, 42, 51, 60, 69, 68, 77, 76, 75, 74, 73, 72, 63, 54, 55, 56, 57, 58, 49, 40, 39, 38, 37, 36, 27, 18, 19, 20, 21, 12, 3, 2, 1, 0]
[00:00:02:25:967] ! Unidirectional t-s. expansions: 25,420, time: 145,967 [ms], path length: 48 [edges], generated: 44,957
[00:00:15:53:614] Path of length 48 found: [0, 1, 2, 3, 12, 21, 20, 19, 28, 27, 36, 45, 54, 63, 72, 73, 74, 65, 56, 47, 38, 39, 40, 49, 58, 67, 76, 77, 78, 69, 60, 51, 42, 33, 32, 23, 14, 5, 6, 7, 8, 17, 26, 35, 44, 53, 62, 71, 80]
[00:00:15:54:109] ! Bidirectional. expansions: 84,746, time: 953,614 [ms], path length: 48 [edges], g_F: 30, g_B: 18, generated: {'F': 65,542, 'B': 82,716}, MM: 12, MMPER: 23.489795918367346%
[00:00:15:54:109] 
---------- SM_Grids/9x9_grid_with_random_blocks_8per_5 ----------
[00:00:01:37:311] Path of length 48 found: [0, 9, 18, 27, 28, 37, 46, 45, 54, 63, 64, 65, 74, 75, 76, 77, 68, 59, 58, 57, 48, 39, 40, 41, 42, 33, 24, 23, 22, 21, 20, 11, 2, 3, 4, 5, 6, 7, 16, 17, 26, 35, 44, 53, 52, 61, 70, 79, 80]
[00:00:01:37:312] ! Unidirectional s-t. expansions: 16,872, time: 97,312 [ms], path length: 48 [edges], generated: 29,218
[00:00:02:29:478] Path of length 48 found: [80, 71, 70, 61, 52, 53, 44, 35, 26, 17, 8, 7, 6, 5, 4, 3, 2, 11, 20, 21, 22, 23, 24, 33, 42, 41, 40, 39, 48, 57, 58, 59, 68, 77, 76, 75, 74, 65, 64, 63, 54, 45, 46, 37, 28, 27, 18, 9, 0]
[00:00:02:29:479] ! Unidirectional t-s. expansions: 23,357, time: 149,478 [ms], path length: 48 [edges], generated: 42,540
[00:00:13:09:621] Path of length 48 found: [0, 9, 18, 27, 28, 37, 46, 45, 54, 63, 64, 65, 74, 75, 76, 77, 68, 59, 58, 57, 48, 39, 40, 41, 42, 33, 24, 23, 22, 21, 20, 11, 2, 3, 4, 5, 6, 7, 8, 17, 26, 35, 44, 53, 52, 61, 70, 71, 80]
[00:00:13:10:176] ! Bidirectional. expansions: 64,235, time: 789,622 [ms], path length: 48 [edges], g_F: 35, g_B: 13, generated: {'F': 59,453, 'B': 52,224}, MM: 22, MMPER: 43.89795918367347%
[00:00:13:10:176] 
---------- SM_Grids/9x9_grid_with_random_blocks_8per_6 ----------
[00:00:04:22:042] Path of length 48 found: [0, 9, 18, 27, 36, 37, 38, 29, 20, 11, 2, 3, 4, 13, 22, 23, 24, 15, 6, 7, 8, 17, 26, 35, 34, 43, 42, 41, 40, 49, 48, 57, 56, 55, 54, 63, 72, 73, 74, 75, 76, 67, 68, 59, 60, 61, 70, 79, 80]
[00:00:04:22:043] ! Unidirectional s-t. expansions: 38,733, time: 262,043 [ms], path length: 48 [edges], generated: 67,438
[00:00:04:30:146] Path of length 48 found: [80, 79, 70, 61, 60, 59, 68, 67, 76, 75, 74, 73, 72, 63, 54, 55, 56, 57, 48, 49, 40, 41, 42, 43, 34, 35, 26, 17, 8, 7, 6, 15, 24, 23, 22, 13, 4, 3, 2, 11, 20, 29, 38, 37, 36, 27, 18, 9, 0]
[00:00:04:30:147] ! Unidirectional t-s. expansions: 38,969, time: 270,146 [ms], path length: 48 [edges], generated: 70,752
[00:00:20:37:744] Path of length 48 found: [0, 9, 18, 27, 36, 37, 38, 29, 20, 11, 2, 3, 4, 13, 22, 23, 24, 15, 6, 7, 8, 17, 26, 35, 34, 43, 42, 41, 40, 49, 48, 57, 56, 55, 54, 63, 72, 73, 74, 75, 76, 67, 68, 59, 60, 61, 70, 79, 80]
[00:00:20:38:324] ! Bidirectional. expansions: 97,554, time: 1,237,744 [ms], path length: 48 [edges], g_F: 38, g_B: 10, generated: {'F': 92,428, 'B': 73,900}, MM: 28, MMPER: 56.142857142857146%
[00:00:20:38:324] 
---------- SM_Grids/9x9_grid_with_random_blocks_8per_7 ----------
[00:00:07:03:739] Path of length 48 found: [0, 9, 10, 11, 2, 3, 4, 13, 14, 15, 6, 7, 8, 17, 26, 25, 34, 43, 44, 53, 62, 61, 60, 51, 50, 41, 32, 31, 30, 29, 28, 27, 36, 45, 54, 63, 72, 73, 74, 65, 56, 57, 58, 67, 76, 77, 78, 79, 80]
[00:00:07:03:739] ! Unidirectional s-t. expansions: 60,849, time: 423,739 [ms], path length: 48 [edges], generated: 113,591
[00:00:04:44:697] Path of length 48 found: [80, 79, 78, 77, 68, 67, 58, 57, 56, 65, 74, 73, 72, 63, 54, 45, 46, 37, 38, 29, 30, 31, 40, 41, 50, 51, 60, 61, 62, 53, 44, 43, 34, 25, 26, 17, 8, 7, 6, 15, 14, 13, 4, 3, 2, 11, 10, 9, 0]
[00:00:04:44:697] ! Unidirectional t-s. expansions: 47,056, time: 284,697 [ms], path length: 48 [edges], generated: 78,343
[00:00:22:17:922] Path of length 48 found: [0, 9, 10, 11, 2, 3, 4, 13, 14, 15, 6, 7, 8, 17, 26, 25, 34, 43, 44, 53, 62, 61, 60, 51, 50, 41, 32, 31, 30, 39, 38, 37, 36, 45, 54, 63, 72, 73, 74, 65, 56, 57, 58, 67, 68, 77, 78, 79, 80]
[00:00:22:18:466] ! Bidirectional. expansions: 102,207, time: 1,337,922 [ms], path length: 48 [edges], g_F: 33, g_B: 15, generated: {'F': 80,425, 'B': 100,687}, MM: 18, MMPER: 35.734693877551024%
[00:00:22:18:467] 
---------- SM_Grids/9x9_grid_with_random_blocks_8per_8 ----------
[00:00:01:04:412] Path of length 50 found: [0, 9, 18, 27, 36, 37, 46, 55, 54, 63, 72, 73, 74, 65, 66, 67, 76, 77, 78, 69, 60, 59, 50, 49, 48, 39, 30, 29, 20, 11, 2, 3, 4, 13, 22, 23, 24, 15, 6, 7, 8, 17, 26, 35, 34, 43, 52, 53, 62, 71, 80]
[00:00:01:04:412] ! Unidirectional s-t. expansions: 9,057, time: 64,412 [ms], path length: 50 [edges], generated: 15,316
[00:00:01:34:073] Path of length 50 found: [80, 79, 78, 77, 76, 67, 66, 65, 74, 73, 72, 63, 54, 55, 46, 37, 36, 27, 18, 19, 20, 29, 30, 39, 48, 49, 50, 59, 60, 61, 62, 53, 44, 43, 42, 33, 24, 25, 26, 17, 8, 7, 6, 5, 14, 13, 12, 3, 2, 1, 0]
[00:00:01:34:073] ! Unidirectional t-s. expansions: 14,099, time: 94,073 [ms], path length: 50 [edges], generated: 22,493
[00:00:05:54:150] Path of length 50 found: [0, 9, 18, 27, 36, 37, 46, 55, 54, 63, 72, 73, 74, 65, 66, 67, 76, 77, 78, 69, 60, 59, 50, 49, 48, 39, 30, 29, 20, 11, 2, 3, 4, 13, 22, 23, 24, 15, 6, 7, 8, 17, 26, 35, 34, 43, 52, 53, 62, 71, 80]
[00:00:05:54:761] ! Bidirectional. expansions: 24,491, time: 354,150 [ms], path length: 50 [edges], g_F: 41, g_B: 9, generated: {'F': 22,407, 'B': 17,974}, MM: 32, MMPER: 61.745098039215684%
[00:00:05:54:761] 
---------- SM_Grids/9x9_grid_with_random_blocks_8per_9 ----------
[00:00:08:37:580] Path of length 46 found: [0, 9, 18, 27, 36, 45, 54, 55, 64, 73, 74, 75, 66, 67, 68, 59, 60, 51, 42, 33, 24, 23, 22, 31, 40, 49, 48, 47, 38, 29, 20, 11, 2, 3, 4, 5, 6, 7, 16, 17, 26, 35, 44, 53, 62, 71, 80]
[00:00:08:37:581] ! Unidirectional s-t. expansions: 81,124, time: 517,580 [ms], path length: 46 [edges], generated: 145,227
[00:00:02:45:434] Path of length 46 found: [80, 79, 78, 77, 68, 59, 58, 57, 66, 75, 74, 73, 64, 55, 46, 45, 36, 27, 18, 19, 20, 29, 38, 39, 40, 31, 22, 23, 24, 33, 42, 51, 52, 53, 44, 35, 26, 17, 8, 7, 6, 5, 4, 3, 2, 1, 0]
[00:00:02:45:435] ! Unidirectional t-s. expansions: 25,811, time: 165,434 [ms], path length: 46 [edges], generated: 47,156
[00:00:16:42:057] Path of length 46 found: [0, 9, 18, 19, 20, 11, 2, 3, 4, 5, 6, 7, 16, 17, 26, 35, 44, 53, 52, 51, 42, 33, 24, 23, 22, 31, 30, 39, 38, 37, 36, 45, 54, 55, 64, 73, 74, 75, 66, 57, 58, 59, 68, 77, 78, 79, 80]
[00:00:16:42:672] ! Bidirectional. expansions: 75,908, time: 1,002,058 [ms], path length: 46 [edges], g_F: 46, g_B: 0, generated: {'F': 87,068, 'B': 47,202}, MM: 46, MMPER: 96.87234042553192%
[00:00:16:42:672] average expansions: (54,986, 52,814, 120,384, 0)
[00:00:16:42:672] average time: (327,106, 313,407, 1,389,762, 0)
[00:00:16:42:672] XIDA: 52,814 , 313,407 (expansions , time[ms])
[00:00:16:42:672] BiXIDA: 120,384 , 1,389,762 (expansions , time[ms])

