--------------------------
date: SM_Grids
number_of_graphs: 10
graph_type: grid
size_of_graphs: [8, 8]
heuristic: bcc_heuristic
snake: False
run_uni: True
run_bi: True
run_multi: False
solution_vertices: []
algorithms: ['IDA']
lookahead: 2
bsd: False
cube_first_dims: 4
cube_buffer_dim: None
backward_sym_generation: False
sym_coil: False
prefix_set: None

---------- SM_Grids/8x8_grid_with_random_blocks_16per_0 ----------
[00:00:00:00:934] Path of length 44 found: [0, 1, 9, 10, 2, 3, 11, 19, 18, 26, 25, 24, 32, 40, 48, 49, 41, 33, 34, 42, 50, 51, 43, 35, 36, 28, 20, 12, 13, 5, 6, 7, 15, 14, 22, 23, 31, 30, 29, 37, 38, 46, 47, 55, 63]
[00:00:00:00:934] ! Unidirectional s-t. expansions: 568, time: 934 [ms], path length: 44 [edges], generated: 2,766
[00:00:00:00:392] Path of length 44 found: [63, 55, 47, 46, 38, 39, 31, 23, 15, 7, 6, 5, 13, 14, 22, 30, 29, 37, 36, 44, 43, 35, 34, 33, 41, 42, 50, 49, 48, 40, 32, 24, 25, 26, 18, 19, 20, 12, 11, 3, 2, 10, 9, 1, 0]
[00:00:00:00:392] ! Unidirectional t-s. expansions: 152, time: 392 [ms], path length: 44 [edges], generated: 786
[00:00:00:00:729] Path of length 44 found: [0, 1, 9, 10, 2, 3, 11, 19, 18, 26, 25, 24, 32, 40, 48, 49, 41, 33, 34, 42, 50, 51, 43, 35, 36, 37, 29, 28, 20, 12, 13, 5, 6, 7, 15, 14, 22, 23, 31, 39, 38, 46, 47, 55, 63]
[00:00:00:01:156] ! Bidirectional. expansions: 778, time: 729 [ms], path length: 44 [edges], g_F: 22, g_B: 22, generated: {'F': 1,500, 'B': 1,255}, MM: 0, MMPER: -1.0%
[00:00:00:01:156] 
---------- SM_Grids/8x8_grid_with_random_blocks_16per_1 ----------
[00:00:00:00:103] Path of length 44 found: [0, 8, 16, 24, 32, 33, 25, 26, 18, 10, 2, 3, 4, 12, 11, 19, 27, 35, 34, 42, 43, 44, 36, 28, 20, 21, 29, 30, 22, 14, 15, 23, 31, 39, 38, 46, 47, 55, 54, 53, 52, 60, 61, 62, 63]
[00:00:00:00:103] ! Unidirectional s-t. expansions: 35, time: 103 [ms], path length: 44 [edges], generated: 135
[00:00:00:06:103] Path of length 44 found: [63, 62, 61, 60, 52, 53, 54, 55, 47, 46, 38, 39, 31, 23, 15, 14, 22, 30, 29, 21, 20, 12, 4, 3, 2, 10, 11, 19, 18, 26, 34, 35, 27, 28, 36, 44, 43, 42, 41, 33, 25, 24, 16, 8, 0]
[00:00:00:06:103] ! Unidirectional t-s. expansions: 2,856, time: 6,103 [ms], path length: 44 [edges], generated: 13,790
[00:00:00:01:129] Path of length 44 found: [0, 8, 16, 24, 32, 33, 25, 26, 18, 10, 2, 3, 4, 12, 11, 19, 27, 35, 34, 42, 43, 44, 36, 28, 20, 21, 29, 30, 22, 14, 15, 23, 31, 39, 38, 46, 47, 55, 54, 53, 52, 60, 61, 62, 63]
[00:00:00:01:551] ! Bidirectional. expansions: 761, time: 1,129 [ms], path length: 44 [edges], g_F: 22, g_B: 22, generated: {'F': 1,522, 'B': 1,259}, MM: 0, MMPER: -1.0%
[00:00:00:01:552] 
---------- SM_Grids/8x8_grid_with_random_blocks_16per_2 ----------
[00:00:00:04:114] Path of length 44 found: [0, 8, 16, 24, 32, 40, 48, 56, 57, 49, 41, 33, 34, 26, 18, 10, 2, 3, 11, 19, 27, 28, 20, 21, 29, 30, 38, 46, 47, 55, 54, 53, 45, 44, 43, 42, 50, 58, 59, 51, 52, 60, 61, 62, 63]
[00:00:00:04:114] ! Unidirectional s-t. expansions: 2,095, time: 4,114 [ms], path length: 44 [edges], generated: 10,413
[00:00:00:16:466] Path of length 44 found: [63, 55, 47, 46, 38, 30, 29, 21, 20, 19, 11, 3, 2, 10, 18, 26, 27, 28, 36, 44, 45, 53, 54, 62, 61, 60, 52, 51, 43, 42, 34, 33, 41, 49, 50, 58, 57, 56, 48, 40, 32, 24, 16, 8, 0]
[00:00:00:16:466] ! Unidirectional t-s. expansions: 9,584, time: 16,466 [ms], path length: 44 [edges], generated: 41,625
[00:00:00:02:821] Path of length 44 found: [0, 8, 16, 24, 32, 40, 48, 56, 57, 49, 41, 33, 34, 42, 43, 51, 50, 58, 59, 60, 61, 53, 45, 44, 36, 28, 27, 26, 18, 10, 2, 3, 11, 19, 20, 21, 29, 30, 38, 46, 47, 55, 54, 62, 63]
[00:00:00:03:264] ! Bidirectional. expansions: 2,261, time: 2,821 [ms], path length: 44 [edges], g_F: 22, g_B: 22, generated: {'F': 4,224, 'B': 4,163}, MM: 0, MMPER: -1.0%
[00:00:00:03:264] 
---------- SM_Grids/8x8_grid_with_random_blocks_16per_3 ----------
[00:00:00:15:728] Path of length 44 found: [0, 8, 16, 24, 25, 17, 18, 10, 11, 19, 27, 26, 34, 33, 41, 49, 50, 42, 43, 35, 36, 28, 29, 21, 20, 12, 13, 14, 15, 23, 31, 30, 38, 39, 47, 46, 45, 44, 52, 60, 61, 53, 54, 62, 63]
[00:00:00:15:729] ! Unidirectional s-t. expansions: 8,950, time: 15,728 [ms], path length: 44 [edges], generated: 46,438
[00:00:00:47:215] Path of length 44 found: [63, 55, 47, 39, 31, 23, 15, 14, 13, 12, 11, 10, 18, 26, 34, 42, 43, 35, 36, 28, 27, 19, 20, 21, 29, 30, 38, 46, 45, 53, 54, 62, 61, 60, 52, 51, 50, 49, 41, 33, 25, 17, 16, 8, 0]
[00:00:00:47:215] ! Unidirectional t-s. expansions: 31,152, time: 47,215 [ms], path length: 44 [edges], generated: 143,194
[00:00:00:15:499] Path of length 44 found: [0, 8, 16, 24, 25, 17, 18, 10, 11, 19, 27, 26, 34, 33, 41, 49, 50, 42, 43, 35, 36, 44, 52, 60, 61, 62, 54, 53, 45, 46, 38, 30, 29, 21, 20, 12, 13, 14, 15, 23, 31, 39, 47, 55, 63]
[00:00:00:15:897] ! Bidirectional. expansions: 12,838, time: 15,499 [ms], path length: 44 [edges], g_F: 22, g_B: 22, generated: {'F': 26,109, 'B': 24,932}, MM: 0, MMPER: -1.0%
[00:00:00:15:897] 
---------- SM_Grids/8x8_grid_with_random_blocks_16per_4 ----------
[00:00:00:00:830] Path of length 48 found: [0, 1, 9, 8, 16, 17, 25, 33, 32, 40, 48, 56, 57, 49, 41, 42, 50, 51, 52, 60, 61, 53, 45, 44, 36, 37, 29, 28, 27, 35, 34, 26, 18, 10, 11, 3, 4, 12, 13, 14, 22, 30, 38, 39, 47, 46, 54, 62, 63]
[00:00:00:00:831] ! Unidirectional s-t. expansions: 460, time: 830 [ms], path length: 48 [edges], generated: 2,305
[00:00:00:02:383] Path of length 48 found: [63, 55, 47, 39, 38, 30, 22, 14, 13, 12, 4, 3, 11, 10, 18, 26, 34, 35, 27, 28, 29, 37, 36, 44, 45, 46, 54, 62, 61, 53, 52, 51, 50, 42, 41, 49, 57, 56, 48, 40, 32, 33, 25, 17, 16, 8, 9, 1, 0]
[00:00:00:02:383] ! Unidirectional t-s. expansions: 977, time: 2,383 [ms], path length: 48 [edges], generated: 4,855
[00:00:00:01:604] Path of length 48 found: [0, 1, 9, 8, 16, 17, 25, 33, 32, 40, 48, 56, 57, 49, 41, 42, 50, 51, 52, 60, 61, 62, 54, 46, 45, 44, 36, 37, 29, 28, 27, 35, 34, 26, 18, 10, 11, 3, 4, 12, 13, 14, 22, 30, 38, 39, 47, 55, 63]
[00:00:00:02:009] ! Bidirectional. expansions: 1,087, time: 1,604 [ms], path length: 48 [edges], g_F: 24, g_B: 24, generated: {'F': 1,784, 'B': 1,989}, MM: 0, MMPER: -1.0%
[00:00:00:02:009] 
---------- SM_Grids/8x8_grid_with_random_blocks_16per_5 ----------
[00:00:00:02:776] Path of length 50 found: [0, 8, 16, 24, 32, 33, 34, 26, 25, 17, 9, 1, 2, 10, 11, 19, 20, 12, 4, 5, 6, 14, 15, 23, 22, 30, 29, 28, 36, 35, 43, 51, 50, 49, 48, 56, 57, 58, 59, 60, 61, 53, 52, 44, 45, 46, 38, 39, 47, 55, 63]
[00:00:00:02:776] ! Unidirectional s-t. expansions: 1,416, time: 2,776 [ms], path length: 50 [edges], generated: 6,086
[00:00:00:03:037] Path of length 50 found: [63, 55, 47, 39, 38, 46, 54, 53, 45, 44, 52, 60, 59, 58, 57, 56, 48, 49, 50, 51, 43, 35, 36, 28, 29, 30, 31, 23, 15, 14, 6, 5, 4, 12, 20, 19, 11, 3, 2, 10, 9, 17, 25, 26, 34, 33, 32, 24, 16, 8, 0]
[00:00:00:03:037] ! Unidirectional t-s. expansions: 1,455, time: 3,037 [ms], path length: 50 [edges], generated: 6,538
[00:00:00:03:816] Path of length 50 found: [0, 8, 16, 24, 32, 33, 34, 26, 25, 17, 9, 1, 2, 10, 11, 19, 20, 12, 4, 5, 6, 14, 15, 23, 22, 30, 29, 28, 36, 35, 43, 51, 50, 49, 48, 56, 57, 58, 59, 60, 52, 44, 45, 53, 54, 46, 38, 39, 47, 55, 63]
[00:00:00:04:245] ! Bidirectional. expansions: 2,754, time: 3,816 [ms], path length: 50 [edges], g_F: 25, g_B: 25, generated: {'F': 4,684, 'B': 4,756}, MM: 0, MMPER: -1.0%
[00:00:00:04:246] 
---------- SM_Grids/8x8_grid_with_random_blocks_16per_6 ----------
[00:00:00:00:288] Path of length 48 found: [0, 1, 9, 8, 16, 24, 32, 40, 48, 49, 50, 42, 41, 33, 25, 17, 18, 10, 11, 19, 27, 26, 34, 35, 36, 44, 52, 53, 45, 37, 29, 21, 13, 5, 6, 7, 15, 14, 22, 23, 31, 30, 38, 46, 47, 55, 54, 62, 63]
[00:00:00:00:289] ! Unidirectional s-t. expansions: 128, time: 289 [ms], path length: 48 [edges], generated: 620
[00:00:00:00:114] Path of length 48 found: [63, 62, 54, 55, 47, 46, 38, 30, 31, 23, 15, 7, 6, 5, 13, 14, 22, 21, 29, 37, 45, 53, 52, 44, 36, 35, 27, 19, 11, 10, 18, 17, 25, 26, 34, 33, 41, 42, 50, 49, 48, 40, 32, 24, 16, 8, 9, 1, 0]
[00:00:00:00:114] ! Unidirectional t-s. expansions: 42, time: 114 [ms], path length: 48 [edges], generated: 210
[00:00:00:00:234] Path of length 48 found: [0, 1, 9, 8, 16, 24, 32, 40, 48, 49, 50, 42, 41, 33, 25, 17, 18, 10, 11, 19, 27, 26, 34, 35, 36, 44, 52, 53, 45, 37, 29, 21, 22, 14, 13, 5, 6, 7, 15, 23, 31, 30, 38, 46, 47, 55, 54, 62, 63]
[00:00:00:00:640] ! Bidirectional. expansions: 165, time: 234 [ms], path length: 48 [edges], g_F: 24, g_B: 24, generated: {'F': 302, 'B': 272}, MM: 0, MMPER: -1.0%
[00:00:00:00:641] 
---------- SM_Grids/8x8_grid_with_random_blocks_16per_7 ----------
[00:00:00:48:259] Path of length 48 found: [0, 8, 16, 24, 32, 40, 48, 56, 57, 49, 41, 33, 34, 26, 18, 17, 9, 10, 2, 3, 11, 19, 27, 28, 20, 12, 13, 14, 6, 7, 15, 23, 31, 30, 38, 37, 45, 44, 43, 42, 50, 58, 59, 60, 61, 53, 54, 55, 63]
[00:00:00:48:259] ! Unidirectional s-t. expansions: 26,677, time: 48,259 [ms], path length: 48 [edges], generated: 122,024
[00:00:00:22:627] Path of length 48 found: [63, 55, 54, 46, 38, 30, 31, 23, 15, 7, 6, 14, 13, 21, 20, 12, 11, 3, 2, 10, 9, 17, 18, 19, 27, 26, 34, 35, 43, 44, 45, 53, 61, 60, 59, 51, 50, 42, 41, 49, 57, 56, 48, 40, 32, 24, 16, 8, 0]
[00:00:00:22:627] ! Unidirectional t-s. expansions: 12,206, time: 22,627 [ms], path length: 48 [edges], generated: 61,751
[00:00:00:26:190] Path of length 48 found: [0, 8, 16, 24, 32, 40, 48, 56, 57, 49, 41, 33, 34, 42, 50, 58, 59, 60, 61, 53, 45, 44, 43, 35, 27, 26, 18, 17, 9, 10, 2, 3, 11, 12, 20, 21, 13, 14, 6, 7, 15, 23, 31, 30, 38, 46, 54, 55, 63]
[00:00:00:26:591] ! Bidirectional. expansions: 26,505, time: 26,190 [ms], path length: 48 [edges], g_F: 24, g_B: 24, generated: {'F': 47,226, 'B': 49,552}, MM: 0, MMPER: -1.0%
[00:00:00:26:591] 
---------- SM_Grids/8x8_grid_with_random_blocks_16per_8 ----------
[00:00:00:04:045] Path of length 50 found: [0, 8, 16, 17, 9, 1, 2, 10, 18, 19, 11, 3, 4, 5, 6, 7, 15, 23, 22, 14, 13, 12, 20, 21, 29, 28, 36, 35, 34, 33, 32, 40, 48, 56, 57, 49, 41, 42, 50, 51, 59, 60, 61, 53, 45, 37, 38, 46, 54, 62, 63]
[00:00:00:04:046] ! Unidirectional s-t. expansions: 2,050, time: 4,045 [ms], path length: 50 [edges], generated: 9,385
[00:00:00:00:367] Path of length 50 found: [63, 62, 54, 46, 38, 37, 45, 53, 61, 60, 59, 51, 43, 42, 50, 49, 57, 56, 48, 40, 32, 33, 34, 35, 36, 28, 29, 21, 13, 14, 22, 23, 15, 7, 6, 5, 4, 3, 2, 1, 9, 10, 11, 12, 20, 19, 18, 17, 16, 8, 0]
[00:00:00:00:367] ! Unidirectional t-s. expansions: 204, time: 367 [ms], path length: 50 [edges], generated: 975
[00:00:00:01:774] Path of length 50 found: [0, 8, 16, 17, 9, 1, 2, 3, 4, 5, 13, 14, 6, 7, 15, 23, 22, 21, 29, 37, 36, 28, 20, 12, 11, 10, 18, 26, 34, 35, 43, 42, 41, 33, 32, 40, 48, 56, 57, 49, 50, 51, 59, 60, 61, 53, 45, 46, 54, 62, 63]
[00:00:00:02:177] ! Bidirectional. expansions: 1,581, time: 1,774 [ms], path length: 50 [edges], g_F: 25, g_B: 25, generated: {'F': 2,882, 'B': 2,624}, MM: 0, MMPER: -1.0%
[00:00:00:02:177] 
---------- SM_Grids/8x8_grid_with_random_blocks_16per_9 ----------
[00:00:00:01:335] Path of length 46 found: [0, 8, 16, 24, 32, 33, 25, 17, 9, 1, 2, 3, 11, 12, 4, 5, 6, 7, 15, 14, 13, 21, 20, 28, 27, 26, 34, 42, 50, 58, 59, 51, 43, 44, 36, 37, 38, 30, 31, 39, 47, 55, 54, 53, 61, 62, 63]
[00:00:00:01:335] ! Unidirectional s-t. expansions: 687, time: 1,335 [ms], path length: 46 [edges], generated: 2,836
[00:00:00:00:536] Path of length 46 found: [63, 62, 61, 53, 54, 55, 47, 39, 31, 30, 38, 37, 45, 44, 52, 51, 59, 58, 50, 42, 41, 33, 32, 24, 16, 8, 9, 17, 25, 26, 27, 28, 20, 21, 13, 14, 15, 7, 6, 5, 4, 12, 11, 3, 2, 1, 0]
[00:00:00:00:536] ! Unidirectional t-s. expansions: 237, time: 536 [ms], path length: 46 [edges], generated: 1,096
[00:00:00:01:601] Path of length 46 found: [0, 8, 16, 24, 32, 33, 25, 17, 9, 1, 2, 3, 11, 12, 4, 5, 6, 7, 15, 14, 13, 21, 20, 28, 27, 26, 34, 42, 50, 58, 59, 51, 52, 44, 45, 37, 38, 30, 31, 39, 47, 55, 54, 53, 61, 62, 63]
[00:00:00:02:006] ! Bidirectional. expansions: 1,266, time: 1,601 [ms], path length: 46 [edges], g_F: 23, g_B: 23, generated: {'F': 2,005, 'B': 2,261}, MM: 0, MMPER: -1.0%
[00:00:00:02:007] average expansions: (4,307, 5,886, 5,000, 0)
[00:00:00:02:007] average time: (7,841, 9,924, 5,540, 0)
[00:00:00:02:007] XIDA: 4,307 , 7,841 (expansions , time[ms])
[00:00:00:02:007] BiXIDA: 5,000 , 5,540 (expansions , time[ms])

