--------------------------
date: SM_Grids
number_of_graphs: 10
graph_type: grid
size_of_graphs: [8, 8]
heuristic: bcc_heuristic
snake: False
run_uni: True
run_bi: True
run_multi: False
solution_vertices: []
algorithms: ['IDA']
lookahead: 2
bsd: False
cube_first_dims: 4
cube_buffer_dim: None
backward_sym_generation: False
sym_coil: False
prefix_set: None

---------- SM_Grids/8x8_grid_with_random_blocks_20per_0 ----------
[00:00:00:01:687] Path of length 44 found: [0, 1, 9, 10, 2, 3, 4, 12, 20, 28, 29, 21, 13, 5, 6, 7, 15, 14, 22, 23, 31, 30, 38, 37, 36, 35, 34, 26, 25, 17, 16, 24, 32, 40, 48, 49, 41, 42, 43, 44, 52, 53, 61, 62, 63]
[00:00:00:01:687] ! Unidirectional s-t. expansions: 1,027, time: 1,687 [ms], path length: 44 [edges], generated: 4,443
[00:00:00:00:519] Path of length 44 found: [63, 62, 61, 53, 52, 44, 43, 42, 50, 49, 41, 40, 32, 24, 16, 17, 25, 26, 34, 35, 36, 28, 20, 12, 13, 21, 29, 37, 38, 39, 31, 30, 22, 23, 15, 7, 6, 5, 4, 3, 2, 10, 9, 1, 0]
[00:00:00:00:519] ! Unidirectional t-s. expansions: 297, time: 519 [ms], path length: 44 [edges], generated: 1,641
[00:00:00:00:427] Path of length 44 found: [0, 1, 9, 10, 2, 3, 4, 12, 20, 28, 29, 21, 13, 5, 6, 7, 15, 14, 22, 23, 31, 30, 38, 37, 36, 35, 34, 26, 25, 17, 16, 24, 32, 40, 41, 49, 50, 42, 43, 44, 52, 53, 61, 62, 63]
[00:00:00:00:865] ! Bidirectional. expansions: 467, time: 427 [ms], path length: 44 [edges], g_F: 22, g_B: 22, generated: {'F': 840, 'B': 668}, MM: 0, MMPER: -1.0%
[00:00:00:00:865] 
---------- SM_Grids/8x8_grid_with_random_blocks_20per_1 ----------
[00:00:00:20:063] Path of length 38 found: [0, 8, 16, 24, 25, 17, 9, 1, 2, 3, 11, 10, 18, 26, 34, 33, 41, 40, 48, 56, 57, 49, 50, 42, 43, 35, 27, 19, 20, 28, 29, 30, 31, 39, 47, 46, 54, 62, 63]
[00:00:00:20:063] ! Unidirectional s-t. expansions: 11,052, time: 20,063 [ms], path length: 38 [edges], generated: 51,029
[00:00:00:02:892] Path of length 38 found: [63, 62, 54, 55, 47, 39, 31, 30, 29, 21, 20, 28, 27, 19, 11, 3, 2, 10, 18, 26, 34, 35, 43, 51, 50, 49, 57, 56, 48, 40, 41, 33, 25, 24, 16, 17, 9, 1, 0]
[00:00:00:02:892] ! Unidirectional t-s. expansions: 1,707, time: 2,892 [ms], path length: 38 [edges], generated: 8,951
[00:00:00:02:986] Path of length 38 found: [0, 8, 16, 24, 25, 33, 41, 40, 48, 56, 57, 49, 50, 51, 43, 35, 34, 26, 18, 10, 9, 1, 2, 3, 11, 19, 27, 28, 20, 21, 29, 30, 31, 39, 47, 55, 54, 62, 63]
[00:00:00:03:468] ! Bidirectional. expansions: 2,416, time: 2,986 [ms], path length: 38 [edges], g_F: 19, g_B: 19, generated: {'F': 4,786, 'B': 4,788}, MM: 0, MMPER: -1.0%
[00:00:00:03:468] 
---------- SM_Grids/8x8_grid_with_random_blocks_20per_2 ----------
[00:00:00:00:969] Path of length 48 found: [0, 8, 16, 17, 9, 1, 2, 3, 4, 12, 20, 19, 18, 26, 34, 33, 41, 40, 48, 56, 57, 49, 50, 58, 59, 60, 61, 53, 45, 37, 36, 28, 29, 21, 13, 5, 6, 14, 15, 23, 22, 30, 31, 39, 38, 46, 54, 62, 63]
[00:00:00:00:969] ! Unidirectional s-t. expansions: 532, time: 969 [ms], path length: 48 [edges], generated: 2,432
[00:00:00:01:063] Path of length 48 found: [63, 62, 54, 46, 47, 39, 31, 23, 15, 14, 6, 5, 13, 21, 22, 30, 29, 28, 36, 37, 45, 53, 61, 60, 59, 58, 50, 49, 57, 56, 48, 40, 41, 33, 34, 26, 18, 19, 20, 12, 4, 3, 2, 1, 9, 17, 16, 8, 0]
[00:00:00:01:063] ! Unidirectional t-s. expansions: 532, time: 1,063 [ms], path length: 48 [edges], generated: 2,115
[00:00:00:00:602] Path of length 48 found: [0, 8, 16, 17, 9, 1, 2, 3, 4, 12, 13, 5, 6, 14, 15, 23, 22, 21, 29, 30, 31, 39, 47, 46, 38, 37, 36, 28, 20, 19, 18, 26, 34, 33, 41, 40, 48, 56, 57, 49, 50, 58, 59, 60, 61, 53, 54, 62, 63]
[00:00:00:01:021] ! Bidirectional. expansions: 603, time: 603 [ms], path length: 48 [edges], g_F: 24, g_B: 24, generated: {'F': 1,139, 'B': 947}, MM: 0, MMPER: -1.0%
[00:00:00:01:022] 
---------- SM_Grids/8x8_grid_with_random_blocks_20per_3 ----------
[00:00:00:00:762] Path of length 46 found: [0, 1, 9, 8, 16, 24, 32, 40, 41, 49, 57, 58, 50, 51, 43, 35, 34, 26, 27, 19, 18, 10, 11, 3, 4, 12, 13, 5, 6, 7, 15, 23, 22, 30, 31, 39, 38, 37, 36, 44, 45, 53, 52, 60, 61, 62, 63]
[00:00:00:00:763] ! Unidirectional s-t. expansions: 358, time: 762 [ms], path length: 46 [edges], generated: 1,606
[00:00:00:00:761] Path of length 46 found: [63, 62, 61, 60, 52, 53, 45, 37, 29, 30, 38, 39, 31, 23, 15, 7, 6, 5, 13, 12, 4, 3, 11, 10, 18, 19, 27, 26, 34, 35, 36, 44, 43, 51, 50, 58, 57, 49, 41, 40, 32, 24, 16, 17, 9, 1, 0]
[00:00:00:00:761] ! Unidirectional t-s. expansions: 424, time: 761 [ms], path length: 46 [edges], generated: 1,777
[00:00:00:00:771] Path of length 46 found: [0, 1, 9, 8, 16, 24, 32, 40, 41, 49, 57, 58, 50, 51, 43, 44, 36, 35, 34, 26, 27, 19, 18, 10, 11, 3, 4, 12, 13, 5, 6, 7, 15, 23, 31, 39, 38, 30, 29, 37, 45, 53, 52, 60, 61, 62, 63]
[00:00:00:01:228] ! Bidirectional. expansions: 607, time: 771 [ms], path length: 46 [edges], g_F: 23, g_B: 23, generated: {'F': 987, 'B': 1,097}, MM: 0, MMPER: -1.0%
[00:00:00:01:228] 
---------- SM_Grids/8x8_grid_with_random_blocks_20per_4 ----------
[00:00:00:45:923] Path of length 44 found: [0, 8, 16, 24, 32, 40, 48, 49, 57, 58, 59, 51, 43, 44, 36, 28, 20, 19, 27, 26, 34, 33, 25, 17, 18, 10, 9, 1, 2, 3, 4, 5, 6, 7, 15, 23, 22, 21, 29, 37, 45, 46, 54, 62, 63]
[00:00:00:45:923] ! Unidirectional s-t. expansions: 38,391, time: 45,923 [ms], path length: 44 [edges], generated: 133,042
[00:00:00:11:740] Path of length 44 found: [63, 55, 54, 46, 38, 37, 45, 44, 43, 51, 59, 58, 57, 49, 48, 40, 41, 33, 32, 24, 16, 8, 9, 17, 25, 26, 18, 10, 11, 19, 27, 28, 20, 21, 22, 23, 15, 7, 6, 5, 4, 3, 2, 1, 0]
[00:00:00:11:740] ! Unidirectional t-s. expansions: 6,909, time: 11,740 [ms], path length: 44 [edges], generated: 31,493
[00:00:00:23:873] Path of length 44 found: [0, 8, 16, 24, 32, 33, 41, 40, 48, 49, 57, 58, 59, 51, 43, 44, 36, 28, 20, 19, 27, 26, 18, 17, 9, 1, 2, 10, 11, 3, 4, 5, 6, 7, 15, 23, 22, 21, 29, 37, 38, 46, 54, 55, 63]
[00:00:00:24:320] ! Bidirectional. expansions: 25,440, time: 23,873 [ms], path length: 44 [edges], g_F: 22, g_B: 22, generated: {'F': 41,418, 'B': 44,044}, MM: 0, MMPER: -1.0%
[00:00:00:24:320] 
---------- SM_Grids/8x8_grid_with_random_blocks_20per_5 ----------
[00:00:00:03:532] Path of length 46 found: [0, 1, 9, 8, 16, 24, 32, 40, 48, 49, 57, 58, 59, 51, 50, 42, 41, 33, 25, 17, 18, 26, 34, 35, 36, 28, 20, 12, 13, 14, 15, 23, 22, 21, 29, 37, 45, 53, 61, 62, 54, 46, 38, 39, 47, 55, 63]
[00:00:00:03:532] ! Unidirectional s-t. expansions: 1,871, time: 3,532 [ms], path length: 46 [edges], generated: 8,709
[00:00:00:01:600] Path of length 46 found: [63, 55, 47, 39, 31, 23, 15, 14, 22, 21, 13, 12, 20, 28, 29, 37, 38, 46, 54, 62, 61, 53, 52, 51, 59, 58, 57, 49, 48, 40, 32, 24, 25, 33, 41, 42, 43, 35, 34, 26, 18, 17, 16, 8, 9, 1, 0]
[00:00:00:01:600] ! Unidirectional t-s. expansions: 786, time: 1,600 [ms], path length: 46 [edges], generated: 3,709
[00:00:00:06:203] Path of length 46 found: [0, 1, 9, 8, 16, 24, 32, 40, 48, 49, 57, 58, 50, 42, 41, 33, 25, 17, 18, 26, 34, 35, 43, 51, 52, 53, 61, 62, 54, 46, 38, 37, 29, 28, 20, 12, 13, 21, 22, 14, 15, 23, 31, 39, 47, 55, 63]
[00:00:00:06:614] ! Bidirectional. expansions: 5,240, time: 6,203 [ms], path length: 46 [edges], g_F: 23, g_B: 23, generated: {'F': 9,367, 'B': 9,373}, MM: 0, MMPER: -1.0%
[00:00:00:06:614] 
---------- SM_Grids/8x8_grid_with_random_blocks_20per_6 ----------
[00:00:00:01:492] Path of length 46 found: [0, 1, 9, 8, 16, 17, 18, 10, 11, 19, 27, 28, 20, 21, 13, 12, 4, 5, 6, 14, 15, 23, 31, 39, 38, 37, 36, 44, 45, 53, 52, 51, 43, 42, 50, 49, 48, 56, 57, 58, 59, 60, 61, 62, 54, 55, 63]
[00:00:00:01:492] ! Unidirectional s-t. expansions: 758, time: 1,492 [ms], path length: 46 [edges], generated: 3,273
[00:00:00:02:473] Path of length 46 found: [63, 55, 47, 39, 31, 23, 15, 14, 6, 5, 4, 12, 13, 21, 29, 37, 45, 53, 54, 62, 61, 60, 52, 51, 59, 58, 57, 56, 48, 49, 50, 42, 43, 44, 36, 28, 20, 19, 27, 26, 18, 10, 9, 17, 16, 8, 0]
[00:00:00:02:474] ! Unidirectional t-s. expansions: 1,582, time: 2,473 [ms], path length: 46 [edges], generated: 7,296
[00:00:00:01:674] Path of length 46 found: [0, 1, 9, 8, 16, 17, 18, 10, 11, 19, 27, 28, 36, 44, 43, 42, 50, 49, 48, 56, 57, 58, 59, 51, 52, 60, 61, 62, 54, 53, 45, 37, 29, 21, 20, 12, 4, 5, 6, 14, 15, 23, 31, 39, 47, 55, 63]
[00:00:00:02:091] ! Bidirectional. expansions: 1,571, time: 1,674 [ms], path length: 46 [edges], g_F: 23, g_B: 23, generated: {'F': 2,836, 'B': 2,665}, MM: 0, MMPER: -1.0%
[00:00:00:02:091] 
---------- SM_Grids/8x8_grid_with_random_blocks_20per_7 ----------
[00:00:00:03:531] Path of length 42 found: [0, 8, 16, 24, 32, 40, 41, 33, 25, 17, 9, 1, 2, 3, 11, 19, 18, 26, 34, 42, 50, 51, 43, 35, 27, 28, 20, 12, 4, 5, 6, 14, 15, 23, 31, 30, 38, 39, 47, 55, 54, 62, 63]
[00:00:00:03:531] ! Unidirectional s-t. expansions: 1,773, time: 3,531 [ms], path length: 42 [edges], generated: 7,438
[00:00:00:00:348] Path of length 42 found: [63, 62, 54, 55, 47, 39, 38, 30, 31, 23, 15, 7, 6, 5, 4, 3, 2, 1, 9, 17, 25, 33, 34, 26, 18, 19, 11, 12, 20, 28, 27, 35, 43, 51, 50, 42, 41, 40, 32, 24, 16, 8, 0]
[00:00:00:00:348] ! Unidirectional t-s. expansions: 195, time: 348 [ms], path length: 42 [edges], generated: 931
[00:00:00:00:902] Path of length 42 found: [0, 8, 16, 24, 32, 40, 41, 33, 25, 17, 9, 1, 2, 3, 11, 19, 18, 26, 34, 42, 50, 51, 43, 35, 27, 28, 20, 12, 4, 5, 6, 7, 15, 23, 31, 30, 38, 39, 47, 55, 54, 62, 63]
[00:00:00:01:333] ! Bidirectional. expansions: 732, time: 903 [ms], path length: 42 [edges], g_F: 21, g_B: 21, generated: {'F': 1,393, 'B': 1,233}, MM: 0, MMPER: -1.0%
[00:00:00:01:334] 
---------- SM_Grids/8x8_grid_with_random_blocks_20per_8 ----------
[00:00:00:00:227] Path of length 48 found: [0, 8, 16, 24, 32, 33, 25, 17, 9, 10, 2, 3, 11, 19, 20, 12, 4, 5, 13, 14, 6, 7, 15, 23, 22, 21, 29, 28, 27, 35, 36, 44, 52, 51, 50, 42, 41, 49, 57, 58, 59, 60, 61, 53, 45, 46, 47, 55, 63]
[00:00:00:00:227] ! Unidirectional s-t. expansions: 138, time: 227 [ms], path length: 48 [edges], generated: 592
[00:00:00:00:051] Path of length 48 found: [63, 55, 47, 46, 45, 53, 61, 60, 59, 58, 57, 49, 41, 42, 50, 51, 52, 44, 36, 35, 27, 19, 11, 12, 20, 28, 29, 21, 13, 14, 22, 23, 15, 7, 6, 5, 4, 3, 2, 10, 9, 17, 25, 33, 32, 24, 16, 8, 0]
[00:00:00:00:052] ! Unidirectional t-s. expansions: 26, time: 51 [ms], path length: 48 [edges], generated: 108
[00:00:00:00:032] Path of length 48 found: [0, 8, 16, 24, 32, 33, 25, 17, 9, 10, 2, 3, 11, 19, 20, 12, 4, 5, 13, 14, 6, 7, 15, 23, 22, 21, 29, 28, 27, 35, 36, 44, 52, 51, 50, 42, 41, 49, 57, 58, 59, 60, 61, 53, 45, 46, 47, 55, 63]
[00:00:00:00:451] ! Bidirectional. expansions: 26, time: 32 [ms], path length: 48 [edges], g_F: 24, g_B: 24, generated: {'F': 42, 'B': 44}, MM: 0, MMPER: -1.0%
[00:00:00:00:451] 
---------- SM_Grids/8x8_grid_with_random_blocks_20per_9 ----------
[00:00:00:00:052] Path of length 36 found: [0, 8, 9, 1, 2, 10, 18, 26, 34, 35, 27, 28, 36, 44, 45, 37, 29, 21, 13, 5, 6, 7, 15, 14, 22, 23, 31, 30, 38, 39, 47, 55, 54, 53, 61, 62, 63]
[00:00:00:00:052] ! Unidirectional s-t. expansions: 20, time: 52 [ms], path length: 36 [edges], generated: 100
[00:00:00:00:146] Path of length 36 found: [63, 62, 61, 53, 54, 55, 47, 39, 31, 23, 15, 7, 6, 5, 13, 14, 22, 21, 29, 30, 38, 37, 45, 44, 36, 28, 27, 35, 34, 26, 18, 17, 9, 10, 2, 1, 0]
[00:00:00:00:146] ! Unidirectional t-s. expansions: 71, time: 146 [ms], path length: 36 [edges], generated: 347
[00:00:00:00:038] Path of length 36 found: [0, 8, 9, 1, 2, 10, 18, 26, 34, 35, 27, 28, 36, 44, 45, 37, 38, 30, 29, 21, 22, 14, 13, 5, 6, 7, 15, 23, 31, 39, 47, 55, 54, 53, 61, 62, 63]
[00:00:00:00:454] ! Bidirectional. expansions: 24, time: 38 [ms], path length: 36 [edges], g_F: 18, g_B: 18, generated: {'F': 45, 'B': 42}, MM: 0, MMPER: -1.0%
[00:00:00:00:454] average expansions: (5,592, 1,253, 3,713, 0)
[00:00:00:00:454] average time: (7,824, 2,159, 3,751, 0)
[00:00:00:00:454] XIDA: 1,253 , 2,159 (expansions , time[ms])
[00:00:00:00:454] BiXIDA: 3,713 , 3,751 (expansions , time[ms])

