--------------------------
date: SM_Grids
number_of_graphs: 10
graph_type: grid
size_of_graphs: [8, 8]
heuristic: bcc_heuristic
snake: False
run_uni: True
run_bi: True
run_multi: False
solution_vertices: []
algorithms: ['IDA']
lookahead: 2
bsd: False
cube_first_dims: 4
cube_buffer_dim: None
backward_sym_generation: False
sym_coil: False
prefix_set: None

---------- SM_Grids/8x8_grid_with_random_blocks_12per_0 ----------
[00:00:00:14:852] Path of length 52 found: [0, 8, 16, 24, 25, 17, 9, 1, 2, 10, 18, 26, 34, 33, 41, 40, 48, 56, 57, 58, 50, 42, 43, 35, 27, 19, 11, 3, 4, 12, 20, 21, 13, 14, 22, 30, 31, 39, 47, 55, 54, 53, 45, 37, 36, 44, 52, 51, 59, 60, 61, 62, 63]
[00:00:00:14:852] ! Unidirectional s-t. expansions: 7,700, time: 14,852 [ms], path length: 52 [edges], generated: 38,667
[00:00:00:18:718] Path of length 52 found: [63, 55, 47, 39, 31, 30, 22, 14, 13, 21, 20, 12, 4, 3, 2, 10, 11, 19, 18, 26, 34, 42, 50, 51, 43, 35, 27, 28, 36, 37, 45, 44, 52, 53, 54, 62, 61, 60, 59, 58, 57, 56, 48, 40, 41, 33, 25, 24, 16, 17, 9, 1, 0]
[00:00:00:18:718] ! Unidirectional t-s. expansions: 12,516, time: 18,718 [ms], path length: 52 [edges], generated: 59,174
[00:00:00:09:827] Path of length 52 found: [0, 8, 16, 24, 25, 17, 9, 1, 2, 10, 18, 26, 34, 33, 41, 40, 48, 56, 57, 58, 59, 60, 61, 62, 54, 53, 45, 44, 52, 51, 50, 42, 43, 35, 36, 28, 27, 19, 11, 3, 4, 12, 20, 21, 13, 14, 22, 30, 31, 39, 47, 55, 63]
[00:00:00:10:271] ! Bidirectional. expansions: 8,406, time: 9,827 [ms], path length: 52 [edges], g_F: 26, g_B: 26, generated: {'F': 15,448, 'B': 15,574}, MM: 0, MMPER: -1.0%
[00:00:00:10:271] 
---------- SM_Grids/8x8_grid_with_random_blocks_12per_1 ----------
[00:00:00:01:639] Path of length 52 found: [0, 8, 16, 24, 32, 33, 25, 17, 9, 1, 2, 10, 11, 3, 4, 12, 13, 5, 6, 7, 15, 14, 22, 21, 20, 19, 27, 26, 34, 42, 41, 49, 50, 58, 59, 51, 52, 60, 61, 53, 45, 44, 36, 28, 29, 37, 38, 39, 47, 46, 54, 62, 63]
[00:00:00:01:639] ! Unidirectional s-t. expansions: 856, time: 1,639 [ms], path length: 52 [edges], generated: 4,196
[00:00:00:01:111] Path of length 52 found: [63, 55, 47, 39, 38, 37, 29, 21, 22, 14, 15, 7, 6, 5, 13, 12, 4, 3, 11, 10, 2, 1, 9, 17, 25, 26, 27, 19, 20, 28, 36, 44, 52, 53, 45, 46, 54, 62, 61, 60, 59, 51, 50, 49, 41, 42, 34, 33, 32, 24, 16, 8, 0]
[00:00:00:01:111] ! Unidirectional t-s. expansions: 445, time: 1,111 [ms], path length: 52 [edges], generated: 2,215
[00:00:00:04:054] Path of length 52 found: [0, 8, 16, 24, 32, 33, 25, 17, 9, 1, 2, 10, 11, 3, 4, 12, 13, 5, 6, 7, 15, 14, 22, 21, 20, 19, 27, 26, 34, 42, 41, 49, 50, 51, 59, 60, 61, 62, 54, 46, 45, 53, 52, 44, 36, 28, 29, 37, 38, 39, 47, 55, 63]
[00:00:00:04:494] ! Bidirectional. expansions: 2,677, time: 4,054 [ms], path length: 52 [edges], g_F: 26, g_B: 26, generated: {'F': 4,628, 'B': 4,790}, MM: 0, MMPER: -1.0%
[00:00:00:04:494] 
---------- SM_Grids/8x8_grid_with_random_blocks_12per_2 ----------
[00:00:00:24:086] Path of length 50 found: [0, 8, 16, 24, 32, 33, 25, 17, 9, 1, 2, 10, 18, 19, 27, 28, 20, 12, 11, 3, 4, 5, 13, 21, 22, 14, 15, 23, 31, 30, 29, 37, 36, 44, 43, 42, 50, 49, 57, 58, 59, 51, 52, 60, 61, 62, 54, 46, 47, 55, 63]
[00:00:00:24:086] ! Unidirectional s-t. expansions: 11,614, time: 24,086 [ms], path length: 50 [edges], generated: 54,422
[00:00:00:06:588] Path of length 50 found: [63, 55, 47, 46, 54, 62, 61, 60, 52, 51, 59, 58, 57, 49, 50, 42, 34, 33, 32, 24, 25, 17, 16, 8, 9, 10, 18, 19, 27, 28, 36, 44, 45, 37, 38, 30, 29, 21, 22, 23, 15, 14, 13, 5, 4, 12, 11, 3, 2, 1, 0]
[00:00:00:06:589] ! Unidirectional t-s. expansions: 3,285, time: 6,589 [ms], path length: 50 [edges], generated: 15,814
[00:00:00:18:353] Path of length 50 found: [0, 8, 16, 24, 32, 33, 25, 17, 9, 1, 2, 10, 18, 19, 27, 28, 20, 12, 11, 3, 4, 5, 13, 14, 15, 23, 22, 21, 29, 30, 38, 37, 36, 44, 43, 42, 50, 49, 57, 58, 59, 51, 52, 60, 61, 62, 54, 46, 47, 55, 63]
[00:00:00:18:795] ! Bidirectional. expansions: 13,962, time: 18,353 [ms], path length: 50 [edges], g_F: 25, g_B: 25, generated: {'F': 27,334, 'B': 25,629}, MM: 0, MMPER: -1.0%
[00:00:00:18:795] 
---------- SM_Grids/8x8_grid_with_random_blocks_12per_3 ----------
[00:00:00:06:129] Path of length 54 found: [0, 8, 16, 24, 32, 33, 41, 49, 48, 56, 57, 58, 50, 51, 59, 60, 52, 44, 43, 35, 36, 37, 29, 30, 22, 14, 13, 12, 20, 19, 27, 26, 25, 17, 18, 10, 9, 1, 2, 3, 4, 5, 6, 7, 15, 23, 31, 39, 38, 46, 47, 55, 54, 62, 63]
[00:00:00:06:129] ! Unidirectional s-t. expansions: 3,518, time: 6,129 [ms], path length: 54 [edges], generated: 14,268
[00:00:00:05:457] Path of length 54 found: [63, 55, 47, 39, 31, 23, 15, 7, 6, 5, 4, 3, 2, 1, 9, 10, 18, 17, 25, 26, 27, 19, 20, 12, 13, 14, 22, 30, 29, 37, 38, 46, 54, 62, 61, 60, 52, 44, 36, 35, 43, 51, 59, 58, 57, 56, 48, 49, 41, 33, 32, 24, 16, 8, 0]
[00:00:00:05:458] ! Unidirectional t-s. expansions: 2,594, time: 5,457 [ms], path length: 54 [edges], generated: 10,832
[00:00:00:13:830] Path of length 54 found: [0, 8, 16, 24, 32, 33, 41, 49, 48, 56, 57, 58, 50, 51, 59, 60, 61, 62, 54, 46, 45, 44, 43, 35, 36, 37, 29, 30, 22, 14, 13, 12, 20, 19, 27, 26, 25, 17, 18, 10, 9, 1, 2, 3, 4, 5, 6, 7, 15, 23, 31, 39, 47, 55, 63]
[00:00:00:14:250] ! Bidirectional. expansions: 10,940, time: 13,830 [ms], path length: 54 [edges], g_F: 27, g_B: 27, generated: {'F': 18,316, 'B': 19,201}, MM: 0, MMPER: -1.0%
[00:00:00:14:250] 
---------- SM_Grids/8x8_grid_with_random_blocks_12per_4 ----------
[00:00:00:00:119] Path of length 54 found: [0, 8, 16, 24, 25, 17, 9, 10, 18, 26, 34, 33, 41, 49, 48, 56, 57, 58, 50, 42, 43, 51, 59, 60, 52, 44, 36, 35, 27, 19, 11, 12, 4, 5, 6, 14, 13, 21, 20, 28, 29, 37, 38, 30, 22, 23, 31, 39, 47, 55, 54, 53, 61, 62, 63]
[00:00:00:00:119] ! Unidirectional s-t. expansions: 54, time: 119 [ms], path length: 54 [edges], generated: 262
[00:00:00:00:061] Path of length 54 found: [63, 55, 47, 39, 31, 23, 22, 14, 6, 5, 4, 12, 13, 21, 20, 19, 11, 10, 9, 17, 18, 26, 34, 42, 50, 51, 43, 35, 27, 28, 29, 30, 38, 37, 36, 44, 52, 53, 54, 62, 61, 60, 59, 58, 57, 56, 48, 49, 41, 33, 25, 24, 16, 8, 0]
[00:00:00:00:061] ! Unidirectional t-s. expansions: 27, time: 61 [ms], path length: 54 [edges], generated: 124
[00:00:00:00:065] Path of length 54 found: [0, 8, 16, 24, 25, 17, 9, 10, 11, 19, 18, 26, 27, 35, 34, 33, 41, 49, 48, 56, 57, 58, 50, 42, 43, 51, 59, 60, 61, 62, 54, 53, 52, 44, 36, 37, 38, 30, 29, 28, 20, 21, 13, 12, 4, 5, 6, 14, 22, 23, 31, 39, 47, 55, 63]
[00:00:00:00:488] ! Bidirectional. expansions: 39, time: 65 [ms], path length: 54 [edges], g_F: 27, g_B: 27, generated: {'F': 77, 'B': 73}, MM: 0, MMPER: -1.0%
[00:00:00:00:488] 
---------- SM_Grids/8x8_grid_with_random_blocks_12per_5 ----------
[00:00:00:18:902] Path of length 52 found: [0, 8, 16, 24, 32, 40, 41, 33, 25, 17, 9, 1, 2, 3, 11, 19, 27, 35, 34, 42, 50, 58, 59, 51, 43, 44, 52, 60, 61, 53, 45, 37, 29, 28, 20, 21, 13, 12, 4, 5, 6, 14, 15, 23, 22, 30, 31, 39, 38, 46, 47, 55, 63]
[00:00:00:18:902] ! Unidirectional s-t. expansions: 9,368, time: 18,902 [ms], path length: 52 [edges], generated: 45,174
[00:00:00:08:349] Path of length 52 found: [63, 55, 47, 39, 31, 23, 15, 14, 6, 5, 4, 3, 2, 1, 9, 17, 18, 19, 27, 28, 20, 12, 13, 21, 22, 30, 29, 37, 38, 46, 45, 44, 52, 53, 61, 60, 59, 58, 50, 51, 43, 35, 34, 42, 41, 40, 32, 33, 25, 24, 16, 8, 0]
[00:00:00:08:349] ! Unidirectional t-s. expansions: 4,362, time: 8,349 [ms], path length: 52 [edges], generated: 20,727
[00:00:00:05:597] Path of length 52 found: [0, 8, 16, 24, 25, 33, 32, 40, 41, 42, 34, 35, 27, 28, 20, 12, 11, 19, 18, 17, 9, 1, 2, 3, 4, 5, 13, 14, 15, 23, 31, 39, 47, 46, 38, 30, 22, 21, 29, 37, 45, 44, 43, 51, 50, 58, 59, 60, 52, 53, 61, 62, 63]
[00:00:00:06:057] ! Bidirectional. expansions: 4,348, time: 5,597 [ms], path length: 52 [edges], g_F: 26, g_B: 26, generated: {'F': 7,810, 'B': 8,283}, MM: 0, MMPER: -1.0%
[00:00:00:06:057] 
---------- SM_Grids/8x8_grid_with_random_blocks_12per_6 ----------
[00:00:00:23:473] Path of length 52 found: [0, 8, 16, 24, 32, 40, 48, 49, 41, 42, 50, 51, 59, 60, 61, 53, 45, 44, 43, 35, 34, 26, 25, 17, 9, 1, 2, 10, 18, 19, 27, 28, 20, 12, 11, 3, 4, 5, 13, 14, 6, 7, 15, 23, 22, 21, 29, 37, 38, 46, 54, 62, 63]
[00:00:00:23:473] ! Unidirectional s-t. expansions: 15,177, time: 23,473 [ms], path length: 52 [edges], generated: 62,968
[00:00:00:18:398] Path of length 52 found: [63, 62, 54, 46, 38, 37, 29, 21, 13, 14, 22, 23, 15, 7, 6, 5, 4, 3, 2, 1, 9, 17, 25, 26, 18, 10, 11, 12, 20, 19, 27, 28, 36, 35, 34, 42, 43, 44, 45, 53, 61, 60, 59, 51, 50, 49, 41, 40, 32, 24, 16, 8, 0]
[00:00:00:18:398] ! Unidirectional t-s. expansions: 11,825, time: 18,398 [ms], path length: 52 [edges], generated: 51,120
[00:00:00:21:838] Path of length 52 found: [0, 8, 16, 17, 9, 1, 2, 3, 4, 5, 6, 7, 15, 23, 22, 14, 13, 12, 11, 10, 18, 26, 25, 24, 32, 40, 48, 49, 50, 51, 59, 60, 61, 53, 45, 44, 43, 42, 34, 35, 36, 28, 27, 19, 20, 21, 29, 37, 38, 46, 54, 62, 63]
[00:00:00:22:272] ! Bidirectional. expansions: 18,789, time: 21,838 [ms], path length: 52 [edges], g_F: 26, g_B: 26, generated: {'F': 34,229, 'B': 34,901}, MM: 0, MMPER: -1.0%
[00:00:00:22:272] 
---------- SM_Grids/8x8_grid_with_random_blocks_12per_7 ----------
[00:00:01:13:540] Valid states checked so far: 200,000, Expansions: 38,525, Global best: 53
[00:00:02:16:364] Valid states checked so far: 400,000, Expansions: 77,899, Global best: 53
[00:00:03:21:523] Valid states checked so far: 600,000, Expansions: 117,646, Global best: 53
[00:00:04:27:219] Valid states checked so far: 800,000, Expansions: 157,862, Global best: 53
[00:00:04:32:493] Path of length 52 found: [0, 8, 16, 24, 32, 40, 48, 56, 57, 58, 59, 60, 61, 53, 52, 44, 45, 37, 36, 28, 27, 26, 34, 35, 43, 42, 41, 33, 25, 17, 9, 10, 18, 19, 20, 12, 13, 5, 6, 7, 15, 14, 22, 23, 31, 30, 38, 39, 47, 46, 54, 62, 63]
[00:00:04:32:494] ! Unidirectional s-t. expansions: 160,583, time: 272,494 [ms], path length: 52 [edges], generated: 814,600
[00:00:01:18:147] Valid states checked so far: 200,000, Expansions: 39,788, Global best: 41
[00:00:02:27:619] Valid states checked so far: 400,000, Expansions: 80,878, Global best: 41
[00:00:03:38:860] Valid states checked so far: 600,000, Expansions: 121,213, Global best: 41
[00:00:04:19:625] Path of length 52 found: [63, 55, 47, 39, 31, 23, 15, 7, 6, 5, 13, 12, 20, 21, 22, 30, 38, 37, 36, 28, 27, 19, 18, 10, 9, 17, 25, 26, 34, 35, 43, 44, 52, 53, 45, 46, 54, 62, 61, 60, 59, 58, 57, 56, 48, 49, 41, 33, 32, 24, 16, 8, 0]
[00:00:04:19:625] ! Unidirectional t-s. expansions: 144,231, time: 259,625 [ms], path length: 52 [edges], generated: 713,762
[00:00:05:45:855] Path of length 52 found: [0, 8, 16, 24, 32, 40, 48, 56, 57, 58, 59, 60, 52, 44, 43, 35, 34, 42, 41, 33, 25, 17, 9, 10, 18, 26, 27, 28, 36, 37, 45, 53, 61, 62, 54, 46, 38, 30, 22, 21, 20, 12, 13, 5, 6, 7, 15, 23, 31, 39, 47, 55, 63]
[00:00:05:46:278] ! Bidirectional. expansions: 289,246, time: 345,855 [ms], path length: 52 [edges], g_F: 26, g_B: 26, generated: {'F': 518,704, 'B': 533,285}, MM: 0, MMPER: -1.0%
[00:00:05:46:278] 
---------- SM_Grids/8x8_grid_with_random_blocks_12per_8 ----------
[00:00:00:08:002] Path of length 54 found: [0, 8, 16, 24, 32, 33, 41, 49, 48, 56, 57, 58, 59, 60, 52, 53, 45, 37, 29, 21, 13, 12, 20, 19, 27, 28, 36, 44, 43, 35, 34, 26, 25, 17, 18, 10, 9, 1, 2, 3, 4, 5, 6, 7, 15, 14, 22, 23, 31, 30, 38, 46, 47, 55, 63]
[00:00:00:08:002] ! Unidirectional s-t. expansions: 4,376, time: 8,002 [ms], path length: 54 [edges], generated: 22,505
[00:00:00:05:727] Path of length 54 found: [63, 55, 47, 39, 31, 23, 15, 7, 6, 5, 4, 3, 2, 1, 9, 10, 18, 17, 25, 26, 34, 35, 43, 44, 36, 28, 27, 19, 20, 12, 13, 14, 22, 21, 29, 30, 38, 37, 45, 53, 52, 60, 59, 58, 57, 56, 48, 49, 41, 33, 32, 24, 16, 8, 0]
[00:00:00:05:727] ! Unidirectional t-s. expansions: 2,846, time: 5,727 [ms], path length: 54 [edges], generated: 14,874
[00:00:00:04:666] Path of length 54 found: [0, 8, 16, 17, 25, 24, 32, 33, 41, 49, 48, 56, 57, 58, 59, 60, 52, 53, 45, 46, 38, 37, 29, 30, 22, 14, 13, 12, 20, 19, 27, 28, 36, 44, 43, 35, 34, 26, 18, 10, 9, 1, 2, 3, 4, 5, 6, 7, 15, 23, 31, 39, 47, 55, 63]
[00:00:00:05:080] ! Bidirectional. expansions: 3,951, time: 4,666 [ms], path length: 54 [edges], g_F: 27, g_B: 27, generated: {'F': 6,961, 'B': 7,363}, MM: 0, MMPER: -1.0%
[00:00:00:05:080] 
---------- SM_Grids/8x8_grid_with_random_blocks_12per_9 ----------
[00:00:01:15:933] Valid states checked so far: 200,000, Expansions: 47,484, Global best: 43
[00:00:01:36:446] Path of length 52 found: [0, 1, 2, 10, 9, 8, 16, 24, 32, 40, 48, 56, 57, 49, 41, 33, 25, 26, 18, 19, 11, 12, 4, 5, 6, 7, 15, 23, 31, 30, 29, 21, 20, 28, 27, 35, 43, 51, 50, 58, 59, 60, 52, 53, 45, 37, 38, 46, 47, 55, 54, 62, 63]
[00:00:01:36:447] ! Unidirectional s-t. expansions: 60,122, time: 96,446 [ms], path length: 52 [edges], generated: 253,659
[00:00:01:23:689] Valid states checked so far: 200,000, Expansions: 47,462, Global best: 0
[00:00:02:40:036] Valid states checked so far: 400,000, Expansions: 95,310, Global best: 0
[00:00:02:42:069] Path of length 52 found: [63, 55, 47, 46, 38, 30, 31, 23, 15, 7, 6, 5, 4, 12, 13, 21, 20, 19, 11, 10, 18, 26, 25, 33, 34, 35, 27, 28, 36, 37, 45, 53, 54, 62, 61, 60, 52, 51, 59, 58, 50, 49, 57, 56, 48, 40, 32, 24, 16, 8, 9, 1, 0]
[00:00:02:42:069] ! Unidirectional t-s. expansions: 96,319, time: 162,069 [ms], path length: 52 [edges], generated: 403,990
[00:00:02:17:804] Path of length 52 found: [0, 8, 9, 1, 2, 10, 18, 26, 27, 19, 20, 28, 36, 35, 34, 33, 25, 24, 32, 40, 41, 49, 48, 56, 57, 58, 50, 51, 52, 60, 61, 62, 54, 53, 45, 37, 29, 21, 13, 12, 4, 5, 6, 7, 15, 23, 31, 30, 38, 46, 47, 55, 63]
[00:00:02:18:228] ! Bidirectional. expansions: 131,523, time: 137,804 [ms], path length: 52 [edges], g_F: 26, g_B: 26, generated: {'F': 241,534, 'B': 233,655}, MM: 0, MMPER: -1.0%
[00:00:02:18:228] average expansions: (27,337, 27,845, 48,388, 0)
[00:00:02:18:229] average time: (46,614, 48,610, 56,189, 0)
[00:00:02:18:229] XIDA: 27,337 , 46,614 (expansions , time[ms])
[00:00:02:18:229] BiXIDA: 48,388 , 56,189 (expansions , time[ms])

