--------------------------
date: SM_Grids
number_of_graphs: 10
graph_type: grid
size_of_graphs: [7, 8]
heuristic: bcc_heuristic
snake: False
run_uni: True
run_bi: True
run_multi: False
solution_vertices: []
algorithms: ['IDA']
lookahead: 2
bsd: False
cube_first_dims: 4
cube_buffer_dim: None
backward_sym_generation: False
sym_coil: False
prefix_set: None

---------- SM_Grids/7x8_grid_with_random_blocks_16per_0 ----------
[00:00:00:00:910] Path of length 43 found: [0, 1, 2, 3, 4, 5, 13, 12, 20, 19, 18, 17, 25, 24, 32, 33, 41, 40, 48, 49, 50, 42, 43, 51, 52, 44, 36, 35, 27, 28, 29, 30, 22, 14, 15, 23, 31, 39, 47, 46, 45, 53, 54, 55]
[00:00:00:00:910] ! Unidirectional s-t. expansions: 523, time: 910 [ms], path length: 43 [edges], generated: 2,790
[00:00:00:07:610] Path of length 43 found: [55, 47, 39, 31, 23, 15, 14, 22, 30, 29, 28, 27, 35, 43, 44, 36, 37, 45, 46, 54, 53, 52, 51, 50, 42, 41, 49, 48, 40, 32, 24, 25, 26, 18, 19, 20, 12, 13, 5, 4, 3, 2, 1, 0]
[00:00:00:07:610] ! Unidirectional t-s. expansions: 4,925, time: 7,610 [ms], path length: 43 [edges], generated: 20,891
[00:00:00:01:387] Path of length 43 found: [0, 1, 2, 3, 4, 5, 13, 12, 20, 19, 18, 17, 25, 24, 32, 33, 41, 40, 48, 49, 50, 42, 43, 44, 52, 53, 54, 46, 45, 37, 36, 35, 27, 28, 29, 30, 22, 14, 15, 23, 31, 39, 47, 55]
[00:00:00:01:783] ! Bidirectional. expansions: 1,332, time: 1,387 [ms], path length: 43 [edges], g_F: 22, g_B: 21, generated: {'F': 2,413, 'B': 2,403}, MM: 1, MMPER: 1.272727272727273%
[00:00:00:01:783] 
---------- SM_Grids/7x8_grid_with_random_blocks_16per_1 ----------
[00:00:00:00:046] Path of length 39 found: [0, 1, 9, 8, 16, 17, 25, 26, 18, 10, 11, 19, 27, 35, 34, 42, 43, 51, 52, 44, 36, 28, 20, 12, 13, 14, 22, 21, 29, 37, 45, 53, 54, 46, 38, 30, 31, 39, 47, 55]
[00:00:00:00:046] ! Unidirectional s-t. expansions: 19, time: 46 [ms], path length: 39 [edges], generated: 106
[00:00:00:00:047] Path of length 39 found: [55, 47, 39, 31, 30, 22, 14, 13, 12, 11, 10, 18, 19, 27, 35, 36, 28, 20, 21, 29, 37, 38, 46, 54, 53, 45, 44, 52, 51, 43, 42, 34, 26, 25, 17, 16, 8, 9, 1, 0]
[00:00:00:00:047] ! Unidirectional t-s. expansions: 19, time: 47 [ms], path length: 39 [edges], generated: 108
[00:00:00:00:028] Path of length 39 found: [0, 1, 9, 8, 16, 17, 25, 26, 18, 10, 11, 19, 27, 35, 34, 42, 43, 51, 52, 53, 54, 46, 38, 37, 45, 44, 36, 28, 29, 21, 20, 12, 13, 14, 22, 30, 31, 39, 47, 55]
[00:00:00:00:417] ! Bidirectional. expansions: 19, time: 28 [ms], path length: 39 [edges], g_F: 20, g_B: 19, generated: {'F': 35, 'B': 39}, MM: 1, MMPER: 1.5%
[00:00:00:00:418] 
---------- SM_Grids/7x8_grid_with_random_blocks_16per_2 ----------
[00:00:00:00:770] Path of length 43 found: [0, 8, 16, 24, 32, 40, 48, 49, 50, 51, 52, 44, 43, 35, 27, 26, 34, 33, 25, 17, 9, 1, 2, 3, 11, 12, 4, 5, 13, 14, 6, 7, 15, 23, 22, 21, 20, 28, 29, 37, 38, 39, 47, 55]
[00:00:00:00:770] ! Unidirectional s-t. expansions: 463, time: 770 [ms], path length: 43 [edges], generated: 1,932
[00:00:00:00:441] Path of length 43 found: [55, 47, 39, 38, 37, 29, 21, 13, 14, 22, 23, 15, 7, 6, 5, 4, 3, 11, 12, 20, 28, 27, 26, 18, 17, 25, 33, 34, 35, 43, 44, 52, 51, 50, 49, 41, 40, 32, 24, 16, 8, 9, 1, 0]
[00:00:00:00:442] ! Unidirectional t-s. expansions: 227, time: 441 [ms], path length: 43 [edges], generated: 1,056
[00:00:00:00:661] Path of length 43 found: [0, 8, 16, 24, 32, 40, 48, 49, 50, 51, 52, 44, 43, 35, 27, 26, 34, 33, 25, 17, 9, 1, 2, 3, 11, 12, 4, 5, 6, 7, 15, 23, 22, 14, 13, 21, 20, 28, 29, 37, 38, 39, 47, 55]
[00:00:00:01:065] ! Bidirectional. expansions: 583, time: 661 [ms], path length: 43 [edges], g_F: 22, g_B: 21, generated: {'F': 951, 'B': 1,061}, MM: 1, MMPER: 1.272727272727273%
[00:00:00:01:065] 
---------- SM_Grids/7x8_grid_with_random_blocks_16per_3 ----------
[00:00:00:03:771] Path of length 43 found: [0, 1, 9, 17, 16, 24, 32, 40, 48, 49, 41, 33, 34, 42, 50, 51, 43, 44, 52, 53, 45, 46, 38, 30, 22, 21, 29, 28, 27, 19, 18, 10, 2, 3, 11, 12, 13, 14, 15, 23, 31, 39, 47, 55]
[00:00:00:03:771] ! Unidirectional s-t. expansions: 2,087, time: 3,771 [ms], path length: 43 [edges], generated: 9,428
[00:00:00:05:609] Path of length 43 found: [55, 47, 39, 31, 23, 15, 14, 13, 12, 4, 3, 11, 19, 27, 28, 20, 21, 29, 30, 38, 46, 45, 53, 52, 44, 43, 51, 50, 42, 34, 33, 41, 49, 48, 40, 32, 24, 16, 17, 18, 10, 2, 1, 0]
[00:00:00:05:609] ! Unidirectional t-s. expansions: 3,267, time: 5,609 [ms], path length: 43 [edges], generated: 16,785
[00:00:00:09:078] Path of length 43 found: [0, 1, 9, 17, 16, 24, 32, 40, 48, 49, 41, 33, 34, 42, 50, 51, 52, 53, 45, 44, 36, 28, 27, 19, 18, 10, 2, 3, 4, 12, 13, 21, 29, 30, 22, 14, 15, 23, 31, 39, 38, 46, 47, 55]
[00:00:00:09:496] ! Bidirectional. expansions: 7,960, time: 9,078 [ms], path length: 43 [edges], g_F: 22, g_B: 21, generated: {'F': 14,350, 'B': 15,335}, MM: 1, MMPER: 1.272727272727273%
[00:00:00:09:496] 
---------- SM_Grids/7x8_grid_with_random_blocks_16per_4 ----------
[00:00:00:00:045] Path of length 47 found: [0, 8, 16, 24, 32, 40, 48, 49, 41, 33, 25, 17, 9, 1, 2, 3, 11, 19, 18, 26, 34, 42, 50, 51, 43, 35, 36, 28, 20, 12, 13, 5, 6, 14, 22, 30, 31, 39, 38, 37, 45, 44, 52, 53, 54, 46, 47, 55]
[00:00:00:00:046] ! Unidirectional s-t. expansions: 23, time: 45 [ms], path length: 47 [edges], generated: 105
[00:00:00:00:045] Path of length 47 found: [55, 47, 39, 31, 30, 22, 14, 6, 5, 13, 12, 11, 3, 2, 1, 9, 17, 25, 33, 41, 42, 34, 26, 18, 19, 20, 28, 36, 35, 43, 44, 45, 37, 38, 46, 54, 53, 52, 51, 50, 49, 48, 40, 32, 24, 16, 8, 0]
[00:00:00:00:045] ! Unidirectional t-s. expansions: 23, time: 45 [ms], path length: 47 [edges], generated: 99
[00:00:00:00:030] Path of length 47 found: [0, 8, 16, 24, 32, 40, 48, 49, 41, 33, 25, 17, 9, 1, 2, 3, 11, 19, 18, 26, 34, 42, 50, 51, 52, 53, 54, 46, 38, 37, 45, 44, 43, 35, 36, 28, 20, 12, 13, 5, 6, 14, 22, 30, 31, 39, 47, 55]
[00:00:00:00:413] ! Bidirectional. expansions: 24, time: 30 [ms], path length: 47 [edges], g_F: 24, g_B: 23, generated: {'F': 40, 'B': 40}, MM: 1, MMPER: 1.0833333333333335%
[00:00:00:00:414] 
---------- SM_Grids/7x8_grid_with_random_blocks_16per_5 ----------
[00:00:00:04:114] Path of length 45 found: [0, 8, 16, 17, 9, 1, 2, 10, 18, 26, 34, 33, 32, 40, 41, 49, 50, 42, 43, 35, 27, 19, 11, 3, 4, 12, 20, 28, 29, 21, 13, 5, 6, 14, 15, 23, 31, 30, 38, 37, 45, 44, 52, 53, 54, 55]
[00:00:00:04:114] ! Unidirectional s-t. expansions: 2,138, time: 4,114 [ms], path length: 45 [edges], generated: 10,428
[00:00:00:00:592] Path of length 45 found: [55, 54, 53, 52, 44, 45, 37, 29, 30, 38, 39, 31, 23, 15, 7, 6, 14, 13, 5, 4, 3, 2, 1, 9, 10, 11, 12, 20, 28, 27, 35, 43, 42, 50, 49, 41, 40, 32, 33, 34, 26, 18, 17, 16, 8, 0]
[00:00:00:00:592] ! Unidirectional t-s. expansions: 330, time: 592 [ms], path length: 45 [edges], generated: 1,496
[00:00:00:01:278] Path of length 45 found: [0, 8, 16, 17, 9, 1, 2, 10, 18, 26, 34, 33, 32, 40, 41, 49, 50, 42, 43, 35, 27, 28, 20, 19, 11, 3, 4, 5, 13, 14, 6, 7, 15, 23, 31, 39, 38, 30, 29, 37, 45, 44, 52, 53, 54, 55]
[00:00:00:01:660] ! Bidirectional. expansions: 1,265, time: 1,278 [ms], path length: 45 [edges], g_F: 23, g_B: 22, generated: {'F': 2,238, 'B': 2,102}, MM: 1, MMPER: 1.1739130434782608%
[00:00:00:01:660] 
---------- SM_Grids/7x8_grid_with_random_blocks_16per_6 ----------
[00:00:00:00:040] Path of length 45 found: [0, 1, 9, 17, 16, 24, 32, 33, 25, 26, 34, 35, 27, 19, 18, 10, 2, 3, 11, 12, 4, 5, 13, 14, 6, 7, 15, 23, 31, 30, 29, 21, 20, 28, 36, 44, 43, 51, 52, 53, 45, 37, 38, 46, 54, 55]
[00:00:00:00:040] ! Unidirectional s-t. expansions: 22, time: 40 [ms], path length: 45 [edges], generated: 91
[00:00:00:00:060] Path of length 45 found: [55, 54, 46, 38, 30, 31, 23, 15, 7, 6, 14, 13, 5, 4, 3, 2, 10, 18, 19, 11, 12, 20, 21, 29, 37, 45, 53, 52, 51, 43, 44, 36, 28, 27, 35, 34, 26, 25, 33, 32, 24, 16, 17, 9, 1, 0]
[00:00:00:00:060] ! Unidirectional t-s. expansions: 32, time: 60 [ms], path length: 45 [edges], generated: 142
[00:00:00:00:030] Path of length 45 found: [0, 1, 9, 17, 16, 24, 32, 33, 25, 26, 34, 35, 27, 28, 36, 44, 43, 51, 52, 53, 45, 37, 29, 21, 20, 12, 11, 19, 18, 10, 2, 3, 4, 5, 13, 14, 6, 7, 15, 23, 31, 30, 38, 46, 54, 55]
[00:00:00:00:445] ! Bidirectional. expansions: 22, time: 30 [ms], path length: 45 [edges], g_F: 23, g_B: 22, generated: {'F': 43, 'B': 40}, MM: 1, MMPER: 1.1739130434782608%
[00:00:00:00:446] 
---------- SM_Grids/7x8_grid_with_random_blocks_16per_7 ----------
[00:00:00:00:041] Path of length 47 found: [0, 1, 9, 8, 16, 17, 25, 24, 32, 40, 48, 49, 41, 33, 34, 42, 50, 51, 43, 44, 52, 53, 45, 37, 36, 28, 27, 19, 11, 3, 4, 12, 20, 21, 13, 14, 6, 7, 15, 23, 22, 30, 38, 39, 47, 46, 54, 55]
[00:00:00:00:041] ! Unidirectional s-t. expansions: 23, time: 41 [ms], path length: 47 [edges], generated: 92
[00:00:00:00:037] Path of length 47 found: [55, 47, 39, 38, 30, 22, 23, 15, 7, 6, 14, 13, 21, 20, 12, 4, 3, 11, 19, 27, 28, 36, 37, 45, 46, 54, 53, 52, 44, 43, 51, 50, 42, 34, 33, 41, 49, 48, 40, 32, 24, 25, 17, 16, 8, 9, 1, 0]
[00:00:00:00:037] ! Unidirectional t-s. expansions: 23, time: 37 [ms], path length: 47 [edges], generated: 85
[00:00:00:00:025] Path of length 47 found: [0, 1, 9, 8, 16, 17, 25, 24, 32, 40, 48, 49, 41, 33, 34, 42, 50, 51, 43, 44, 52, 53, 54, 46, 45, 37, 36, 28, 27, 19, 11, 3, 4, 12, 20, 21, 13, 14, 6, 7, 15, 23, 22, 30, 38, 39, 47, 55]
[00:00:00:00:441] ! Bidirectional. expansions: 23, time: 25 [ms], path length: 47 [edges], g_F: 24, g_B: 23, generated: {'F': 37, 'B': 35}, MM: 1, MMPER: 1.0833333333333335%
[00:00:00:00:441] 
---------- SM_Grids/7x8_grid_with_random_blocks_16per_8 ----------
[00:00:00:03:277] Path of length 43 found: [0, 8, 16, 17, 9, 10, 2, 3, 4, 12, 20, 19, 18, 26, 25, 33, 32, 40, 41, 42, 50, 51, 43, 35, 36, 28, 29, 21, 13, 5, 6, 7, 15, 23, 31, 30, 38, 37, 45, 53, 54, 46, 47, 55]
[00:00:00:03:278] ! Unidirectional s-t. expansions: 1,899, time: 3,277 [ms], path length: 43 [edges], generated: 9,644
[00:00:00:06:241] Path of length 43 found: [55, 47, 39, 31, 23, 15, 7, 6, 5, 4, 3, 2, 10, 18, 19, 20, 12, 13, 21, 29, 28, 36, 37, 38, 46, 54, 53, 45, 44, 43, 51, 50, 42, 41, 40, 32, 33, 34, 26, 25, 17, 9, 8, 0]
[00:00:00:06:241] ! Unidirectional t-s. expansions: 4,166, time: 6,241 [ms], path length: 43 [edges], generated: 17,204
[00:00:00:04:941] Path of length 43 found: [0, 8, 16, 17, 25, 33, 32, 40, 41, 42, 50, 51, 43, 44, 45, 53, 54, 46, 38, 30, 29, 28, 36, 35, 34, 26, 18, 10, 2, 3, 4, 12, 20, 21, 13, 5, 6, 7, 15, 23, 31, 39, 47, 55]
[00:00:00:05:337] ! Bidirectional. expansions: 5,071, time: 4,941 [ms], path length: 43 [edges], g_F: 22, g_B: 21, generated: {'F': 8,770, 'B': 8,978}, MM: 1, MMPER: 1.272727272727273%
[00:00:00:05:337] 
---------- SM_Grids/7x8_grid_with_random_blocks_16per_9 ----------
[00:00:00:00:354] Path of length 45 found: [0, 8, 16, 24, 25, 17, 9, 1, 2, 10, 18, 19, 20, 28, 27, 26, 34, 35, 43, 42, 41, 49, 50, 51, 52, 44, 45, 37, 38, 30, 22, 14, 13, 12, 4, 5, 6, 7, 15, 23, 31, 39, 47, 46, 54, 55]
[00:00:00:00:354] ! Unidirectional s-t. expansions: 138, time: 354 [ms], path length: 45 [edges], generated: 704
[00:00:00:00:272] Path of length 45 found: [55, 54, 46, 47, 39, 31, 23, 15, 7, 6, 5, 4, 3, 2, 10, 18, 19, 27, 28, 20, 12, 13, 14, 22, 30, 38, 37, 45, 44, 52, 51, 50, 49, 41, 42, 43, 35, 34, 26, 25, 24, 16, 17, 9, 1, 0]
[00:00:00:00:273] ! Unidirectional t-s. expansions: 186, time: 272 [ms], path length: 45 [edges], generated: 766
[00:00:00:00:267] Path of length 45 found: [0, 8, 16, 24, 25, 17, 18, 10, 9, 1, 2, 3, 4, 5, 6, 7, 15, 23, 22, 14, 13, 12, 20, 19, 27, 26, 34, 35, 43, 42, 41, 49, 50, 51, 52, 44, 45, 37, 38, 30, 31, 39, 47, 46, 54, 55]
[00:00:00:00:659] ! Bidirectional. expansions: 260, time: 267 [ms], path length: 45 [edges], g_F: 23, g_B: 22, generated: {'F': 441, 'B': 412}, MM: 1, MMPER: 1.1739130434782608%
[00:00:00:00:659] average expansions: (734, 1,320, 1,656, 0)
[00:00:00:00:659] average time: (1,337, 2,095, 1,772, 0)
[00:00:00:00:660] XIDA: 734 , 1,337 (expansions , time[ms])
[00:00:00:00:660] BiXIDA: 1,656 , 1,772 (expansions , time[ms])

