--------------------------
date: SM_Grids
number_of_graphs: 10
graph_type: grid
size_of_graphs: [9, 9]
heuristic: bcc_heuristic
snake: True
run_uni: True
run_bi: True
run_multi: False
solution_vertices: []
algorithms: ['A']
lookahead: -1
bsd: False
cube_first_dims: 4
cube_buffer_dim: None
backward_sym_generation: False
sym_coil: False
prefix_set: None

---------- SM_Grids/9x9_grid_with_random_blocks_16per_0 ----------
[00:00:00:11:606] Path of length 40 found: [0, 1, 10, 19, 28, 37, 46, 45, 54, 63, 72, 73, 74, 65, 56, 57, 58, 59, 60, 51, 42, 41, 40, 39, 30, 21, 12, 3, 4, 5, 14, 23, 24, 25, 26, 35, 44, 53, 62, 71, 80]
[00:00:00:11:607] ! Unidirectional s-t. expansions: 3,048, time: 11,606 [ms], path length: 40 [edges], generated: 4,856
[00:00:00:37:451] Expansion 10,000: state None, f=41, g=31
[00:00:00:45:117] Path of length 40 found: [80, 71, 62, 61, 60, 59, 58, 67, 66, 75, 74, 73, 72, 63, 54, 55, 56, 47, 48, 39, 40, 41, 42, 43, 44, 35, 26, 25, 24, 23, 14, 5, 4, 3, 12, 21, 20, 19, 10, 1, 0]
[00:00:00:45:119] ! Unidirectional t-s. expansions: 12,106, time: 45,117 [ms], path length: 40 [edges], generated: 20,337
[00:00:00:22:649] Path of length 40 found: [0, 1, 2, 3, 4, 13, 14, 23, 24, 25, 26, 35, 44, 43, 42, 41, 40, 39, 30, 21, 20, 19, 28, 37, 46, 45, 54, 63, 72, 73, 74, 75, 66, 67, 68, 59, 60, 61, 70, 79, 80]
[00:00:00:23:254] ! Bidirectional. expansions: 6,549, time: 22,650 [ms], path length: 40 [edges], g_F: 21, g_B: 19, generated: {'F': 6,033, 'B': 5,321}, MM: 2, MMPER: 3.8780487804878048%
[00:00:00:23:254] 
---------- SM_Grids/9x9_grid_with_random_blocks_16per_1 ----------
[00:00:00:41:785] Expansion 10,000: state None, f=35, g=28
[00:00:00:49:228] Path of length 34 found: [0, 1, 2, 11, 20, 19, 18, 27, 36, 45, 54, 55, 56, 47, 38, 39, 30, 31, 22, 13, 4, 5, 6, 15, 24, 33, 42, 41, 50, 59, 68, 69, 70, 71, 80]
[00:00:00:49:230] ! Unidirectional s-t. expansions: 11,679, time: 49,228 [ms], path length: 34 [edges], generated: 20,975
[00:00:00:08:313] Path of length 34 found: [80, 71, 62, 53, 44, 43, 42, 51, 50, 49, 48, 47, 56, 55, 54, 45, 36, 27, 18, 19, 20, 29, 30, 31, 32, 23, 24, 15, 6, 5, 4, 3, 2, 1, 0]
[00:00:00:08:314] ! Unidirectional t-s. expansions: 1,815, time: 8,313 [ms], path length: 34 [edges], generated: 3,315
[00:00:00:26:571] Path of length 34 found: [0, 1, 2, 11, 12, 13, 4, 5, 6, 15, 24, 23, 32, 31, 30, 29, 28, 27, 36, 45, 54, 55, 56, 47, 48, 49, 50, 51, 42, 43, 44, 53, 62, 71, 80]
[00:00:00:27:145] ! Bidirectional. expansions: 4,171, time: 26,571 [ms], path length: 34 [edges], g_F: 18, g_B: 16, generated: {'F': 3,492, 'B': 4,242}, MM: 2, MMPER: 4.714285714285714%
[00:00:00:27:146] 
---------- SM_Grids/9x9_grid_with_random_blocks_16per_2 ----------
[00:00:00:19:681] Path of length 44 found: [0, 9, 18, 19, 20, 11, 12, 13, 22, 31, 32, 33, 24, 15, 6, 7, 8, 17, 26, 35, 44, 43, 52, 51, 60, 59, 58, 49, 48, 39, 38, 37, 36, 45, 54, 63, 72, 73, 74, 75, 76, 77, 78, 79, 80]
[00:00:00:19:682] ! Unidirectional s-t. expansions: 4,786, time: 19,681 [ms], path length: 44 [edges], generated: 7,937
[00:00:00:16:400] Path of length 44 found: [80, 79, 78, 77, 76, 75, 74, 73, 72, 63, 54, 45, 36, 37, 38, 39, 48, 57, 58, 59, 60, 61, 52, 43, 44, 35, 26, 17, 8, 7, 6, 15, 24, 33, 32, 31, 22, 13, 12, 11, 20, 19, 18, 9, 0]
[00:00:00:16:401] ! Unidirectional t-s. expansions: 3,348, time: 16,400 [ms], path length: 44 [edges], generated: 5,356
[00:00:00:25:809] Path of length 44 found: [0, 9, 18, 19, 20, 11, 12, 13, 22, 31, 32, 33, 24, 15, 6, 7, 8, 17, 26, 35, 44, 43, 52, 51, 60, 59, 58, 57, 48, 39, 38, 37, 36, 45, 54, 63, 72, 73, 74, 75, 76, 77, 78, 79, 80]
[00:00:00:26:383] ! Bidirectional. expansions: 6,323, time: 25,809 [ms], path length: 44 [edges], g_F: 23, g_B: 21, generated: {'F': 5,137, 'B': 5,128}, MM: 2, MMPER: 3.4444444444444446%
[00:00:00:26:383] 
---------- SM_Grids/9x9_grid_with_random_blocks_16per_3 ----------
[00:00:00:07:435] Path of length 42 found: [0, 9, 10, 11, 20, 21, 30, 39, 38, 37, 46, 55, 56, 65, 74, 75, 76, 67, 58, 49, 50, 41, 42, 33, 24, 23, 14, 5, 6, 7, 16, 17, 26, 35, 44, 53, 52, 61, 60, 69, 78, 79, 80]
[00:00:00:07:436] ! Unidirectional s-t. expansions: 1,693, time: 7,435 [ms], path length: 42 [edges], generated: 3,108
[00:00:00:10:101] Path of length 42 found: [80, 79, 78, 69, 60, 61, 62, 53, 44, 35, 26, 17, 16, 7, 6, 5, 14, 23, 24, 33, 42, 41, 50, 49, 58, 67, 76, 75, 74, 65, 56, 55, 46, 37, 38, 39, 30, 21, 20, 11, 10, 1, 0]
[00:00:00:10:101] ! Unidirectional t-s. expansions: 2,017, time: 10,101 [ms], path length: 42 [edges], generated: 3,417
[00:00:00:12:709] Path of length 42 found: [0, 9, 10, 11, 20, 21, 30, 39, 38, 37, 46, 55, 56, 65, 74, 75, 76, 67, 58, 49, 50, 41, 42, 33, 24, 23, 14, 5, 6, 7, 16, 17, 26, 35, 44, 53, 62, 61, 60, 69, 78, 79, 80]
[00:00:00:13:257] ! Bidirectional. expansions: 2,767, time: 12,710 [ms], path length: 42 [edges], g_F: 22, g_B: 20, generated: {'F': 2,361, 'B': 2,377}, MM: 2, MMPER: 3.6511627906976747%
[00:00:00:13:258] 
---------- SM_Grids/9x9_grid_with_random_blocks_16per_4 ----------
[00:00:00:30:560] Path of length 44 found: [0, 9, 18, 19, 20, 11, 2, 3, 4, 13, 14, 15, 6, 7, 8, 17, 26, 35, 44, 43, 42, 41, 40, 49, 48, 47, 38, 37, 36, 45, 54, 55, 64, 65, 74, 75, 76, 67, 68, 59, 60, 61, 70, 71, 80]
[00:00:00:30:562] ! Unidirectional s-t. expansions: 7,414, time: 30,560 [ms], path length: 44 [edges], generated: 12,147
[00:00:00:29:887] Path of length 44 found: [80, 71, 62, 53, 44, 35, 26, 17, 8, 7, 6, 15, 24, 33, 42, 41, 40, 49, 58, 59, 60, 69, 78, 77, 76, 75, 66, 65, 64, 55, 54, 45, 36, 37, 38, 29, 20, 21, 22, 13, 4, 3, 2, 1, 0]
[00:00:00:29:889] ! Unidirectional t-s. expansions: 6,821, time: 29,887 [ms], path length: 44 [edges], generated: 11,272
[00:00:00:18:298] Path of length 44 found: [0, 1, 2, 3, 4, 13, 22, 21, 20, 19, 18, 27, 36, 45, 54, 55, 64, 65, 74, 75, 76, 77, 78, 69, 60, 59, 58, 49, 40, 41, 42, 33, 24, 15, 6, 7, 8, 17, 26, 35, 44, 53, 62, 71, 80]
[00:00:00:18:860] ! Bidirectional. expansions: 4,011, time: 18,301 [ms], path length: 44 [edges], g_F: 23, g_B: 21, generated: {'F': 3,347, 'B': 3,292}, MM: 2, MMPER: 3.4444444444444446%
[00:00:00:18:860] 
---------- SM_Grids/9x9_grid_with_random_blocks_16per_5 ----------
[00:00:00:42:020] Expansion 10,000: state None, f=41, g=34
[00:00:01:00:554] Path of length 40 found: [0, 1, 2, 3, 4, 13, 22, 23, 24, 25, 26, 35, 44, 43, 52, 51, 50, 41, 40, 39, 30, 29, 20, 19, 18, 27, 36, 45, 54, 63, 72, 73, 74, 65, 66, 67, 68, 69, 70, 71, 80]
[00:00:01:00:555] ! Unidirectional s-t. expansions: 14,866, time: 60,554 [ms], path length: 40 [edges], generated: 26,047
[00:00:00:14:611] Path of length 40 found: [80, 71, 70, 69, 68, 67, 66, 65, 74, 73, 72, 63, 54, 45, 36, 27, 18, 19, 20, 29, 38, 47, 48, 49, 50, 51, 52, 53, 44, 35, 26, 25, 24, 23, 22, 13, 4, 3, 2, 1, 0]
[00:00:00:14:612] ! Unidirectional t-s. expansions: 2,921, time: 14,611 [ms], path length: 40 [edges], generated: 4,805
[00:00:00:11:689] Path of length 40 found: [0, 1, 2, 3, 4, 13, 22, 23, 24, 25, 34, 35, 44, 53, 52, 51, 50, 41, 40, 39, 30, 29, 20, 19, 18, 27, 36, 45, 54, 63, 72, 73, 74, 75, 66, 67, 68, 69, 70, 71, 80]
[00:00:00:13:119] ! Bidirectional. expansions: 3,262, time: 11,689 [ms], path length: 40 [edges], g_F: 21, g_B: 19, generated: {'F': 2,776, 'B': 3,086}, MM: 2, MMPER: 3.8780487804878048%
[00:00:00:13:119] 
---------- SM_Grids/9x9_grid_with_random_blocks_16per_6 ----------
[00:00:00:06:538] Path of length 46 found: [0, 1, 2, 3, 4, 13, 14, 15, 6, 7, 8, 17, 26, 35, 44, 53, 52, 51, 42, 33, 32, 31, 30, 21, 20, 19, 18, 27, 36, 45, 54, 63, 64, 65, 56, 47, 48, 49, 58, 67, 76, 77, 78, 69, 70, 71, 80]
[00:00:00:06:540] ! Unidirectional s-t. expansions: 1,602, time: 6,538 [ms], path length: 46 [edges], generated: 2,447
[00:00:00:06:863] Path of length 46 found: [80, 71, 70, 69, 78, 77, 76, 67, 58, 49, 48, 47, 56, 65, 64, 63, 54, 45, 36, 27, 18, 19, 20, 21, 30, 31, 32, 41, 42, 51, 52, 53, 44, 35, 26, 17, 8, 7, 6, 15, 14, 13, 4, 3, 2, 1, 0]
[00:00:00:06:864] ! Unidirectional t-s. expansions: 1,555, time: 6,863 [ms], path length: 46 [edges], generated: 2,519
[00:00:00:08:744] Path of length 46 found: [0, 1, 2, 3, 4, 13, 14, 15, 6, 7, 8, 17, 26, 35, 44, 53, 52, 51, 42, 33, 32, 31, 30, 21, 20, 19, 18, 27, 36, 45, 54, 63, 64, 65, 56, 47, 48, 49, 58, 67, 76, 77, 78, 69, 70, 71, 80]
[00:00:00:09:277] ! Bidirectional. expansions: 1,769, time: 8,746 [ms], path length: 46 [edges], g_F: 24, g_B: 22, generated: {'F': 1,507, 'B': 1,382}, MM: 2, MMPER: 3.25531914893617%
[00:00:00:09:277] 
---------- SM_Grids/9x9_grid_with_random_blocks_16per_7 ----------
[00:00:00:16:140] Path of length 42 found: [0, 9, 10, 19, 28, 27, 36, 45, 54, 63, 72, 73, 74, 65, 56, 47, 38, 39, 40, 41, 32, 23, 22, 21, 12, 3, 4, 5, 6, 15, 16, 25, 34, 43, 52, 51, 60, 59, 68, 77, 78, 79, 80]
[00:00:00:16:141] ! Unidirectional s-t. expansions: 3,432, time: 16,140 [ms], path length: 42 [edges], generated: 6,451
[00:00:00:22:765] Path of length 42 found: [80, 79, 78, 77, 68, 59, 60, 51, 52, 43, 34, 25, 16, 15, 6, 5, 4, 3, 12, 21, 22, 23, 32, 41, 40, 49, 48, 57, 56, 65, 74, 73, 72, 63, 54, 45, 36, 37, 28, 19, 10, 9, 0]
[00:00:00:22:767] ! Unidirectional t-s. expansions: 4,937, time: 22,765 [ms], path length: 42 [edges], generated: 8,639
[00:00:00:16:130] Path of length 42 found: [0, 9, 10, 11, 2, 3, 4, 5, 6, 15, 16, 25, 34, 43, 52, 51, 50, 41, 32, 23, 22, 21, 30, 29, 28, 27, 36, 45, 54, 63, 72, 73, 74, 65, 56, 57, 58, 67, 68, 77, 78, 79, 80]
[00:00:00:16:674] ! Bidirectional. expansions: 3,124, time: 16,130 [ms], path length: 42 [edges], g_F: 22, g_B: 20, generated: {'F': 2,888, 'B': 2,770}, MM: 2, MMPER: 3.6511627906976747%
[00:00:00:16:675] 
---------- SM_Grids/9x9_grid_with_random_blocks_16per_8 ----------
[00:00:00:24:486] Path of length 44 found: [0, 9, 10, 19, 28, 27, 36, 45, 54, 63, 72, 73, 74, 65, 56, 47, 38, 39, 40, 41, 32, 23, 22, 13, 4, 5, 6, 7, 8, 17, 26, 35, 44, 53, 52, 61, 60, 59, 58, 67, 76, 77, 78, 79, 80]
[00:00:00:24:487] ! Unidirectional s-t. expansions: 5,854, time: 24,486 [ms], path length: 44 [edges], generated: 9,443
[00:00:00:06:695] Path of length 44 found: [80, 79, 78, 77, 76, 67, 58, 59, 60, 61, 52, 53, 44, 35, 34, 25, 16, 7, 6, 5, 4, 13, 22, 23, 32, 41, 40, 39, 48, 47, 56, 65, 74, 73, 72, 63, 54, 45, 36, 27, 18, 19, 10, 1, 0]
[00:00:00:06:696] ! Unidirectional t-s. expansions: 1,179, time: 6,695 [ms], path length: 44 [edges], generated: 1,915
[00:00:00:33:353] Path of length 44 found: [0, 9, 10, 19, 28, 27, 36, 45, 54, 63, 72, 73, 74, 65, 56, 47, 38, 39, 40, 41, 32, 23, 22, 13, 4, 5, 6, 7, 16, 25, 34, 35, 44, 53, 52, 61, 60, 59, 58, 67, 76, 77, 78, 79, 80]
[00:00:00:33:900] ! Bidirectional. expansions: 8,588, time: 33,353 [ms], path length: 44 [edges], g_F: 23, g_B: 21, generated: {'F': 7,353, 'B': 6,672}, MM: 2, MMPER: 3.4444444444444446%
[00:00:00:33:900] 
---------- SM_Grids/9x9_grid_with_random_blocks_16per_9 ----------
[00:00:00:30:131] Path of length 40 found: [0, 9, 18, 27, 28, 29, 20, 11, 12, 13, 4, 5, 6, 7, 8, 17, 26, 25, 24, 23, 32, 31, 40, 39, 48, 47, 46, 45, 54, 63, 64, 65, 66, 67, 76, 77, 78, 69, 70, 71, 80]
[00:00:00:30:133] ! Unidirectional s-t. expansions: 8,974, time: 30,131 [ms], path length: 40 [edges], generated: 13,571
[00:00:00:37:428] Path of length 40 found: [80, 71, 70, 61, 60, 59, 68, 67, 66, 65, 64, 63, 54, 45, 46, 47, 48, 49, 40, 41, 32, 33, 34, 25, 26, 17, 8, 7, 6, 5, 4, 13, 22, 21, 30, 29, 28, 27, 18, 9, 0]
[00:00:00:37:430] ! Unidirectional t-s. expansions: 9,773, time: 37,428 [ms], path length: 40 [edges], generated: 15,525
[00:00:00:24:661] Path of length 40 found: [0, 9, 18, 27, 28, 29, 20, 11, 12, 13, 4, 5, 6, 7, 8, 17, 26, 25, 24, 23, 32, 31, 40, 39, 48, 47, 46, 45, 54, 63, 64, 65, 66, 67, 68, 59, 60, 61, 70, 71, 80]
[00:00:00:25:217] ! Bidirectional. expansions: 4,471, time: 24,661 [ms], path length: 40 [edges], g_F: 21, g_B: 19, generated: {'F': 4,039, 'B': 3,799}, MM: 2, MMPER: 3.8780487804878048%
[00:00:00:25:217] average expansions: (6,335, 4,647, 4,504, 0)
[00:00:00:25:217] average time: (25,636, 19,818, 20,062, 0)
[00:00:00:25:217] XA*: 4,647 , 19,818 (expansions , time[ms])
[00:00:00:25:217] BiXA*: 4,504 , 20,062 (expansions , time[ms])

