--------------------------
date: mazes
number_of_graphs: 10
graph_type: maze
size_of_graphs: [13, 13]
heuristic: bcc_heuristic
snake: False
run_uni: True
run_bi: True
run_multi: False
solution_vertices: []
algorithms: ['IDA']
lookahead: 3
bsd: False
cube_first_dims: 4
cube_buffer_dim: None
backward_sym_generation: False
sym_coil: False
prefix_set: None

---------- mazes/13x13_maze_with_1_open_diamonds_0 ----------
[00:00:03:23:070] Valid states checked so far: 200,000, Expansions: 33,985, Global best: 53
[00:00:06:04:217] Path of length 92 found: [0, 1, 2, 3, 4, 17, 30, 31, 32, 19, 6, 7, 8, 9, 10, 11, 12, 25, 38, 37, 36, 49, 62, 61, 60, 59, 58, 57, 56, 55, 54, 41, 28, 27, 26, 39, 52, 65, 78, 79, 80, 81, 82, 83, 84, 85, 86, 87, 88, 89, 90, 103, 116, 115, 114, 113, 112, 111, 110, 109, 108, 107, 106, 105, 118, 131, 130, 143, 156, 157, 158, 159, 146, 145, 132, 119, 120, 133, 134, 135, 136, 137, 150, 163, 164, 165, 152, 139, 140, 141, 142, 155, 168]
[00:00:06:04:218] ! Unidirectional s-t. expansions: 62,304, time: 364,217 [ms], path length: 92 [edges], generated: 368,365
[00:00:03:24:401] Valid states checked so far: 200,000, Expansions: 33,412, Global best: 61
[00:00:06:42:843] Valid states checked so far: 400,000, Expansions: 69,177, Global best: 61
[00:00:09:55:052] Valid states checked so far: 600,000, Expansions: 105,502, Global best: 61
[00:00:13:01:359] Valid states checked so far: 800,000, Expansions: 142,054, Global best: 61
[00:00:16:04:457] Valid states checked so far: 1,000,000, Expansions: 178,364, Global best: 61
[00:00:19:13:650] Valid states checked so far: 1,200,000, Expansions: 215,381, Global best: 61
[00:00:22:14:680] Valid states checked so far: 1,400,000, Expansions: 251,230, Global best: 61
[00:00:22:25:183] Path of length 92 found: [168, 155, 142, 141, 140, 139, 152, 165, 164, 163, 150, 137, 136, 135, 134, 133, 120, 119, 132, 145, 146, 159, 158, 157, 156, 143, 130, 131, 118, 105, 106, 107, 108, 109, 110, 111, 112, 113, 114, 115, 116, 103, 90, 89, 88, 87, 86, 85, 84, 83, 82, 81, 80, 79, 78, 65, 52, 39, 26, 27, 28, 41, 54, 55, 56, 57, 58, 59, 60, 61, 62, 63, 64, 51, 38, 25, 12, 11, 10, 9, 8, 7, 6, 19, 32, 31, 30, 17, 4, 3, 2, 1, 0]
[00:00:22:25:184] ! Unidirectional t-s. expansions: 253,412, time: 1,345,183 [ms], path length: 92 [edges], generated: 1,411,406
[00:00:03:35:202] Path of length 92 found: [0, 1, 2, 3, 4, 17, 30, 31, 32, 19, 6, 7, 8, 9, 10, 11, 12, 25, 38, 37, 36, 49, 62, 61, 60, 59, 58, 57, 56, 55, 54, 41, 28, 27, 26, 39, 52, 65, 78, 79, 80, 81, 82, 83, 84, 85, 86, 87, 88, 89, 90, 103, 116, 115, 114, 113, 112, 111, 110, 109, 108, 107, 106, 105, 118, 131, 130, 143, 156, 157, 158, 159, 146, 145, 132, 119, 120, 133, 134, 135, 136, 137, 150, 163, 164, 165, 152, 139, 140, 141, 142, 155, 168]
[00:00:03:35:203] ! Bidirectional. expansions: 20,106, time: 215,202 [ms], path length: 92 [edges], g_F: 55, g_B: 37, generated: {'F': 84,507, 'B': 56,178}, MM: 18, MMPER: 18.35483870967742%
[00:00:03:35:203] 
---------- mazes/13x13_maze_with_1_open_diamonds_1 ----------
[00:00:03:47:573] Valid states checked so far: 200,000, Expansions: 34,497, Global best: 41
[00:00:07:23:427] Valid states checked so far: 400,000, Expansions: 72,661, Global best: 59
[00:00:10:11:835] Path of length 90 found: [0, 1, 2, 15, 28, 27, 26, 39, 52, 53, 54, 41, 42, 29, 16, 3, 4, 17, 30, 43, 56, 57, 58, 45, 32, 19, 6, 7, 8, 9, 10, 11, 12, 25, 38, 37, 36, 49, 62, 61, 74, 87, 88, 89, 90, 103, 116, 115, 114, 113, 112, 99, 86, 85, 84, 83, 82, 81, 80, 79, 92, 105, 106, 107, 108, 109, 122, 135, 134, 133, 132, 131, 130, 143, 156, 157, 158, 159, 160, 161, 162, 163, 164, 165, 152, 139, 140, 141, 142, 155, 168]
[00:00:10:11:836] ! Unidirectional s-t. expansions: 104,768, time: 611,836 [ms], path length: 90 [edges], generated: 561,423
[00:00:00:12:229] Path of length 90 found: [168, 155, 142, 141, 140, 139, 152, 165, 164, 163, 162, 161, 160, 159, 158, 157, 156, 143, 130, 131, 132, 133, 134, 135, 122, 109, 108, 107, 106, 105, 92, 79, 80, 81, 82, 83, 84, 85, 86, 99, 112, 113, 114, 115, 116, 103, 90, 89, 88, 87, 74, 61, 62, 63, 64, 51, 38, 25, 12, 11, 10, 9, 8, 7, 6, 19, 32, 45, 58, 57, 56, 43, 30, 17, 4, 3, 16, 29, 42, 41, 54, 53, 52, 39, 26, 27, 28, 15, 2, 1, 0]
[00:00:00:12:229] ! Unidirectional t-s. expansions: 2,107, time: 12,229 [ms], path length: 90 [edges], generated: 14,705
[00:00:10:30:849] Path of length 90 found: [0, 13, 26, 39, 52, 53, 54, 41, 28, 15, 2, 3, 4, 17, 16, 29, 30, 43, 42, 55, 56, 57, 58, 45, 32, 19, 6, 7, 8, 9, 10, 11, 12, 25, 38, 37, 36, 49, 62, 61, 74, 87, 88, 89, 90, 103, 116, 115, 114, 113, 112, 99, 86, 85, 84, 83, 82, 81, 80, 79, 92, 105, 106, 107, 108, 109, 122, 135, 134, 133, 132, 131, 130, 143, 156, 157, 158, 159, 160, 161, 162, 163, 164, 165, 152, 139, 140, 141, 142, 155, 168]
[00:00:10:30:849] ! Bidirectional. expansions: 71,147, time: 630,849 [ms], path length: 90 [edges], g_F: 54, g_B: 36, generated: {'F': 259,976, 'B': 125,691}, MM: 18, MMPER: 18.78021978021978%
[00:00:10:30:849] 
---------- mazes/13x13_maze_with_1_open_diamonds_2 ----------
[00:00:02:58:382] Valid states checked so far: 200,000, Expansions: 30,321, Global best: 89
[00:00:03:38:651] Path of length 92 found: [0, 1, 2, 3, 4, 17, 30, 43, 56, 55, 54, 41, 28, 27, 26, 39, 52, 65, 78, 79, 80, 81, 82, 83, 70, 57, 58, 45, 32, 19, 6, 7, 8, 9, 10, 11, 12, 25, 38, 37, 36, 49, 62, 61, 60, 59, 72, 71, 84, 85, 98, 99, 86, 87, 88, 89, 90, 103, 116, 115, 114, 113, 112, 111, 110, 97, 96, 109, 122, 135, 134, 133, 132, 131, 130, 143, 156, 157, 158, 159, 160, 161, 162, 163, 164, 165, 152, 139, 140, 141, 142, 155, 168]
[00:00:03:38:652] ! Unidirectional s-t. expansions: 37,339, time: 218,651 [ms], path length: 92 [edges], generated: 244,264
[00:00:02:43:329] Valid states checked so far: 200,000, Expansions: 34,000, Global best: 59
[00:00:03:29:032] Path of length 92 found: [168, 155, 142, 141, 140, 139, 152, 165, 164, 163, 162, 161, 160, 159, 158, 157, 156, 143, 130, 131, 132, 133, 134, 135, 122, 109, 108, 107, 106, 105, 92, 79, 78, 65, 52, 39, 26, 27, 28, 41, 54, 55, 56, 57, 70, 83, 96, 97, 110, 111, 98, 99, 112, 113, 114, 115, 116, 103, 90, 89, 88, 87, 86, 85, 84, 71, 72, 59, 60, 61, 62, 63, 64, 51, 38, 25, 12, 11, 10, 9, 8, 7, 6, 19, 32, 31, 30, 17, 4, 3, 2, 1, 0]
[00:00:03:29:032] ! Unidirectional t-s. expansions: 43,980, time: 209,032 [ms], path length: 92 [edges], generated: 256,993
[00:00:01:03:715] Path of length 92 found: [0, 1, 2, 3, 4, 17, 30, 43, 56, 55, 54, 41, 28, 27, 26, 39, 52, 65, 78, 79, 80, 81, 82, 83, 70, 57, 58, 45, 32, 19, 6, 7, 8, 9, 10, 11, 12, 25, 38, 37, 36, 49, 62, 61, 60, 59, 72, 71, 84, 85, 86, 87, 88, 89, 90, 103, 116, 115, 114, 113, 112, 99, 98, 111, 110, 97, 96, 109, 122, 135, 134, 133, 132, 131, 130, 143, 156, 157, 158, 159, 160, 161, 162, 163, 164, 165, 152, 139, 140, 141, 142, 155, 168]
[00:00:01:03:716] ! Bidirectional. expansions: 7,718, time: 63,716 [ms], path length: 92 [edges], g_F: 56, g_B: 36, generated: {'F': 31,242, 'B': 21,291}, MM: 20, MMPER: 20.50537634408602%
[00:00:01:03:716] 
---------- mazes/13x13_maze_with_1_open_diamonds_3 ----------
[00:00:02:23:909] Path of length 90 found: [0, 1, 2, 3, 4, 17, 30, 43, 56, 55, 54, 41, 28, 27, 26, 39, 52, 65, 78, 79, 80, 81, 82, 83, 84, 71, 58, 45, 32, 19, 6, 7, 8, 9, 10, 11, 12, 25, 38, 37, 36, 49, 62, 61, 74, 87, 86, 85, 98, 99, 100, 101, 88, 89, 90, 103, 102, 115, 116, 129, 142, 141, 140, 139, 126, 113, 112, 111, 110, 109, 122, 135, 134, 133, 132, 131, 130, 143, 156, 157, 158, 159, 160, 161, 162, 163, 164, 165, 166, 167, 168]
[00:00:02:23:909] ! Unidirectional s-t. expansions: 24,632, time: 143,909 [ms], path length: 90 [edges], generated: 167,551
[00:00:03:25:363] Valid states checked so far: 200,000, Expansions: 34,967, Global best: 59
[00:00:06:27:969] Valid states checked so far: 400,000, Expansions: 70,555, Global best: 59
[00:00:09:22:280] Valid states checked so far: 600,000, Expansions: 106,213, Global best: 79
[00:00:09:45:039] Path of length 90 found: [168, 167, 166, 165, 164, 163, 162, 161, 160, 159, 158, 157, 156, 143, 130, 131, 132, 133, 134, 135, 122, 109, 108, 107, 106, 105, 92, 79, 78, 65, 52, 39, 26, 27, 28, 41, 54, 55, 56, 57, 58, 71, 84, 85, 98, 111, 112, 113, 126, 139, 140, 141, 142, 129, 116, 103, 90, 89, 102, 115, 114, 101, 100, 99, 86, 87, 74, 61, 62, 63, 64, 51, 38, 25, 12, 11, 10, 9, 8, 7, 6, 19, 32, 31, 30, 17, 4, 3, 2, 1, 0]
[00:00:09:45:039] ! Unidirectional t-s. expansions: 111,191, time: 585,039 [ms], path length: 90 [edges], generated: 627,675
[00:00:06:56:358] Path of length 90 found: [0, 1, 2, 3, 4, 17, 30, 43, 56, 55, 54, 41, 28, 27, 26, 39, 52, 65, 78, 79, 80, 81, 82, 83, 84, 71, 58, 45, 32, 19, 6, 7, 8, 9, 10, 11, 12, 25, 38, 37, 36, 49, 62, 61, 74, 87, 100, 101, 88, 89, 90, 103, 102, 115, 116, 129, 142, 141, 140, 139, 126, 113, 112, 99, 86, 85, 98, 111, 110, 109, 122, 135, 134, 133, 132, 131, 130, 143, 156, 157, 158, 159, 160, 161, 162, 163, 164, 165, 166, 167, 168]
[00:00:06:56:359] ! Bidirectional. expansions: 38,453, time: 416,358 [ms], path length: 90 [edges], g_F: 55, g_B: 35, generated: {'F': 161,928, 'B': 114,270}, MM: 20, MMPER: 20.978021978021978%
[00:00:06:56:359] 
---------- mazes/13x13_maze_with_1_open_diamonds_4 ----------
[00:00:03:05:914] Valid states checked so far: 200,000, Expansions: 30,777, Global best: 77
[00:00:05:39:489] Path of length 92 found: [0, 1, 2, 3, 4, 17, 30, 43, 56, 55, 54, 41, 28, 27, 26, 39, 52, 65, 78, 79, 80, 81, 82, 95, 108, 107, 106, 119, 132, 131, 130, 143, 156, 157, 158, 159, 160, 161, 162, 163, 150, 137, 136, 135, 134, 133, 120, 121, 122, 109, 110, 111, 112, 99, 86, 85, 84, 71, 58, 45, 32, 19, 6, 7, 8, 9, 10, 11, 12, 25, 38, 37, 36, 49, 62, 61, 74, 87, 88, 89, 90, 103, 116, 129, 142, 141, 140, 139, 152, 165, 166, 167, 168]
[00:00:05:39:489] ! Unidirectional s-t. expansions: 59,465, time: 339,489 [ms], path length: 92 [edges], generated: 378,219
[00:00:03:19:555] Valid states checked so far: 200,000, Expansions: 34,585, Global best: 61
[00:00:06:27:407] Valid states checked so far: 400,000, Expansions: 70,208, Global best: 61
[00:00:09:29:509] Valid states checked so far: 600,000, Expansions: 106,086, Global best: 61
[00:00:12:27:737] Valid states checked so far: 800,000, Expansions: 141,739, Global best: 81
[00:00:15:07:694] Path of length 92 found: [168, 167, 166, 165, 152, 139, 140, 141, 142, 129, 116, 103, 90, 89, 88, 87, 74, 61, 62, 63, 64, 51, 38, 25, 12, 11, 10, 9, 8, 7, 6, 19, 32, 45, 58, 71, 84, 85, 86, 99, 112, 111, 110, 109, 122, 123, 136, 137, 150, 163, 162, 161, 160, 159, 158, 157, 156, 143, 130, 131, 132, 133, 134, 121, 120, 119, 106, 107, 108, 95, 82, 81, 80, 79, 78, 65, 52, 39, 26, 27, 28, 41, 54, 55, 56, 43, 30, 17, 4, 3, 2, 1, 0]
[00:00:15:07:695] ! Unidirectional t-s. expansions: 173,204, time: 907,695 [ms], path length: 92 [edges], generated: 976,416
[00:00:04:48:617] Path of length 92 found: [0, 1, 2, 3, 4, 17, 30, 31, 32, 19, 6, 7, 8, 9, 10, 11, 12, 25, 38, 37, 36, 49, 62, 61, 60, 59, 58, 57, 56, 55, 54, 41, 28, 27, 26, 39, 52, 65, 78, 79, 92, 105, 106, 107, 120, 119, 132, 131, 130, 143, 156, 157, 158, 159, 160, 147, 134, 121, 122, 109, 108, 95, 82, 83, 84, 85, 86, 87, 88, 89, 90, 103, 116, 115, 114, 113, 112, 111, 110, 123, 136, 137, 150, 163, 164, 165, 152, 139, 140, 141, 142, 155, 168]
[00:00:04:48:618] ! Bidirectional. expansions: 32,035, time: 288,617 [ms], path length: 92 [edges], g_F: 57, g_B: 35, generated: {'F': 134,732, 'B': 79,236}, MM: 22, MMPER: 22.655913978494624%
[00:00:04:48:619] 
---------- mazes/13x13_maze_with_1_open_diamonds_5 ----------
[00:00:03:11:104] Valid states checked so far: 200,000, Expansions: 31,872, Global best: 65
[00:00:06:05:868] Valid states checked so far: 400,000, Expansions: 64,692, Global best: 89
[00:00:06:18:512] Path of length 92 found: [0, 1, 2, 3, 4, 17, 30, 43, 56, 55, 54, 41, 28, 27, 26, 39, 52, 65, 78, 79, 80, 81, 94, 107, 106, 105, 118, 131, 130, 143, 156, 157, 158, 159, 160, 161, 162, 163, 150, 137, 136, 135, 134, 133, 132, 119, 120, 121, 108, 109, 110, 111, 112, 99, 86, 85, 84, 71, 58, 45, 32, 19, 6, 7, 8, 9, 10, 11, 12, 25, 38, 37, 36, 49, 62, 61, 74, 87, 88, 89, 90, 103, 116, 129, 142, 141, 140, 139, 152, 165, 166, 167, 168]
[00:00:06:18:513] ! Unidirectional s-t. expansions: 67,370, time: 378,512 [ms], path length: 92 [edges], generated: 415,130
[00:00:03:17:326] Valid states checked so far: 200,000, Expansions: 33,843, Global best: 61
[00:00:06:24:320] Valid states checked so far: 400,000, Expansions: 69,008, Global best: 61
[00:00:09:28:485] Valid states checked so far: 600,000, Expansions: 104,398, Global best: 61
[00:00:12:29:846] Valid states checked so far: 800,000, Expansions: 139,527, Global best: 81
[00:00:13:52:493] Path of length 92 found: [168, 167, 166, 165, 152, 139, 140, 141, 142, 129, 116, 103, 90, 89, 88, 87, 74, 61, 62, 63, 64, 51, 38, 25, 12, 11, 10, 9, 8, 7, 6, 19, 32, 45, 58, 71, 84, 85, 86, 99, 112, 111, 110, 109, 108, 121, 120, 119, 132, 133, 134, 135, 136, 137, 150, 163, 162, 161, 160, 159, 158, 157, 156, 143, 130, 131, 118, 105, 106, 107, 94, 81, 80, 79, 78, 65, 52, 39, 26, 27, 28, 41, 54, 55, 56, 43, 30, 17, 4, 3, 2, 1, 0]
[00:00:13:52:493] ! Unidirectional t-s. expansions: 155,847, time: 832,493 [ms], path length: 92 [edges], generated: 891,390
[00:00:05:14:107] Path of length 92 found: [0, 1, 2, 3, 4, 17, 30, 31, 32, 19, 6, 7, 8, 9, 10, 11, 12, 25, 38, 37, 36, 49, 62, 61, 60, 59, 58, 57, 56, 55, 54, 41, 28, 27, 26, 39, 52, 65, 78, 79, 92, 105, 106, 119, 118, 131, 130, 143, 156, 157, 158, 159, 146, 133, 134, 121, 108, 107, 94, 81, 82, 83, 84, 85, 86, 87, 88, 89, 90, 103, 116, 115, 114, 113, 112, 111, 110, 109, 122, 135, 136, 137, 150, 163, 164, 165, 152, 139, 140, 141, 142, 155, 168]
[00:00:05:14:108] ! Bidirectional. expansions: 34,229, time: 314,107 [ms], path length: 92 [edges], g_F: 56, g_B: 36, generated: {'F': 142,565, 'B': 88,246}, MM: 20, MMPER: 20.50537634408602%
[00:00:05:14:108] 
---------- mazes/13x13_maze_with_1_open_diamonds_6 ----------
[00:00:02:23:488] Path of length 92 found: [0, 1, 2, 3, 4, 17, 30, 43, 56, 55, 54, 41, 28, 27, 26, 39, 52, 65, 78, 79, 80, 81, 82, 83, 84, 71, 58, 45, 32, 19, 6, 7, 8, 9, 10, 11, 12, 25, 38, 51, 64, 63, 62, 49, 36, 35, 34, 47, 60, 59, 72, 85, 86, 73, 74, 87, 88, 89, 90, 103, 116, 115, 114, 113, 112, 111, 110, 109, 122, 135, 134, 133, 132, 131, 130, 143, 156, 157, 158, 159, 160, 161, 162, 163, 164, 165, 152, 139, 140, 141, 142, 155, 168]
[00:00:02:23:488] ! Unidirectional s-t. expansions: 24,954, time: 143,488 [ms], path length: 92 [edges], generated: 157,950
[00:00:00:53:099] Path of length 92 found: [168, 155, 142, 141, 140, 139, 152, 165, 164, 163, 162, 161, 160, 159, 158, 157, 156, 143, 130, 131, 132, 133, 134, 135, 122, 109, 108, 107, 106, 105, 92, 79, 78, 65, 52, 39, 26, 27, 28, 41, 54, 55, 56, 57, 58, 71, 84, 85, 72, 73, 86, 99, 112, 113, 114, 115, 116, 103, 90, 89, 88, 75, 74, 61, 60, 47, 34, 35, 36, 49, 62, 63, 64, 51, 38, 25, 12, 11, 10, 9, 8, 7, 6, 19, 32, 31, 30, 17, 4, 3, 2, 1, 0]
[00:00:00:53:100] ! Unidirectional t-s. expansions: 11,165, time: 53,099 [ms], path length: 92 [edges], generated: 68,570
[00:00:00:54:623] Path of length 92 found: [0, 1, 2, 3, 4, 17, 30, 43, 56, 55, 54, 41, 28, 27, 26, 39, 52, 65, 78, 79, 80, 81, 82, 83, 84, 71, 58, 45, 32, 19, 6, 7, 8, 9, 10, 11, 12, 25, 38, 51, 64, 63, 62, 49, 36, 35, 34, 47, 60, 59, 72, 85, 86, 73, 74, 87, 88, 89, 90, 103, 116, 115, 114, 113, 112, 111, 110, 109, 122, 135, 134, 133, 132, 131, 130, 143, 156, 157, 158, 159, 160, 161, 162, 163, 164, 165, 152, 139, 140, 141, 142, 155, 168]
[00:00:00:54:624] ! Bidirectional. expansions: 7,303, time: 54,623 [ms], path length: 92 [edges], g_F: 59, g_B: 33, generated: {'F': 28,068, 'B': 14,934}, MM: 26, MMPER: 26.956989247311828%
[00:00:00:54:624] 
---------- mazes/13x13_maze_with_1_open_diamonds_7 ----------
[00:00:03:03:831] Path of length 94 found: [0, 1, 2, 3, 4, 17, 30, 31, 32, 19, 6, 7, 20, 21, 8, 9, 10, 11, 12, 25, 38, 51, 64, 63, 62, 49, 36, 35, 34, 33, 46, 59, 60, 61, 74, 87, 88, 89, 90, 103, 116, 115, 114, 113, 112, 99, 86, 85, 84, 71, 58, 57, 56, 55, 54, 41, 28, 27, 26, 39, 52, 65, 78, 79, 92, 105, 106, 107, 108, 109, 122, 135, 134, 133, 132, 131, 130, 143, 156, 157, 158, 159, 160, 161, 162, 163, 164, 165, 152, 139, 140, 141, 142, 155, 168]
[00:00:03:03:831] ! Unidirectional s-t. expansions: 32,192, time: 183,831 [ms], path length: 94 [edges], generated: 181,718
[00:00:00:10:405] Path of length 94 found: [168, 155, 142, 141, 140, 139, 152, 165, 164, 163, 162, 161, 160, 159, 158, 157, 156, 143, 130, 131, 132, 133, 134, 135, 122, 109, 108, 107, 106, 105, 92, 79, 78, 65, 52, 39, 26, 27, 28, 41, 54, 55, 56, 57, 58, 71, 84, 85, 86, 99, 112, 113, 114, 115, 116, 103, 90, 89, 88, 87, 74, 61, 60, 59, 46, 47, 34, 35, 36, 49, 62, 63, 64, 51, 38, 25, 12, 11, 10, 9, 8, 21, 20, 7, 6, 19, 32, 31, 30, 17, 4, 3, 2, 1, 0]
[00:00:00:10:405] ! Unidirectional t-s. expansions: 2,370, time: 10,405 [ms], path length: 94 [edges], generated: 16,507
[00:00:01:42:890] Path of length 94 found: [0, 1, 2, 3, 4, 17, 30, 31, 32, 19, 6, 7, 20, 21, 8, 9, 10, 11, 12, 25, 38, 51, 64, 63, 62, 49, 36, 35, 34, 33, 46, 47, 60, 61, 74, 87, 88, 89, 90, 103, 116, 115, 114, 113, 112, 99, 86, 85, 84, 71, 58, 57, 56, 55, 54, 41, 28, 27, 26, 39, 52, 65, 78, 79, 92, 105, 106, 107, 108, 109, 122, 135, 134, 133, 132, 131, 130, 143, 156, 157, 158, 159, 160, 161, 162, 163, 164, 165, 152, 139, 140, 141, 142, 155, 168]
[00:00:01:42:891] ! Bidirectional. expansions: 13,233, time: 102,890 [ms], path length: 94 [edges], g_F: 59, g_B: 35, generated: {'F': 47,151, 'B': 25,404}, MM: 24, MMPER: 24.263157894736842%
[00:00:01:42:891] 
---------- mazes/13x13_maze_with_1_open_diamonds_8 ----------
[00:00:03:03:102] Path of length 94 found: [0, 1, 2, 3, 4, 17, 30, 31, 32, 19, 6, 7, 20, 21, 8, 9, 10, 11, 12, 25, 38, 51, 64, 63, 62, 49, 36, 35, 34, 33, 46, 59, 60, 61, 74, 87, 88, 89, 90, 103, 116, 115, 114, 113, 112, 99, 86, 85, 84, 71, 58, 57, 56, 55, 54, 41, 28, 27, 26, 39, 52, 65, 78, 79, 92, 105, 106, 107, 108, 109, 122, 135, 134, 133, 132, 131, 130, 143, 156, 157, 158, 159, 160, 161, 162, 163, 164, 165, 152, 139, 140, 141, 142, 155, 168]
[00:00:03:03:103] ! Unidirectional s-t. expansions: 32,192, time: 183,103 [ms], path length: 94 [edges], generated: 181,718
[00:00:00:10:521] Path of length 94 found: [168, 155, 142, 141, 140, 139, 152, 165, 164, 163, 162, 161, 160, 159, 158, 157, 156, 143, 130, 131, 132, 133, 134, 135, 122, 109, 108, 107, 106, 105, 92, 79, 78, 65, 52, 39, 26, 27, 28, 41, 54, 55, 56, 57, 58, 71, 84, 85, 86, 99, 112, 113, 114, 115, 116, 103, 90, 89, 88, 87, 74, 61, 60, 59, 46, 47, 34, 35, 36, 49, 62, 63, 64, 51, 38, 25, 12, 11, 10, 9, 8, 21, 20, 7, 6, 19, 32, 31, 30, 17, 4, 3, 2, 1, 0]
[00:00:00:10:521] ! Unidirectional t-s. expansions: 2,370, time: 10,521 [ms], path length: 94 [edges], generated: 16,507
[00:00:01:42:898] Path of length 94 found: [0, 1, 2, 3, 4, 17, 30, 31, 32, 19, 6, 7, 20, 21, 8, 9, 10, 11, 12, 25, 38, 51, 64, 63, 62, 49, 36, 35, 34, 33, 46, 47, 60, 61, 74, 87, 88, 89, 90, 103, 116, 115, 114, 113, 112, 99, 86, 85, 84, 71, 58, 57, 56, 55, 54, 41, 28, 27, 26, 39, 52, 65, 78, 79, 92, 105, 106, 107, 108, 109, 122, 135, 134, 133, 132, 131, 130, 143, 156, 157, 158, 159, 160, 161, 162, 163, 164, 165, 152, 139, 140, 141, 142, 155, 168]
[00:00:01:42:898] ! Bidirectional. expansions: 13,233, time: 102,898 [ms], path length: 94 [edges], g_F: 59, g_B: 35, generated: {'F': 47,151, 'B': 25,404}, MM: 24, MMPER: 24.263157894736842%
[00:00:01:42:898] 
---------- mazes/13x13_maze_with_1_open_diamonds_9 ----------
[00:00:02:47:814] Valid states checked so far: 200,000, Expansions: 27,297, Global best: 89
[00:00:05:03:831] Path of length 92 found: [0, 1, 2, 3, 4, 17, 30, 43, 56, 55, 54, 41, 28, 27, 26, 39, 52, 65, 78, 79, 92, 105, 106, 107, 108, 109, 122, 135, 134, 133, 132, 131, 130, 143, 156, 157, 158, 159, 160, 161, 162, 163, 150, 137, 136, 123, 110, 111, 124, 125, 126, 113, 112, 99, 98, 85, 84, 71, 58, 45, 32, 19, 6, 7, 8, 9, 10, 11, 12, 25, 38, 37, 36, 49, 62, 61, 74, 87, 88, 89, 90, 103, 116, 129, 142, 141, 140, 139, 152, 165, 166, 167, 168]
[00:00:05:03:831] ! Unidirectional s-t. expansions: 54,721, time: 303,831 [ms], path length: 92 [edges], generated: 376,274
[00:00:03:21:114] Valid states checked so far: 200,000, Expansions: 35,536, Global best: 53
[00:00:06:34:918] Valid states checked so far: 400,000, Expansions: 73,463, Global best: 61
[00:00:09:45:463] Valid states checked so far: 600,000, Expansions: 111,634, Global best: 61
[00:00:12:52:111] Valid states checked so far: 800,000, Expansions: 149,694, Global best: 61
[00:00:15:54:530] Valid states checked so far: 1,000,000, Expansions: 187,292, Global best: 61
[00:00:18:49:378] Valid states checked so far: 1,200,000, Expansions: 224,090, Global best: 61
[00:00:21:46:105] Valid states checked so far: 1,400,000, Expansions: 261,534, Global best: 61
[00:00:24:39:106] Valid states checked so far: 1,600,000, Expansions: 299,106, Global best: 61
[00:00:27:30:266] Valid states checked so far: 1,800,000, Expansions: 336,151, Global best: 61
[00:00:30:16:908] Valid states checked so far: 2,000,000, Expansions: 374,045, Global best: 61
[00:00:33:07:723] Valid states checked so far: 2,200,000, Expansions: 411,031, Global best: 81
[00:00:35:51:522] Valid states checked so far: 2,400,000, Expansions: 448,149, Global best: 81
[00:00:38:41:252] Valid states checked so far: 2,600,000, Expansions: 485,331, Global best: 81
[00:00:38:49:481] Path of length 92 found: [168, 167, 166, 165, 152, 139, 140, 141, 142, 129, 116, 103, 90, 89, 88, 87, 86, 85, 98, 99, 112, 113, 126, 125, 138, 137, 150, 163, 162, 161, 160, 159, 158, 157, 156, 143, 130, 131, 132, 133, 134, 135, 136, 123, 124, 111, 110, 109, 108, 107, 106, 105, 92, 79, 78, 65, 52, 39, 26, 27, 28, 41, 54, 55, 56, 57, 58, 59, 60, 61, 62, 63, 64, 51, 38, 25, 12, 11, 10, 9, 8, 7, 6, 19, 32, 31, 30, 17, 4, 3, 2, 1, 0]
[00:00:38:49:482] ! Unidirectional t-s. expansions: 486,889, time: 2,329,481 [ms], path length: 92 [edges], generated: 2,609,339
[00:00:09:11:594] Path of length 92 found: [0, 1, 2, 3, 4, 17, 30, 43, 56, 55, 54, 41, 28, 27, 26, 39, 52, 65, 78, 79, 92, 105, 106, 107, 108, 109, 122, 135, 134, 133, 132, 131, 130, 143, 156, 157, 158, 159, 160, 161, 162, 163, 150, 137, 136, 123, 110, 111, 124, 125, 126, 113, 112, 99, 86, 85, 84, 71, 58, 45, 32, 19, 6, 7, 8, 9, 10, 11, 12, 25, 38, 51, 64, 63, 62, 61, 74, 87, 88, 89, 90, 103, 116, 129, 142, 141, 140, 139, 152, 165, 166, 167, 168]
[00:00:09:11:595] ! Bidirectional. expansions: 60,965, time: 551,594 [ms], path length: 92 [edges], g_F: 59, g_B: 33, generated: {'F': 261,866, 'B': 173,404}, MM: 26, MMPER: 26.956989247311828%
[00:00:09:11:595] average expansions: (49,994, 124,254, 29,842, 0)
[00:00:09:11:595] average time: (287,087, 629,518, 274,085, 0)
[00:00:09:11:595] XIDA: 49,994 , 287,087 (expansions , time[ms])
[00:00:09:11:595] BiXIDA: 29,842 , 274,085 (expansions , time[ms])

