--------------------------
date: mazes
number_of_graphs: 10
graph_type: maze
size_of_graphs: [13, 13]
heuristic: bcc_heuristic
snake: False
run_uni: True
run_bi: True
run_multi: False
solution_vertices: []
algorithms: ['A']
lookahead: 1
bsd: False
cube_first_dims: 4
cube_buffer_dim: None
backward_sym_generation: False
sym_coil: False
prefix_set: None

---------- mazes/13x13_maze_with_1_open_diamonds_0 ----------
[00:00:00:23:766] Expansion 10,000: state None, f=97, g=35
[00:00:00:46:411] Expansion 20,000: state None, f=95, g=20
[00:00:01:07:127] Expansion 30,000: state None, f=93, g=30
[00:00:01:11:053] Path of length 92 found: [0, 1, 2, 3, 4, 17, 30, 31, 32, 19, 6, 7, 8, 9, 10, 11, 12, 25, 38, 37, 36, 49, 62, 61, 60, 59, 58, 57, 56, 55, 54, 41, 28, 27, 26, 39, 52, 65, 78, 79, 80, 81, 82, 83, 84, 85, 86, 87, 88, 89, 90, 103, 116, 115, 114, 113, 112, 111, 110, 109, 122, 135, 134, 133, 132, 119, 120, 107, 106, 105, 118, 131, 130, 143, 156, 157, 144, 145, 146, 159, 160, 161, 162, 163, 164, 165, 152, 139, 140, 141, 142, 155, 168]
[00:00:01:11:055] ! Unidirectional s-t. expansions: 31,360, time: 71,054 [ms], path length: 92 [edges], generated: 47,235
[00:00:00:28:272] Expansion 10,000: state None, f=101, g=28
[00:00:00:51:659] Expansion 20,000: state None, f=99, g=45
[00:00:01:12:382] Expansion 30,000: state None, f=98, g=33
[00:00:01:34:276] Expansion 40,000: state None, f=97, g=38
[00:00:01:54:137] Expansion 50,000: state None, f=96, g=42
[00:00:02:16:835] Expansion 60,000: state None, f=95, g=60
[00:00:02:38:247] Expansion 70,000: state None, f=95, g=23
[00:00:02:55:768] Expansion 80,000: state None, f=94, g=43
[00:00:03:18:360] Expansion 90,000: state None, f=94, g=31
[00:00:03:35:992] Expansion 100,000: state None, f=93, g=45
[00:00:03:57:893] Path of length 92 found: [168, 155, 142, 141, 140, 139, 152, 165, 164, 163, 150, 137, 136, 135, 134, 133, 146, 159, 158, 157, 156, 143, 130, 131, 144, 145, 132, 119, 118, 105, 106, 107, 108, 109, 110, 111, 112, 113, 114, 115, 116, 103, 90, 89, 88, 87, 86, 85, 84, 83, 82, 81, 80, 79, 78, 65, 52, 39, 26, 27, 28, 41, 54, 55, 56, 57, 58, 59, 60, 61, 62, 63, 64, 51, 38, 25, 12, 11, 10, 9, 8, 7, 6, 19, 32, 31, 30, 17, 4, 3, 2, 1, 0]
[00:00:03:57:894] ! Unidirectional t-s. expansions: 108,294, time: 237,893 [ms], path length: 92 [edges], generated: 154,445
[00:00:00:44:272] Expansion 10,000: F [0, 1, 2, 3, 4, 17, 30, 31, 32], B [168, 167, 166, 165, 164, 163, 150, 137, 136, 135, 134, 133, 120, 119, 132, 145, 146, 159, 158, 157, 144, 143], f=100, g=29
[00:00:01:22:347] Expansion 20,000: F [0, 1, 2, 3, 4, 17, 30, 31, 32], B [168, 155, 142, 141, 140, 139, 152, 165, 164, 163, 162, 161, 160, 159, 158, 145, 144, 143, 130, 131, 118, 119, 106, 107, 120, 133, 134, 135, 122, 109, 110, 111, 112, 113, 114, 115, 116, 103, 90, 89], f=98, g=47
[00:00:02:01:360] Expansion 30,000: F [0, 1, 2, 3, 4, 17, 30, 31, 32], B [168, 155, 142, 141, 140, 139, 152, 165, 164, 163, 162, 161, 160, 159, 158, 157, 144, 145, 132, 119, 106, 107, 120, 133, 134, 135, 122, 109, 110, 111, 112], f=97, g=38
[00:00:02:35:437] Expansion 40,000: F [0, 13, 26, 27, 28, 41, 54, 53, 52, 65, 78, 79, 80, 81, 82, 83, 84, 71, 58], B [168, 155, 142, 141, 140, 139, 152, 165, 164, 163, 150, 137, 136, 135, 134, 133, 146, 159, 158, 145, 144, 143], f=96, g=39
[00:00:03:12:735] Expansion 50,000: F [0, 1, 2, 3, 4, 17, 30, 31, 32], B [168, 155, 142, 141, 140, 139, 152, 165, 164, 163, 162, 161, 160, 159, 158, 157, 156, 143, 130, 131, 118, 105, 106, 107, 120, 119, 132, 145, 146, 133, 134, 135, 122, 109, 110, 111, 112, 113, 114, 115, 116, 103, 90, 89, 88, 87, 86, 85, 84, 83, 82, 81, 80, 79, 78, 65, 52, 53], f=95, g=65
[00:00:03:43:057] Expansion 60,000: F [0, 13, 26, 27, 28, 41, 54, 53, 52, 65, 78, 79, 80, 81, 82, 83, 84, 71, 58], B [168, 155, 142, 141, 140, 139, 152, 165, 164, 163, 150, 137, 136, 135, 134, 133, 146, 159, 158, 157, 144, 145, 132, 131, 118, 105], f=95, g=43
[00:00:04:15:887] Expansion 70,000: F [0, 1, 2, 3, 4, 17, 30, 43, 56, 55, 54, 41, 28, 27, 26, 39, 52, 65, 78, 79, 80, 81, 82, 83, 84, 71, 58, 45, 32], B [168, 155, 142, 141, 140, 139, 152, 165, 164, 163, 162, 161, 160, 159, 146, 145, 144, 157, 156, 143, 130, 131, 118, 119, 132, 133, 134, 135], f=94, g=55
[00:00:04:51:394] Expansion 80,000: F [0, 1, 2, 3, 4, 17, 30, 31, 32], B [168, 167, 166, 165, 164, 163, 150, 137, 136, 135, 134, 133, 146, 159, 158, 157, 144, 143, 130, 131, 118, 119, 120, 107, 108, 109, 110, 111, 112, 113, 114], f=94, g=38
[00:00:05:27:024] Expansion 90,000: F [0, 1, 2, 3, 4, 17, 30, 31, 32, 19, 6, 7, 8, 9, 10, 11, 12, 25, 38, 37, 36, 49, 62, 61, 60, 59], B [168, 167, 166, 165, 152, 139, 140, 141, 142, 129, 116, 103, 90, 89, 88, 87, 86, 99, 112, 111, 110, 109, 122, 135, 136, 137, 150, 163, 162, 161, 160, 159, 158, 157, 144, 143, 130, 131, 132, 145, 146, 133, 120, 119, 106, 105, 92, 79], f=93, g=72
[00:00:05:52:054] Expansion 100,000: F [0, 13, 26, 27, 28, 41, 54, 53, 52, 65, 78, 79, 80, 81, 82, 83, 84, 71, 58], B [168, 155, 142, 141, 140, 139, 152, 165, 164, 163, 150, 137, 136, 135, 134, 133, 120, 119, 132, 145, 158, 157, 156, 143, 144, 131, 118, 105, 106, 107, 108, 109, 110, 111, 112, 113, 114, 115], f=93, g=55
[00:00:05:52:055] Expansions: 100,000. Checks - state_vs_state: 0, prefix: 423,954
[00:00:05:52:055] Expansions: 100,000. Checks - state_vs_state: 0, prefix: 423,955
[00:00:05:52:056] Expansions: 100,000. Checks - state_vs_state: 0, prefix: 423,956
[00:00:05:52:057] Expansions: 100,000. Checks - state_vs_state: 0, prefix: 423,957
[00:00:06:25:280] Expansion 110,000: F [0, 1, 2, 3, 4, 17, 30, 31, 32], B [168, 155, 142, 141, 140, 139, 152, 165, 164, 163, 150, 137, 136, 135, 122, 109, 108, 107, 120, 133, 146, 145, 158, 157, 156, 143, 144, 131, 118, 105, 92, 79, 78, 65, 52, 39, 26, 27], f=93, g=45
[00:00:07:03:927] Path of length 92 found: [0, 1, 2, 3, 4, 17, 30, 31, 32, 19, 6, 7, 8, 9, 10, 11, 12, 25, 38, 51, 64, 63, 62, 61, 60, 59, 58, 57, 56, 55, 54, 41, 28, 27, 26, 39, 52, 65, 78, 79, 80, 81, 82, 83, 84, 85, 86, 87, 88, 89, 90, 103, 116, 115, 114, 113, 112, 111, 110, 109, 108, 107, 106, 105, 118, 119, 132, 131, 130, 143, 156, 157, 144, 145, 158, 159, 146, 133, 134, 135, 136, 137, 150, 163, 164, 165, 152, 139, 140, 141, 142, 155, 168]
[00:00:07:03:936] ! Bidirectional. expansions: 118,601, time: 423,927 [ms], path length: 92 [edges], g_F: 10, g_B: 82, generated: {'F': 32,277, 'B': 141,580}, MM: 72, MMPER: 76.41935483870968%
[00:00:07:03:938] 
---------- mazes/13x13_maze_with_1_open_diamonds_1 ----------
[00:00:00:46:080] Expansion 10,000: state None, f=98, g=40
[00:00:01:10:325] Expansion 20,000: state None, f=95, g=36
[00:00:01:31:990] Expansion 30,000: state None, f=93, g=35
[00:00:01:53:640] Expansion 40,000: state None, f=92, g=23
[00:00:02:12:206] Expansion 50,000: state None, f=91, g=30
[00:00:02:15:293] Path of length 90 found: [0, 1, 2, 15, 28, 27, 26, 39, 52, 53, 54, 41, 42, 29, 16, 3, 4, 17, 30, 43, 56, 57, 58, 45, 32, 19, 6, 7, 8, 9, 10, 11, 12, 25, 38, 37, 36, 49, 62, 61, 74, 87, 88, 89, 90, 103, 116, 115, 114, 113, 112, 99, 86, 85, 84, 83, 82, 81, 80, 79, 92, 105, 106, 107, 108, 109, 122, 135, 134, 133, 132, 131, 130, 143, 156, 157, 158, 159, 160, 161, 162, 163, 164, 165, 152, 139, 140, 141, 142, 155, 168]
[00:00:02:15:299] ! Unidirectional s-t. expansions: 51,200, time: 135,293 [ms], path length: 90 [edges], generated: 69,643
[00:00:00:03:104] Path of length 90 found: [168, 155, 142, 141, 140, 139, 152, 165, 164, 163, 162, 161, 160, 159, 158, 157, 156, 143, 130, 131, 132, 133, 134, 135, 122, 109, 108, 107, 106, 105, 92, 79, 80, 81, 82, 83, 84, 85, 86, 99, 112, 113, 114, 115, 116, 103, 90, 89, 88, 87, 74, 61, 62, 63, 64, 51, 38, 25, 12, 11, 10, 9, 8, 7, 6, 19, 32, 45, 58, 57, 56, 43, 30, 17, 4, 3, 16, 29, 42, 55, 54, 53, 52, 39, 26, 27, 28, 15, 2, 1, 0]
[00:00:00:03:106] ! Unidirectional t-s. expansions: 1,607, time: 3,104 [ms], path length: 90 [edges], generated: 2,500
[00:00:00:49:204] Expansion 10,000: F [0, 1, 2, 3, 4, 17, 30, 43, 56, 55, 54, 41, 42, 29, 16, 15, 28, 27, 26, 39, 52, 65, 78, 79, 80, 81, 82, 83, 84, 71], B [168, 167, 166, 165], f=101, g=32
[00:00:01:32:722] Expansion 20,000: F [0, 13, 26, 27, 28, 29, 42, 43, 56, 55, 54, 53, 52, 65], B [168, 167, 166, 165], f=99, g=16
[00:00:02:22:013] Expansion 30,000: F [0, 13, 26, 39, 52, 53, 54, 41, 42, 29, 28, 15, 16, 17, 30, 43, 56, 57, 58], B [168, 155, 142, 141, 140, 139, 152, 165, 164, 163, 162, 161, 160, 159, 158, 157, 156, 143, 130, 131, 132, 133, 134, 135, 122], f=97, g=42
[00:00:03:00:041] Expansion 40,000: F [0, 1, 2, 15, 28, 27, 26, 39, 52, 53, 54, 55, 42, 29, 16, 3, 4, 17, 30, 31, 32, 19, 6, 7, 8, 9, 10, 11, 12, 25, 38, 37, 36, 49, 62, 61, 60, 59, 58, 71, 84, 83, 82, 81, 80, 79, 92, 105, 106, 107, 108], B [168, 167, 166, 165], f=95, g=53
[00:00:03:36:794] Expansion 50,000: F [0, 13, 26, 27, 28, 15, 16, 29, 30, 31, 32], B [168, 155, 142, 141, 140, 139, 152, 165, 164, 163, 162, 161, 160, 159, 158, 157, 156, 143, 130, 131, 132, 133, 134, 135, 122, 109, 110, 111, 112, 113, 114, 115, 116, 103, 90, 89], f=94, g=45
[00:00:04:12:806] Expansion 60,000: F [0, 1, 2, 3, 16, 29, 42, 41, 28, 27, 26, 39, 52, 53, 54, 55, 56, 57, 58, 45, 32, 19, 6, 7, 8, 9, 10, 11, 12, 25, 38, 51, 64, 63, 62, 61, 74, 87, 88], B [168, 167, 166, 165], f=93, g=41
[00:00:04:47:764] Expansion 70,000: F [0, 13, 26, 27, 28, 29, 16, 3, 4, 17, 30, 31, 32, 19, 6, 7, 8, 9, 10, 11, 12, 25, 38, 37, 36, 49, 62, 61, 60, 59, 58, 57, 56, 55, 42, 41, 54, 53, 52, 65, 78, 79, 80], B [168, 167, 166, 165], f=92, g=45
[00:00:05:23:055] Expansion 80,000: F [0, 1, 2, 3, 4, 17, 16, 29, 28, 41, 42, 43, 30, 31, 32, 19, 6, 7, 8, 9, 10, 11, 12, 25, 38, 51, 64, 63, 62, 61, 74, 87, 88, 89, 90, 103, 116, 115, 114, 113, 112], B [168, 167, 166, 165], f=91, g=43
[00:00:05:58:435] Path of length 90 found: [0, 1, 2, 15, 16, 3, 4, 17, 30, 29, 28, 27, 26, 39, 52, 53, 54, 41, 42, 55, 56, 57, 58, 45, 32, 19, 6, 7, 8, 9, 10, 11, 12, 25, 38, 51, 64, 63, 62, 61, 74, 87, 88, 89, 90, 103, 116, 115, 114, 113, 112, 99, 86, 85, 84, 83, 82, 81, 80, 79, 92, 105, 106, 107, 108, 109, 122, 135, 134, 133, 132, 131, 130, 143, 156, 157, 158, 159, 160, 161, 162, 163, 164, 165, 152, 139, 140, 141, 142, 155, 168]
[00:00:05:58:436] ! Bidirectional. expansions: 88,576, time: 358,435 [ms], path length: 90 [edges], g_F: 26, g_B: 64, generated: {'F': 69,031, 'B': 48,995}, MM: 38, MMPER: 40.75824175824176%
[00:00:05:58:437] 
---------- mazes/13x13_maze_with_1_open_diamonds_2 ----------
[00:00:00:25:548] Expansion 10,000: state None, f=96, g=47
[00:00:00:46:680] Expansion 20,000: state None, f=94, g=34
[00:00:01:06:163] Path of length 92 found: [0, 1, 2, 3, 4, 17, 30, 43, 56, 55, 54, 41, 28, 27, 26, 39, 52, 65, 78, 79, 80, 81, 82, 83, 70, 57, 58, 45, 32, 19, 6, 7, 8, 9, 10, 11, 12, 25, 38, 37, 36, 49, 62, 61, 60, 59, 72, 71, 84, 85, 86, 87, 88, 89, 90, 103, 116, 115, 114, 113, 112, 99, 98, 111, 110, 97, 96, 109, 122, 135, 134, 133, 132, 131, 130, 143, 156, 157, 158, 159, 160, 161, 162, 163, 164, 165, 152, 139, 140, 141, 142, 155, 168]
[00:00:01:06:167] ! Unidirectional s-t. expansions: 29,438, time: 66,163 [ms], path length: 92 [edges], generated: 44,753
[00:00:00:22:504] Expansion 10,000: state None, f=96, g=49
[00:00:00:40:002] Expansion 20,000: state None, f=94, g=44
[00:00:00:50:308] Path of length 92 found: [168, 155, 142, 141, 140, 139, 152, 165, 164, 163, 162, 161, 160, 159, 158, 157, 156, 143, 130, 131, 132, 133, 134, 135, 122, 109, 110, 111, 112, 113, 114, 115, 116, 103, 90, 89, 88, 87, 86, 99, 98, 85, 72, 59, 60, 61, 62, 63, 64, 51, 38, 25, 12, 11, 10, 9, 8, 7, 6, 19, 32, 45, 58, 57, 70, 71, 84, 97, 96, 83, 82, 81, 80, 79, 78, 65, 52, 39, 26, 27, 28, 41, 54, 55, 56, 43, 30, 17, 4, 3, 2, 1, 0]
[00:00:00:50:311] ! Unidirectional t-s. expansions: 25,254, time: 50,308 [ms], path length: 92 [edges], generated: 36,149
[00:00:00:32:277] Expansion 10,000: F [0, 1, 2, 3, 4, 17, 30, 31, 32], B [168, 155, 142, 141, 140, 139, 152, 165, 164, 163, 162, 161, 160, 159, 158, 157, 156, 143, 130, 131, 132, 133, 134, 135, 122, 109, 110, 111, 112, 113, 114, 115, 116, 103, 90, 89, 88, 87, 86, 99, 98, 85, 84, 71, 70, 83, 82, 81, 80, 79], f=96, g=57
[00:00:01:05:469] Expansion 20,000: F [0, 1, 2, 3, 4, 17, 30, 31, 32], B [168, 155, 142, 141, 140, 139, 152, 165, 164, 163, 162, 161, 160, 159, 158, 157, 156, 143, 130, 131, 132, 133, 134, 135, 122, 109, 108, 107, 106, 105, 92, 79, 78, 65, 52, 53, 54, 55, 56, 57, 58, 59, 72, 71, 70, 83, 96, 97, 84, 85, 86, 99, 98, 111, 112, 113, 114, 115, 116, 103, 90, 89, 88, 87], f=94, g=71
[00:00:01:35:196] Expansion 30,000: F [0, 13, 26, 27, 28, 41, 54, 55, 56, 43, 30, 31, 32, 19, 6, 7, 8, 9, 10, 11, 12, 25, 38, 51, 64, 63, 62, 61, 60, 59, 72, 85, 98, 97, 84, 71, 58, 57, 70, 83, 82, 81, 80, 79], B [168, 167, 166, 165], f=93, g=46
[00:00:01:44:124] Path of length 92 found: [0, 1, 2, 3, 4, 17, 30, 31, 32, 19, 6, 7, 8, 9, 10, 11, 12, 25, 38, 51, 64, 63, 62, 61, 60, 59, 72, 85, 86, 87, 88, 89, 90, 103, 116, 115, 114, 113, 112, 99, 98, 111, 110, 97, 96, 83, 84, 71, 70, 57, 56, 55, 54, 41, 28, 27, 26, 39, 52, 65, 78, 79, 92, 105, 106, 107, 108, 109, 122, 135, 134, 133, 132, 131, 130, 143, 156, 157, 158, 159, 160, 161, 162, 163, 164, 165, 152, 139, 140, 141, 142, 155, 168]
[00:00:01:44:127] ! Bidirectional. expansions: 32,133, time: 104,124 [ms], path length: 92 [edges], g_F: 10, g_B: 82, generated: {'F': 21,456, 'B': 26,678}, MM: 72, MMPER: 76.41935483870968%
[00:00:01:44:127] 
---------- mazes/13x13_maze_with_1_open_diamonds_3 ----------
[00:00:00:23:120] Expansion 10,000: state None, f=92, g=56
[00:00:00:42:972] Expansion 20,000: state None, f=91, g=34
[00:00:00:44:183] Path of length 90 found: [0, 1, 2, 3, 4, 17, 30, 31, 32, 19, 6, 7, 8, 9, 10, 11, 12, 25, 38, 37, 36, 49, 62, 61, 60, 59, 58, 57, 56, 55, 54, 41, 28, 27, 26, 39, 52, 65, 78, 79, 80, 81, 82, 83, 84, 85, 86, 87, 88, 89, 90, 103, 116, 129, 142, 141, 140, 139, 126, 113, 114, 115, 102, 101, 100, 99, 98, 111, 110, 109, 122, 135, 134, 133, 132, 131, 130, 143, 156, 157, 158, 159, 160, 161, 162, 163, 164, 165, 166, 167, 168]
[00:00:00:44:187] ! Unidirectional s-t. expansions: 20,438, time: 44,183 [ms], path length: 90 [edges], generated: 31,641
[00:00:00:25:998] Expansion 10,000: state None, f=98, g=58
[00:00:00:46:999] Expansion 20,000: state None, f=95, g=59
[00:00:01:06:187] Expansion 30,000: state None, f=93, g=58
[00:00:01:25:229] Expansion 40,000: state None, f=92, g=39
[00:00:01:44:104] Path of length 90 found: [168, 167, 166, 165, 164, 163, 162, 161, 160, 159, 158, 157, 156, 143, 130, 131, 132, 133, 134, 135, 122, 109, 110, 111, 98, 85, 86, 99, 112, 113, 126, 139, 140, 141, 142, 129, 116, 115, 114, 101, 102, 103, 90, 89, 88, 87, 74, 61, 62, 63, 64, 51, 38, 25, 12, 11, 10, 9, 8, 7, 6, 19, 32, 45, 58, 71, 84, 83, 82, 81, 80, 79, 78, 65, 52, 39, 26, 27, 28, 41, 54, 55, 56, 43, 30, 17, 4, 3, 2, 1, 0]
[00:00:01:44:106] ! Unidirectional t-s. expansions: 49,827, time: 104,104 [ms], path length: 90 [edges], generated: 71,852
[00:00:00:46:486] Expansion 10,000: F [0, 1, 2, 3, 4, 17, 30, 31, 32], B [168, 155, 142, 129, 116, 103, 102, 89, 88, 87, 100, 113, 126, 139, 152, 165, 164, 163, 162, 161], f=99, g=27
[00:00:01:24:568] Expansion 20,000: F [0, 1, 2, 3, 4, 17, 30, 31, 32], B [168, 167, 166, 165, 164, 163, 162, 161, 160, 159, 158, 157, 156, 143, 130, 131, 132, 133, 134, 135, 122, 109, 110, 111, 98, 99, 112, 113, 126, 139, 140, 141, 142, 129, 116, 103, 102, 89, 88, 87], f=96, g=47
[00:00:01:58:663] Expansion 30,000: F [0, 13, 26, 27, 28, 41, 54, 55, 56], B [168, 155, 142, 129, 116, 103, 90, 89, 102, 115, 114, 101, 88, 87, 100, 99, 86, 85, 98, 111, 112, 113, 126, 139, 152, 165, 164, 163, 162, 161, 160, 159, 158, 157, 156, 143, 130, 131, 132, 133, 134, 135, 122, 109, 108, 107, 106, 105, 92, 79, 80, 81, 82, 83, 84, 71], f=94, g=63
[00:00:02:28:253] Expansion 40,000: F [0, 1, 2, 3, 4, 17, 30, 31, 32], B [168, 155, 142, 129, 116, 115, 114, 101, 102, 89, 88, 87, 86, 99, 112, 113, 126, 139, 152, 165, 164, 163, 162, 161, 160, 159, 158, 157, 156, 143, 130, 131, 132, 133, 134, 135, 122, 109, 110, 111, 98, 85, 84, 83, 82, 81, 80, 79, 78, 65, 52, 39, 26, 27, 28, 41, 54, 55, 56], f=93, g=66
[00:00:03:05:210] Expansion 50,000: F [0, 1, 2, 3, 4, 17, 30, 31, 32, 19, 6, 7, 8, 9, 10, 11, 12, 25, 38, 51, 64], B [168, 155, 142, 129, 116, 103, 90, 89, 88, 87, 100, 113, 126, 139, 152, 165, 164, 163, 162, 161, 160, 159, 158, 157, 156, 143, 130, 131, 132, 133, 134, 135, 122, 109], f=92, g=53
[00:00:03:33:649] Expansion 60,000: F [0, 1, 2, 3, 4, 17, 30, 31, 32], B [168, 167, 166, 165, 164, 163, 162, 161, 160, 159, 158, 157, 156, 143, 130, 131, 132, 133, 134, 135, 122, 109, 110, 111, 112, 113, 126, 139, 140, 141, 142, 129, 116, 115, 102, 103, 90, 89, 88, 101, 100, 99, 86, 85, 84, 83, 82, 81, 80, 79, 78, 65, 52, 53], f=91, g=61
[00:00:04:00:255] Path of length 90 found: [0, 1, 2, 3, 4, 17, 30, 43, 56, 55, 54, 41, 28, 27, 26, 39, 52, 65, 78, 79, 80, 81, 82, 83, 84, 71, 58, 45, 32, 19, 6, 7, 8, 9, 10, 11, 12, 25, 38, 51, 64, 63, 62, 61, 74, 87, 88, 101, 114, 115, 102, 89, 90, 103, 116, 129, 142, 141, 140, 139, 126, 113, 112, 99, 86, 85, 98, 111, 110, 109, 122, 135, 134, 133, 132, 131, 130, 143, 156, 157, 158, 159, 160, 161, 162, 163, 164, 165, 166, 167, 168]
[00:00:04:00:257] ! Bidirectional. expansions: 67,796, time: 240,256 [ms], path length: 90 [edges], g_F: 30, g_B: 60, generated: {'F': 21,171, 'B': 73,437}, MM: 30, MMPER: 31.967032967032964%
[00:00:04:00:257] 
---------- mazes/13x13_maze_with_1_open_diamonds_4 ----------
[00:00:00:25:693] Expansion 10,000: state None, f=97, g=59
[00:00:00:47:895] Expansion 20,000: state None, f=95, g=25
[00:00:01:05:274] Expansion 30,000: state None, f=93, g=51
[00:00:01:14:660] Path of length 92 found: [0, 1, 2, 3, 4, 17, 30, 31, 32, 19, 6, 7, 8, 9, 10, 11, 12, 25, 38, 37, 36, 49, 62, 61, 60, 59, 58, 57, 56, 55, 54, 41, 28, 27, 26, 39, 52, 65, 78, 79, 80, 81, 82, 83, 84, 85, 86, 87, 88, 89, 90, 103, 116, 115, 114, 113, 112, 111, 110, 109, 108, 107, 106, 119, 132, 131, 130, 143, 156, 157, 158, 159, 160, 147, 134, 133, 120, 121, 122, 123, 136, 137, 150, 163, 164, 165, 152, 139, 140, 141, 142, 155, 168]
[00:00:01:14:663] ! Unidirectional s-t. expansions: 33,578, time: 74,660 [ms], path length: 92 [edges], generated: 51,823
[00:00:00:27:669] Expansion 10,000: state None, f=101, g=32
[00:00:00:51:111] Expansion 20,000: state None, f=99, g=33
[00:00:01:12:348] Expansion 30,000: state None, f=97, g=50
[00:00:01:33:058] Expansion 40,000: state None, f=96, g=45
[00:00:01:54:308] Expansion 50,000: state None, f=95, g=38
[00:00:02:13:087] Expansion 60,000: state None, f=94, g=63
[00:00:02:36:794] Expansion 70,000: state None, f=93, g=77
[00:00:02:54:996] Expansion 80,000: state None, f=93, g=34
[00:00:03:01:384] Path of length 92 found: [168, 167, 166, 165, 152, 139, 140, 141, 142, 129, 116, 103, 90, 89, 88, 87, 74, 61, 62, 63, 64, 51, 38, 25, 12, 11, 10, 9, 8, 7, 6, 19, 32, 45, 58, 71, 84, 85, 86, 99, 112, 111, 110, 123, 136, 137, 150, 163, 162, 161, 160, 159, 158, 157, 156, 143, 130, 131, 132, 119, 106, 107, 120, 133, 134, 135, 122, 109, 108, 95, 82, 81, 80, 79, 78, 65, 52, 39, 26, 27, 28, 41, 54, 55, 56, 43, 30, 17, 4, 3, 2, 1, 0]
[00:00:03:01:386] ! Unidirectional t-s. expansions: 82,439, time: 181,384 [ms], path length: 92 [edges], generated: 118,601
[00:00:00:40:165] Expansion 10,000: F [0, 1, 2, 3, 4, 17, 30, 31, 32], B [168, 155, 142, 141, 140, 139, 152, 165, 164, 163, 150, 137, 136, 135, 122, 109, 110, 111, 112, 113, 114, 115, 116, 103, 90, 89, 88, 87, 86, 85, 84, 83, 82, 95, 108, 107, 120, 121, 134, 147, 160, 159, 158, 157, 156, 143, 130, 131, 132, 119, 106, 105, 92, 79, 78], f=100, g=62
[00:00:01:27:670] Expansion 20,000: F [0, 1, 2, 3, 4, 17, 30, 31, 32], B [168, 155, 142, 141, 140, 139, 152, 165, 164, 163, 150, 137, 136, 123, 110, 111, 112, 113, 114, 115, 116, 103, 90, 89, 88, 87, 86, 85, 84, 83, 82, 95, 108, 109, 122, 135, 134, 147, 160, 159, 158, 157, 156, 143, 130, 131, 132, 119, 106, 105], f=98, g=57
[00:00:02:02:153] Expansion 30,000: F [0, 13, 26, 27, 28, 41, 54, 53, 52, 65, 78, 79, 92, 105, 106, 119, 132, 131, 130, 143, 156, 157, 158, 159, 160, 147, 134, 135, 122, 121, 120, 107, 108, 95, 82, 83, 84], B [168, 155, 142, 141, 140, 139, 152, 165, 164, 163, 150, 137, 136, 123, 110, 111, 112, 113, 114, 115, 116, 103], f=97, g=57
[00:00:02:37:317] Expansion 40,000: F [0, 1, 2, 3, 4, 17, 30, 43, 56, 55, 54, 53, 52, 65, 78, 79, 80, 81, 82, 95, 108, 107, 106, 119, 120, 133, 132, 131, 130, 143, 156, 157, 158, 159, 160, 161, 162, 163, 150, 137, 136, 135, 134, 121, 122, 109, 110, 111, 112, 99, 86, 85, 84, 71, 58], B [168, 167, 166, 165, 152, 139, 140, 141, 142, 129, 116, 103, 90, 89, 88, 87, 74, 61], f=96, g=71
[00:00:03:10:884] Expansion 50,000: F [0, 13, 26, 39, 52], B [168, 155, 142, 141, 140, 139, 152, 165, 164, 163, 162, 161, 160, 159, 158, 157, 156, 143, 130, 131, 132, 133, 120, 121, 134, 135, 122, 123, 110, 109, 108, 107], f=96, g=35
[00:00:03:40:910] Expansion 60,000: F [0, 1, 2, 3, 4, 17, 30, 43, 56, 55, 54, 41, 28, 27, 26, 39, 52, 65, 78, 79, 92, 105, 106, 119, 132, 131, 130, 143, 156, 157, 158, 159, 160, 161, 162, 163, 150, 137, 136, 135, 122, 121, 134, 133, 120, 107, 108, 95, 82, 83, 84], B [168, 155, 142, 129, 116], f=95, g=54
[00:00:04:18:647] Expansion 70,000: F [0, 1, 2, 3, 4, 17, 30, 31, 32], B [168, 167, 166, 165, 152, 139, 140, 141, 142, 129, 116, 115, 114, 113, 112, 99, 86, 85, 84, 83, 82, 95, 108, 121, 122, 109, 110, 123, 136, 137, 150, 163, 162, 161, 160, 159, 158, 157, 156, 143, 130, 131, 132, 133, 120, 107, 106, 105, 92, 79, 78, 65, 52, 39, 26, 27, 28, 41, 54, 55, 56, 57, 58, 59], f=94, g=71
[00:00:04:45:171] Expansion 80,000: F [0, 1, 2, 3, 4, 17, 30, 43, 56, 55, 54, 53, 52, 65, 78, 79, 80, 81, 82, 83, 84, 71, 58], B [168, 155, 142, 141, 140, 139, 152, 165, 164, 163, 150, 137, 136, 123, 122, 135, 134, 147, 160, 159, 158, 157, 156, 143, 130, 131, 132, 133, 120, 107, 108, 109, 110, 111, 112], f=94, g=56
[00:00:05:23:771] Expansion 90,000: F [0, 13, 26, 39, 52, 53, 54, 55, 56], B [168, 167, 166, 165, 164, 163, 150, 137, 136, 135, 134, 147, 160, 159, 158, 157, 156, 143, 130, 131, 132, 133, 120, 119, 106, 105, 92, 79, 80, 81], f=94, g=37
[00:00:05:50:395] Expansion 100,000: F [0, 1, 2, 3, 4, 17, 30, 31, 32], B [168, 167, 166, 165, 152, 139, 140, 141, 142, 129, 116, 103, 90, 89, 88, 87, 86, 85, 84, 83, 82, 95, 108, 121, 122, 135, 136, 137, 150, 163, 162, 161, 160, 159, 158, 157, 156, 143, 130, 131, 132, 133, 120, 107, 106, 105, 92, 79, 78, 65, 52, 39, 26, 27, 28, 41, 54, 55], f=93, g=65
[00:00:05:50:396] Expansions: 100,000. Checks - state_vs_state: 162, prefix: 417,961
[00:00:05:50:396] Expansions: 100,000. Checks - state_vs_state: 162, prefix: 417,962
[00:00:05:50:397] Expansions: 100,000. Checks - state_vs_state: 162, prefix: 417,963
[00:00:05:50:397] Expansions: 100,000. Checks - state_vs_state: 162, prefix: 417,964
[00:00:06:23:731] Expansion 110,000: F [0, 1, 2, 3, 4, 17, 30, 31, 32], B [168, 155, 142, 141, 140, 139, 152, 165, 164, 163, 162, 161, 160, 147, 134, 135, 122, 109, 110, 111, 112, 113, 114, 115, 116, 103, 90, 89, 88, 87, 86, 85, 84, 83, 82, 95, 108], f=93, g=44
[00:00:07:01:429] Path of length 92 found: [0, 1, 2, 3, 4, 17, 30, 43, 56, 55, 54, 41, 28, 27, 26, 39, 52, 65, 78, 79, 80, 81, 82, 95, 108, 107, 106, 119, 120, 133, 132, 131, 130, 143, 156, 157, 158, 159, 160, 161, 162, 163, 150, 137, 136, 135, 134, 121, 122, 109, 110, 111, 112, 99, 86, 85, 84, 71, 58, 45, 32, 19, 6, 7, 8, 9, 10, 11, 12, 25, 38, 51, 64, 63, 62, 61, 74, 87, 88, 89, 90, 103, 116, 129, 142, 141, 140, 139, 152, 165, 166, 167, 168]
[00:00:07:01:432] ! Bidirectional. expansions: 118,552, time: 421,429 [ms], path length: 92 [edges], g_F: 62, g_B: 30, generated: {'F': 40,226, 'B': 133,736}, MM: 32, MMPER: 33.40860215053763%
[00:00:07:01:433] 
---------- mazes/13x13_maze_with_1_open_diamonds_5 ----------
[00:00:00:27:095] Expansion 10,000: state None, f=98, g=46
[00:00:00:49:425] Expansion 20,000: state None, f=95, g=60
[00:00:01:08:642] Expansion 30,000: state None, f=93, g=71
[00:00:01:23:775] Path of length 92 found: [0, 1, 2, 3, 4, 17, 30, 31, 32, 19, 6, 7, 8, 9, 10, 11, 12, 25, 38, 37, 36, 49, 62, 61, 60, 59, 58, 57, 56, 55, 54, 41, 28, 27, 26, 39, 52, 65, 78, 79, 80, 81, 82, 83, 84, 85, 86, 87, 88, 89, 90, 103, 116, 115, 114, 113, 112, 111, 110, 109, 108, 107, 106, 105, 118, 131, 130, 143, 156, 157, 158, 159, 146, 133, 132, 119, 120, 121, 122, 135, 136, 137, 150, 163, 164, 165, 152, 139, 140, 141, 142, 155, 168]
[00:00:01:23:780] ! Unidirectional s-t. expansions: 36,899, time: 83,775 [ms], path length: 92 [edges], generated: 55,900
[00:00:00:29:977] Expansion 10,000: state None, f=100, g=50
[00:00:00:53:019] Expansion 20,000: state None, f=98, g=49
[00:00:01:16:117] Expansion 30,000: state None, f=97, g=24
[00:00:01:37:802] Expansion 40,000: state None, f=96, g=31
[00:00:01:59:514] Expansion 50,000: state None, f=95, g=17
[00:00:02:19:091] Expansion 60,000: state None, f=94, g=42
[00:00:02:38:956] Expansion 70,000: state None, f=93, g=50
[00:00:02:58:735] Path of length 92 found: [168, 167, 166, 165, 152, 139, 140, 141, 142, 129, 116, 103, 90, 89, 88, 87, 74, 61, 62, 63, 64, 51, 38, 25, 12, 11, 10, 9, 8, 7, 6, 19, 32, 45, 58, 71, 84, 85, 86, 99, 112, 111, 110, 109, 122, 135, 136, 137, 150, 163, 162, 161, 160, 159, 158, 157, 156, 143, 130, 131, 118, 105, 106, 119, 132, 133, 134, 121, 108, 107, 94, 81, 80, 79, 78, 65, 52, 39, 26, 27, 28, 41, 54, 55, 56, 43, 30, 17, 4, 3, 2, 1, 0]
[00:00:02:58:736] ! Unidirectional t-s. expansions: 77,684, time: 178,735 [ms], path length: 92 [edges], generated: 112,634
[00:00:00:40:445] Expansion 10,000: F [0, 1, 2, 3, 4, 17, 30, 31, 32], B [168, 167, 166, 165, 152, 139, 140, 141, 142, 129, 116, 115, 114, 113, 112, 111, 110, 109, 108, 121, 122, 135, 136, 137, 150, 163, 162, 161, 160, 159, 158, 157, 156, 143, 130, 131, 118, 105, 106, 119, 120, 107, 94], f=100, g=50
[00:00:01:16:576] Expansion 20,000: F [0, 1, 2, 3, 4, 17, 30, 31, 32], B [168, 155, 142, 141, 140, 139, 152, 165, 164, 163, 162, 161, 160, 159, 158, 157, 156, 143, 130, 131, 132, 119, 118, 105, 106, 107, 120, 133, 134, 135, 122, 109, 110, 111, 112, 113, 114, 115, 116, 103, 90, 89, 88, 87, 86, 85, 84, 83, 82, 81, 80, 79, 78, 65], f=98, g=61
[00:00:01:50:611] Expansion 30,000: F [0, 13, 26, 27, 28, 41, 54, 53, 52, 65, 78, 79, 92, 105, 118, 131, 130, 143, 156, 157, 158, 159, 146, 133, 132, 119, 120, 121, 108, 107, 94, 81, 82, 83, 84], B [168, 155, 142, 141, 140, 139, 152, 165, 164, 163, 150, 137, 136, 135, 122, 109, 110, 111, 112, 113, 114, 115, 116, 103, 90, 89], f=97, g=59
[00:00:02:24:158] Expansion 40,000: F [0, 1, 2, 3, 4, 17, 30, 43, 56, 55, 54, 53, 52, 65, 78, 79, 92, 105, 106, 119, 118, 131, 130, 143, 156, 157, 158, 159, 146, 133, 120, 121, 108, 107, 94, 81, 82, 83, 84], B [168, 155, 142, 141, 140, 139, 152, 165, 164, 163, 150, 137, 136, 135, 122, 109, 110, 111, 112, 113, 114], f=96, g=58
[00:00:03:00:946] Expansion 50,000: F [0, 1, 2, 3, 4, 17, 30, 31, 32], B [168, 167, 166, 165, 164, 163, 150, 137, 136, 135, 122, 109, 108, 107, 106, 119, 120, 133, 146, 159, 158], f=96, g=28
[00:00:03:28:001] Expansion 60,000: F [0, 1, 2, 3, 4, 17, 30, 43, 56, 55, 54, 41, 28, 27, 26, 39, 52, 65, 78, 79, 92, 105, 118, 131, 132, 133, 134, 121, 120, 119, 106, 107, 94], B [168, 155, 142, 141, 140, 139, 152, 165, 164, 163, 150, 137, 136, 135, 122, 109], f=95, g=47
[00:00:04:00:536] Expansion 70,000: F [0, 1, 2, 3, 4, 17, 30, 31, 32], B [168, 155, 142, 141, 140, 139, 152, 165, 164, 163, 162, 161, 160, 159, 158, 157, 156, 143, 130, 131, 132, 133, 120, 119, 106, 105, 92, 79, 78, 65, 52, 39, 26, 27, 28, 41, 54, 55, 56, 57, 58, 71, 84, 83, 82, 81, 94, 107, 108, 109, 110, 111, 112], f=94, g=60
[00:00:04:31:997] Expansion 80,000: F [0, 13, 26, 27, 28, 41, 54, 53, 52, 65, 78, 79, 92, 105, 106, 119, 132, 131, 130, 143, 156, 157, 158, 159, 146, 133, 134, 135, 122, 109, 108, 121], B [168, 167, 166, 165, 152, 139, 140, 141, 142, 129, 116], f=94, g=41
[00:00:05:19:278] Expansion 90,000: F [0, 1, 2, 3, 4, 17, 30, 31, 32, 19, 6, 7, 8, 9, 10, 11, 12, 25, 38, 37, 36, 49, 62, 61, 60, 59], B [168, 167, 166, 165, 152, 139, 140, 141, 142, 129, 116, 103, 90, 89, 88, 87, 86, 99, 112, 111, 110, 109, 122, 135, 136, 137, 150, 163, 162, 161, 160, 159, 158, 157, 156, 143, 130, 131, 132, 133, 134, 121, 108, 107, 106, 105, 92, 79], f=93, g=72
[00:00:05:47:458] Expansion 100,000: F [0, 1, 2, 3, 4, 17, 30, 43, 56, 55, 54, 41, 28, 27, 26, 39, 52, 65, 78, 79, 92, 105, 106, 107, 94, 81, 82, 83, 84, 71, 58, 45, 32], B [168, 167, 166, 165, 164, 163, 162, 161, 160, 159, 158, 157, 156, 143, 130, 131, 132, 133, 120, 121], f=93, g=51
[00:00:05:47:458] Expansions: 100,000. Checks - state_vs_state: 132, prefix: 414,910
[00:00:05:47:459] Expansions: 100,000. Checks - state_vs_state: 132, prefix: 414,911
[00:00:05:47:459] Expansions: 100,000. Checks - state_vs_state: 132, prefix: 414,912
[00:00:05:47:461] Expansions: 100,000. Checks - state_vs_state: 132, prefix: 414,913
[00:00:05:47:461] Expansions: 100,000. Checks - state_vs_state: 132, prefix: 414,914
[00:00:05:47:462] Expansions: 100,000. Checks - state_vs_state: 132, prefix: 414,915
[00:00:06:25:306] Expansion 110,000: F [0, 1, 2, 3, 4, 17, 30, 31, 32], B [168, 167, 166, 165, 164, 163, 162, 161, 160, 159, 146, 133, 120, 121, 108, 109, 110, 111, 112, 113], f=93, g=27
[00:00:06:31:241] Path of length 92 found: [0, 1, 2, 3, 4, 17, 30, 43, 56, 55, 54, 41, 28, 27, 26, 39, 52, 65, 78, 79, 80, 81, 94, 107, 106, 105, 118, 119, 132, 131, 130, 143, 156, 157, 158, 159, 160, 161, 162, 163, 150, 137, 136, 135, 134, 133, 120, 121, 108, 109, 110, 111, 112, 99, 86, 85, 84, 71, 58, 45, 32, 19, 6, 7, 8, 9, 10, 11, 12, 25, 38, 51, 64, 63, 62, 61, 74, 87, 88, 89, 90, 103, 116, 129, 142, 141, 140, 139, 152, 165, 166, 167, 168]
[00:00:06:31:243] ! Bidirectional. expansions: 110,660, time: 391,243 [ms], path length: 92 [edges], g_F: 62, g_B: 30, generated: {'F': 40,301, 'B': 121,564}, MM: 32, MMPER: 33.40860215053763%
[00:00:06:31:244] 
---------- mazes/13x13_maze_with_1_open_diamonds_6 ----------
[00:00:00:26:411] Expansion 10,000: state None, f=95, g=31
[00:00:00:45:763] Path of length 92 found: [0, 1, 2, 3, 4, 17, 30, 43, 56, 55, 54, 41, 28, 27, 26, 39, 52, 65, 78, 79, 80, 81, 82, 83, 84, 71, 58, 45, 32, 19, 6, 7, 8, 9, 10, 11, 12, 25, 38, 51, 64, 63, 62, 49, 36, 35, 34, 47, 60, 59, 72, 85, 86, 73, 74, 87, 88, 89, 90, 103, 116, 115, 114, 113, 112, 111, 110, 109, 122, 135, 134, 133, 132, 131, 130, 143, 156, 157, 158, 159, 160, 161, 162, 163, 164, 165, 152, 139, 140, 141, 142, 155, 168]
[00:00:00:45:767] ! Unidirectional s-t. expansions: 19,096, time: 45,763 [ms], path length: 92 [edges], generated: 28,635
[00:00:00:15:296] Path of length 92 found: [168, 155, 142, 141, 140, 139, 152, 165, 164, 163, 162, 161, 160, 159, 158, 157, 156, 143, 130, 131, 132, 133, 134, 135, 122, 109, 110, 111, 112, 113, 114, 115, 116, 103, 90, 89, 88, 75, 74, 87, 86, 73, 60, 47, 34, 35, 36, 49, 62, 63, 64, 51, 38, 25, 12, 11, 10, 9, 8, 7, 6, 19, 32, 45, 58, 59, 72, 85, 84, 83, 82, 81, 80, 79, 78, 65, 52, 39, 26, 27, 28, 41, 54, 55, 56, 43, 30, 17, 4, 3, 2, 1, 0]
[00:00:00:15:307] ! Unidirectional t-s. expansions: 7,299, time: 15,296 [ms], path length: 92 [edges], generated: 10,743
[00:00:00:36:795] Expansion 10,000: F [0, 1, 2, 3, 4, 17, 30, 31, 32, 19, 6, 7, 8, 9, 10, 11, 12, 25, 38, 37, 36, 35, 34, 47, 60, 61, 74, 73, 72, 85], B [168, 155, 142, 141, 140, 139, 152, 165, 164, 163, 162, 161, 160, 159, 158, 157, 156], f=95, g=45
[00:00:01:07:635] Expansion 20,000: F [0, 1, 2, 3, 4, 17, 30, 31, 32, 19, 6, 7, 8, 9, 10, 11, 12, 25, 38, 51, 64, 63, 62, 75, 74, 61, 60, 59, 72, 71, 58, 57, 56, 55, 54, 53], B [168, 155, 142, 141, 140, 139, 152, 165, 164, 163], f=93, g=44
[00:00:01:16:262] Path of length 92 found: [0, 1, 2, 3, 4, 17, 30, 31, 32, 19, 6, 7, 8, 9, 10, 11, 12, 25, 38, 51, 64, 63, 62, 49, 36, 35, 34, 47, 60, 59, 72, 71, 58, 57, 56, 55, 54, 41, 28, 27, 26, 39, 52, 65, 78, 79, 80, 81, 82, 83, 84, 85, 86, 73, 74, 87, 88, 89, 90, 103, 116, 115, 114, 113, 112, 111, 110, 109, 122, 135, 134, 133, 132, 131, 130, 143, 156, 157, 158, 159, 160, 161, 162, 163, 164, 165, 152, 139, 140, 141, 142, 155, 168]
[00:00:01:16:264] ! Bidirectional. expansions: 22,068, time: 76,262 [ms], path length: 92 [edges], g_F: 56, g_B: 36, generated: {'F': 24,408, 'B': 7,486}, MM: 20, MMPER: 20.50537634408602%
[00:00:01:16:264] 
---------- mazes/13x13_maze_with_1_open_diamonds_7 ----------
[00:00:00:23:797] Expansion 10,000: state None, f=97, g=44
[00:00:00:45:004] Expansion 20,000: state None, f=95, g=19
[00:00:00:46:862] Path of length 94 found: [0, 1, 2, 3, 4, 17, 30, 31, 32, 19, 6, 7, 8, 9, 10, 11, 12, 25, 38, 51, 64, 63, 62, 49, 36, 35, 34, 21, 20, 33, 46, 47, 60, 61, 74, 87, 88, 89, 90, 103, 116, 115, 114, 113, 112, 99, 86, 85, 84, 71, 58, 57, 56, 55, 54, 41, 28, 27, 26, 39, 52, 65, 78, 79, 92, 105, 106, 107, 108, 109, 122, 135, 134, 133, 132, 131, 130, 143, 156, 157, 158, 159, 160, 161, 162, 163, 164, 165, 152, 139, 140, 141, 142, 155, 168]
[00:00:00:46:863] ! Unidirectional s-t. expansions: 20,475, time: 46,862 [ms], path length: 94 [edges], generated: 28,904
[00:00:00:02:548] Path of length 94 found: [168, 155, 142, 141, 140, 139, 152, 165, 164, 163, 162, 161, 160, 159, 158, 157, 156, 143, 130, 131, 132, 133, 134, 135, 122, 109, 108, 107, 106, 105, 92, 79, 78, 65, 52, 39, 26, 27, 28, 41, 54, 55, 56, 57, 58, 71, 84, 85, 86, 99, 112, 113, 114, 115, 116, 103, 90, 89, 88, 87, 74, 61, 60, 59, 46, 47, 34, 35, 36, 49, 62, 63, 64, 51, 38, 25, 12, 11, 10, 9, 8, 21, 20, 7, 6, 19, 32, 31, 30, 17, 4, 3, 2, 1, 0]
[00:00:00:02:549] ! Unidirectional t-s. expansions: 1,663, time: 2,549 [ms], path length: 94 [edges], generated: 2,602
[00:00:00:39:520] Expansion 10,000: F [0, 1, 2, 3, 4, 17, 30, 31, 32, 19, 6, 7, 20, 33, 34, 35, 36, 37, 38, 51, 64, 63, 62, 61, 60, 59, 46, 45], B [168, 167, 166, 165], f=99, g=30
[00:00:01:18:735] Expansion 20,000: F [0, 1, 2, 3, 4, 17, 30, 43, 56, 55, 54, 41, 28, 27, 26, 39, 52, 65, 78, 79, 80, 81, 82, 83, 84, 71, 58, 59, 60, 47, 46, 33, 32, 19, 20, 7, 8, 9, 10, 11, 12, 25], B [168, 167, 166, 165], f=96, g=44
[00:00:01:54:640] Expansion 30,000: F [0, 13, 26, 39, 52, 53, 54, 55, 56, 57, 58, 59, 46, 45, 32, 33, 20, 19, 6, 7, 8, 9, 10, 11, 12, 25, 38, 51, 64, 63, 62, 49, 36, 35, 34, 47, 60, 61], B [168, 167, 166, 165], f=95, g=40
[00:00:02:03:770] Path of length 94 found: [0, 1, 2, 3, 4, 17, 30, 31, 32, 19, 6, 7, 20, 21, 8, 9, 10, 11, 12, 25, 38, 51, 64, 63, 62, 49, 36, 35, 34, 33, 46, 47, 60, 61, 74, 87, 88, 89, 90, 103, 116, 115, 114, 113, 112, 99, 86, 85, 84, 71, 58, 57, 56, 55, 54, 41, 28, 27, 26, 39, 52, 65, 78, 79, 92, 105, 106, 107, 108, 109, 122, 135, 134, 133, 132, 131, 130, 143, 156, 157, 158, 159, 160, 161, 162, 163, 164, 165, 152, 139, 140, 141, 142, 155, 168]
[00:00:02:03:771] ! Bidirectional. expansions: 31,880, time: 123,770 [ms], path length: 94 [edges], g_F: 60, g_B: 34, generated: {'F': 37,062, 'B': 7,452}, MM: 26, MMPER: 26.36842105263158%
[00:00:02:03:772] 
---------- mazes/13x13_maze_with_1_open_diamonds_8 ----------
[00:00:00:23:390] Expansion 10,000: state None, f=97, g=44
[00:00:00:44:804] Expansion 20,000: state None, f=95, g=19
[00:00:00:46:087] Path of length 94 found: [0, 1, 2, 3, 4, 17, 30, 31, 32, 19, 6, 7, 8, 9, 10, 11, 12, 25, 38, 51, 64, 63, 62, 49, 36, 35, 34, 21, 20, 33, 46, 47, 60, 61, 74, 87, 88, 89, 90, 103, 116, 115, 114, 113, 112, 99, 86, 85, 84, 71, 58, 57, 56, 55, 54, 41, 28, 27, 26, 39, 52, 65, 78, 79, 92, 105, 106, 107, 108, 109, 122, 135, 134, 133, 132, 131, 130, 143, 156, 157, 158, 159, 160, 161, 162, 163, 164, 165, 152, 139, 140, 141, 142, 155, 168]
[00:00:00:46:088] ! Unidirectional s-t. expansions: 20,475, time: 46,087 [ms], path length: 94 [edges], generated: 28,904
[00:00:00:05:119] Path of length 94 found: [168, 155, 142, 141, 140, 139, 152, 165, 164, 163, 162, 161, 160, 159, 158, 157, 156, 143, 130, 131, 132, 133, 134, 135, 122, 109, 108, 107, 106, 105, 92, 79, 78, 65, 52, 39, 26, 27, 28, 41, 54, 55, 56, 57, 58, 71, 84, 85, 86, 99, 112, 113, 114, 115, 116, 103, 90, 89, 88, 87, 74, 61, 60, 59, 46, 47, 34, 35, 36, 49, 62, 63, 64, 51, 38, 25, 12, 11, 10, 9, 8, 21, 20, 7, 6, 19, 32, 31, 30, 17, 4, 3, 2, 1, 0]
[00:00:00:05:121] ! Unidirectional t-s. expansions: 1,663, time: 5,120 [ms], path length: 94 [edges], generated: 2,602
[00:00:00:39:991] Expansion 10,000: F [0, 1, 2, 3, 4, 17, 30, 31, 32, 19, 6, 7, 20, 33, 34, 35, 36, 37, 38, 51, 64, 63, 62, 61, 60, 59, 46, 45], B [168, 167, 166, 165], f=99, g=30
[00:00:01:16:400] Expansion 20,000: F [0, 1, 2, 3, 4, 17, 30, 43, 56, 55, 54, 41, 28, 27, 26, 39, 52, 65, 78, 79, 80, 81, 82, 83, 84, 71, 58, 59, 60, 47, 46, 33, 32, 19, 20, 7, 8, 9, 10, 11, 12, 25], B [168, 167, 166, 165], f=96, g=44
[00:00:01:53:089] Expansion 30,000: F [0, 13, 26, 39, 52, 53, 54, 55, 56, 57, 58, 59, 46, 45, 32, 33, 20, 19, 6, 7, 8, 9, 10, 11, 12, 25, 38, 51, 64, 63, 62, 49, 36, 35, 34, 47, 60, 61], B [168, 167, 166, 165], f=95, g=40
[00:00:02:02:334] Path of length 94 found: [0, 1, 2, 3, 4, 17, 30, 31, 32, 19, 6, 7, 20, 21, 8, 9, 10, 11, 12, 25, 38, 51, 64, 63, 62, 49, 36, 35, 34, 33, 46, 47, 60, 61, 74, 87, 88, 89, 90, 103, 116, 115, 114, 113, 112, 99, 86, 85, 84, 71, 58, 57, 56, 55, 54, 41, 28, 27, 26, 39, 52, 65, 78, 79, 92, 105, 106, 107, 108, 109, 122, 135, 134, 133, 132, 131, 130, 143, 156, 157, 158, 159, 160, 161, 162, 163, 164, 165, 152, 139, 140, 141, 142, 155, 168]
[00:00:02:02:335] ! Bidirectional. expansions: 31,880, time: 122,334 [ms], path length: 94 [edges], g_F: 60, g_B: 34, generated: {'F': 37,062, 'B': 7,452}, MM: 26, MMPER: 26.36842105263158%
[00:00:02:02:335] 
---------- mazes/13x13_maze_with_1_open_diamonds_9 ----------
[00:00:00:24:879] Expansion 10,000: state None, f=96, g=74
[00:00:00:42:641] Expansion 20,000: state None, f=95, g=42
[00:00:00:57:404] Expansion 30,000: state None, f=94, g=57
[00:00:01:13:594] Expansion 40,000: state None, f=93, g=60
[00:00:01:27:857] Path of length 92 found: [0, 1, 2, 3, 4, 17, 30, 31, 32, 19, 6, 7, 8, 9, 10, 11, 12, 25, 38, 37, 36, 49, 62, 61, 74, 87, 88, 89, 90, 103, 116, 115, 114, 113, 126, 125, 112, 111, 98, 99, 86, 85, 84, 71, 58, 57, 56, 55, 54, 41, 28, 27, 26, 39, 52, 65, 78, 79, 92, 105, 106, 107, 108, 109, 110, 123, 124, 137, 136, 135, 134, 133, 132, 131, 130, 143, 156, 157, 158, 159, 160, 161, 162, 163, 164, 165, 152, 139, 140, 141, 142, 155, 168]
[00:00:01:27:859] ! Unidirectional s-t. expansions: 46,531, time: 87,857 [ms], path length: 92 [edges], generated: 70,258
[00:00:00:28:868] Expansion 10,000: state None, f=105, g=30
[00:00:00:50:113] Expansion 20,000: state None, f=103, g=54
[00:00:01:10:298] Expansion 30,000: state None, f=102, g=42
[00:00:01:30:974] Expansion 40,000: state None, f=101, g=48
[00:00:01:50:790] Expansion 50,000: state None, f=100, g=42
[00:00:02:11:718] Expansion 60,000: state None, f=99, g=56
[00:00:02:32:831] Expansion 70,000: state None, f=98, g=59
[00:00:02:51:488] Expansion 80,000: state None, f=98, g=36
[00:00:03:11:826] Expansion 90,000: state None, f=97, g=53
[00:00:03:28:906] Expansion 100,000: state None, f=96, g=57
[00:00:03:44:740] Expansion 110,000: state None, f=96, g=49
[00:00:04:07:400] Expansion 120,000: state None, f=95, g=69
[00:00:04:21:937] Expansion 130,000: state None, f=95, g=51
[00:00:04:39:794] Expansion 140,000: state None, f=94, g=75
[00:00:04:56:193] Expansion 150,000: state None, f=94, g=65
[00:00:05:11:193] Expansion 160,000: state None, f=94, g=60
[00:00:05:31:091] Expansion 170,000: state None, f=94, g=32
[00:00:05:46:577] Expansion 180,000: state None, f=93, g=63
[00:00:06:07:596] Expansion 190,000: state None, f=93, g=50
[00:00:06:26:850] Path of length 92 found: [168, 155, 142, 141, 140, 139, 152, 165, 164, 163, 162, 161, 160, 159, 158, 157, 156, 143, 130, 131, 132, 133, 134, 135, 122, 109, 110, 123, 136, 137, 138, 125, 124, 111, 98, 85, 86, 99, 112, 113, 114, 115, 116, 103, 90, 89, 88, 87, 74, 61, 62, 63, 64, 51, 38, 25, 12, 11, 10, 9, 8, 7, 6, 19, 32, 45, 58, 71, 84, 83, 82, 81, 80, 79, 78, 65, 52, 39, 26, 27, 28, 41, 54, 55, 56, 43, 30, 17, 4, 3, 2, 1, 0]
[00:00:06:26:852] ! Unidirectional t-s. expansions: 198,275, time: 386,850 [ms], path length: 92 [edges], generated: 276,295
[00:00:00:43:779] Expansion 10,000: F [0, 1, 2, 3, 4, 17], B [168, 155, 142, 141, 140, 139, 126, 113, 114, 115, 116, 103, 90, 89, 88, 87, 86, 85, 98, 99, 112, 111, 124, 125, 138, 137, 150, 163, 162, 161, 160, 159, 158, 157, 156, 143, 130, 131, 132, 133, 134, 135, 122, 109, 108, 107, 106, 105, 92, 79], f=103, g=54
[00:00:01:23:202] Expansion 20,000: F [0, 1, 2, 3, 4, 17, 30, 31, 32], B [168, 155, 142, 141, 140, 139, 138, 125, 112, 113, 114, 115, 116, 103, 90, 89, 88, 87, 86, 99, 98, 111, 124, 123, 136, 137, 150, 163, 162, 161, 160, 159, 158, 157, 156, 143, 130, 131, 132, 133, 134], f=102, g=48
[00:00:02:01:633] Expansion 30,000: F [0, 1, 2, 3, 4, 17, 30, 31, 32], B [168, 155, 142, 141, 140, 139, 126, 125, 124, 111, 110, 123, 136, 137, 150, 163, 162, 161, 160, 159, 158, 157, 156, 143, 130, 131, 132, 133, 134, 135, 122, 109, 108, 107, 106, 105, 92, 79, 78, 65, 52, 39], f=100, g=49
[00:00:02:40:568] Expansion 40,000: F [0], B [168, 167, 166, 165, 152, 139, 138, 137, 150, 163, 162, 161, 160, 159, 158, 157, 156, 143, 130, 131, 132, 133, 134, 135, 122, 123, 110, 111, 98, 99, 112, 125, 126, 113], f=100, g=33
[00:00:03:18:666] Expansion 50,000: F [0, 1, 2, 3, 4, 17, 30, 43, 56, 55, 54, 41, 28, 27, 26, 39, 52, 65, 78, 79, 92, 105], B [168, 155, 142, 141, 140, 139, 152, 165, 164, 163, 162, 161, 160, 159, 158, 157, 156, 143, 130, 131, 132, 133, 134, 135, 136, 137, 138, 125, 112, 113, 114, 115, 116, 103, 90, 89, 88, 87, 74, 61, 62, 63, 64, 51, 38], f=98, g=65
[00:00:03:45:738] Expansion 60,000: F [0, 1, 2, 3, 4, 17, 30, 31, 32], B [168, 155, 142, 129, 116, 115, 114, 113, 126, 139, 152, 165, 164, 163, 162, 161, 160, 159, 158, 157, 156, 143, 130, 131, 132, 133, 134, 135, 136, 137, 138, 125, 124, 123, 110, 109, 108, 107, 106, 105, 92, 79, 78, 65, 52], f=98, g=52
[00:00:04:22:642] Expansion 70,000: F [0], B [168, 167, 166, 165, 152, 139, 138, 125, 112, 99, 98, 111, 124, 137, 150, 163, 162, 161, 160, 159, 158, 157, 156, 143, 130, 131, 132, 133, 134, 135, 136, 123, 122, 109, 108, 107, 106, 105], f=98, g=37
[00:00:04:53:100] Expansion 80,000: F [0, 1, 2, 3, 4, 17, 30, 31, 32], B [168, 167, 166, 165, 152, 139, 138, 137, 150, 163, 162, 161, 160, 159, 158, 157, 156, 143, 130, 131, 132, 133, 134, 135, 122, 109, 110, 123, 124, 125, 126, 113, 114, 115, 116, 103, 90, 89, 88, 87, 86, 99, 112, 111, 98, 85, 84, 83, 82, 81, 80, 79, 78, 65, 52, 39, 26, 27, 28, 41, 54], f=97, g=68
[00:00:05:28:822] Expansion 90,000: F [0, 1, 2, 3, 4, 17, 30, 31, 32], B [168, 155, 142, 129, 116, 103, 90, 89, 88, 87, 86, 85, 98, 111, 112, 125, 138, 137, 150, 163, 162, 161, 160, 159, 158, 157, 156, 143, 130, 131, 132, 133, 134, 135, 136], f=97, g=42
[00:00:05:55:471] Expansion 100,000: F [0, 1, 2, 3, 4, 17, 30, 31, 32, 19, 6, 7, 8, 9, 10], B [168, 155, 142, 141, 140, 139, 126, 113, 114, 115, 116, 103, 90, 89, 88, 87, 86, 85, 98, 99, 112, 111, 124, 137, 150, 163, 162, 161, 160, 159, 158, 157, 156, 143, 130, 131, 132, 133, 134, 135, 122, 109, 108, 107, 106, 105, 92, 79], f=96, g=61
[00:00:05:55:472] Expansions: 100,000. Checks - state_vs_state: 0, prefix: 394,561
[00:00:05:55:473] Expansions: 100,000. Checks - state_vs_state: 0, prefix: 394,562
[00:00:05:55:473] Expansions: 100,000. Checks - state_vs_state: 0, prefix: 394,563
[00:00:06:23:641] Expansion 110,000: F [0, 1, 2, 3, 4, 17, 30, 31, 32], B [168, 155, 142, 141, 140, 139, 152, 165, 164, 163, 162, 161, 160, 159, 158, 157, 156, 143, 130, 131, 132, 133, 134, 135, 136, 123, 124, 111, 112, 125, 126, 113, 114, 115, 116, 103, 90, 89, 88, 87, 86, 99, 98, 85, 84, 83, 82, 81, 80, 79, 78], f=96, g=58
[00:00:06:57:626] Expansion 120,000: F [0, 13, 26, 39, 52, 53, 54, 55, 56], B [168, 155, 142, 141, 140, 139, 138, 125, 124, 123, 136, 137, 150, 163, 162, 161, 160, 159, 158, 157, 156, 143, 130, 131, 132, 133, 134, 135, 122, 109, 108, 107, 106, 105, 92, 79, 80, 81], f=96, g=45
[00:00:07:35:720] Expansion 130,000: F [0, 1, 2, 3, 4, 17, 30, 31, 32], B [168, 167, 166, 165, 164, 163, 162, 161, 160, 159, 158, 157, 156, 143, 130, 131, 132, 133, 134, 135, 122, 109, 110, 123, 124, 137, 138, 125, 126, 139, 140, 141, 142, 129, 116, 103, 90, 89, 88, 87, 86, 99, 112, 111, 98, 85, 84, 83, 82, 81, 80, 79, 78, 65, 52, 39, 26, 27, 28, 41, 54, 55, 56, 57, 58, 59, 60, 61, 62, 63], f=95, g=77
[00:00:07:55:582] Expansion 140,000: F [0, 1, 2, 3, 4, 17, 30, 31, 32, 19, 6, 7, 8, 9, 10, 11, 12, 25, 38, 51, 64, 63, 62, 61, 60], B [168, 167, 166, 165, 152, 139, 140, 141, 142, 129, 116, 115, 114, 113, 126, 125, 112, 99, 86, 85, 98, 111, 110, 123, 124, 137, 150, 163, 162, 161, 160, 159, 158, 157, 156, 143, 130, 131, 132, 133, 134, 135, 122, 109, 108, 107, 106, 105, 92, 79], f=95, g=73
[00:00:08:21:136] Expansion 150,000: F [0, 1, 2, 3, 4, 17, 30, 31, 32], B [168, 155, 142, 141, 140, 139, 152, 165, 164, 163, 162, 161, 160, 159, 158, 157, 156, 143, 130, 131, 132, 133, 134, 135, 136, 137, 124, 125, 126, 113, 112, 99, 98, 111, 110, 123, 122, 109, 108, 107, 106, 105, 92, 79, 78, 65, 52, 39, 26, 27, 28, 41, 54], f=95, g=60
[00:00:09:21:864] Expansion 160,000: F [0, 13, 26, 27, 28, 41, 54, 53, 52, 65, 78, 79, 92, 105, 106, 107, 108, 109, 110, 123, 122, 135, 134, 133, 132, 131], B [168, 167, 166, 165, 152, 139, 140, 141, 142, 129, 116, 103, 90, 89, 88, 87, 74, 61, 62, 63, 64, 51, 38], f=95, g=47
[00:00:09:55:634] Expansion 170,000: F [0, 1, 2, 3, 4, 17, 30, 31, 32], B [168, 167, 166, 165, 164, 163, 162, 161, 160, 159, 158, 157, 156, 143, 130, 131, 132, 133, 134, 135, 122, 123, 124, 111, 112, 113, 126, 125, 138, 139, 140, 141, 142, 129, 116, 103, 90, 89, 88, 87, 86, 99, 98, 85, 84, 83, 82, 81, 80, 79, 78, 65, 52, 39, 26, 27, 28, 41, 54, 55, 56, 57, 58, 59, 60, 61, 62], f=94, g=74
[00:00:10:19:482] Expansion 180,000: F [0, 13, 26, 39, 52, 53, 54, 55, 56, 43, 30, 31, 32], B [168, 155, 142, 141, 140, 139, 152, 165, 164, 163, 162, 161, 160, 159, 158, 157, 156, 143, 130, 131, 132, 133, 134, 135, 122, 109, 108, 107, 106, 105, 92, 79, 80, 81, 82, 83, 84, 85, 98, 111, 110, 123, 136, 137, 138, 125, 126, 113, 114, 115, 116, 103, 90, 89, 88], f=94, g=66
[00:00:10:47:388] Expansion 190,000: F [0, 13, 26, 27, 28, 41, 54, 55, 56, 57, 58, 45], B [168, 167, 166, 165, 164, 163, 162, 161, 160, 159, 158, 157, 156, 143, 130, 131, 132, 133, 134, 135, 122, 109, 108, 107, 106, 105, 92, 79, 80, 81, 82, 83, 84, 85, 86, 99, 112, 125, 124, 111, 110, 123, 136, 137, 138, 139], f=94, g=56
[00:00:11:14:080] Expansion 200,000: F [0, 13, 26, 39, 52, 53, 54, 55, 56, 43, 30, 31, 32], B [168, 155, 142, 141, 140, 139, 138, 137, 150, 163, 162, 161, 160, 159, 158, 157, 156, 143, 130, 131, 132, 133, 134, 135, 136, 123, 122, 109, 108, 107, 106, 105, 92, 79, 80, 81, 82, 83, 84, 85, 86, 99, 112, 111, 124, 125, 126, 113, 114, 115, 116, 103, 90, 89, 88, 87, 74, 61], f=94, g=69
[00:00:11:14:081] Expansions: 200,000. Checks - state_vs_state: 0, prefix: 792,641
[00:00:11:14:081] Expansions: 200,000. Checks - state_vs_state: 0, prefix: 792,642
[00:00:11:14:081] Expansions: 200,000. Checks - state_vs_state: 0, prefix: 792,643
[00:00:11:14:082] Expansions: 200,000. Checks - state_vs_state: 0, prefix: 792,644
[00:00:11:14:082] Expansions: 200,000. Checks - state_vs_state: 0, prefix: 792,645
[00:00:11:45:951] Expansion 210,000: F [0, 13, 26, 39, 52, 53, 54, 55, 56, 57], B [168, 155, 142, 141, 140, 139, 138, 137, 150, 163, 162, 161, 160, 159, 158, 157, 156, 143, 130, 131, 132, 133, 134, 135, 136, 123, 110, 109, 108, 107, 106, 105, 92, 79, 80, 81, 82, 83, 84], f=94, g=47
[00:00:12:25:185] Expansion 220,000: F [0, 1, 2, 3, 4, 17, 30, 31, 32], B [168, 155, 142, 141, 140, 139, 126, 113, 112, 99, 86, 85, 98, 111, 110, 123, 124, 137, 150, 163, 162, 161, 160], f=94, g=30
[00:00:12:49:962] Expansion 230,000: F [0, 13, 26, 27, 28, 41, 54, 53, 52, 65, 78, 79, 92, 105, 106, 107, 108, 109, 122, 123, 110, 111, 98, 99, 86, 85, 84, 71, 58, 57, 56], B [168, 155, 142, 141, 140, 139, 152, 165, 164, 163, 162, 161, 160, 159, 158, 157, 156, 143, 130, 131, 132, 133, 134, 135, 136, 137, 124, 125, 112, 113, 114, 115, 116, 103, 90, 89, 88, 87, 74, 61, 62, 63, 64, 51, 38], f=93, g=74
[00:00:13:11:123] Expansion 240,000: F [0, 1, 2, 3, 4, 17, 30, 31, 32, 19, 6, 7, 8, 9, 10, 11, 12, 25, 38, 51, 64, 63], B [168, 155, 142, 129, 116, 103, 90, 89, 88, 87, 86, 99, 112, 111, 124, 123, 136, 137, 138, 125, 126, 139, 152, 165, 164, 163, 162, 161, 160, 159, 158, 157, 156, 143, 130, 131, 132, 133, 134, 135, 122, 109, 108, 107, 106, 105, 92, 79], f=93, g=68
[00:00:13:36:499] Expansion 250,000: F [0, 1, 2, 3, 4, 17, 30, 31, 32], B [168, 167, 166, 165, 164, 163, 162, 161, 160, 159, 158, 157, 156, 143, 130, 131, 132, 133, 134, 135, 122, 109, 110, 123, 124, 125, 126, 139, 140, 141, 142, 129, 116, 103, 90, 89, 88, 87, 86, 99, 98, 85, 84, 83, 82, 81, 80, 79, 78, 65, 52, 39, 26], f=93, g=60
[00:00:14:06:822] Expansion 260,000: F [0, 13, 26, 27, 28, 41, 54, 53, 52, 65, 78, 79, 80], B [168, 167, 166, 165, 152, 139, 126, 125, 138, 137, 150, 163, 162, 161, 160, 159, 158, 157, 156, 143, 130, 131, 132, 133, 134, 135, 122, 123, 124, 111, 98, 85, 86, 99, 112, 113, 114, 115, 116, 103, 90, 89, 88, 87, 74, 61], f=93, g=57
[00:00:14:41:406] Expansion 270,000: F [0, 13, 26, 39, 52], B [168, 155, 142, 141, 140, 139, 138, 125, 124, 123, 136, 137, 150, 163, 162, 161, 160, 159, 158, 157, 156, 143, 130, 131, 132, 133, 134, 135, 122, 109, 110, 111, 112, 113, 114, 115, 116, 103, 90, 89, 88, 87, 86], f=93, g=46
[00:00:15:18:488] Expansion 280,000: F [0, 13, 26, 39, 52, 53, 54, 55, 56, 43, 30, 31, 32], B [168, 155, 142, 129, 116, 115, 114, 113, 126, 125, 112, 99, 98, 111, 110, 123, 124, 137, 138], f=93, g=30
[00:00:15:40:191] Path of length 92 found: [0, 1, 2, 3, 4, 17, 30, 43, 56, 55, 54, 41, 28, 27, 26, 39, 52, 65, 78, 79, 92, 105, 106, 107, 108, 109, 122, 123, 110, 111, 98, 99, 86, 85, 84, 71, 58, 45, 32, 19, 6, 7, 8, 9, 10, 11, 12, 25, 38, 37, 36, 49, 62, 61, 74, 87, 88, 89, 90, 103, 116, 115, 114, 113, 126, 125, 138, 137, 136, 135, 134, 133, 132, 131, 130, 143, 156, 157, 158, 159, 160, 161, 162, 163, 164, 165, 152, 139, 140, 141, 142, 155, 168]
[00:00:15:40:197] ! Bidirectional. expansions: 283,657, time: 940,194 [ms], path length: 92 [edges], g_F: 31, g_B: 61, generated: {'F': 115,840, 'B': 285,209}, MM: 30, MMPER: 31.258064516129032%
[00:00:15:40:201] average expansions: (30,949, 55,400, 90,580, 0)
[00:00:15:40:204] average time: (70,170, 116,534, 320,197, 0)
[00:00:15:40:207] XA*: 30,949 , 70,170 (expansions , time[ms])
[00:00:15:40:208] BiXA*: 90,580 , 320,197 (expansions , time[ms])

