--------------------------
date: SM_Grids
number_of_graphs: 10
graph_type: grid
size_of_graphs: [9, 9]
heuristic: bcc_heuristic
snake: True
run_uni: True
run_bi: True
run_multi: False
solution_vertices: []
algorithms: ['A']
lookahead: 1
bsd: False
cube_first_dims: 4
cube_buffer_dim: None
backward_sym_generation: False
sym_coil: False
prefix_set: None

---------- SM_Grids/9x9_grid_with_random_blocks_12per_0 ----------
[00:00:00:30:879] Path of length 46 found: [0, 1, 2, 3, 4, 5, 6, 7, 16, 17, 26, 35, 44, 53, 52, 51, 42, 33, 24, 23, 22, 21, 20, 19, 18, 27, 36, 45, 54, 63, 72, 73, 74, 65, 56, 47, 48, 49, 58, 67, 76, 77, 78, 69, 70, 71, 80]
[00:00:00:30:880] ! Unidirectional s-t. expansions: 5,505, time: 30,879 [ms], path length: 46 [edges], generated: 10,180
[00:00:00:25:805] Path of length 46 found: [80, 71, 70, 69, 78, 77, 76, 67, 58, 49, 48, 47, 56, 65, 74, 73, 72, 63, 54, 45, 36, 27, 28, 29, 20, 21, 22, 23, 24, 33, 42, 51, 52, 53, 44, 35, 26, 17, 8, 7, 6, 5, 4, 3, 2, 1, 0]
[00:00:00:25:807] ! Unidirectional t-s. expansions: 4,965, time: 25,805 [ms], path length: 46 [edges], generated: 8,138
[00:00:00:56:444] Path of length 46 found: [0, 1, 2, 3, 4, 5, 6, 7, 8, 17, 26, 35, 44, 53, 52, 51, 42, 33, 24, 23, 22, 21, 20, 19, 18, 27, 36, 45, 54, 63, 72, 73, 74, 65, 56, 47, 48, 49, 58, 67, 76, 77, 78, 69, 70, 71, 80]
[00:00:00:57:121] ! Bidirectional. expansions: 5,375, time: 56,444 [ms], path length: 46 [edges], g_F: 36, g_B: 10, generated: {'F': 6,258, 'B': 3,168}, MM: 26, MMPER: 54.319148936170215%
[00:00:00:57:121] 
---------- SM_Grids/9x9_grid_with_random_blocks_12per_1 ----------
[00:00:00:43:979] Path of length 46 found: [0, 9, 10, 11, 2, 3, 4, 5, 6, 15, 16, 25, 26, 35, 44, 53, 62, 61, 60, 51, 42, 33, 32, 23, 22, 21, 30, 29, 38, 37, 46, 45, 54, 63, 72, 73, 74, 65, 56, 57, 58, 67, 76, 77, 78, 79, 80]
[00:00:00:43:981] ! Unidirectional s-t. expansions: 9,277, time: 43,979 [ms], path length: 46 [edges], generated: 15,732
[00:00:00:34:294] Path of length 46 found: [80, 71, 62, 53, 44, 35, 26, 17, 8, 7, 6, 5, 4, 13, 22, 23, 32, 33, 42, 51, 60, 69, 78, 77, 76, 75, 74, 73, 72, 63, 54, 45, 46, 47, 56, 57, 58, 49, 40, 39, 30, 29, 20, 11, 2, 1, 0]
[00:00:00:34:296] ! Unidirectional t-s. expansions: 6,579, time: 34,294 [ms], path length: 46 [edges], generated: 11,422
[00:00:01:31:160] Expansion 10,000: F [0, 9, 10, 11, 12, 3, 4, 5, 6, 7, 16, 25, 26, 35], B [80, 79, 78, 77, 76, 75, 74, 73, 72, 63, 54, 55, 46, 37, 38, 29, 30], f=48, g=29
[00:00:02:47:024] Expansion 20,000: F [0, 1, 2, 11, 12, 13], B [80, 79, 78, 77, 68, 59, 58, 57, 66, 65, 74, 73, 72, 63, 54, 55, 46, 47, 38, 39, 30, 31], f=47, g=26
[00:00:04:00:886] Path of length 46 found: [0, 9, 10, 11, 2, 3, 4, 5, 6, 15, 16, 25, 26, 35, 44, 43, 42, 33, 32, 23, 22, 21, 30, 29, 38, 37, 46, 45, 54, 63, 72, 73, 74, 65, 56, 57, 58, 67, 76, 77, 78, 69, 60, 61, 62, 71, 80]
[00:00:04:01:437] ! Bidirectional. expansions: 28,593, time: 240,887 [ms], path length: 46 [edges], g_F: 37, g_B: 9, generated: {'F': 24,649, 'B': 21,348}, MM: 28, MMPER: 58.57446808510638%
[00:00:04:01:437] 
---------- SM_Grids/9x9_grid_with_random_blocks_12per_2 ----------
[00:00:00:47:689] Expansion 10,000: state None, f=45, g=16
[00:00:00:52:243] Path of length 44 found: [0, 9, 18, 27, 28, 29, 20, 11, 12, 13, 22, 31, 40, 39, 48, 47, 46, 55, 64, 73, 74, 75, 66, 67, 58, 59, 50, 51, 42, 33, 24, 15, 6, 7, 8, 17, 26, 35, 44, 53, 62, 61, 70, 79, 80]
[00:00:00:52:244] ! Unidirectional s-t. expansions: 10,777, time: 52,243 [ms], path length: 44 [edges], generated: 18,738
[00:00:00:48:475] Expansion 10,000: state None, f=45, g=12
[00:00:00:49:242] Path of length 44 found: [80, 79, 78, 69, 60, 61, 62, 53, 44, 43, 42, 33, 24, 25, 26, 17, 8, 7, 6, 5, 14, 13, 22, 31, 40, 39, 48, 57, 58, 67, 76, 75, 74, 65, 64, 55, 46, 37, 28, 29, 20, 11, 2, 1, 0]
[00:00:00:49:244] ! Unidirectional t-s. expansions: 10,170, time: 49,242 [ms], path length: 44 [edges], generated: 16,977
[00:00:01:48:062] Expansion 10,000: F [0, 9, 18, 27, 28], B [80, 79, 78, 77, 76, 67, 58, 59, 60, 61, 62, 53, 44, 35, 26], f=46, g=18
[00:00:03:21:569] Expansion 20,000: F [0, 9, 10, 19, 28, 29, 38], B [80, 79, 78, 69, 60, 61, 62, 53, 44, 43, 34, 25, 26, 17, 8, 7, 6, 5, 14], f=45, g=24
[00:00:04:03:862] Path of length 44 found: [0, 1, 2, 11, 20, 19, 28, 37, 38, 47, 56, 55, 64, 73, 74, 75, 66, 67, 58, 49, 40, 31, 22, 13, 14, 5, 6, 7, 8, 17, 26, 25, 24, 33, 42, 43, 44, 53, 62, 61, 60, 69, 78, 79, 80]
[00:00:04:04:752] ! Bidirectional. expansions: 23,397, time: 243,862 [ms], path length: 44 [edges], g_F: 7, g_B: 37, generated: {'F': 21,175, 'B': 19,289}, MM: 30, MMPER: 65.66666666666667%
[00:00:04:04:753] 
---------- SM_Grids/9x9_grid_with_random_blocks_12per_3 ----------
[00:00:00:27:730] Path of length 46 found: [0, 1, 2, 3, 12, 21, 20, 19, 28, 37, 46, 45, 54, 63, 72, 73, 74, 75, 76, 67, 58, 57, 48, 39, 40, 31, 32, 23, 14, 5, 6, 7, 8, 17, 26, 25, 34, 43, 44, 53, 62, 61, 60, 69, 78, 79, 80]
[00:00:00:27:732] ! Unidirectional s-t. expansions: 6,221, time: 27,731 [ms], path length: 46 [edges], generated: 10,671
[00:00:00:49:533] Expansion 10,000: state None, f=47, g=14
[00:00:00:52:987] Path of length 46 found: [80, 71, 62, 53, 44, 43, 42, 51, 60, 69, 68, 77, 76, 75, 74, 73, 72, 63, 54, 45, 46, 47, 56, 57, 58, 49, 40, 31, 32, 23, 24, 25, 26, 17, 8, 7, 6, 5, 4, 3, 12, 21, 20, 19, 10, 1, 0]
[00:00:00:52:989] ! Unidirectional t-s. expansions: 10,624, time: 52,987 [ms], path length: 46 [edges], generated: 18,287
[00:00:01:44:501] Expansion 10,000: F [0, 1, 10, 19, 20, 21, 22, 13, 4], B [80, 71, 70, 61, 60, 51, 50], f=48, g=14
[00:00:03:16:371] Expansion 20,000: F [0, 1, 2, 3, 4, 5, 14, 23], B [80, 79, 70, 69, 68, 67, 76, 75, 74, 73, 72], f=47, g=17
[00:00:03:18:492] Path of length 46 found: [0, 1, 10, 19, 20, 21, 12, 3, 4, 5, 6, 7, 8, 17, 26, 25, 24, 23, 32, 31, 40, 49, 58, 57, 56, 47, 46, 45, 54, 63, 72, 73, 74, 75, 76, 77, 68, 69, 60, 51, 42, 43, 44, 53, 62, 71, 80]
[00:00:03:19:076] ! Bidirectional. expansions: 20,159, time: 198,492 [ms], path length: 46 [edges], g_F: 5, g_B: 41, generated: {'F': 20,707, 'B': 13,513}, MM: 36, MMPER: 75.59574468085107%
[00:00:03:19:076] 
---------- SM_Grids/9x9_grid_with_random_blocks_12per_4 ----------
[00:00:00:15:169] Path of length 46 found: [0, 9, 18, 27, 28, 37, 46, 45, 54, 63, 72, 73, 74, 65, 56, 57, 48, 49, 40, 41, 32, 23, 22, 21, 20, 11, 2, 3, 4, 5, 6, 15, 16, 25, 26, 35, 44, 43, 52, 51, 60, 59, 68, 77, 78, 79, 80]
[00:00:00:15:170] ! Unidirectional s-t. expansions: 2,961, time: 15,169 [ms], path length: 46 [edges], generated: 5,340
[00:00:00:09:877] Path of length 46 found: [80, 79, 78, 77, 68, 59, 60, 61, 52, 53, 44, 35, 26, 17, 16, 15, 6, 5, 4, 3, 2, 11, 20, 21, 22, 23, 32, 41, 40, 49, 48, 57, 56, 65, 74, 73, 72, 63, 54, 45, 46, 37, 28, 27, 18, 9, 0]
[00:00:00:09:878] ! Unidirectional t-s. expansions: 1,882, time: 9,877 [ms], path length: 46 [edges], generated: 3,145
[00:00:01:08:703] Path of length 46 found: [0, 9, 10, 11, 2, 3, 4, 5, 6, 15, 16, 25, 26, 35, 44, 53, 62, 61, 60, 51, 42, 33, 32, 23, 22, 21, 30, 39, 38, 37, 36, 45, 54, 63, 72, 73, 74, 65, 56, 57, 58, 67, 68, 77, 78, 79, 80]
[00:00:01:09:256] ! Bidirectional. expansions: 7,411, time: 68,703 [ms], path length: 46 [edges], g_F: 31, g_B: 15, generated: {'F': 6,799, 'B': 6,073}, MM: 16, MMPER: 33.04255319148936%
[00:00:01:09:256] 
---------- SM_Grids/9x9_grid_with_random_blocks_12per_5 ----------
[00:00:00:07:390] Path of length 40 found: [0, 9, 18, 27, 36, 45, 46, 47, 56, 65, 66, 67, 76, 77, 78, 69, 60, 59, 50, 49, 40, 39, 30, 29, 20, 11, 2, 3, 4, 13, 22, 23, 32, 33, 42, 43, 52, 53, 62, 71, 80]
[00:00:00:07:391] ! Unidirectional s-t. expansions: 1,377, time: 7,390 [ms], path length: 40 [edges], generated: 2,458
[00:00:00:06:637] Path of length 40 found: [80, 71, 62, 53, 44, 43, 42, 33, 24, 23, 14, 13, 4, 3, 2, 11, 20, 21, 30, 31, 40, 49, 50, 59, 60, 69, 78, 77, 76, 67, 66, 57, 56, 47, 38, 37, 28, 27, 18, 9, 0]
[00:00:00:06:638] ! Unidirectional t-s. expansions: 1,230, time: 6,637 [ms], path length: 40 [edges], generated: 2,195
[00:00:00:35:716] Path of length 40 found: [0, 1, 2, 3, 4, 13, 14, 23, 24, 33, 42, 43, 44, 53, 62, 61, 60, 59, 50, 49, 40, 31, 30, 21, 20, 19, 18, 27, 36, 45, 46, 47, 56, 65, 66, 67, 76, 77, 78, 79, 80]
[00:00:00:36:267] ! Bidirectional. expansions: 3,104, time: 35,717 [ms], path length: 40 [edges], g_F: 35, g_B: 5, generated: {'F': 3,008, 'B': 2,526}, MM: 30, MMPER: 72.17073170731707%
[00:00:00:36:267] 
---------- SM_Grids/9x9_grid_with_random_blocks_12per_6 ----------
[00:00:00:29:673] Path of length 48 found: [0, 1, 10, 19, 18, 27, 36, 37, 38, 39, 48, 57, 56, 55, 54, 63, 72, 73, 74, 75, 76, 67, 68, 59, 50, 51, 42, 33, 32, 23, 22, 21, 12, 3, 4, 5, 6, 15, 16, 25, 26, 35, 44, 53, 62, 61, 70, 79, 80]
[00:00:00:29:675] ! Unidirectional s-t. expansions: 5,747, time: 29,674 [ms], path length: 48 [edges], generated: 10,055
[00:00:00:20:799] Path of length 48 found: [80, 71, 62, 53, 44, 35, 26, 17, 16, 7, 6, 5, 4, 3, 12, 21, 22, 23, 24, 33, 42, 41, 50, 59, 60, 69, 78, 77, 76, 75, 74, 73, 72, 63, 54, 55, 56, 57, 48, 39, 38, 37, 36, 27, 18, 19, 10, 1, 0]
[00:00:00:20:800] ! Unidirectional t-s. expansions: 4,072, time: 20,799 [ms], path length: 48 [edges], generated: 6,542
[00:00:01:40:478] Expansion 10,000: F [0, 9, 10, 11, 12, 21, 22, 23, 32], B [80, 79, 78, 69], f=49, g=11
[00:00:01:43:951] Path of length 48 found: [0, 1, 10, 19, 18, 27, 36, 37, 38, 39, 48, 57, 56, 55, 54, 63, 72, 73, 74, 75, 76, 67, 68, 59, 50, 51, 42, 33, 32, 23, 22, 21, 12, 3, 4, 5, 6, 15, 16, 25, 26, 35, 44, 53, 62, 61, 70, 79, 80]
[00:00:01:44:521] ! Bidirectional. expansions: 10,241, time: 103,951 [ms], path length: 48 [edges], g_F: 41, g_B: 7, generated: {'F': 10,941, 'B': 6,493}, MM: 34, MMPER: 68.38775510204081%
[00:00:01:44:521] 
---------- SM_Grids/9x9_grid_with_random_blocks_12per_7 ----------
[00:00:00:47:254] Expansion 10,000: state None, f=45, g=16
[00:00:00:52:467] Path of length 44 found: [0, 9, 18, 27, 36, 45, 54, 63, 64, 73, 74, 75, 76, 77, 68, 59, 58, 57, 56, 47, 38, 39, 40, 31, 22, 21, 20, 11, 2, 3, 4, 5, 6, 7, 16, 25, 24, 33, 42, 51, 52, 53, 62, 71, 80]
[00:00:00:52:469] ! Unidirectional s-t. expansions: 11,092, time: 52,467 [ms], path length: 44 [edges], generated: 19,234
[00:00:00:53:659] Expansion 10,000: state None, f=45, g=25
[00:00:01:23:754] Path of length 44 found: [80, 71, 62, 53, 52, 51, 42, 41, 40, 31, 22, 23, 24, 25, 16, 7, 6, 5, 4, 3, 2, 11, 20, 29, 38, 47, 48, 57, 58, 59, 68, 77, 76, 75, 74, 65, 64, 55, 54, 45, 36, 27, 18, 9, 0]
[00:00:01:23:755] ! Unidirectional t-s. expansions: 16,618, time: 83,754 [ms], path length: 44 [edges], generated: 29,289
[00:00:01:39:908] Expansion 10,000: F [0, 9, 18, 27, 28, 29, 20, 21, 22, 13, 4, 5, 6], B [80, 71, 62, 61, 60, 51, 50], f=47, g=18
[00:00:03:03:663] Expansion 20,000: F [0, 9, 18, 19, 20, 21], B [80, 79, 78, 77, 76, 75, 66, 57, 48], f=46, g=13
[00:00:04:11:632] Expansion 30,000: F [0, 9, 10, 11, 2, 3, 4, 13, 22, 23], B [80, 71, 70, 61, 60, 59, 68, 77, 76, 75, 74, 65, 64, 55, 54, 45, 36], f=45, g=25
[00:00:05:13:684] Path of length 44 found: [0, 9, 18, 27, 36, 45, 54, 63, 64, 73, 74, 75, 76, 77, 68, 59, 58, 57, 48, 47, 38, 29, 20, 11, 2, 3, 4, 5, 6, 7, 16, 25, 24, 23, 22, 31, 40, 41, 42, 51, 52, 53, 62, 71, 80]
[00:00:05:14:248] ! Bidirectional. expansions: 36,799, time: 313,684 [ms], path length: 44 [edges], g_F: 31, g_B: 13, generated: {'F': 33,683, 'B': 30,567}, MM: 18, MMPER: 39.0%
[00:00:05:14:248] 
---------- SM_Grids/9x9_grid_with_random_blocks_12per_8 ----------
[00:00:00:08:202] Path of length 48 found: [0, 9, 18, 19, 20, 11, 2, 3, 4, 13, 22, 31, 32, 33, 24, 15, 6, 7, 8, 17, 26, 35, 44, 53, 62, 61, 60, 51, 50, 49, 48, 47, 38, 37, 36, 45, 54, 63, 72, 73, 74, 75, 66, 67, 68, 77, 78, 79, 80]
[00:00:00:08:203] ! Unidirectional s-t. expansions: 1,622, time: 8,203 [ms], path length: 48 [edges], generated: 2,585
[00:00:00:17:642] Path of length 48 found: [80, 79, 78, 77, 68, 67, 66, 75, 74, 73, 72, 63, 54, 45, 36, 37, 38, 47, 48, 49, 40, 41, 42, 51, 60, 61, 62, 53, 44, 35, 26, 17, 8, 7, 6, 15, 24, 23, 22, 13, 4, 3, 2, 11, 20, 19, 18, 9, 0]
[00:00:00:17:643] ! Unidirectional t-s. expansions: 3,577, time: 17,642 [ms], path length: 48 [edges], generated: 5,824
[00:00:01:11:158] Path of length 48 found: [0, 9, 18, 19, 20, 11, 2, 3, 4, 5, 6, 7, 16, 17, 26, 35, 44, 53, 62, 61, 60, 51, 42, 33, 24, 23, 22, 31, 40, 49, 48, 47, 38, 37, 36, 45, 54, 63, 72, 73, 74, 75, 66, 67, 68, 77, 78, 79, 80]
[00:00:01:11:690] ! Bidirectional. expansions: 7,039, time: 71,158 [ms], path length: 48 [edges], g_F: 22, g_B: 26, generated: {'F': 3,983, 'B': 7,462}, MM: 4, MMPER: 7.163265306122449%
[00:00:01:11:691] 
---------- SM_Grids/9x9_grid_with_random_blocks_12per_9 ----------
[00:00:00:49:467] Expansion 10,000: state None, f=45, g=18
[00:00:00:59:115] Path of length 44 found: [0, 1, 2, 11, 20, 19, 18, 27, 36, 37, 38, 47, 56, 55, 54, 63, 72, 73, 74, 75, 76, 77, 78, 69, 60, 59, 50, 41, 40, 31, 22, 13, 14, 15, 16, 17, 26, 35, 34, 43, 52, 53, 62, 71, 80]
[00:00:00:59:116] ! Unidirectional s-t. expansions: 11,894, time: 59,115 [ms], path length: 44 [edges], generated: 21,980
[00:00:00:45:583] Expansion 10,000: state None, f=46, g=22
[00:00:01:24:560] Expansion 20,000: state None, f=45, g=20
[00:00:01:40:096] Path of length 44 found: [80, 71, 62, 53, 52, 43, 34, 35, 26, 17, 16, 15, 14, 23, 22, 31, 40, 39, 48, 57, 58, 59, 60, 69, 78, 77, 76, 75, 74, 73, 72, 63, 54, 55, 46, 37, 36, 27, 18, 19, 20, 11, 2, 1, 0]
[00:00:01:40:098] ! Unidirectional t-s. expansions: 23,730, time: 100,096 [ms], path length: 44 [edges], generated: 38,965
[00:00:01:49:260] Expansion 10,000: F [0, 9, 10, 11], B [80, 79, 70, 69, 68, 67, 66, 75, 74, 73, 72, 63, 54, 55, 56, 47], f=47, g=18
[00:00:03:13:966] Expansion 20,000: F [0, 9, 18, 27, 36, 37, 38, 47], B [80, 79, 78, 77, 68, 59, 60, 51, 52, 43, 44, 35, 26, 25], f=46, g=20
[00:00:04:26:172] Expansion 30,000: F [0, 9, 18, 27, 28, 29, 20, 21, 12, 13, 14, 15], B [80, 79, 78, 77, 68, 67, 66, 75, 74, 73, 72, 63, 54, 55, 56, 47, 48, 39, 40, 41, 50, 51, 60, 61, 62, 53, 44], f=45, g=37
[00:00:05:53:674] Path of length 44 found: [0, 1, 2, 11, 20, 19, 18, 27, 36, 37, 38, 47, 56, 55, 54, 63, 72, 73, 74, 75, 76, 77, 78, 69, 60, 59, 50, 49, 40, 31, 22, 13, 14, 15, 16, 17, 26, 35, 34, 43, 52, 53, 62, 71, 80]
[00:00:05:54:255] ! Bidirectional. expansions: 39,995, time: 353,674 [ms], path length: 44 [edges], g_F: 21, g_B: 23, generated: {'F': 35,413, 'B': 32,804}, MM: 2, MMPER: 3.4444444444444446%
[00:00:05:54:255] average expansions: (6,647, 8,345, 18,211, 0)
[00:00:05:54:255] average time: (32,685, 40,113, 168,657, 0)
[00:00:05:54:255] XA*: 6,647 , 32,685 (expansions , time[ms])
[00:00:05:54:255] BiXA*: 18,211 , 168,657 (expansions , time[ms])

