--------------------------
date: SM_Grids
number_of_graphs: 10
graph_type: grid
size_of_graphs: [9, 9]
heuristic: bcc_heuristic
snake: True
run_uni: True
run_bi: True
run_multi: False
solution_vertices: []
algorithms: ['A']
lookahead: 1
bsd: False
cube_first_dims: 4
cube_buffer_dim: None
backward_sym_generation: False
sym_coil: False
prefix_set: None

---------- SM_Grids/9x9_grid_with_random_blocks_8per_0 ----------
[00:00:00:52:982] Expansion 10,000: state None, f=50, g=24
[00:00:01:39:916] Expansion 20,000: state None, f=49, g=17
[00:00:01:52:128] Path of length 48 found: [0, 1, 2, 3, 4, 5, 6, 7, 8, 17, 26, 25, 24, 23, 22, 31, 30, 29, 20, 19, 18, 27, 36, 37, 46, 55, 54, 63, 72, 73, 74, 75, 66, 57, 48, 49, 50, 41, 42, 43, 44, 53, 62, 61, 60, 69, 78, 79, 80]
[00:00:01:52:129] ! Unidirectional s-t. expansions: 22,169, time: 112,128 [ms], path length: 48 [edges], generated: 38,386
[00:00:00:57:396] Expansion 10,000: state None, f=50, g=29
[00:00:01:45:224] Expansion 20,000: state None, f=49, g=29
[00:00:02:31:424] Expansion 30,000: state None, f=49, g=15
[00:00:02:41:252] Path of length 48 found: [80, 79, 78, 77, 76, 75, 74, 73, 72, 63, 54, 55, 56, 57, 48, 49, 50, 59, 60, 61, 62, 53, 44, 43, 42, 33, 24, 25, 26, 17, 8, 7, 6, 5, 14, 13, 22, 31, 30, 29, 38, 37, 36, 27, 18, 19, 10, 1, 0]
[00:00:02:41:254] ! Unidirectional t-s. expansions: 31,590, time: 161,252 [ms], path length: 48 [edges], generated: 52,961
[00:00:01:54:333] Expansion 10,000: F [0, 9, 18, 27, 36, 37, 38, 29, 20, 11, 12, 3, 4, 5, 6, 7, 8, 17, 26, 35, 34], B [80, 71, 62, 61], f=51, g=23
[00:00:03:46:780] Expansion 20,000: F [0, 1, 2, 11, 20, 19, 18, 27, 36, 37, 38], B [80, 79, 78, 77, 68, 59, 60, 61, 52, 43, 44, 35, 26, 17, 8, 7, 6, 5, 4, 13, 22], f=50, g=30
[00:00:05:15:887] Expansion 30,000: F [0, 1, 2, 3, 12, 13, 14, 5, 6, 7, 8, 17, 26, 35, 44, 43, 42, 33], B [80, 79, 78, 69, 60, 59, 50], f=50, g=23
[00:00:06:53:143] Expansion 40,000: F [0, 9, 18, 27, 36, 37, 38, 29, 30, 31, 32], B [80, 79, 78, 77, 76, 75, 74, 73, 72, 63, 54, 55, 56, 57, 48, 49, 50, 59, 60, 61, 62, 53, 44, 35, 34], f=49, g=34
[00:00:08:04:273] Expansion 50,000: F [0, 1, 2, 3, 12, 13, 14, 5, 6, 7, 16, 25, 26, 35, 44, 43, 42, 33, 32, 31, 40, 49, 48, 57, 56], B [80, 71, 62, 61, 60, 59, 68, 77, 76, 75, 74], f=49, g=34
[00:00:09:34:860] Expansion 60,000: F [0, 1, 10, 19, 20, 29, 38, 37, 36, 45, 54, 63], B [80, 71, 62, 61, 52, 43, 44, 35, 26, 17, 16, 7, 6, 5], f=49, g=24
[00:00:11:14:292] Expansion 70,000: F [0, 9, 18, 19, 20, 11, 12, 13, 14, 5, 6, 7, 16, 17, 26, 35, 44], B [80, 79, 78, 69, 68, 59], f=49, g=21
[00:00:13:15:461] Expansion 80,000: F [0, 1, 2, 11, 12, 13, 22], B [80, 71, 62, 53, 52, 43], f=49, g=11
[00:00:13:18:762] Path of length 48 found: [0, 9, 18, 27, 36, 37, 46, 55, 54, 63, 72, 73, 74, 75, 66, 57, 48, 49, 40, 31, 30, 29, 20, 11, 2, 3, 4, 5, 6, 7, 8, 17, 26, 25, 24, 33, 42, 43, 44, 53, 62, 61, 60, 59, 68, 77, 78, 79, 80]
[00:00:13:19:529] ! Bidirectional. expansions: 80,185, time: 798,762 [ms], path length: 48 [edges], g_F: 28, g_B: 20, generated: {'F': 67,053, 'B': 70,840}, MM: 8, MMPER: 15.326530612244898%
[00:00:13:19:529] 
---------- SM_Grids/9x9_grid_with_random_blocks_8per_1 ----------
[00:00:00:50:874] Expansion 10,000: state None, f=46, g=25
[00:00:01:32:610] Expansion 20,000: state None, f=45, g=26
[00:00:02:00:181] Path of length 44 found: [0, 1, 2, 3, 12, 13, 14, 5, 6, 7, 8, 17, 26, 25, 34, 43, 44, 53, 62, 61, 60, 51, 50, 41, 32, 31, 30, 29, 20, 19, 18, 27, 36, 45, 46, 47, 48, 57, 66, 75, 76, 77, 78, 79, 80]
[00:00:02:00:183] ! Unidirectional s-t. expansions: 26,137, time: 120,181 [ms], path length: 44 [edges], generated: 44,737
[00:00:01:03:261] Expansion 10,000: state None, f=47, g=23
[00:00:01:53:790] Expansion 20,000: state None, f=46, g=21
[00:00:02:42:151] Expansion 30,000: state None, f=45, g=21
[00:00:03:27:946] Path of length 44 found: [80, 79, 70, 61, 62, 53, 44, 43, 42, 51, 50, 59, 68, 77, 76, 75, 66, 57, 48, 47, 46, 37, 36, 27, 18, 19, 20, 29, 30, 31, 32, 23, 24, 25, 26, 17, 8, 7, 6, 5, 4, 3, 2, 1, 0]
[00:00:03:27:948] ! Unidirectional t-s. expansions: 38,507, time: 207,946 [ms], path length: 44 [edges], generated: 68,342
[00:00:02:02:939] Expansion 10,000: F [0, 1, 2, 3, 12, 13, 14, 5, 6, 7, 16, 25, 34, 35, 44, 53, 52, 51, 42, 41, 32, 31, 30], B [80, 79, 70, 69], f=48, g=25
[00:00:03:43:460] Expansion 20,000: F [0, 1, 2, 3, 4, 13, 22, 31, 30, 29, 20, 19, 18, 27, 36, 37, 46, 47, 48], B [80, 79, 78, 77, 76, 75, 66], f=47, g=24
[00:00:05:28:097] Expansion 30,000: F [0, 1, 2, 3, 12, 13, 14, 15, 6, 7, 8, 17, 26, 35, 44, 53, 52, 51, 42, 33, 32, 31], B [80, 71, 70, 69, 78, 77, 76, 75, 66, 57], f=46, g=30
[00:00:06:54:141] Expansion 40,000: F [0, 1, 10, 19, 18, 27, 36, 45], B [80, 79, 78, 69, 60, 61, 52, 53, 44, 35, 34, 33, 32], f=46, g=19
[00:00:08:29:901] Expansion 50,000: F [0, 1, 2, 3, 12, 13, 14, 15, 6, 7, 8, 17, 26, 35, 44, 53, 62, 61, 60, 51, 42, 33, 32, 31], B [80, 79, 78, 77, 76, 67], f=45, g=28
[00:00:10:02:854] Expansion 60,000: F [0, 1, 2, 3, 4, 5, 6, 7, 8, 17, 26, 35, 34, 33, 24, 23, 22, 31, 30, 29, 20, 19], B [80, 79, 78, 77, 68], f=45, g=25
[00:00:11:48:441] Expansion 70,000: F [0, 9, 18, 27, 36, 45, 46, 47, 48], B [80, 79, 78, 69, 60, 61, 52, 43, 42, 41, 40], f=45, g=18
[00:00:12:25:321] Path of length 44 found: [0, 9, 18, 27, 36, 37, 46, 47, 48, 57, 66, 75, 76, 77, 78, 69, 60, 51, 50, 41, 40, 31, 30, 29, 20, 11, 2, 3, 4, 13, 14, 15, 6, 7, 8, 17, 26, 25, 34, 43, 44, 53, 62, 71, 80]
[00:00:12:26:145] ! Bidirectional. expansions: 72,702, time: 745,321 [ms], path length: 44 [edges], g_F: 12, g_B: 32, generated: {'F': 66,301, 'B': 63,322}, MM: 20, MMPER: 43.44444444444444%
[00:00:12:26:146] 
---------- SM_Grids/9x9_grid_with_random_blocks_8per_2 ----------
[00:00:00:55:276] Expansion 10,000: state None, f=49, g=19
[00:00:01:16:246] Path of length 48 found: [0, 9, 10, 11, 2, 3, 4, 5, 6, 7, 16, 25, 26, 35, 44, 53, 52, 51, 42, 33, 32, 23, 22, 21, 30, 29, 28, 27, 36, 45, 54, 63, 72, 73, 74, 65, 56, 47, 48, 49, 58, 67, 76, 77, 78, 69, 70, 71, 80]
[00:00:01:16:252] ! Unidirectional s-t. expansions: 13,872, time: 76,246 [ms], path length: 48 [edges], generated: 24,133
[00:00:01:02:223] Expansion 10,000: state None, f=49, g=35
[00:00:01:42:557] Path of length 48 found: [80, 79, 70, 61, 62, 53, 44, 35, 26, 25, 16, 7, 6, 5, 4, 3, 2, 11, 20, 21, 22, 31, 32, 33, 42, 51, 50, 59, 68, 67, 76, 75, 74, 73, 72, 63, 54, 55, 56, 57, 48, 39, 38, 37, 28, 27, 18, 9, 0]
[00:00:01:42:559] ! Unidirectional t-s. expansions: 17,250, time: 102,557 [ms], path length: 48 [edges], generated: 31,216
[00:00:02:05:427] Expansion 10,000: F [0, 9, 10, 19], B [80, 71, 70, 69, 78, 77, 76, 75, 74, 73, 72, 63, 54, 55, 56, 57, 48, 39], f=50, g=20
[00:00:03:45:996] Expansion 20,000: F [0, 9, 18, 27, 36, 45, 54, 55, 64, 73, 74, 75, 76, 67, 58, 57, 48, 47, 38, 29], B [80, 79, 70, 61, 62, 53, 44, 35], f=49, g=26
[00:00:05:33:893] Expansion 30,000: F [0, 9, 18, 27, 36, 37, 46, 55, 54, 63, 72, 73, 74, 75, 66, 57, 48, 39, 30, 29], B [80, 71, 70, 69, 68, 59, 50], f=49, g=25
[00:00:05:44:301] Path of length 48 found: [0, 9, 18, 27, 28, 37, 38, 39, 48, 57, 56, 55, 54, 63, 72, 73, 74, 75, 76, 67, 68, 59, 50, 51, 42, 33, 32, 31, 22, 21, 20, 11, 2, 3, 4, 5, 6, 7, 16, 25, 26, 35, 44, 53, 62, 61, 70, 79, 80]
[00:00:05:45:080] ! Bidirectional. expansions: 30,667, time: 344,301 [ms], path length: 48 [edges], g_F: 34, g_B: 14, generated: {'F': 28,812, 'B': 25,753}, MM: 20, MMPER: 39.816326530612244%
[00:00:05:45:080] 
---------- SM_Grids/9x9_grid_with_random_blocks_8per_3 ----------
[00:00:00:56:242] Expansion 10,000: state None, f=49, g=27
[00:00:01:46:475] Expansion 20,000: state None, f=48, g=34
[00:00:02:34:649] Expansion 30,000: state None, f=48, g=19
[00:00:03:19:119] Expansion 40,000: state None, f=47, g=25
[00:00:04:03:086] Expansion 50,000: state None, f=47, g=20
[00:00:04:55:575] Expansion 60,000: state None, f=47, g=15
[00:00:05:02:220] Path of length 46 found: [0, 1, 10, 19, 18, 27, 36, 37, 38, 29, 30, 21, 12, 3, 4, 5, 6, 7, 16, 25, 24, 33, 32, 41, 40, 49, 48, 57, 56, 55, 54, 63, 72, 73, 74, 75, 76, 67, 68, 59, 60, 51, 52, 53, 62, 71, 80]
[00:00:05:02:222] ! Unidirectional s-t. expansions: 61,182, time: 302,220 [ms], path length: 46 [edges], generated: 104,704
[00:00:01:10:842] Expansion 10,000: state None, f=50, g=14
[00:00:02:00:417] Expansion 20,000: state None, f=49, g=11
[00:00:02:41:497] Expansion 30,000: state None, f=48, g=24
[00:00:03:33:178] Expansion 40,000: state None, f=47, g=33
[00:00:04:15:820] Expansion 50,000: state None, f=47, g=26
[00:00:05:04:493] Expansion 60,000: state None, f=47, g=29
[00:00:05:40:575] Path of length 46 found: [80, 71, 70, 69, 78, 77, 76, 67, 58, 57, 56, 65, 74, 73, 72, 63, 54, 45, 46, 37, 38, 39, 30, 31, 32, 41, 50, 51, 52, 53, 44, 35, 34, 25, 16, 7, 6, 5, 4, 13, 12, 11, 20, 19, 18, 9, 0]
[00:00:05:40:578] ! Unidirectional t-s. expansions: 67,430, time: 340,576 [ms], path length: 46 [edges], generated: 116,574
[00:00:02:06:257] Expansion 10,000: F [0, 1, 10, 11, 20, 29, 28, 27, 36, 45], B [80, 79, 78, 77, 76, 75, 74], f=51, g=15
[00:00:04:10:615] Expansion 20,000: F [0, 9, 10], B [80, 71, 62, 53, 44, 35, 34, 33, 32, 41, 40, 39, 48, 57], f=50, g=15
[00:00:05:48:122] Expansion 30,000: F [0, 1, 10, 19, 20, 21, 12, 3, 4, 5], B [80, 71, 70, 69, 78, 77, 76, 75, 74, 73, 64, 55, 54, 45, 36, 37, 38, 47, 48, 57], f=49, g=28
[00:00:07:24:975] Expansion 40,000: F [0, 9, 18, 19, 28, 37, 36, 45, 54, 63, 72, 73], B [80, 79, 78, 77, 68, 59, 60, 51, 52, 53, 44, 35, 34, 33], f=49, g=24
[00:00:09:18:915] Expansion 50,000: F [0, 1, 2, 11, 20, 29, 38, 37, 46, 55, 54, 63, 72], B [80, 71, 70], f=49, g=14
[00:00:10:33:643] Expansion 60,000: F [0, 9, 10], B [80, 71, 62, 53, 52, 43, 34, 33, 32, 31, 40, 39, 48, 57, 58, 59, 60, 69, 78, 77, 76, 75, 74, 73, 64, 55, 46, 45, 36, 27], f=48, g=31
[00:00:12:00:855] Expansion 70,000: F [0, 1, 10, 19, 28, 37, 36, 45, 54, 63, 72, 73, 74, 65, 56], B [80, 71, 62, 53, 52, 43, 34, 33, 24, 15], f=48, g=23
[00:00:13:33:591] Expansion 80,000: F [0, 1, 2, 3, 4, 13, 14, 15, 24, 25, 34, 35, 44], B [80, 71, 70, 69, 78, 77, 76, 67, 58, 57, 48, 39], f=48, g=23
[00:00:15:18:091] Expansion 90,000: F [0, 9, 18, 27, 28, 29, 30, 21, 12, 13, 4, 5, 6, 7], B [80, 79, 70, 69], f=48, g=16
[00:00:16:46:241] Expansion 100,000: F [0, 1, 2, 3, 4, 13, 14, 15], B [80, 71, 62, 53, 52, 51, 60, 69, 78, 77, 76, 67, 58, 57, 56, 65, 74, 73, 72, 63, 54, 45, 46, 37, 28, 19, 20, 21, 30], f=47, g=35
[00:00:16:46:242] Expansions: 100,000. Checks - state_vs_state: 0, prefix: 387,727
[00:00:16:46:244] Expansions: 100,000. Checks - state_vs_state: 0, prefix: 387,728
[00:00:16:46:245] Expansions: 100,000. Checks - state_vs_state: 0, prefix: 387,729
[00:00:16:46:247] Expansions: 100,000. Checks - state_vs_state: 0, prefix: 387,730
[00:00:16:46:248] Expansions: 100,000. Checks - state_vs_state: 0, prefix: 387,731
[00:00:18:01:365] Expansion 110,000: F [0, 1, 2, 3, 4, 5, 6, 7], B [80, 79, 70, 69, 68, 77, 76, 75, 74, 73, 72, 63, 54, 45, 36, 27, 28, 19, 20, 21, 30, 39, 38, 47, 56], f=47, g=31
[00:00:19:26:397] Expansion 120,000: F [0, 9, 10, 11, 2, 3, 4, 5], B [80, 79, 78, 77, 76, 75, 74, 73, 72, 63, 54, 45, 36, 27, 28, 29, 38, 47, 48, 49], f=47, g=26
[00:00:20:54:946] Expansion 130,000: F [0, 9, 18, 27, 36, 45, 54, 63, 64, 73, 74, 75, 76, 77, 68, 59], B [80, 71, 62, 53, 44, 35, 34, 25, 16, 7, 6, 5], f=47, g=26
[00:00:22:31:845] Expansion 140,000: F [0, 1, 10, 19, 18, 27, 36, 37, 46, 55, 64, 73, 74, 75, 76, 67, 58], B [80, 79, 70, 69, 60, 51, 52, 53, 44, 35, 34, 25], f=47, g=27
[00:00:24:11:295] Expansion 150,000: F [0, 1, 2, 11, 12, 13, 4, 5, 6, 7], B [80, 79, 78, 69, 68, 67, 76, 75, 74, 65, 56, 55, 54, 45, 36], f=47, g=23
[00:00:25:57:983] Expansion 160,000: F [0, 9, 18, 27, 36, 37, 38, 29, 20, 11, 12, 13, 4, 5, 6, 7], B [80, 79, 78, 77, 76, 75, 74, 65], f=47, g=22
[00:00:27:54:278] Expansion 170,000: F [0, 9, 10, 19, 28, 37, 36, 45, 54, 63], B [80, 71, 62, 53, 52, 51, 50, 49], f=47, g=16
[00:00:28:07:161] Path of length 46 found: [0, 9, 18, 27, 28, 37, 46, 45, 54, 63, 72, 73, 74, 65, 56, 57, 58, 67, 76, 77, 78, 69, 60, 51, 50, 41, 32, 31, 30, 21, 20, 11, 2, 3, 4, 13, 14, 15, 24, 25, 34, 35, 44, 53, 62, 71, 80]
[00:00:28:08:070] ! Bidirectional. expansions: 171,001, time: 1,687,161 [ms], path length: 46 [edges], g_F: 39, g_B: 7, generated: {'F': 151,651, 'B': 151,928}, MM: 32, MMPER: 67.08510638297872%
[00:00:28:08:071] 
---------- SM_Grids/9x9_grid_with_random_blocks_8per_4 ----------
[00:00:00:56:354] Expansion 10,000: state None, f=49, g=18
[00:00:01:16:109] Path of length 48 found: [0, 1, 2, 3, 12, 21, 20, 19, 18, 27, 36, 37, 38, 39, 40, 49, 58, 57, 56, 55, 54, 63, 72, 73, 74, 75, 76, 77, 68, 69, 60, 51, 42, 33, 24, 23, 14, 5, 6, 7, 16, 17, 26, 35, 44, 53, 62, 71, 80]
[00:00:01:16:122] ! Unidirectional s-t. expansions: 13,549, time: 76,109 [ms], path length: 48 [edges], generated: 23,471
[00:00:00:57:448] Expansion 10,000: state None, f=49, g=19
[00:00:01:14:989] Path of length 48 found: [80, 71, 62, 53, 44, 35, 26, 17, 8, 7, 6, 5, 14, 23, 32, 33, 42, 51, 60, 69, 78, 77, 76, 67, 58, 49, 40, 39, 38, 47, 56, 65, 74, 73, 72, 63, 54, 45, 36, 27, 18, 19, 20, 21, 12, 3, 2, 1, 0]
[00:00:01:15:000] ! Unidirectional t-s. expansions: 13,019, time: 74,996 [ms], path length: 48 [edges], generated: 23,258
[00:00:01:57:280] Expansion 10,000: F [0, 9, 18, 19, 28], B [80, 71, 62, 53, 44, 35, 26, 17, 8, 7, 6, 5, 14, 13, 12, 21], f=50, g=19
[00:00:03:28:476] Expansion 20,000: F [0, 9, 18, 19], B [80, 71, 62, 53, 44, 43, 42, 51, 60, 69, 68, 77, 76, 75, 74, 73, 72, 63, 54, 55, 56, 57], f=49, g=24
[00:00:05:14:327] Expansion 30,000: F [0, 9, 10, 11], B [80, 79, 78, 69, 60, 51, 42, 43, 44, 35, 26], f=49, g=13
[00:00:05:20:458] Path of length 48 found: [0, 1, 2, 3, 12, 21, 20, 19, 18, 27, 36, 37, 38, 39, 48, 57, 56, 55, 54, 63, 72, 73, 74, 75, 76, 77, 78, 69, 60, 51, 50, 41, 32, 23, 14, 5, 6, 7, 8, 17, 26, 25, 34, 43, 44, 53, 62, 71, 80]
[00:00:05:21:442] ! Bidirectional. expansions: 30,353, time: 320,458 [ms], path length: 48 [edges], g_F: 19, g_B: 29, generated: {'F': 24,262, 'B': 28,583}, MM: 10, MMPER: 19.408163265306122%
[00:00:05:21:443] 
---------- SM_Grids/9x9_grid_with_random_blocks_8per_5 ----------
[00:00:00:52:302] Expansion 10,000: state None, f=48, g=29
[00:00:00:55:475] Path of length 48 found: [0, 9, 18, 27, 28, 37, 46, 45, 54, 63, 64, 65, 74, 75, 76, 77, 68, 59, 58, 57, 48, 39, 40, 41, 42, 33, 24, 23, 22, 21, 20, 11, 2, 3, 4, 5, 6, 7, 16, 17, 26, 35, 44, 53, 52, 61, 70, 79, 80]
[00:00:00:55:478] ! Unidirectional s-t. expansions: 10,741, time: 55,475 [ms], path length: 48 [edges], generated: 18,768
[00:00:01:01:668] Path of length 48 found: [80, 79, 70, 61, 62, 53, 44, 35, 26, 17, 8, 7, 6, 5, 4, 3, 2, 11, 20, 21, 22, 23, 24, 33, 42, 41, 40, 39, 48, 57, 58, 59, 68, 77, 76, 75, 74, 65, 64, 63, 54, 45, 46, 37, 28, 27, 18, 9, 0]
[00:00:01:01:671] ! Unidirectional t-s. expansions: 9,979, time: 61,668 [ms], path length: 48 [edges], generated: 18,080
[00:00:01:54:871] Expansion 10,000: F [0, 9, 18, 27, 28, 29], B [80, 71, 62, 53, 44, 35, 26, 17, 16, 15, 14, 5, 4, 3], f=50, g=18
[00:00:03:28:931] Expansion 20,000: F [0, 9, 18, 27, 36, 45, 54, 55, 64, 65, 66, 67], B [80, 79, 70, 61, 62, 53, 44, 35], f=49, g=18
[00:00:04:27:925] Path of length 48 found: [0, 9, 18, 27, 28, 37, 46, 45, 54, 63, 64, 65, 74, 75, 76, 77, 68, 59, 58, 57, 48, 39, 40, 41, 42, 33, 24, 23, 22, 21, 20, 11, 2, 3, 4, 5, 6, 7, 16, 17, 26, 35, 44, 53, 52, 61, 70, 79, 80]
[00:00:04:28:694] ! Bidirectional. expansions: 24,907, time: 267,925 [ms], path length: 48 [edges], g_F: 19, g_B: 29, generated: {'F': 24,158, 'B': 19,570}, MM: 10, MMPER: 19.408163265306122%
[00:00:04:28:694] 
---------- SM_Grids/9x9_grid_with_random_blocks_8per_6 ----------
[00:00:00:53:007] Expansion 10,000: state None, f=49, g=26
[00:00:01:25:522] Path of length 48 found: [0, 9, 18, 27, 36, 37, 38, 29, 20, 11, 2, 3, 4, 13, 22, 23, 24, 15, 6, 7, 8, 17, 26, 35, 34, 43, 42, 41, 40, 49, 48, 57, 56, 55, 54, 63, 72, 73, 74, 75, 76, 67, 68, 59, 60, 61, 70, 79, 80]
[00:00:01:25:525] ! Unidirectional s-t. expansions: 15,924, time: 85,522 [ms], path length: 48 [edges], generated: 27,700
[00:00:01:00:170] Expansion 10,000: state None, f=49, g=30
[00:00:01:39:727] Path of length 48 found: [80, 71, 70, 61, 60, 59, 68, 67, 76, 75, 74, 73, 72, 63, 54, 55, 56, 57, 48, 49, 40, 41, 42, 43, 34, 35, 26, 17, 8, 7, 6, 15, 24, 23, 22, 13, 4, 3, 2, 11, 20, 29, 38, 37, 36, 27, 18, 9, 0]
[00:00:01:39:733] ! Unidirectional t-s. expansions: 17,024, time: 99,731 [ms], path length: 48 [edges], generated: 31,150
[00:00:02:05:215] Expansion 10,000: F [0, 9, 18, 27, 28, 37, 46], B [80, 71, 62, 53, 44, 35, 26], f=51, g=12
[00:00:03:41:740] Expansion 20,000: F [0, 1, 2, 11, 20, 29, 28, 27, 36, 45, 54, 63, 72, 73, 74, 75, 76], B [80, 79, 70, 61, 62, 53, 44], f=50, g=22
[00:00:05:16:247] Expansion 30,000: F [0, 1, 2, 3, 12, 21, 20, 29, 28, 37, 36, 45, 54], B [80, 71, 62, 53, 52, 43, 34, 35, 26, 17, 8, 7, 6, 15, 14, 23, 32, 31, 40], f=49, g=30
[00:00:06:46:158] Expansion 40,000: F [0, 9, 18, 27, 28, 29], B [80, 71, 70, 69, 60, 59, 58, 67, 66, 75, 74, 73, 64, 55, 46], f=49, g=19
[00:00:08:30:219] Expansion 50,000: F [0, 9, 18, 19, 28, 29, 30, 39, 48, 47, 46, 45, 54, 63, 72, 73, 74, 75, 76, 67, 68], B [80, 79, 70], f=49, g=22
[00:00:08:38:554] Path of length 48 found: [0, 9, 18, 27, 28, 37, 38, 47, 56, 55, 54, 63, 72, 73, 74, 75, 66, 67, 58, 49, 50, 41, 32, 31, 30, 21, 20, 11, 2, 3, 4, 13, 14, 15, 6, 7, 8, 17, 26, 35, 44, 53, 52, 61, 60, 69, 78, 79, 80]
[00:00:08:39:359] ! Bidirectional. expansions: 50,681, time: 518,554 [ms], path length: 48 [edges], g_F: 25, g_B: 23, generated: {'F': 47,963, 'B': 38,597}, MM: 2, MMPER: 3.0816326530612246%
[00:00:08:39:359] 
---------- SM_Grids/9x9_grid_with_random_blocks_8per_7 ----------
[00:00:00:59:136] Expansion 10,000: state None, f=50, g=21
[00:00:01:51:277] Expansion 20,000: state None, f=49, g=20
[00:00:02:10:013] Path of length 48 found: [0, 9, 10, 11, 2, 3, 4, 13, 14, 15, 6, 7, 8, 17, 26, 25, 34, 43, 44, 53, 62, 61, 60, 51, 50, 41, 32, 31, 30, 29, 28, 27, 36, 45, 54, 63, 72, 73, 74, 65, 56, 57, 58, 67, 76, 77, 78, 79, 80]
[00:00:02:10:015] ! Unidirectional s-t. expansions: 23,331, time: 130,014 [ms], path length: 48 [edges], generated: 43,466
[00:00:00:56:452] Expansion 10,000: state None, f=50, g=14
[00:00:01:43:526] Expansion 20,000: state None, f=49, g=14
[00:00:01:46:486] Path of length 48 found: [80, 79, 78, 77, 68, 67, 58, 57, 56, 65, 74, 73, 72, 63, 54, 45, 46, 37, 38, 29, 30, 31, 40, 41, 50, 51, 60, 61, 62, 53, 44, 43, 34, 25, 26, 17, 8, 7, 6, 15, 14, 13, 4, 3, 2, 11, 10, 9, 0]
[00:00:01:46:489] ! Unidirectional t-s. expansions: 20,452, time: 106,486 [ms], path length: 48 [edges], generated: 33,681
[00:00:02:02:022] Expansion 10,000: F [0, 9, 18, 19, 28, 29], B [80, 79, 78, 69, 68, 67, 66, 65, 74, 73, 72, 63, 54, 55, 46, 47], f=51, g=20
[00:00:03:42:453] Expansion 20,000: F [0, 9, 10, 11, 2, 3, 4, 5, 6, 15], B [80, 79, 70, 69, 68, 77, 76, 75, 74, 73, 64, 63, 54], f=50, g=21
[00:00:05:21:649] Expansion 30,000: F [0, 9, 10, 11, 12, 13, 4, 5, 6, 7, 8, 17, 26, 25, 24, 23, 32, 31, 30, 29, 28, 27, 36, 45, 46, 47, 48, 57, 66], B [80, 79, 70, 61, 62, 53, 44, 43, 42, 51, 50, 59, 68, 77, 76], f=49, g=42
[00:00:06:50:465] Expansion 40,000: F [0, 9, 10, 11, 12, 3, 4, 5, 6, 15], B [80, 79, 78, 77, 68, 67, 66, 65, 74, 73, 72, 63, 54, 45], f=49, g=22
[00:00:08:40:397] Expansion 50,000: F [0, 1, 10, 11, 12, 3, 4, 5, 14, 23, 24, 25], B [80, 79, 78, 77, 76, 67], f=49, g=16
[00:00:09:09:622] Path of length 48 found: [0, 9, 10, 11, 2, 3, 4, 13, 14, 15, 6, 7, 8, 17, 26, 25, 34, 43, 44, 53, 62, 61, 60, 51, 50, 41, 32, 31, 30, 39, 38, 37, 36, 45, 54, 63, 72, 73, 74, 65, 56, 57, 58, 67, 68, 77, 78, 79, 80]
[00:00:09:10:918] ! Bidirectional. expansions: 52,231, time: 549,622 [ms], path length: 48 [edges], g_F: 33, g_B: 15, generated: {'F': 40,649, 'B': 52,267}, MM: 18, MMPER: 35.734693877551024%
[00:00:09:10:918] 
---------- SM_Grids/9x9_grid_with_random_blocks_8per_8 ----------
[00:00:00:23:263] Path of length 50 found: [0, 1, 2, 11, 20, 19, 18, 27, 36, 37, 46, 55, 54, 63, 72, 73, 74, 65, 66, 67, 76, 77, 78, 69, 60, 59, 50, 49, 48, 39, 30, 31, 22, 13, 4, 5, 6, 7, 8, 17, 26, 25, 24, 33, 42, 43, 52, 53, 62, 71, 80]
[00:00:00:23:264] ! Unidirectional s-t. expansions: 4,192, time: 23,263 [ms], path length: 50 [edges], generated: 7,038
[00:00:00:27:070] Path of length 50 found: [80, 71, 62, 61, 60, 69, 78, 77, 76, 67, 66, 65, 74, 73, 72, 63, 54, 55, 46, 37, 36, 27, 18, 19, 20, 29, 30, 39, 48, 49, 50, 41, 42, 43, 44, 35, 26, 17, 8, 7, 6, 15, 24, 23, 22, 13, 4, 3, 2, 1, 0]
[00:00:00:27:072] ! Unidirectional t-s. expansions: 4,951, time: 27,070 [ms], path length: 50 [edges], generated: 7,928
[00:00:01:53:910] Expansion 10,000: F [0, 1, 2, 3, 4, 13, 22, 23, 24, 15, 6, 7, 8, 17, 26, 35], B [80, 79, 78, 77, 76, 75, 66, 65], f=51, g=22
[00:00:02:37:088] Path of length 50 found: [0, 1, 2, 3, 12, 13, 14, 5, 6, 7, 8, 17, 26, 25, 24, 33, 42, 43, 44, 53, 62, 61, 60, 59, 50, 49, 48, 39, 30, 29, 20, 19, 18, 27, 36, 37, 46, 55, 54, 63, 72, 73, 74, 65, 66, 67, 76, 77, 78, 79, 80]
[00:00:02:37:724] ! Bidirectional. expansions: 13,505, time: 157,088 [ms], path length: 50 [edges], g_F: 21, g_B: 29, generated: {'F': 13,266, 'B': 9,008}, MM: 8, MMPER: 14.686274509803921%
[00:00:02:37:724] 
---------- SM_Grids/9x9_grid_with_random_blocks_8per_9 ----------
[00:00:00:58:349] Expansion 10,000: state None, f=49, g=10
[00:00:01:49:795] Expansion 20,000: state None, f=48, g=11
[00:00:02:31:491] Expansion 30,000: state None, f=47, g=22
[00:00:03:20:541] Path of length 46 found: [0, 9, 18, 19, 20, 11, 2, 3, 4, 5, 6, 7, 16, 17, 26, 35, 34, 33, 24, 23, 22, 31, 40, 49, 48, 47, 38, 37, 36, 45, 54, 55, 64, 73, 74, 75, 66, 67, 68, 59, 60, 51, 52, 53, 62, 71, 80]
[00:00:03:20:543] ! Unidirectional s-t. expansions: 39,330, time: 200,541 [ms], path length: 46 [edges], generated: 70,104
[00:00:01:02:677] Expansion 10,000: state None, f=47, g=13
[00:00:01:07:895] Path of length 46 found: [80, 71, 62, 53, 52, 51, 60, 59, 68, 67, 66, 75, 74, 73, 64, 55, 54, 45, 36, 27, 18, 19, 20, 29, 38, 47, 48, 49, 40, 41, 32, 33, 24, 25, 26, 17, 8, 7, 6, 5, 14, 13, 12, 3, 2, 1, 0]
[00:00:01:07:896] ! Unidirectional t-s. expansions: 11,282, time: 67,895 [ms], path length: 46 [edges], generated: 20,415
[00:00:02:03:541] Expansion 10,000: F [0, 1, 2, 11, 20, 19, 18, 27, 36, 45, 54, 55, 64, 73, 74, 75, 66, 57, 48], B [80, 79, 78, 77, 68, 59, 60, 51, 52, 53, 44, 35, 26, 17, 8, 7, 6, 5], f=48, g=35
[00:00:03:39:080] Expansion 20,000: F [0, 1, 2, 11, 20, 19, 28, 27, 36, 45, 54, 55, 64, 73, 74, 75, 66, 57, 48], B [80, 79, 78, 77, 68, 59, 50, 51, 52, 53, 44, 35, 26, 17, 8, 7, 6, 5, 4, 13, 22], f=47, g=38
[00:00:05:04:275] Expansion 30,000: F [0, 9, 10, 19, 20, 21, 12, 3, 4, 5, 6, 7, 8, 17, 26, 25, 24, 23, 32, 41, 40, 39, 48, 47], B [80], f=47, g=23
[00:00:06:37:013] Path of length 46 found: [0, 9, 18, 19, 20, 11, 2, 3, 4, 5, 6, 7, 16, 17, 26, 35, 34, 33, 24, 23, 22, 31, 40, 49, 48, 47, 38, 37, 36, 45, 54, 55, 64, 73, 74, 75, 66, 67, 68, 59, 60, 51, 52, 53, 62, 71, 80]
[00:00:06:37:823] ! Bidirectional. expansions: 38,215, time: 397,013 [ms], path length: 46 [edges], g_F: 46, g_B: 0, generated: {'F': 42,195, 'B': 25,537}, MM: 46, MMPER: 96.87234042553192%
[00:00:06:37:823] average expansions: (23,043, 23,148, 56,445, 0)
[00:00:06:37:824] average time: (118,170, 125,018, 578,620, 0)
[00:00:06:37:824] XA*: 23,043 , 118,170 (expansions , time[ms])
[00:00:06:37:824] BiXA*: 56,445 , 578,620 (expansions , time[ms])

