--------------------------
date: SM_Grids
number_of_graphs: 10
graph_type: grid
size_of_graphs: [8, 8]
heuristic: bcc_heuristic
snake: False
run_uni: True
run_bi: True
run_multi: False
solution_vertices: []
algorithms: ['XMM']
lookahead: 1
bsd: False
cube_first_dims: 4
cube_buffer_dim: None
backward_sym_generation: False
sym_coil: False
prefix_set: None

---------- SM_Grids/8x8_grid_with_random_blocks_16per_0 ----------
[00:00:00:00:604] Path of length 44 found: [0, 1, 9, 10, 2, 3, 11, 19, 18, 26, 34, 42, 41, 33, 25, 24, 32, 40, 48, 49, 50, 51, 43, 44, 36, 37, 29, 28, 20, 12, 13, 5, 6, 7, 15, 14, 22, 23, 31, 30, 38, 46, 47, 55, 63]
[00:00:00:00:604] ! Unidirectional s-t. expansions: 588, time: 604 [ms], path length: 44 [edges], generated: 1,011
[00:00:00:00:374] Path of length 44 found: [63, 55, 47, 46, 38, 39, 31, 30, 22, 23, 15, 7, 6, 5, 13, 12, 20, 28, 29, 37, 36, 44, 43, 35, 34, 33, 41, 42, 50, 49, 48, 40, 32, 24, 25, 26, 18, 19, 11, 3, 2, 10, 9, 1, 0]
[00:00:00:00:374] ! Unidirectional t-s. expansions: 241, time: 374 [ms], path length: 44 [edges], generated: 422
[00:00:00:00:555] Path of length 44 found: [63, 55, 47, 46, 38, 39, 31, 30, 22, 23, 15, 7, 6, 5, 13, 12, 20, 28, 29, 37, 36, 44, 43, 51, 50, 42, 34, 33, 41, 49, 48, 40, 32, 24, 25, 26, 18, 19, 11, 3, 2, 10, 9, 1, 0]
[00:00:00:00:998] ! Bidirectional. expansions: 357, time: 555 [ms], path length: 44 [edges], g_F: 21, g_B: 23, generated: 639, MM: 2, MMPER: 3.4444444444444446%
[00:00:00:00:999] 
---------- SM_Grids/8x8_grid_with_random_blocks_16per_1 ----------
[00:00:00:00:065] Path of length 44 found: [0, 8, 9, 10, 2, 3, 4, 12, 11, 19, 18, 26, 25, 24, 32, 33, 41, 42, 34, 35, 43, 44, 36, 28, 20, 21, 29, 30, 22, 14, 15, 23, 31, 39, 38, 46, 47, 55, 54, 53, 52, 60, 61, 62, 63]
[00:00:00:00:065] ! Unidirectional s-t. expansions: 51, time: 65 [ms], path length: 44 [edges], generated: 85
[00:00:00:02:720] Path of length 44 found: [63, 62, 61, 60, 52, 53, 54, 55, 47, 46, 38, 39, 31, 23, 15, 14, 22, 30, 29, 21, 20, 12, 4, 3, 2, 10, 11, 19, 18, 26, 27, 28, 36, 44, 43, 35, 34, 42, 41, 33, 25, 24, 16, 8, 0]
[00:00:00:02:721] ! Unidirectional t-s. expansions: 1,697, time: 2,721 [ms], path length: 44 [edges], generated: 3,188
[00:00:00:04:081] Path of length 44 found: [0, 8, 9, 10, 2, 3, 4, 12, 11, 19, 18, 26, 25, 24, 32, 33, 41, 42, 34, 35, 43, 44, 36, 28, 20, 21, 29, 30, 22, 14, 15, 23, 31, 39, 38, 46, 47, 55, 54, 53, 52, 60, 61, 62, 63]
[00:00:00:04:499] ! Bidirectional. expansions: 2,062, time: 4,081 [ms], path length: 44 [edges], g_F: 21, g_B: 23, generated: 3,973, MM: 2, MMPER: 3.4444444444444446%
[00:00:00:04:499] 
---------- SM_Grids/8x8_grid_with_random_blocks_16per_2 ----------
[00:00:00:05:582] Path of length 44 found: [0, 1, 2, 3, 11, 19, 20, 21, 29, 30, 38, 46, 47, 55, 54, 53, 45, 44, 36, 28, 27, 26, 18, 17, 16, 24, 32, 40, 48, 56, 57, 58, 50, 49, 41, 33, 34, 42, 43, 51, 59, 60, 61, 62, 63]
[00:00:00:05:583] ! Unidirectional s-t. expansions: 4,090, time: 5,582 [ms], path length: 44 [edges], generated: 7,383
[00:00:00:12:447] Path of length 44 found: [63, 62, 54, 55, 47, 46, 38, 30, 29, 21, 20, 28, 36, 44, 45, 53, 52, 60, 59, 58, 57, 56, 48, 49, 50, 51, 43, 42, 34, 33, 41, 40, 32, 24, 16, 17, 18, 26, 27, 19, 11, 3, 2, 1, 0]
[00:00:00:12:449] ! Unidirectional t-s. expansions: 9,625, time: 12,447 [ms], path length: 44 [edges], generated: 15,993
[00:00:00:11:007] Path of length 44 found: [0, 1, 2, 3, 11, 10, 18, 17, 16, 24, 32, 40, 48, 56, 57, 49, 41, 33, 34, 26, 27, 19, 20, 21, 29, 30, 38, 46, 47, 55, 54, 53, 45, 44, 52, 51, 43, 42, 50, 58, 59, 60, 61, 62, 63]
[00:00:00:11:432] ! Bidirectional. expansions: 5,565, time: 11,007 [ms], path length: 44 [edges], g_F: 21, g_B: 23, generated: 10,271, MM: 2, MMPER: 3.4444444444444446%
[00:00:00:11:433] 
---------- SM_Grids/8x8_grid_with_random_blocks_16per_3 ----------
[00:00:00:12:172] Expansion 10,000: state None, f=45, g=32
[00:00:00:19:890] Path of length 44 found: [0, 8, 16, 24, 25, 17, 18, 10, 11, 19, 27, 26, 34, 33, 41, 49, 50, 42, 43, 35, 36, 28, 29, 21, 20, 12, 13, 14, 15, 23, 31, 30, 38, 39, 47, 46, 45, 44, 52, 60, 61, 53, 54, 62, 63]
[00:00:00:19:892] ! Unidirectional s-t. expansions: 16,966, time: 19,890 [ms], path length: 44 [edges], generated: 30,143
[00:00:00:12:972] Expansion 10,000: state None, f=45, g=37
[00:00:00:22:775] Expansion 20,000: state None, f=45, g=37
[00:00:00:33:450] Expansion 30,000: state None, f=45, g=27
[00:00:00:40:917] Path of length 44 found: [63, 55, 47, 39, 31, 23, 15, 14, 13, 12, 11, 10, 18, 19, 27, 35, 34, 42, 43, 44, 36, 28, 20, 21, 29, 30, 38, 46, 45, 53, 54, 62, 61, 60, 52, 51, 50, 49, 41, 33, 25, 17, 16, 8, 0]
[00:00:00:40:919] ! Unidirectional t-s. expansions: 36,757, time: 40,917 [ms], path length: 44 [edges], generated: 62,846
[00:00:00:23:300] Path of length 44 found: [0, 8, 16, 24, 25, 17, 18, 10, 11, 12, 13, 14, 15, 23, 31, 30, 38, 39, 47, 55, 54, 46, 45, 44, 36, 28, 29, 21, 20, 19, 27, 35, 34, 33, 41, 49, 50, 42, 43, 51, 52, 60, 61, 62, 63]
[00:00:00:23:756] ! Bidirectional. expansions: 11,487, time: 23,301 [ms], path length: 44 [edges], g_F: 21, g_B: 23, generated: 21,635, MM: 2, MMPER: 3.4444444444444446%
[00:00:00:23:756] 
---------- SM_Grids/8x8_grid_with_random_blocks_16per_4 ----------
[00:00:00:03:088] Path of length 48 found: [0, 1, 9, 8, 16, 17, 18, 10, 11, 3, 4, 12, 13, 14, 22, 30, 38, 39, 47, 46, 45, 44, 36, 37, 29, 28, 27, 35, 34, 26, 25, 33, 32, 40, 48, 56, 57, 49, 41, 42, 50, 51, 52, 60, 61, 53, 54, 62, 63]
[00:00:00:03:090] ! Unidirectional s-t. expansions: 853, time: 3,090 [ms], path length: 48 [edges], generated: 1,430
[00:00:00:02:927] Path of length 48 found: [63, 55, 47, 39, 38, 37, 36, 44, 45, 46, 54, 62, 61, 60, 52, 51, 50, 42, 41, 49, 57, 56, 48, 40, 32, 33, 25, 26, 34, 35, 27, 28, 29, 30, 22, 14, 13, 12, 4, 3, 11, 10, 18, 17, 16, 8, 9, 1, 0]
[00:00:00:02:932] ! Unidirectional t-s. expansions: 1,765, time: 2,931 [ms], path length: 48 [edges], generated: 3,155
[00:00:00:02:912] Path of length 48 found: [63, 55, 47, 39, 38, 37, 29, 30, 22, 14, 13, 12, 4, 3, 11, 10, 18, 26, 34, 35, 27, 28, 36, 44, 45, 53, 54, 62, 61, 60, 52, 51, 50, 42, 41, 49, 57, 56, 48, 40, 32, 33, 25, 17, 16, 8, 9, 1, 0]
[00:00:00:03:346] ! Bidirectional. expansions: 1,410, time: 2,912 [ms], path length: 48 [edges], g_F: 23, g_B: 25, generated: 2,574, MM: 2, MMPER: 3.0816326530612246%
[00:00:00:03:347] 
---------- SM_Grids/8x8_grid_with_random_blocks_16per_5 ----------
[00:00:00:02:818] Path of length 50 found: [0, 8, 16, 24, 32, 33, 34, 26, 25, 17, 9, 1, 2, 10, 11, 19, 20, 12, 4, 5, 6, 14, 15, 23, 31, 39, 38, 30, 29, 28, 36, 35, 43, 44, 52, 51, 50, 49, 48, 56, 57, 58, 59, 60, 61, 53, 45, 46, 54, 55, 63]
[00:00:00:02:819] ! Unidirectional s-t. expansions: 2,024, time: 2,818 [ms], path length: 50 [edges], generated: 3,392
[00:00:00:02:253] Path of length 50 found: [63, 55, 47, 46, 54, 53, 61, 60, 59, 58, 57, 56, 48, 49, 50, 51, 52, 44, 43, 35, 36, 28, 29, 30, 38, 39, 31, 23, 15, 14, 6, 5, 4, 12, 20, 19, 11, 3, 2, 10, 9, 17, 25, 26, 34, 33, 32, 24, 16, 8, 0]
[00:00:00:02:254] ! Unidirectional t-s. expansions: 1,387, time: 2,253 [ms], path length: 50 [edges], generated: 2,355
[00:00:00:03:817] Path of length 50 found: [0, 8, 16, 24, 32, 33, 34, 26, 25, 17, 9, 1, 2, 10, 11, 19, 20, 12, 4, 5, 6, 14, 15, 23, 22, 30, 29, 28, 36, 35, 43, 51, 50, 49, 48, 56, 57, 58, 59, 60, 52, 44, 45, 53, 54, 46, 38, 39, 47, 55, 63]
[00:00:00:04:246] ! Bidirectional. expansions: 2,119, time: 3,817 [ms], path length: 50 [edges], g_F: 24, g_B: 26, generated: 3,611, MM: 2, MMPER: 2.9215686274509802%
[00:00:00:04:246] 
---------- SM_Grids/8x8_grid_with_random_blocks_16per_6 ----------
[00:00:00:00:271] Path of length 48 found: [0, 1, 9, 8, 16, 17, 25, 24, 32, 33, 41, 40, 48, 49, 50, 42, 34, 35, 27, 26, 18, 10, 11, 19, 20, 21, 22, 14, 13, 5, 6, 7, 15, 23, 31, 30, 29, 37, 36, 44, 52, 53, 45, 46, 47, 55, 54, 62, 63]
[00:00:00:00:271] ! Unidirectional s-t. expansions: 225, time: 271 [ms], path length: 48 [edges], generated: 376
[00:00:00:00:093] Path of length 48 found: [63, 62, 54, 55, 47, 46, 38, 30, 31, 23, 22, 14, 15, 7, 6, 5, 13, 21, 29, 37, 45, 53, 52, 44, 36, 35, 27, 19, 11, 10, 18, 17, 25, 26, 34, 33, 41, 42, 50, 49, 48, 40, 32, 24, 16, 8, 9, 1, 0]
[00:00:00:00:094] ! Unidirectional t-s. expansions: 67, time: 93 [ms], path length: 48 [edges], generated: 112
[00:00:00:00:274] Path of length 48 found: [63, 62, 54, 55, 47, 46, 45, 53, 52, 44, 36, 37, 38, 30, 31, 23, 15, 7, 6, 5, 13, 14, 22, 21, 20, 19, 11, 10, 18, 17, 25, 26, 27, 35, 34, 33, 41, 42, 50, 49, 48, 40, 32, 24, 16, 8, 9, 1, 0]
[00:00:00:01:151] ! Bidirectional. expansions: 161, time: 274 [ms], path length: 48 [edges], g_F: 24, g_B: 24, generated: 275, MM: 0, MMPER: -1.0%
[00:00:00:01:151] 
---------- SM_Grids/8x8_grid_with_random_blocks_16per_7 ----------
[00:00:00:13:343] Expansion 10,000: state None, f=49, g=36
[00:00:00:23:299] Path of length 48 found: [0, 8, 9, 10, 2, 3, 11, 19, 18, 17, 16, 24, 32, 40, 48, 56, 57, 58, 59, 60, 61, 53, 45, 44, 43, 51, 50, 49, 41, 33, 34, 35, 27, 28, 20, 21, 13, 14, 6, 7, 15, 23, 31, 30, 38, 46, 54, 55, 63]
[00:00:00:23:301] ! Unidirectional s-t. expansions: 19,624, time: 23,299 [ms], path length: 48 [edges], generated: 33,282
[00:00:00:12:928] Expansion 10,000: state None, f=49, g=34
[00:00:00:17:151] Path of length 48 found: [63, 55, 54, 46, 38, 30, 31, 23, 15, 7, 6, 14, 13, 21, 20, 12, 11, 3, 2, 10, 9, 17, 18, 19, 27, 26, 34, 35, 43, 44, 45, 53, 61, 60, 59, 51, 50, 58, 57, 56, 48, 49, 41, 33, 32, 24, 16, 8, 0]
[00:00:00:17:152] ! Unidirectional t-s. expansions: 13,538, time: 17,151 [ms], path length: 48 [edges], generated: 23,829
[00:00:00:21:359] Path of length 48 found: [63, 55, 54, 53, 61, 60, 59, 58, 50, 51, 43, 44, 45, 37, 38, 30, 31, 23, 15, 7, 6, 14, 13, 21, 20, 28, 27, 26, 34, 33, 41, 49, 57, 56, 48, 40, 32, 24, 16, 17, 18, 19, 11, 3, 2, 10, 9, 8, 0]
[00:00:00:21:812] ! Bidirectional. expansions: 11,373, time: 21,359 [ms], path length: 48 [edges], g_F: 23, g_B: 25, generated: 20,805, MM: 2, MMPER: 3.0816326530612246%
[00:00:00:21:812] 
---------- SM_Grids/8x8_grid_with_random_blocks_16per_8 ----------
[00:00:00:06:405] Path of length 50 found: [0, 8, 16, 17, 18, 19, 20, 12, 11, 10, 9, 1, 2, 3, 4, 5, 6, 7, 15, 23, 22, 14, 13, 21, 29, 28, 36, 35, 34, 33, 32, 40, 48, 56, 57, 49, 41, 42, 50, 51, 59, 60, 61, 53, 45, 37, 38, 46, 54, 62, 63]
[00:00:00:06:406] ! Unidirectional s-t. expansions: 3,379, time: 6,405 [ms], path length: 50 [edges], generated: 5,580
[00:00:00:00:340] Path of length 50 found: [63, 62, 54, 46, 38, 37, 45, 53, 61, 60, 59, 51, 50, 49, 57, 56, 48, 40, 32, 33, 41, 42, 43, 35, 34, 26, 18, 19, 20, 28, 29, 21, 22, 23, 15, 7, 6, 14, 13, 5, 4, 12, 11, 3, 2, 10, 9, 17, 16, 8, 0]
[00:00:00:00:340] ! Unidirectional t-s. expansions: 311, time: 340 [ms], path length: 50 [edges], generated: 534
[00:00:00:03:001] Path of length 50 found: [0, 8, 16, 17, 9, 1, 2, 3, 4, 5, 6, 7, 15, 23, 22, 14, 13, 21, 29, 28, 20, 12, 11, 10, 18, 26, 34, 35, 43, 42, 41, 33, 32, 40, 48, 56, 57, 49, 50, 51, 59, 60, 61, 53, 45, 37, 38, 46, 54, 62, 63]
[00:00:00:03:436] ! Bidirectional. expansions: 1,479, time: 3,001 [ms], path length: 50 [edges], g_F: 24, g_B: 26, generated: 2,504, MM: 2, MMPER: 2.9215686274509802%
[00:00:00:03:436] 
---------- SM_Grids/8x8_grid_with_random_blocks_16per_9 ----------
[00:00:00:01:123] Path of length 46 found: [0, 1, 2, 3, 11, 12, 4, 5, 6, 7, 15, 14, 13, 21, 20, 28, 27, 26, 18, 17, 9, 8, 16, 24, 32, 33, 41, 42, 50, 58, 59, 51, 43, 44, 36, 37, 38, 30, 31, 39, 47, 55, 54, 53, 61, 62, 63]
[00:00:00:01:123] ! Unidirectional s-t. expansions: 656, time: 1,123 [ms], path length: 46 [edges], generated: 1,121
[00:00:00:00:591] Path of length 46 found: [63, 62, 54, 55, 47, 39, 31, 30, 38, 37, 45, 53, 52, 51, 59, 58, 50, 42, 43, 44, 36, 28, 20, 21, 13, 14, 15, 7, 6, 5, 4, 12, 11, 3, 2, 1, 9, 17, 18, 26, 34, 33, 25, 24, 16, 8, 0]
[00:00:00:00:591] ! Unidirectional t-s. expansions: 320, time: 591 [ms], path length: 46 [edges], generated: 641
[00:00:00:01:057] Path of length 46 found: [0, 8, 16, 24, 25, 17, 9, 1, 2, 3, 11, 12, 4, 5, 6, 7, 15, 14, 13, 21, 20, 28, 27, 26, 34, 33, 41, 42, 50, 58, 59, 51, 52, 44, 45, 37, 38, 30, 31, 39, 47, 55, 54, 53, 61, 62, 63]
[00:00:00:01:477] ! Bidirectional. expansions: 588, time: 1,057 [ms], path length: 46 [edges], g_F: 24, g_B: 22, generated: 991, MM: 2, MMPER: 3.25531914893617%
[00:00:00:01:477] average expansions: (4,846, 6,571, 3,660, 0)
[00:00:00:01:477] average time: (6,315, 7,982, 7,136, 0)
[00:00:00:01:478] XA*: 4,846 , 6,315 (expansions , time[ms])
[00:00:00:01:478] XMM: 3,660 , 7,136 (expansions , time[ms])

