--------------------------
date: mazes
number_of_graphs: 10
graph_type: maze
size_of_graphs: [13, 13]
heuristic: bcc_heuristic
snake: False
run_uni: True
run_bi: True
run_multi: False
solution_vertices: []
algorithms: ['XMM']
lookahead: 1
bsd: False
cube_first_dims: 4
cube_buffer_dim: None
backward_sym_generation: False
sym_coil: False
prefix_set: None

---------- mazes/13x13_maze_with_1_open_diamonds_0 ----------
[00:00:00:23:668] Expansion 10,000: state None, f=97, g=35
[00:00:00:46:173] Expansion 20,000: state None, f=95, g=20
[00:00:01:06:680] Expansion 30,000: state None, f=93, g=30
[00:00:01:10:568] Path of length 92 found: [0, 1, 2, 3, 4, 17, 30, 31, 32, 19, 6, 7, 8, 9, 10, 11, 12, 25, 38, 37, 36, 49, 62, 61, 60, 59, 58, 57, 56, 55, 54, 41, 28, 27, 26, 39, 52, 65, 78, 79, 80, 81, 82, 83, 84, 85, 86, 87, 88, 89, 90, 103, 116, 115, 114, 113, 112, 111, 110, 109, 122, 135, 134, 133, 132, 119, 120, 107, 106, 105, 118, 131, 130, 143, 156, 157, 144, 145, 146, 159, 160, 161, 162, 163, 164, 165, 152, 139, 140, 141, 142, 155, 168]
[00:00:01:10:569] ! Unidirectional s-t. expansions: 31,360, time: 70,568 [ms], path length: 92 [edges], generated: 47,235
[00:00:00:28:598] Expansion 10,000: state None, f=101, g=28
[00:00:00:51:549] Expansion 20,000: state None, f=99, g=45
[00:00:01:12:332] Expansion 30,000: state None, f=98, g=33
[00:00:01:34:481] Expansion 40,000: state None, f=97, g=38
[00:00:01:54:500] Expansion 50,000: state None, f=96, g=42
[00:00:02:18:173] Expansion 60,000: state None, f=95, g=60
[00:00:02:40:119] Expansion 70,000: state None, f=95, g=23
[00:00:02:57:828] Expansion 80,000: state None, f=94, g=43
[00:00:03:20:778] Expansion 90,000: state None, f=94, g=31
[00:00:03:38:449] Expansion 100,000: state None, f=93, g=45
[00:00:04:00:408] Path of length 92 found: [168, 155, 142, 141, 140, 139, 152, 165, 164, 163, 150, 137, 136, 135, 134, 133, 146, 159, 158, 157, 156, 143, 130, 131, 144, 145, 132, 119, 118, 105, 106, 107, 108, 109, 110, 111, 112, 113, 114, 115, 116, 103, 90, 89, 88, 87, 86, 85, 84, 83, 82, 81, 80, 79, 78, 65, 52, 39, 26, 27, 28, 41, 54, 55, 56, 57, 58, 59, 60, 61, 62, 63, 64, 51, 38, 25, 12, 11, 10, 9, 8, 7, 6, 19, 32, 31, 30, 17, 4, 3, 2, 1, 0]
[00:00:04:00:409] ! Unidirectional t-s. expansions: 108,294, time: 240,408 [ms], path length: 92 [edges], generated: 154,445
[00:00:00:50:296] Expansion 20,000: f=100, g=43
[00:00:01:54:525] Expansion 40,000: f=97, g=41
[00:00:02:42:795] Expansion 60,000: f=96, g=30
[00:00:03:30:544] Expansion 80,000: f=94, g=28
[00:00:04:18:202] Path of length 92 found: [0, 1, 2, 3, 4, 17, 30, 31, 32, 19, 6, 7, 8, 9, 10, 11, 12, 25, 38, 37, 36, 49, 62, 61, 60, 59, 58, 57, 56, 55, 54, 41, 28, 27, 26, 39, 52, 65, 78, 79, 80, 81, 82, 83, 84, 85, 86, 87, 88, 89, 90, 103, 116, 115, 114, 113, 112, 111, 110, 109, 108, 107, 106, 105, 118, 119, 132, 145, 144, 131, 130, 143, 156, 157, 158, 159, 146, 133, 134, 135, 136, 137, 150, 163, 164, 165, 152, 139, 140, 141, 142, 155, 168]
[00:00:04:18:207] ! Bidirectional. expansions: 98,880, time: 258,202 [ms], path length: 92 [edges], g_F: 41, g_B: 51, generated: 139,473, MM: 10, MMPER: 9.75268817204301%
[00:00:04:18:209] 
---------- mazes/13x13_maze_with_1_open_diamonds_1 ----------
[00:00:00:48:961] Expansion 10,000: state None, f=98, g=40
[00:00:01:14:228] Expansion 20,000: state None, f=95, g=36
[00:00:01:35:043] Expansion 30,000: state None, f=93, g=35
[00:00:01:59:351] Expansion 40,000: state None, f=92, g=23
[00:00:02:16:182] Expansion 50,000: state None, f=91, g=30
[00:00:02:19:334] Path of length 90 found: [0, 1, 2, 15, 28, 27, 26, 39, 52, 53, 54, 41, 42, 29, 16, 3, 4, 17, 30, 43, 56, 57, 58, 45, 32, 19, 6, 7, 8, 9, 10, 11, 12, 25, 38, 37, 36, 49, 62, 61, 74, 87, 88, 89, 90, 103, 116, 115, 114, 113, 112, 99, 86, 85, 84, 83, 82, 81, 80, 79, 92, 105, 106, 107, 108, 109, 122, 135, 134, 133, 132, 131, 130, 143, 156, 157, 158, 159, 160, 161, 162, 163, 164, 165, 152, 139, 140, 141, 142, 155, 168]
[00:00:02:19:336] ! Unidirectional s-t. expansions: 51,200, time: 139,334 [ms], path length: 90 [edges], generated: 69,643
[00:00:00:14:541] Path of length 90 found: [168, 155, 142, 141, 140, 139, 152, 165, 164, 163, 162, 161, 160, 159, 158, 157, 156, 143, 130, 131, 132, 133, 134, 135, 122, 109, 108, 107, 106, 105, 92, 79, 80, 81, 82, 83, 84, 85, 86, 99, 112, 113, 114, 115, 116, 103, 90, 89, 88, 87, 74, 61, 62, 63, 64, 51, 38, 25, 12, 11, 10, 9, 8, 7, 6, 19, 32, 45, 58, 57, 56, 43, 30, 17, 4, 3, 16, 29, 42, 55, 54, 53, 52, 39, 26, 27, 28, 15, 2, 1, 0]
[00:00:00:14:558] ! Unidirectional t-s. expansions: 1,607, time: 14,541 [ms], path length: 90 [edges], generated: 2,500
[00:00:00:52:963] Expansion 20,000: f=95, g=22
[00:00:01:37:499] Expansion 40,000: f=91, g=22
[00:00:01:39:348] Path of length 90 found: [0, 1, 2, 15, 28, 27, 26, 39, 52, 53, 54, 41, 42, 29, 16, 3, 4, 17, 30, 43, 56, 57, 58, 45, 32, 19, 6, 7, 8, 9, 10, 11, 12, 25, 38, 37, 36, 49, 62, 61, 74, 87, 88, 89, 90, 103, 116, 115, 114, 113, 112, 99, 86, 85, 84, 83, 82, 81, 80, 79, 92, 105, 106, 107, 108, 109, 122, 135, 134, 133, 132, 131, 130, 143, 156, 157, 158, 159, 160, 161, 162, 163, 164, 165, 152, 139, 140, 141, 142, 155, 168]
[00:00:01:39:351] ! Bidirectional. expansions: 40,772, time: 99,348 [ms], path length: 90 [edges], g_F: 39, g_B: 51, generated: 56,015, MM: 12, MMPER: 12.186813186813186%
[00:00:01:39:355] 
---------- mazes/13x13_maze_with_1_open_diamonds_2 ----------
[00:00:00:27:950] Expansion 10,000: state None, f=96, g=47
[00:00:00:47:971] Expansion 20,000: state None, f=94, g=34
[00:00:01:07:866] Path of length 92 found: [0, 1, 2, 3, 4, 17, 30, 43, 56, 55, 54, 41, 28, 27, 26, 39, 52, 65, 78, 79, 80, 81, 82, 83, 70, 57, 58, 45, 32, 19, 6, 7, 8, 9, 10, 11, 12, 25, 38, 37, 36, 49, 62, 61, 60, 59, 72, 71, 84, 85, 86, 87, 88, 89, 90, 103, 116, 115, 114, 113, 112, 99, 98, 111, 110, 97, 96, 109, 122, 135, 134, 133, 132, 131, 130, 143, 156, 157, 158, 159, 160, 161, 162, 163, 164, 165, 152, 139, 140, 141, 142, 155, 168]
[00:00:01:07:870] ! Unidirectional s-t. expansions: 29,438, time: 67,866 [ms], path length: 92 [edges], generated: 44,753
[00:00:00:24:022] Expansion 10,000: state None, f=96, g=49
[00:00:00:41:142] Expansion 20,000: state None, f=94, g=44
[00:00:00:51:339] Path of length 92 found: [168, 155, 142, 141, 140, 139, 152, 165, 164, 163, 162, 161, 160, 159, 158, 157, 156, 143, 130, 131, 132, 133, 134, 135, 122, 109, 110, 111, 112, 113, 114, 115, 116, 103, 90, 89, 88, 87, 86, 99, 98, 85, 72, 59, 60, 61, 62, 63, 64, 51, 38, 25, 12, 11, 10, 9, 8, 7, 6, 19, 32, 45, 58, 57, 70, 71, 84, 97, 96, 83, 82, 81, 80, 79, 78, 65, 52, 39, 26, 27, 28, 41, 54, 55, 56, 43, 30, 17, 4, 3, 2, 1, 0]
[00:00:00:51:344] ! Unidirectional t-s. expansions: 25,254, time: 51,339 [ms], path length: 92 [edges], generated: 36,149
[00:00:00:57:364] Expansion 20,000: f=93, g=40
[00:00:01:32:426] Path of length 92 found: [168, 155, 142, 141, 140, 139, 152, 165, 164, 163, 162, 161, 160, 159, 158, 157, 156, 143, 130, 131, 132, 133, 134, 135, 122, 109, 108, 107, 106, 105, 92, 79, 78, 65, 52, 39, 26, 27, 28, 41, 54, 55, 56, 57, 70, 83, 84, 97, 110, 111, 112, 113, 114, 115, 116, 103, 90, 89, 88, 87, 86, 99, 98, 85, 72, 71, 58, 59, 60, 61, 62, 49, 36, 37, 38, 25, 12, 11, 10, 9, 8, 7, 6, 19, 32, 31, 30, 17, 4, 3, 2, 1, 0]
[00:00:01:32:429] ! Bidirectional. expansions: 33,114, time: 92,426 [ms], path length: 92 [edges], g_F: 44, g_B: 48, generated: 52,422, MM: 4, MMPER: 3.301075268817204%
[00:00:01:32:430] 
---------- mazes/13x13_maze_with_1_open_diamonds_3 ----------
[00:00:00:28:484] Expansion 10,000: state None, f=92, g=56
[00:00:00:48:205] Expansion 20,000: state None, f=91, g=34
[00:00:00:50:190] Path of length 90 found: [0, 1, 2, 3, 4, 17, 30, 31, 32, 19, 6, 7, 8, 9, 10, 11, 12, 25, 38, 37, 36, 49, 62, 61, 60, 59, 58, 57, 56, 55, 54, 41, 28, 27, 26, 39, 52, 65, 78, 79, 80, 81, 82, 83, 84, 85, 86, 87, 88, 89, 90, 103, 116, 129, 142, 141, 140, 139, 126, 113, 114, 115, 102, 101, 100, 99, 98, 111, 110, 109, 122, 135, 134, 133, 132, 131, 130, 143, 156, 157, 158, 159, 160, 161, 162, 163, 164, 165, 166, 167, 168]
[00:00:00:50:191] ! Unidirectional s-t. expansions: 20,438, time: 50,190 [ms], path length: 90 [edges], generated: 31,641
[00:00:00:26:661] Expansion 10,000: state None, f=98, g=58
[00:00:00:47:813] Expansion 20,000: state None, f=95, g=59
[00:00:01:06:187] Expansion 30,000: state None, f=93, g=58
[00:00:01:24:698] Expansion 40,000: state None, f=92, g=39
[00:00:01:43:346] Path of length 90 found: [168, 167, 166, 165, 164, 163, 162, 161, 160, 159, 158, 157, 156, 143, 130, 131, 132, 133, 134, 135, 122, 109, 110, 111, 98, 85, 86, 99, 112, 113, 126, 139, 140, 141, 142, 129, 116, 115, 114, 101, 102, 103, 90, 89, 88, 87, 74, 61, 62, 63, 64, 51, 38, 25, 12, 11, 10, 9, 8, 7, 6, 19, 32, 45, 58, 71, 84, 83, 82, 81, 80, 79, 78, 65, 52, 39, 26, 27, 28, 41, 54, 55, 56, 43, 30, 17, 4, 3, 2, 1, 0]
[00:00:01:43:349] ! Unidirectional t-s. expansions: 49,827, time: 103,347 [ms], path length: 90 [edges], generated: 71,852
[00:00:00:57:378] Expansion 20,000: f=95, g=35
[00:00:01:48:942] Expansion 40,000: f=89, g=43
[00:00:02:01:909] Path of length 90 found: [168, 167, 166, 165, 164, 163, 162, 161, 160, 159, 158, 157, 156, 143, 130, 131, 132, 133, 134, 135, 122, 109, 110, 111, 112, 113, 126, 139, 140, 141, 142, 129, 116, 115, 114, 101, 102, 103, 90, 89, 88, 87, 100, 99, 98, 85, 84, 83, 82, 81, 80, 79, 78, 65, 52, 39, 26, 27, 28, 41, 54, 55, 56, 57, 58, 59, 60, 61, 62, 49, 36, 37, 38, 25, 12, 11, 10, 9, 8, 7, 6, 19, 32, 31, 30, 17, 4, 3, 2, 1, 0]
[00:00:02:01:912] ! Bidirectional. expansions: 44,405, time: 121,909 [ms], path length: 90 [edges], g_F: 50, g_B: 40, generated: 66,725, MM: 10, MMPER: 9.989010989010989%
[00:00:02:01:913] 
---------- mazes/13x13_maze_with_1_open_diamonds_4 ----------
[00:00:00:33:327] Expansion 10,000: state None, f=97, g=59
[00:00:00:55:219] Expansion 20,000: state None, f=95, g=25
[00:00:01:14:153] Expansion 30,000: state None, f=93, g=51
[00:00:01:22:653] Path of length 92 found: [0, 1, 2, 3, 4, 17, 30, 31, 32, 19, 6, 7, 8, 9, 10, 11, 12, 25, 38, 37, 36, 49, 62, 61, 60, 59, 58, 57, 56, 55, 54, 41, 28, 27, 26, 39, 52, 65, 78, 79, 80, 81, 82, 83, 84, 85, 86, 87, 88, 89, 90, 103, 116, 115, 114, 113, 112, 111, 110, 109, 108, 107, 106, 119, 132, 131, 130, 143, 156, 157, 158, 159, 160, 147, 134, 133, 120, 121, 122, 123, 136, 137, 150, 163, 164, 165, 152, 139, 140, 141, 142, 155, 168]
[00:00:01:22:655] ! Unidirectional s-t. expansions: 33,578, time: 82,653 [ms], path length: 92 [edges], generated: 51,823
[00:00:00:31:105] Expansion 10,000: state None, f=101, g=32
[00:00:00:54:672] Expansion 20,000: state None, f=99, g=33
[00:00:01:16:195] Expansion 30,000: state None, f=97, g=50
[00:00:01:36:779] Expansion 40,000: state None, f=96, g=45
[00:00:01:58:119] Expansion 50,000: state None, f=95, g=38
[00:00:02:17:008] Expansion 60,000: state None, f=94, g=63
[00:00:02:37:643] Expansion 70,000: state None, f=93, g=77
[00:00:02:58:932] Expansion 80,000: state None, f=93, g=34
[00:00:03:05:431] Path of length 92 found: [168, 167, 166, 165, 152, 139, 140, 141, 142, 129, 116, 103, 90, 89, 88, 87, 74, 61, 62, 63, 64, 51, 38, 25, 12, 11, 10, 9, 8, 7, 6, 19, 32, 45, 58, 71, 84, 85, 86, 99, 112, 111, 110, 123, 136, 137, 150, 163, 162, 161, 160, 159, 158, 157, 156, 143, 130, 131, 132, 119, 106, 107, 120, 133, 134, 135, 122, 109, 108, 95, 82, 81, 80, 79, 78, 65, 52, 39, 26, 27, 28, 41, 54, 55, 56, 43, 30, 17, 4, 3, 2, 1, 0]
[00:00:03:05:433] ! Unidirectional t-s. expansions: 82,439, time: 185,431 [ms], path length: 92 [edges], generated: 118,601
[00:00:01:04:313] Expansion 20,000: f=99, g=44
[00:00:01:53:892] Expansion 40,000: f=96, g=40
[00:00:02:45:203] Expansion 60,000: f=94, g=17
[00:00:03:35:265] Expansion 80,000: f=92, g=39
[00:00:04:03:422] Path of length 92 found: [0, 1, 2, 3, 4, 17, 30, 31, 32, 19, 6, 7, 8, 9, 10, 11, 12, 25, 38, 37, 36, 49, 62, 61, 60, 59, 58, 57, 56, 55, 54, 41, 28, 27, 26, 39, 52, 65, 78, 79, 92, 105, 106, 107, 120, 121, 122, 109, 108, 95, 82, 83, 84, 85, 86, 87, 88, 89, 90, 103, 116, 115, 114, 113, 112, 111, 110, 123, 136, 135, 134, 133, 132, 131, 130, 143, 156, 157, 158, 159, 160, 161, 162, 163, 164, 165, 152, 139, 140, 141, 142, 155, 168]
[00:00:04:03:425] ! Bidirectional. expansions: 90,131, time: 243,422 [ms], path length: 92 [edges], g_F: 41, g_B: 51, generated: 130,932, MM: 10, MMPER: 9.75268817204301%
[00:00:04:03:426] 
---------- mazes/13x13_maze_with_1_open_diamonds_5 ----------
[00:00:00:22:703] Expansion 10,000: state None, f=98, g=46
[00:00:01:03:333] Expansion 20,000: state None, f=95, g=60
[00:00:01:23:934] Expansion 30,000: state None, f=93, g=71
[00:00:01:39:930] Path of length 92 found: [0, 1, 2, 3, 4, 17, 30, 31, 32, 19, 6, 7, 8, 9, 10, 11, 12, 25, 38, 37, 36, 49, 62, 61, 60, 59, 58, 57, 56, 55, 54, 41, 28, 27, 26, 39, 52, 65, 78, 79, 80, 81, 82, 83, 84, 85, 86, 87, 88, 89, 90, 103, 116, 115, 114, 113, 112, 111, 110, 109, 108, 107, 106, 105, 118, 131, 130, 143, 156, 157, 158, 159, 146, 133, 132, 119, 120, 121, 122, 135, 136, 137, 150, 163, 164, 165, 152, 139, 140, 141, 142, 155, 168]
[00:00:01:39:933] ! Unidirectional s-t. expansions: 36,899, time: 99,930 [ms], path length: 92 [edges], generated: 55,900
[00:00:00:32:482] Expansion 10,000: state None, f=100, g=50
[00:00:00:55:080] Expansion 20,000: state None, f=98, g=49
[00:00:01:17:994] Expansion 30,000: state None, f=97, g=24
[00:00:01:39:433] Expansion 40,000: state None, f=96, g=31
[00:00:02:01:220] Expansion 50,000: state None, f=95, g=17
[00:00:02:21:108] Expansion 60,000: state None, f=94, g=42
[00:00:02:43:869] Expansion 70,000: state None, f=93, g=50
[00:00:03:01:397] Path of length 92 found: [168, 167, 166, 165, 152, 139, 140, 141, 142, 129, 116, 103, 90, 89, 88, 87, 74, 61, 62, 63, 64, 51, 38, 25, 12, 11, 10, 9, 8, 7, 6, 19, 32, 45, 58, 71, 84, 85, 86, 99, 112, 111, 110, 109, 122, 135, 136, 137, 150, 163, 162, 161, 160, 159, 158, 157, 156, 143, 130, 131, 118, 105, 106, 119, 132, 133, 134, 121, 108, 107, 94, 81, 80, 79, 78, 65, 52, 39, 26, 27, 28, 41, 54, 55, 56, 43, 30, 17, 4, 3, 2, 1, 0]
[00:00:03:01:399] ! Unidirectional t-s. expansions: 77,684, time: 181,397 [ms], path length: 92 [edges], generated: 112,634
[00:00:01:05:868] Expansion 20,000: f=99, g=35
[00:00:01:56:766] Expansion 40,000: f=96, g=33
[00:00:02:47:881] Expansion 60,000: f=94, g=32
[00:00:03:37:934] Expansion 80,000: f=92, g=26
[00:00:04:15:910] Path of length 92 found: [0, 1, 2, 3, 4, 17, 30, 31, 32, 19, 6, 7, 8, 9, 10, 11, 12, 25, 38, 37, 36, 49, 62, 61, 60, 59, 58, 57, 56, 55, 54, 41, 28, 27, 26, 39, 52, 65, 78, 79, 92, 105, 106, 119, 120, 121, 108, 107, 94, 81, 82, 83, 84, 85, 86, 87, 88, 89, 90, 103, 116, 115, 114, 113, 112, 111, 110, 109, 122, 135, 134, 133, 132, 131, 130, 143, 156, 157, 158, 159, 160, 161, 162, 163, 164, 165, 152, 139, 140, 141, 142, 155, 168]
[00:00:04:15:927] ! Bidirectional. expansions: 94,093, time: 255,923 [ms], path length: 92 [edges], g_F: 41, g_B: 51, generated: 136,532, MM: 10, MMPER: 9.75268817204301%
[00:00:04:15:929] 
---------- mazes/13x13_maze_with_1_open_diamonds_6 ----------
[00:00:00:43:693] Expansion 10,000: state None, f=95, g=31
[00:00:01:01:933] Path of length 92 found: [0, 1, 2, 3, 4, 17, 30, 43, 56, 55, 54, 41, 28, 27, 26, 39, 52, 65, 78, 79, 80, 81, 82, 83, 84, 71, 58, 45, 32, 19, 6, 7, 8, 9, 10, 11, 12, 25, 38, 51, 64, 63, 62, 49, 36, 35, 34, 47, 60, 59, 72, 85, 86, 73, 74, 87, 88, 89, 90, 103, 116, 115, 114, 113, 112, 111, 110, 109, 122, 135, 134, 133, 132, 131, 130, 143, 156, 157, 158, 159, 160, 161, 162, 163, 164, 165, 152, 139, 140, 141, 142, 155, 168]
[00:00:01:01:938] ! Unidirectional s-t. expansions: 19,096, time: 61,933 [ms], path length: 92 [edges], generated: 28,635
[00:00:00:18:490] Path of length 92 found: [168, 155, 142, 141, 140, 139, 152, 165, 164, 163, 162, 161, 160, 159, 158, 157, 156, 143, 130, 131, 132, 133, 134, 135, 122, 109, 110, 111, 112, 113, 114, 115, 116, 103, 90, 89, 88, 75, 74, 87, 86, 73, 60, 47, 34, 35, 36, 49, 62, 63, 64, 51, 38, 25, 12, 11, 10, 9, 8, 7, 6, 19, 32, 45, 58, 59, 72, 85, 84, 83, 82, 81, 80, 79, 78, 65, 52, 39, 26, 27, 28, 41, 54, 55, 56, 43, 30, 17, 4, 3, 2, 1, 0]
[00:00:00:18:493] ! Unidirectional t-s. expansions: 7,299, time: 18,490 [ms], path length: 92 [edges], generated: 10,743
[00:00:00:52:745] Expansion 20,000: f=91, g=34
[00:00:00:55:401] Path of length 92 found: [168, 155, 142, 141, 140, 139, 152, 165, 164, 163, 162, 161, 160, 159, 158, 157, 156, 143, 130, 131, 132, 133, 134, 135, 122, 109, 110, 111, 112, 113, 114, 115, 116, 103, 90, 89, 88, 75, 74, 87, 86, 85, 72, 73, 60, 47, 34, 35, 36, 49, 62, 63, 64, 51, 38, 25, 12, 11, 10, 9, 8, 7, 6, 19, 32, 45, 58, 71, 84, 83, 82, 81, 80, 79, 78, 65, 52, 39, 26, 27, 28, 41, 54, 55, 56, 43, 30, 17, 4, 3, 2, 1, 0]
[00:00:00:55:406] ! Bidirectional. expansions: 20,895, time: 55,402 [ms], path length: 92 [edges], g_F: 43, g_B: 49, generated: 32,347, MM: 6, MMPER: 5.451612903225806%
[00:00:00:55:408] 
---------- mazes/13x13_maze_with_1_open_diamonds_7 ----------
[00:00:00:26:581] Expansion 10,000: state None, f=97, g=44
[00:00:00:49:123] Expansion 20,000: state None, f=95, g=19
[00:00:00:50:427] Path of length 94 found: [0, 1, 2, 3, 4, 17, 30, 31, 32, 19, 6, 7, 8, 9, 10, 11, 12, 25, 38, 51, 64, 63, 62, 49, 36, 35, 34, 21, 20, 33, 46, 47, 60, 61, 74, 87, 88, 89, 90, 103, 116, 115, 114, 113, 112, 99, 86, 85, 84, 71, 58, 57, 56, 55, 54, 41, 28, 27, 26, 39, 52, 65, 78, 79, 92, 105, 106, 107, 108, 109, 122, 135, 134, 133, 132, 131, 130, 143, 156, 157, 158, 159, 160, 161, 162, 163, 164, 165, 152, 139, 140, 141, 142, 155, 168]
[00:00:00:50:429] ! Unidirectional s-t. expansions: 20,475, time: 50,427 [ms], path length: 94 [edges], generated: 28,904
[00:00:00:02:588] Path of length 94 found: [168, 155, 142, 141, 140, 139, 152, 165, 164, 163, 162, 161, 160, 159, 158, 157, 156, 143, 130, 131, 132, 133, 134, 135, 122, 109, 108, 107, 106, 105, 92, 79, 78, 65, 52, 39, 26, 27, 28, 41, 54, 55, 56, 57, 58, 71, 84, 85, 86, 99, 112, 113, 114, 115, 116, 103, 90, 89, 88, 87, 74, 61, 60, 59, 46, 47, 34, 35, 36, 49, 62, 63, 64, 51, 38, 25, 12, 11, 10, 9, 8, 21, 20, 7, 6, 19, 32, 31, 30, 17, 4, 3, 2, 1, 0]
[00:00:00:02:589] ! Unidirectional t-s. expansions: 1,663, time: 2,588 [ms], path length: 94 [edges], generated: 2,602
[00:00:00:45:671] Path of length 94 found: [168, 155, 142, 141, 140, 139, 152, 165, 164, 163, 162, 161, 160, 159, 158, 157, 156, 143, 130, 131, 132, 133, 134, 135, 122, 109, 108, 107, 106, 105, 92, 79, 78, 65, 52, 39, 26, 27, 28, 41, 54, 55, 56, 57, 58, 71, 84, 85, 86, 99, 112, 113, 114, 115, 116, 103, 90, 89, 88, 87, 74, 61, 60, 47, 46, 33, 20, 21, 34, 35, 36, 49, 62, 63, 64, 51, 38, 25, 12, 11, 10, 9, 8, 7, 6, 19, 32, 31, 30, 17, 4, 3, 2, 1, 0]
[00:00:00:45:684] ! Bidirectional. expansions: 17,115, time: 45,671 [ms], path length: 94 [edges], g_F: 44, g_B: 50, generated: 24,388, MM: 6, MMPER: 5.315789473684211%
[00:00:00:45:685] 
---------- mazes/13x13_maze_with_1_open_diamonds_8 ----------
[00:00:00:26:332] Expansion 10,000: state None, f=97, g=44
[00:00:00:48:434] Expansion 20,000: state None, f=95, g=19
[00:00:00:49:729] Path of length 94 found: [0, 1, 2, 3, 4, 17, 30, 31, 32, 19, 6, 7, 8, 9, 10, 11, 12, 25, 38, 51, 64, 63, 62, 49, 36, 35, 34, 21, 20, 33, 46, 47, 60, 61, 74, 87, 88, 89, 90, 103, 116, 115, 114, 113, 112, 99, 86, 85, 84, 71, 58, 57, 56, 55, 54, 41, 28, 27, 26, 39, 52, 65, 78, 79, 92, 105, 106, 107, 108, 109, 122, 135, 134, 133, 132, 131, 130, 143, 156, 157, 158, 159, 160, 161, 162, 163, 164, 165, 152, 139, 140, 141, 142, 155, 168]
[00:00:00:49:730] ! Unidirectional s-t. expansions: 20,475, time: 49,729 [ms], path length: 94 [edges], generated: 28,904
[00:00:00:02:483] Path of length 94 found: [168, 155, 142, 141, 140, 139, 152, 165, 164, 163, 162, 161, 160, 159, 158, 157, 156, 143, 130, 131, 132, 133, 134, 135, 122, 109, 108, 107, 106, 105, 92, 79, 78, 65, 52, 39, 26, 27, 28, 41, 54, 55, 56, 57, 58, 71, 84, 85, 86, 99, 112, 113, 114, 115, 116, 103, 90, 89, 88, 87, 74, 61, 60, 59, 46, 47, 34, 35, 36, 49, 62, 63, 64, 51, 38, 25, 12, 11, 10, 9, 8, 21, 20, 7, 6, 19, 32, 31, 30, 17, 4, 3, 2, 1, 0]
[00:00:00:02:483] ! Unidirectional t-s. expansions: 1,663, time: 2,483 [ms], path length: 94 [edges], generated: 2,602
[00:00:00:45:724] Path of length 94 found: [168, 155, 142, 141, 140, 139, 152, 165, 164, 163, 162, 161, 160, 159, 158, 157, 156, 143, 130, 131, 132, 133, 134, 135, 122, 109, 108, 107, 106, 105, 92, 79, 78, 65, 52, 39, 26, 27, 28, 41, 54, 55, 56, 57, 58, 71, 84, 85, 86, 99, 112, 113, 114, 115, 116, 103, 90, 89, 88, 87, 74, 61, 60, 47, 46, 33, 20, 21, 34, 35, 36, 49, 62, 63, 64, 51, 38, 25, 12, 11, 10, 9, 8, 7, 6, 19, 32, 31, 30, 17, 4, 3, 2, 1, 0]
[00:00:00:45:730] ! Bidirectional. expansions: 17,115, time: 45,724 [ms], path length: 94 [edges], g_F: 44, g_B: 50, generated: 24,388, MM: 6, MMPER: 5.315789473684211%
[00:00:00:45:731] 
---------- mazes/13x13_maze_with_1_open_diamonds_9 ----------
[00:00:00:26:343] Expansion 10,000: state None, f=96, g=74
[00:00:00:45:009] Expansion 20,000: state None, f=95, g=42
[00:00:00:59:969] Expansion 30,000: state None, f=94, g=57
[00:00:01:16:283] Expansion 40,000: state None, f=93, g=60
[00:00:01:30:559] Path of length 92 found: [0, 1, 2, 3, 4, 17, 30, 31, 32, 19, 6, 7, 8, 9, 10, 11, 12, 25, 38, 37, 36, 49, 62, 61, 74, 87, 88, 89, 90, 103, 116, 115, 114, 113, 126, 125, 112, 111, 98, 99, 86, 85, 84, 71, 58, 57, 56, 55, 54, 41, 28, 27, 26, 39, 52, 65, 78, 79, 92, 105, 106, 107, 108, 109, 110, 123, 124, 137, 136, 135, 134, 133, 132, 131, 130, 143, 156, 157, 158, 159, 160, 161, 162, 163, 164, 165, 152, 139, 140, 141, 142, 155, 168]
[00:00:01:30:560] ! Unidirectional s-t. expansions: 46,531, time: 90,559 [ms], path length: 92 [edges], generated: 70,258
[00:00:00:28:865] Expansion 10,000: state None, f=105, g=30
[00:00:00:49:690] Expansion 20,000: state None, f=103, g=54
[00:00:01:08:740] Expansion 30,000: state None, f=102, g=42
[00:00:01:30:505] Expansion 40,000: state None, f=101, g=48
[00:00:01:50:205] Expansion 50,000: state None, f=100, g=42
[00:00:02:09:073] Expansion 60,000: state None, f=99, g=56
[00:00:02:29:429] Expansion 70,000: state None, f=98, g=59
[00:00:02:51:158] Expansion 80,000: state None, f=98, g=36
[00:00:03:08:699] Expansion 90,000: state None, f=97, g=53
[00:00:03:25:221] Expansion 100,000: state None, f=96, g=57
[00:00:03:43:532] Expansion 110,000: state None, f=96, g=49
[00:00:04:02:525] Expansion 120,000: state None, f=95, g=69
[00:00:04:20:740] Expansion 130,000: state None, f=95, g=51
[00:00:04:38:182] Expansion 140,000: state None, f=94, g=75
[00:00:04:50:363] Expansion 150,000: state None, f=94, g=65
[00:00:05:05:296] Expansion 160,000: state None, f=94, g=60
[00:00:05:29:855] Expansion 170,000: state None, f=94, g=32
[00:00:05:45:140] Expansion 180,000: state None, f=93, g=63
[00:00:06:00:506] Expansion 190,000: state None, f=93, g=50
[00:00:06:19:524] Path of length 92 found: [168, 155, 142, 141, 140, 139, 152, 165, 164, 163, 162, 161, 160, 159, 158, 157, 156, 143, 130, 131, 132, 133, 134, 135, 122, 109, 110, 123, 136, 137, 138, 125, 124, 111, 98, 85, 86, 99, 112, 113, 114, 115, 116, 103, 90, 89, 88, 87, 74, 61, 62, 63, 64, 51, 38, 25, 12, 11, 10, 9, 8, 7, 6, 19, 32, 45, 58, 71, 84, 83, 82, 81, 80, 79, 78, 65, 52, 39, 26, 27, 28, 41, 54, 55, 56, 43, 30, 17, 4, 3, 2, 1, 0]
[00:00:06:19:526] ! Unidirectional t-s. expansions: 198,275, time: 379,525 [ms], path length: 92 [edges], generated: 276,295
[00:00:01:14:524] Expansion 20,000: f=103, g=49
[00:00:02:02:171] Expansion 40,000: f=100, g=43
[00:00:02:50:381] Expansion 60,000: f=98, g=33
[00:00:03:40:889] Expansion 80,000: f=95, g=46
[00:00:04:32:209] Expansion 100,000: f=93, g=34
[00:00:05:26:764] Expansion 120,000: f=90, g=43
[00:00:06:19:502] Expansion 140,000: f=89, g=28
[00:00:06:27:468] Path of length 92 found: [0, 1, 2, 3, 4, 17, 30, 31, 32, 19, 6, 7, 8, 9, 10, 11, 12, 25, 38, 37, 36, 49, 62, 61, 60, 59, 58, 57, 56, 55, 54, 41, 28, 27, 26, 39, 52, 65, 78, 79, 92, 105, 106, 107, 108, 109, 110, 123, 124, 111, 112, 99, 98, 85, 86, 87, 88, 89, 90, 103, 116, 115, 114, 113, 126, 125, 138, 137, 136, 135, 134, 133, 132, 131, 130, 143, 156, 157, 158, 159, 160, 161, 162, 163, 164, 165, 152, 139, 140, 141, 142, 155, 168]
[00:00:06:27:476] ! Bidirectional. expansions: 142,516, time: 387,472 [ms], path length: 92 [edges], g_F: 38, g_B: 54, generated: 202,647, MM: 16, MMPER: 16.204301075268816%
[00:00:06:27:483] average expansions: (30,949, 55,400, 59,904, 0)
[00:00:06:27:489] average time: (76,319, 117,955, 160,550, 0)
[00:00:06:27:496] XA*: 30,949 , 76,319 (expansions , time[ms])
[00:00:06:27:502] XMM: 59,904 , 160,550 (expansions , time[ms])

