--------------------------
date: mazes
number_of_graphs: 10
graph_type: maze
size_of_graphs: [13, 13]
heuristic: bcc_heuristic
snake: False
run_uni: True
run_bi: True
run_multi: False
solution_vertices: []
algorithms: ['A']
lookahead: -1
bsd: False
cube_first_dims: 4
cube_buffer_dim: None
backward_sym_generation: False
sym_coil: False
prefix_set: None

---------- mazes/13x13_maze_with_1_open_diamonds_0 ----------
[00:00:00:23:721] Expansion 10,000: state None, f=97, g=35
[00:00:00:46:469] Expansion 20,000: state None, f=95, g=20
[00:00:01:07:289] Expansion 30,000: state None, f=93, g=30
[00:00:01:11:252] Path of length 92 found: [0, 1, 2, 3, 4, 17, 30, 31, 32, 19, 6, 7, 8, 9, 10, 11, 12, 25, 38, 37, 36, 49, 62, 61, 60, 59, 58, 57, 56, 55, 54, 41, 28, 27, 26, 39, 52, 65, 78, 79, 80, 81, 82, 83, 84, 85, 86, 87, 88, 89, 90, 103, 116, 115, 114, 113, 112, 111, 110, 109, 122, 135, 134, 133, 132, 119, 120, 107, 106, 105, 118, 131, 130, 143, 156, 157, 144, 145, 146, 159, 160, 161, 162, 163, 164, 165, 152, 139, 140, 141, 142, 155, 168]
[00:00:01:11:253] ! Unidirectional s-t. expansions: 31,360, time: 71,252 [ms], path length: 92 [edges], generated: 47,235
[00:00:00:28:480] Expansion 10,000: state None, f=101, g=28
[00:00:00:52:004] Expansion 20,000: state None, f=99, g=45
[00:00:01:12:817] Expansion 30,000: state None, f=98, g=33
[00:00:01:34:995] Expansion 40,000: state None, f=97, g=38
[00:00:01:54:867] Expansion 50,000: state None, f=96, g=42
[00:00:02:17:942] Expansion 60,000: state None, f=95, g=60
[00:00:02:39:531] Expansion 70,000: state None, f=95, g=23
[00:00:02:56:980] Expansion 80,000: state None, f=94, g=43
[00:00:03:19:419] Expansion 90,000: state None, f=94, g=31
[00:00:03:37:190] Expansion 100,000: state None, f=93, g=45
[00:00:03:59:376] Path of length 92 found: [168, 155, 142, 141, 140, 139, 152, 165, 164, 163, 150, 137, 136, 135, 134, 133, 146, 159, 158, 157, 156, 143, 130, 131, 144, 145, 132, 119, 118, 105, 106, 107, 108, 109, 110, 111, 112, 113, 114, 115, 116, 103, 90, 89, 88, 87, 86, 85, 84, 83, 82, 81, 80, 79, 78, 65, 52, 39, 26, 27, 28, 41, 54, 55, 56, 57, 58, 59, 60, 61, 62, 63, 64, 51, 38, 25, 12, 11, 10, 9, 8, 7, 6, 19, 32, 31, 30, 17, 4, 3, 2, 1, 0]
[00:00:03:59:378] ! Unidirectional t-s. expansions: 108,294, time: 239,376 [ms], path length: 92 [edges], generated: 154,445
[00:00:00:17:865] Expansion 10,000: F [0, 1, 2, 3, 4, 17, 30, 43, 56, 55, 54, 53, 52, 65, 78, 79, 80, 81, 82, 83, 84, 71, 58, 45], B [168, 155, 142, 141, 140, 139, 152, 165, 164, 163, 162, 161, 160, 159, 146, 145, 158, 157, 156, 143, 130, 131, 118, 105], f=95, g=46
[00:00:00:33:864] Expansion 20,000: F [0, 1, 2, 3, 4, 17, 30, 31, 32, 19, 6, 7, 8, 9, 10, 11, 12, 25, 38, 37, 36, 49, 62, 61, 74, 87, 88, 89, 90, 103, 116, 115, 114, 113], B [168, 155, 142, 141, 140, 139, 152, 165, 164, 163, 162, 161, 160, 159, 158, 157, 156, 143, 130, 131, 132, 145, 146, 133, 134, 135, 122, 109, 108, 107, 106, 119, 118], f=93, g=65
[00:00:00:49:533] Path of length 92 found: [0, 1, 2, 3, 4, 17, 30, 31, 32, 19, 6, 7, 8, 9, 10, 11, 12, 25, 38, 37, 36, 49, 62, 61, 60, 59, 58, 57, 56, 55, 54, 41, 28, 27, 26, 39, 52, 65, 78, 79, 80, 81, 82, 83, 84, 85, 86, 87, 88, 89, 90, 103, 116, 115, 114, 113, 112, 111, 110, 109, 108, 107, 106, 105, 118, 119, 132, 131, 130, 143, 156, 157, 144, 145, 158, 159, 146, 133, 134, 135, 136, 137, 150, 163, 164, 165, 152, 139, 140, 141, 142, 155, 168]
[00:00:00:49:549] ! Bidirectional. expansions: 29,195, time: 49,543 [ms], path length: 92 [edges], g_F: 47, g_B: 45, generated: {'F': 23,220, 'B': 23,323}, MM: 2, MMPER: 1.150537634408602%
[00:00:00:49:551] 
---------- mazes/13x13_maze_with_1_open_diamonds_1 ----------
[00:00:00:26:727] Expansion 10,000: state None, f=98, g=40
[00:00:01:08:073] Expansion 20,000: state None, f=95, g=36
[00:00:01:29:098] Expansion 30,000: state None, f=93, g=35
[00:00:01:51:285] Expansion 40,000: state None, f=92, g=23
[00:00:02:10:343] Expansion 50,000: state None, f=91, g=30
[00:00:02:13:547] Path of length 90 found: [0, 1, 2, 15, 28, 27, 26, 39, 52, 53, 54, 41, 42, 29, 16, 3, 4, 17, 30, 43, 56, 57, 58, 45, 32, 19, 6, 7, 8, 9, 10, 11, 12, 25, 38, 37, 36, 49, 62, 61, 74, 87, 88, 89, 90, 103, 116, 115, 114, 113, 112, 99, 86, 85, 84, 83, 82, 81, 80, 79, 92, 105, 106, 107, 108, 109, 122, 135, 134, 133, 132, 131, 130, 143, 156, 157, 158, 159, 160, 161, 162, 163, 164, 165, 152, 139, 140, 141, 142, 155, 168]
[00:00:02:13:549] ! Unidirectional s-t. expansions: 51,200, time: 133,547 [ms], path length: 90 [edges], generated: 69,643
[00:00:00:03:099] Path of length 90 found: [168, 155, 142, 141, 140, 139, 152, 165, 164, 163, 162, 161, 160, 159, 158, 157, 156, 143, 130, 131, 132, 133, 134, 135, 122, 109, 108, 107, 106, 105, 92, 79, 80, 81, 82, 83, 84, 85, 86, 99, 112, 113, 114, 115, 116, 103, 90, 89, 88, 87, 74, 61, 62, 63, 64, 51, 38, 25, 12, 11, 10, 9, 8, 7, 6, 19, 32, 45, 58, 57, 56, 43, 30, 17, 4, 3, 16, 29, 42, 55, 54, 53, 52, 39, 26, 27, 28, 15, 2, 1, 0]
[00:00:00:03:100] ! Unidirectional t-s. expansions: 1,607, time: 3,099 [ms], path length: 90 [edges], generated: 2,500
[00:00:00:30:701] Expansion 10,000: F [0, 1, 2, 3, 4, 17, 30, 29, 42, 41, 28, 27, 26, 39, 52, 65, 78, 79], B [168, 155, 142, 141, 140, 139, 152, 165, 164, 163, 162, 161, 160, 159, 158, 157, 156, 143], f=96, g=34
[00:00:00:47:981] Expansion 20,000: F [0, 13, 26, 27, 28, 15, 16, 3, 4, 17, 30, 43, 42, 55, 54, 53, 52, 65, 78, 79, 80, 81, 82, 83], B [168, 155, 142, 141, 140, 139, 152, 165, 164, 163, 162, 161, 160, 159, 158, 157, 156, 143, 130, 131, 132, 133, 134, 135], f=93, g=46
[00:00:01:03:998] Expansion 30,000: F [0, 1, 2, 3, 4, 17, 30, 43, 56, 55, 42, 41, 54, 53, 52, 65, 78, 79, 80, 81], B [168, 155, 142, 141, 140, 139, 152, 165, 164, 163, 162, 161, 160, 159, 158, 157, 156, 143, 130], f=91, g=37
[00:00:01:10:175] Path of length 90 found: [0, 1, 2, 3, 4, 17, 16, 15, 28, 27, 26, 39, 52, 53, 54, 41, 42, 29, 30, 43, 56, 57, 58, 45, 32, 19, 6, 7, 8, 9, 10, 11, 12, 25, 38, 37, 36, 49, 62, 61, 74, 87, 88, 89, 90, 103, 116, 115, 114, 113, 112, 99, 86, 85, 84, 83, 82, 81, 80, 79, 92, 105, 106, 107, 108, 109, 122, 135, 134, 133, 132, 131, 130, 143, 156, 157, 158, 159, 160, 161, 162, 163, 164, 165, 152, 139, 140, 141, 142, 155, 168]
[00:00:01:10:176] ! Bidirectional. expansions: 32,905, time: 70,175 [ms], path length: 90 [edges], g_F: 46, g_B: 44, generated: {'F': 24,092, 'B': 19,128}, MM: 2, MMPER: 1.197802197802198%
[00:00:01:10:177] 
---------- mazes/13x13_maze_with_1_open_diamonds_2 ----------
[00:00:00:24:716] Expansion 10,000: state None, f=96, g=47
[00:00:00:45:910] Expansion 20,000: state None, f=94, g=34
[00:00:01:04:408] Path of length 92 found: [0, 1, 2, 3, 4, 17, 30, 43, 56, 55, 54, 41, 28, 27, 26, 39, 52, 65, 78, 79, 80, 81, 82, 83, 70, 57, 58, 45, 32, 19, 6, 7, 8, 9, 10, 11, 12, 25, 38, 37, 36, 49, 62, 61, 60, 59, 72, 71, 84, 85, 86, 87, 88, 89, 90, 103, 116, 115, 114, 113, 112, 99, 98, 111, 110, 97, 96, 109, 122, 135, 134, 133, 132, 131, 130, 143, 156, 157, 158, 159, 160, 161, 162, 163, 164, 165, 152, 139, 140, 141, 142, 155, 168]
[00:00:01:04:411] ! Unidirectional s-t. expansions: 29,438, time: 64,409 [ms], path length: 92 [edges], generated: 44,753
[00:00:00:22:880] Expansion 10,000: state None, f=96, g=49
[00:00:00:40:802] Expansion 20,000: state None, f=94, g=44
[00:00:00:51:064] Path of length 92 found: [168, 155, 142, 141, 140, 139, 152, 165, 164, 163, 162, 161, 160, 159, 158, 157, 156, 143, 130, 131, 132, 133, 134, 135, 122, 109, 110, 111, 112, 113, 114, 115, 116, 103, 90, 89, 88, 87, 86, 99, 98, 85, 72, 59, 60, 61, 62, 63, 64, 51, 38, 25, 12, 11, 10, 9, 8, 7, 6, 19, 32, 45, 58, 57, 70, 71, 84, 97, 96, 83, 82, 81, 80, 79, 78, 65, 52, 39, 26, 27, 28, 41, 54, 55, 56, 43, 30, 17, 4, 3, 2, 1, 0]
[00:00:00:51:067] ! Unidirectional t-s. expansions: 25,254, time: 51,064 [ms], path length: 92 [edges], generated: 36,149
[00:00:00:05:832] Path of length 92 found: [0, 1, 2, 3, 4, 17, 30, 31, 32, 19, 6, 7, 8, 9, 10, 11, 12, 25, 38, 37, 36, 49, 62, 61, 60, 59, 58, 71, 72, 85, 98, 99, 86, 87, 88, 89, 90, 103, 116, 115, 114, 113, 112, 111, 110, 97, 84, 83, 70, 57, 56, 55, 54, 41, 28, 27, 26, 39, 52, 65, 78, 79, 92, 105, 106, 107, 108, 109, 122, 135, 134, 133, 132, 131, 130, 143, 156, 157, 158, 159, 160, 161, 162, 163, 164, 165, 152, 139, 140, 141, 142, 155, 168]
[00:00:00:05:843] ! Bidirectional. expansions: 4,086, time: 5,839 [ms], path length: 92 [edges], g_F: 47, g_B: 45, generated: {'F': 3,496, 'B': 3,068}, MM: 2, MMPER: 1.150537634408602%
[00:00:00:05:844] 
---------- mazes/13x13_maze_with_1_open_diamonds_3 ----------
[00:00:00:27:371] Expansion 10,000: state None, f=92, g=56
[00:00:00:47:892] Expansion 20,000: state None, f=91, g=34
[00:00:00:49:138] Path of length 90 found: [0, 1, 2, 3, 4, 17, 30, 31, 32, 19, 6, 7, 8, 9, 10, 11, 12, 25, 38, 37, 36, 49, 62, 61, 60, 59, 58, 57, 56, 55, 54, 41, 28, 27, 26, 39, 52, 65, 78, 79, 80, 81, 82, 83, 84, 85, 86, 87, 88, 89, 90, 103, 116, 129, 142, 141, 140, 139, 126, 113, 114, 115, 102, 101, 100, 99, 98, 111, 110, 109, 122, 135, 134, 133, 132, 131, 130, 143, 156, 157, 158, 159, 160, 161, 162, 163, 164, 165, 166, 167, 168]
[00:00:00:49:140] ! Unidirectional s-t. expansions: 20,438, time: 49,138 [ms], path length: 90 [edges], generated: 31,641
[00:00:00:29:159] Expansion 10,000: state None, f=98, g=58
[00:00:00:50:743] Expansion 20,000: state None, f=95, g=59
[00:00:01:10:539] Expansion 30,000: state None, f=93, g=58
[00:00:01:29:364] Expansion 40,000: state None, f=92, g=39
[00:00:01:48:354] Path of length 90 found: [168, 167, 166, 165, 164, 163, 162, 161, 160, 159, 158, 157, 156, 143, 130, 131, 132, 133, 134, 135, 122, 109, 110, 111, 98, 85, 86, 99, 112, 113, 126, 139, 140, 141, 142, 129, 116, 115, 114, 101, 102, 103, 90, 89, 88, 87, 74, 61, 62, 63, 64, 51, 38, 25, 12, 11, 10, 9, 8, 7, 6, 19, 32, 45, 58, 71, 84, 83, 82, 81, 80, 79, 78, 65, 52, 39, 26, 27, 28, 41, 54, 55, 56, 43, 30, 17, 4, 3, 2, 1, 0]
[00:00:01:48:356] ! Unidirectional t-s. expansions: 49,827, time: 108,354 [ms], path length: 90 [edges], generated: 71,852
[00:00:00:19:420] Expansion 10,000: F [0, 1, 2, 3, 4, 17, 30, 31, 32, 19, 6, 7, 8, 9, 10, 11, 12, 25, 38, 51, 64, 63, 62, 61, 60, 59, 58, 57, 56, 55, 54, 41], B [168, 155, 142, 129, 116, 103, 90, 89, 88, 87, 100, 101, 102, 115, 114, 113, 126, 139, 152, 165, 164, 163, 162, 161, 160, 159, 158, 157, 156, 143, 130, 131], f=94, g=62
[00:00:00:35:224] Expansion 20,000: F [0, 13, 26, 27, 28, 41, 54, 55, 56, 43, 30, 31, 32, 19, 6, 7, 8, 9, 10, 11, 12, 25], B [168, 155, 142, 129, 116, 103, 90, 89, 102, 115, 114, 101, 88, 87, 86, 99, 100, 113, 126, 139, 152, 165], f=92, g=42
[00:00:00:48:955] Path of length 90 found: [0, 1, 2, 3, 4, 17, 30, 43, 56, 55, 54, 41, 28, 27, 26, 39, 52, 65, 78, 79, 80, 81, 82, 83, 84, 71, 58, 45, 32, 19, 6, 7, 8, 9, 10, 11, 12, 25, 38, 37, 36, 49, 62, 61, 74, 87, 88, 101, 114, 115, 102, 89, 90, 103, 116, 129, 142, 141, 140, 139, 126, 113, 112, 99, 86, 85, 98, 111, 110, 109, 122, 135, 134, 133, 132, 131, 130, 143, 156, 157, 158, 159, 160, 161, 162, 163, 164, 165, 166, 167, 168]
[00:00:00:48:960] ! Bidirectional. expansions: 28,008, time: 48,955 [ms], path length: 90 [edges], g_F: 46, g_B: 44, generated: {'F': 20,668, 'B': 20,548}, MM: 2, MMPER: 1.197802197802198%
[00:00:00:48:961] 
---------- mazes/13x13_maze_with_1_open_diamonds_4 ----------
[00:00:00:32:864] Expansion 10,000: state None, f=97, g=59
[00:00:00:55:981] Expansion 20,000: state None, f=95, g=25
[00:00:01:14:001] Expansion 30,000: state None, f=93, g=51
[00:00:01:24:100] Path of length 92 found: [0, 1, 2, 3, 4, 17, 30, 31, 32, 19, 6, 7, 8, 9, 10, 11, 12, 25, 38, 37, 36, 49, 62, 61, 60, 59, 58, 57, 56, 55, 54, 41, 28, 27, 26, 39, 52, 65, 78, 79, 80, 81, 82, 83, 84, 85, 86, 87, 88, 89, 90, 103, 116, 115, 114, 113, 112, 111, 110, 109, 108, 107, 106, 119, 132, 131, 130, 143, 156, 157, 158, 159, 160, 147, 134, 133, 120, 121, 122, 123, 136, 137, 150, 163, 164, 165, 152, 139, 140, 141, 142, 155, 168]
[00:00:01:24:103] ! Unidirectional s-t. expansions: 33,578, time: 84,100 [ms], path length: 92 [edges], generated: 51,823
[00:00:00:32:211] Expansion 10,000: state None, f=101, g=32
[00:00:00:56:628] Expansion 20,000: state None, f=99, g=33
[00:00:01:17:217] Expansion 30,000: state None, f=97, g=50
[00:00:01:38:101] Expansion 40,000: state None, f=96, g=45
[00:00:01:59:878] Expansion 50,000: state None, f=95, g=38
[00:00:02:18:972] Expansion 60,000: state None, f=94, g=63
[00:00:02:42:610] Expansion 70,000: state None, f=93, g=77
[00:00:03:01:330] Expansion 80,000: state None, f=93, g=34
[00:00:03:07:703] Path of length 92 found: [168, 167, 166, 165, 152, 139, 140, 141, 142, 129, 116, 103, 90, 89, 88, 87, 74, 61, 62, 63, 64, 51, 38, 25, 12, 11, 10, 9, 8, 7, 6, 19, 32, 45, 58, 71, 84, 85, 86, 99, 112, 111, 110, 123, 136, 137, 150, 163, 162, 161, 160, 159, 158, 157, 156, 143, 130, 131, 132, 119, 106, 107, 120, 133, 134, 135, 122, 109, 108, 95, 82, 81, 80, 79, 78, 65, 52, 39, 26, 27, 28, 41, 54, 55, 56, 43, 30, 17, 4, 3, 2, 1, 0]
[00:00:03:07:704] ! Unidirectional t-s. expansions: 82,439, time: 187,703 [ms], path length: 92 [edges], generated: 118,601
[00:00:00:30:461] Expansion 10,000: F [0, 1, 2, 3, 4, 17, 30, 43, 56, 55, 54, 41, 28, 27, 26, 39, 52, 65, 78, 79, 92, 105, 106, 107, 108, 95, 82], B [168, 167, 166, 165, 164, 163, 162, 161, 160, 159, 158, 157, 156, 143, 130, 131, 132, 119, 120, 121, 134, 135, 136, 123, 110, 111, 112], f=95, g=52
[00:00:00:45:238] Expansion 20,000: F [0, 13, 26, 27, 28, 41, 54, 53, 52, 65, 78, 79, 92, 105, 106, 119, 132, 131, 130, 143, 156, 157, 158, 159, 160, 147, 134, 133, 120, 121, 108, 95], B [168, 155, 142, 141, 140, 139, 152, 165, 164, 163, 150, 137, 136, 135, 122, 109, 110, 111, 112, 113, 114, 115, 116, 103, 90, 89, 88, 87, 74, 61, 62], f=93, g=61
[00:00:00:55:057] Path of length 92 found: [0, 1, 2, 3, 4, 17, 30, 43, 56, 55, 54, 41, 28, 27, 26, 39, 52, 65, 78, 79, 80, 81, 82, 95, 108, 107, 106, 119, 120, 121, 134, 133, 132, 131, 130, 143, 156, 157, 158, 159, 160, 161, 162, 163, 150, 137, 136, 135, 122, 109, 110, 111, 112, 99, 86, 85, 84, 71, 58, 45, 32, 19, 6, 7, 8, 9, 10, 11, 12, 25, 38, 51, 64, 63, 62, 61, 74, 87, 88, 89, 90, 103, 116, 129, 142, 141, 140, 139, 152, 165, 166, 167, 168]
[00:00:00:55:060] ! Bidirectional. expansions: 25,666, time: 55,057 [ms], path length: 92 [edges], g_F: 47, g_B: 45, generated: {'F': 19,621, 'B': 19,819}, MM: 2, MMPER: 1.150537634408602%
[00:00:00:55:061] 
---------- mazes/13x13_maze_with_1_open_diamonds_5 ----------
[00:00:00:25:864] Expansion 10,000: state None, f=98, g=46
[00:00:00:47:882] Expansion 20,000: state None, f=95, g=60
[00:00:01:07:788] Expansion 30,000: state None, f=93, g=71
[00:00:01:21:804] Path of length 92 found: [0, 1, 2, 3, 4, 17, 30, 31, 32, 19, 6, 7, 8, 9, 10, 11, 12, 25, 38, 37, 36, 49, 62, 61, 60, 59, 58, 57, 56, 55, 54, 41, 28, 27, 26, 39, 52, 65, 78, 79, 80, 81, 82, 83, 84, 85, 86, 87, 88, 89, 90, 103, 116, 115, 114, 113, 112, 111, 110, 109, 108, 107, 106, 105, 118, 131, 130, 143, 156, 157, 158, 159, 146, 133, 132, 119, 120, 121, 122, 135, 136, 137, 150, 163, 164, 165, 152, 139, 140, 141, 142, 155, 168]
[00:00:01:21:809] ! Unidirectional s-t. expansions: 36,899, time: 81,804 [ms], path length: 92 [edges], generated: 55,900
[00:00:00:30:320] Expansion 10,000: state None, f=100, g=50
[00:00:00:52:753] Expansion 20,000: state None, f=98, g=49
[00:00:01:15:151] Expansion 30,000: state None, f=97, g=24
[00:00:01:36:351] Expansion 40,000: state None, f=96, g=31
[00:00:01:57:839] Expansion 50,000: state None, f=95, g=17
[00:00:02:17:201] Expansion 60,000: state None, f=94, g=42
[00:00:02:39:282] Expansion 70,000: state None, f=93, g=50
[00:00:02:56:746] Path of length 92 found: [168, 167, 166, 165, 152, 139, 140, 141, 142, 129, 116, 103, 90, 89, 88, 87, 74, 61, 62, 63, 64, 51, 38, 25, 12, 11, 10, 9, 8, 7, 6, 19, 32, 45, 58, 71, 84, 85, 86, 99, 112, 111, 110, 109, 122, 135, 136, 137, 150, 163, 162, 161, 160, 159, 158, 157, 156, 143, 130, 131, 118, 105, 106, 119, 132, 133, 134, 121, 108, 107, 94, 81, 80, 79, 78, 65, 52, 39, 26, 27, 28, 41, 54, 55, 56, 43, 30, 17, 4, 3, 2, 1, 0]
[00:00:02:56:748] ! Unidirectional t-s. expansions: 77,684, time: 176,746 [ms], path length: 92 [edges], generated: 112,634
[00:00:00:16:898] Expansion 10,000: F [0, 1, 2, 3, 4, 17, 30, 31, 32, 19, 6, 7, 8, 9, 10, 11, 12, 25, 38, 37, 36, 49, 62, 61, 60], B [168, 155, 142, 141, 140, 139, 152, 165, 164, 163, 162, 161, 160, 159, 158, 157, 156, 143, 130, 131, 132, 119, 120, 121, 134], f=95, g=48
[00:00:00:31:349] Expansion 20,000: F [0, 1, 2, 3, 4, 17, 30, 31, 32, 19, 6, 7, 8, 9, 10, 11, 12, 25, 38, 37, 36, 49, 62, 61, 74, 87, 88, 89, 90, 103], B [168, 155, 142, 141, 140, 139, 152, 165, 164, 163, 150, 137, 136, 135, 134, 121, 120, 133, 146, 159, 158, 157, 156, 143, 130, 131, 118, 105, 92, 79], f=93, g=58
[00:00:00:39:786] Path of length 92 found: [0, 1, 2, 3, 4, 17, 30, 43, 56, 55, 54, 41, 28, 27, 26, 39, 52, 65, 78, 79, 80, 81, 94, 107, 106, 105, 118, 119, 120, 133, 132, 131, 130, 143, 156, 157, 158, 159, 160, 161, 162, 163, 150, 137, 136, 135, 122, 121, 108, 109, 110, 111, 112, 99, 86, 85, 84, 71, 58, 45, 32, 19, 6, 7, 8, 9, 10, 11, 12, 25, 38, 51, 64, 63, 62, 61, 74, 87, 88, 89, 90, 103, 116, 129, 142, 141, 140, 139, 152, 165, 166, 167, 168]
[00:00:00:39:791] ! Bidirectional. expansions: 24,609, time: 39,786 [ms], path length: 92 [edges], g_F: 47, g_B: 45, generated: {'F': 19,450, 'B': 19,195}, MM: 2, MMPER: 1.150537634408602%
[00:00:00:39:793] 
---------- mazes/13x13_maze_with_1_open_diamonds_6 ----------
[00:00:00:36:889] Expansion 10,000: state None, f=95, g=31
[00:00:00:56:276] Path of length 92 found: [0, 1, 2, 3, 4, 17, 30, 43, 56, 55, 54, 41, 28, 27, 26, 39, 52, 65, 78, 79, 80, 81, 82, 83, 84, 71, 58, 45, 32, 19, 6, 7, 8, 9, 10, 11, 12, 25, 38, 51, 64, 63, 62, 49, 36, 35, 34, 47, 60, 59, 72, 85, 86, 73, 74, 87, 88, 89, 90, 103, 116, 115, 114, 113, 112, 111, 110, 109, 122, 135, 134, 133, 132, 131, 130, 143, 156, 157, 158, 159, 160, 161, 162, 163, 164, 165, 152, 139, 140, 141, 142, 155, 168]
[00:00:00:56:280] ! Unidirectional s-t. expansions: 19,096, time: 56,276 [ms], path length: 92 [edges], generated: 28,635
[00:00:00:17:305] Path of length 92 found: [168, 155, 142, 141, 140, 139, 152, 165, 164, 163, 162, 161, 160, 159, 158, 157, 156, 143, 130, 131, 132, 133, 134, 135, 122, 109, 110, 111, 112, 113, 114, 115, 116, 103, 90, 89, 88, 75, 74, 87, 86, 73, 60, 47, 34, 35, 36, 49, 62, 63, 64, 51, 38, 25, 12, 11, 10, 9, 8, 7, 6, 19, 32, 45, 58, 59, 72, 85, 84, 83, 82, 81, 80, 79, 78, 65, 52, 39, 26, 27, 28, 41, 54, 55, 56, 43, 30, 17, 4, 3, 2, 1, 0]
[00:00:00:17:323] ! Unidirectional t-s. expansions: 7,299, time: 17,307 [ms], path length: 92 [edges], generated: 10,743
[00:00:00:02:735] Path of length 92 found: [0, 1, 2, 3, 4, 17, 30, 31, 32, 19, 6, 7, 8, 9, 10, 11, 12, 25, 38, 51, 64, 63, 62, 49, 36, 35, 34, 47, 60, 61, 74, 75, 88, 89, 90, 103, 116, 115, 114, 113, 112, 99, 86, 73, 72, 85, 84, 71, 58, 57, 56, 55, 54, 41, 28, 27, 26, 39, 52, 65, 78, 79, 92, 105, 106, 107, 108, 109, 122, 135, 134, 133, 132, 131, 130, 143, 156, 157, 158, 159, 160, 161, 162, 163, 164, 165, 152, 139, 140, 141, 142, 155, 168]
[00:00:00:02:739] ! Bidirectional. expansions: 2,042, time: 2,737 [ms], path length: 92 [edges], g_F: 47, g_B: 45, generated: {'F': 1,638, 'B': 1,481}, MM: 2, MMPER: 1.150537634408602%
[00:00:00:02:740] 
---------- mazes/13x13_maze_with_1_open_diamonds_7 ----------
[00:00:00:26:131] Expansion 10,000: state None, f=97, g=44
[00:00:00:47:746] Expansion 20,000: state None, f=95, g=19
[00:00:00:49:820] Path of length 94 found: [0, 1, 2, 3, 4, 17, 30, 31, 32, 19, 6, 7, 8, 9, 10, 11, 12, 25, 38, 51, 64, 63, 62, 49, 36, 35, 34, 21, 20, 33, 46, 47, 60, 61, 74, 87, 88, 89, 90, 103, 116, 115, 114, 113, 112, 99, 86, 85, 84, 71, 58, 57, 56, 55, 54, 41, 28, 27, 26, 39, 52, 65, 78, 79, 92, 105, 106, 107, 108, 109, 122, 135, 134, 133, 132, 131, 130, 143, 156, 157, 158, 159, 160, 161, 162, 163, 164, 165, 152, 139, 140, 141, 142, 155, 168]
[00:00:00:49:823] ! Unidirectional s-t. expansions: 20,475, time: 49,820 [ms], path length: 94 [edges], generated: 28,904
[00:00:00:02:610] Path of length 94 found: [168, 155, 142, 141, 140, 139, 152, 165, 164, 163, 162, 161, 160, 159, 158, 157, 156, 143, 130, 131, 132, 133, 134, 135, 122, 109, 108, 107, 106, 105, 92, 79, 78, 65, 52, 39, 26, 27, 28, 41, 54, 55, 56, 57, 58, 71, 84, 85, 86, 99, 112, 113, 114, 115, 116, 103, 90, 89, 88, 87, 74, 61, 60, 59, 46, 47, 34, 35, 36, 49, 62, 63, 64, 51, 38, 25, 12, 11, 10, 9, 8, 21, 20, 7, 6, 19, 32, 31, 30, 17, 4, 3, 2, 1, 0]
[00:00:00:02:610] ! Unidirectional t-s. expansions: 1,663, time: 2,610 [ms], path length: 94 [edges], generated: 2,602
[00:00:00:06:746] Path of length 94 found: [0, 1, 2, 3, 4, 17, 30, 31, 32, 19, 6, 7, 20, 21, 8, 9, 10, 11, 12, 25, 38, 51, 64, 63, 62, 49, 36, 35, 34, 33, 46, 47, 60, 61, 74, 87, 88, 89, 90, 103, 116, 115, 114, 113, 112, 99, 86, 85, 84, 71, 58, 57, 56, 55, 54, 41, 28, 27, 26, 39, 52, 65, 78, 79, 92, 105, 106, 107, 108, 109, 122, 135, 134, 133, 132, 131, 130, 143, 156, 157, 158, 159, 160, 161, 162, 163, 164, 165, 152, 139, 140, 141, 142, 155, 168]
[00:00:00:06:749] ! Bidirectional. expansions: 4,222, time: 6,747 [ms], path length: 94 [edges], g_F: 48, g_B: 46, generated: {'F': 3,052, 'B': 2,632}, MM: 2, MMPER: 1.1052631578947367%
[00:00:00:06:749] 
---------- mazes/13x13_maze_with_1_open_diamonds_8 ----------
[00:00:00:27:085] Expansion 10,000: state None, f=97, g=44
[00:00:00:48:611] Expansion 20,000: state None, f=95, g=19
[00:00:00:50:658] Path of length 94 found: [0, 1, 2, 3, 4, 17, 30, 31, 32, 19, 6, 7, 8, 9, 10, 11, 12, 25, 38, 51, 64, 63, 62, 49, 36, 35, 34, 21, 20, 33, 46, 47, 60, 61, 74, 87, 88, 89, 90, 103, 116, 115, 114, 113, 112, 99, 86, 85, 84, 71, 58, 57, 56, 55, 54, 41, 28, 27, 26, 39, 52, 65, 78, 79, 92, 105, 106, 107, 108, 109, 122, 135, 134, 133, 132, 131, 130, 143, 156, 157, 158, 159, 160, 161, 162, 163, 164, 165, 152, 139, 140, 141, 142, 155, 168]
[00:00:00:50:662] ! Unidirectional s-t. expansions: 20,475, time: 50,658 [ms], path length: 94 [edges], generated: 28,904
[00:00:00:02:580] Path of length 94 found: [168, 155, 142, 141, 140, 139, 152, 165, 164, 163, 162, 161, 160, 159, 158, 157, 156, 143, 130, 131, 132, 133, 134, 135, 122, 109, 108, 107, 106, 105, 92, 79, 78, 65, 52, 39, 26, 27, 28, 41, 54, 55, 56, 57, 58, 71, 84, 85, 86, 99, 112, 113, 114, 115, 116, 103, 90, 89, 88, 87, 74, 61, 60, 59, 46, 47, 34, 35, 36, 49, 62, 63, 64, 51, 38, 25, 12, 11, 10, 9, 8, 21, 20, 7, 6, 19, 32, 31, 30, 17, 4, 3, 2, 1, 0]
[00:00:00:02:581] ! Unidirectional t-s. expansions: 1,663, time: 2,580 [ms], path length: 94 [edges], generated: 2,602
[00:00:00:06:585] Path of length 94 found: [0, 1, 2, 3, 4, 17, 30, 31, 32, 19, 6, 7, 20, 21, 8, 9, 10, 11, 12, 25, 38, 51, 64, 63, 62, 49, 36, 35, 34, 33, 46, 47, 60, 61, 74, 87, 88, 89, 90, 103, 116, 115, 114, 113, 112, 99, 86, 85, 84, 71, 58, 57, 56, 55, 54, 41, 28, 27, 26, 39, 52, 65, 78, 79, 92, 105, 106, 107, 108, 109, 122, 135, 134, 133, 132, 131, 130, 143, 156, 157, 158, 159, 160, 161, 162, 163, 164, 165, 152, 139, 140, 141, 142, 155, 168]
[00:00:00:06:587] ! Bidirectional. expansions: 4,222, time: 6,585 [ms], path length: 94 [edges], g_F: 48, g_B: 46, generated: {'F': 3,052, 'B': 2,632}, MM: 2, MMPER: 1.1052631578947367%
[00:00:00:06:587] 
---------- mazes/13x13_maze_with_1_open_diamonds_9 ----------
[00:00:00:27:918] Expansion 10,000: state None, f=96, g=74
[00:00:00:45:986] Expansion 20,000: state None, f=95, g=42
[00:00:01:00:906] Expansion 30,000: state None, f=94, g=57
[00:00:01:17:096] Expansion 40,000: state None, f=93, g=60
[00:00:01:31:572] Path of length 92 found: [0, 1, 2, 3, 4, 17, 30, 31, 32, 19, 6, 7, 8, 9, 10, 11, 12, 25, 38, 37, 36, 49, 62, 61, 74, 87, 88, 89, 90, 103, 116, 115, 114, 113, 126, 125, 112, 111, 98, 99, 86, 85, 84, 71, 58, 57, 56, 55, 54, 41, 28, 27, 26, 39, 52, 65, 78, 79, 92, 105, 106, 107, 108, 109, 110, 123, 124, 137, 136, 135, 134, 133, 132, 131, 130, 143, 156, 157, 158, 159, 160, 161, 162, 163, 164, 165, 152, 139, 140, 141, 142, 155, 168]
[00:00:01:31:574] ! Unidirectional s-t. expansions: 46,531, time: 91,572 [ms], path length: 92 [edges], generated: 70,258
[00:00:00:29:586] Expansion 10,000: state None, f=105, g=30
[00:00:00:51:646] Expansion 20,000: state None, f=103, g=54
[00:00:01:12:409] Expansion 30,000: state None, f=102, g=42
[00:00:01:33:787] Expansion 40,000: state None, f=101, g=48
[00:00:01:53:630] Expansion 50,000: state None, f=100, g=42
[00:00:02:15:013] Expansion 60,000: state None, f=99, g=56
[00:00:02:33:453] Expansion 70,000: state None, f=98, g=59
[00:00:02:54:625] Expansion 80,000: state None, f=98, g=36
[00:00:03:12:407] Expansion 90,000: state None, f=97, g=53
[00:00:03:32:258] Expansion 100,000: state None, f=96, g=57
[00:00:03:47:872] Expansion 110,000: state None, f=96, g=49
[00:00:04:11:104] Expansion 120,000: state None, f=95, g=69
[00:00:04:25:578] Expansion 130,000: state None, f=95, g=51
[00:00:04:43:232] Expansion 140,000: state None, f=94, g=75
[00:00:04:55:715] Expansion 150,000: state None, f=94, g=65
[00:00:05:15:463] Expansion 160,000: state None, f=94, g=60
[00:00:05:35:330] Expansion 170,000: state None, f=94, g=32
[00:00:05:50:418] Expansion 180,000: state None, f=93, g=63
[00:00:06:06:163] Expansion 190,000: state None, f=93, g=50
[00:00:06:31:648] Path of length 92 found: [168, 155, 142, 141, 140, 139, 152, 165, 164, 163, 162, 161, 160, 159, 158, 157, 156, 143, 130, 131, 132, 133, 134, 135, 122, 109, 110, 123, 136, 137, 138, 125, 124, 111, 98, 85, 86, 99, 112, 113, 114, 115, 116, 103, 90, 89, 88, 87, 74, 61, 62, 63, 64, 51, 38, 25, 12, 11, 10, 9, 8, 7, 6, 19, 32, 45, 58, 71, 84, 83, 82, 81, 80, 79, 78, 65, 52, 39, 26, 27, 28, 41, 54, 55, 56, 43, 30, 17, 4, 3, 2, 1, 0]
[00:00:06:31:650] ! Unidirectional t-s. expansions: 198,275, time: 391,648 [ms], path length: 92 [edges], generated: 276,295
[00:00:00:17:632] Expansion 10,000: F [0, 1, 2, 3, 4, 17, 30, 31, 32, 19, 6, 7, 8, 9, 10, 11, 12, 25, 38, 51, 64, 63, 62, 61, 60], B [168, 155, 142, 141, 140, 139, 138, 125, 126, 113, 114, 115, 116, 103, 90, 89, 88, 87, 86, 85, 98, 99, 112, 111], f=98, g=47
[00:00:00:32:827] Expansion 20,000: F [0, 1, 2, 3, 4, 17, 30, 31, 32, 19, 6, 7, 8, 9, 10, 11, 12, 25, 38, 51, 64, 63, 62, 61, 74, 87, 86, 99, 112, 111, 98], B [168, 167, 166, 165, 164, 163, 162, 161, 160, 159, 158, 157, 156, 143, 130, 131, 132, 133, 134, 135, 136, 137, 138, 139, 140, 141, 142, 129, 116, 115], f=96, g=59
[00:00:00:47:865] Expansion 30,000: F [0, 1, 2, 3, 4, 17, 30, 31, 32, 19, 6, 7, 8, 9, 10, 11, 12, 25, 38, 51, 64, 63, 62, 61, 60, 59], B [168, 167, 166, 165, 152, 139, 126, 113, 114, 115, 116, 103, 90, 89, 88, 87, 86, 85, 98, 99, 112, 125, 124, 123, 136], f=95, g=49
[00:00:01:02:735] Expansion 40,000: F [0, 1, 2, 3, 4, 17, 30, 31, 32, 19, 6, 7, 8, 9, 10, 11, 12, 25, 38, 37, 36, 49, 62, 61, 74, 87, 86, 99, 112, 125, 138, 137], B [168, 155, 142, 129, 116, 115, 114, 113, 126, 139, 152, 165, 164, 163, 162, 161, 160, 159, 158, 157, 156, 143, 130, 131, 132, 133, 134, 135, 136, 123, 122, 109], f=94, g=62
[00:00:01:16:434] Expansion 50,000: F [0, 1, 2, 3, 4, 17, 30, 43, 56, 55, 54, 41, 28, 27, 26, 39, 52, 65, 78, 79, 80, 81, 82, 83, 84, 71, 58, 45, 32], B [168, 167, 166, 165, 152, 139, 138, 137, 150, 163, 162, 161, 160, 159, 158, 157, 156, 143, 130, 131, 132, 133, 134, 135, 136, 123, 124, 125, 112], f=93, g=56
[00:00:01:32:388] Path of length 92 found: [0, 1, 2, 3, 4, 17, 30, 31, 32, 19, 6, 7, 8, 9, 10, 11, 12, 25, 38, 37, 36, 49, 62, 61, 60, 59, 58, 57, 56, 55, 54, 41, 28, 27, 26, 39, 52, 65, 78, 79, 92, 105, 106, 107, 108, 109, 122, 123, 124, 111, 112, 99, 98, 85, 86, 87, 88, 89, 90, 103, 116, 115, 114, 113, 126, 125, 138, 137, 136, 135, 134, 133, 132, 131, 130, 143, 156, 157, 158, 159, 160, 161, 162, 163, 164, 165, 152, 139, 140, 141, 142, 155, 168]
[00:00:01:32:396] ! Bidirectional. expansions: 58,191, time: 92,389 [ms], path length: 92 [edges], g_F: 47, g_B: 45, generated: {'F': 48,132, 'B': 45,175}, MM: 2, MMPER: 1.150537634408602%
[00:00:01:32:408] average expansions: (30,949, 55,400, 21,315, 0)
[00:00:01:32:417] average time: (73,258, 118,049, 37,781, 0)
[00:00:01:32:424] XA*: 30,949 , 73,258 (expansions , time[ms])
[00:00:01:32:430] BiXA*: 21,315 , 37,781 (expansions , time[ms])

