--------------------------
date: SM_Grids
number_of_graphs: 10
graph_type: grid
size_of_graphs: [9, 9]
heuristic: bcc_heuristic
snake: True
run_uni: True
run_bi: True
run_multi: False
solution_vertices: []
algorithms: ['A']
lookahead: 3
bsd: False
cube_first_dims: 4
cube_buffer_dim: None
backward_sym_generation: False
sym_coil: False
prefix_set: None

---------- SM_Grids/9x9_grid_with_random_blocks_12per_0 ----------
[00:00:00:32:238] Path of length 46 found: [0, 1, 2, 3, 4, 5, 6, 7, 16, 17, 26, 35, 44, 53, 52, 51, 42, 33, 24, 23, 22, 21, 20, 19, 18, 27, 36, 45, 54, 63, 72, 73, 74, 65, 56, 47, 48, 49, 58, 67, 76, 77, 78, 69, 70, 71, 80]
[00:00:00:32:241] ! Unidirectional s-t. expansions: 5,505, time: 32,238 [ms], path length: 46 [edges], generated: 10,180
[00:00:00:29:861] Path of length 46 found: [80, 71, 70, 69, 78, 77, 76, 67, 58, 49, 48, 47, 56, 65, 74, 73, 72, 63, 54, 45, 36, 27, 28, 29, 20, 21, 22, 23, 24, 33, 42, 51, 52, 53, 44, 35, 26, 17, 8, 7, 6, 5, 4, 3, 2, 1, 0]
[00:00:00:29:865] ! Unidirectional t-s. expansions: 4,965, time: 29,861 [ms], path length: 46 [edges], generated: 8,138
[00:00:00:30:561] Path of length 46 found: [0, 1, 2, 3, 4, 5, 6, 7, 8, 17, 26, 35, 44, 53, 52, 51, 42, 33, 24, 23, 22, 21, 20, 19, 18, 27, 36, 45, 54, 63, 72, 73, 74, 65, 56, 47, 48, 49, 58, 67, 76, 77, 78, 69, 70, 71, 80]
[00:00:00:31:396] ! Bidirectional. expansions: 815, time: 30,561 [ms], path length: 46 [edges], g_F: 26, g_B: 20, generated: {'F': 4,460, 'B': 2,855}, MM: 6, MMPER: 11.76595744680851%
[00:00:00:31:396] 
---------- SM_Grids/9x9_grid_with_random_blocks_12per_1 ----------
[00:00:00:48:802] Path of length 46 found: [0, 9, 10, 11, 2, 3, 4, 5, 6, 15, 16, 25, 26, 35, 44, 53, 62, 61, 60, 51, 42, 33, 32, 23, 22, 21, 30, 29, 38, 37, 46, 45, 54, 63, 72, 73, 74, 65, 56, 57, 58, 67, 76, 77, 78, 79, 80]
[00:00:00:48:806] ! Unidirectional s-t. expansions: 9,277, time: 48,802 [ms], path length: 46 [edges], generated: 15,732
[00:00:00:41:866] Path of length 46 found: [80, 71, 62, 53, 44, 35, 26, 17, 8, 7, 6, 5, 4, 13, 22, 23, 32, 33, 42, 51, 60, 69, 78, 77, 76, 75, 74, 73, 72, 63, 54, 45, 46, 47, 56, 57, 58, 49, 40, 39, 30, 29, 20, 11, 2, 1, 0]
[00:00:00:41:870] ! Unidirectional t-s. expansions: 6,579, time: 41,866 [ms], path length: 46 [edges], generated: 11,422
[00:00:02:17:057] Path of length 46 found: [0, 9, 10, 11, 2, 3, 4, 5, 6, 15, 16, 25, 26, 35, 44, 53, 62, 61, 60, 51, 42, 33, 32, 23, 22, 21, 30, 29, 38, 37, 46, 45, 54, 63, 72, 73, 74, 65, 56, 57, 58, 67, 68, 77, 78, 79, 80]
[00:00:02:17:805] ! Bidirectional. expansions: 6,489, time: 137,057 [ms], path length: 46 [edges], g_F: 25, g_B: 21, generated: {'F': 25,445, 'B': 19,858}, MM: 4, MMPER: 7.51063829787234%
[00:00:02:17:805] 
---------- SM_Grids/9x9_grid_with_random_blocks_12per_2 ----------
[00:00:00:56:861] Expansion 10,000: state None, f=45, g=16
[00:00:01:01:041] Path of length 44 found: [0, 9, 18, 27, 28, 29, 20, 11, 12, 13, 22, 31, 40, 39, 48, 47, 46, 55, 64, 73, 74, 75, 66, 67, 58, 59, 50, 51, 42, 33, 24, 15, 6, 7, 8, 17, 26, 35, 44, 53, 62, 61, 70, 79, 80]
[00:00:01:01:044] ! Unidirectional s-t. expansions: 10,777, time: 61,041 [ms], path length: 44 [edges], generated: 18,738
[00:00:01:00:604] Expansion 10,000: state None, f=45, g=12
[00:00:01:01:512] Path of length 44 found: [80, 79, 78, 69, 60, 61, 62, 53, 44, 43, 42, 33, 24, 25, 26, 17, 8, 7, 6, 5, 14, 13, 22, 31, 40, 39, 48, 57, 58, 67, 76, 75, 74, 65, 64, 55, 46, 37, 28, 29, 20, 11, 2, 1, 0]
[00:00:01:01:517] ! Unidirectional t-s. expansions: 10,170, time: 61,514 [ms], path length: 44 [edges], generated: 16,977
[00:00:02:13:702] Path of length 44 found: [0, 9, 18, 27, 28, 29, 20, 11, 12, 13, 22, 31, 40, 39, 48, 47, 46, 55, 64, 73, 74, 75, 76, 67, 58, 59, 50, 51, 42, 33, 24, 15, 6, 7, 8, 17, 26, 35, 44, 53, 62, 61, 70, 79, 80]
[00:00:02:14:421] ! Bidirectional. expansions: 3,272, time: 133,702 [ms], path length: 44 [edges], g_F: 20, g_B: 24, generated: {'F': 18,497, 'B': 12,916}, MM: 4, MMPER: 7.888888888888889%
[00:00:02:14:421] 
---------- SM_Grids/9x9_grid_with_random_blocks_12per_3 ----------
[00:00:00:34:237] Path of length 46 found: [0, 1, 2, 3, 12, 21, 20, 19, 28, 37, 46, 45, 54, 63, 72, 73, 74, 75, 76, 67, 58, 57, 48, 39, 40, 31, 32, 23, 14, 5, 6, 7, 8, 17, 26, 25, 34, 43, 44, 53, 62, 61, 60, 69, 78, 79, 80]
[00:00:00:34:239] ! Unidirectional s-t. expansions: 6,221, time: 34,237 [ms], path length: 46 [edges], generated: 10,671
[00:00:00:58:295] Expansion 10,000: state None, f=47, g=14
[00:00:01:02:333] Path of length 46 found: [80, 71, 62, 53, 44, 43, 42, 51, 60, 69, 68, 77, 76, 75, 74, 73, 72, 63, 54, 45, 46, 47, 56, 57, 58, 49, 40, 31, 32, 23, 24, 25, 26, 17, 8, 7, 6, 5, 4, 3, 12, 21, 20, 19, 10, 1, 0]
[00:00:01:02:337] ! Unidirectional t-s. expansions: 10,624, time: 62,335 [ms], path length: 46 [edges], generated: 18,287
[00:00:02:01:738] Path of length 46 found: [0, 1, 2, 3, 12, 21, 20, 19, 28, 37, 46, 45, 54, 63, 72, 73, 74, 75, 76, 67, 58, 57, 48, 39, 40, 41, 42, 33, 24, 23, 14, 5, 6, 7, 8, 17, 26, 35, 44, 53, 62, 61, 60, 69, 78, 79, 80]
[00:00:02:02:467] ! Bidirectional. expansions: 4,359, time: 121,741 [ms], path length: 46 [edges], g_F: 27, g_B: 19, generated: {'F': 19,884, 'B': 14,875}, MM: 8, MMPER: 16.02127659574468%
[00:00:02:02:467] 
---------- SM_Grids/9x9_grid_with_random_blocks_12per_4 ----------
[00:00:00:17:689] Path of length 46 found: [0, 9, 18, 27, 28, 37, 46, 45, 54, 63, 72, 73, 74, 65, 56, 57, 48, 49, 40, 41, 32, 23, 22, 21, 20, 11, 2, 3, 4, 5, 6, 15, 16, 25, 26, 35, 44, 43, 52, 51, 60, 59, 68, 77, 78, 79, 80]
[00:00:00:17:691] ! Unidirectional s-t. expansions: 2,961, time: 17,689 [ms], path length: 46 [edges], generated: 5,340
[00:00:00:11:413] Path of length 46 found: [80, 79, 78, 77, 68, 59, 60, 61, 52, 53, 44, 35, 26, 17, 16, 15, 6, 5, 4, 3, 2, 11, 20, 21, 22, 23, 32, 41, 40, 49, 48, 57, 56, 65, 74, 73, 72, 63, 54, 45, 46, 37, 28, 27, 18, 9, 0]
[00:00:00:11:415] ! Unidirectional t-s. expansions: 1,882, time: 11,413 [ms], path length: 46 [edges], generated: 3,145
[00:00:00:45:263] Path of length 46 found: [0, 9, 18, 27, 28, 37, 46, 45, 54, 63, 72, 73, 74, 65, 56, 57, 48, 39, 40, 41, 32, 23, 22, 21, 20, 11, 2, 3, 4, 5, 6, 15, 16, 17, 26, 35, 44, 53, 52, 61, 60, 59, 68, 77, 78, 79, 80]
[00:00:00:45:889] ! Bidirectional. expansions: 1,322, time: 45,264 [ms], path length: 46 [edges], g_F: 22, g_B: 24, generated: {'F': 7,100, 'B': 4,955}, MM: 2, MMPER: 3.25531914893617%
[00:00:00:45:889] 
---------- SM_Grids/9x9_grid_with_random_blocks_12per_5 ----------
[00:00:00:08:259] Path of length 40 found: [0, 9, 18, 27, 36, 45, 46, 47, 56, 65, 66, 67, 76, 77, 78, 69, 60, 59, 50, 49, 40, 39, 30, 29, 20, 11, 2, 3, 4, 13, 22, 23, 32, 33, 42, 43, 52, 53, 62, 71, 80]
[00:00:00:08:260] ! Unidirectional s-t. expansions: 1,377, time: 8,259 [ms], path length: 40 [edges], generated: 2,458
[00:00:00:07:260] Path of length 40 found: [80, 71, 62, 53, 44, 43, 42, 33, 24, 23, 14, 13, 4, 3, 2, 11, 20, 21, 30, 31, 40, 49, 50, 59, 60, 69, 78, 77, 76, 67, 66, 57, 56, 47, 38, 37, 28, 27, 18, 9, 0]
[00:00:00:07:261] ! Unidirectional t-s. expansions: 1,230, time: 7,260 [ms], path length: 40 [edges], generated: 2,195
[00:00:00:31:318] Path of length 40 found: [0, 1, 2, 3, 4, 13, 14, 23, 24, 33, 42, 43, 44, 53, 62, 61, 60, 59, 50, 49, 40, 31, 30, 29, 20, 19, 18, 27, 36, 45, 46, 47, 56, 57, 66, 67, 76, 77, 78, 79, 80]
[00:00:00:31:926] ! Bidirectional. expansions: 707, time: 31,318 [ms], path length: 40 [edges], g_F: 22, g_B: 18, generated: {'F': 3,915, 'B': 2,991}, MM: 4, MMPER: 8.75609756097561%
[00:00:00:31:927] 
---------- SM_Grids/9x9_grid_with_random_blocks_12per_6 ----------
[00:00:00:31:218] Path of length 48 found: [0, 1, 10, 19, 18, 27, 36, 37, 38, 39, 48, 57, 56, 55, 54, 63, 72, 73, 74, 75, 76, 67, 68, 59, 50, 51, 42, 33, 32, 23, 22, 21, 12, 3, 4, 5, 6, 15, 16, 25, 26, 35, 44, 53, 62, 61, 70, 79, 80]
[00:00:00:31:219] ! Unidirectional s-t. expansions: 5,747, time: 31,218 [ms], path length: 48 [edges], generated: 10,055
[00:00:00:21:838] Path of length 48 found: [80, 71, 62, 53, 44, 35, 26, 17, 16, 7, 6, 5, 4, 3, 12, 21, 22, 23, 24, 33, 42, 41, 50, 59, 60, 69, 78, 77, 76, 75, 74, 73, 72, 63, 54, 55, 56, 57, 48, 39, 38, 37, 36, 27, 18, 19, 10, 1, 0]
[00:00:00:21:840] ! Unidirectional t-s. expansions: 4,072, time: 21,839 [ms], path length: 48 [edges], generated: 6,542
[00:00:00:59:453] Path of length 48 found: [0, 1, 10, 19, 18, 27, 36, 37, 38, 39, 48, 57, 56, 55, 54, 63, 72, 73, 74, 75, 76, 67, 68, 59, 50, 51, 42, 33, 24, 23, 22, 21, 12, 3, 4, 5, 6, 7, 16, 17, 26, 35, 44, 53, 62, 61, 70, 79, 80]
[00:00:01:00:040] ! Bidirectional. expansions: 1,738, time: 59,453 [ms], path length: 48 [edges], g_F: 29, g_B: 19, generated: {'F': 8,821, 'B': 6,285}, MM: 10, MMPER: 19.408163265306122%
[00:00:01:00:040] 
---------- SM_Grids/9x9_grid_with_random_blocks_12per_7 ----------
[00:00:00:49:271] Expansion 10,000: state None, f=45, g=16
[00:00:00:54:554] Path of length 44 found: [0, 9, 18, 27, 36, 45, 54, 63, 64, 73, 74, 75, 76, 77, 68, 59, 58, 57, 56, 47, 38, 39, 40, 31, 22, 21, 20, 11, 2, 3, 4, 5, 6, 7, 16, 25, 24, 33, 42, 51, 52, 53, 62, 71, 80]
[00:00:00:54:556] ! Unidirectional s-t. expansions: 11,092, time: 54,555 [ms], path length: 44 [edges], generated: 19,234
[00:00:00:56:289] Expansion 10,000: state None, f=45, g=25
[00:00:01:27:258] Path of length 44 found: [80, 71, 62, 53, 52, 51, 42, 41, 40, 31, 22, 23, 24, 25, 16, 7, 6, 5, 4, 3, 2, 11, 20, 29, 38, 47, 48, 57, 58, 59, 68, 77, 76, 75, 74, 65, 64, 55, 54, 45, 36, 27, 18, 9, 0]
[00:00:01:27:260] ! Unidirectional t-s. expansions: 16,618, time: 87,258 [ms], path length: 44 [edges], generated: 29,289
[00:00:02:52:401] Path of length 44 found: [0, 9, 18, 27, 36, 45, 54, 63, 64, 73, 74, 75, 76, 77, 68, 59, 58, 57, 56, 47, 38, 39, 40, 31, 22, 21, 20, 11, 2, 3, 4, 5, 6, 7, 16, 25, 34, 33, 42, 51, 52, 53, 62, 71, 80]
[00:00:02:53:053] ! Bidirectional. expansions: 5,277, time: 172,402 [ms], path length: 44 [edges], g_F: 23, g_B: 21, generated: {'F': 29,355, 'B': 22,145}, MM: 2, MMPER: 3.4444444444444446%
[00:00:02:53:054] 
---------- SM_Grids/9x9_grid_with_random_blocks_12per_8 ----------
[00:00:00:08:720] Path of length 48 found: [0, 9, 18, 19, 20, 11, 2, 3, 4, 13, 22, 31, 32, 33, 24, 15, 6, 7, 8, 17, 26, 35, 44, 53, 62, 61, 60, 51, 50, 49, 48, 47, 38, 37, 36, 45, 54, 63, 72, 73, 74, 75, 66, 67, 68, 77, 78, 79, 80]
[00:00:00:08:722] ! Unidirectional s-t. expansions: 1,622, time: 8,720 [ms], path length: 48 [edges], generated: 2,585
[00:00:00:18:108] Path of length 48 found: [80, 79, 78, 77, 68, 67, 66, 75, 74, 73, 72, 63, 54, 45, 36, 37, 38, 47, 48, 49, 40, 41, 42, 51, 60, 61, 62, 53, 44, 35, 26, 17, 8, 7, 6, 15, 24, 23, 22, 13, 4, 3, 2, 11, 20, 19, 18, 9, 0]
[00:00:00:18:109] ! Unidirectional t-s. expansions: 3,577, time: 18,108 [ms], path length: 48 [edges], generated: 5,824
[00:00:00:36:691] Path of length 48 found: [0, 9, 18, 19, 20, 11, 2, 3, 4, 13, 14, 15, 6, 7, 8, 17, 26, 35, 44, 53, 62, 61, 60, 51, 42, 33, 32, 31, 40, 49, 48, 47, 38, 37, 36, 45, 54, 63, 72, 73, 74, 75, 66, 67, 68, 77, 78, 79, 80]
[00:00:00:37:267] ! Bidirectional. expansions: 1,284, time: 36,691 [ms], path length: 48 [edges], g_F: 26, g_B: 22, generated: {'F': 5,359, 'B': 4,539}, MM: 4, MMPER: 7.163265306122449%
[00:00:00:37:268] 
---------- SM_Grids/9x9_grid_with_random_blocks_12per_9 ----------
[00:00:00:50:096] Expansion 10,000: state None, f=45, g=18
[00:00:00:59:895] Path of length 44 found: [0, 1, 2, 11, 20, 19, 18, 27, 36, 37, 38, 47, 56, 55, 54, 63, 72, 73, 74, 75, 76, 77, 78, 69, 60, 59, 50, 41, 40, 31, 22, 13, 14, 15, 16, 17, 26, 35, 34, 43, 52, 53, 62, 71, 80]
[00:00:00:59:897] ! Unidirectional s-t. expansions: 11,894, time: 59,895 [ms], path length: 44 [edges], generated: 21,980
[00:00:00:46:952] Expansion 10,000: state None, f=46, g=22
[00:00:01:25:926] Expansion 20,000: state None, f=45, g=20
[00:00:01:41:330] Path of length 44 found: [80, 71, 62, 53, 52, 43, 34, 35, 26, 17, 16, 15, 14, 23, 22, 31, 40, 39, 48, 57, 58, 59, 60, 69, 78, 77, 76, 75, 74, 73, 72, 63, 54, 55, 46, 37, 36, 27, 18, 19, 20, 11, 2, 1, 0]
[00:00:01:41:332] ! Unidirectional t-s. expansions: 23,730, time: 101,330 [ms], path length: 44 [edges], generated: 38,965
[00:00:03:44:637] Expansion 10,000: F [0, 9, 18, 19, 28, 29, 38, 47, 56, 55], B [80, 71, 62, 61, 52, 43, 44, 35, 26, 25], f=45, g=18
[00:00:04:21:611] Path of length 44 found: [0, 1, 2, 11, 20, 19, 18, 27, 36, 37, 38, 39, 40, 31, 22, 13, 14, 15, 16, 17, 26, 35, 34, 43, 52, 51, 50, 59, 58, 57, 56, 55, 54, 63, 72, 73, 74, 75, 76, 77, 78, 69, 70, 71, 80]
[00:00:04:22:228] ! Bidirectional. expansions: 11,758, time: 261,611 [ms], path length: 44 [edges], g_F: 24, g_B: 20, generated: {'F': 55,233, 'B': 35,555}, MM: 4, MMPER: 7.888888888888889%
[00:00:04:22:228] average expansions: (6,647, 8,345, 3,702, 0)
[00:00:04:22:229] average time: (35,665, 44,278, 102,980, 0)
[00:00:04:22:229] XA*: 6,647 , 35,665 (expansions , time[ms])
[00:00:04:22:229] BiXA*: 3,702 , 102,980 (expansions , time[ms])

