--------------------------
date: SM_Grids
number_of_graphs: 10
graph_type: grid
size_of_graphs: [7, 8]
heuristic: bcc_heuristic
snake: False
run_uni: True
run_bi: True
run_multi: False
solution_vertices: []
algorithms: ['A']
lookahead: 3
bsd: False
cube_first_dims: 4
cube_buffer_dim: None
backward_sym_generation: False
sym_coil: False
prefix_set: None

---------- SM_Grids/7x8_grid_with_random_blocks_16per_0 ----------
[00:00:00:00:886] Path of length 43 found: [0, 1, 2, 3, 4, 5, 13, 12, 20, 28, 29, 30, 22, 14, 15, 23, 31, 39, 47, 46, 45, 37, 36, 35, 27, 19, 18, 17, 25, 24, 32, 33, 41, 40, 48, 49, 50, 42, 43, 51, 52, 53, 54, 55]
[00:00:00:00:887] ! Unidirectional s-t. expansions: 858, time: 886 [ms], path length: 43 [edges], generated: 1,524
[00:00:00:05:702] Path of length 43 found: [55, 54, 53, 52, 51, 50, 49, 48, 40, 32, 24, 25, 33, 41, 42, 43, 35, 27, 26, 18, 19, 20, 28, 29, 37, 36, 44, 45, 46, 47, 39, 31, 30, 22, 23, 15, 14, 13, 5, 4, 3, 2, 1, 0]
[00:00:00:05:703] ! Unidirectional t-s. expansions: 5,105, time: 5,702 [ms], path length: 43 [edges], generated: 8,591
[00:00:00:03:785] Path of length 43 found: [0, 1, 2, 3, 4, 5, 13, 12, 20, 28, 36, 44, 43, 35, 27, 19, 18, 17, 25, 24, 32, 40, 48, 49, 41, 42, 50, 51, 52, 53, 45, 37, 29, 30, 22, 14, 15, 23, 31, 39, 47, 46, 54, 55]
[00:00:00:04:214] ! Bidirectional. expansions: 797, time: 3,785 [ms], path length: 43 [edges], g_F: 21, g_B: 22, generated: {'F': 4,400, 'B': 3,076}, MM: 1, MMPER: 1.272727272727273%
[00:00:00:04:214] 
---------- SM_Grids/7x8_grid_with_random_blocks_16per_1 ----------
[00:00:00:00:054] Path of length 39 found: [0, 1, 9, 8, 16, 17, 25, 26, 18, 10, 11, 19, 27, 35, 34, 42, 43, 51, 52, 44, 36, 28, 20, 12, 13, 14, 22, 21, 29, 37, 45, 53, 54, 46, 38, 30, 31, 39, 47, 55]
[00:00:00:00:054] ! Unidirectional s-t. expansions: 40, time: 54 [ms], path length: 39 [edges], generated: 69
[00:00:00:00:054] Path of length 39 found: [55, 47, 39, 31, 30, 22, 14, 13, 12, 11, 10, 18, 19, 27, 35, 36, 28, 20, 21, 29, 37, 38, 46, 54, 53, 45, 44, 52, 51, 43, 42, 34, 26, 25, 17, 16, 8, 9, 1, 0]
[00:00:00:00:054] ! Unidirectional t-s. expansions: 40, time: 54 [ms], path length: 39 [edges], generated: 69
[00:00:00:00:108] Path of length 39 found: [0, 1, 9, 8, 16, 17, 25, 26, 18, 10, 11, 19, 27, 35, 34, 42, 43, 51, 52, 53, 54, 46, 38, 37, 45, 44, 36, 28, 29, 21, 20, 12, 13, 14, 22, 30, 31, 39, 47, 55]
[00:00:00:00:478] ! Bidirectional. expansions: 14, time: 108 [ms], path length: 39 [edges], g_F: 22, g_B: 17, generated: {'F': 79, 'B': 70}, MM: 5, MMPER: 11.5%
[00:00:00:00:478] 
---------- SM_Grids/7x8_grid_with_random_blocks_16per_2 ----------
[00:00:00:01:116] Path of length 43 found: [0, 1, 9, 8, 16, 24, 25, 17, 18, 26, 34, 33, 41, 40, 48, 49, 50, 51, 52, 44, 43, 35, 27, 28, 20, 12, 11, 3, 4, 5, 13, 14, 6, 7, 15, 23, 22, 21, 29, 37, 38, 39, 47, 55]
[00:00:00:01:116] ! Unidirectional s-t. expansions: 700, time: 1,116 [ms], path length: 43 [edges], generated: 1,191
[00:00:00:00:283] Path of length 43 found: [55, 47, 39, 38, 37, 29, 28, 20, 21, 22, 23, 15, 7, 6, 14, 13, 5, 4, 12, 11, 3, 2, 1, 9, 17, 18, 26, 27, 35, 43, 44, 52, 51, 50, 49, 48, 40, 41, 33, 25, 24, 16, 8, 0]
[00:00:00:00:283] ! Unidirectional t-s. expansions: 238, time: 283 [ms], path length: 43 [edges], generated: 419
[00:00:00:01:520] Path of length 43 found: [0, 8, 16, 24, 32, 33, 41, 40, 48, 49, 50, 51, 52, 44, 43, 35, 27, 26, 18, 17, 9, 1, 2, 3, 11, 12, 4, 5, 13, 14, 6, 7, 15, 23, 22, 21, 20, 28, 29, 37, 38, 39, 47, 55]
[00:00:00:01:925] ! Bidirectional. expansions: 280, time: 1,520 [ms], path length: 43 [edges], g_F: 24, g_B: 19, generated: {'F': 1,335, 'B': 1,154}, MM: 5, MMPER: 10.363636363636363%
[00:00:00:01:925] 
---------- SM_Grids/7x8_grid_with_random_blocks_16per_3 ----------
[00:00:00:03:784] Path of length 43 found: [0, 1, 2, 3, 4, 12, 11, 19, 18, 10, 9, 17, 16, 24, 32, 33, 34, 42, 41, 40, 48, 49, 50, 51, 43, 44, 52, 53, 45, 46, 38, 30, 29, 28, 20, 21, 13, 14, 22, 23, 31, 39, 47, 55]
[00:00:00:03:785] ! Unidirectional s-t. expansions: 2,972, time: 3,784 [ms], path length: 43 [edges], generated: 5,207
[00:00:00:04:289] Path of length 43 found: [55, 47, 46, 38, 39, 31, 30, 29, 21, 22, 23, 15, 14, 13, 12, 4, 3, 11, 19, 27, 28, 36, 44, 45, 53, 52, 51, 43, 42, 34, 33, 41, 49, 48, 40, 32, 24, 16, 17, 18, 10, 2, 1, 0]
[00:00:00:04:290] ! Unidirectional t-s. expansions: 3,810, time: 4,289 [ms], path length: 43 [edges], generated: 6,659
[00:00:00:22:609] Path of length 43 found: [0, 1, 9, 17, 16, 24, 32, 40, 48, 49, 41, 33, 34, 42, 43, 51, 52, 53, 45, 44, 36, 28, 20, 19, 18, 10, 2, 3, 4, 12, 13, 21, 29, 30, 22, 14, 15, 23, 31, 39, 38, 46, 47, 55]
[00:00:00:22:995] ! Bidirectional. expansions: 4,189, time: 22,609 [ms], path length: 43 [edges], g_F: 24, g_B: 19, generated: {'F': 23,873, 'B': 17,102}, MM: 5, MMPER: 10.363636363636363%
[00:00:00:22:995] 
---------- SM_Grids/7x8_grid_with_random_blocks_16per_4 ----------
[00:00:00:00:050] Path of length 47 found: [0, 8, 16, 24, 32, 40, 48, 49, 41, 33, 25, 17, 9, 1, 2, 3, 11, 19, 18, 26, 34, 42, 50, 51, 43, 35, 36, 28, 20, 12, 13, 5, 6, 14, 22, 30, 31, 39, 38, 37, 45, 44, 52, 53, 54, 46, 47, 55]
[00:00:00:00:050] ! Unidirectional s-t. expansions: 48, time: 50 [ms], path length: 47 [edges], generated: 73
[00:00:00:00:050] Path of length 47 found: [55, 47, 39, 31, 30, 22, 14, 6, 5, 13, 12, 11, 3, 2, 1, 9, 17, 25, 33, 41, 42, 34, 26, 18, 19, 20, 28, 36, 35, 43, 44, 45, 37, 38, 46, 54, 53, 52, 51, 50, 49, 48, 40, 32, 24, 16, 8, 0]
[00:00:00:00:051] ! Unidirectional t-s. expansions: 48, time: 50 [ms], path length: 47 [edges], generated: 73
[00:00:00:00:087] Path of length 47 found: [0, 8, 16, 24, 32, 40, 48, 49, 41, 33, 25, 17, 9, 1, 2, 3, 11, 19, 18, 26, 34, 42, 50, 51, 52, 53, 54, 46, 38, 37, 45, 44, 43, 35, 36, 28, 20, 12, 13, 5, 6, 14, 22, 30, 31, 39, 47, 55]
[00:00:00:00:545] ! Bidirectional. expansions: 17, time: 87 [ms], path length: 47 [edges], g_F: 28, g_B: 19, generated: {'F': 77, 'B': 55}, MM: 9, MMPER: 17.75%
[00:00:00:00:545] 
---------- SM_Grids/7x8_grid_with_random_blocks_16per_5 ----------
[00:00:00:02:513] Path of length 45 found: [0, 1, 2, 3, 4, 12, 20, 19, 11, 10, 9, 8, 16, 17, 18, 26, 34, 33, 32, 40, 41, 49, 50, 42, 43, 35, 27, 28, 29, 21, 13, 5, 6, 14, 15, 23, 31, 30, 38, 37, 45, 44, 52, 53, 54, 55]
[00:00:00:02:514] ! Unidirectional s-t. expansions: 1,996, time: 2,513 [ms], path length: 45 [edges], generated: 3,442
[00:00:00:00:912] Path of length 45 found: [55, 54, 53, 52, 44, 45, 37, 29, 30, 38, 39, 31, 23, 15, 7, 6, 14, 13, 5, 4, 12, 20, 28, 27, 35, 43, 42, 50, 49, 41, 40, 32, 33, 34, 26, 18, 19, 11, 3, 2, 10, 9, 17, 16, 8, 0]
[00:00:00:00:912] ! Unidirectional t-s. expansions: 622, time: 912 [ms], path length: 45 [edges], generated: 1,119
[00:00:00:04:304] Path of length 45 found: [0, 8, 16, 17, 9, 1, 2, 10, 18, 26, 34, 33, 32, 40, 41, 49, 50, 42, 43, 35, 27, 28, 20, 12, 11, 3, 4, 5, 13, 14, 6, 7, 15, 23, 31, 39, 38, 30, 29, 37, 45, 44, 52, 53, 54, 55]
[00:00:00:04:703] ! Bidirectional. expansions: 942, time: 4,304 [ms], path length: 45 [edges], g_F: 24, g_B: 21, generated: {'F': 4,291, 'B': 3,586}, MM: 3, MMPER: 5.521739130434782%
[00:00:00:04:704] 
---------- SM_Grids/7x8_grid_with_random_blocks_16per_6 ----------
[00:00:00:00:050] Path of length 45 found: [0, 1, 9, 17, 16, 24, 32, 33, 25, 26, 34, 35, 27, 19, 18, 10, 2, 3, 11, 12, 4, 5, 13, 14, 6, 7, 15, 23, 31, 30, 29, 21, 20, 28, 36, 44, 43, 51, 52, 53, 45, 37, 38, 46, 54, 55]
[00:00:00:00:051] ! Unidirectional s-t. expansions: 46, time: 50 [ms], path length: 45 [edges], generated: 75
[00:00:00:00:072] Path of length 45 found: [55, 54, 46, 38, 30, 31, 23, 15, 7, 6, 14, 13, 5, 4, 3, 2, 10, 18, 19, 11, 12, 20, 21, 29, 37, 45, 53, 52, 51, 43, 44, 36, 28, 27, 35, 34, 26, 25, 33, 32, 24, 16, 17, 9, 1, 0]
[00:00:00:00:072] ! Unidirectional t-s. expansions: 67, time: 72 [ms], path length: 45 [edges], generated: 114
[00:00:00:00:118] Path of length 45 found: [0, 1, 9, 17, 16, 24, 32, 33, 25, 26, 34, 35, 27, 28, 36, 44, 43, 51, 52, 53, 45, 37, 29, 21, 20, 12, 11, 19, 18, 10, 2, 3, 4, 5, 13, 14, 6, 7, 15, 23, 31, 30, 38, 46, 54, 55]
[00:00:00:00:483] ! Bidirectional. expansions: 17, time: 118 [ms], path length: 45 [edges], g_F: 25, g_B: 20, generated: {'F': 98, 'B': 95}, MM: 5, MMPER: 9.869565217391305%
[00:00:00:00:483] 
---------- SM_Grids/7x8_grid_with_random_blocks_16per_7 ----------
[00:00:00:00:046] Path of length 47 found: [0, 1, 9, 8, 16, 17, 25, 24, 32, 40, 48, 49, 41, 33, 34, 42, 50, 51, 43, 44, 52, 53, 45, 37, 36, 28, 27, 19, 11, 3, 4, 12, 20, 21, 13, 14, 6, 7, 15, 23, 22, 30, 38, 39, 47, 46, 54, 55]
[00:00:00:00:046] ! Unidirectional s-t. expansions: 48, time: 46 [ms], path length: 47 [edges], generated: 71
[00:00:00:00:046] Path of length 47 found: [55, 47, 39, 38, 30, 22, 23, 15, 7, 6, 14, 13, 21, 20, 12, 4, 3, 11, 19, 27, 28, 36, 37, 45, 46, 54, 53, 52, 44, 43, 51, 50, 42, 34, 33, 41, 49, 48, 40, 32, 24, 25, 17, 16, 8, 9, 1, 0]
[00:00:00:00:046] ! Unidirectional t-s. expansions: 48, time: 46 [ms], path length: 47 [edges], generated: 71
[00:00:00:00:089] Path of length 47 found: [0, 1, 9, 8, 16, 17, 25, 24, 32, 40, 48, 49, 41, 33, 34, 42, 50, 51, 43, 44, 52, 53, 54, 46, 45, 37, 36, 28, 27, 19, 11, 3, 4, 12, 20, 21, 13, 14, 6, 7, 15, 23, 22, 30, 38, 39, 47, 55]
[00:00:00:00:458] ! Bidirectional. expansions: 17, time: 89 [ms], path length: 47 [edges], g_F: 28, g_B: 19, generated: {'F': 75, 'B': 49}, MM: 9, MMPER: 17.75%
[00:00:00:00:458] 
---------- SM_Grids/7x8_grid_with_random_blocks_16per_8 ----------
[00:00:00:02:988] Path of length 43 found: [0, 8, 16, 17, 9, 10, 2, 3, 4, 5, 6, 7, 15, 23, 31, 39, 47, 46, 38, 30, 29, 21, 13, 12, 20, 19, 18, 26, 25, 33, 32, 40, 41, 42, 50, 51, 43, 35, 36, 44, 45, 53, 54, 55]
[00:00:00:02:989] ! Unidirectional s-t. expansions: 2,813, time: 2,988 [ms], path length: 43 [edges], generated: 4,925
[00:00:00:05:342] Path of length 43 found: [55, 54, 53, 45, 46, 47, 39, 38, 30, 31, 23, 15, 7, 6, 5, 13, 12, 4, 3, 2, 10, 18, 19, 20, 21, 29, 28, 36, 44, 43, 51, 50, 42, 41, 40, 32, 33, 34, 26, 25, 17, 9, 8, 0]
[00:00:00:05:343] ! Unidirectional t-s. expansions: 4,723, time: 5,342 [ms], path length: 43 [edges], generated: 7,821
[00:00:00:10:271] Path of length 43 found: [0, 8, 16, 17, 9, 10, 2, 3, 4, 12, 20, 19, 18, 26, 25, 33, 32, 40, 41, 42, 50, 51, 43, 35, 36, 28, 29, 21, 13, 5, 6, 7, 15, 23, 31, 30, 38, 39, 47, 46, 45, 53, 54, 55]
[00:00:00:10:640] ! Bidirectional. expansions: 2,304, time: 10,272 [ms], path length: 43 [edges], g_F: 25, g_B: 18, generated: {'F': 12,049, 'B': 8,093}, MM: 7, MMPER: 14.909090909090908%
[00:00:00:10:640] 
---------- SM_Grids/7x8_grid_with_random_blocks_16per_9 ----------
[00:00:00:00:324] Path of length 45 found: [0, 8, 16, 24, 25, 26, 34, 35, 43, 42, 41, 49, 50, 51, 52, 44, 45, 37, 38, 30, 22, 14, 13, 12, 20, 28, 27, 19, 18, 17, 9, 1, 2, 3, 4, 5, 6, 7, 15, 23, 31, 39, 47, 46, 54, 55]
[00:00:00:00:324] ! Unidirectional s-t. expansions: 219, time: 324 [ms], path length: 45 [edges], generated: 362
[00:00:00:00:315] Path of length 45 found: [55, 54, 46, 47, 39, 38, 37, 45, 44, 52, 51, 50, 49, 41, 42, 43, 35, 34, 26, 25, 24, 16, 17, 18, 19, 27, 28, 20, 12, 13, 14, 22, 30, 31, 23, 15, 7, 6, 5, 4, 3, 2, 10, 9, 1, 0]
[00:00:00:00:316] ! Unidirectional t-s. expansions: 379, time: 315 [ms], path length: 45 [edges], generated: 596
[00:00:00:00:853] Path of length 45 found: [0, 8, 16, 24, 25, 17, 18, 10, 9, 1, 2, 3, 4, 5, 6, 7, 15, 23, 22, 14, 13, 12, 20, 19, 27, 26, 34, 35, 43, 42, 41, 49, 50, 51, 52, 44, 45, 37, 38, 30, 31, 39, 47, 46, 54, 55]
[00:00:00:01:230] ! Bidirectional. expansions: 162, time: 853 [ms], path length: 45 [edges], g_F: 24, g_B: 21, generated: {'F': 720, 'B': 537}, MM: 3, MMPER: 5.521739130434782%
[00:00:00:01:231] average expansions: (974, 1,508, 874, 0)
[00:00:00:01:231] average time: (1,181, 1,706, 4,374, 0)
[00:00:00:01:231] XA*: 974 , 1,181 (expansions , time[ms])
[00:00:00:01:231] BiXA*: 874 , 4,374 (expansions , time[ms])

