--------------------------
date: SM_Grids
number_of_graphs: 10
graph_type: grid
size_of_graphs: [8, 8]
heuristic: bcc_heuristic
snake: False
run_uni: True
run_bi: True
run_multi: False
solution_vertices: []
algorithms: ['A']
lookahead: 3
bsd: False
cube_first_dims: 4
cube_buffer_dim: None
backward_sym_generation: False
sym_coil: False
prefix_set: None

---------- SM_Grids/8x8_grid_with_random_blocks_16per_0 ----------
[00:00:00:00:611] Path of length 44 found: [0, 1, 9, 10, 2, 3, 11, 19, 18, 26, 34, 42, 41, 33, 25, 24, 32, 40, 48, 49, 50, 51, 43, 44, 36, 37, 29, 28, 20, 12, 13, 5, 6, 7, 15, 14, 22, 23, 31, 30, 38, 46, 47, 55, 63]
[00:00:00:00:611] ! Unidirectional s-t. expansions: 588, time: 611 [ms], path length: 44 [edges], generated: 1,011
[00:00:00:00:385] Path of length 44 found: [63, 55, 47, 46, 38, 39, 31, 30, 22, 23, 15, 7, 6, 5, 13, 12, 20, 28, 29, 37, 36, 44, 43, 35, 34, 33, 41, 42, 50, 49, 48, 40, 32, 24, 25, 26, 18, 19, 11, 3, 2, 10, 9, 1, 0]
[00:00:00:00:385] ! Unidirectional t-s. expansions: 241, time: 385 [ms], path length: 44 [edges], generated: 422
[00:00:00:02:086] Path of length 44 found: [0, 1, 9, 10, 2, 3, 11, 19, 18, 26, 25, 24, 32, 40, 48, 49, 41, 33, 34, 42, 50, 51, 43, 35, 36, 37, 29, 28, 20, 12, 13, 5, 6, 7, 15, 14, 22, 23, 31, 39, 38, 46, 47, 55, 63]
[00:00:00:02:541] ! Bidirectional. expansions: 491, time: 2,086 [ms], path length: 44 [edges], g_F: 23, g_B: 21, generated: {'F': 2,190, 'B': 2,087}, MM: 2, MMPER: 3.4444444444444446%
[00:00:00:02:542] 
---------- SM_Grids/8x8_grid_with_random_blocks_16per_1 ----------
[00:00:00:00:067] Path of length 44 found: [0, 8, 9, 10, 2, 3, 4, 12, 11, 19, 18, 26, 25, 24, 32, 33, 41, 42, 34, 35, 43, 44, 36, 28, 20, 21, 29, 30, 22, 14, 15, 23, 31, 39, 38, 46, 47, 55, 54, 53, 52, 60, 61, 62, 63]
[00:00:00:00:068] ! Unidirectional s-t. expansions: 51, time: 67 [ms], path length: 44 [edges], generated: 85
[00:00:00:02:568] Path of length 44 found: [63, 62, 61, 60, 52, 53, 54, 55, 47, 46, 38, 39, 31, 23, 15, 14, 22, 30, 29, 21, 20, 12, 4, 3, 2, 10, 11, 19, 18, 26, 27, 28, 36, 44, 43, 35, 34, 42, 41, 33, 25, 24, 16, 8, 0]
[00:00:00:02:569] ! Unidirectional t-s. expansions: 1,697, time: 2,568 [ms], path length: 44 [edges], generated: 3,188
[00:00:00:00:664] Path of length 44 found: [0, 8, 9, 10, 2, 3, 4, 12, 11, 19, 18, 26, 25, 24, 32, 33, 41, 42, 34, 35, 43, 44, 36, 28, 20, 21, 29, 30, 22, 14, 15, 23, 31, 39, 38, 46, 47, 55, 54, 53, 52, 60, 61, 62, 63]
[00:00:00:01:079] ! Bidirectional. expansions: 44, time: 664 [ms], path length: 44 [edges], g_F: 22, g_B: 22, generated: {'F': 257, 'B': 192}, MM: 0, MMPER: -1.0%
[00:00:00:01:080] 
---------- SM_Grids/8x8_grid_with_random_blocks_16per_2 ----------
[00:00:00:05:114] Path of length 44 found: [0, 1, 2, 3, 11, 19, 20, 21, 29, 30, 38, 46, 47, 55, 54, 53, 45, 44, 36, 28, 27, 26, 18, 17, 16, 24, 32, 40, 48, 56, 57, 58, 50, 49, 41, 33, 34, 42, 43, 51, 59, 60, 61, 62, 63]
[00:00:00:05:114] ! Unidirectional s-t. expansions: 4,090, time: 5,114 [ms], path length: 44 [edges], generated: 7,383
[00:00:00:11:851] Path of length 44 found: [63, 62, 54, 55, 47, 46, 38, 30, 29, 21, 20, 28, 36, 44, 45, 53, 52, 60, 59, 58, 57, 56, 48, 49, 50, 51, 43, 42, 34, 33, 41, 40, 32, 24, 16, 17, 18, 26, 27, 19, 11, 3, 2, 1, 0]
[00:00:00:11:853] ! Unidirectional t-s. expansions: 9,625, time: 11,851 [ms], path length: 44 [edges], generated: 15,993
[00:00:00:12:075] Path of length 44 found: [0, 1, 2, 3, 11, 10, 18, 17, 16, 24, 32, 40, 48, 56, 57, 49, 41, 33, 34, 42, 43, 51, 50, 58, 59, 60, 52, 53, 45, 44, 36, 28, 27, 19, 20, 21, 29, 30, 38, 46, 47, 55, 54, 62, 63]
[00:00:00:12:498] ! Bidirectional. expansions: 1,767, time: 12,075 [ms], path length: 44 [edges], g_F: 26, g_B: 18, generated: {'F': 10,363, 'B': 7,285}, MM: 8, MMPER: 16.77777777777778%
[00:00:00:12:498] 
---------- SM_Grids/8x8_grid_with_random_blocks_16per_3 ----------
[00:00:00:10:896] Expansion 10,000: state None, f=45, g=32
[00:00:00:18:214] Path of length 44 found: [0, 8, 16, 24, 25, 17, 18, 10, 11, 19, 27, 26, 34, 33, 41, 49, 50, 42, 43, 35, 36, 28, 29, 21, 20, 12, 13, 14, 15, 23, 31, 30, 38, 39, 47, 46, 45, 44, 52, 60, 61, 53, 54, 62, 63]
[00:00:00:18:216] ! Unidirectional s-t. expansions: 16,966, time: 18,214 [ms], path length: 44 [edges], generated: 30,143
[00:00:00:11:679] Expansion 10,000: state None, f=45, g=37
[00:00:00:21:402] Expansion 20,000: state None, f=45, g=37
[00:00:00:31:317] Expansion 30,000: state None, f=45, g=27
[00:00:00:38:507] Path of length 44 found: [63, 55, 47, 39, 31, 23, 15, 14, 13, 12, 11, 10, 18, 19, 27, 35, 34, 42, 43, 44, 36, 28, 20, 21, 29, 30, 38, 46, 45, 53, 54, 62, 61, 60, 52, 51, 50, 49, 41, 33, 25, 17, 16, 8, 0]
[00:00:00:38:509] ! Unidirectional t-s. expansions: 36,757, time: 38,507 [ms], path length: 44 [edges], generated: 62,846
[00:00:00:57:243] Path of length 44 found: [0, 8, 16, 24, 25, 17, 18, 10, 11, 12, 13, 14, 15, 23, 31, 39, 47, 46, 38, 30, 29, 21, 20, 19, 27, 28, 36, 35, 34, 33, 41, 49, 50, 51, 43, 44, 45, 53, 52, 60, 61, 62, 54, 55, 63]
[00:00:00:57:688] ! Bidirectional. expansions: 9,437, time: 57,243 [ms], path length: 44 [edges], g_F: 29, g_B: 15, generated: {'F': 59,694, 'B': 43,287}, MM: 14, MMPER: 30.11111111111111%
[00:00:00:57:688] 
---------- SM_Grids/8x8_grid_with_random_blocks_16per_4 ----------
[00:00:00:01:054] Path of length 48 found: [0, 1, 9, 8, 16, 17, 18, 10, 11, 3, 4, 12, 13, 14, 22, 30, 38, 39, 47, 46, 45, 44, 36, 37, 29, 28, 27, 35, 34, 26, 25, 33, 32, 40, 48, 56, 57, 49, 41, 42, 50, 51, 52, 60, 61, 53, 54, 62, 63]
[00:00:00:01:055] ! Unidirectional s-t. expansions: 853, time: 1,054 [ms], path length: 48 [edges], generated: 1,430
[00:00:00:02:758] Path of length 48 found: [63, 55, 47, 39, 38, 37, 36, 44, 45, 46, 54, 62, 61, 60, 52, 51, 50, 42, 41, 49, 57, 56, 48, 40, 32, 33, 25, 26, 34, 35, 27, 28, 29, 30, 22, 14, 13, 12, 4, 3, 11, 10, 18, 17, 16, 8, 9, 1, 0]
[00:00:00:02:759] ! Unidirectional t-s. expansions: 1,765, time: 2,759 [ms], path length: 48 [edges], generated: 3,155
[00:00:00:04:275] Path of length 48 found: [0, 1, 9, 8, 16, 17, 25, 26, 18, 10, 11, 3, 4, 12, 13, 14, 22, 30, 29, 37, 38, 39, 47, 55, 54, 46, 45, 44, 36, 28, 27, 35, 34, 33, 32, 40, 48, 56, 57, 49, 41, 42, 50, 51, 52, 60, 61, 62, 63]
[00:00:00:04:695] ! Bidirectional. expansions: 565, time: 4,275 [ms], path length: 48 [edges], g_F: 28, g_B: 20, generated: {'F': 2,942, 'B': 2,260}, MM: 8, MMPER: 15.326530612244898%
[00:00:00:04:695] 
---------- SM_Grids/8x8_grid_with_random_blocks_16per_5 ----------
[00:00:00:02:442] Path of length 50 found: [0, 8, 16, 24, 32, 33, 34, 26, 25, 17, 9, 1, 2, 10, 11, 19, 20, 12, 4, 5, 6, 14, 15, 23, 31, 39, 38, 30, 29, 28, 36, 35, 43, 44, 52, 51, 50, 49, 48, 56, 57, 58, 59, 60, 61, 53, 45, 46, 54, 55, 63]
[00:00:00:02:443] ! Unidirectional s-t. expansions: 2,024, time: 2,442 [ms], path length: 50 [edges], generated: 3,392
[00:00:00:02:131] Path of length 50 found: [63, 55, 47, 46, 54, 53, 61, 60, 59, 58, 57, 56, 48, 49, 50, 51, 52, 44, 43, 35, 36, 28, 29, 30, 38, 39, 31, 23, 15, 14, 6, 5, 4, 12, 20, 19, 11, 3, 2, 10, 9, 17, 25, 26, 34, 33, 32, 24, 16, 8, 0]
[00:00:00:02:132] ! Unidirectional t-s. expansions: 1,387, time: 2,131 [ms], path length: 50 [edges], generated: 2,355
[00:00:00:09:392] Path of length 50 found: [0, 8, 16, 24, 32, 33, 34, 26, 25, 17, 9, 10, 2, 3, 11, 19, 20, 12, 4, 5, 6, 14, 15, 23, 31, 39, 38, 30, 29, 28, 36, 35, 43, 51, 50, 49, 48, 56, 57, 58, 59, 60, 61, 53, 52, 44, 45, 46, 47, 55, 63]
[00:00:00:09:826] ! Bidirectional. expansions: 1,307, time: 9,392 [ms], path length: 50 [edges], g_F: 27, g_B: 23, generated: {'F': 6,041, 'B': 5,362}, MM: 4, MMPER: 6.8431372549019605%
[00:00:00:09:826] 
---------- SM_Grids/8x8_grid_with_random_blocks_16per_6 ----------
[00:00:00:00:369] Path of length 48 found: [0, 1, 9, 8, 16, 17, 25, 24, 32, 33, 41, 40, 48, 49, 50, 42, 34, 35, 27, 26, 18, 10, 11, 19, 20, 21, 22, 14, 13, 5, 6, 7, 15, 23, 31, 30, 29, 37, 36, 44, 52, 53, 45, 46, 47, 55, 54, 62, 63]
[00:00:00:00:370] ! Unidirectional s-t. expansions: 225, time: 370 [ms], path length: 48 [edges], generated: 376
[00:00:00:00:091] Path of length 48 found: [63, 62, 54, 55, 47, 46, 38, 30, 31, 23, 22, 14, 15, 7, 6, 5, 13, 21, 29, 37, 45, 53, 52, 44, 36, 35, 27, 19, 11, 10, 18, 17, 25, 26, 34, 33, 41, 42, 50, 49, 48, 40, 32, 24, 16, 8, 9, 1, 0]
[00:00:00:00:091] ! Unidirectional t-s. expansions: 67, time: 91 [ms], path length: 48 [edges], generated: 112
[00:00:00:00:664] Path of length 48 found: [0, 1, 9, 8, 16, 24, 32, 40, 48, 49, 50, 42, 41, 33, 25, 17, 18, 10, 11, 19, 27, 26, 34, 35, 36, 44, 52, 53, 45, 37, 29, 21, 22, 14, 13, 5, 6, 7, 15, 23, 31, 30, 38, 46, 47, 55, 54, 62, 63]
[00:00:00:01:089] ! Bidirectional. expansions: 111, time: 664 [ms], path length: 48 [edges], g_F: 26, g_B: 22, generated: {'F': 523, 'B': 442}, MM: 4, MMPER: 7.163265306122449%
[00:00:00:01:089] 
---------- SM_Grids/8x8_grid_with_random_blocks_16per_7 ----------
[00:00:00:12:514] Expansion 10,000: state None, f=49, g=36
[00:00:00:22:090] Path of length 48 found: [0, 8, 9, 10, 2, 3, 11, 19, 18, 17, 16, 24, 32, 40, 48, 56, 57, 58, 59, 60, 61, 53, 45, 44, 43, 51, 50, 49, 41, 33, 34, 35, 27, 28, 20, 21, 13, 14, 6, 7, 15, 23, 31, 30, 38, 46, 54, 55, 63]
[00:00:00:22:091] ! Unidirectional s-t. expansions: 19,624, time: 22,090 [ms], path length: 48 [edges], generated: 33,282
[00:00:00:11:696] Expansion 10,000: state None, f=49, g=34
[00:00:00:15:711] Path of length 48 found: [63, 55, 54, 46, 38, 30, 31, 23, 15, 7, 6, 14, 13, 21, 20, 12, 11, 3, 2, 10, 9, 17, 18, 19, 27, 26, 34, 35, 43, 44, 45, 53, 61, 60, 59, 51, 50, 58, 57, 56, 48, 49, 41, 33, 32, 24, 16, 8, 0]
[00:00:00:15:712] ! Unidirectional t-s. expansions: 13,538, time: 15,711 [ms], path length: 48 [edges], generated: 23,829
[00:00:00:32:788] Expansion 10,000: F [0, 8, 9, 17, 16, 24, 32, 40, 48, 49, 57, 58, 50, 42, 41, 33, 34, 26, 18, 10, 2, 3, 11], B [63, 55, 54, 53, 61, 60, 59, 51, 43, 44, 45, 46, 38, 39, 31, 23, 15, 7], f=49, g=39
[00:00:00:50:190] Path of length 48 found: [0, 8, 9, 10, 2, 3, 11, 19, 27, 28, 20, 12, 13, 14, 6, 7, 15, 23, 31, 30, 38, 37, 45, 44, 43, 51, 50, 42, 41, 33, 34, 26, 18, 17, 16, 24, 32, 40, 48, 56, 57, 58, 59, 60, 61, 53, 54, 55, 63]
[00:00:00:50:660] ! Bidirectional. expansions: 14,035, time: 50,193 [ms], path length: 48 [edges], g_F: 28, g_B: 20, generated: {'F': 63,112, 'B': 44,683}, MM: 8, MMPER: 15.326530612244898%
[00:00:00:50:660] 
---------- SM_Grids/8x8_grid_with_random_blocks_16per_8 ----------
[00:00:00:04:486] Path of length 50 found: [0, 8, 16, 17, 18, 19, 20, 12, 11, 10, 9, 1, 2, 3, 4, 5, 6, 7, 15, 23, 22, 14, 13, 21, 29, 28, 36, 35, 34, 33, 32, 40, 48, 56, 57, 49, 41, 42, 50, 51, 59, 60, 61, 53, 45, 37, 38, 46, 54, 62, 63]
[00:00:00:04:487] ! Unidirectional s-t. expansions: 3,379, time: 4,486 [ms], path length: 50 [edges], generated: 5,580
[00:00:00:00:320] Path of length 50 found: [63, 62, 54, 46, 38, 37, 45, 53, 61, 60, 59, 51, 50, 49, 57, 56, 48, 40, 32, 33, 41, 42, 43, 35, 34, 26, 18, 19, 20, 28, 29, 21, 22, 23, 15, 7, 6, 14, 13, 5, 4, 12, 11, 3, 2, 10, 9, 17, 16, 8, 0]
[00:00:00:00:320] ! Unidirectional t-s. expansions: 311, time: 320 [ms], path length: 50 [edges], generated: 534
[00:00:00:05:232] Path of length 50 found: [0, 8, 16, 17, 9, 1, 2, 3, 4, 5, 6, 7, 15, 23, 22, 14, 13, 12, 11, 10, 18, 19, 20, 21, 29, 28, 36, 35, 34, 42, 41, 33, 32, 40, 48, 56, 57, 49, 50, 51, 59, 60, 61, 53, 45, 37, 38, 46, 54, 62, 63]
[00:00:00:05:658] ! Bidirectional. expansions: 1,010, time: 5,232 [ms], path length: 50 [edges], g_F: 28, g_B: 22, generated: {'F': 4,916, 'B': 4,302}, MM: 6, MMPER: 10.764705882352942%
[00:00:00:05:658] 
---------- SM_Grids/8x8_grid_with_random_blocks_16per_9 ----------
[00:00:00:01:259] Path of length 46 found: [0, 1, 2, 3, 11, 12, 4, 5, 6, 7, 15, 14, 13, 21, 20, 28, 27, 26, 18, 17, 9, 8, 16, 24, 32, 33, 41, 42, 50, 58, 59, 51, 43, 44, 36, 37, 38, 30, 31, 39, 47, 55, 54, 53, 61, 62, 63]
[00:00:00:01:260] ! Unidirectional s-t. expansions: 656, time: 1,259 [ms], path length: 46 [edges], generated: 1,121
[00:00:00:00:556] Path of length 46 found: [63, 62, 54, 55, 47, 39, 31, 30, 38, 37, 45, 53, 52, 51, 59, 58, 50, 42, 43, 44, 36, 28, 20, 21, 13, 14, 15, 7, 6, 5, 4, 12, 11, 3, 2, 1, 9, 17, 18, 26, 34, 33, 25, 24, 16, 8, 0]
[00:00:00:00:556] ! Unidirectional t-s. expansions: 320, time: 556 [ms], path length: 46 [edges], generated: 641
[00:00:00:02:801] Path of length 46 found: [0, 8, 9, 1, 2, 3, 11, 12, 4, 5, 6, 7, 15, 14, 13, 21, 20, 28, 27, 26, 18, 17, 16, 24, 32, 33, 41, 42, 50, 58, 59, 51, 52, 44, 36, 37, 38, 30, 31, 39, 47, 55, 54, 53, 61, 62, 63]
[00:00:00:03:220] ! Bidirectional. expansions: 542, time: 2,801 [ms], path length: 46 [edges], g_F: 30, g_B: 16, generated: {'F': 2,744, 'B': 2,010}, MM: 14, MMPER: 28.78723404255319%
[00:00:00:03:220] average expansions: (4,846, 6,571, 2,931, 0)
[00:00:00:03:220] average time: (5,571, 7,488, 14,462, 0)
[00:00:00:03:220] XA*: 4,846 , 5,571 (expansions , time[ms])
[00:00:00:03:220] BiXA*: 2,931 , 14,462 (expansions , time[ms])

