--------------------------
date: SM_Grids
number_of_graphs: 10
graph_type: grid
size_of_graphs: [7, 8]
heuristic: bcc_heuristic
snake: False
run_uni: True
run_bi: True
run_multi: False
solution_vertices: []
algorithms: ['IDA']
lookahead: 4
bsd: False
cube_first_dims: 4
cube_buffer_dim: None
backward_sym_generation: False
sym_coil: False
prefix_set: None

---------- SM_Grids/7x8_grid_with_random_blocks_16per_0 ----------
[00:00:00:01:545] Path of length 43 found: [0, 1, 2, 3, 4, 5, 13, 12, 20, 19, 18, 17, 25, 24, 32, 33, 41, 40, 48, 49, 50, 42, 43, 51, 52, 44, 36, 35, 27, 28, 29, 30, 22, 14, 15, 23, 31, 39, 47, 46, 45, 53, 54, 55]
[00:00:00:01:545] ! Unidirectional s-t. expansions: 257, time: 1,545 [ms], path length: 43 [edges], generated: 5,442
[00:00:00:11:974] Path of length 43 found: [55, 47, 39, 31, 23, 15, 14, 22, 30, 29, 28, 27, 35, 43, 44, 36, 37, 45, 46, 54, 53, 52, 51, 50, 42, 41, 49, 48, 40, 32, 24, 25, 26, 18, 19, 20, 12, 13, 5, 4, 3, 2, 1, 0]
[00:00:00:11:974] ! Unidirectional t-s. expansions: 2,537, time: 11,974 [ms], path length: 43 [edges], generated: 38,473
[00:00:00:02:237] Path of length 43 found: [0, 1, 2, 3, 4, 5, 13, 12, 20, 19, 18, 17, 25, 24, 32, 33, 41, 40, 48, 49, 50, 42, 43, 44, 52, 53, 54, 46, 45, 37, 36, 35, 27, 28, 29, 30, 22, 14, 15, 23, 31, 39, 47, 55]
[00:00:00:02:636] ! Bidirectional. expansions: 675, time: 2,237 [ms], path length: 43 [edges], g_F: 22, g_B: 21, generated: {'F': 4,677, 'B': 5,131}, MM: 1, MMPER: 1.272727272727273%
[00:00:00:02:636] 
---------- SM_Grids/7x8_grid_with_random_blocks_16per_1 ----------
[00:00:00:00:108] Path of length 39 found: [0, 1, 9, 8, 16, 17, 25, 26, 18, 10, 11, 19, 27, 35, 34, 42, 43, 51, 52, 44, 36, 28, 20, 12, 13, 14, 22, 21, 29, 37, 45, 53, 54, 46, 38, 30, 31, 39, 47, 55]
[00:00:00:00:108] ! Unidirectional s-t. expansions: 10, time: 108 [ms], path length: 39 [edges], generated: 305
[00:00:00:00:120] Path of length 39 found: [55, 47, 39, 31, 30, 22, 14, 13, 12, 11, 10, 18, 19, 27, 35, 36, 28, 20, 21, 29, 37, 38, 46, 54, 53, 45, 44, 52, 51, 43, 42, 34, 26, 25, 17, 16, 8, 9, 1, 0]
[00:00:00:00:120] ! Unidirectional t-s. expansions: 10, time: 120 [ms], path length: 39 [edges], generated: 285
[00:00:00:00:053] Path of length 39 found: [0, 1, 9, 8, 16, 17, 25, 26, 18, 10, 11, 19, 27, 35, 34, 42, 43, 51, 52, 53, 54, 46, 38, 37, 45, 44, 36, 28, 29, 21, 20, 12, 13, 14, 22, 30, 31, 39, 47, 55]
[00:00:00:00:424] ! Bidirectional. expansions: 10, time: 53 [ms], path length: 39 [edges], g_F: 20, g_B: 19, generated: {'F': 74, 'B': 80}, MM: 1, MMPER: 1.5%
[00:00:00:00:424] 
---------- SM_Grids/7x8_grid_with_random_blocks_16per_2 ----------
[00:00:00:01:307] Path of length 43 found: [0, 8, 16, 24, 32, 33, 41, 40, 48, 49, 50, 51, 52, 44, 43, 35, 34, 26, 18, 17, 9, 1, 2, 3, 11, 12, 4, 5, 13, 14, 6, 7, 15, 23, 22, 21, 20, 28, 29, 37, 38, 39, 47, 55]
[00:00:00:01:307] ! Unidirectional s-t. expansions: 240, time: 1,307 [ms], path length: 43 [edges], generated: 4,215
[00:00:00:00:715] Path of length 43 found: [55, 47, 39, 38, 37, 29, 21, 13, 14, 22, 23, 15, 7, 6, 5, 4, 3, 11, 12, 20, 28, 27, 26, 18, 17, 25, 33, 34, 35, 43, 44, 52, 51, 50, 49, 41, 40, 32, 24, 16, 8, 9, 1, 0]
[00:00:00:00:715] ! Unidirectional t-s. expansions: 119, time: 715 [ms], path length: 43 [edges], generated: 1,926
[00:00:00:00:906] Path of length 43 found: [0, 8, 16, 24, 32, 40, 48, 49, 50, 51, 52, 44, 43, 35, 27, 26, 34, 33, 25, 17, 9, 1, 2, 3, 11, 12, 4, 5, 6, 7, 15, 23, 22, 14, 13, 21, 20, 28, 29, 37, 38, 39, 47, 55]
[00:00:00:01:317] ! Bidirectional. expansions: 300, time: 906 [ms], path length: 43 [edges], g_F: 22, g_B: 21, generated: {'F': 1,839, 'B': 1,758}, MM: 1, MMPER: 1.272727272727273%
[00:00:00:01:317] 
---------- SM_Grids/7x8_grid_with_random_blocks_16per_3 ----------
[00:00:00:06:276] Path of length 43 found: [0, 1, 9, 17, 16, 24, 32, 40, 48, 49, 41, 33, 34, 42, 50, 51, 43, 44, 52, 53, 45, 46, 38, 30, 22, 21, 29, 28, 27, 19, 18, 10, 2, 3, 11, 12, 13, 14, 15, 23, 31, 39, 47, 55]
[00:00:00:06:276] ! Unidirectional s-t. expansions: 1,029, time: 6,276 [ms], path length: 43 [edges], generated: 18,259
[00:00:00:09:237] Path of length 43 found: [55, 47, 39, 31, 23, 15, 14, 13, 12, 4, 3, 11, 19, 27, 28, 20, 21, 29, 30, 38, 46, 45, 53, 52, 44, 43, 51, 50, 42, 34, 33, 41, 49, 48, 40, 32, 24, 16, 17, 18, 10, 2, 1, 0]
[00:00:00:09:237] ! Unidirectional t-s. expansions: 1,639, time: 9,237 [ms], path length: 43 [edges], generated: 31,289
[00:00:00:14:897] Path of length 43 found: [0, 1, 9, 17, 16, 24, 32, 40, 48, 49, 41, 33, 34, 42, 50, 51, 52, 53, 45, 44, 36, 28, 27, 19, 18, 10, 2, 3, 4, 12, 13, 21, 29, 30, 22, 14, 15, 23, 31, 39, 38, 46, 47, 55]
[00:00:00:15:302] ! Bidirectional. expansions: 4,041, time: 14,897 [ms], path length: 43 [edges], g_F: 22, g_B: 21, generated: {'F': 31,659, 'B': 29,835}, MM: 1, MMPER: 1.272727272727273%
[00:00:00:15:302] 
---------- SM_Grids/7x8_grid_with_random_blocks_16per_4 ----------
[00:00:00:00:098] Path of length 47 found: [0, 8, 16, 24, 32, 40, 48, 49, 41, 33, 25, 17, 9, 1, 2, 3, 11, 19, 18, 26, 34, 42, 50, 51, 43, 35, 36, 28, 20, 12, 13, 5, 6, 14, 22, 30, 31, 39, 38, 37, 45, 44, 52, 53, 54, 46, 47, 55]
[00:00:00:00:099] ! Unidirectional s-t. expansions: 12, time: 98 [ms], path length: 47 [edges], generated: 257
[00:00:00:00:082] Path of length 47 found: [55, 47, 39, 31, 30, 22, 14, 6, 5, 13, 12, 11, 3, 2, 1, 9, 17, 25, 33, 41, 42, 34, 26, 18, 19, 20, 28, 36, 35, 43, 44, 45, 37, 38, 46, 54, 53, 52, 51, 50, 49, 48, 40, 32, 24, 16, 8, 0]
[00:00:00:00:083] ! Unidirectional t-s. expansions: 12, time: 82 [ms], path length: 47 [edges], generated: 210
[00:00:00:00:049] Path of length 47 found: [0, 8, 16, 24, 32, 40, 48, 49, 41, 33, 25, 17, 9, 1, 2, 3, 11, 19, 18, 26, 34, 42, 50, 51, 52, 53, 54, 46, 38, 37, 45, 44, 43, 35, 36, 28, 20, 12, 13, 5, 6, 14, 22, 30, 31, 39, 47, 55]
[00:00:00:00:423] ! Bidirectional. expansions: 12, time: 49 [ms], path length: 47 [edges], g_F: 24, g_B: 23, generated: {'F': 76, 'B': 71}, MM: 1, MMPER: 1.0833333333333335%
[00:00:00:00:424] 
---------- SM_Grids/7x8_grid_with_random_blocks_16per_5 ----------
[00:00:00:07:091] Path of length 45 found: [0, 8, 16, 17, 9, 1, 2, 10, 18, 26, 34, 33, 32, 40, 41, 49, 50, 42, 43, 35, 27, 19, 11, 3, 4, 12, 20, 28, 29, 21, 13, 5, 6, 14, 15, 23, 31, 30, 38, 37, 45, 44, 52, 53, 54, 55]
[00:00:00:07:091] ! Unidirectional s-t. expansions: 1,063, time: 7,091 [ms], path length: 45 [edges], generated: 20,473
[00:00:00:01:000] Path of length 45 found: [55, 54, 53, 52, 44, 45, 37, 29, 30, 38, 39, 31, 23, 15, 7, 6, 14, 13, 5, 4, 12, 20, 28, 27, 35, 43, 42, 50, 49, 41, 40, 32, 33, 34, 26, 18, 19, 11, 3, 2, 10, 9, 17, 16, 8, 0]
[00:00:00:01:001] ! Unidirectional t-s. expansions: 162, time: 1,000 [ms], path length: 45 [edges], generated: 3,151
[00:00:00:02:097] Path of length 45 found: [0, 8, 16, 17, 9, 1, 2, 10, 18, 26, 34, 33, 32, 40, 41, 49, 50, 42, 43, 35, 27, 19, 20, 12, 11, 3, 4, 5, 13, 14, 6, 7, 15, 23, 31, 39, 38, 30, 29, 37, 45, 44, 52, 53, 54, 55]
[00:00:00:02:476] ! Bidirectional. expansions: 606, time: 2,097 [ms], path length: 45 [edges], g_F: 23, g_B: 22, generated: {'F': 4,042, 'B': 3,981}, MM: 1, MMPER: 1.1739130434782608%
[00:00:00:02:476] 
---------- SM_Grids/7x8_grid_with_random_blocks_16per_6 ----------
[00:00:00:00:075] Path of length 45 found: [0, 1, 9, 17, 16, 24, 32, 33, 25, 26, 34, 35, 27, 19, 18, 10, 2, 3, 11, 12, 4, 5, 13, 14, 6, 7, 15, 23, 31, 30, 29, 21, 20, 28, 36, 44, 43, 51, 52, 53, 45, 37, 38, 46, 54, 55]
[00:00:00:00:075] ! Unidirectional s-t. expansions: 11, time: 75 [ms], path length: 45 [edges], generated: 189
[00:00:00:00:123] Path of length 45 found: [55, 54, 46, 38, 30, 31, 23, 15, 7, 6, 14, 13, 5, 4, 3, 2, 10, 18, 19, 11, 12, 20, 21, 29, 37, 45, 53, 52, 51, 43, 44, 36, 28, 27, 35, 34, 26, 25, 33, 32, 24, 16, 17, 9, 1, 0]
[00:00:00:00:123] ! Unidirectional t-s. expansions: 16, time: 123 [ms], path length: 45 [edges], generated: 352
[00:00:00:00:045] Path of length 45 found: [0, 1, 9, 17, 16, 24, 32, 33, 25, 26, 34, 35, 27, 28, 36, 44, 43, 51, 52, 53, 45, 37, 29, 21, 20, 12, 11, 19, 18, 10, 2, 3, 4, 5, 13, 14, 6, 7, 15, 23, 31, 30, 38, 46, 54, 55]
[00:00:00:00:425] ! Bidirectional. expansions: 11, time: 45 [ms], path length: 45 [edges], g_F: 23, g_B: 22, generated: {'F': 70, 'B': 68}, MM: 1, MMPER: 1.1739130434782608%
[00:00:00:00:425] 
---------- SM_Grids/7x8_grid_with_random_blocks_16per_7 ----------
[00:00:00:00:072] Path of length 47 found: [0, 1, 9, 8, 16, 17, 25, 24, 32, 40, 48, 49, 41, 33, 34, 42, 50, 51, 43, 44, 52, 53, 45, 37, 36, 28, 27, 19, 11, 3, 4, 12, 20, 21, 13, 14, 6, 7, 15, 23, 22, 30, 38, 39, 47, 46, 54, 55]
[00:00:00:00:072] ! Unidirectional s-t. expansions: 12, time: 72 [ms], path length: 47 [edges], generated: 189
[00:00:00:00:066] Path of length 47 found: [55, 47, 39, 38, 30, 22, 23, 15, 7, 6, 14, 13, 21, 20, 12, 4, 3, 11, 19, 27, 28, 36, 37, 45, 46, 54, 53, 52, 44, 43, 51, 50, 42, 34, 33, 41, 49, 48, 40, 32, 24, 25, 17, 16, 8, 9, 1, 0]
[00:00:00:00:066] ! Unidirectional t-s. expansions: 12, time: 66 [ms], path length: 47 [edges], generated: 179
[00:00:00:00:037] Path of length 47 found: [0, 1, 9, 8, 16, 17, 25, 24, 32, 40, 48, 49, 41, 33, 34, 42, 50, 51, 43, 44, 52, 53, 54, 46, 45, 37, 36, 28, 27, 19, 11, 3, 4, 12, 20, 21, 13, 14, 6, 7, 15, 23, 22, 30, 38, 39, 47, 55]
[00:00:00:00:429] ! Bidirectional. expansions: 12, time: 37 [ms], path length: 47 [edges], g_F: 24, g_B: 23, generated: {'F': 59, 'B': 58}, MM: 1, MMPER: 1.0833333333333335%
[00:00:00:00:429] 
---------- SM_Grids/7x8_grid_with_random_blocks_16per_8 ----------
[00:00:00:06:045] Path of length 43 found: [0, 8, 16, 17, 9, 10, 2, 3, 4, 12, 20, 19, 18, 26, 25, 33, 32, 40, 41, 42, 50, 51, 43, 35, 36, 28, 29, 21, 13, 5, 6, 7, 15, 23, 31, 30, 38, 37, 45, 53, 54, 46, 47, 55]
[00:00:00:06:046] ! Unidirectional s-t. expansions: 967, time: 6,045 [ms], path length: 43 [edges], generated: 20,814
[00:00:00:10:266] Path of length 43 found: [55, 47, 39, 31, 23, 15, 7, 6, 5, 4, 3, 2, 10, 18, 19, 20, 12, 13, 21, 29, 28, 36, 37, 38, 46, 54, 53, 45, 44, 43, 51, 50, 42, 41, 40, 32, 33, 34, 26, 25, 17, 9, 8, 0]
[00:00:00:10:266] ! Unidirectional t-s. expansions: 2,167, time: 10,266 [ms], path length: 43 [edges], generated: 33,767
[00:00:00:06:397] Path of length 43 found: [0, 8, 16, 17, 9, 10, 2, 3, 4, 12, 20, 21, 13, 5, 6, 7, 15, 23, 31, 30, 29, 28, 36, 35, 34, 26, 25, 33, 32, 40, 41, 42, 50, 51, 43, 44, 45, 53, 54, 46, 38, 39, 47, 55]
[00:00:00:06:765] ! Bidirectional. expansions: 2,483, time: 6,397 [ms], path length: 43 [edges], g_F: 22, g_B: 21, generated: {'F': 14,831, 'B': 15,465}, MM: 1, MMPER: 1.272727272727273%
[00:00:00:06:766] 
---------- SM_Grids/7x8_grid_with_random_blocks_16per_9 ----------
[00:00:00:00:601] Path of length 45 found: [0, 8, 16, 24, 25, 17, 9, 1, 2, 10, 18, 19, 20, 28, 27, 26, 34, 35, 43, 42, 41, 49, 50, 51, 52, 44, 45, 37, 38, 30, 22, 14, 13, 12, 4, 5, 6, 7, 15, 23, 31, 39, 47, 46, 54, 55]
[00:00:00:00:601] ! Unidirectional s-t. expansions: 68, time: 601 [ms], path length: 45 [edges], generated: 1,433
[00:00:00:00:438] Path of length 45 found: [55, 54, 46, 47, 39, 31, 23, 15, 7, 6, 5, 4, 3, 2, 1, 9, 10, 18, 19, 27, 28, 20, 12, 13, 14, 22, 30, 38, 37, 45, 44, 52, 51, 50, 49, 41, 42, 43, 35, 34, 26, 25, 17, 16, 8, 0]
[00:00:00:00:438] ! Unidirectional t-s. expansions: 91, time: 438 [ms], path length: 45 [edges], generated: 1,409
[00:00:00:00:495] Path of length 45 found: [0, 8, 16, 24, 25, 17, 18, 10, 9, 1, 2, 3, 4, 5, 6, 7, 15, 14, 13, 12, 20, 19, 27, 26, 34, 35, 43, 42, 41, 49, 50, 51, 52, 44, 45, 37, 38, 30, 22, 23, 31, 39, 47, 46, 54, 55]
[00:00:00:00:917] ! Bidirectional. expansions: 134, time: 495 [ms], path length: 45 [edges], g_F: 23, g_B: 22, generated: {'F': 936, 'B': 902}, MM: 1, MMPER: 1.1739130434782608%
[00:00:00:00:918] average expansions: (367, 676, 828, 0)
[00:00:00:00:918] average time: (2,322, 3,402, 2,721, 0)
[00:00:00:00:918] XIDA: 367 , 2,322 (expansions , time[ms])
[00:00:00:00:918] BiXIDA: 828 , 2,721 (expansions , time[ms])

