--------------------------
date: SM_Grids
number_of_graphs: 10
graph_type: grid
size_of_graphs: [7, 8]
heuristic: bcc_heuristic
snake: False
run_uni: True
run_bi: True
run_multi: False
solution_vertices: []
algorithms: ['IDA']
lookahead: 4
bsd: False
cube_first_dims: 4
cube_buffer_dim: None
backward_sym_generation: False
sym_coil: False
prefix_set: None

---------- SM_Grids/7x8_grid_with_random_blocks_12per_0 ----------
[00:00:00:21:143] Path of length 47 found: [0, 1, 2, 10, 18, 17, 16, 24, 32, 40, 48, 49, 41, 33, 25, 26, 34, 42, 50, 51, 43, 44, 45, 37, 29, 21, 13, 12, 20, 28, 27, 19, 11, 3, 4, 5, 6, 7, 15, 14, 22, 23, 31, 30, 38, 46, 47, 55]
[00:00:00:21:144] ! Unidirectional s-t. expansions: 5,353, time: 21,143 [ms], path length: 47 [edges], generated: 89,603
[00:00:00:06:869] Path of length 47 found: [55, 47, 39, 31, 23, 15, 7, 6, 5, 4, 3, 11, 19, 27, 28, 20, 12, 13, 14, 22, 21, 29, 37, 38, 46, 45, 44, 43, 51, 50, 42, 34, 26, 25, 33, 41, 49, 48, 40, 32, 24, 16, 17, 18, 10, 2, 1, 0]
[00:00:00:06:869] ! Unidirectional t-s. expansions: 1,322, time: 6,869 [ms], path length: 47 [edges], generated: 25,497
[00:00:00:10:272] Path of length 47 found: [0, 1, 2, 10, 18, 17, 16, 24, 32, 40, 48, 49, 41, 33, 25, 26, 34, 42, 50, 51, 43, 44, 45, 37, 38, 30, 29, 21, 22, 14, 13, 12, 20, 28, 27, 19, 11, 3, 4, 5, 6, 7, 15, 23, 31, 39, 47, 55]
[00:00:00:10:652] ! Bidirectional. expansions: 3,535, time: 10,272 [ms], path length: 47 [edges], g_F: 24, g_B: 23, generated: {'F': 22,011, 'B': 23,423}, MM: 1, MMPER: 1.0833333333333335%
[00:00:00:10:653] 
---------- SM_Grids/7x8_grid_with_random_blocks_12per_1 ----------
[00:00:00:08:100] Path of length 47 found: [0, 8, 16, 24, 32, 40, 41, 33, 25, 17, 9, 10, 2, 3, 11, 19, 18, 26, 34, 42, 50, 51, 43, 35, 27, 28, 20, 21, 13, 12, 4, 5, 6, 14, 15, 23, 22, 30, 38, 37, 36, 44, 45, 53, 54, 46, 47, 55]
[00:00:00:08:100] ! Unidirectional s-t. expansions: 1,424, time: 8,100 [ms], path length: 47 [edges], generated: 25,836
[00:00:00:00:151] Path of length 47 found: [55, 54, 53, 45, 46, 47, 39, 38, 30, 22, 23, 15, 14, 6, 5, 4, 3, 2, 10, 9, 17, 25, 33, 34, 26, 18, 19, 11, 12, 13, 21, 20, 28, 27, 35, 36, 44, 43, 51, 50, 42, 41, 40, 32, 24, 16, 8, 0]
[00:00:00:00:151] ! Unidirectional t-s. expansions: 14, time: 151 [ms], path length: 47 [edges], generated: 353
[00:00:00:00:205] Path of length 47 found: [0, 8, 16, 24, 32, 40, 41, 33, 25, 26, 18, 17, 9, 10, 2, 3, 4, 5, 6, 14, 15, 23, 22, 21, 13, 12, 11, 19, 20, 28, 27, 35, 34, 42, 50, 51, 43, 44, 36, 37, 45, 53, 54, 46, 38, 39, 47, 55]
[00:00:00:00:565] ! Bidirectional. expansions: 40, time: 205 [ms], path length: 47 [edges], g_F: 24, g_B: 23, generated: {'F': 270, 'B': 244}, MM: 1, MMPER: 1.0833333333333335%
[00:00:00:00:566] 
---------- SM_Grids/7x8_grid_with_random_blocks_12per_2 ----------
[00:00:00:14:582] Path of length 45 found: [0, 8, 16, 24, 32, 40, 48, 49, 41, 33, 34, 26, 18, 17, 9, 1, 2, 10, 11, 3, 4, 5, 13, 21, 22, 14, 6, 7, 15, 23, 31, 39, 38, 37, 29, 28, 20, 19, 27, 35, 43, 44, 52, 53, 54, 55]
[00:00:00:14:582] ! Unidirectional s-t. expansions: 2,787, time: 14,582 [ms], path length: 45 [edges], generated: 45,402
[00:00:00:01:961] Path of length 45 found: [55, 54, 53, 52, 44, 43, 35, 27, 19, 20, 28, 36, 37, 38, 39, 31, 23, 15, 7, 6, 14, 22, 21, 13, 5, 4, 3, 11, 10, 2, 1, 9, 17, 18, 26, 34, 33, 41, 49, 48, 40, 32, 24, 16, 8, 0]
[00:00:00:01:961] ! Unidirectional t-s. expansions: 236, time: 1,961 [ms], path length: 45 [edges], generated: 5,057
[00:00:00:02:933] Path of length 45 found: [0, 8, 9, 1, 2, 10, 18, 17, 16, 24, 32, 40, 48, 49, 41, 33, 34, 26, 27, 35, 43, 44, 52, 53, 45, 37, 29, 28, 20, 19, 11, 3, 4, 5, 13, 21, 22, 14, 6, 7, 15, 23, 31, 39, 47, 55]
[00:00:00:03:299] ! Bidirectional. expansions: 754, time: 2,934 [ms], path length: 45 [edges], g_F: 23, g_B: 22, generated: {'F': 5,677, 'B': 5,188}, MM: 1, MMPER: 1.1739130434782608%
[00:00:00:03:299] 
---------- SM_Grids/7x8_grid_with_random_blocks_12per_3 ----------
[00:00:00:54:155] Valid states checked so far: 200,000, Expansions: 9,691, Global best: 46
[00:00:01:21:087] Path of length 45 found: [0, 8, 16, 24, 32, 33, 25, 17, 9, 1, 2, 10, 11, 3, 4, 5, 6, 14, 22, 21, 20, 19, 27, 26, 34, 42, 41, 49, 50, 51, 52, 53, 45, 44, 43, 35, 36, 28, 29, 37, 38, 30, 31, 39, 47, 55]
[00:00:01:21:088] ! Unidirectional s-t. expansions: 14,484, time: 81,087 [ms], path length: 45 [edges], generated: 297,791
[00:00:00:54:610] Valid states checked so far: 200,000, Expansions: 12,717, Global best: 46
[00:00:01:10:615] Path of length 45 found: [55, 47, 39, 31, 30, 22, 14, 6, 5, 4, 3, 2, 10, 11, 19, 27, 35, 43, 44, 36, 28, 20, 21, 29, 37, 38, 46, 45, 53, 52, 51, 50, 49, 41, 42, 34, 26, 25, 33, 32, 24, 16, 8, 9, 1, 0]
[00:00:01:10:615] ! Unidirectional t-s. expansions: 16,540, time: 70,615 [ms], path length: 45 [edges], generated: 257,881
[00:00:00:45:954] Path of length 45 found: [0, 8, 16, 17, 25, 24, 32, 33, 41, 49, 50, 51, 52, 53, 45, 37, 36, 44, 43, 42, 34, 26, 27, 19, 20, 12, 11, 10, 9, 1, 2, 3, 4, 5, 6, 14, 22, 21, 29, 30, 31, 39, 38, 46, 47, 55]
[00:00:00:46:324] ! Bidirectional. expansions: 15,527, time: 45,955 [ms], path length: 45 [edges], g_F: 23, g_B: 22, generated: {'F': 116,553, 'B': 117,120}, MM: 1, MMPER: 1.1739130434782608%
[00:00:00:46:324] 
---------- SM_Grids/7x8_grid_with_random_blocks_12per_4 ----------
[00:00:00:42:756] Path of length 45 found: [0, 1, 2, 10, 9, 17, 16, 24, 25, 33, 32, 40, 48, 49, 41, 42, 34, 35, 43, 51, 52, 53, 45, 37, 36, 28, 27, 19, 11, 12, 20, 21, 13, 5, 6, 7, 15, 23, 22, 30, 31, 39, 38, 46, 54, 55]
[00:00:00:42:756] ! Unidirectional s-t. expansions: 9,042, time: 42,756 [ms], path length: 45 [edges], generated: 149,485
[00:00:00:56:593] Valid states checked so far: 200,000, Expansions: 11,296, Global best: 46
[00:00:01:34:334] Path of length 45 found: [55, 47, 39, 31, 23, 15, 7, 6, 5, 4, 12, 13, 21, 22, 30, 38, 37, 45, 46, 54, 53, 52, 51, 43, 42, 50, 49, 48, 40, 32, 24, 16, 17, 25, 33, 34, 35, 27, 28, 20, 19, 11, 10, 2, 1, 0]
[00:00:01:34:335] ! Unidirectional t-s. expansions: 20,053, time: 94,334 [ms], path length: 45 [edges], generated: 340,918
[00:00:00:57:210] Path of length 45 found: [0, 1, 2, 10, 9, 17, 18, 19, 11, 12, 4, 5, 6, 7, 15, 23, 31, 30, 22, 21, 20, 28, 27, 35, 34, 42, 41, 33, 25, 24, 32, 40, 48, 49, 50, 51, 52, 53, 54, 46, 45, 37, 38, 39, 47, 55]
[00:00:00:57:575] ! Bidirectional. expansions: 19,147, time: 57,210 [ms], path length: 45 [edges], g_F: 23, g_B: 22, generated: {'F': 133,349, 'B': 117,405}, MM: 1, MMPER: 1.1739130434782608%
[00:00:00:57:575] 
---------- SM_Grids/7x8_grid_with_random_blocks_12per_5 ----------
[00:00:01:07:214] Valid states checked so far: 200,000, Expansions: 11,023, Global best: 34
[00:00:01:18:008] Path of length 45 found: [0, 8, 16, 17, 9, 1, 2, 10, 18, 19, 11, 3, 4, 12, 20, 28, 36, 35, 27, 26, 25, 33, 32, 40, 48, 49, 50, 51, 52, 53, 45, 46, 38, 30, 29, 21, 13, 5, 6, 14, 22, 23, 31, 39, 47, 55]
[00:00:01:18:008] ! Unidirectional s-t. expansions: 12,463, time: 78,008 [ms], path length: 45 [edges], generated: 230,046
[00:00:00:23:001] Path of length 45 found: [55, 47, 39, 31, 23, 22, 14, 6, 5, 4, 3, 2, 1, 9, 10, 11, 19, 20, 12, 13, 21, 29, 30, 38, 46, 45, 53, 52, 51, 50, 49, 48, 40, 32, 33, 34, 35, 36, 28, 27, 26, 18, 17, 16, 8, 0]
[00:00:00:23:001] ! Unidirectional t-s. expansions: 4,063, time: 23,001 [ms], path length: 45 [edges], generated: 76,060
[00:00:00:34:844] Path of length 45 found: [0, 8, 16, 17, 9, 1, 2, 10, 18, 19, 11, 3, 4, 12, 20, 28, 36, 35, 27, 26, 25, 33, 32, 40, 41, 49, 50, 51, 52, 53, 45, 46, 38, 30, 29, 21, 13, 5, 6, 14, 22, 23, 31, 39, 47, 55]
[00:00:00:35:210] ! Bidirectional. expansions: 11,129, time: 34,844 [ms], path length: 45 [edges], g_F: 23, g_B: 22, generated: {'F': 86,890, 'B': 72,557}, MM: 1, MMPER: 1.1739130434782608%
[00:00:00:35:210] 
---------- SM_Grids/7x8_grid_with_random_blocks_12per_6 ----------
[00:00:00:00:125] Path of length 47 found: [0, 8, 9, 17, 18, 10, 2, 3, 11, 19, 27, 26, 34, 33, 32, 40, 48, 49, 41, 42, 50, 51, 43, 35, 36, 28, 20, 21, 29, 37, 45, 44, 52, 53, 54, 46, 38, 30, 22, 14, 6, 7, 15, 23, 31, 39, 47, 55]
[00:00:00:00:125] ! Unidirectional s-t. expansions: 12, time: 125 [ms], path length: 47 [edges], generated: 332
[00:00:00:00:230] Path of length 47 found: [55, 47, 39, 31, 23, 15, 7, 6, 14, 22, 21, 20, 28, 36, 35, 43, 44, 45, 37, 29, 30, 38, 46, 54, 53, 52, 51, 50, 42, 41, 49, 48, 40, 32, 33, 34, 26, 27, 19, 11, 3, 2, 10, 18, 17, 9, 8, 0]
[00:00:00:00:231] ! Unidirectional t-s. expansions: 25, time: 230 [ms], path length: 47 [edges], generated: 628
[00:00:00:00:062] Path of length 47 found: [0, 8, 9, 17, 18, 10, 2, 3, 11, 19, 27, 26, 34, 33, 32, 40, 48, 49, 41, 42, 50, 51, 52, 53, 54, 46, 38, 30, 29, 37, 45, 44, 43, 35, 36, 28, 20, 21, 22, 14, 6, 7, 15, 23, 31, 39, 47, 55]
[00:00:00:00:420] ! Bidirectional. expansions: 12, time: 63 [ms], path length: 47 [edges], g_F: 24, g_B: 23, generated: {'F': 90, 'B': 101}, MM: 1, MMPER: 1.0833333333333335%
[00:00:00:00:421] 
---------- SM_Grids/7x8_grid_with_random_blocks_12per_7 ----------
[00:00:00:00:147] Path of length 47 found: [0, 8, 9, 1, 2, 10, 18, 17, 25, 33, 41, 49, 50, 42, 34, 26, 27, 35, 43, 51, 52, 44, 36, 28, 20, 19, 11, 3, 4, 12, 13, 5, 6, 14, 15, 23, 31, 30, 29, 37, 45, 53, 54, 46, 38, 39, 47, 55]
[00:00:00:00:147] ! Unidirectional s-t. expansions: 14, time: 147 [ms], path length: 47 [edges], generated: 383
[00:00:00:00:635] Path of length 47 found: [55, 47, 39, 31, 23, 15, 14, 6, 5, 13, 12, 4, 3, 11, 19, 20, 28, 27, 26, 34, 42, 43, 35, 36, 44, 45, 37, 29, 30, 38, 46, 54, 53, 52, 51, 50, 49, 41, 33, 25, 17, 18, 10, 2, 1, 9, 8, 0]
[00:00:00:00:635] ! Unidirectional t-s. expansions: 95, time: 635 [ms], path length: 47 [edges], generated: 2,246
[00:00:00:00:069] Path of length 47 found: [0, 8, 9, 1, 2, 10, 18, 17, 25, 33, 41, 49, 50, 42, 34, 26, 27, 35, 43, 51, 52, 53, 54, 46, 38, 30, 29, 37, 45, 44, 36, 28, 20, 19, 11, 3, 4, 12, 13, 5, 6, 14, 15, 23, 31, 39, 47, 55]
[00:00:00:00:426] ! Bidirectional. expansions: 12, time: 69 [ms], path length: 47 [edges], g_F: 24, g_B: 23, generated: {'F': 113, 'B': 104}, MM: 1, MMPER: 1.0833333333333335%
[00:00:00:00:426] 
---------- SM_Grids/7x8_grid_with_random_blocks_12per_8 ----------
[00:00:00:17:602] Path of length 47 found: [0, 8, 16, 24, 32, 33, 34, 26, 18, 17, 9, 1, 2, 10, 11, 3, 4, 12, 20, 19, 27, 35, 43, 42, 50, 51, 52, 44, 36, 28, 29, 21, 13, 5, 6, 7, 15, 14, 22, 30, 31, 39, 47, 46, 45, 53, 54, 55]
[00:00:00:17:603] ! Unidirectional s-t. expansions: 2,685, time: 17,602 [ms], path length: 47 [edges], generated: 59,841
[00:00:00:41:489] Path of length 47 found: [55, 47, 39, 31, 30, 22, 14, 15, 7, 6, 5, 4, 3, 2, 10, 18, 26, 27, 19, 11, 12, 13, 21, 20, 28, 29, 37, 36, 35, 43, 44, 45, 46, 54, 53, 52, 51, 50, 42, 34, 33, 32, 24, 16, 17, 9, 1, 0]
[00:00:00:41:489] ! Unidirectional t-s. expansions: 9,603, time: 41,489 [ms], path length: 47 [edges], generated: 153,524
[00:00:00:21:460] Path of length 47 found: [0, 8, 16, 24, 32, 33, 34, 26, 18, 17, 9, 1, 2, 10, 11, 3, 4, 12, 20, 19, 27, 28, 36, 35, 43, 42, 50, 51, 52, 53, 54, 46, 45, 37, 29, 21, 13, 5, 6, 7, 15, 14, 22, 30, 31, 39, 47, 55]
[00:00:00:21:828] ! Bidirectional. expansions: 6,962, time: 21,460 [ms], path length: 47 [edges], g_F: 24, g_B: 23, generated: {'F': 49,051, 'B': 52,332}, MM: 1, MMPER: 1.0833333333333335%
[00:00:00:21:829] 
---------- SM_Grids/7x8_grid_with_random_blocks_12per_9 ----------
[00:00:00:01:769] Path of length 47 found: [0, 8, 16, 24, 32, 40, 48, 49, 41, 33, 25, 17, 18, 10, 2, 3, 11, 19, 27, 26, 34, 42, 50, 51, 43, 35, 36, 28, 29, 21, 20, 12, 13, 5, 6, 7, 15, 14, 22, 23, 31, 30, 38, 39, 47, 46, 54, 55]
[00:00:00:01:769] ! Unidirectional s-t. expansions: 158, time: 1,769 [ms], path length: 47 [edges], generated: 4,355
[00:00:00:01:010] Path of length 47 found: [55, 54, 46, 47, 39, 38, 30, 31, 23, 15, 7, 6, 5, 13, 14, 22, 21, 29, 28, 20, 12, 11, 3, 2, 10, 18, 19, 27, 26, 34, 35, 36, 44, 43, 51, 50, 42, 41, 49, 48, 40, 32, 24, 25, 17, 16, 8, 0]
[00:00:00:01:010] ! Unidirectional t-s. expansions: 178, time: 1,010 [ms], path length: 47 [edges], generated: 3,878
[00:00:00:00:836] Path of length 47 found: [0, 8, 16, 24, 32, 40, 48, 49, 41, 42, 50, 51, 43, 44, 36, 28, 29, 21, 20, 19, 27, 35, 34, 26, 25, 17, 18, 10, 2, 3, 11, 12, 13, 5, 6, 7, 15, 14, 22, 23, 31, 30, 38, 39, 47, 46, 54, 55]
[00:00:00:01:192] ! Bidirectional. expansions: 272, time: 836 [ms], path length: 47 [edges], g_F: 24, g_B: 23, generated: {'F': 1,993, 'B': 1,946}, MM: 1, MMPER: 1.0833333333333335%
[00:00:00:01:193] average expansions: (4,842, 5,213, 5,739, 0)
[00:00:00:01:193] average time: (26,532, 24,030, 17,385, 0)
[00:00:00:01:193] XIDA: 4,842 , 24,030 (expansions , time[ms])
[00:00:00:01:193] BiXIDA: 5,739 , 17,385 (expansions , time[ms])

