--------------------------
date: SM_Grids
number_of_graphs: 10
graph_type: grid
size_of_graphs: [8, 8]
heuristic: bcc_heuristic
snake: False
run_uni: True
run_bi: True
run_multi: False
solution_vertices: []
algorithms: ['IDA']
lookahead: 4
bsd: False
cube_first_dims: 4
cube_buffer_dim: None
backward_sym_generation: False
sym_coil: False
prefix_set: None

---------- SM_Grids/8x8_grid_with_random_blocks_16per_0 ----------
[00:00:00:01:872] Path of length 44 found: [0, 1, 9, 10, 2, 3, 11, 19, 18, 26, 25, 24, 32, 40, 48, 49, 41, 33, 34, 42, 50, 51, 43, 35, 36, 28, 20, 12, 13, 5, 6, 7, 15, 14, 22, 23, 31, 30, 29, 37, 38, 46, 47, 55, 63]
[00:00:00:01:873] ! Unidirectional s-t. expansions: 281, time: 1,872 [ms], path length: 44 [edges], generated: 5,313
[00:00:00:00:991] Path of length 44 found: [63, 55, 47, 46, 38, 39, 31, 23, 15, 7, 6, 5, 13, 14, 22, 30, 29, 28, 36, 44, 43, 35, 34, 33, 41, 42, 50, 49, 48, 40, 32, 24, 25, 26, 18, 19, 20, 12, 11, 3, 2, 10, 9, 1, 0]
[00:00:00:00:992] ! Unidirectional t-s. expansions: 77, time: 991 [ms], path length: 44 [edges], generated: 1,859
[00:00:00:01:074] Path of length 44 found: [0, 1, 9, 10, 2, 3, 11, 19, 18, 26, 25, 24, 32, 40, 48, 49, 41, 33, 34, 42, 50, 51, 43, 35, 36, 37, 29, 28, 20, 12, 13, 5, 6, 7, 15, 14, 22, 23, 31, 39, 38, 46, 47, 55, 63]
[00:00:00:01:632] ! Bidirectional. expansions: 381, time: 1,074 [ms], path length: 44 [edges], g_F: 22, g_B: 22, generated: {'F': 2,502, 'B': 2,286}, MM: 0, MMPER: -1.0%
[00:00:00:01:633] 
---------- SM_Grids/8x8_grid_with_random_blocks_16per_1 ----------
[00:00:00:00:187] Path of length 44 found: [0, 8, 16, 24, 32, 33, 25, 26, 18, 10, 2, 3, 4, 12, 11, 19, 27, 35, 34, 42, 43, 44, 36, 28, 20, 21, 29, 30, 22, 14, 15, 23, 31, 39, 38, 46, 47, 55, 54, 53, 52, 60, 61, 62, 63]
[00:00:00:00:187] ! Unidirectional s-t. expansions: 18, time: 187 [ms], path length: 44 [edges], generated: 336
[00:00:00:12:440] Path of length 44 found: [63, 62, 61, 60, 52, 53, 54, 55, 47, 46, 38, 39, 31, 23, 15, 14, 22, 30, 29, 21, 20, 12, 4, 3, 2, 10, 11, 19, 18, 26, 34, 35, 27, 28, 36, 44, 43, 42, 41, 33, 25, 24, 16, 8, 0]
[00:00:00:12:440] ! Unidirectional t-s. expansions: 1,310, time: 12,440 [ms], path length: 44 [edges], generated: 28,205
[00:00:00:02:157] Path of length 44 found: [0, 8, 16, 24, 32, 33, 25, 26, 18, 10, 2, 3, 4, 12, 11, 19, 27, 35, 34, 42, 43, 44, 36, 28, 20, 21, 29, 30, 22, 14, 15, 23, 31, 39, 38, 46, 47, 55, 54, 53, 52, 60, 61, 62, 63]
[00:00:00:02:653] ! Bidirectional. expansions: 392, time: 2,157 [ms], path length: 44 [edges], g_F: 22, g_B: 22, generated: {'F': 3,222, 'B': 2,408}, MM: 0, MMPER: -1.0%
[00:00:00:02:653] 
---------- SM_Grids/8x8_grid_with_random_blocks_16per_2 ----------
[00:00:00:08:555] Path of length 44 found: [0, 1, 2, 3, 11, 10, 18, 17, 16, 24, 32, 40, 48, 56, 57, 49, 41, 33, 34, 26, 27, 19, 20, 21, 29, 28, 36, 44, 43, 42, 50, 58, 59, 51, 52, 60, 61, 53, 45, 46, 47, 55, 54, 62, 63]
[00:00:00:08:555] ! Unidirectional s-t. expansions: 1,050, time: 8,555 [ms], path length: 44 [edges], generated: 21,150
[00:00:00:30:960] Path of length 44 found: [63, 55, 47, 46, 38, 30, 29, 21, 20, 28, 36, 44, 45, 53, 54, 62, 61, 60, 52, 51, 43, 42, 34, 33, 41, 49, 50, 58, 57, 56, 48, 40, 32, 24, 16, 17, 18, 26, 27, 19, 11, 3, 2, 1, 0]
[00:00:00:30:960] ! Unidirectional t-s. expansions: 5,041, time: 30,960 [ms], path length: 44 [edges], generated: 76,646
[00:00:00:05:692] Path of length 44 found: [0, 8, 16, 24, 32, 40, 48, 56, 57, 49, 41, 33, 34, 42, 43, 51, 50, 58, 59, 60, 61, 53, 45, 44, 36, 28, 27, 26, 18, 10, 2, 3, 11, 19, 20, 21, 29, 30, 38, 46, 47, 55, 54, 62, 63]
[00:00:00:06:211] ! Bidirectional. expansions: 1,076, time: 5,692 [ms], path length: 44 [edges], g_F: 22, g_B: 22, generated: {'F': 8,100, 'B': 8,467}, MM: 0, MMPER: -1.0%
[00:00:00:06:212] 
---------- SM_Grids/8x8_grid_with_random_blocks_16per_3 ----------
[00:00:00:31:436] Path of length 44 found: [0, 8, 16, 24, 25, 17, 18, 10, 11, 19, 27, 26, 34, 33, 41, 49, 50, 42, 43, 35, 36, 28, 29, 21, 20, 12, 13, 14, 15, 23, 31, 30, 38, 39, 47, 46, 45, 44, 52, 60, 61, 53, 54, 62, 63]
[00:00:00:31:436] ! Unidirectional s-t. expansions: 4,492, time: 31,436 [ms], path length: 44 [edges], generated: 91,302
[00:00:01:05:371] Valid states checked so far: 200,000, Expansions: 11,305, Global best: 45
[00:00:01:32:281] Path of length 44 found: [63, 55, 47, 39, 31, 23, 15, 14, 13, 12, 11, 10, 18, 26, 34, 42, 43, 35, 36, 28, 27, 19, 20, 21, 29, 30, 38, 46, 45, 53, 54, 62, 61, 60, 52, 51, 50, 49, 41, 33, 25, 17, 16, 8, 0]
[00:00:01:32:281] ! Unidirectional t-s. expansions: 16,277, time: 92,281 [ms], path length: 44 [edges], generated: 283,942
[00:00:00:33:532] Path of length 44 found: [0, 8, 16, 24, 25, 17, 18, 10, 11, 19, 27, 28, 36, 35, 34, 33, 41, 49, 50, 42, 43, 51, 52, 60, 61, 62, 54, 53, 45, 46, 38, 30, 29, 21, 20, 12, 13, 14, 15, 23, 31, 39, 47, 55, 63]
[00:00:00:34:006] ! Bidirectional. expansions: 7,021, time: 33,532 [ms], path length: 44 [edges], g_F: 22, g_B: 22, generated: {'F': 66,159, 'B': 69,726}, MM: 0, MMPER: -1.0%
[00:00:00:34:007] 
---------- SM_Grids/8x8_grid_with_random_blocks_16per_4 ----------
[00:00:00:01:571] Path of length 48 found: [0, 1, 9, 8, 16, 17, 25, 33, 32, 40, 48, 56, 57, 49, 41, 42, 50, 51, 52, 60, 61, 53, 45, 44, 36, 28, 27, 35, 34, 26, 18, 10, 11, 3, 4, 12, 13, 14, 22, 30, 29, 37, 38, 39, 47, 46, 54, 62, 63]
[00:00:00:01:571] ! Unidirectional s-t. expansions: 229, time: 1,571 [ms], path length: 48 [edges], generated: 4,192
[00:00:00:05:192] Path of length 48 found: [63, 55, 47, 39, 38, 30, 22, 14, 13, 12, 4, 3, 11, 10, 18, 26, 34, 35, 27, 28, 29, 37, 36, 44, 45, 46, 54, 62, 61, 53, 52, 51, 50, 42, 41, 49, 57, 56, 48, 40, 32, 33, 25, 17, 16, 8, 9, 1, 0]
[00:00:00:05:193] ! Unidirectional t-s. expansions: 499, time: 5,192 [ms], path length: 48 [edges], generated: 10,529
[00:00:00:03:162] Path of length 48 found: [0, 1, 9, 8, 16, 17, 25, 33, 32, 40, 48, 56, 57, 49, 41, 42, 50, 51, 52, 60, 61, 62, 54, 46, 45, 44, 36, 37, 29, 28, 27, 35, 34, 26, 18, 10, 11, 3, 4, 12, 13, 14, 22, 30, 38, 39, 47, 55, 63]
[00:00:00:03:651] ! Bidirectional. expansions: 517, time: 3,162 [ms], path length: 48 [edges], g_F: 24, g_B: 24, generated: {'F': 3,970, 'B': 3,673}, MM: 0, MMPER: -1.0%
[00:00:00:03:651] 
---------- SM_Grids/8x8_grid_with_random_blocks_16per_5 ----------
[00:00:00:04:627] Path of length 50 found: [0, 8, 16, 24, 32, 33, 34, 26, 25, 17, 9, 1, 2, 10, 11, 19, 20, 12, 4, 5, 6, 14, 15, 23, 22, 30, 29, 28, 36, 35, 43, 51, 50, 49, 48, 56, 57, 58, 59, 60, 61, 53, 52, 44, 45, 46, 38, 39, 47, 55, 63]
[00:00:00:04:628] ! Unidirectional s-t. expansions: 633, time: 4,628 [ms], path length: 50 [edges], generated: 10,753
[00:00:00:06:005] Path of length 50 found: [63, 55, 47, 39, 38, 46, 45, 44, 52, 53, 61, 60, 59, 58, 57, 56, 48, 49, 50, 51, 43, 35, 36, 28, 29, 30, 22, 23, 15, 14, 6, 5, 4, 12, 20, 19, 11, 3, 2, 10, 9, 17, 25, 26, 34, 33, 32, 24, 16, 8, 0]
[00:00:00:06:005] ! Unidirectional t-s. expansions: 750, time: 6,005 [ms], path length: 50 [edges], generated: 13,389
[00:00:00:06:684] Path of length 50 found: [0, 8, 16, 24, 32, 33, 34, 26, 25, 17, 9, 1, 2, 10, 11, 19, 20, 12, 4, 5, 6, 14, 15, 23, 22, 30, 29, 28, 36, 35, 43, 51, 50, 49, 48, 56, 57, 58, 59, 60, 52, 44, 45, 53, 54, 46, 38, 39, 47, 55, 63]
[00:00:00:07:142] ! Bidirectional. expansions: 1,375, time: 6,684 [ms], path length: 50 [edges], g_F: 25, g_B: 25, generated: {'F': 8,146, 'B': 9,556}, MM: 0, MMPER: -1.0%
[00:00:00:07:142] 
---------- SM_Grids/8x8_grid_with_random_blocks_16per_6 ----------
[00:00:00:00:524] Path of length 48 found: [0, 1, 9, 8, 16, 24, 32, 40, 48, 49, 50, 42, 41, 33, 25, 17, 18, 10, 11, 19, 27, 26, 34, 35, 36, 44, 52, 53, 45, 37, 29, 21, 13, 5, 6, 7, 15, 14, 22, 23, 31, 30, 38, 46, 47, 55, 54, 62, 63]
[00:00:00:00:524] ! Unidirectional s-t. expansions: 65, time: 524 [ms], path length: 48 [edges], generated: 1,254
[00:00:00:00:226] Path of length 48 found: [63, 62, 54, 55, 47, 46, 38, 30, 31, 23, 15, 7, 6, 5, 13, 14, 22, 21, 29, 37, 45, 53, 52, 44, 36, 35, 27, 19, 11, 10, 18, 17, 25, 26, 34, 33, 41, 42, 50, 49, 48, 40, 32, 24, 16, 8, 9, 1, 0]
[00:00:00:00:227] ! Unidirectional t-s. expansions: 21, time: 226 [ms], path length: 48 [edges], generated: 358
[00:00:00:00:505] Path of length 48 found: [0, 1, 9, 8, 16, 24, 32, 40, 48, 49, 50, 42, 41, 33, 25, 17, 18, 10, 11, 19, 27, 26, 34, 35, 36, 44, 52, 53, 45, 37, 29, 21, 22, 14, 13, 5, 6, 7, 15, 23, 31, 30, 38, 46, 47, 55, 54, 62, 63]
[00:00:00:00:966] ! Bidirectional. expansions: 75, time: 505 [ms], path length: 48 [edges], g_F: 24, g_B: 24, generated: {'F': 593, 'B': 642}, MM: 0, MMPER: -1.0%
[00:00:00:00:966] 
---------- SM_Grids/8x8_grid_with_random_blocks_16per_7 ----------
[00:00:01:16:355] Valid states checked so far: 200,000, Expansions: 12,234, Global best: 41
[00:00:01:22:221] Path of length 48 found: [0, 8, 16, 24, 32, 40, 48, 56, 57, 49, 41, 33, 34, 26, 18, 17, 9, 10, 2, 3, 11, 19, 27, 28, 20, 12, 13, 14, 6, 7, 15, 23, 31, 30, 38, 37, 45, 44, 43, 42, 50, 58, 59, 60, 61, 53, 54, 55, 63]
[00:00:01:22:221] ! Unidirectional s-t. expansions: 13,033, time: 82,221 [ms], path length: 48 [edges], generated: 214,835
[00:00:00:39:074] Path of length 48 found: [63, 55, 54, 46, 38, 30, 31, 23, 15, 7, 6, 14, 13, 12, 11, 3, 2, 10, 9, 17, 18, 19, 20, 28, 27, 26, 34, 35, 43, 44, 45, 53, 61, 60, 59, 51, 50, 58, 57, 56, 48, 40, 41, 33, 32, 24, 16, 8, 0]
[00:00:00:39:074] ! Unidirectional t-s. expansions: 6,080, time: 39,074 [ms], path length: 48 [edges], generated: 117,042
[00:00:00:44:907] Path of length 48 found: [0, 8, 16, 17, 9, 10, 2, 3, 11, 19, 18, 26, 27, 28, 20, 12, 13, 14, 6, 7, 15, 23, 31, 30, 38, 37, 45, 44, 43, 42, 34, 33, 32, 40, 41, 49, 48, 56, 57, 58, 50, 51, 59, 60, 61, 53, 54, 55, 63]
[00:00:00:45:343] ! Bidirectional. expansions: 14,325, time: 44,907 [ms], path length: 48 [edges], g_F: 24, g_B: 24, generated: {'F': 106,592, 'B': 110,128}, MM: 0, MMPER: -1.0%
[00:00:00:45:343] 
---------- SM_Grids/8x8_grid_with_random_blocks_16per_8 ----------
[00:00:00:07:522] Path of length 50 found: [0, 8, 16, 17, 9, 1, 2, 10, 18, 19, 11, 3, 4, 5, 6, 7, 15, 23, 22, 14, 13, 12, 20, 21, 29, 28, 36, 35, 34, 33, 32, 40, 48, 56, 57, 49, 41, 42, 50, 51, 59, 60, 61, 53, 45, 37, 38, 46, 54, 62, 63]
[00:00:00:07:522] ! Unidirectional s-t. expansions: 1,031, time: 7,522 [ms], path length: 50 [edges], generated: 19,184
[00:00:00:00:640] Path of length 50 found: [63, 62, 54, 46, 38, 37, 45, 53, 61, 60, 59, 51, 43, 42, 50, 49, 57, 56, 48, 40, 32, 33, 34, 35, 36, 28, 29, 21, 13, 14, 22, 23, 15, 7, 6, 5, 4, 3, 2, 1, 9, 10, 11, 12, 20, 19, 18, 17, 16, 8, 0]
[00:00:00:00:641] ! Unidirectional t-s. expansions: 98, time: 640 [ms], path length: 50 [edges], generated: 1,886
[00:00:00:02:825] Path of length 50 found: [0, 8, 16, 17, 9, 1, 2, 3, 4, 5, 13, 14, 6, 7, 15, 23, 22, 21, 29, 37, 36, 28, 20, 12, 11, 10, 18, 26, 34, 35, 43, 42, 41, 33, 32, 40, 48, 56, 57, 49, 50, 51, 59, 60, 61, 53, 45, 46, 54, 62, 63]
[00:00:00:03:255] ! Bidirectional. expansions: 775, time: 2,825 [ms], path length: 50 [edges], g_F: 25, g_B: 25, generated: {'F': 4,833, 'B': 4,612}, MM: 0, MMPER: -1.0%
[00:00:00:03:255] 
---------- SM_Grids/8x8_grid_with_random_blocks_16per_9 ----------
[00:00:00:02:207] Path of length 46 found: [0, 8, 16, 24, 32, 33, 25, 17, 9, 1, 2, 3, 11, 12, 4, 5, 6, 7, 15, 14, 13, 21, 20, 28, 27, 26, 34, 42, 50, 58, 59, 51, 43, 44, 36, 37, 38, 30, 31, 39, 47, 55, 54, 53, 61, 62, 63]
[00:00:00:02:207] ! Unidirectional s-t. expansions: 322, time: 2,207 [ms], path length: 46 [edges], generated: 5,441
[00:00:00:01:016] Path of length 46 found: [63, 62, 61, 53, 54, 55, 47, 39, 31, 30, 38, 37, 45, 44, 43, 51, 59, 58, 50, 42, 41, 33, 32, 24, 16, 8, 9, 17, 25, 26, 27, 28, 20, 21, 13, 14, 15, 7, 6, 5, 4, 12, 11, 3, 2, 1, 0]
[00:00:00:01:016] ! Unidirectional t-s. expansions: 122, time: 1,016 [ms], path length: 46 [edges], generated: 2,328
[00:00:00:01:753] Path of length 46 found: [0, 8, 16, 24, 32, 33, 25, 17, 9, 1, 2, 3, 11, 12, 4, 5, 6, 7, 15, 14, 13, 21, 20, 28, 27, 26, 34, 42, 50, 58, 59, 51, 52, 44, 45, 37, 38, 30, 31, 39, 47, 55, 54, 53, 61, 62, 63]
[00:00:00:02:183] ! Bidirectional. expansions: 559, time: 1,753 [ms], path length: 46 [edges], g_F: 23, g_B: 23, generated: {'F': 2,370, 'B': 2,744}, MM: 0, MMPER: -1.0%
[00:00:00:02:183] average expansions: (2,115, 3,028, 2,650, 0)
[00:00:00:02:183] average time: (14,072, 18,882, 10,229, 0)
[00:00:00:02:184] XIDA: 2,115 , 14,072 (expansions , time[ms])
[00:00:00:02:184] BiXIDA: 2,650 , 10,229 (expansions , time[ms])

