--------------------------
date: SM_Grids
number_of_graphs: 10
graph_type: grid
size_of_graphs: [9, 9]
heuristic: bcc_heuristic
snake: True
run_uni: True
run_bi: True
run_multi: False
solution_vertices: []
algorithms: ['IDA']
lookahead: -1
bsd: False
cube_first_dims: 4
cube_buffer_dim: None
backward_sym_generation: False
sym_coil: False
prefix_set: None

---------- SM_Grids/9x9_grid_with_random_blocks_12per_0 ----------
[00:00:01:37:768] Path of length 46 found: [0, 1, 2, 3, 4, 5, 6, 7, 16, 17, 26, 35, 44, 53, 52, 51, 42, 33, 24, 23, 22, 21, 20, 19, 18, 27, 36, 45, 54, 63, 72, 73, 74, 65, 56, 47, 48, 49, 58, 67, 76, 77, 78, 69, 70, 71, 80]
[00:00:01:37:768] ! Unidirectional s-t. expansions: 16,457, time: 97,768 [ms], path length: 46 [edges], generated: 29,944
[00:00:00:54:196] Path of length 46 found: [80, 71, 70, 69, 78, 77, 76, 67, 58, 49, 48, 47, 56, 65, 74, 73, 72, 63, 54, 45, 36, 27, 18, 19, 20, 21, 22, 23, 24, 33, 42, 51, 52, 53, 44, 35, 26, 17, 8, 7, 6, 5, 4, 3, 2, 1, 0]
[00:00:00:54:196] ! Unidirectional t-s. expansions: 10,045, time: 54,196 [ms], path length: 46 [edges], generated: 16,629
[00:00:00:33:954] Path of length 46 found: [0, 1, 2, 3, 4, 5, 6, 7, 8, 17, 26, 35, 44, 53, 52, 51, 42, 33, 24, 23, 22, 21, 20, 19, 18, 27, 36, 45, 54, 63, 72, 73, 74, 65, 56, 47, 48, 49, 58, 67, 76, 77, 78, 69, 70, 71, 80]
[00:00:00:34:550] ! Bidirectional. expansions: 6,140, time: 33,954 [ms], path length: 46 [edges], g_F: 24, g_B: 22, generated: {'F': 4,942, 'B': 5,493}, MM: 2, MMPER: 3.25531914893617%
[00:00:00:34:550] 
---------- SM_Grids/9x9_grid_with_random_blocks_12per_1 ----------
[00:00:01:42:764] Path of length 46 found: [0, 9, 10, 19, 20, 29, 30, 39, 40, 49, 58, 57, 56, 47, 46, 45, 54, 63, 72, 73, 74, 75, 76, 77, 68, 69, 60, 51, 42, 33, 32, 23, 22, 13, 4, 5, 6, 15, 16, 25, 26, 35, 44, 53, 62, 71, 80]
[00:00:01:42:765] ! Unidirectional s-t. expansions: 19,170, time: 102,764 [ms], path length: 46 [edges], generated: 32,191
[00:00:01:32:428] Path of length 46 found: [80, 71, 62, 61, 60, 69, 78, 77, 76, 67, 58, 57, 56, 65, 74, 73, 72, 63, 54, 45, 46, 37, 38, 29, 30, 21, 22, 23, 32, 41, 42, 43, 44, 35, 26, 17, 8, 7, 6, 5, 4, 3, 2, 11, 10, 9, 0]
[00:00:01:32:428] ! Unidirectional t-s. expansions: 16,000, time: 92,428 [ms], path length: 46 [edges], generated: 27,091
[00:00:02:09:492] Path of length 46 found: [0, 9, 10, 19, 20, 21, 12, 3, 4, 5, 6, 15, 16, 25, 26, 35, 44, 43, 42, 33, 32, 31, 40, 39, 38, 37, 46, 45, 54, 63, 72, 73, 74, 65, 56, 57, 58, 67, 76, 77, 78, 69, 60, 61, 62, 71, 80]
[00:00:02:10:031] ! Bidirectional. expansions: 26,887, time: 129,492 [ms], path length: 46 [edges], g_F: 24, g_B: 22, generated: {'F': 20,926, 'B': 20,831}, MM: 2, MMPER: 3.25531914893617%
[00:00:02:10:031] 
---------- SM_Grids/9x9_grid_with_random_blocks_12per_2 ----------
[00:00:02:08:984] Path of length 44 found: [0, 9, 18, 27, 28, 29, 20, 11, 12, 13, 22, 31, 40, 39, 48, 47, 46, 55, 64, 73, 74, 75, 66, 67, 58, 59, 50, 51, 42, 33, 24, 15, 6, 7, 8, 17, 26, 35, 44, 53, 62, 61, 70, 79, 80]
[00:00:02:08:985] ! Unidirectional s-t. expansions: 22,942, time: 128,984 [ms], path length: 44 [edges], generated: 39,568
[00:00:02:21:593] Path of length 44 found: [80, 71, 62, 53, 44, 43, 42, 33, 24, 25, 26, 17, 8, 7, 6, 5, 14, 13, 22, 31, 40, 49, 50, 59, 60, 69, 78, 77, 76, 75, 74, 73, 64, 55, 56, 47, 38, 37, 28, 19, 20, 11, 2, 1, 0]
[00:00:02:21:594] ! Unidirectional t-s. expansions: 26,402, time: 141,594 [ms], path length: 44 [edges], generated: 43,838
[00:00:02:11:969] Path of length 44 found: [0, 9, 10, 11, 20, 29, 28, 37, 46, 55, 64, 73, 74, 75, 76, 77, 78, 69, 60, 59, 58, 57, 48, 39, 40, 31, 22, 13, 14, 5, 6, 7, 8, 17, 26, 25, 24, 33, 42, 43, 44, 53, 62, 71, 80]
[00:00:02:12:543] ! Bidirectional. expansions: 20,439, time: 131,969 [ms], path length: 44 [edges], g_F: 23, g_B: 21, generated: {'F': 19,429, 'B': 18,512}, MM: 2, MMPER: 3.4444444444444446%
[00:00:02:12:543] 
---------- SM_Grids/9x9_grid_with_random_blocks_12per_3 ----------
[00:00:01:07:268] Path of length 46 found: [0, 1, 10, 19, 28, 37, 46, 45, 54, 63, 72, 73, 74, 75, 76, 67, 58, 57, 48, 39, 40, 31, 22, 21, 12, 3, 4, 5, 6, 7, 8, 17, 26, 25, 24, 33, 42, 43, 44, 53, 62, 61, 60, 69, 78, 79, 80]
[00:00:01:07:269] ! Unidirectional s-t. expansions: 12,486, time: 67,269 [ms], path length: 46 [edges], generated: 21,459
[00:00:02:21:779] Path of length 46 found: [80, 79, 78, 69, 60, 61, 62, 53, 44, 35, 26, 17, 8, 7, 6, 15, 24, 33, 32, 41, 40, 39, 48, 57, 58, 67, 76, 75, 74, 73, 64, 63, 54, 45, 46, 37, 28, 19, 20, 21, 22, 13, 4, 3, 2, 1, 0]
[00:00:02:21:780] ! Unidirectional t-s. expansions: 25,050, time: 141,780 [ms], path length: 46 [edges], generated: 43,126
[00:00:01:47:264] Path of length 46 found: [0, 1, 10, 19, 28, 37, 46, 45, 54, 63, 72, 73, 74, 75, 76, 67, 58, 57, 48, 39, 40, 41, 42, 33, 24, 23, 22, 21, 12, 3, 4, 5, 6, 7, 8, 17, 26, 35, 44, 53, 62, 61, 60, 69, 78, 79, 80]
[00:00:01:47:803] ! Bidirectional. expansions: 20,162, time: 107,264 [ms], path length: 46 [edges], g_F: 24, g_B: 22, generated: {'F': 16,937, 'B': 17,279}, MM: 2, MMPER: 3.25531914893617%
[00:00:01:47:804] 
---------- SM_Grids/9x9_grid_with_random_blocks_12per_4 ----------
[00:00:00:44:803] Path of length 46 found: [0, 9, 10, 11, 2, 3, 4, 5, 6, 15, 16, 25, 26, 35, 44, 53, 62, 61, 60, 51, 42, 33, 32, 23, 22, 21, 30, 39, 38, 37, 36, 45, 54, 63, 72, 73, 74, 65, 56, 57, 58, 67, 68, 77, 78, 79, 80]
[00:00:00:44:803] ! Unidirectional s-t. expansions: 7,526, time: 44,803 [ms], path length: 46 [edges], generated: 13,659
[00:00:00:25:139] Path of length 46 found: [80, 79, 78, 77, 68, 59, 60, 51, 52, 43, 44, 35, 26, 17, 16, 15, 6, 5, 4, 3, 2, 11, 20, 21, 22, 23, 32, 41, 40, 49, 48, 57, 56, 65, 74, 73, 72, 63, 54, 45, 46, 37, 28, 27, 18, 9, 0]
[00:00:00:25:140] ! Unidirectional t-s. expansions: 4,267, time: 25,139 [ms], path length: 46 [edges], generated: 7,148
[00:00:00:39:754] Path of length 46 found: [0, 9, 10, 11, 2, 3, 4, 5, 6, 15, 16, 25, 26, 35, 44, 53, 62, 61, 60, 51, 42, 33, 32, 23, 22, 21, 30, 39, 38, 37, 36, 45, 54, 63, 72, 73, 74, 65, 56, 57, 58, 67, 68, 77, 78, 79, 80]
[00:00:00:40:268] ! Bidirectional. expansions: 6,625, time: 39,754 [ms], path length: 46 [edges], g_F: 24, g_B: 22, generated: {'F': 5,841, 'B': 6,053}, MM: 2, MMPER: 3.25531914893617%
[00:00:00:40:268] 
---------- SM_Grids/9x9_grid_with_random_blocks_12per_5 ----------
[00:00:00:17:949] Path of length 40 found: [0, 9, 18, 27, 36, 45, 46, 47, 56, 65, 66, 67, 76, 77, 78, 69, 60, 59, 50, 49, 40, 39, 30, 29, 20, 11, 2, 3, 4, 13, 22, 23, 32, 33, 42, 43, 52, 53, 62, 71, 80]
[00:00:00:17:949] ! Unidirectional s-t. expansions: 2,882, time: 17,949 [ms], path length: 40 [edges], generated: 5,140
[00:00:00:13:020] Path of length 40 found: [80, 71, 62, 53, 44, 43, 42, 33, 24, 23, 14, 13, 4, 3, 2, 11, 20, 21, 30, 31, 40, 49, 50, 59, 60, 69, 78, 77, 76, 67, 66, 57, 56, 47, 38, 37, 28, 27, 18, 9, 0]
[00:00:00:13:020] ! Unidirectional t-s. expansions: 2,158, time: 13,020 [ms], path length: 40 [edges], generated: 3,881
[00:00:00:18:821] Path of length 40 found: [0, 9, 18, 27, 36, 45, 46, 47, 56, 65, 66, 67, 76, 77, 78, 69, 60, 59, 50, 49, 40, 39, 30, 29, 20, 11, 2, 3, 4, 13, 14, 23, 24, 33, 42, 43, 44, 53, 62, 71, 80]
[00:00:00:19:356] ! Bidirectional. expansions: 2,665, time: 18,821 [ms], path length: 40 [edges], g_F: 21, g_B: 19, generated: {'F': 2,434, 'B': 2,515}, MM: 2, MMPER: 3.8780487804878048%
[00:00:00:19:356] 
---------- SM_Grids/9x9_grid_with_random_blocks_12per_6 ----------
[00:00:01:08:009] Path of length 48 found: [0, 1, 10, 19, 18, 27, 36, 37, 38, 39, 48, 57, 56, 55, 54, 63, 72, 73, 74, 75, 76, 67, 68, 59, 50, 51, 42, 33, 32, 23, 22, 21, 12, 3, 4, 5, 6, 15, 16, 25, 26, 35, 44, 53, 62, 61, 70, 79, 80]
[00:00:01:08:010] ! Unidirectional s-t. expansions: 11,717, time: 68,009 [ms], path length: 48 [edges], generated: 20,025
[00:00:00:36:042] Path of length 48 found: [80, 71, 62, 53, 44, 35, 26, 17, 16, 7, 6, 5, 4, 3, 12, 21, 22, 23, 24, 33, 42, 41, 50, 59, 60, 69, 78, 77, 76, 75, 74, 73, 72, 63, 54, 55, 56, 57, 48, 39, 38, 37, 36, 27, 18, 19, 10, 1, 0]
[00:00:00:36:042] ! Unidirectional t-s. expansions: 6,585, time: 36,042 [ms], path length: 48 [edges], generated: 10,597
[00:00:00:47:645] Path of length 48 found: [0, 1, 10, 19, 18, 27, 36, 37, 38, 39, 48, 57, 56, 55, 54, 63, 72, 73, 74, 75, 76, 77, 78, 69, 60, 59, 50, 41, 42, 33, 24, 23, 22, 21, 12, 3, 4, 5, 6, 7, 8, 17, 26, 35, 44, 53, 62, 71, 80]
[00:00:00:48:189] ! Bidirectional. expansions: 7,829, time: 47,645 [ms], path length: 48 [edges], g_F: 25, g_B: 23, generated: {'F': 6,346, 'B': 6,678}, MM: 2, MMPER: 3.0816326530612246%
[00:00:00:48:190] 
---------- SM_Grids/9x9_grid_with_random_blocks_12per_7 ----------
[00:00:02:13:068] Path of length 44 found: [0, 9, 18, 27, 36, 45, 54, 63, 64, 73, 74, 75, 76, 77, 68, 59, 58, 57, 56, 47, 38, 39, 40, 31, 22, 21, 20, 11, 2, 3, 4, 5, 6, 7, 16, 25, 24, 33, 42, 51, 52, 53, 62, 71, 80]
[00:00:02:13:069] ! Unidirectional s-t. expansions: 25,099, time: 133,069 [ms], path length: 44 [edges], generated: 43,393
[00:00:02:58:672] Path of length 44 found: [80, 79, 70, 61, 52, 51, 42, 33, 34, 25, 16, 7, 6, 5, 4, 3, 2, 11, 20, 21, 22, 31, 40, 39, 38, 47, 56, 57, 58, 59, 68, 77, 76, 75, 74, 73, 64, 63, 54, 45, 36, 27, 18, 9, 0]
[00:00:02:58:673] ! Unidirectional t-s. expansions: 33,010, time: 178,672 [ms], path length: 44 [edges], generated: 58,835
[00:00:02:30:635] Path of length 44 found: [0, 9, 18, 27, 36, 45, 54, 63, 64, 73, 74, 75, 76, 77, 68, 59, 58, 57, 56, 47, 38, 39, 40, 31, 22, 21, 20, 11, 2, 3, 4, 5, 6, 7, 16, 25, 34, 33, 42, 51, 52, 61, 70, 79, 80]
[00:00:02:31:117] ! Bidirectional. expansions: 26,897, time: 150,635 [ms], path length: 44 [edges], g_F: 23, g_B: 21, generated: {'F': 23,703, 'B': 26,002}, MM: 2, MMPER: 3.4444444444444446%
[00:00:02:31:117] 
---------- SM_Grids/9x9_grid_with_random_blocks_12per_8 ----------
[00:00:00:20:096] Path of length 48 found: [0, 9, 18, 19, 20, 11, 2, 3, 4, 13, 22, 31, 32, 33, 24, 15, 6, 7, 8, 17, 26, 35, 44, 53, 62, 61, 60, 51, 50, 49, 48, 47, 38, 37, 36, 45, 54, 63, 72, 73, 74, 75, 66, 67, 68, 77, 78, 79, 80]
[00:00:00:20:096] ! Unidirectional s-t. expansions: 3,747, time: 20,096 [ms], path length: 48 [edges], generated: 6,097
[00:00:01:00:159] Path of length 48 found: [80, 79, 78, 77, 68, 67, 66, 75, 74, 73, 72, 63, 54, 45, 36, 37, 38, 47, 48, 49, 40, 31, 22, 23, 24, 33, 42, 51, 60, 61, 62, 53, 44, 35, 26, 17, 8, 7, 6, 5, 4, 3, 2, 11, 20, 19, 18, 9, 0]
[00:00:01:00:160] ! Unidirectional t-s. expansions: 11,699, time: 60,159 [ms], path length: 48 [edges], generated: 19,004
[00:00:00:38:798] Path of length 48 found: [0, 9, 18, 19, 20, 11, 2, 3, 4, 13, 22, 31, 32, 33, 24, 15, 6, 7, 8, 17, 26, 35, 44, 53, 62, 61, 60, 51, 50, 49, 48, 47, 38, 37, 36, 45, 54, 63, 72, 73, 74, 75, 66, 67, 68, 77, 78, 79, 80]
[00:00:00:39:284] ! Bidirectional. expansions: 7,212, time: 38,798 [ms], path length: 48 [edges], g_F: 25, g_B: 23, generated: {'F': 6,025, 'B': 6,071}, MM: 2, MMPER: 3.0816326530612246%
[00:00:00:39:284] 
---------- SM_Grids/9x9_grid_with_random_blocks_12per_9 ----------
[00:00:03:39:675] Path of length 44 found: [0, 1, 2, 11, 20, 19, 18, 27, 36, 37, 46, 55, 54, 63, 72, 73, 74, 75, 76, 77, 78, 69, 60, 59, 58, 57, 48, 39, 40, 31, 22, 13, 14, 15, 16, 17, 26, 35, 34, 43, 52, 53, 62, 71, 80]
[00:00:03:39:675] ! Unidirectional s-t. expansions: 42,331, time: 219,675 [ms], path length: 44 [edges], generated: 77,178
[00:00:03:59:314] Path of length 44 found: [80, 71, 62, 53, 52, 43, 34, 35, 26, 17, 16, 15, 14, 23, 22, 31, 40, 41, 50, 59, 60, 69, 78, 77, 76, 75, 74, 73, 72, 63, 54, 55, 56, 47, 38, 37, 36, 27, 18, 19, 20, 11, 2, 1, 0]
[00:00:03:59:315] ! Unidirectional t-s. expansions: 52,644, time: 239,314 [ms], path length: 44 [edges], generated: 87,435
[00:00:06:26:483] Path of length 44 found: [0, 1, 2, 11, 20, 19, 18, 27, 36, 37, 46, 55, 54, 63, 72, 73, 74, 75, 76, 77, 78, 69, 60, 59, 58, 57, 48, 39, 40, 31, 22, 13, 14, 15, 16, 17, 26, 35, 34, 43, 52, 53, 62, 71, 80]
[00:00:06:26:961] ! Bidirectional. expansions: 79,576, time: 386,483 [ms], path length: 44 [edges], g_F: 23, g_B: 21, generated: {'F': 63,916, 'B': 68,330}, MM: 2, MMPER: 3.4444444444444446%
[00:00:06:26:961] average expansions: (16,436, 18,786, 20,443, 0)
[00:00:06:26:961] average time: (90,039, 98,234, 108,482, 0)
[00:00:06:26:961] XIDA: 16,436 , 90,039 (expansions , time[ms])
[00:00:06:26:961] BiXIDA: 20,443 , 108,482 (expansions , time[ms])

