--------------------------
date: SM_Grids
number_of_graphs: 10
graph_type: grid
size_of_graphs: [9, 9]
heuristic: bcc_heuristic
snake: True
run_uni: True
run_bi: True
run_multi: False
solution_vertices: []
algorithms: ['IDA']
lookahead: -1
bsd: False
cube_first_dims: 4
cube_buffer_dim: None
backward_sym_generation: False
sym_coil: False
prefix_set: None

---------- SM_Grids/9x9_grid_with_random_blocks_8per_0 ----------
[00:00:04:15:650] Path of length 48 found: [0, 1, 2, 3, 4, 5, 6, 7, 8, 17, 26, 25, 24, 23, 22, 31, 30, 29, 20, 19, 18, 27, 36, 37, 46, 55, 54, 63, 72, 73, 74, 75, 66, 57, 48, 49, 50, 41, 42, 43, 44, 53, 62, 61, 60, 69, 78, 79, 80]
[00:00:04:15:651] ! Unidirectional s-t. expansions: 44,009, time: 255,650 [ms], path length: 48 [edges], generated: 76,644
[00:00:06:02:886] Path of length 48 found: [80, 79, 78, 77, 76, 75, 74, 73, 72, 63, 54, 55, 56, 57, 48, 49, 50, 59, 60, 61, 62, 53, 44, 43, 42, 33, 24, 25, 26, 17, 8, 7, 6, 5, 14, 13, 22, 31, 30, 29, 38, 37, 36, 27, 18, 19, 10, 1, 0]
[00:00:06:02:887] ! Unidirectional t-s. expansions: 65,674, time: 362,886 [ms], path length: 48 [edges], generated: 110,714
[00:00:08:04:768] Path of length 48 found: [0, 9, 18, 27, 36, 37, 46, 55, 54, 63, 72, 73, 74, 75, 66, 57, 48, 49, 40, 31, 30, 29, 20, 11, 12, 13, 14, 5, 6, 7, 8, 17, 26, 25, 24, 33, 42, 43, 44, 53, 62, 61, 60, 59, 68, 77, 78, 79, 80]
[00:00:08:05:339] ! Bidirectional. expansions: 89,030, time: 484,768 [ms], path length: 48 [edges], g_F: 25, g_B: 23, generated: {'F': 77,741, 'B': 74,264}, MM: 2, MMPER: 3.0816326530612246%
[00:00:08:05:339] 
---------- SM_Grids/9x9_grid_with_random_blocks_8per_1 ----------
[00:00:05:04:789] Path of length 44 found: [0, 9, 18, 27, 36, 45, 46, 47, 48, 57, 66, 75, 76, 77, 78, 69, 60, 59, 50, 41, 40, 31, 30, 29, 20, 11, 2, 3, 4, 13, 14, 15, 6, 7, 8, 17, 26, 25, 34, 43, 52, 53, 62, 71, 80]
[00:00:05:04:789] ! Unidirectional s-t. expansions: 58,861, time: 304,789 [ms], path length: 44 [edges], generated: 103,205
[00:00:09:26:243] Path of length 44 found: [80, 71, 62, 53, 44, 35, 26, 17, 8, 7, 6, 15, 24, 33, 42, 41, 50, 59, 60, 69, 78, 77, 76, 75, 66, 57, 48, 47, 46, 37, 36, 27, 18, 19, 20, 29, 30, 31, 22, 13, 4, 3, 2, 1, 0]
[00:00:09:26:244] ! Unidirectional t-s. expansions: 99,670, time: 566,243 [ms], path length: 44 [edges], generated: 177,215
[00:00:05:36:409] Path of length 44 found: [0, 1, 2, 3, 4, 5, 6, 7, 8, 17, 26, 25, 24, 23, 22, 31, 30, 29, 20, 19, 18, 27, 36, 37, 46, 47, 48, 57, 66, 75, 76, 77, 78, 69, 60, 59, 50, 41, 42, 43, 44, 53, 62, 71, 80]
[00:00:05:36:924] ! Bidirectional. expansions: 53,964, time: 336,409 [ms], path length: 44 [edges], g_F: 23, g_B: 21, generated: {'F': 50,022, 'B': 51,935}, MM: 2, MMPER: 3.4444444444444446%
[00:00:05:36:924] 
---------- SM_Grids/9x9_grid_with_random_blocks_8per_2 ----------
[00:00:03:04:797] Path of length 48 found: [0, 9, 18, 27, 36, 37, 38, 39, 48, 57, 56, 55, 54, 63, 72, 73, 74, 75, 76, 67, 68, 59, 50, 51, 42, 33, 32, 31, 22, 21, 20, 11, 2, 3, 4, 5, 6, 7, 16, 25, 26, 35, 44, 53, 62, 61, 70, 79, 80]
[00:00:03:04:797] ! Unidirectional s-t. expansions: 31,835, time: 184,797 [ms], path length: 48 [edges], generated: 55,384
[00:00:04:20:078] Path of length 48 found: [80, 71, 70, 69, 78, 77, 76, 67, 58, 49, 48, 47, 56, 65, 74, 73, 72, 63, 54, 45, 36, 37, 28, 29, 30, 21, 22, 23, 32, 41, 42, 51, 52, 53, 44, 35, 26, 25, 16, 7, 6, 5, 4, 3, 2, 11, 10, 9, 0]
[00:00:04:20:078] ! Unidirectional t-s. expansions: 42,305, time: 260,078 [ms], path length: 48 [edges], generated: 76,727
[00:00:03:39:078] Path of length 48 found: [0, 9, 10, 11, 2, 3, 4, 5, 6, 7, 16, 25, 34, 35, 44, 53, 52, 51, 42, 41, 32, 23, 22, 21, 30, 29, 28, 27, 36, 45, 54, 63, 72, 73, 74, 65, 56, 47, 48, 49, 58, 67, 76, 77, 78, 69, 70, 71, 80]
[00:00:03:39:603] ! Bidirectional. expansions: 35,015, time: 219,078 [ms], path length: 48 [edges], g_F: 25, g_B: 23, generated: {'F': 31,077, 'B': 30,887}, MM: 2, MMPER: 3.0816326530612246%
[00:00:03:39:603] 
---------- SM_Grids/9x9_grid_with_random_blocks_8per_3 ----------
[00:00:10:30:933] Valid states checked so far: 200,000, Expansions: 116,862, Global best: 47
[00:00:14:53:305] Path of length 46 found: [0, 1, 10, 19, 18, 27, 36, 37, 38, 29, 30, 21, 12, 3, 4, 5, 6, 15, 16, 25, 34, 33, 32, 41, 40, 49, 48, 57, 56, 55, 54, 63, 72, 73, 74, 75, 76, 67, 68, 59, 60, 51, 52, 53, 62, 71, 80]
[00:00:14:53:305] ! Unidirectional s-t. expansions: 169,737, time: 893,305 [ms], path length: 46 [edges], generated: 289,793
[00:00:10:06:879] Valid states checked so far: 200,000, Expansions: 114,767, Global best: 45
[00:00:12:45:053] Path of length 46 found: [80, 71, 62, 53, 44, 35, 34, 25, 16, 7, 6, 5, 4, 3, 2, 11, 20, 21, 30, 31, 40, 41, 50, 51, 60, 69, 78, 77, 76, 67, 58, 57, 56, 65, 74, 73, 72, 63, 54, 45, 46, 37, 28, 27, 18, 9, 0]
[00:00:12:45:054] ! Unidirectional t-s. expansions: 145,778, time: 765,053 [ms], path length: 46 [edges], generated: 253,820
[00:00:13:31:382] Path of length 46 found: [0, 1, 2, 3, 12, 13, 14, 5, 6, 7, 16, 25, 34, 35, 44, 53, 52, 51, 50, 41, 32, 31, 30, 29, 20, 19, 18, 27, 36, 45, 54, 63, 72, 73, 74, 65, 56, 57, 58, 67, 76, 77, 78, 69, 70, 71, 80]
[00:00:13:31:927] ! Bidirectional. expansions: 142,556, time: 811,382 [ms], path length: 46 [edges], g_F: 24, g_B: 22, generated: {'F': 126,429, 'B': 124,295}, MM: 2, MMPER: 3.25531914893617%
[00:00:13:31:927] 
---------- SM_Grids/9x9_grid_with_random_blocks_8per_4 ----------
[00:00:03:40:597] Path of length 48 found: [0, 1, 2, 3, 12, 21, 20, 19, 18, 27, 36, 37, 38, 47, 56, 55, 54, 63, 72, 73, 74, 75, 76, 77, 78, 69, 60, 59, 58, 49, 40, 41, 42, 33, 24, 23, 14, 5, 6, 7, 16, 17, 26, 35, 44, 53, 62, 71, 80]
[00:00:03:40:598] ! Unidirectional s-t. expansions: 38,778, time: 220,598 [ms], path length: 48 [edges], generated: 66,543
[00:00:02:15:111] Path of length 48 found: [80, 71, 62, 53, 44, 35, 26, 17, 8, 7, 6, 5, 14, 23, 32, 33, 42, 51, 60, 69, 68, 77, 76, 75, 74, 73, 72, 63, 54, 55, 56, 57, 58, 49, 40, 39, 38, 37, 36, 27, 18, 19, 20, 21, 12, 3, 2, 1, 0]
[00:00:02:15:112] ! Unidirectional t-s. expansions: 25,420, time: 135,112 [ms], path length: 48 [edges], generated: 44,957
[00:00:03:26:133] Path of length 48 found: [0, 1, 2, 3, 12, 21, 20, 19, 18, 27, 36, 37, 38, 47, 56, 55, 54, 63, 72, 73, 74, 75, 76, 77, 78, 69, 60, 59, 58, 49, 40, 41, 32, 23, 14, 5, 6, 7, 8, 17, 26, 25, 34, 43, 44, 53, 62, 71, 80]
[00:00:03:26:594] ! Bidirectional. expansions: 38,696, time: 206,133 [ms], path length: 48 [edges], g_F: 25, g_B: 23, generated: {'F': 33,229, 'B': 32,462}, MM: 2, MMPER: 3.0816326530612246%
[00:00:03:26:594] 
---------- SM_Grids/9x9_grid_with_random_blocks_8per_5 ----------
[00:00:01:33:598] Path of length 48 found: [0, 9, 18, 27, 28, 37, 46, 45, 54, 63, 64, 65, 74, 75, 76, 77, 68, 59, 58, 57, 48, 39, 40, 41, 42, 33, 24, 23, 22, 21, 20, 11, 2, 3, 4, 5, 6, 7, 16, 17, 26, 35, 44, 53, 52, 61, 70, 79, 80]
[00:00:01:33:598] ! Unidirectional s-t. expansions: 16,872, time: 93,598 [ms], path length: 48 [edges], generated: 29,218
[00:00:02:30:487] Path of length 48 found: [80, 71, 70, 61, 52, 53, 44, 35, 26, 17, 8, 7, 6, 5, 4, 3, 2, 11, 20, 21, 22, 23, 24, 33, 42, 41, 40, 39, 48, 57, 58, 59, 68, 77, 76, 75, 74, 65, 64, 63, 54, 45, 46, 37, 28, 27, 18, 9, 0]
[00:00:02:30:488] ! Unidirectional t-s. expansions: 23,357, time: 150,488 [ms], path length: 48 [edges], generated: 42,540
[00:00:03:27:158] Path of length 48 found: [0, 9, 18, 27, 28, 37, 46, 45, 54, 63, 64, 65, 74, 75, 76, 77, 68, 59, 58, 57, 48, 39, 40, 41, 42, 33, 24, 23, 22, 21, 20, 11, 2, 3, 4, 5, 6, 7, 8, 17, 26, 35, 44, 53, 52, 61, 70, 71, 80]
[00:00:03:27:683] ! Bidirectional. expansions: 34,114, time: 207,158 [ms], path length: 48 [edges], g_F: 25, g_B: 23, generated: {'F': 30,536, 'B': 29,382}, MM: 2, MMPER: 3.0816326530612246%
[00:00:03:27:683] 
---------- SM_Grids/9x9_grid_with_random_blocks_8per_6 ----------
[00:00:03:47:261] Path of length 48 found: [0, 9, 18, 27, 36, 37, 38, 29, 20, 11, 2, 3, 4, 13, 22, 23, 24, 15, 6, 7, 8, 17, 26, 35, 34, 43, 42, 41, 40, 49, 48, 57, 56, 55, 54, 63, 72, 73, 74, 75, 76, 67, 68, 59, 60, 61, 70, 79, 80]
[00:00:03:47:261] ! Unidirectional s-t. expansions: 38,733, time: 227,261 [ms], path length: 48 [edges], generated: 67,438
[00:00:03:59:879] Path of length 48 found: [80, 79, 70, 61, 60, 59, 68, 67, 76, 75, 74, 73, 72, 63, 54, 55, 56, 57, 48, 49, 40, 41, 42, 43, 34, 35, 26, 17, 8, 7, 6, 15, 24, 23, 22, 13, 4, 3, 2, 11, 20, 29, 38, 37, 36, 27, 18, 9, 0]
[00:00:03:59:879] ! Unidirectional t-s. expansions: 38,969, time: 239,879 [ms], path length: 48 [edges], generated: 70,752
[00:00:05:29:794] Path of length 48 found: [0, 9, 18, 27, 36, 37, 38, 29, 20, 11, 2, 3, 4, 13, 22, 23, 24, 15, 6, 7, 8, 17, 26, 35, 34, 43, 42, 41, 40, 49, 48, 57, 56, 55, 54, 63, 72, 73, 74, 75, 76, 67, 68, 69, 60, 61, 62, 71, 80]
[00:00:05:30:312] ! Bidirectional. expansions: 58,229, time: 329,794 [ms], path length: 48 [edges], g_F: 25, g_B: 23, generated: {'F': 50,161, 'B': 46,501}, MM: 2, MMPER: 3.0816326530612246%
[00:00:05:30:312] 
---------- SM_Grids/9x9_grid_with_random_blocks_8per_7 ----------
[00:00:06:14:233] Path of length 48 found: [0, 9, 10, 11, 2, 3, 4, 13, 14, 15, 6, 7, 8, 17, 26, 25, 34, 43, 44, 53, 62, 61, 60, 51, 50, 41, 32, 31, 30, 29, 28, 27, 36, 45, 54, 63, 72, 73, 74, 65, 56, 57, 58, 67, 76, 77, 78, 79, 80]
[00:00:06:14:234] ! Unidirectional s-t. expansions: 60,849, time: 374,233 [ms], path length: 48 [edges], generated: 113,591
[00:00:04:10:479] Path of length 48 found: [80, 79, 78, 77, 68, 67, 58, 57, 56, 65, 74, 73, 72, 63, 54, 45, 46, 37, 38, 29, 30, 31, 40, 41, 50, 51, 60, 61, 62, 53, 44, 43, 34, 25, 26, 17, 8, 7, 6, 15, 14, 13, 4, 3, 2, 11, 10, 9, 0]
[00:00:04:10:479] ! Unidirectional t-s. expansions: 47,056, time: 250,479 [ms], path length: 48 [edges], generated: 78,343
[00:00:06:03:924] Path of length 48 found: [0, 9, 10, 11, 2, 3, 4, 13, 14, 15, 6, 7, 8, 17, 26, 25, 34, 43, 44, 53, 62, 61, 60, 51, 50, 41, 40, 39, 38, 29, 28, 27, 36, 45, 54, 63, 72, 73, 74, 65, 56, 57, 58, 67, 68, 77, 78, 79, 80]
[00:00:06:04:441] ! Bidirectional. expansions: 62,310, time: 363,924 [ms], path length: 48 [edges], g_F: 25, g_B: 23, generated: {'F': 51,565, 'B': 56,820}, MM: 2, MMPER: 3.0816326530612246%
[00:00:06:04:441] 
---------- SM_Grids/9x9_grid_with_random_blocks_8per_8 ----------
[00:00:00:55:828] Path of length 50 found: [0, 9, 18, 27, 36, 37, 46, 55, 54, 63, 72, 73, 74, 65, 66, 67, 76, 77, 78, 69, 60, 59, 50, 49, 48, 39, 30, 29, 20, 11, 2, 3, 4, 13, 22, 23, 24, 15, 6, 7, 8, 17, 26, 35, 34, 43, 52, 53, 62, 71, 80]
[00:00:00:55:828] ! Unidirectional s-t. expansions: 9,057, time: 55,828 [ms], path length: 50 [edges], generated: 15,316
[00:00:01:21:774] Path of length 50 found: [80, 79, 78, 77, 76, 67, 66, 65, 74, 73, 72, 63, 54, 55, 46, 37, 36, 27, 18, 19, 20, 29, 30, 39, 48, 49, 50, 59, 60, 61, 62, 53, 44, 43, 42, 33, 24, 25, 26, 17, 8, 7, 6, 5, 14, 13, 12, 3, 2, 1, 0]
[00:00:01:21:775] ! Unidirectional t-s. expansions: 14,099, time: 81,774 [ms], path length: 50 [edges], generated: 22,493
[00:00:01:22:407] Path of length 50 found: [0, 9, 18, 27, 36, 37, 46, 55, 54, 63, 72, 73, 74, 65, 66, 67, 76, 77, 78, 69, 60, 59, 50, 49, 48, 39, 30, 29, 20, 11, 2, 3, 4, 13, 22, 23, 24, 15, 6, 7, 8, 17, 26, 35, 34, 43, 52, 53, 62, 71, 80]
[00:00:01:22:917] ! Bidirectional. expansions: 12,334, time: 82,407 [ms], path length: 50 [edges], g_F: 26, g_B: 24, generated: {'F': 10,730, 'B': 10,791}, MM: 2, MMPER: 2.9215686274509802%
[00:00:01:22:917] 
---------- SM_Grids/9x9_grid_with_random_blocks_8per_9 ----------
[00:00:07:39:965] Path of length 46 found: [0, 9, 18, 27, 36, 45, 54, 55, 64, 73, 74, 75, 66, 67, 68, 59, 60, 51, 42, 33, 24, 23, 22, 31, 40, 49, 48, 47, 38, 29, 20, 11, 2, 3, 4, 5, 6, 7, 16, 17, 26, 35, 44, 53, 62, 71, 80]
[00:00:07:39:965] ! Unidirectional s-t. expansions: 81,124, time: 459,965 [ms], path length: 46 [edges], generated: 145,227
[00:00:02:27:476] Path of length 46 found: [80, 79, 78, 77, 68, 59, 58, 57, 66, 75, 74, 73, 64, 55, 46, 45, 36, 27, 18, 19, 20, 29, 38, 39, 40, 31, 22, 23, 24, 33, 42, 51, 52, 53, 44, 35, 26, 17, 8, 7, 6, 5, 4, 3, 2, 1, 0]
[00:00:02:27:476] ! Unidirectional t-s. expansions: 25,811, time: 147,476 [ms], path length: 46 [edges], generated: 47,156
[00:00:03:02:396] Path of length 46 found: [0, 9, 18, 19, 20, 11, 2, 3, 4, 5, 6, 7, 8, 17, 26, 35, 44, 53, 52, 51, 42, 33, 24, 23, 22, 31, 30, 39, 38, 37, 36, 45, 54, 55, 64, 73, 74, 75, 66, 57, 58, 59, 68, 77, 78, 79, 80]
[00:00:03:02:887] ! Bidirectional. expansions: 30,919, time: 182,396 [ms], path length: 46 [edges], g_F: 24, g_B: 22, generated: {'F': 27,892, 'B': 27,763}, MM: 2, MMPER: 3.25531914893617%
[00:00:03:02:887] average expansions: (54,986, 52,814, 55,717, 0)
[00:00:03:02:887] average time: (307,002, 295,947, 322,345, 0)
[00:00:03:02:887] XIDA: 52,814 , 295,947 (expansions , time[ms])
[00:00:03:02:887] BiXIDA: 55,717 , 322,345 (expansions , time[ms])

