--------------------------
date: SM_Grids
number_of_graphs: 10
graph_type: grid
size_of_graphs: [7, 8]
heuristic: bcc_heuristic
snake: False
run_uni: True
run_bi: True
run_multi: False
solution_vertices: []
algorithms: ['IDA']
lookahead: 2
bsd: False
cube_first_dims: 4
cube_buffer_dim: None
backward_sym_generation: False
sym_coil: False
prefix_set: None

---------- SM_Grids/7x8_grid_with_random_blocks_12per_0 ----------
[00:00:00:13:829] Path of length 47 found: [0, 1, 2, 10, 18, 17, 16, 24, 32, 40, 48, 49, 41, 33, 25, 26, 34, 42, 50, 51, 43, 44, 45, 37, 29, 21, 13, 12, 20, 28, 27, 19, 11, 3, 4, 5, 6, 7, 15, 14, 22, 23, 31, 30, 38, 46, 47, 55]
[00:00:00:13:829] ! Unidirectional s-t. expansions: 10,518, time: 13,829 [ms], path length: 47 [edges], generated: 48,822
[00:00:00:03:940] Path of length 47 found: [55, 47, 39, 31, 23, 15, 7, 6, 5, 4, 3, 11, 19, 27, 28, 20, 12, 13, 14, 22, 21, 29, 30, 38, 37, 45, 44, 43, 51, 50, 42, 34, 26, 25, 33, 41, 49, 48, 40, 32, 24, 16, 17, 18, 10, 2, 1, 0]
[00:00:00:03:940] ! Unidirectional t-s. expansions: 2,704, time: 3,940 [ms], path length: 47 [edges], generated: 12,051
[00:00:00:07:241] Path of length 47 found: [0, 1, 2, 10, 18, 17, 16, 24, 32, 40, 48, 49, 41, 33, 25, 26, 34, 42, 50, 51, 43, 44, 45, 37, 38, 30, 29, 21, 22, 14, 13, 12, 20, 28, 27, 19, 11, 3, 4, 5, 6, 7, 15, 23, 31, 39, 47, 55]
[00:00:00:07:683] ! Bidirectional. expansions: 7,248, time: 7,241 [ms], path length: 47 [edges], g_F: 24, g_B: 23, generated: {'F': 12,592, 'B': 13,120}, MM: 1, MMPER: 1.0833333333333335%
[00:00:00:07:683] 
---------- SM_Grids/7x8_grid_with_random_blocks_12per_1 ----------
[00:00:00:04:774] Path of length 47 found: [0, 8, 16, 24, 32, 40, 41, 33, 25, 17, 9, 10, 2, 3, 11, 19, 18, 26, 34, 42, 50, 51, 43, 35, 27, 28, 20, 21, 13, 12, 4, 5, 6, 14, 15, 23, 22, 30, 38, 37, 36, 44, 45, 53, 54, 46, 47, 55]
[00:00:00:04:775] ! Unidirectional s-t. expansions: 2,804, time: 4,775 [ms], path length: 47 [edges], generated: 12,612
[00:00:00:00:060] Path of length 47 found: [55, 47, 39, 38, 46, 54, 53, 45, 37, 36, 44, 43, 51, 50, 42, 34, 35, 27, 28, 20, 12, 13, 21, 22, 23, 15, 14, 6, 5, 4, 3, 2, 10, 11, 19, 18, 26, 25, 33, 41, 40, 32, 24, 16, 17, 9, 8, 0]
[00:00:00:00:061] ! Unidirectional t-s. expansions: 28, time: 60 [ms], path length: 47 [edges], generated: 122
[00:00:00:00:166] Path of length 47 found: [0, 8, 16, 24, 32, 40, 41, 33, 25, 26, 18, 17, 9, 10, 2, 3, 4, 5, 6, 14, 15, 23, 22, 21, 13, 12, 11, 19, 20, 28, 27, 35, 34, 42, 50, 51, 43, 44, 36, 37, 45, 53, 54, 46, 38, 39, 47, 55]
[00:00:00:00:538] ! Bidirectional. expansions: 93, time: 166 [ms], path length: 47 [edges], g_F: 24, g_B: 23, generated: {'F': 197, 'B': 173}, MM: 1, MMPER: 1.0833333333333335%
[00:00:00:00:538] 
---------- SM_Grids/7x8_grid_with_random_blocks_12per_2 ----------
[00:00:00:09:157] Path of length 45 found: [0, 8, 16, 24, 32, 40, 48, 49, 41, 33, 34, 26, 18, 17, 9, 1, 2, 10, 11, 3, 4, 5, 13, 21, 22, 14, 6, 7, 15, 23, 31, 39, 38, 37, 29, 28, 20, 19, 27, 35, 43, 44, 52, 53, 54, 55]
[00:00:00:09:157] ! Unidirectional s-t. expansions: 5,615, time: 9,157 [ms], path length: 45 [edges], generated: 23,865
[00:00:00:01:147] Path of length 45 found: [55, 47, 39, 31, 23, 15, 7, 6, 5, 13, 14, 22, 21, 29, 37, 45, 53, 52, 44, 43, 35, 36, 28, 20, 19, 27, 26, 34, 33, 41, 49, 48, 40, 32, 24, 16, 8, 9, 17, 18, 10, 11, 3, 2, 1, 0]
[00:00:00:01:147] ! Unidirectional t-s. expansions: 491, time: 1,147 [ms], path length: 45 [edges], generated: 2,554
[00:00:00:01:731] Path of length 45 found: [0, 8, 9, 1, 2, 10, 11, 3, 4, 5, 13, 21, 22, 14, 6, 7, 15, 23, 31, 39, 38, 37, 29, 28, 20, 19, 18, 17, 16, 24, 32, 40, 48, 49, 41, 33, 34, 26, 27, 35, 43, 44, 52, 53, 54, 55]
[00:00:00:02:139] ! Bidirectional. expansions: 1,490, time: 1,731 [ms], path length: 45 [edges], g_F: 23, g_B: 22, generated: {'F': 2,556, 'B': 2,693}, MM: 1, MMPER: 1.1739130434782608%
[00:00:00:02:140] 
---------- SM_Grids/7x8_grid_with_random_blocks_12per_3 ----------
[00:00:00:47:696] Path of length 45 found: [0, 8, 16, 24, 32, 33, 25, 17, 9, 1, 2, 10, 11, 3, 4, 5, 6, 14, 22, 21, 20, 19, 27, 26, 34, 42, 41, 49, 50, 51, 43, 35, 36, 44, 52, 53, 45, 37, 29, 30, 31, 39, 38, 46, 47, 55]
[00:00:00:47:697] ! Unidirectional s-t. expansions: 28,124, time: 47,696 [ms], path length: 45 [edges], generated: 147,868
[00:00:00:44:798] Path of length 45 found: [55, 47, 39, 31, 30, 22, 14, 6, 5, 4, 3, 2, 10, 11, 12, 20, 19, 27, 35, 43, 44, 36, 28, 29, 37, 38, 46, 45, 53, 52, 51, 50, 49, 41, 42, 34, 26, 25, 33, 32, 24, 16, 17, 9, 1, 0]
[00:00:00:44:798] ! Unidirectional t-s. expansions: 33,125, time: 44,798 [ms], path length: 45 [edges], generated: 133,299
[00:00:00:30:851] Path of length 45 found: [0, 8, 16, 24, 32, 33, 41, 49, 50, 42, 34, 35, 36, 44, 43, 51, 52, 53, 45, 46, 38, 37, 29, 28, 20, 12, 11, 19, 27, 26, 25, 17, 9, 1, 2, 3, 4, 5, 6, 14, 22, 30, 31, 39, 47, 55]
[00:00:00:31:249] ! Bidirectional. expansions: 31,431, time: 30,851 [ms], path length: 45 [edges], g_F: 23, g_B: 22, generated: {'F': 61,212, 'B': 59,961}, MM: 1, MMPER: 1.1739130434782608%
[00:00:00:31:250] 
---------- SM_Grids/7x8_grid_with_random_blocks_12per_4 ----------
[00:00:00:27:338] Path of length 45 found: [0, 1, 2, 10, 9, 17, 16, 24, 25, 33, 32, 40, 48, 49, 41, 42, 34, 35, 43, 51, 52, 53, 45, 37, 36, 28, 27, 19, 11, 12, 20, 21, 13, 5, 6, 7, 15, 23, 22, 30, 31, 39, 38, 46, 54, 55]
[00:00:00:27:338] ! Unidirectional s-t. expansions: 18,305, time: 27,338 [ms], path length: 45 [edges], generated: 79,910
[00:00:01:00:462] Path of length 45 found: [55, 47, 39, 31, 23, 15, 7, 6, 5, 4, 12, 13, 21, 22, 30, 38, 37, 45, 46, 54, 53, 52, 51, 43, 42, 50, 49, 48, 40, 32, 24, 16, 17, 25, 33, 34, 35, 36, 28, 20, 19, 11, 10, 2, 1, 0]
[00:00:01:00:462] ! Unidirectional t-s. expansions: 41,287, time: 60,462 [ms], path length: 45 [edges], generated: 186,059
[00:00:00:38:826] Path of length 45 found: [0, 1, 2, 10, 9, 17, 18, 19, 11, 12, 20, 28, 27, 35, 34, 33, 25, 24, 32, 40, 48, 49, 41, 42, 43, 51, 52, 53, 54, 46, 45, 37, 38, 30, 22, 21, 13, 5, 6, 7, 15, 23, 31, 39, 47, 55]
[00:00:00:39:226] ! Bidirectional. expansions: 38,305, time: 38,826 [ms], path length: 45 [edges], g_F: 23, g_B: 22, generated: {'F': 68,273, 'B': 64,671}, MM: 1, MMPER: 1.1739130434782608%
[00:00:00:39:226] 
---------- SM_Grids/7x8_grid_with_random_blocks_12per_5 ----------
[00:00:00:46:654] Path of length 45 found: [0, 8, 16, 17, 9, 1, 2, 10, 18, 26, 25, 33, 32, 40, 48, 49, 50, 51, 52, 53, 45, 46, 38, 30, 29, 21, 13, 12, 20, 28, 36, 35, 27, 19, 11, 3, 4, 5, 6, 14, 22, 23, 31, 39, 47, 55]
[00:00:00:46:654] ! Unidirectional s-t. expansions: 24,904, time: 46,654 [ms], path length: 45 [edges], generated: 116,262
[00:00:00:14:589] Path of length 45 found: [55, 47, 39, 31, 23, 22, 14, 6, 5, 4, 3, 2, 1, 9, 10, 18, 26, 34, 35, 36, 28, 27, 19, 11, 12, 20, 21, 29, 30, 38, 46, 45, 53, 52, 51, 50, 49, 48, 40, 32, 33, 25, 17, 16, 8, 0]
[00:00:00:14:589] ! Unidirectional t-s. expansions: 8,223, time: 14,589 [ms], path length: 45 [edges], generated: 39,711
[00:00:00:24:273] Path of length 45 found: [0, 8, 16, 17, 9, 1, 2, 10, 18, 26, 27, 19, 11, 3, 4, 12, 20, 28, 36, 35, 34, 33, 32, 40, 48, 49, 50, 51, 52, 53, 45, 46, 38, 30, 29, 21, 13, 5, 6, 14, 22, 23, 31, 39, 47, 55]
[00:00:00:24:641] ! Bidirectional. expansions: 22,519, time: 24,273 [ms], path length: 45 [edges], g_F: 23, g_B: 22, generated: {'F': 43,328, 'B': 41,192}, MM: 1, MMPER: 1.1739130434782608%
[00:00:00:24:641] 
---------- SM_Grids/7x8_grid_with_random_blocks_12per_6 ----------
[00:00:00:00:051] Path of length 47 found: [0, 8, 9, 17, 18, 10, 2, 3, 11, 19, 27, 26, 34, 33, 32, 40, 48, 49, 41, 42, 50, 51, 43, 35, 36, 28, 20, 21, 29, 37, 45, 44, 52, 53, 54, 46, 38, 30, 22, 14, 6, 7, 15, 23, 31, 39, 47, 55]
[00:00:00:00:051] ! Unidirectional s-t. expansions: 23, time: 51 [ms], path length: 47 [edges], generated: 116
[00:00:00:00:105] Path of length 47 found: [55, 47, 39, 31, 23, 15, 7, 6, 14, 22, 21, 20, 28, 36, 35, 43, 44, 45, 37, 29, 30, 38, 46, 54, 53, 52, 51, 50, 42, 41, 49, 48, 40, 32, 33, 34, 26, 27, 19, 11, 3, 2, 10, 18, 17, 9, 8, 0]
[00:00:00:00:105] ! Unidirectional t-s. expansions: 47, time: 105 [ms], path length: 47 [edges], generated: 251
[00:00:00:00:032] Path of length 47 found: [0, 8, 9, 17, 18, 10, 2, 3, 11, 19, 27, 26, 34, 33, 32, 40, 48, 49, 41, 42, 50, 51, 52, 53, 54, 46, 38, 30, 29, 37, 45, 44, 43, 35, 36, 28, 20, 21, 22, 14, 6, 7, 15, 23, 31, 39, 47, 55]
[00:00:00:00:395] ! Bidirectional. expansions: 23, time: 32 [ms], path length: 47 [edges], g_F: 24, g_B: 23, generated: {'F': 39, 'B': 45}, MM: 1, MMPER: 1.0833333333333335%
[00:00:00:00:395] 
---------- SM_Grids/7x8_grid_with_random_blocks_12per_7 ----------
[00:00:00:00:070] Path of length 47 found: [0, 8, 9, 1, 2, 10, 18, 17, 25, 33, 41, 49, 50, 42, 34, 26, 27, 35, 43, 51, 52, 44, 36, 28, 20, 19, 11, 3, 4, 12, 13, 5, 6, 14, 15, 23, 31, 30, 29, 37, 45, 53, 54, 46, 38, 39, 47, 55]
[00:00:00:00:070] ! Unidirectional s-t. expansions: 29, time: 70 [ms], path length: 47 [edges], generated: 158
[00:00:00:00:327] Path of length 47 found: [55, 47, 39, 31, 23, 15, 14, 6, 5, 13, 12, 4, 3, 11, 19, 20, 28, 27, 26, 34, 42, 43, 35, 36, 44, 45, 37, 29, 30, 38, 46, 54, 53, 52, 51, 50, 49, 41, 33, 25, 17, 18, 10, 2, 1, 9, 8, 0]
[00:00:00:00:327] ! Unidirectional t-s. expansions: 187, time: 327 [ms], path length: 47 [edges], generated: 1,021
[00:00:00:00:031] Path of length 47 found: [0, 8, 9, 1, 2, 10, 18, 17, 25, 33, 41, 49, 50, 42, 34, 26, 27, 35, 43, 51, 52, 53, 54, 46, 38, 30, 29, 37, 45, 44, 36, 28, 20, 19, 11, 3, 4, 12, 13, 5, 6, 14, 15, 23, 31, 39, 47, 55]
[00:00:00:00:388] ! Bidirectional. expansions: 23, time: 31 [ms], path length: 47 [edges], g_F: 24, g_B: 23, generated: {'F': 45, 'B': 44}, MM: 1, MMPER: 1.0833333333333335%
[00:00:00:00:389] 
---------- SM_Grids/7x8_grid_with_random_blocks_12per_8 ----------
[00:00:00:10:039] Path of length 47 found: [0, 8, 16, 24, 32, 33, 34, 26, 18, 17, 9, 1, 2, 10, 11, 3, 4, 12, 20, 19, 27, 35, 43, 42, 50, 51, 52, 44, 36, 28, 29, 21, 13, 5, 6, 7, 15, 14, 22, 30, 31, 39, 47, 46, 45, 53, 54, 55]
[00:00:00:10:039] ! Unidirectional s-t. expansions: 5,321, time: 10,039 [ms], path length: 47 [edges], generated: 28,672
[00:00:00:25:654] Path of length 47 found: [55, 47, 39, 31, 30, 22, 14, 15, 7, 6, 5, 4, 3, 2, 10, 18, 26, 27, 19, 11, 12, 13, 21, 20, 28, 29, 37, 36, 35, 43, 44, 45, 46, 54, 53, 52, 51, 50, 42, 34, 33, 32, 24, 16, 17, 9, 1, 0]
[00:00:00:25:654] ! Unidirectional t-s. expansions: 19,098, time: 25,654 [ms], path length: 47 [edges], generated: 79,677
[00:00:00:13:316] Path of length 47 found: [0, 8, 16, 24, 32, 33, 34, 26, 18, 17, 9, 1, 2, 10, 11, 3, 4, 12, 20, 19, 27, 28, 36, 35, 43, 42, 50, 51, 52, 53, 54, 46, 45, 37, 29, 21, 13, 5, 6, 7, 15, 14, 22, 30, 31, 39, 47, 55]
[00:00:00:13:708] ! Bidirectional. expansions: 13,639, time: 13,316 [ms], path length: 47 [edges], g_F: 24, g_B: 23, generated: {'F': 25,494, 'B': 25,401}, MM: 1, MMPER: 1.0833333333333335%
[00:00:00:13:708] 
---------- SM_Grids/7x8_grid_with_random_blocks_12per_9 ----------
[00:00:00:00:826] Path of length 47 found: [0, 8, 16, 24, 32, 40, 48, 49, 41, 33, 25, 17, 18, 10, 2, 3, 11, 19, 27, 26, 34, 42, 50, 51, 43, 35, 36, 28, 29, 21, 20, 12, 13, 5, 6, 7, 15, 14, 22, 23, 31, 30, 38, 39, 47, 46, 54, 55]
[00:00:00:00:826] ! Unidirectional s-t. expansions: 310, time: 826 [ms], path length: 47 [edges], generated: 1,719
[00:00:00:00:507] Path of length 47 found: [55, 54, 46, 47, 39, 38, 30, 31, 23, 15, 7, 6, 5, 13, 14, 22, 21, 29, 28, 20, 12, 11, 3, 2, 10, 18, 19, 27, 26, 34, 35, 36, 44, 43, 51, 50, 42, 41, 49, 48, 40, 32, 33, 25, 17, 16, 8, 0]
[00:00:00:00:507] ! Unidirectional t-s. expansions: 358, time: 507 [ms], path length: 47 [edges], generated: 1,567
[00:00:00:00:566] Path of length 47 found: [0, 8, 16, 24, 32, 40, 48, 49, 41, 42, 50, 51, 43, 44, 36, 28, 29, 21, 20, 19, 27, 35, 34, 26, 25, 17, 18, 10, 2, 3, 11, 12, 13, 5, 6, 7, 15, 14, 22, 23, 31, 30, 38, 39, 47, 46, 54, 55]
[00:00:00:00:929] ! Bidirectional. expansions: 568, time: 566 [ms], path length: 47 [edges], g_F: 24, g_B: 23, generated: {'F': 1,016, 'B': 1,011}, MM: 1, MMPER: 1.0833333333333335%
[00:00:00:00:929] average expansions: (9,595, 10,555, 11,534, 0)
[00:00:00:00:929] average time: (16,044, 15,159, 11,703, 0)
[00:00:00:00:929] XIDA: 9,595 , 15,159 (expansions , time[ms])
[00:00:00:00:929] BiXIDA: 11,534 , 11,703 (expansions , time[ms])

