--------------------------
date: SM_Grids
number_of_graphs: 10
graph_type: grid
size_of_graphs: [7, 8]
heuristic: bcc_heuristic
snake: False
run_uni: True
run_bi: True
run_multi: False
solution_vertices: []
algorithms: ['IDA']
lookahead: 2
bsd: False
cube_first_dims: 4
cube_buffer_dim: None
backward_sym_generation: False
sym_coil: False
prefix_set: None

---------- SM_Grids/7x8_grid_with_random_blocks_16per_0 ----------
[00:00:00:00:929] Path of length 43 found: [0, 1, 2, 3, 4, 5, 13, 12, 20, 19, 18, 17, 25, 24, 32, 33, 41, 40, 48, 49, 50, 42, 43, 51, 52, 44, 36, 35, 27, 28, 29, 30, 22, 14, 15, 23, 31, 39, 47, 46, 45, 53, 54, 55]
[00:00:00:00:929] ! Unidirectional s-t. expansions: 523, time: 929 [ms], path length: 43 [edges], generated: 2,790
[00:00:00:07:796] Path of length 43 found: [55, 47, 39, 31, 23, 15, 14, 22, 30, 29, 28, 27, 35, 43, 44, 36, 37, 45, 46, 54, 53, 52, 51, 50, 42, 41, 49, 48, 40, 32, 24, 25, 26, 18, 19, 20, 12, 13, 5, 4, 3, 2, 1, 0]
[00:00:00:07:796] ! Unidirectional t-s. expansions: 4,925, time: 7,796 [ms], path length: 43 [edges], generated: 20,891
[00:00:00:01:428] Path of length 43 found: [0, 1, 2, 3, 4, 5, 13, 12, 20, 19, 18, 17, 25, 24, 32, 33, 41, 40, 48, 49, 50, 42, 43, 44, 52, 53, 54, 46, 45, 37, 36, 35, 27, 28, 29, 30, 22, 14, 15, 23, 31, 39, 47, 55]
[00:00:00:01:832] ! Bidirectional. expansions: 1,332, time: 1,428 [ms], path length: 43 [edges], g_F: 22, g_B: 21, generated: {'F': 2,413, 'B': 2,403}, MM: 1, MMPER: 1.272727272727273%
[00:00:00:01:833] 
---------- SM_Grids/7x8_grid_with_random_blocks_16per_1 ----------
[00:00:00:00:046] Path of length 39 found: [0, 1, 9, 8, 16, 17, 25, 26, 18, 10, 11, 19, 27, 35, 34, 42, 43, 51, 52, 44, 36, 28, 20, 12, 13, 14, 22, 21, 29, 37, 45, 53, 54, 46, 38, 30, 31, 39, 47, 55]
[00:00:00:00:046] ! Unidirectional s-t. expansions: 19, time: 46 [ms], path length: 39 [edges], generated: 106
[00:00:00:00:049] Path of length 39 found: [55, 47, 39, 31, 30, 22, 14, 13, 12, 11, 10, 18, 19, 27, 35, 36, 28, 20, 21, 29, 37, 38, 46, 54, 53, 45, 44, 52, 51, 43, 42, 34, 26, 25, 17, 16, 8, 9, 1, 0]
[00:00:00:00:049] ! Unidirectional t-s. expansions: 19, time: 49 [ms], path length: 39 [edges], generated: 108
[00:00:00:00:028] Path of length 39 found: [0, 1, 9, 8, 16, 17, 25, 26, 18, 10, 11, 19, 27, 35, 34, 42, 43, 51, 52, 53, 54, 46, 38, 37, 45, 44, 36, 28, 29, 21, 20, 12, 13, 14, 22, 30, 31, 39, 47, 55]
[00:00:00:00:404] ! Bidirectional. expansions: 19, time: 29 [ms], path length: 39 [edges], g_F: 20, g_B: 19, generated: {'F': 35, 'B': 39}, MM: 1, MMPER: 1.5%
[00:00:00:00:404] 
---------- SM_Grids/7x8_grid_with_random_blocks_16per_2 ----------
[00:00:00:00:793] Path of length 43 found: [0, 8, 16, 24, 32, 40, 48, 49, 50, 51, 52, 44, 43, 35, 27, 26, 34, 33, 25, 17, 9, 1, 2, 3, 11, 12, 4, 5, 13, 14, 6, 7, 15, 23, 22, 21, 20, 28, 29, 37, 38, 39, 47, 55]
[00:00:00:00:793] ! Unidirectional s-t. expansions: 463, time: 793 [ms], path length: 43 [edges], generated: 1,932
[00:00:00:00:447] Path of length 43 found: [55, 47, 39, 38, 37, 29, 21, 13, 14, 22, 23, 15, 7, 6, 5, 4, 3, 11, 12, 20, 28, 27, 26, 18, 17, 25, 33, 34, 35, 43, 44, 52, 51, 50, 49, 41, 40, 32, 24, 16, 8, 9, 1, 0]
[00:00:00:00:447] ! Unidirectional t-s. expansions: 227, time: 447 [ms], path length: 43 [edges], generated: 1,056
[00:00:00:00:691] Path of length 43 found: [0, 8, 16, 24, 32, 40, 48, 49, 50, 51, 52, 44, 43, 35, 27, 26, 34, 33, 25, 17, 9, 1, 2, 3, 11, 12, 4, 5, 6, 7, 15, 23, 22, 14, 13, 21, 20, 28, 29, 37, 38, 39, 47, 55]
[00:00:00:01:097] ! Bidirectional. expansions: 583, time: 691 [ms], path length: 43 [edges], g_F: 22, g_B: 21, generated: {'F': 951, 'B': 1,061}, MM: 1, MMPER: 1.272727272727273%
[00:00:00:01:097] 
---------- SM_Grids/7x8_grid_with_random_blocks_16per_3 ----------
[00:00:00:03:905] Path of length 43 found: [0, 1, 9, 17, 16, 24, 32, 40, 48, 49, 41, 33, 34, 42, 50, 51, 43, 44, 52, 53, 45, 46, 38, 30, 22, 21, 29, 28, 27, 19, 18, 10, 2, 3, 11, 12, 13, 14, 15, 23, 31, 39, 47, 55]
[00:00:00:03:905] ! Unidirectional s-t. expansions: 2,087, time: 3,905 [ms], path length: 43 [edges], generated: 9,428
[00:00:00:05:736] Path of length 43 found: [55, 47, 39, 31, 23, 15, 14, 13, 12, 4, 3, 11, 19, 27, 28, 20, 21, 29, 30, 38, 46, 45, 53, 52, 44, 43, 51, 50, 42, 34, 33, 41, 49, 48, 40, 32, 24, 16, 17, 18, 10, 2, 1, 0]
[00:00:00:05:736] ! Unidirectional t-s. expansions: 3,267, time: 5,736 [ms], path length: 43 [edges], generated: 16,785
[00:00:00:09:252] Path of length 43 found: [0, 1, 9, 17, 16, 24, 32, 40, 48, 49, 41, 33, 34, 42, 50, 51, 52, 53, 45, 44, 36, 28, 27, 19, 18, 10, 2, 3, 4, 12, 13, 21, 29, 30, 22, 14, 15, 23, 31, 39, 38, 46, 47, 55]
[00:00:00:09:669] ! Bidirectional. expansions: 7,960, time: 9,252 [ms], path length: 43 [edges], g_F: 22, g_B: 21, generated: {'F': 14,350, 'B': 15,335}, MM: 1, MMPER: 1.272727272727273%
[00:00:00:09:669] 
---------- SM_Grids/7x8_grid_with_random_blocks_16per_4 ----------
[00:00:00:00:047] Path of length 47 found: [0, 8, 16, 24, 32, 40, 48, 49, 41, 33, 25, 17, 9, 1, 2, 3, 11, 19, 18, 26, 34, 42, 50, 51, 43, 35, 36, 28, 20, 12, 13, 5, 6, 14, 22, 30, 31, 39, 38, 37, 45, 44, 52, 53, 54, 46, 47, 55]
[00:00:00:00:047] ! Unidirectional s-t. expansions: 23, time: 47 [ms], path length: 47 [edges], generated: 105
[00:00:00:00:045] Path of length 47 found: [55, 47, 39, 31, 30, 22, 14, 6, 5, 13, 12, 11, 3, 2, 1, 9, 17, 25, 33, 41, 42, 34, 26, 18, 19, 20, 28, 36, 35, 43, 44, 45, 37, 38, 46, 54, 53, 52, 51, 50, 49, 48, 40, 32, 24, 16, 8, 0]
[00:00:00:00:045] ! Unidirectional t-s. expansions: 23, time: 45 [ms], path length: 47 [edges], generated: 99
[00:00:00:00:029] Path of length 47 found: [0, 8, 16, 24, 32, 40, 48, 49, 41, 33, 25, 17, 9, 1, 2, 3, 11, 19, 18, 26, 34, 42, 50, 51, 52, 53, 54, 46, 38, 37, 45, 44, 43, 35, 36, 28, 20, 12, 13, 5, 6, 14, 22, 30, 31, 39, 47, 55]
[00:00:00:00:410] ! Bidirectional. expansions: 24, time: 29 [ms], path length: 47 [edges], g_F: 24, g_B: 23, generated: {'F': 40, 'B': 40}, MM: 1, MMPER: 1.0833333333333335%
[00:00:00:00:410] 
---------- SM_Grids/7x8_grid_with_random_blocks_16per_5 ----------
[00:00:00:04:229] Path of length 45 found: [0, 8, 16, 17, 9, 1, 2, 10, 18, 26, 34, 33, 32, 40, 41, 49, 50, 42, 43, 35, 27, 19, 11, 3, 4, 12, 20, 28, 29, 21, 13, 5, 6, 14, 15, 23, 31, 30, 38, 37, 45, 44, 52, 53, 54, 55]
[00:00:00:04:229] ! Unidirectional s-t. expansions: 2,138, time: 4,229 [ms], path length: 45 [edges], generated: 10,428
[00:00:00:00:604] Path of length 45 found: [55, 54, 53, 52, 44, 45, 37, 29, 30, 38, 39, 31, 23, 15, 7, 6, 14, 13, 5, 4, 3, 2, 1, 9, 10, 11, 12, 20, 28, 27, 35, 43, 42, 50, 49, 41, 40, 32, 33, 34, 26, 18, 17, 16, 8, 0]
[00:00:00:00:604] ! Unidirectional t-s. expansions: 330, time: 604 [ms], path length: 45 [edges], generated: 1,496
[00:00:00:01:326] Path of length 45 found: [0, 8, 16, 17, 9, 1, 2, 10, 18, 26, 34, 33, 32, 40, 41, 49, 50, 42, 43, 35, 27, 28, 20, 19, 11, 3, 4, 5, 13, 14, 6, 7, 15, 23, 31, 39, 38, 30, 29, 37, 45, 44, 52, 53, 54, 55]
[00:00:00:01:709] ! Bidirectional. expansions: 1,265, time: 1,326 [ms], path length: 45 [edges], g_F: 23, g_B: 22, generated: {'F': 2,238, 'B': 2,102}, MM: 1, MMPER: 1.1739130434782608%
[00:00:00:01:709] 
---------- SM_Grids/7x8_grid_with_random_blocks_16per_6 ----------
[00:00:00:00:040] Path of length 45 found: [0, 1, 9, 17, 16, 24, 32, 33, 25, 26, 34, 35, 27, 19, 18, 10, 2, 3, 11, 12, 4, 5, 13, 14, 6, 7, 15, 23, 31, 30, 29, 21, 20, 28, 36, 44, 43, 51, 52, 53, 45, 37, 38, 46, 54, 55]
[00:00:00:00:040] ! Unidirectional s-t. expansions: 22, time: 40 [ms], path length: 45 [edges], generated: 91
[00:00:00:00:060] Path of length 45 found: [55, 54, 46, 38, 30, 31, 23, 15, 7, 6, 14, 13, 5, 4, 3, 2, 10, 18, 19, 11, 12, 20, 21, 29, 37, 45, 53, 52, 51, 43, 44, 36, 28, 27, 35, 34, 26, 25, 33, 32, 24, 16, 17, 9, 1, 0]
[00:00:00:00:061] ! Unidirectional t-s. expansions: 32, time: 60 [ms], path length: 45 [edges], generated: 142
[00:00:00:00:031] Path of length 45 found: [0, 1, 9, 17, 16, 24, 32, 33, 25, 26, 34, 35, 27, 28, 36, 44, 43, 51, 52, 53, 45, 37, 29, 21, 20, 12, 11, 19, 18, 10, 2, 3, 4, 5, 13, 14, 6, 7, 15, 23, 31, 30, 38, 46, 54, 55]
[00:00:00:00:444] ! Bidirectional. expansions: 22, time: 31 [ms], path length: 45 [edges], g_F: 23, g_B: 22, generated: {'F': 43, 'B': 40}, MM: 1, MMPER: 1.1739130434782608%
[00:00:00:00:444] 
---------- SM_Grids/7x8_grid_with_random_blocks_16per_7 ----------
[00:00:00:00:043] Path of length 47 found: [0, 1, 9, 8, 16, 17, 25, 24, 32, 40, 48, 49, 41, 33, 34, 42, 50, 51, 43, 44, 52, 53, 45, 37, 36, 28, 27, 19, 11, 3, 4, 12, 20, 21, 13, 14, 6, 7, 15, 23, 22, 30, 38, 39, 47, 46, 54, 55]
[00:00:00:00:043] ! Unidirectional s-t. expansions: 23, time: 43 [ms], path length: 47 [edges], generated: 92
[00:00:00:00:036] Path of length 47 found: [55, 47, 39, 38, 30, 22, 23, 15, 7, 6, 14, 13, 21, 20, 12, 4, 3, 11, 19, 27, 28, 36, 37, 45, 46, 54, 53, 52, 44, 43, 51, 50, 42, 34, 33, 41, 49, 48, 40, 32, 24, 25, 17, 16, 8, 9, 1, 0]
[00:00:00:00:036] ! Unidirectional t-s. expansions: 23, time: 36 [ms], path length: 47 [edges], generated: 85
[00:00:00:00:025] Path of length 47 found: [0, 1, 9, 8, 16, 17, 25, 24, 32, 40, 48, 49, 41, 33, 34, 42, 50, 51, 43, 44, 52, 53, 54, 46, 45, 37, 36, 28, 27, 19, 11, 3, 4, 12, 20, 21, 13, 14, 6, 7, 15, 23, 22, 30, 38, 39, 47, 55]
[00:00:00:00:402] ! Bidirectional. expansions: 23, time: 25 [ms], path length: 47 [edges], g_F: 24, g_B: 23, generated: {'F': 37, 'B': 35}, MM: 1, MMPER: 1.0833333333333335%
[00:00:00:00:402] 
---------- SM_Grids/7x8_grid_with_random_blocks_16per_8 ----------
[00:00:00:03:411] Path of length 43 found: [0, 8, 16, 17, 9, 10, 2, 3, 4, 12, 20, 19, 18, 26, 25, 33, 32, 40, 41, 42, 50, 51, 43, 35, 36, 28, 29, 21, 13, 5, 6, 7, 15, 23, 31, 30, 38, 37, 45, 53, 54, 46, 47, 55]
[00:00:00:03:412] ! Unidirectional s-t. expansions: 1,899, time: 3,412 [ms], path length: 43 [edges], generated: 9,644
[00:00:00:06:444] Path of length 43 found: [55, 47, 39, 31, 23, 15, 7, 6, 5, 4, 3, 2, 10, 18, 19, 20, 12, 13, 21, 29, 28, 36, 37, 38, 46, 54, 53, 45, 44, 43, 51, 50, 42, 41, 40, 32, 33, 34, 26, 25, 17, 9, 8, 0]
[00:00:00:06:445] ! Unidirectional t-s. expansions: 4,166, time: 6,444 [ms], path length: 43 [edges], generated: 17,204
[00:00:00:05:047] Path of length 43 found: [0, 8, 16, 17, 25, 33, 32, 40, 41, 42, 50, 51, 43, 44, 45, 53, 54, 46, 38, 30, 29, 28, 36, 35, 34, 26, 18, 10, 2, 3, 4, 12, 20, 21, 13, 5, 6, 7, 15, 23, 31, 39, 47, 55]
[00:00:00:05:429] ! Bidirectional. expansions: 5,071, time: 5,047 [ms], path length: 43 [edges], g_F: 22, g_B: 21, generated: {'F': 8,770, 'B': 8,978}, MM: 1, MMPER: 1.272727272727273%
[00:00:00:05:430] 
---------- SM_Grids/7x8_grid_with_random_blocks_16per_9 ----------
[00:00:00:00:375] Path of length 45 found: [0, 8, 16, 24, 25, 17, 9, 1, 2, 10, 18, 19, 20, 28, 27, 26, 34, 35, 43, 42, 41, 49, 50, 51, 52, 44, 45, 37, 38, 30, 22, 14, 13, 12, 4, 5, 6, 7, 15, 23, 31, 39, 47, 46, 54, 55]
[00:00:00:00:375] ! Unidirectional s-t. expansions: 138, time: 375 [ms], path length: 45 [edges], generated: 704
[00:00:00:00:288] Path of length 45 found: [55, 54, 46, 47, 39, 31, 23, 15, 7, 6, 5, 4, 3, 2, 10, 18, 19, 27, 28, 20, 12, 13, 14, 22, 30, 38, 37, 45, 44, 52, 51, 50, 49, 41, 42, 43, 35, 34, 26, 25, 24, 16, 17, 9, 1, 0]
[00:00:00:00:288] ! Unidirectional t-s. expansions: 186, time: 288 [ms], path length: 45 [edges], generated: 766
[00:00:00:00:279] Path of length 45 found: [0, 8, 16, 24, 25, 17, 18, 10, 9, 1, 2, 3, 4, 5, 6, 7, 15, 23, 22, 14, 13, 12, 20, 19, 27, 26, 34, 35, 43, 42, 41, 49, 50, 51, 52, 44, 45, 37, 38, 30, 31, 39, 47, 46, 54, 55]
[00:00:00:00:663] ! Bidirectional. expansions: 260, time: 279 [ms], path length: 45 [edges], g_F: 23, g_B: 22, generated: {'F': 441, 'B': 412}, MM: 1, MMPER: 1.1739130434782608%
[00:00:00:00:663] average expansions: (734, 1,320, 1,656, 0)
[00:00:00:00:663] average time: (1,382, 2,150, 1,814, 0)
[00:00:00:00:664] XIDA: 734 , 1,382 (expansions , time[ms])
[00:00:00:00:664] BiXIDA: 1,656 , 1,814 (expansions , time[ms])

