--------------------------
date: SM_Grids
number_of_graphs: 10
graph_type: grid
size_of_graphs: [8, 8]
heuristic: bcc_heuristic
snake: False
run_uni: True
run_bi: True
run_multi: False
solution_vertices: []
algorithms: ['IDA']
lookahead: 2
bsd: False
cube_first_dims: 4
cube_buffer_dim: None
backward_sym_generation: False
sym_coil: False
prefix_set: None

---------- SM_Grids/8x8_grid_with_random_blocks_16per_0 ----------
[00:00:00:00:949] Path of length 44 found: [0, 1, 9, 10, 2, 3, 11, 19, 18, 26, 25, 24, 32, 40, 48, 49, 41, 33, 34, 42, 50, 51, 43, 35, 36, 28, 20, 12, 13, 5, 6, 7, 15, 14, 22, 23, 31, 30, 29, 37, 38, 46, 47, 55, 63]
[00:00:00:00:949] ! Unidirectional s-t. expansions: 568, time: 949 [ms], path length: 44 [edges], generated: 2,766
[00:00:00:00:398] Path of length 44 found: [63, 55, 47, 46, 38, 39, 31, 23, 15, 7, 6, 5, 13, 14, 22, 30, 29, 37, 36, 44, 43, 35, 34, 33, 41, 42, 50, 49, 48, 40, 32, 24, 25, 26, 18, 19, 20, 12, 11, 3, 2, 10, 9, 1, 0]
[00:00:00:00:398] ! Unidirectional t-s. expansions: 152, time: 398 [ms], path length: 44 [edges], generated: 786
[00:00:00:00:735] Path of length 44 found: [0, 1, 9, 10, 2, 3, 11, 19, 18, 26, 25, 24, 32, 40, 48, 49, 41, 33, 34, 42, 50, 51, 43, 35, 36, 37, 29, 28, 20, 12, 13, 5, 6, 7, 15, 14, 22, 23, 31, 39, 38, 46, 47, 55, 63]
[00:00:00:01:197] ! Bidirectional. expansions: 778, time: 736 [ms], path length: 44 [edges], g_F: 22, g_B: 22, generated: {'F': 1,500, 'B': 1,255}, MM: 0, MMPER: -1.0%
[00:00:00:01:198] 
---------- SM_Grids/8x8_grid_with_random_blocks_16per_1 ----------
[00:00:00:00:136] Path of length 44 found: [0, 8, 16, 24, 32, 33, 25, 26, 18, 10, 2, 3, 4, 12, 11, 19, 27, 35, 34, 42, 43, 44, 36, 28, 20, 21, 29, 30, 22, 14, 15, 23, 31, 39, 38, 46, 47, 55, 54, 53, 52, 60, 61, 62, 63]
[00:00:00:00:136] ! Unidirectional s-t. expansions: 35, time: 136 [ms], path length: 44 [edges], generated: 135
[00:00:00:06:255] Path of length 44 found: [63, 62, 61, 60, 52, 53, 54, 55, 47, 46, 38, 39, 31, 23, 15, 14, 22, 30, 29, 21, 20, 12, 4, 3, 2, 10, 11, 19, 18, 26, 34, 35, 27, 28, 36, 44, 43, 42, 41, 33, 25, 24, 16, 8, 0]
[00:00:00:06:255] ! Unidirectional t-s. expansions: 2,856, time: 6,255 [ms], path length: 44 [edges], generated: 13,790
[00:00:00:01:124] Path of length 44 found: [0, 8, 16, 24, 32, 33, 25, 26, 18, 10, 2, 3, 4, 12, 11, 19, 27, 35, 34, 42, 43, 44, 36, 28, 20, 21, 29, 30, 22, 14, 15, 23, 31, 39, 38, 46, 47, 55, 54, 53, 52, 60, 61, 62, 63]
[00:00:00:01:553] ! Bidirectional. expansions: 761, time: 1,124 [ms], path length: 44 [edges], g_F: 22, g_B: 22, generated: {'F': 1,522, 'B': 1,259}, MM: 0, MMPER: -1.0%
[00:00:00:01:554] 
---------- SM_Grids/8x8_grid_with_random_blocks_16per_2 ----------
[00:00:00:04:269] Path of length 44 found: [0, 8, 16, 24, 32, 40, 48, 56, 57, 49, 41, 33, 34, 26, 18, 10, 2, 3, 11, 19, 27, 28, 20, 21, 29, 30, 38, 46, 47, 55, 54, 53, 45, 44, 43, 42, 50, 58, 59, 51, 52, 60, 61, 62, 63]
[00:00:00:04:269] ! Unidirectional s-t. expansions: 2,095, time: 4,269 [ms], path length: 44 [edges], generated: 10,413
[00:00:00:16:976] Path of length 44 found: [63, 55, 47, 46, 38, 30, 29, 21, 20, 19, 11, 3, 2, 10, 18, 26, 27, 28, 36, 44, 45, 53, 54, 62, 61, 60, 52, 51, 43, 42, 34, 33, 41, 49, 50, 58, 57, 56, 48, 40, 32, 24, 16, 8, 0]
[00:00:00:16:976] ! Unidirectional t-s. expansions: 9,584, time: 16,976 [ms], path length: 44 [edges], generated: 41,625
[00:00:00:02:988] Path of length 44 found: [0, 8, 16, 24, 32, 40, 48, 56, 57, 49, 41, 33, 34, 42, 43, 51, 50, 58, 59, 60, 61, 53, 45, 44, 36, 28, 27, 26, 18, 10, 2, 3, 11, 19, 20, 21, 29, 30, 38, 46, 47, 55, 54, 62, 63]
[00:00:00:03:469] ! Bidirectional. expansions: 2,261, time: 2,988 [ms], path length: 44 [edges], g_F: 22, g_B: 22, generated: {'F': 4,224, 'B': 4,163}, MM: 0, MMPER: -1.0%
[00:00:00:03:469] 
---------- SM_Grids/8x8_grid_with_random_blocks_16per_3 ----------
[00:00:00:16:118] Path of length 44 found: [0, 8, 16, 24, 25, 17, 18, 10, 11, 19, 27, 26, 34, 33, 41, 49, 50, 42, 43, 35, 36, 28, 29, 21, 20, 12, 13, 14, 15, 23, 31, 30, 38, 39, 47, 46, 45, 44, 52, 60, 61, 53, 54, 62, 63]
[00:00:00:16:119] ! Unidirectional s-t. expansions: 8,950, time: 16,118 [ms], path length: 44 [edges], generated: 46,438
[00:00:00:48:377] Path of length 44 found: [63, 55, 47, 39, 31, 23, 15, 14, 13, 12, 11, 10, 18, 26, 34, 42, 43, 35, 36, 28, 27, 19, 20, 21, 29, 30, 38, 46, 45, 53, 54, 62, 61, 60, 52, 51, 50, 49, 41, 33, 25, 17, 16, 8, 0]
[00:00:00:48:378] ! Unidirectional t-s. expansions: 31,152, time: 48,377 [ms], path length: 44 [edges], generated: 143,194
[00:00:00:15:785] Path of length 44 found: [0, 8, 16, 24, 25, 17, 18, 10, 11, 19, 27, 26, 34, 33, 41, 49, 50, 42, 43, 35, 36, 44, 52, 60, 61, 62, 54, 53, 45, 46, 38, 30, 29, 21, 20, 12, 13, 14, 15, 23, 31, 39, 47, 55, 63]
[00:00:00:16:193] ! Bidirectional. expansions: 12,838, time: 15,785 [ms], path length: 44 [edges], g_F: 22, g_B: 22, generated: {'F': 26,109, 'B': 24,932}, MM: 0, MMPER: -1.0%
[00:00:00:16:193] 
---------- SM_Grids/8x8_grid_with_random_blocks_16per_4 ----------
[00:00:00:00:863] Path of length 48 found: [0, 1, 9, 8, 16, 17, 25, 33, 32, 40, 48, 56, 57, 49, 41, 42, 50, 51, 52, 60, 61, 53, 45, 44, 36, 37, 29, 28, 27, 35, 34, 26, 18, 10, 11, 3, 4, 12, 13, 14, 22, 30, 38, 39, 47, 46, 54, 62, 63]
[00:00:00:00:864] ! Unidirectional s-t. expansions: 460, time: 864 [ms], path length: 48 [edges], generated: 2,305
[00:00:00:02:447] Path of length 48 found: [63, 55, 47, 39, 38, 30, 22, 14, 13, 12, 4, 3, 11, 10, 18, 26, 34, 35, 27, 28, 29, 37, 36, 44, 45, 46, 54, 62, 61, 53, 52, 51, 50, 42, 41, 49, 57, 56, 48, 40, 32, 33, 25, 17, 16, 8, 9, 1, 0]
[00:00:00:02:447] ! Unidirectional t-s. expansions: 977, time: 2,447 [ms], path length: 48 [edges], generated: 4,855
[00:00:00:01:667] Path of length 48 found: [0, 1, 9, 8, 16, 17, 25, 33, 32, 40, 48, 56, 57, 49, 41, 42, 50, 51, 52, 60, 61, 62, 54, 46, 45, 44, 36, 37, 29, 28, 27, 35, 34, 26, 18, 10, 11, 3, 4, 12, 13, 14, 22, 30, 38, 39, 47, 55, 63]
[00:00:00:02:087] ! Bidirectional. expansions: 1,087, time: 1,667 [ms], path length: 48 [edges], g_F: 24, g_B: 24, generated: {'F': 1,784, 'B': 1,989}, MM: 0, MMPER: -1.0%
[00:00:00:02:087] 
---------- SM_Grids/8x8_grid_with_random_blocks_16per_5 ----------
[00:00:00:02:834] Path of length 50 found: [0, 8, 16, 24, 32, 33, 34, 26, 25, 17, 9, 1, 2, 10, 11, 19, 20, 12, 4, 5, 6, 14, 15, 23, 22, 30, 29, 28, 36, 35, 43, 51, 50, 49, 48, 56, 57, 58, 59, 60, 61, 53, 52, 44, 45, 46, 38, 39, 47, 55, 63]
[00:00:00:02:834] ! Unidirectional s-t. expansions: 1,416, time: 2,834 [ms], path length: 50 [edges], generated: 6,086
[00:00:00:03:205] Path of length 50 found: [63, 55, 47, 39, 38, 46, 54, 53, 45, 44, 52, 60, 59, 58, 57, 56, 48, 49, 50, 51, 43, 35, 36, 28, 29, 30, 31, 23, 15, 14, 6, 5, 4, 12, 20, 19, 11, 3, 2, 10, 9, 17, 25, 26, 34, 33, 32, 24, 16, 8, 0]
[00:00:00:03:205] ! Unidirectional t-s. expansions: 1,455, time: 3,205 [ms], path length: 50 [edges], generated: 6,538
[00:00:00:03:929] Path of length 50 found: [0, 8, 16, 24, 32, 33, 34, 26, 25, 17, 9, 1, 2, 10, 11, 19, 20, 12, 4, 5, 6, 14, 15, 23, 22, 30, 29, 28, 36, 35, 43, 51, 50, 49, 48, 56, 57, 58, 59, 60, 52, 44, 45, 53, 54, 46, 38, 39, 47, 55, 63]
[00:00:00:04:366] ! Bidirectional. expansions: 2,754, time: 3,929 [ms], path length: 50 [edges], g_F: 25, g_B: 25, generated: {'F': 4,684, 'B': 4,756}, MM: 0, MMPER: -1.0%
[00:00:00:04:367] 
---------- SM_Grids/8x8_grid_with_random_blocks_16per_6 ----------
[00:00:00:00:286] Path of length 48 found: [0, 1, 9, 8, 16, 24, 32, 40, 48, 49, 50, 42, 41, 33, 25, 17, 18, 10, 11, 19, 27, 26, 34, 35, 36, 44, 52, 53, 45, 37, 29, 21, 13, 5, 6, 7, 15, 14, 22, 23, 31, 30, 38, 46, 47, 55, 54, 62, 63]
[00:00:00:00:286] ! Unidirectional s-t. expansions: 128, time: 286 [ms], path length: 48 [edges], generated: 620
[00:00:00:00:113] Path of length 48 found: [63, 62, 54, 55, 47, 46, 38, 30, 31, 23, 15, 7, 6, 5, 13, 14, 22, 21, 29, 37, 45, 53, 52, 44, 36, 35, 27, 19, 11, 10, 18, 17, 25, 26, 34, 33, 41, 42, 50, 49, 48, 40, 32, 24, 16, 8, 9, 1, 0]
[00:00:00:00:113] ! Unidirectional t-s. expansions: 42, time: 113 [ms], path length: 48 [edges], generated: 210
[00:00:00:00:232] Path of length 48 found: [0, 1, 9, 8, 16, 24, 32, 40, 48, 49, 50, 42, 41, 33, 25, 17, 18, 10, 11, 19, 27, 26, 34, 35, 36, 44, 52, 53, 45, 37, 29, 21, 22, 14, 13, 5, 6, 7, 15, 23, 31, 30, 38, 46, 47, 55, 54, 62, 63]
[00:00:00:00:643] ! Bidirectional. expansions: 165, time: 232 [ms], path length: 48 [edges], g_F: 24, g_B: 24, generated: {'F': 302, 'B': 272}, MM: 0, MMPER: -1.0%
[00:00:00:00:643] 
---------- SM_Grids/8x8_grid_with_random_blocks_16per_7 ----------
[00:00:00:49:956] Path of length 48 found: [0, 8, 16, 24, 32, 40, 48, 56, 57, 49, 41, 33, 34, 26, 18, 17, 9, 10, 2, 3, 11, 19, 27, 28, 20, 12, 13, 14, 6, 7, 15, 23, 31, 30, 38, 37, 45, 44, 43, 42, 50, 58, 59, 60, 61, 53, 54, 55, 63]
[00:00:00:49:957] ! Unidirectional s-t. expansions: 26,677, time: 49,956 [ms], path length: 48 [edges], generated: 122,024
[00:00:00:23:266] Path of length 48 found: [63, 55, 54, 46, 38, 30, 31, 23, 15, 7, 6, 14, 13, 21, 20, 12, 11, 3, 2, 10, 9, 17, 18, 19, 27, 26, 34, 35, 43, 44, 45, 53, 61, 60, 59, 51, 50, 42, 41, 49, 57, 56, 48, 40, 32, 24, 16, 8, 0]
[00:00:00:23:267] ! Unidirectional t-s. expansions: 12,206, time: 23,266 [ms], path length: 48 [edges], generated: 61,751
[00:00:00:27:559] Path of length 48 found: [0, 8, 16, 24, 32, 40, 48, 56, 57, 49, 41, 33, 34, 42, 50, 58, 59, 60, 61, 53, 45, 44, 43, 35, 27, 26, 18, 17, 9, 10, 2, 3, 11, 12, 20, 21, 13, 14, 6, 7, 15, 23, 31, 30, 38, 46, 54, 55, 63]
[00:00:00:27:969] ! Bidirectional. expansions: 26,505, time: 27,559 [ms], path length: 48 [edges], g_F: 24, g_B: 24, generated: {'F': 47,226, 'B': 49,552}, MM: 0, MMPER: -1.0%
[00:00:00:27:969] 
---------- SM_Grids/8x8_grid_with_random_blocks_16per_8 ----------
[00:00:00:04:153] Path of length 50 found: [0, 8, 16, 17, 9, 1, 2, 10, 18, 19, 11, 3, 4, 5, 6, 7, 15, 23, 22, 14, 13, 12, 20, 21, 29, 28, 36, 35, 34, 33, 32, 40, 48, 56, 57, 49, 41, 42, 50, 51, 59, 60, 61, 53, 45, 37, 38, 46, 54, 62, 63]
[00:00:00:04:153] ! Unidirectional s-t. expansions: 2,050, time: 4,153 [ms], path length: 50 [edges], generated: 9,385
[00:00:00:00:376] Path of length 50 found: [63, 62, 54, 46, 38, 37, 45, 53, 61, 60, 59, 51, 43, 42, 50, 49, 57, 56, 48, 40, 32, 33, 34, 35, 36, 28, 29, 21, 13, 14, 22, 23, 15, 7, 6, 5, 4, 3, 2, 1, 9, 10, 11, 12, 20, 19, 18, 17, 16, 8, 0]
[00:00:00:00:376] ! Unidirectional t-s. expansions: 204, time: 376 [ms], path length: 50 [edges], generated: 975
[00:00:00:01:857] Path of length 50 found: [0, 8, 16, 17, 9, 1, 2, 3, 4, 5, 13, 14, 6, 7, 15, 23, 22, 21, 29, 37, 36, 28, 20, 12, 11, 10, 18, 26, 34, 35, 43, 42, 41, 33, 32, 40, 48, 56, 57, 49, 50, 51, 59, 60, 61, 53, 45, 46, 54, 62, 63]
[00:00:00:02:270] ! Bidirectional. expansions: 1,581, time: 1,858 [ms], path length: 50 [edges], g_F: 25, g_B: 25, generated: {'F': 2,882, 'B': 2,624}, MM: 0, MMPER: -1.0%
[00:00:00:02:270] 
---------- SM_Grids/8x8_grid_with_random_blocks_16per_9 ----------
[00:00:00:01:367] Path of length 46 found: [0, 8, 16, 24, 32, 33, 25, 17, 9, 1, 2, 3, 11, 12, 4, 5, 6, 7, 15, 14, 13, 21, 20, 28, 27, 26, 34, 42, 50, 58, 59, 51, 43, 44, 36, 37, 38, 30, 31, 39, 47, 55, 54, 53, 61, 62, 63]
[00:00:00:01:367] ! Unidirectional s-t. expansions: 687, time: 1,367 [ms], path length: 46 [edges], generated: 2,836
[00:00:00:00:551] Path of length 46 found: [63, 62, 61, 53, 54, 55, 47, 39, 31, 30, 38, 37, 45, 44, 52, 51, 59, 58, 50, 42, 41, 33, 32, 24, 16, 8, 9, 17, 25, 26, 27, 28, 20, 21, 13, 14, 15, 7, 6, 5, 4, 12, 11, 3, 2, 1, 0]
[00:00:00:00:551] ! Unidirectional t-s. expansions: 237, time: 551 [ms], path length: 46 [edges], generated: 1,096
[00:00:00:01:664] Path of length 46 found: [0, 8, 16, 24, 32, 33, 25, 17, 9, 1, 2, 3, 11, 12, 4, 5, 6, 7, 15, 14, 13, 21, 20, 28, 27, 26, 34, 42, 50, 58, 59, 51, 52, 44, 45, 37, 38, 30, 31, 39, 47, 55, 54, 53, 61, 62, 63]
[00:00:00:02:073] ! Bidirectional. expansions: 1,266, time: 1,664 [ms], path length: 46 [edges], g_F: 23, g_B: 23, generated: {'F': 2,005, 'B': 2,261}, MM: 0, MMPER: -1.0%
[00:00:00:02:073] average expansions: (4,307, 5,886, 5,000, 0)
[00:00:00:02:073] average time: (8,093, 10,196, 5,754, 0)
[00:00:00:02:073] XIDA: 4,307 , 8,093 (expansions , time[ms])
[00:00:00:02:073] BiXIDA: 5,000 , 5,754 (expansions , time[ms])

