--------------------------
date: SM_Grids
number_of_graphs: 10
graph_type: grid
size_of_graphs: [9, 9]
heuristic: bcc_heuristic
snake: True
run_uni: True
run_bi: True
run_multi: False
solution_vertices: []
algorithms: ['IDA']
lookahead: 3
bsd: False
cube_first_dims: 4
cube_buffer_dim: None
backward_sym_generation: False
sym_coil: False
prefix_set: None

---------- SM_Grids/9x9_grid_with_random_blocks_12per_0 ----------
[00:00:02:15:508] Path of length 46 found: [0, 1, 2, 3, 4, 5, 6, 7, 8, 17, 26, 35, 44, 53, 52, 51, 42, 33, 24, 23, 22, 21, 20, 19, 18, 27, 36, 45, 54, 63, 72, 73, 74, 65, 56, 47, 48, 49, 58, 67, 76, 77, 78, 69, 70, 71, 80]
[00:00:02:15:509] ! Unidirectional s-t. expansions: 7,012, time: 135,508 [ms], path length: 46 [edges], generated: 85,110
[00:00:00:49:205] Path of length 46 found: [80, 71, 70, 69, 78, 77, 76, 67, 58, 49, 48, 47, 56, 65, 74, 73, 72, 63, 54, 45, 36, 27, 28, 29, 20, 21, 22, 23, 24, 33, 42, 51, 52, 53, 44, 35, 26, 17, 8, 7, 6, 5, 4, 3, 2, 1, 0]
[00:00:00:49:206] ! Unidirectional t-s. expansions: 3,666, time: 49,205 [ms], path length: 46 [edges], generated: 31,219
[00:00:01:08:460] Path of length 46 found: [0, 1, 2, 3, 4, 5, 6, 7, 8, 17, 26, 35, 44, 53, 52, 51, 42, 33, 24, 23, 22, 21, 20, 19, 18, 27, 36, 45, 54, 63, 72, 73, 74, 65, 56, 47, 48, 49, 58, 67, 76, 77, 78, 69, 70, 71, 80]
[00:00:01:09:015] ! Bidirectional. expansions: 1,975, time: 68,461 [ms], path length: 46 [edges], g_F: 26, g_B: 20, generated: {'F': 11,036, 'B': 7,104}, MM: 6, MMPER: 11.76595744680851%
[00:00:01:09:016] 
---------- SM_Grids/9x9_grid_with_random_blocks_12per_1 ----------
[00:00:01:39:781] Path of length 46 found: [0, 9, 10, 19, 20, 29, 30, 39, 40, 49, 58, 57, 56, 47, 46, 45, 54, 63, 72, 73, 74, 75, 76, 77, 68, 69, 60, 51, 42, 33, 32, 23, 22, 13, 4, 5, 6, 15, 16, 25, 26, 35, 44, 53, 62, 71, 80]
[00:00:01:39:782] ! Unidirectional s-t. expansions: 6,869, time: 99,782 [ms], path length: 46 [edges], generated: 65,164
[00:00:01:32:006] Path of length 46 found: [80, 71, 62, 53, 44, 35, 26, 17, 8, 7, 6, 5, 4, 13, 22, 23, 32, 33, 42, 51, 60, 69, 68, 77, 76, 75, 74, 73, 72, 63, 54, 45, 46, 47, 56, 57, 58, 49, 40, 39, 30, 29, 20, 11, 2, 1, 0]
[00:00:01:32:007] ! Unidirectional t-s. expansions: 5,449, time: 92,006 [ms], path length: 46 [edges], generated: 57,347
[00:00:04:15:480] Path of length 46 found: [0, 9, 10, 19, 20, 21, 12, 3, 4, 5, 6, 15, 16, 25, 26, 35, 44, 53, 62, 61, 60, 51, 42, 33, 32, 31, 40, 39, 38, 37, 46, 45, 54, 63, 72, 73, 74, 65, 56, 57, 58, 67, 68, 77, 78, 79, 80]
[00:00:04:16:009] ! Bidirectional. expansions: 11,800, time: 255,480 [ms], path length: 46 [edges], g_F: 24, g_B: 22, generated: {'F': 47,973, 'B': 37,648}, MM: 2, MMPER: 3.25531914893617%
[00:00:04:16:009] 
---------- SM_Grids/9x9_grid_with_random_blocks_12per_2 ----------
[00:00:02:07:172] Path of length 44 found: [0, 9, 18, 27, 28, 29, 20, 11, 12, 13, 22, 31, 40, 39, 48, 47, 46, 55, 64, 73, 74, 75, 66, 67, 58, 59, 50, 51, 42, 33, 24, 15, 6, 7, 8, 17, 26, 35, 44, 53, 62, 61, 70, 79, 80]
[00:00:02:07:172] ! Unidirectional s-t. expansions: 7,866, time: 127,172 [ms], path length: 44 [edges], generated: 80,431
[00:00:01:56:089] Path of length 44 found: [80, 71, 62, 53, 44, 43, 42, 33, 24, 25, 26, 17, 8, 7, 6, 5, 14, 13, 22, 31, 40, 39, 48, 57, 58, 59, 60, 69, 78, 77, 76, 75, 74, 65, 64, 55, 46, 37, 28, 29, 20, 11, 2, 1, 0]
[00:00:01:56:089] ! Unidirectional t-s. expansions: 8,162, time: 116,089 [ms], path length: 44 [edges], generated: 75,799
[00:00:05:01:642] Path of length 44 found: [0, 1, 2, 11, 20, 19, 28, 37, 38, 47, 56, 55, 64, 73, 74, 75, 76, 77, 78, 69, 60, 59, 50, 49, 40, 31, 22, 13, 14, 5, 6, 7, 8, 17, 26, 25, 24, 33, 42, 43, 44, 53, 62, 71, 80]
[00:00:05:02:193] ! Bidirectional. expansions: 8,242, time: 301,643 [ms], path length: 44 [edges], g_F: 18, g_B: 26, generated: {'F': 45,275, 'B': 34,718}, MM: 8, MMPER: 16.77777777777778%
[00:00:05:02:194] 
---------- SM_Grids/9x9_grid_with_random_blocks_12per_3 ----------
[00:00:01:05:673] Path of length 46 found: [0, 1, 10, 19, 28, 37, 46, 45, 54, 63, 72, 73, 74, 75, 76, 67, 58, 57, 48, 39, 40, 31, 22, 21, 12, 3, 4, 5, 6, 7, 8, 17, 26, 25, 24, 33, 42, 43, 44, 53, 62, 61, 60, 69, 78, 79, 80]
[00:00:01:05:673] ! Unidirectional s-t. expansions: 4,341, time: 65,673 [ms], path length: 46 [edges], generated: 44,495
[00:00:02:20:189] Path of length 46 found: [80, 71, 62, 53, 44, 43, 42, 51, 60, 69, 68, 77, 76, 75, 74, 73, 64, 63, 54, 45, 46, 47, 56, 57, 58, 49, 40, 31, 32, 23, 24, 25, 26, 17, 8, 7, 6, 5, 4, 3, 12, 21, 20, 19, 10, 1, 0]
[00:00:02:20:189] ! Unidirectional t-s. expansions: 8,945, time: 140,189 [ms], path length: 46 [edges], generated: 87,305
[00:00:03:46:224] Path of length 46 found: [0, 1, 10, 19, 28, 37, 46, 45, 54, 63, 72, 73, 74, 75, 76, 67, 58, 57, 48, 39, 40, 41, 42, 33, 24, 23, 22, 21, 12, 3, 4, 5, 6, 7, 8, 17, 26, 35, 44, 53, 62, 61, 60, 69, 78, 79, 80]
[00:00:03:46:746] ! Bidirectional. expansions: 8,685, time: 226,224 [ms], path length: 46 [edges], g_F: 24, g_B: 22, generated: {'F': 39,901, 'B': 30,937}, MM: 2, MMPER: 3.25531914893617%
[00:00:03:46:746] 
---------- SM_Grids/9x9_grid_with_random_blocks_12per_4 ----------
[00:00:00:44:192] Path of length 46 found: [0, 9, 10, 11, 2, 3, 4, 5, 6, 15, 16, 25, 26, 35, 44, 53, 62, 61, 60, 51, 42, 33, 32, 23, 22, 21, 30, 39, 38, 37, 36, 45, 54, 63, 72, 73, 74, 65, 56, 57, 58, 67, 68, 77, 78, 79, 80]
[00:00:00:44:192] ! Unidirectional s-t. expansions: 2,313, time: 44,192 [ms], path length: 46 [edges], generated: 25,839
[00:00:00:24:481] Path of length 46 found: [80, 79, 78, 77, 68, 67, 58, 57, 56, 65, 74, 73, 72, 63, 54, 45, 36, 37, 38, 39, 30, 21, 22, 23, 32, 41, 50, 51, 60, 61, 62, 53, 44, 35, 26, 17, 16, 15, 6, 5, 4, 3, 2, 11, 10, 9, 0]
[00:00:00:24:482] ! Unidirectional t-s. expansions: 1,438, time: 24,482 [ms], path length: 46 [edges], generated: 14,211
[00:00:01:36:266] Path of length 46 found: [0, 9, 18, 27, 28, 37, 46, 45, 54, 63, 72, 73, 74, 65, 56, 57, 48, 39, 40, 41, 32, 23, 22, 21, 20, 11, 2, 3, 4, 5, 6, 15, 16, 17, 26, 35, 44, 53, 52, 61, 60, 59, 68, 77, 78, 79, 80]
[00:00:01:36:791] ! Bidirectional. expansions: 2,868, time: 96,266 [ms], path length: 46 [edges], g_F: 22, g_B: 24, generated: {'F': 16,063, 'B': 11,321}, MM: 2, MMPER: 3.25531914893617%
[00:00:01:36:791] 
---------- SM_Grids/9x9_grid_with_random_blocks_12per_5 ----------
[00:00:00:25:140] Path of length 40 found: [0, 1, 2, 3, 4, 13, 14, 23, 24, 33, 42, 43, 44, 53, 62, 61, 60, 59, 50, 49, 40, 31, 30, 21, 20, 19, 18, 27, 36, 45, 46, 47, 56, 65, 66, 67, 76, 77, 78, 79, 80]
[00:00:00:25:140] ! Unidirectional s-t. expansions: 1,216, time: 25,140 [ms], path length: 40 [edges], generated: 13,753
[00:00:00:15:574] Path of length 40 found: [80, 71, 62, 53, 44, 43, 42, 33, 24, 23, 14, 13, 4, 3, 2, 11, 20, 21, 30, 31, 40, 49, 50, 59, 60, 69, 78, 77, 76, 67, 66, 57, 56, 47, 38, 37, 28, 27, 18, 9, 0]
[00:00:00:15:574] ! Unidirectional t-s. expansions: 719, time: 15,574 [ms], path length: 40 [edges], generated: 8,887
[00:00:01:07:280] Path of length 40 found: [0, 9, 18, 27, 28, 37, 46, 47, 56, 65, 66, 67, 76, 77, 78, 69, 60, 59, 50, 49, 40, 31, 30, 21, 20, 11, 2, 3, 4, 13, 14, 23, 24, 33, 42, 43, 44, 53, 62, 71, 80]
[00:00:01:07:801] ! Bidirectional. expansions: 1,595, time: 67,280 [ms], path length: 40 [edges], g_F: 27, g_B: 13, generated: {'F': 8,735, 'B': 7,086}, MM: 14, MMPER: 33.146341463414636%
[00:00:01:07:802] 
---------- SM_Grids/9x9_grid_with_random_blocks_12per_6 ----------
[00:00:01:32:070] Path of length 48 found: [0, 1, 10, 19, 18, 27, 36, 37, 38, 39, 48, 57, 56, 55, 54, 63, 72, 73, 74, 75, 76, 67, 68, 59, 50, 41, 42, 33, 24, 23, 22, 21, 12, 3, 4, 5, 6, 7, 16, 17, 26, 35, 44, 53, 62, 61, 70, 79, 80]
[00:00:01:32:070] ! Unidirectional s-t. expansions: 5,538, time: 92,070 [ms], path length: 48 [edges], generated: 55,628
[00:00:00:38:106] Path of length 48 found: [80, 71, 62, 53, 44, 35, 26, 17, 8, 7, 6, 5, 4, 3, 12, 21, 22, 23, 24, 33, 42, 41, 50, 59, 60, 69, 78, 77, 76, 75, 74, 73, 72, 63, 54, 55, 56, 57, 48, 39, 38, 37, 36, 27, 18, 19, 10, 1, 0]
[00:00:00:38:107] ! Unidirectional t-s. expansions: 2,583, time: 38,106 [ms], path length: 48 [edges], generated: 22,632
[00:00:02:09:737] Path of length 48 found: [0, 1, 10, 19, 18, 27, 36, 37, 38, 39, 48, 57, 56, 55, 54, 63, 72, 73, 74, 75, 76, 77, 78, 69, 60, 59, 50, 41, 42, 33, 24, 23, 22, 21, 12, 3, 4, 5, 6, 7, 8, 17, 26, 35, 44, 53, 62, 71, 80]
[00:00:02:10:255] ! Bidirectional. expansions: 4,039, time: 129,737 [ms], path length: 48 [edges], g_F: 29, g_B: 19, generated: {'F': 19,959, 'B': 14,072}, MM: 10, MMPER: 19.408163265306122%
[00:00:02:10:255] 
---------- SM_Grids/9x9_grid_with_random_blocks_12per_7 ----------
[00:00:02:28:593] Path of length 44 found: [0, 9, 18, 27, 36, 45, 54, 63, 64, 73, 74, 75, 76, 77, 68, 59, 58, 57, 56, 47, 38, 39, 40, 31, 22, 21, 20, 11, 2, 3, 4, 5, 6, 7, 16, 25, 24, 33, 42, 51, 52, 53, 62, 71, 80]
[00:00:02:28:593] ! Unidirectional s-t. expansions: 8,957, time: 148,593 [ms], path length: 44 [edges], generated: 93,618
[00:00:03:54:828] Path of length 44 found: [80, 71, 62, 53, 52, 51, 42, 33, 34, 25, 16, 7, 6, 5, 4, 3, 2, 11, 20, 21, 22, 31, 40, 39, 38, 47, 56, 57, 58, 59, 68, 77, 76, 75, 74, 73, 64, 63, 54, 45, 36, 27, 18, 9, 0]
[00:00:03:54:829] ! Unidirectional t-s. expansions: 14,572, time: 234,829 [ms], path length: 44 [edges], generated: 150,529
[00:00:06:34:024] Path of length 44 found: [0, 9, 18, 27, 36, 45, 54, 63, 64, 73, 74, 75, 76, 77, 68, 59, 58, 57, 56, 47, 38, 39, 40, 31, 22, 21, 20, 11, 2, 3, 4, 5, 6, 7, 16, 25, 34, 33, 42, 51, 52, 61, 70, 79, 80]
[00:00:06:34:538] ! Bidirectional. expansions: 11,979, time: 394,024 [ms], path length: 44 [edges], g_F: 25, g_B: 19, generated: {'F': 67,386, 'B': 50,858}, MM: 6, MMPER: 12.333333333333334%
[00:00:06:34:539] 
---------- SM_Grids/9x9_grid_with_random_blocks_12per_8 ----------
[00:00:00:17:370] Path of length 48 found: [0, 9, 18, 19, 20, 11, 2, 3, 4, 13, 22, 31, 32, 33, 24, 15, 6, 7, 8, 17, 26, 35, 44, 53, 62, 61, 60, 51, 50, 49, 48, 47, 38, 37, 36, 45, 54, 63, 72, 73, 74, 75, 66, 67, 68, 77, 78, 79, 80]
[00:00:00:17:371] ! Unidirectional s-t. expansions: 1,046, time: 17,371 [ms], path length: 48 [edges], generated: 9,364
[00:00:01:00:497] Path of length 48 found: [80, 79, 78, 77, 68, 67, 66, 75, 74, 73, 72, 63, 54, 45, 36, 37, 38, 47, 48, 49, 40, 31, 22, 23, 24, 33, 42, 51, 60, 61, 62, 53, 44, 35, 26, 17, 8, 7, 6, 5, 4, 3, 2, 11, 20, 19, 18, 9, 0]
[00:00:01:00:497] ! Unidirectional t-s. expansions: 4,120, time: 60,497 [ms], path length: 48 [edges], generated: 37,085
[00:00:02:08:696] Path of length 48 found: [0, 9, 18, 19, 20, 11, 2, 3, 4, 13, 22, 31, 32, 33, 24, 15, 6, 7, 8, 17, 26, 35, 44, 53, 62, 61, 60, 51, 50, 49, 48, 47, 38, 37, 36, 45, 54, 63, 72, 73, 74, 75, 66, 67, 68, 77, 78, 79, 80]
[00:00:02:09:206] ! Bidirectional. expansions: 4,838, time: 128,696 [ms], path length: 48 [edges], g_F: 25, g_B: 23, generated: {'F': 20,239, 'B': 17,091}, MM: 2, MMPER: 3.0816326530612246%
[00:00:02:09:206] 
---------- SM_Grids/9x9_grid_with_random_blocks_12per_9 ----------
[00:00:03:14:543] Path of length 44 found: [0, 1, 2, 11, 20, 19, 18, 27, 36, 37, 46, 55, 54, 63, 72, 73, 74, 75, 76, 77, 78, 69, 60, 59, 58, 57, 48, 39, 40, 31, 22, 13, 14, 15, 16, 17, 26, 35, 34, 43, 52, 53, 62, 71, 80]
[00:00:03:14:544] ! Unidirectional s-t. expansions: 11,721, time: 194,544 [ms], path length: 44 [edges], generated: 129,085
[00:00:03:36:344] Path of length 44 found: [80, 71, 62, 53, 52, 43, 34, 35, 26, 17, 16, 15, 14, 23, 22, 31, 40, 41, 50, 59, 60, 69, 78, 77, 76, 75, 74, 73, 72, 63, 54, 55, 56, 47, 38, 37, 36, 27, 18, 19, 20, 11, 2, 1, 0]
[00:00:03:36:344] ! Unidirectional t-s. expansions: 17,528, time: 216,344 [ms], path length: 44 [edges], generated: 153,717
[00:00:10:19:016] Path of length 44 found: [0, 1, 2, 11, 20, 19, 18, 27, 36, 37, 38, 39, 40, 31, 22, 13, 14, 15, 16, 17, 26, 35, 34, 43, 52, 51, 50, 59, 58, 57, 56, 55, 54, 63, 72, 73, 74, 75, 76, 77, 78, 69, 70, 71, 80]
[00:00:10:19:519] ! Bidirectional. expansions: 24,863, time: 619,016 [ms], path length: 44 [edges], g_F: 24, g_B: 20, generated: {'F': 118,071, 'B': 80,560}, MM: 4, MMPER: 7.888888888888889%
[00:00:10:19:519] average expansions: (5,688, 6,718, 8,088, 0)
[00:00:10:19:519] average time: (95,004, 98,732, 228,683, 0)
[00:00:10:19:519] XIDA: 5,688 , 95,004 (expansions , time[ms])
[00:00:10:19:519] BiXIDA: 8,088 , 228,683 (expansions , time[ms])

