--------------------------
date: mazes
number_of_graphs: 10
graph_type: maze
size_of_graphs: [13, 13]
heuristic: bcc_heuristic
snake: False
run_uni: True
run_bi: True
run_multi: False
solution_vertices: []
algorithms: ['IDA']
lookahead: 3
bsd: False
cube_first_dims: 4
cube_buffer_dim: None
backward_sym_generation: False
sym_coil: False
prefix_set: None

---------- mazes/13x13_maze_with_1_open_diamonds_0 ----------
[00:00:03:19:559] Valid states checked so far: 200,000, Expansions: 33,985, Global best: 53
[00:00:05:58:257] Path of length 92 found: [0, 1, 2, 3, 4, 17, 30, 31, 32, 19, 6, 7, 8, 9, 10, 11, 12, 25, 38, 37, 36, 49, 62, 61, 60, 59, 58, 57, 56, 55, 54, 41, 28, 27, 26, 39, 52, 65, 78, 79, 80, 81, 82, 83, 84, 85, 86, 87, 88, 89, 90, 103, 116, 115, 114, 113, 112, 111, 110, 109, 108, 107, 106, 105, 118, 131, 130, 143, 156, 157, 158, 159, 146, 145, 132, 119, 120, 133, 134, 135, 136, 137, 150, 163, 164, 165, 152, 139, 140, 141, 142, 155, 168]
[00:00:05:58:258] ! Unidirectional s-t. expansions: 62,304, time: 358,257 [ms], path length: 92 [edges], generated: 368,365
[00:00:03:20:975] Valid states checked so far: 200,000, Expansions: 33,412, Global best: 61
[00:00:06:37:216] Valid states checked so far: 400,000, Expansions: 69,177, Global best: 61
[00:00:09:47:466] Valid states checked so far: 600,000, Expansions: 105,502, Global best: 61
[00:00:12:53:893] Valid states checked so far: 800,000, Expansions: 142,054, Global best: 61
[00:00:15:56:683] Valid states checked so far: 1,000,000, Expansions: 178,364, Global best: 61
[00:00:19:04:378] Valid states checked so far: 1,200,000, Expansions: 215,381, Global best: 61
[00:00:22:04:734] Valid states checked so far: 1,400,000, Expansions: 251,230, Global best: 61
[00:00:22:15:463] Path of length 92 found: [168, 155, 142, 141, 140, 139, 152, 165, 164, 163, 150, 137, 136, 135, 134, 133, 120, 119, 132, 145, 146, 159, 158, 157, 156, 143, 130, 131, 118, 105, 106, 107, 108, 109, 110, 111, 112, 113, 114, 115, 116, 103, 90, 89, 88, 87, 86, 85, 84, 83, 82, 81, 80, 79, 78, 65, 52, 39, 26, 27, 28, 41, 54, 55, 56, 57, 58, 59, 60, 61, 62, 63, 64, 51, 38, 25, 12, 11, 10, 9, 8, 7, 6, 19, 32, 31, 30, 17, 4, 3, 2, 1, 0]
[00:00:22:15:464] ! Unidirectional t-s. expansions: 253,412, time: 1,335,463 [ms], path length: 92 [edges], generated: 1,411,406
[00:00:02:59:802] Path of length 92 found: [0, 1, 2, 3, 4, 17, 30, 31, 32, 19, 6, 7, 8, 9, 10, 11, 12, 25, 38, 37, 36, 49, 62, 61, 60, 59, 58, 57, 56, 55, 54, 41, 28, 27, 26, 39, 52, 65, 78, 79, 80, 81, 82, 83, 84, 85, 86, 87, 88, 89, 90, 103, 116, 115, 114, 113, 112, 111, 110, 109, 108, 107, 106, 105, 118, 131, 130, 143, 156, 157, 158, 159, 146, 145, 132, 119, 120, 133, 134, 135, 136, 137, 150, 163, 164, 165, 152, 139, 140, 141, 142, 155, 168]
[00:00:02:59:803] ! Bidirectional. expansions: 16,443, time: 179,802 [ms], path length: 92 [edges], g_F: 55, g_B: 37, generated: {'F': 70,497, 'B': 46,029}, MM: 18, MMPER: 18.35483870967742%
[00:00:02:59:803] 
---------- mazes/13x13_maze_with_1_open_diamonds_1 ----------
[00:00:03:44:181] Valid states checked so far: 200,000, Expansions: 34,497, Global best: 41
[00:00:07:14:572] Valid states checked so far: 400,000, Expansions: 72,661, Global best: 59
[00:00:09:57:991] Path of length 90 found: [0, 1, 2, 15, 28, 27, 26, 39, 52, 53, 54, 41, 42, 29, 16, 3, 4, 17, 30, 43, 56, 57, 58, 45, 32, 19, 6, 7, 8, 9, 10, 11, 12, 25, 38, 37, 36, 49, 62, 61, 74, 87, 88, 89, 90, 103, 116, 115, 114, 113, 112, 99, 86, 85, 84, 83, 82, 81, 80, 79, 92, 105, 106, 107, 108, 109, 122, 135, 134, 133, 132, 131, 130, 143, 156, 157, 158, 159, 160, 161, 162, 163, 164, 165, 152, 139, 140, 141, 142, 155, 168]
[00:00:09:57:992] ! Unidirectional s-t. expansions: 104,768, time: 597,992 [ms], path length: 90 [edges], generated: 561,423
[00:00:00:12:251] Path of length 90 found: [168, 155, 142, 141, 140, 139, 152, 165, 164, 163, 162, 161, 160, 159, 158, 157, 156, 143, 130, 131, 132, 133, 134, 135, 122, 109, 108, 107, 106, 105, 92, 79, 80, 81, 82, 83, 84, 85, 86, 99, 112, 113, 114, 115, 116, 103, 90, 89, 88, 87, 74, 61, 62, 63, 64, 51, 38, 25, 12, 11, 10, 9, 8, 7, 6, 19, 32, 45, 58, 57, 56, 43, 30, 17, 4, 3, 16, 29, 42, 41, 54, 53, 52, 39, 26, 27, 28, 15, 2, 1, 0]
[00:00:00:12:252] ! Unidirectional t-s. expansions: 2,107, time: 12,251 [ms], path length: 90 [edges], generated: 14,705
[00:00:08:57:770] Path of length 90 found: [0, 13, 26, 39, 52, 53, 54, 41, 28, 15, 2, 3, 4, 17, 16, 29, 30, 43, 42, 55, 56, 57, 58, 45, 32, 19, 6, 7, 8, 9, 10, 11, 12, 25, 38, 37, 36, 49, 62, 61, 74, 87, 88, 89, 90, 103, 116, 115, 114, 113, 112, 99, 86, 85, 84, 83, 82, 81, 80, 79, 92, 105, 106, 107, 108, 109, 122, 135, 134, 133, 132, 131, 130, 143, 156, 157, 158, 159, 160, 161, 162, 163, 164, 165, 152, 139, 140, 141, 142, 155, 168]
[00:00:08:57:771] ! Bidirectional. expansions: 60,806, time: 537,770 [ms], path length: 90 [edges], g_F: 54, g_B: 36, generated: {'F': 223,846, 'B': 107,812}, MM: 18, MMPER: 18.78021978021978%
[00:00:08:57:771] 
---------- mazes/13x13_maze_with_1_open_diamonds_2 ----------
[00:00:02:54:638] Valid states checked so far: 200,000, Expansions: 30,321, Global best: 89
[00:00:03:33:144] Path of length 92 found: [0, 1, 2, 3, 4, 17, 30, 43, 56, 55, 54, 41, 28, 27, 26, 39, 52, 65, 78, 79, 80, 81, 82, 83, 70, 57, 58, 45, 32, 19, 6, 7, 8, 9, 10, 11, 12, 25, 38, 37, 36, 49, 62, 61, 60, 59, 72, 71, 84, 85, 98, 99, 86, 87, 88, 89, 90, 103, 116, 115, 114, 113, 112, 111, 110, 97, 96, 109, 122, 135, 134, 133, 132, 131, 130, 143, 156, 157, 158, 159, 160, 161, 162, 163, 164, 165, 152, 139, 140, 141, 142, 155, 168]
[00:00:03:33:144] ! Unidirectional s-t. expansions: 37,339, time: 213,144 [ms], path length: 92 [edges], generated: 244,264
[00:00:02:38:723] Valid states checked so far: 200,000, Expansions: 34,000, Global best: 59
[00:00:03:22:928] Path of length 92 found: [168, 155, 142, 141, 140, 139, 152, 165, 164, 163, 162, 161, 160, 159, 158, 157, 156, 143, 130, 131, 132, 133, 134, 135, 122, 109, 108, 107, 106, 105, 92, 79, 78, 65, 52, 39, 26, 27, 28, 41, 54, 55, 56, 57, 70, 83, 96, 97, 110, 111, 98, 99, 112, 113, 114, 115, 116, 103, 90, 89, 88, 87, 86, 85, 84, 71, 72, 59, 60, 61, 62, 63, 64, 51, 38, 25, 12, 11, 10, 9, 8, 7, 6, 19, 32, 31, 30, 17, 4, 3, 2, 1, 0]
[00:00:03:22:929] ! Unidirectional t-s. expansions: 43,980, time: 202,928 [ms], path length: 92 [edges], generated: 256,993
[00:00:00:48:187] Path of length 92 found: [0, 1, 2, 3, 4, 17, 30, 43, 56, 55, 54, 41, 28, 27, 26, 39, 52, 65, 78, 79, 80, 81, 82, 83, 70, 57, 58, 45, 32, 19, 6, 7, 8, 9, 10, 11, 12, 25, 38, 37, 36, 49, 62, 61, 60, 59, 72, 71, 84, 85, 86, 87, 88, 89, 90, 103, 116, 115, 114, 113, 112, 99, 98, 111, 110, 97, 96, 109, 122, 135, 134, 133, 132, 131, 130, 143, 156, 157, 158, 159, 160, 161, 162, 163, 164, 165, 152, 139, 140, 141, 142, 155, 168]
[00:00:00:48:188] ! Bidirectional. expansions: 5,678, time: 48,187 [ms], path length: 92 [edges], g_F: 56, g_B: 36, generated: {'F': 23,101, 'B': 15,494}, MM: 20, MMPER: 20.50537634408602%
[00:00:00:48:188] 
---------- mazes/13x13_maze_with_1_open_diamonds_3 ----------
[00:00:02:20:177] Path of length 90 found: [0, 1, 2, 3, 4, 17, 30, 43, 56, 55, 54, 41, 28, 27, 26, 39, 52, 65, 78, 79, 80, 81, 82, 83, 84, 71, 58, 45, 32, 19, 6, 7, 8, 9, 10, 11, 12, 25, 38, 37, 36, 49, 62, 61, 74, 87, 86, 85, 98, 99, 100, 101, 88, 89, 90, 103, 102, 115, 116, 129, 142, 141, 140, 139, 126, 113, 112, 111, 110, 109, 122, 135, 134, 133, 132, 131, 130, 143, 156, 157, 158, 159, 160, 161, 162, 163, 164, 165, 166, 167, 168]
[00:00:02:20:178] ! Unidirectional s-t. expansions: 24,632, time: 140,177 [ms], path length: 90 [edges], generated: 167,551
[00:00:03:19:703] Valid states checked so far: 200,000, Expansions: 34,967, Global best: 59
[00:00:06:17:489] Valid states checked so far: 400,000, Expansions: 70,555, Global best: 59
[00:00:09:04:401] Valid states checked so far: 600,000, Expansions: 106,213, Global best: 79
[00:00:09:26:989] Path of length 90 found: [168, 167, 166, 165, 164, 163, 162, 161, 160, 159, 158, 157, 156, 143, 130, 131, 132, 133, 134, 135, 122, 109, 108, 107, 106, 105, 92, 79, 78, 65, 52, 39, 26, 27, 28, 41, 54, 55, 56, 57, 58, 71, 84, 85, 98, 111, 112, 113, 126, 139, 140, 141, 142, 129, 116, 103, 90, 89, 102, 115, 114, 101, 100, 99, 86, 87, 74, 61, 62, 63, 64, 51, 38, 25, 12, 11, 10, 9, 8, 7, 6, 19, 32, 31, 30, 17, 4, 3, 2, 1, 0]
[00:00:09:26:989] ! Unidirectional t-s. expansions: 111,191, time: 566,989 [ms], path length: 90 [edges], generated: 627,675
[00:00:05:21:889] Path of length 90 found: [0, 1, 2, 3, 4, 17, 30, 43, 56, 55, 54, 41, 28, 27, 26, 39, 52, 65, 78, 79, 80, 81, 82, 83, 84, 71, 58, 45, 32, 19, 6, 7, 8, 9, 10, 11, 12, 25, 38, 37, 36, 49, 62, 61, 74, 87, 100, 101, 88, 89, 90, 103, 102, 115, 116, 129, 142, 141, 140, 139, 126, 113, 112, 99, 86, 85, 98, 111, 110, 109, 122, 135, 134, 133, 132, 131, 130, 143, 156, 157, 158, 159, 160, 161, 162, 163, 164, 165, 166, 167, 168]
[00:00:05:21:889] ! Bidirectional. expansions: 29,233, time: 321,889 [ms], path length: 90 [edges], g_F: 55, g_B: 35, generated: {'F': 124,409, 'B': 88,196}, MM: 20, MMPER: 20.978021978021978%
[00:00:05:21:889] 
---------- mazes/13x13_maze_with_1_open_diamonds_4 ----------
[00:00:03:02:137] Valid states checked so far: 200,000, Expansions: 30,777, Global best: 77
[00:00:05:32:577] Path of length 92 found: [0, 1, 2, 3, 4, 17, 30, 43, 56, 55, 54, 41, 28, 27, 26, 39, 52, 65, 78, 79, 80, 81, 82, 95, 108, 107, 106, 119, 132, 131, 130, 143, 156, 157, 158, 159, 160, 161, 162, 163, 150, 137, 136, 135, 134, 133, 120, 121, 122, 109, 110, 111, 112, 99, 86, 85, 84, 71, 58, 45, 32, 19, 6, 7, 8, 9, 10, 11, 12, 25, 38, 37, 36, 49, 62, 61, 74, 87, 88, 89, 90, 103, 116, 129, 142, 141, 140, 139, 152, 165, 166, 167, 168]
[00:00:05:32:578] ! Unidirectional s-t. expansions: 59,465, time: 332,577 [ms], path length: 92 [edges], generated: 378,219
[00:00:03:16:097] Valid states checked so far: 200,000, Expansions: 34,585, Global best: 61
[00:00:06:22:147] Valid states checked so far: 400,000, Expansions: 70,208, Global best: 61
[00:00:09:22:575] Valid states checked so far: 600,000, Expansions: 106,086, Global best: 61
[00:00:12:17:508] Valid states checked so far: 800,000, Expansions: 141,739, Global best: 81
[00:00:14:53:694] Path of length 92 found: [168, 167, 166, 165, 152, 139, 140, 141, 142, 129, 116, 103, 90, 89, 88, 87, 74, 61, 62, 63, 64, 51, 38, 25, 12, 11, 10, 9, 8, 7, 6, 19, 32, 45, 58, 71, 84, 85, 86, 99, 112, 111, 110, 109, 122, 123, 136, 137, 150, 163, 162, 161, 160, 159, 158, 157, 156, 143, 130, 131, 132, 133, 134, 121, 120, 119, 106, 107, 108, 95, 82, 81, 80, 79, 78, 65, 52, 39, 26, 27, 28, 41, 54, 55, 56, 43, 30, 17, 4, 3, 2, 1, 0]
[00:00:14:53:694] ! Unidirectional t-s. expansions: 173,204, time: 893,694 [ms], path length: 92 [edges], generated: 976,416
[00:00:03:27:414] Path of length 92 found: [0, 1, 2, 3, 4, 17, 30, 31, 32, 19, 6, 7, 8, 9, 10, 11, 12, 25, 38, 37, 36, 49, 62, 61, 60, 59, 58, 57, 56, 55, 54, 41, 28, 27, 26, 39, 52, 65, 78, 79, 92, 105, 106, 107, 120, 119, 132, 131, 130, 143, 156, 157, 158, 159, 160, 147, 134, 121, 122, 109, 108, 95, 82, 83, 84, 85, 86, 87, 88, 89, 90, 103, 116, 115, 114, 113, 112, 111, 110, 123, 136, 137, 150, 163, 164, 165, 152, 139, 140, 141, 142, 155, 168]
[00:00:03:27:415] ! Bidirectional. expansions: 22,688, time: 207,414 [ms], path length: 92 [edges], g_F: 57, g_B: 35, generated: {'F': 95,786, 'B': 55,878}, MM: 22, MMPER: 22.655913978494624%
[00:00:03:27:415] 
---------- mazes/13x13_maze_with_1_open_diamonds_5 ----------
[00:00:03:04:161] Valid states checked so far: 200,000, Expansions: 31,872, Global best: 65
[00:00:05:54:979] Valid states checked so far: 400,000, Expansions: 64,692, Global best: 89
[00:00:06:06:813] Path of length 92 found: [0, 1, 2, 3, 4, 17, 30, 43, 56, 55, 54, 41, 28, 27, 26, 39, 52, 65, 78, 79, 80, 81, 94, 107, 106, 105, 118, 131, 130, 143, 156, 157, 158, 159, 160, 161, 162, 163, 150, 137, 136, 135, 134, 133, 132, 119, 120, 121, 108, 109, 110, 111, 112, 99, 86, 85, 84, 71, 58, 45, 32, 19, 6, 7, 8, 9, 10, 11, 12, 25, 38, 37, 36, 49, 62, 61, 74, 87, 88, 89, 90, 103, 116, 129, 142, 141, 140, 139, 152, 165, 166, 167, 168]
[00:00:06:06:813] ! Unidirectional s-t. expansions: 67,370, time: 366,813 [ms], path length: 92 [edges], generated: 415,130
[00:00:03:10:784] Valid states checked so far: 200,000, Expansions: 33,843, Global best: 61
[00:00:06:11:836] Valid states checked so far: 400,000, Expansions: 69,008, Global best: 61
[00:00:09:09:128] Valid states checked so far: 600,000, Expansions: 104,398, Global best: 61
[00:00:12:03:157] Valid states checked so far: 800,000, Expansions: 139,527, Global best: 81
[00:00:13:23:656] Path of length 92 found: [168, 167, 166, 165, 152, 139, 140, 141, 142, 129, 116, 103, 90, 89, 88, 87, 74, 61, 62, 63, 64, 51, 38, 25, 12, 11, 10, 9, 8, 7, 6, 19, 32, 45, 58, 71, 84, 85, 86, 99, 112, 111, 110, 109, 108, 121, 120, 119, 132, 133, 134, 135, 136, 137, 150, 163, 162, 161, 160, 159, 158, 157, 156, 143, 130, 131, 118, 105, 106, 107, 94, 81, 80, 79, 78, 65, 52, 39, 26, 27, 28, 41, 54, 55, 56, 43, 30, 17, 4, 3, 2, 1, 0]
[00:00:13:23:656] ! Unidirectional t-s. expansions: 155,847, time: 803,656 [ms], path length: 92 [edges], generated: 891,390
[00:00:03:44:951] Path of length 92 found: [0, 1, 2, 3, 4, 17, 30, 31, 32, 19, 6, 7, 8, 9, 10, 11, 12, 25, 38, 37, 36, 49, 62, 61, 60, 59, 58, 57, 56, 55, 54, 41, 28, 27, 26, 39, 52, 65, 78, 79, 92, 105, 106, 119, 118, 131, 130, 143, 156, 157, 158, 159, 146, 133, 134, 121, 108, 107, 94, 81, 82, 83, 84, 85, 86, 87, 88, 89, 90, 103, 116, 115, 114, 113, 112, 111, 110, 109, 122, 135, 136, 137, 150, 163, 164, 165, 152, 139, 140, 141, 142, 155, 168]
[00:00:03:44:951] ! Bidirectional. expansions: 24,296, time: 224,951 [ms], path length: 92 [edges], g_F: 56, g_B: 36, generated: {'F': 101,828, 'B': 62,623}, MM: 20, MMPER: 20.50537634408602%
[00:00:03:44:952] 
---------- mazes/13x13_maze_with_1_open_diamonds_6 ----------
[00:00:02:18:381] Path of length 92 found: [0, 1, 2, 3, 4, 17, 30, 43, 56, 55, 54, 41, 28, 27, 26, 39, 52, 65, 78, 79, 80, 81, 82, 83, 84, 71, 58, 45, 32, 19, 6, 7, 8, 9, 10, 11, 12, 25, 38, 51, 64, 63, 62, 49, 36, 35, 34, 47, 60, 59, 72, 85, 86, 73, 74, 87, 88, 89, 90, 103, 116, 115, 114, 113, 112, 111, 110, 109, 122, 135, 134, 133, 132, 131, 130, 143, 156, 157, 158, 159, 160, 161, 162, 163, 164, 165, 152, 139, 140, 141, 142, 155, 168]
[00:00:02:18:382] ! Unidirectional s-t. expansions: 24,954, time: 138,381 [ms], path length: 92 [edges], generated: 157,950
[00:00:00:51:190] Path of length 92 found: [168, 155, 142, 141, 140, 139, 152, 165, 164, 163, 162, 161, 160, 159, 158, 157, 156, 143, 130, 131, 132, 133, 134, 135, 122, 109, 108, 107, 106, 105, 92, 79, 78, 65, 52, 39, 26, 27, 28, 41, 54, 55, 56, 57, 58, 71, 84, 85, 72, 73, 86, 99, 112, 113, 114, 115, 116, 103, 90, 89, 88, 75, 74, 61, 60, 47, 34, 35, 36, 49, 62, 63, 64, 51, 38, 25, 12, 11, 10, 9, 8, 7, 6, 19, 32, 31, 30, 17, 4, 3, 2, 1, 0]
[00:00:00:51:190] ! Unidirectional t-s. expansions: 11,165, time: 51,190 [ms], path length: 92 [edges], generated: 68,570
[00:00:00:40:648] Path of length 92 found: [0, 1, 2, 3, 4, 17, 30, 43, 56, 55, 54, 41, 28, 27, 26, 39, 52, 65, 78, 79, 80, 81, 82, 83, 84, 71, 58, 45, 32, 19, 6, 7, 8, 9, 10, 11, 12, 25, 38, 51, 64, 63, 62, 49, 36, 35, 34, 47, 60, 59, 72, 85, 86, 73, 74, 87, 88, 89, 90, 103, 116, 115, 114, 113, 112, 111, 110, 109, 122, 135, 134, 133, 132, 131, 130, 143, 156, 157, 158, 159, 160, 161, 162, 163, 164, 165, 152, 139, 140, 141, 142, 155, 168]
[00:00:00:40:648] ! Bidirectional. expansions: 5,458, time: 40,648 [ms], path length: 92 [edges], g_F: 59, g_B: 33, generated: {'F': 20,955, 'B': 11,020}, MM: 26, MMPER: 26.956989247311828%
[00:00:00:40:648] 
---------- mazes/13x13_maze_with_1_open_diamonds_7 ----------
[00:00:02:56:749] Path of length 94 found: [0, 1, 2, 3, 4, 17, 30, 31, 32, 19, 6, 7, 20, 21, 8, 9, 10, 11, 12, 25, 38, 51, 64, 63, 62, 49, 36, 35, 34, 33, 46, 59, 60, 61, 74, 87, 88, 89, 90, 103, 116, 115, 114, 113, 112, 99, 86, 85, 84, 71, 58, 57, 56, 55, 54, 41, 28, 27, 26, 39, 52, 65, 78, 79, 92, 105, 106, 107, 108, 109, 122, 135, 134, 133, 132, 131, 130, 143, 156, 157, 158, 159, 160, 161, 162, 163, 164, 165, 152, 139, 140, 141, 142, 155, 168]
[00:00:02:56:750] ! Unidirectional s-t. expansions: 32,192, time: 176,749 [ms], path length: 94 [edges], generated: 181,718
[00:00:00:10:353] Path of length 94 found: [168, 155, 142, 141, 140, 139, 152, 165, 164, 163, 162, 161, 160, 159, 158, 157, 156, 143, 130, 131, 132, 133, 134, 135, 122, 109, 108, 107, 106, 105, 92, 79, 78, 65, 52, 39, 26, 27, 28, 41, 54, 55, 56, 57, 58, 71, 84, 85, 86, 99, 112, 113, 114, 115, 116, 103, 90, 89, 88, 87, 74, 61, 60, 59, 46, 47, 34, 35, 36, 49, 62, 63, 64, 51, 38, 25, 12, 11, 10, 9, 8, 21, 20, 7, 6, 19, 32, 31, 30, 17, 4, 3, 2, 1, 0]
[00:00:00:10:353] ! Unidirectional t-s. expansions: 2,370, time: 10,353 [ms], path length: 94 [edges], generated: 16,507
[00:00:01:22:940] Path of length 94 found: [0, 1, 2, 3, 4, 17, 30, 31, 32, 19, 6, 7, 20, 21, 8, 9, 10, 11, 12, 25, 38, 51, 64, 63, 62, 49, 36, 35, 34, 33, 46, 47, 60, 61, 74, 87, 88, 89, 90, 103, 116, 115, 114, 113, 112, 99, 86, 85, 84, 71, 58, 57, 56, 55, 54, 41, 28, 27, 26, 39, 52, 65, 78, 79, 92, 105, 106, 107, 108, 109, 122, 135, 134, 133, 132, 131, 130, 143, 156, 157, 158, 159, 160, 161, 162, 163, 164, 165, 152, 139, 140, 141, 142, 155, 168]
[00:00:01:22:941] ! Bidirectional. expansions: 10,730, time: 82,940 [ms], path length: 94 [edges], g_F: 59, g_B: 35, generated: {'F': 38,148, 'B': 20,383}, MM: 24, MMPER: 24.263157894736842%
[00:00:01:22:941] 
---------- mazes/13x13_maze_with_1_open_diamonds_8 ----------
[00:00:02:56:310] Path of length 94 found: [0, 1, 2, 3, 4, 17, 30, 31, 32, 19, 6, 7, 20, 21, 8, 9, 10, 11, 12, 25, 38, 51, 64, 63, 62, 49, 36, 35, 34, 33, 46, 59, 60, 61, 74, 87, 88, 89, 90, 103, 116, 115, 114, 113, 112, 99, 86, 85, 84, 71, 58, 57, 56, 55, 54, 41, 28, 27, 26, 39, 52, 65, 78, 79, 92, 105, 106, 107, 108, 109, 122, 135, 134, 133, 132, 131, 130, 143, 156, 157, 158, 159, 160, 161, 162, 163, 164, 165, 152, 139, 140, 141, 142, 155, 168]
[00:00:02:56:311] ! Unidirectional s-t. expansions: 32,192, time: 176,310 [ms], path length: 94 [edges], generated: 181,718
[00:00:00:10:143] Path of length 94 found: [168, 155, 142, 141, 140, 139, 152, 165, 164, 163, 162, 161, 160, 159, 158, 157, 156, 143, 130, 131, 132, 133, 134, 135, 122, 109, 108, 107, 106, 105, 92, 79, 78, 65, 52, 39, 26, 27, 28, 41, 54, 55, 56, 57, 58, 71, 84, 85, 86, 99, 112, 113, 114, 115, 116, 103, 90, 89, 88, 87, 74, 61, 60, 59, 46, 47, 34, 35, 36, 49, 62, 63, 64, 51, 38, 25, 12, 11, 10, 9, 8, 21, 20, 7, 6, 19, 32, 31, 30, 17, 4, 3, 2, 1, 0]
[00:00:00:10:143] ! Unidirectional t-s. expansions: 2,370, time: 10,143 [ms], path length: 94 [edges], generated: 16,507
[00:00:01:22:665] Path of length 94 found: [0, 1, 2, 3, 4, 17, 30, 31, 32, 19, 6, 7, 20, 21, 8, 9, 10, 11, 12, 25, 38, 51, 64, 63, 62, 49, 36, 35, 34, 33, 46, 47, 60, 61, 74, 87, 88, 89, 90, 103, 116, 115, 114, 113, 112, 99, 86, 85, 84, 71, 58, 57, 56, 55, 54, 41, 28, 27, 26, 39, 52, 65, 78, 79, 92, 105, 106, 107, 108, 109, 122, 135, 134, 133, 132, 131, 130, 143, 156, 157, 158, 159, 160, 161, 162, 163, 164, 165, 152, 139, 140, 141, 142, 155, 168]
[00:00:01:22:666] ! Bidirectional. expansions: 10,730, time: 82,666 [ms], path length: 94 [edges], g_F: 59, g_B: 35, generated: {'F': 38,148, 'B': 20,383}, MM: 24, MMPER: 24.263157894736842%
[00:00:01:22:666] 
---------- mazes/13x13_maze_with_1_open_diamonds_9 ----------
[00:00:02:41:857] Valid states checked so far: 200,000, Expansions: 27,297, Global best: 89
[00:00:04:52:903] Path of length 92 found: [0, 1, 2, 3, 4, 17, 30, 43, 56, 55, 54, 41, 28, 27, 26, 39, 52, 65, 78, 79, 92, 105, 106, 107, 108, 109, 122, 135, 134, 133, 132, 131, 130, 143, 156, 157, 158, 159, 160, 161, 162, 163, 150, 137, 136, 123, 110, 111, 124, 125, 126, 113, 112, 99, 98, 85, 84, 71, 58, 45, 32, 19, 6, 7, 8, 9, 10, 11, 12, 25, 38, 37, 36, 49, 62, 61, 74, 87, 88, 89, 90, 103, 116, 129, 142, 141, 140, 139, 152, 165, 166, 167, 168]
[00:00:04:52:903] ! Unidirectional s-t. expansions: 54,721, time: 292,903 [ms], path length: 92 [edges], generated: 376,274
[00:00:03:14:634] Valid states checked so far: 200,000, Expansions: 35,536, Global best: 53
[00:00:06:22:345] Valid states checked so far: 400,000, Expansions: 73,463, Global best: 61
[00:00:09:32:069] Valid states checked so far: 600,000, Expansions: 111,634, Global best: 61
[00:00:12:37:461] Valid states checked so far: 800,000, Expansions: 149,694, Global best: 61
[00:00:15:37:851] Valid states checked so far: 1,000,000, Expansions: 187,292, Global best: 61
[00:00:18:31:401] Valid states checked so far: 1,200,000, Expansions: 224,090, Global best: 61
[00:00:21:27:389] Valid states checked so far: 1,400,000, Expansions: 261,534, Global best: 61
[00:00:24:18:316] Valid states checked so far: 1,600,000, Expansions: 299,106, Global best: 61
[00:00:27:07:808] Valid states checked so far: 1,800,000, Expansions: 336,151, Global best: 61
[00:00:29:52:855] Valid states checked so far: 2,000,000, Expansions: 374,045, Global best: 61
[00:00:32:41:943] Valid states checked so far: 2,200,000, Expansions: 411,031, Global best: 81
[00:00:35:24:452] Valid states checked so far: 2,400,000, Expansions: 448,149, Global best: 81
[00:00:38:11:354] Valid states checked so far: 2,600,000, Expansions: 485,331, Global best: 81
[00:00:38:19:770] Path of length 92 found: [168, 167, 166, 165, 152, 139, 140, 141, 142, 129, 116, 103, 90, 89, 88, 87, 86, 85, 98, 99, 112, 113, 126, 125, 138, 137, 150, 163, 162, 161, 160, 159, 158, 157, 156, 143, 130, 131, 132, 133, 134, 135, 136, 123, 124, 111, 110, 109, 108, 107, 106, 105, 92, 79, 78, 65, 52, 39, 26, 27, 28, 41, 54, 55, 56, 57, 58, 59, 60, 61, 62, 63, 64, 51, 38, 25, 12, 11, 10, 9, 8, 7, 6, 19, 32, 31, 30, 17, 4, 3, 2, 1, 0]
[00:00:38:19:770] ! Unidirectional t-s. expansions: 486,889, time: 2,299,770 [ms], path length: 92 [edges], generated: 2,609,339
[00:00:06:33:762] Path of length 92 found: [0, 1, 2, 3, 4, 17, 30, 43, 56, 55, 54, 41, 28, 27, 26, 39, 52, 65, 78, 79, 92, 105, 106, 107, 108, 109, 122, 135, 134, 133, 132, 131, 130, 143, 156, 157, 158, 159, 160, 161, 162, 163, 150, 137, 136, 123, 110, 111, 124, 125, 126, 113, 112, 99, 86, 85, 84, 71, 58, 45, 32, 19, 6, 7, 8, 9, 10, 11, 12, 25, 38, 51, 64, 63, 62, 61, 74, 87, 88, 89, 90, 103, 116, 129, 142, 141, 140, 139, 152, 165, 166, 167, 168]
[00:00:06:33:763] ! Bidirectional. expansions: 43,053, time: 393,762 [ms], path length: 92 [edges], g_F: 59, g_B: 33, generated: {'F': 186,715, 'B': 125,227}, MM: 26, MMPER: 26.956989247311828%
[00:00:06:33:763] average expansions: (49,994, 124,254, 22,912, 0)
[00:00:06:33:763] average time: (279,330, 618,644, 212,003, 0)
[00:00:06:33:763] XIDA: 49,994 , 279,330 (expansions , time[ms])
[00:00:06:33:763] BiXIDA: 22,912 , 212,003 (expansions , time[ms])

