--------------------------
date: mazes
number_of_graphs: 10
graph_type: maze
size_of_graphs: [13, 13]
heuristic: bcc_heuristic
snake: False
run_uni: True
run_bi: True
run_multi: False
solution_vertices: []
algorithms: ['A']
lookahead: 1
bsd: False
cube_first_dims: 4
cube_buffer_dim: None
backward_sym_generation: False
sym_coil: False
prefix_set: None

---------- mazes/13x13_maze_with_1_open_diamonds_0 ----------
[00:00:00:23:380] Expansion 10,000: state None, f=97, g=35
[00:00:00:45:783] Expansion 20,000: state None, f=95, g=20
[00:00:01:06:036] Expansion 30,000: state None, f=93, g=30
[00:00:01:09:918] Path of length 92 found: [0, 1, 2, 3, 4, 17, 30, 31, 32, 19, 6, 7, 8, 9, 10, 11, 12, 25, 38, 37, 36, 49, 62, 61, 60, 59, 58, 57, 56, 55, 54, 41, 28, 27, 26, 39, 52, 65, 78, 79, 80, 81, 82, 83, 84, 85, 86, 87, 88, 89, 90, 103, 116, 115, 114, 113, 112, 111, 110, 109, 122, 135, 134, 133, 132, 119, 120, 107, 106, 105, 118, 131, 130, 143, 156, 157, 144, 145, 146, 159, 160, 161, 162, 163, 164, 165, 152, 139, 140, 141, 142, 155, 168]
[00:00:01:09:919] ! Unidirectional s-t. expansions: 31,360, time: 69,918 [ms], path length: 92 [edges], generated: 47,235
[00:00:00:28:295] Expansion 10,000: state None, f=101, g=28
[00:00:00:51:316] Expansion 20,000: state None, f=99, g=45
[00:00:01:11:592] Expansion 30,000: state None, f=98, g=33
[00:00:01:33:150] Expansion 40,000: state None, f=97, g=38
[00:00:01:52:445] Expansion 50,000: state None, f=96, g=42
[00:00:02:14:696] Expansion 60,000: state None, f=95, g=60
[00:00:02:35:743] Expansion 70,000: state None, f=95, g=23
[00:00:02:52:787] Expansion 80,000: state None, f=94, g=43
[00:00:03:14:715] Expansion 90,000: state None, f=94, g=31
[00:00:03:32:098] Expansion 100,000: state None, f=93, g=45
[00:00:03:53:665] Path of length 92 found: [168, 155, 142, 141, 140, 139, 152, 165, 164, 163, 150, 137, 136, 135, 134, 133, 146, 159, 158, 157, 156, 143, 130, 131, 144, 145, 132, 119, 118, 105, 106, 107, 108, 109, 110, 111, 112, 113, 114, 115, 116, 103, 90, 89, 88, 87, 86, 85, 84, 83, 82, 81, 80, 79, 78, 65, 52, 39, 26, 27, 28, 41, 54, 55, 56, 57, 58, 59, 60, 61, 62, 63, 64, 51, 38, 25, 12, 11, 10, 9, 8, 7, 6, 19, 32, 31, 30, 17, 4, 3, 2, 1, 0]
[00:00:03:53:667] ! Unidirectional t-s. expansions: 108,294, time: 233,665 [ms], path length: 92 [edges], generated: 154,445
[00:00:00:44:312] Expansion 10,000: F [0, 1, 2, 3, 4, 17, 30, 31, 32], B [168, 167, 166, 165, 164, 163, 150, 137, 136, 135, 134, 133, 120, 119, 132, 145, 146, 159, 158, 157, 144, 143], f=100, g=29
[00:00:01:22:493] Expansion 20,000: F [0, 1, 2, 3, 4, 17, 30, 31, 32], B [168, 155, 142, 141, 140, 139, 152, 165, 164, 163, 162, 161, 160, 159, 158, 145, 144, 143, 130, 131, 118, 119, 106, 107, 120, 133, 134, 135, 122, 109, 110, 111, 112, 113, 114, 115, 116, 103, 90, 89], f=98, g=47
[00:00:02:01:352] Expansion 30,000: F [0, 1, 2, 3, 4, 17, 30, 31, 32], B [168, 155, 142, 141, 140, 139, 152, 165, 164, 163, 162, 161, 160, 159, 158, 157, 144, 145, 132, 119, 106, 107, 120, 133, 134, 135, 122, 109, 110, 111, 112], f=97, g=38
[00:00:02:35:209] Expansion 40,000: F [0, 13, 26, 27, 28, 41, 54, 53, 52, 65, 78, 79, 80, 81, 82, 83, 84, 71, 58], B [168, 155, 142, 141, 140, 139, 152, 165, 164, 163, 150, 137, 136, 135, 134, 133, 146, 159, 158, 145, 144, 143], f=96, g=39
[00:00:03:12:058] Expansion 50,000: F [0, 1, 2, 3, 4, 17, 30, 31, 32], B [168, 155, 142, 141, 140, 139, 152, 165, 164, 163, 162, 161, 160, 159, 158, 157, 156, 143, 130, 131, 118, 105, 106, 107, 120, 119, 132, 145, 146, 133, 134, 135, 122, 109, 110, 111, 112, 113, 114, 115, 116, 103, 90, 89, 88, 87, 86, 85, 84, 83, 82, 81, 80, 79, 78, 65, 52, 53], f=95, g=65
[00:00:03:42:200] Expansion 60,000: F [0, 13, 26, 27, 28, 41, 54, 53, 52, 65, 78, 79, 80, 81, 82, 83, 84, 71, 58], B [168, 155, 142, 141, 140, 139, 152, 165, 164, 163, 150, 137, 136, 135, 134, 133, 146, 159, 158, 157, 144, 145, 132, 131, 118, 105], f=95, g=43
[00:00:04:14:866] Expansion 70,000: F [0, 1, 2, 3, 4, 17, 30, 43, 56, 55, 54, 41, 28, 27, 26, 39, 52, 65, 78, 79, 80, 81, 82, 83, 84, 71, 58, 45, 32], B [168, 155, 142, 141, 140, 139, 152, 165, 164, 163, 162, 161, 160, 159, 146, 145, 144, 157, 156, 143, 130, 131, 118, 119, 132, 133, 134, 135], f=94, g=55
[00:00:04:50:209] Expansion 80,000: F [0, 1, 2, 3, 4, 17, 30, 31, 32], B [168, 167, 166, 165, 164, 163, 150, 137, 136, 135, 134, 133, 146, 159, 158, 157, 144, 143, 130, 131, 118, 119, 120, 107, 108, 109, 110, 111, 112, 113, 114], f=94, g=38
[00:00:05:25:636] Expansion 90,000: F [0, 1, 2, 3, 4, 17, 30, 31, 32, 19, 6, 7, 8, 9, 10, 11, 12, 25, 38, 37, 36, 49, 62, 61, 60, 59], B [168, 167, 166, 165, 152, 139, 140, 141, 142, 129, 116, 103, 90, 89, 88, 87, 86, 99, 112, 111, 110, 109, 122, 135, 136, 137, 150, 163, 162, 161, 160, 159, 158, 157, 144, 143, 130, 131, 132, 145, 146, 133, 120, 119, 106, 105, 92, 79], f=93, g=72
[00:00:05:50:422] Expansion 100,000: F [0, 13, 26, 27, 28, 41, 54, 53, 52, 65, 78, 79, 80, 81, 82, 83, 84, 71, 58], B [168, 155, 142, 141, 140, 139, 152, 165, 164, 163, 150, 137, 136, 135, 134, 133, 120, 119, 132, 145, 158, 157, 156, 143, 144, 131, 118, 105, 106, 107, 108, 109, 110, 111, 112, 113, 114, 115], f=93, g=55
[00:00:05:50:423] Expansions: 100,000. Checks - state_vs_state: 0, prefix: 423,954
[00:00:05:50:424] Expansions: 100,000. Checks - state_vs_state: 0, prefix: 423,955
[00:00:05:50:424] Expansions: 100,000. Checks - state_vs_state: 0, prefix: 423,956
[00:00:05:50:425] Expansions: 100,000. Checks - state_vs_state: 0, prefix: 423,957
[00:00:06:23:570] Expansion 110,000: F [0, 1, 2, 3, 4, 17, 30, 31, 32], B [168, 155, 142, 141, 140, 139, 152, 165, 164, 163, 150, 137, 136, 135, 122, 109, 108, 107, 120, 133, 146, 145, 158, 157, 156, 143, 144, 131, 118, 105, 92, 79, 78, 65, 52, 39, 26, 27], f=93, g=45
[00:00:07:02:203] Path of length 92 found: [0, 1, 2, 3, 4, 17, 30, 31, 32, 19, 6, 7, 8, 9, 10, 11, 12, 25, 38, 51, 64, 63, 62, 61, 60, 59, 58, 57, 56, 55, 54, 41, 28, 27, 26, 39, 52, 65, 78, 79, 80, 81, 82, 83, 84, 85, 86, 87, 88, 89, 90, 103, 116, 115, 114, 113, 112, 111, 110, 109, 108, 107, 106, 105, 118, 119, 132, 131, 130, 143, 156, 157, 144, 145, 158, 159, 146, 133, 134, 135, 136, 137, 150, 163, 164, 165, 152, 139, 140, 141, 142, 155, 168]
[00:00:07:02:211] ! Bidirectional. expansions: 118,601, time: 422,203 [ms], path length: 92 [edges], g_F: 10, g_B: 82, generated: {'F': 32,277, 'B': 141,580}, MM: 72, MMPER: 76.41935483870968%
[00:00:07:02:213] 
---------- mazes/13x13_maze_with_1_open_diamonds_1 ----------
[00:00:00:46:568] Expansion 10,000: state None, f=98, g=40
[00:00:01:10:369] Expansion 20,000: state None, f=95, g=36
[00:00:01:31:462] Expansion 30,000: state None, f=93, g=35
[00:00:01:52:485] Expansion 40,000: state None, f=92, g=23
[00:00:02:10:868] Expansion 50,000: state None, f=91, g=30
[00:00:02:13:860] Path of length 90 found: [0, 1, 2, 15, 28, 27, 26, 39, 52, 53, 54, 41, 42, 29, 16, 3, 4, 17, 30, 43, 56, 57, 58, 45, 32, 19, 6, 7, 8, 9, 10, 11, 12, 25, 38, 37, 36, 49, 62, 61, 74, 87, 88, 89, 90, 103, 116, 115, 114, 113, 112, 99, 86, 85, 84, 83, 82, 81, 80, 79, 92, 105, 106, 107, 108, 109, 122, 135, 134, 133, 132, 131, 130, 143, 156, 157, 158, 159, 160, 161, 162, 163, 164, 165, 152, 139, 140, 141, 142, 155, 168]
[00:00:02:13:866] ! Unidirectional s-t. expansions: 51,200, time: 133,860 [ms], path length: 90 [edges], generated: 69,643
[00:00:00:03:037] Path of length 90 found: [168, 155, 142, 141, 140, 139, 152, 165, 164, 163, 162, 161, 160, 159, 158, 157, 156, 143, 130, 131, 132, 133, 134, 135, 122, 109, 108, 107, 106, 105, 92, 79, 80, 81, 82, 83, 84, 85, 86, 99, 112, 113, 114, 115, 116, 103, 90, 89, 88, 87, 74, 61, 62, 63, 64, 51, 38, 25, 12, 11, 10, 9, 8, 7, 6, 19, 32, 45, 58, 57, 56, 43, 30, 17, 4, 3, 16, 29, 42, 55, 54, 53, 52, 39, 26, 27, 28, 15, 2, 1, 0]
[00:00:00:03:039] ! Unidirectional t-s. expansions: 1,607, time: 3,037 [ms], path length: 90 [edges], generated: 2,500
[00:00:00:47:148] Expansion 10,000: F [0, 1, 2, 3, 4, 17, 30, 43, 56, 55, 54, 41, 42, 29, 16, 15, 28, 27, 26, 39, 52, 65, 78, 79, 80, 81, 82, 83, 84, 71], B [168, 167, 166, 165], f=101, g=32
[00:00:01:28:789] Expansion 20,000: F [0, 13, 26, 27, 28, 29, 42, 43, 56, 55, 54, 53, 52, 65], B [168, 167, 166, 165], f=99, g=16
[00:00:02:16:548] Expansion 30,000: F [0, 13, 26, 39, 52, 53, 54, 41, 42, 29, 28, 15, 16, 17, 30, 43, 56, 57, 58], B [168, 155, 142, 141, 140, 139, 152, 165, 164, 163, 162, 161, 160, 159, 158, 157, 156, 143, 130, 131, 132, 133, 134, 135, 122], f=97, g=42
[00:00:02:53:387] Expansion 40,000: F [0, 1, 2, 15, 28, 27, 26, 39, 52, 53, 54, 55, 42, 29, 16, 3, 4, 17, 30, 31, 32, 19, 6, 7, 8, 9, 10, 11, 12, 25, 38, 37, 36, 49, 62, 61, 60, 59, 58, 71, 84, 83, 82, 81, 80, 79, 92, 105, 106, 107, 108], B [168, 167, 166, 165], f=95, g=53
[00:00:03:29:763] Expansion 50,000: F [0, 13, 26, 27, 28, 15, 16, 29, 30, 31, 32], B [168, 155, 142, 141, 140, 139, 152, 165, 164, 163, 162, 161, 160, 159, 158, 157, 156, 143, 130, 131, 132, 133, 134, 135, 122, 109, 110, 111, 112, 113, 114, 115, 116, 103, 90, 89], f=94, g=45
[00:00:04:05:117] Expansion 60,000: F [0, 1, 2, 3, 16, 29, 42, 41, 28, 27, 26, 39, 52, 53, 54, 55, 56, 57, 58, 45, 32, 19, 6, 7, 8, 9, 10, 11, 12, 25, 38, 51, 64, 63, 62, 61, 74, 87, 88], B [168, 167, 166, 165], f=93, g=41
[00:00:04:39:129] Expansion 70,000: F [0, 13, 26, 27, 28, 29, 16, 3, 4, 17, 30, 31, 32, 19, 6, 7, 8, 9, 10, 11, 12, 25, 38, 37, 36, 49, 62, 61, 60, 59, 58, 57, 56, 55, 42, 41, 54, 53, 52, 65, 78, 79, 80], B [168, 167, 166, 165], f=92, g=45
[00:00:05:13:138] Expansion 80,000: F [0, 1, 2, 3, 4, 17, 16, 29, 28, 41, 42, 43, 30, 31, 32, 19, 6, 7, 8, 9, 10, 11, 12, 25, 38, 51, 64, 63, 62, 61, 74, 87, 88, 89, 90, 103, 116, 115, 114, 113, 112], B [168, 167, 166, 165], f=91, g=43
[00:00:05:47:112] Path of length 90 found: [0, 1, 2, 15, 16, 3, 4, 17, 30, 29, 28, 27, 26, 39, 52, 53, 54, 41, 42, 55, 56, 57, 58, 45, 32, 19, 6, 7, 8, 9, 10, 11, 12, 25, 38, 51, 64, 63, 62, 61, 74, 87, 88, 89, 90, 103, 116, 115, 114, 113, 112, 99, 86, 85, 84, 83, 82, 81, 80, 79, 92, 105, 106, 107, 108, 109, 122, 135, 134, 133, 132, 131, 130, 143, 156, 157, 158, 159, 160, 161, 162, 163, 164, 165, 152, 139, 140, 141, 142, 155, 168]
[00:00:05:47:115] ! Bidirectional. expansions: 88,576, time: 347,112 [ms], path length: 90 [edges], g_F: 26, g_B: 64, generated: {'F': 69,031, 'B': 48,995}, MM: 38, MMPER: 40.75824175824176%
[00:00:05:47:115] 
---------- mazes/13x13_maze_with_1_open_diamonds_2 ----------
[00:00:00:25:094] Expansion 10,000: state None, f=96, g=47
[00:00:00:45:926] Expansion 20,000: state None, f=94, g=34
[00:00:01:04:833] Path of length 92 found: [0, 1, 2, 3, 4, 17, 30, 43, 56, 55, 54, 41, 28, 27, 26, 39, 52, 65, 78, 79, 80, 81, 82, 83, 70, 57, 58, 45, 32, 19, 6, 7, 8, 9, 10, 11, 12, 25, 38, 37, 36, 49, 62, 61, 60, 59, 72, 71, 84, 85, 86, 87, 88, 89, 90, 103, 116, 115, 114, 113, 112, 99, 98, 111, 110, 97, 96, 109, 122, 135, 134, 133, 132, 131, 130, 143, 156, 157, 158, 159, 160, 161, 162, 163, 164, 165, 152, 139, 140, 141, 142, 155, 168]
[00:00:01:04:837] ! Unidirectional s-t. expansions: 29,438, time: 64,833 [ms], path length: 92 [edges], generated: 44,753
[00:00:00:22:410] Expansion 10,000: state None, f=96, g=49
[00:00:00:39:539] Expansion 20,000: state None, f=94, g=44
[00:00:00:49:496] Path of length 92 found: [168, 155, 142, 141, 140, 139, 152, 165, 164, 163, 162, 161, 160, 159, 158, 157, 156, 143, 130, 131, 132, 133, 134, 135, 122, 109, 110, 111, 112, 113, 114, 115, 116, 103, 90, 89, 88, 87, 86, 99, 98, 85, 72, 59, 60, 61, 62, 63, 64, 51, 38, 25, 12, 11, 10, 9, 8, 7, 6, 19, 32, 45, 58, 57, 70, 71, 84, 97, 96, 83, 82, 81, 80, 79, 78, 65, 52, 39, 26, 27, 28, 41, 54, 55, 56, 43, 30, 17, 4, 3, 2, 1, 0]
[00:00:00:49:500] ! Unidirectional t-s. expansions: 25,254, time: 49,496 [ms], path length: 92 [edges], generated: 36,149
[00:00:00:31:602] Expansion 10,000: F [0, 1, 2, 3, 4, 17, 30, 31, 32], B [168, 155, 142, 141, 140, 139, 152, 165, 164, 163, 162, 161, 160, 159, 158, 157, 156, 143, 130, 131, 132, 133, 134, 135, 122, 109, 110, 111, 112, 113, 114, 115, 116, 103, 90, 89, 88, 87, 86, 99, 98, 85, 84, 71, 70, 83, 82, 81, 80, 79], f=96, g=57
[00:00:01:04:667] Expansion 20,000: F [0, 1, 2, 3, 4, 17, 30, 31, 32], B [168, 155, 142, 141, 140, 139, 152, 165, 164, 163, 162, 161, 160, 159, 158, 157, 156, 143, 130, 131, 132, 133, 134, 135, 122, 109, 108, 107, 106, 105, 92, 79, 78, 65, 52, 53, 54, 55, 56, 57, 58, 59, 72, 71, 70, 83, 96, 97, 84, 85, 86, 99, 98, 111, 112, 113, 114, 115, 116, 103, 90, 89, 88, 87], f=94, g=71
[00:00:01:33:728] Expansion 30,000: F [0, 13, 26, 27, 28, 41, 54, 55, 56, 43, 30, 31, 32, 19, 6, 7, 8, 9, 10, 11, 12, 25, 38, 51, 64, 63, 62, 61, 60, 59, 72, 85, 98, 97, 84, 71, 58, 57, 70, 83, 82, 81, 80, 79], B [168, 167, 166, 165], f=93, g=46
[00:00:01:42:570] Path of length 92 found: [0, 1, 2, 3, 4, 17, 30, 31, 32, 19, 6, 7, 8, 9, 10, 11, 12, 25, 38, 51, 64, 63, 62, 61, 60, 59, 72, 85, 86, 87, 88, 89, 90, 103, 116, 115, 114, 113, 112, 99, 98, 111, 110, 97, 96, 83, 84, 71, 70, 57, 56, 55, 54, 41, 28, 27, 26, 39, 52, 65, 78, 79, 92, 105, 106, 107, 108, 109, 122, 135, 134, 133, 132, 131, 130, 143, 156, 157, 158, 159, 160, 161, 162, 163, 164, 165, 152, 139, 140, 141, 142, 155, 168]
[00:00:01:42:573] ! Bidirectional. expansions: 32,133, time: 102,570 [ms], path length: 92 [edges], g_F: 10, g_B: 82, generated: {'F': 21,456, 'B': 26,678}, MM: 72, MMPER: 76.41935483870968%
[00:00:01:42:573] 
---------- mazes/13x13_maze_with_1_open_diamonds_3 ----------
[00:00:00:22:881] Expansion 10,000: state None, f=92, g=56
[00:00:00:42:441] Expansion 20,000: state None, f=91, g=34
[00:00:00:43:654] Path of length 90 found: [0, 1, 2, 3, 4, 17, 30, 31, 32, 19, 6, 7, 8, 9, 10, 11, 12, 25, 38, 37, 36, 49, 62, 61, 60, 59, 58, 57, 56, 55, 54, 41, 28, 27, 26, 39, 52, 65, 78, 79, 80, 81, 82, 83, 84, 85, 86, 87, 88, 89, 90, 103, 116, 129, 142, 141, 140, 139, 126, 113, 114, 115, 102, 101, 100, 99, 98, 111, 110, 109, 122, 135, 134, 133, 132, 131, 130, 143, 156, 157, 158, 159, 160, 161, 162, 163, 164, 165, 166, 167, 168]
[00:00:00:43:657] ! Unidirectional s-t. expansions: 20,438, time: 43,654 [ms], path length: 90 [edges], generated: 31,641
[00:00:00:25:971] Expansion 10,000: state None, f=98, g=58
[00:00:00:46:580] Expansion 20,000: state None, f=95, g=59
[00:00:01:05:616] Expansion 30,000: state None, f=93, g=58
[00:00:01:23:957] Expansion 40,000: state None, f=92, g=39
[00:00:01:42:799] Path of length 90 found: [168, 167, 166, 165, 164, 163, 162, 161, 160, 159, 158, 157, 156, 143, 130, 131, 132, 133, 134, 135, 122, 109, 110, 111, 98, 85, 86, 99, 112, 113, 126, 139, 140, 141, 142, 129, 116, 115, 114, 101, 102, 103, 90, 89, 88, 87, 74, 61, 62, 63, 64, 51, 38, 25, 12, 11, 10, 9, 8, 7, 6, 19, 32, 45, 58, 71, 84, 83, 82, 81, 80, 79, 78, 65, 52, 39, 26, 27, 28, 41, 54, 55, 56, 43, 30, 17, 4, 3, 2, 1, 0]
[00:00:01:42:801] ! Unidirectional t-s. expansions: 49,827, time: 102,799 [ms], path length: 90 [edges], generated: 71,852
[00:00:00:46:427] Expansion 10,000: F [0, 1, 2, 3, 4, 17, 30, 31, 32], B [168, 155, 142, 129, 116, 103, 102, 89, 88, 87, 100, 113, 126, 139, 152, 165, 164, 163, 162, 161], f=99, g=27
[00:00:01:24:555] Expansion 20,000: F [0, 1, 2, 3, 4, 17, 30, 31, 32], B [168, 167, 166, 165, 164, 163, 162, 161, 160, 159, 158, 157, 156, 143, 130, 131, 132, 133, 134, 135, 122, 109, 110, 111, 98, 99, 112, 113, 126, 139, 140, 141, 142, 129, 116, 103, 102, 89, 88, 87], f=96, g=47
[00:00:01:58:592] Expansion 30,000: F [0, 13, 26, 27, 28, 41, 54, 55, 56], B [168, 155, 142, 129, 116, 103, 90, 89, 102, 115, 114, 101, 88, 87, 100, 99, 86, 85, 98, 111, 112, 113, 126, 139, 152, 165, 164, 163, 162, 161, 160, 159, 158, 157, 156, 143, 130, 131, 132, 133, 134, 135, 122, 109, 108, 107, 106, 105, 92, 79, 80, 81, 82, 83, 84, 71], f=94, g=63
[00:00:02:28:114] Expansion 40,000: F [0, 1, 2, 3, 4, 17, 30, 31, 32], B [168, 155, 142, 129, 116, 115, 114, 101, 102, 89, 88, 87, 86, 99, 112, 113, 126, 139, 152, 165, 164, 163, 162, 161, 160, 159, 158, 157, 156, 143, 130, 131, 132, 133, 134, 135, 122, 109, 110, 111, 98, 85, 84, 83, 82, 81, 80, 79, 78, 65, 52, 39, 26, 27, 28, 41, 54, 55, 56], f=93, g=66
[00:00:03:05:481] Expansion 50,000: F [0, 1, 2, 3, 4, 17, 30, 31, 32, 19, 6, 7, 8, 9, 10, 11, 12, 25, 38, 51, 64], B [168, 155, 142, 129, 116, 103, 90, 89, 88, 87, 100, 113, 126, 139, 152, 165, 164, 163, 162, 161, 160, 159, 158, 157, 156, 143, 130, 131, 132, 133, 134, 135, 122, 109], f=92, g=53
[00:00:03:32:861] Expansion 60,000: F [0, 1, 2, 3, 4, 17, 30, 31, 32], B [168, 167, 166, 165, 164, 163, 162, 161, 160, 159, 158, 157, 156, 143, 130, 131, 132, 133, 134, 135, 122, 109, 110, 111, 112, 113, 126, 139, 140, 141, 142, 129, 116, 115, 102, 103, 90, 89, 88, 101, 100, 99, 86, 85, 84, 83, 82, 81, 80, 79, 78, 65, 52, 53], f=91, g=61
[00:00:03:58:729] Path of length 90 found: [0, 1, 2, 3, 4, 17, 30, 43, 56, 55, 54, 41, 28, 27, 26, 39, 52, 65, 78, 79, 80, 81, 82, 83, 84, 71, 58, 45, 32, 19, 6, 7, 8, 9, 10, 11, 12, 25, 38, 51, 64, 63, 62, 61, 74, 87, 88, 101, 114, 115, 102, 89, 90, 103, 116, 129, 142, 141, 140, 139, 126, 113, 112, 99, 86, 85, 98, 111, 110, 109, 122, 135, 134, 133, 132, 131, 130, 143, 156, 157, 158, 159, 160, 161, 162, 163, 164, 165, 166, 167, 168]
[00:00:03:58:731] ! Bidirectional. expansions: 67,796, time: 238,729 [ms], path length: 90 [edges], g_F: 30, g_B: 60, generated: {'F': 21,171, 'B': 73,437}, MM: 30, MMPER: 31.967032967032964%
[00:00:03:58:732] 
---------- mazes/13x13_maze_with_1_open_diamonds_4 ----------
[00:00:00:25:778] Expansion 10,000: state None, f=97, g=59
[00:00:00:47:384] Expansion 20,000: state None, f=95, g=25
[00:00:01:04:505] Expansion 30,000: state None, f=93, g=51
[00:00:01:13:943] Path of length 92 found: [0, 1, 2, 3, 4, 17, 30, 31, 32, 19, 6, 7, 8, 9, 10, 11, 12, 25, 38, 37, 36, 49, 62, 61, 60, 59, 58, 57, 56, 55, 54, 41, 28, 27, 26, 39, 52, 65, 78, 79, 80, 81, 82, 83, 84, 85, 86, 87, 88, 89, 90, 103, 116, 115, 114, 113, 112, 111, 110, 109, 108, 107, 106, 119, 132, 131, 130, 143, 156, 157, 158, 159, 160, 147, 134, 133, 120, 121, 122, 123, 136, 137, 150, 163, 164, 165, 152, 139, 140, 141, 142, 155, 168]
[00:00:01:13:947] ! Unidirectional s-t. expansions: 33,578, time: 73,943 [ms], path length: 92 [edges], generated: 51,823
[00:00:00:27:617] Expansion 10,000: state None, f=101, g=32
[00:00:00:50:610] Expansion 20,000: state None, f=99, g=33
[00:00:01:11:417] Expansion 30,000: state None, f=97, g=50
[00:00:01:31:465] Expansion 40,000: state None, f=96, g=45
[00:00:01:52:389] Expansion 50,000: state None, f=95, g=38
[00:00:02:10:770] Expansion 60,000: state None, f=94, g=63
[00:00:02:33:458] Expansion 70,000: state None, f=93, g=77
[00:00:02:51:005] Expansion 80,000: state None, f=93, g=34
[00:00:02:57:282] Path of length 92 found: [168, 167, 166, 165, 152, 139, 140, 141, 142, 129, 116, 103, 90, 89, 88, 87, 74, 61, 62, 63, 64, 51, 38, 25, 12, 11, 10, 9, 8, 7, 6, 19, 32, 45, 58, 71, 84, 85, 86, 99, 112, 111, 110, 123, 136, 137, 150, 163, 162, 161, 160, 159, 158, 157, 156, 143, 130, 131, 132, 119, 106, 107, 120, 133, 134, 135, 122, 109, 108, 95, 82, 81, 80, 79, 78, 65, 52, 39, 26, 27, 28, 41, 54, 55, 56, 43, 30, 17, 4, 3, 2, 1, 0]
[00:00:02:57:283] ! Unidirectional t-s. expansions: 82,439, time: 177,282 [ms], path length: 92 [edges], generated: 118,601
[00:00:00:40:186] Expansion 10,000: F [0, 1, 2, 3, 4, 17, 30, 31, 32], B [168, 155, 142, 141, 140, 139, 152, 165, 164, 163, 150, 137, 136, 135, 122, 109, 110, 111, 112, 113, 114, 115, 116, 103, 90, 89, 88, 87, 86, 85, 84, 83, 82, 95, 108, 107, 120, 121, 134, 147, 160, 159, 158, 157, 156, 143, 130, 131, 132, 119, 106, 105, 92, 79, 78], f=100, g=62
[00:00:01:28:156] Expansion 20,000: F [0, 1, 2, 3, 4, 17, 30, 31, 32], B [168, 155, 142, 141, 140, 139, 152, 165, 164, 163, 150, 137, 136, 123, 110, 111, 112, 113, 114, 115, 116, 103, 90, 89, 88, 87, 86, 85, 84, 83, 82, 95, 108, 109, 122, 135, 134, 147, 160, 159, 158, 157, 156, 143, 130, 131, 132, 119, 106, 105], f=98, g=57
[00:00:02:01:663] Expansion 30,000: F [0, 13, 26, 27, 28, 41, 54, 53, 52, 65, 78, 79, 92, 105, 106, 119, 132, 131, 130, 143, 156, 157, 158, 159, 160, 147, 134, 135, 122, 121, 120, 107, 108, 95, 82, 83, 84], B [168, 155, 142, 141, 140, 139, 152, 165, 164, 163, 150, 137, 136, 123, 110, 111, 112, 113, 114, 115, 116, 103], f=97, g=57
[00:00:02:35:913] Expansion 40,000: F [0, 1, 2, 3, 4, 17, 30, 43, 56, 55, 54, 53, 52, 65, 78, 79, 80, 81, 82, 95, 108, 107, 106, 119, 120, 133, 132, 131, 130, 143, 156, 157, 158, 159, 160, 161, 162, 163, 150, 137, 136, 135, 134, 121, 122, 109, 110, 111, 112, 99, 86, 85, 84, 71, 58], B [168, 167, 166, 165, 152, 139, 140, 141, 142, 129, 116, 103, 90, 89, 88, 87, 74, 61], f=96, g=71
[00:00:03:07:918] Expansion 50,000: F [0, 13, 26, 39, 52], B [168, 155, 142, 141, 140, 139, 152, 165, 164, 163, 162, 161, 160, 159, 158, 157, 156, 143, 130, 131, 132, 133, 120, 121, 134, 135, 122, 123, 110, 109, 108, 107], f=96, g=35
[00:00:03:36:313] Expansion 60,000: F [0, 1, 2, 3, 4, 17, 30, 43, 56, 55, 54, 41, 28, 27, 26, 39, 52, 65, 78, 79, 92, 105, 106, 119, 132, 131, 130, 143, 156, 157, 158, 159, 160, 161, 162, 163, 150, 137, 136, 135, 122, 121, 134, 133, 120, 107, 108, 95, 82, 83, 84], B [168, 155, 142, 129, 116], f=95, g=54
[00:00:04:12:697] Expansion 70,000: F [0, 1, 2, 3, 4, 17, 30, 31, 32], B [168, 167, 166, 165, 152, 139, 140, 141, 142, 129, 116, 115, 114, 113, 112, 99, 86, 85, 84, 83, 82, 95, 108, 121, 122, 109, 110, 123, 136, 137, 150, 163, 162, 161, 160, 159, 158, 157, 156, 143, 130, 131, 132, 133, 120, 107, 106, 105, 92, 79, 78, 65, 52, 39, 26, 27, 28, 41, 54, 55, 56, 57, 58, 59], f=94, g=71
[00:00:04:38:740] Expansion 80,000: F [0, 1, 2, 3, 4, 17, 30, 43, 56, 55, 54, 53, 52, 65, 78, 79, 80, 81, 82, 83, 84, 71, 58], B [168, 155, 142, 141, 140, 139, 152, 165, 164, 163, 150, 137, 136, 123, 122, 135, 134, 147, 160, 159, 158, 157, 156, 143, 130, 131, 132, 133, 120, 107, 108, 109, 110, 111, 112], f=94, g=56
[00:00:05:17:000] Expansion 90,000: F [0, 13, 26, 39, 52, 53, 54, 55, 56], B [168, 167, 166, 165, 164, 163, 150, 137, 136, 135, 134, 147, 160, 159, 158, 157, 156, 143, 130, 131, 132, 133, 120, 119, 106, 105, 92, 79, 80, 81], f=94, g=37
[00:00:05:42:418] Expansion 100,000: F [0, 1, 2, 3, 4, 17, 30, 31, 32], B [168, 167, 166, 165, 152, 139, 140, 141, 142, 129, 116, 103, 90, 89, 88, 87, 86, 85, 84, 83, 82, 95, 108, 121, 122, 135, 136, 137, 150, 163, 162, 161, 160, 159, 158, 157, 156, 143, 130, 131, 132, 133, 120, 107, 106, 105, 92, 79, 78, 65, 52, 39, 26, 27, 28, 41, 54, 55], f=93, g=65
[00:00:05:42:418] Expansions: 100,000. Checks - state_vs_state: 162, prefix: 417,961
[00:00:05:42:419] Expansions: 100,000. Checks - state_vs_state: 162, prefix: 417,962
[00:00:05:42:419] Expansions: 100,000. Checks - state_vs_state: 162, prefix: 417,963
[00:00:05:42:420] Expansions: 100,000. Checks - state_vs_state: 162, prefix: 417,964
[00:00:06:14:563] Expansion 110,000: F [0, 1, 2, 3, 4, 17, 30, 31, 32], B [168, 155, 142, 141, 140, 139, 152, 165, 164, 163, 162, 161, 160, 147, 134, 135, 122, 109, 110, 111, 112, 113, 114, 115, 116, 103, 90, 89, 88, 87, 86, 85, 84, 83, 82, 95, 108], f=93, g=44
[00:00:06:51:006] Path of length 92 found: [0, 1, 2, 3, 4, 17, 30, 43, 56, 55, 54, 41, 28, 27, 26, 39, 52, 65, 78, 79, 80, 81, 82, 95, 108, 107, 106, 119, 120, 133, 132, 131, 130, 143, 156, 157, 158, 159, 160, 161, 162, 163, 150, 137, 136, 135, 134, 121, 122, 109, 110, 111, 112, 99, 86, 85, 84, 71, 58, 45, 32, 19, 6, 7, 8, 9, 10, 11, 12, 25, 38, 51, 64, 63, 62, 61, 74, 87, 88, 89, 90, 103, 116, 129, 142, 141, 140, 139, 152, 165, 166, 167, 168]
[00:00:06:51:011] ! Bidirectional. expansions: 118,552, time: 411,006 [ms], path length: 92 [edges], g_F: 62, g_B: 30, generated: {'F': 40,226, 'B': 133,736}, MM: 32, MMPER: 33.40860215053763%
[00:00:06:51:013] 
---------- mazes/13x13_maze_with_1_open_diamonds_5 ----------
[00:00:00:26:624] Expansion 10,000: state None, f=98, g=46
[00:00:00:48:332] Expansion 20,000: state None, f=95, g=60
[00:00:01:07:013] Expansion 30,000: state None, f=93, g=71
[00:00:01:21:771] Path of length 92 found: [0, 1, 2, 3, 4, 17, 30, 31, 32, 19, 6, 7, 8, 9, 10, 11, 12, 25, 38, 37, 36, 49, 62, 61, 60, 59, 58, 57, 56, 55, 54, 41, 28, 27, 26, 39, 52, 65, 78, 79, 80, 81, 82, 83, 84, 85, 86, 87, 88, 89, 90, 103, 116, 115, 114, 113, 112, 111, 110, 109, 108, 107, 106, 105, 118, 131, 130, 143, 156, 157, 158, 159, 146, 133, 132, 119, 120, 121, 122, 135, 136, 137, 150, 163, 164, 165, 152, 139, 140, 141, 142, 155, 168]
[00:00:01:21:777] ! Unidirectional s-t. expansions: 36,899, time: 81,771 [ms], path length: 92 [edges], generated: 55,900
[00:00:00:29:596] Expansion 10,000: state None, f=100, g=50
[00:00:00:52:160] Expansion 20,000: state None, f=98, g=49
[00:00:01:14:518] Expansion 30,000: state None, f=97, g=24
[00:00:01:35:715] Expansion 40,000: state None, f=96, g=31
[00:00:01:57:423] Expansion 50,000: state None, f=95, g=17
[00:00:02:17:141] Expansion 60,000: state None, f=94, g=42
[00:00:02:36:571] Expansion 70,000: state None, f=93, g=50
[00:00:02:56:006] Path of length 92 found: [168, 167, 166, 165, 152, 139, 140, 141, 142, 129, 116, 103, 90, 89, 88, 87, 74, 61, 62, 63, 64, 51, 38, 25, 12, 11, 10, 9, 8, 7, 6, 19, 32, 45, 58, 71, 84, 85, 86, 99, 112, 111, 110, 109, 122, 135, 136, 137, 150, 163, 162, 161, 160, 159, 158, 157, 156, 143, 130, 131, 118, 105, 106, 119, 132, 133, 134, 121, 108, 107, 94, 81, 80, 79, 78, 65, 52, 39, 26, 27, 28, 41, 54, 55, 56, 43, 30, 17, 4, 3, 2, 1, 0]
[00:00:02:56:008] ! Unidirectional t-s. expansions: 77,684, time: 176,006 [ms], path length: 92 [edges], generated: 112,634
[00:00:00:39:138] Expansion 10,000: F [0, 1, 2, 3, 4, 17, 30, 31, 32], B [168, 167, 166, 165, 152, 139, 140, 141, 142, 129, 116, 115, 114, 113, 112, 111, 110, 109, 108, 121, 122, 135, 136, 137, 150, 163, 162, 161, 160, 159, 158, 157, 156, 143, 130, 131, 118, 105, 106, 119, 120, 107, 94], f=100, g=50
[00:00:01:13:462] Expansion 20,000: F [0, 1, 2, 3, 4, 17, 30, 31, 32], B [168, 155, 142, 141, 140, 139, 152, 165, 164, 163, 162, 161, 160, 159, 158, 157, 156, 143, 130, 131, 132, 119, 118, 105, 106, 107, 120, 133, 134, 135, 122, 109, 110, 111, 112, 113, 114, 115, 116, 103, 90, 89, 88, 87, 86, 85, 84, 83, 82, 81, 80, 79, 78, 65], f=98, g=61
[00:00:01:47:315] Expansion 30,000: F [0, 13, 26, 27, 28, 41, 54, 53, 52, 65, 78, 79, 92, 105, 118, 131, 130, 143, 156, 157, 158, 159, 146, 133, 132, 119, 120, 121, 108, 107, 94, 81, 82, 83, 84], B [168, 155, 142, 141, 140, 139, 152, 165, 164, 163, 150, 137, 136, 135, 122, 109, 110, 111, 112, 113, 114, 115, 116, 103, 90, 89], f=97, g=59
[00:00:02:19:768] Expansion 40,000: F [0, 1, 2, 3, 4, 17, 30, 43, 56, 55, 54, 53, 52, 65, 78, 79, 92, 105, 106, 119, 118, 131, 130, 143, 156, 157, 158, 159, 146, 133, 120, 121, 108, 107, 94, 81, 82, 83, 84], B [168, 155, 142, 141, 140, 139, 152, 165, 164, 163, 150, 137, 136, 135, 122, 109, 110, 111, 112, 113, 114], f=96, g=58
[00:00:02:55:185] Expansion 50,000: F [0, 1, 2, 3, 4, 17, 30, 31, 32], B [168, 167, 166, 165, 164, 163, 150, 137, 136, 135, 122, 109, 108, 107, 106, 119, 120, 133, 146, 159, 158], f=96, g=28
[00:00:03:21:087] Expansion 60,000: F [0, 1, 2, 3, 4, 17, 30, 43, 56, 55, 54, 41, 28, 27, 26, 39, 52, 65, 78, 79, 92, 105, 118, 131, 132, 133, 134, 121, 120, 119, 106, 107, 94], B [168, 155, 142, 141, 140, 139, 152, 165, 164, 163, 150, 137, 136, 135, 122, 109], f=95, g=47
[00:00:03:52:760] Expansion 70,000: F [0, 1, 2, 3, 4, 17, 30, 31, 32], B [168, 155, 142, 141, 140, 139, 152, 165, 164, 163, 162, 161, 160, 159, 158, 157, 156, 143, 130, 131, 132, 133, 120, 119, 106, 105, 92, 79, 78, 65, 52, 39, 26, 27, 28, 41, 54, 55, 56, 57, 58, 71, 84, 83, 82, 81, 94, 107, 108, 109, 110, 111, 112], f=94, g=60
[00:00:04:23:820] Expansion 80,000: F [0, 13, 26, 27, 28, 41, 54, 53, 52, 65, 78, 79, 92, 105, 106, 119, 132, 131, 130, 143, 156, 157, 158, 159, 146, 133, 134, 135, 122, 109, 108, 121], B [168, 167, 166, 165, 152, 139, 140, 141, 142, 129, 116], f=94, g=41
[00:00:05:11:631] Expansion 90,000: F [0, 1, 2, 3, 4, 17, 30, 31, 32, 19, 6, 7, 8, 9, 10, 11, 12, 25, 38, 37, 36, 49, 62, 61, 60, 59], B [168, 167, 166, 165, 152, 139, 140, 141, 142, 129, 116, 103, 90, 89, 88, 87, 86, 99, 112, 111, 110, 109, 122, 135, 136, 137, 150, 163, 162, 161, 160, 159, 158, 157, 156, 143, 130, 131, 132, 133, 134, 121, 108, 107, 106, 105, 92, 79], f=93, g=72
[00:00:05:39:182] Expansion 100,000: F [0, 1, 2, 3, 4, 17, 30, 43, 56, 55, 54, 41, 28, 27, 26, 39, 52, 65, 78, 79, 92, 105, 106, 107, 94, 81, 82, 83, 84, 71, 58, 45, 32], B [168, 167, 166, 165, 164, 163, 162, 161, 160, 159, 158, 157, 156, 143, 130, 131, 132, 133, 120, 121], f=93, g=51
[00:00:05:39:183] Expansions: 100,000. Checks - state_vs_state: 132, prefix: 414,910
[00:00:05:39:183] Expansions: 100,000. Checks - state_vs_state: 132, prefix: 414,911
[00:00:05:39:184] Expansions: 100,000. Checks - state_vs_state: 132, prefix: 414,912
[00:00:05:39:185] Expansions: 100,000. Checks - state_vs_state: 132, prefix: 414,913
[00:00:05:39:185] Expansions: 100,000. Checks - state_vs_state: 132, prefix: 414,914
[00:00:05:39:186] Expansions: 100,000. Checks - state_vs_state: 132, prefix: 414,915
[00:00:06:15:034] Expansion 110,000: F [0, 1, 2, 3, 4, 17, 30, 31, 32], B [168, 167, 166, 165, 164, 163, 162, 161, 160, 159, 146, 133, 120, 121, 108, 109, 110, 111, 112, 113], f=93, g=27
[00:00:06:20:997] Path of length 92 found: [0, 1, 2, 3, 4, 17, 30, 43, 56, 55, 54, 41, 28, 27, 26, 39, 52, 65, 78, 79, 80, 81, 94, 107, 106, 105, 118, 119, 132, 131, 130, 143, 156, 157, 158, 159, 160, 161, 162, 163, 150, 137, 136, 135, 134, 133, 120, 121, 108, 109, 110, 111, 112, 99, 86, 85, 84, 71, 58, 45, 32, 19, 6, 7, 8, 9, 10, 11, 12, 25, 38, 51, 64, 63, 62, 61, 74, 87, 88, 89, 90, 103, 116, 129, 142, 141, 140, 139, 152, 165, 166, 167, 168]
[00:00:06:21:001] ! Bidirectional. expansions: 110,660, time: 380,999 [ms], path length: 92 [edges], g_F: 62, g_B: 30, generated: {'F': 40,301, 'B': 121,564}, MM: 32, MMPER: 33.40860215053763%
[00:00:06:21:002] 
---------- mazes/13x13_maze_with_1_open_diamonds_6 ----------
[00:00:00:25:835] Expansion 10,000: state None, f=95, g=31
[00:00:00:44:764] Path of length 92 found: [0, 1, 2, 3, 4, 17, 30, 43, 56, 55, 54, 41, 28, 27, 26, 39, 52, 65, 78, 79, 80, 81, 82, 83, 84, 71, 58, 45, 32, 19, 6, 7, 8, 9, 10, 11, 12, 25, 38, 51, 64, 63, 62, 49, 36, 35, 34, 47, 60, 59, 72, 85, 86, 73, 74, 87, 88, 89, 90, 103, 116, 115, 114, 113, 112, 111, 110, 109, 122, 135, 134, 133, 132, 131, 130, 143, 156, 157, 158, 159, 160, 161, 162, 163, 164, 165, 152, 139, 140, 141, 142, 155, 168]
[00:00:00:44:768] ! Unidirectional s-t. expansions: 19,096, time: 44,764 [ms], path length: 92 [edges], generated: 28,635
[00:00:00:14:923] Path of length 92 found: [168, 155, 142, 141, 140, 139, 152, 165, 164, 163, 162, 161, 160, 159, 158, 157, 156, 143, 130, 131, 132, 133, 134, 135, 122, 109, 110, 111, 112, 113, 114, 115, 116, 103, 90, 89, 88, 75, 74, 87, 86, 73, 60, 47, 34, 35, 36, 49, 62, 63, 64, 51, 38, 25, 12, 11, 10, 9, 8, 7, 6, 19, 32, 45, 58, 59, 72, 85, 84, 83, 82, 81, 80, 79, 78, 65, 52, 39, 26, 27, 28, 41, 54, 55, 56, 43, 30, 17, 4, 3, 2, 1, 0]
[00:00:00:14:931] ! Unidirectional t-s. expansions: 7,299, time: 14,923 [ms], path length: 92 [edges], generated: 10,743
[00:00:00:35:814] Expansion 10,000: F [0, 1, 2, 3, 4, 17, 30, 31, 32, 19, 6, 7, 8, 9, 10, 11, 12, 25, 38, 37, 36, 35, 34, 47, 60, 61, 74, 73, 72, 85], B [168, 155, 142, 141, 140, 139, 152, 165, 164, 163, 162, 161, 160, 159, 158, 157, 156], f=95, g=45
[00:00:01:05:078] Expansion 20,000: F [0, 1, 2, 3, 4, 17, 30, 31, 32, 19, 6, 7, 8, 9, 10, 11, 12, 25, 38, 51, 64, 63, 62, 75, 74, 61, 60, 59, 72, 71, 58, 57, 56, 55, 54, 53], B [168, 155, 142, 141, 140, 139, 152, 165, 164, 163], f=93, g=44
[00:00:01:13:324] Path of length 92 found: [0, 1, 2, 3, 4, 17, 30, 31, 32, 19, 6, 7, 8, 9, 10, 11, 12, 25, 38, 51, 64, 63, 62, 49, 36, 35, 34, 47, 60, 59, 72, 71, 58, 57, 56, 55, 54, 41, 28, 27, 26, 39, 52, 65, 78, 79, 80, 81, 82, 83, 84, 85, 86, 73, 74, 87, 88, 89, 90, 103, 116, 115, 114, 113, 112, 111, 110, 109, 122, 135, 134, 133, 132, 131, 130, 143, 156, 157, 158, 159, 160, 161, 162, 163, 164, 165, 152, 139, 140, 141, 142, 155, 168]
[00:00:01:13:326] ! Bidirectional. expansions: 22,068, time: 73,325 [ms], path length: 92 [edges], g_F: 56, g_B: 36, generated: {'F': 24,408, 'B': 7,486}, MM: 20, MMPER: 20.50537634408602%
[00:00:01:13:326] 
---------- mazes/13x13_maze_with_1_open_diamonds_7 ----------
[00:00:00:23:211] Expansion 10,000: state None, f=97, g=44
[00:00:00:43:658] Expansion 20,000: state None, f=95, g=19
[00:00:00:45:655] Path of length 94 found: [0, 1, 2, 3, 4, 17, 30, 31, 32, 19, 6, 7, 8, 9, 10, 11, 12, 25, 38, 51, 64, 63, 62, 49, 36, 35, 34, 21, 20, 33, 46, 47, 60, 61, 74, 87, 88, 89, 90, 103, 116, 115, 114, 113, 112, 99, 86, 85, 84, 71, 58, 57, 56, 55, 54, 41, 28, 27, 26, 39, 52, 65, 78, 79, 92, 105, 106, 107, 108, 109, 122, 135, 134, 133, 132, 131, 130, 143, 156, 157, 158, 159, 160, 161, 162, 163, 164, 165, 152, 139, 140, 141, 142, 155, 168]
[00:00:00:45:657] ! Unidirectional s-t. expansions: 20,475, time: 45,655 [ms], path length: 94 [edges], generated: 28,904
[00:00:00:02:503] Path of length 94 found: [168, 155, 142, 141, 140, 139, 152, 165, 164, 163, 162, 161, 160, 159, 158, 157, 156, 143, 130, 131, 132, 133, 134, 135, 122, 109, 108, 107, 106, 105, 92, 79, 78, 65, 52, 39, 26, 27, 28, 41, 54, 55, 56, 57, 58, 71, 84, 85, 86, 99, 112, 113, 114, 115, 116, 103, 90, 89, 88, 87, 74, 61, 60, 59, 46, 47, 34, 35, 36, 49, 62, 63, 64, 51, 38, 25, 12, 11, 10, 9, 8, 21, 20, 7, 6, 19, 32, 31, 30, 17, 4, 3, 2, 1, 0]
[00:00:00:02:505] ! Unidirectional t-s. expansions: 1,663, time: 2,504 [ms], path length: 94 [edges], generated: 2,602
[00:00:00:38:011] Expansion 10,000: F [0, 1, 2, 3, 4, 17, 30, 31, 32, 19, 6, 7, 20, 33, 34, 35, 36, 37, 38, 51, 64, 63, 62, 61, 60, 59, 46, 45], B [168, 167, 166, 165], f=99, g=30
[00:00:01:16:366] Expansion 20,000: F [0, 1, 2, 3, 4, 17, 30, 43, 56, 55, 54, 41, 28, 27, 26, 39, 52, 65, 78, 79, 80, 81, 82, 83, 84, 71, 58, 59, 60, 47, 46, 33, 32, 19, 20, 7, 8, 9, 10, 11, 12, 25], B [168, 167, 166, 165], f=96, g=44
[00:00:01:50:451] Expansion 30,000: F [0, 13, 26, 39, 52, 53, 54, 55, 56, 57, 58, 59, 46, 45, 32, 33, 20, 19, 6, 7, 8, 9, 10, 11, 12, 25, 38, 51, 64, 63, 62, 49, 36, 35, 34, 47, 60, 61], B [168, 167, 166, 165], f=95, g=40
[00:00:01:59:356] Path of length 94 found: [0, 1, 2, 3, 4, 17, 30, 31, 32, 19, 6, 7, 20, 21, 8, 9, 10, 11, 12, 25, 38, 51, 64, 63, 62, 49, 36, 35, 34, 33, 46, 47, 60, 61, 74, 87, 88, 89, 90, 103, 116, 115, 114, 113, 112, 99, 86, 85, 84, 71, 58, 57, 56, 55, 54, 41, 28, 27, 26, 39, 52, 65, 78, 79, 92, 105, 106, 107, 108, 109, 122, 135, 134, 133, 132, 131, 130, 143, 156, 157, 158, 159, 160, 161, 162, 163, 164, 165, 152, 139, 140, 141, 142, 155, 168]
[00:00:01:59:358] ! Bidirectional. expansions: 31,880, time: 119,356 [ms], path length: 94 [edges], g_F: 60, g_B: 34, generated: {'F': 37,062, 'B': 7,452}, MM: 26, MMPER: 26.36842105263158%
[00:00:01:59:358] 
---------- mazes/13x13_maze_with_1_open_diamonds_8 ----------
[00:00:00:23:161] Expansion 10,000: state None, f=97, g=44
[00:00:00:43:841] Expansion 20,000: state None, f=95, g=19
[00:00:00:45:073] Path of length 94 found: [0, 1, 2, 3, 4, 17, 30, 31, 32, 19, 6, 7, 8, 9, 10, 11, 12, 25, 38, 51, 64, 63, 62, 49, 36, 35, 34, 21, 20, 33, 46, 47, 60, 61, 74, 87, 88, 89, 90, 103, 116, 115, 114, 113, 112, 99, 86, 85, 84, 71, 58, 57, 56, 55, 54, 41, 28, 27, 26, 39, 52, 65, 78, 79, 92, 105, 106, 107, 108, 109, 122, 135, 134, 133, 132, 131, 130, 143, 156, 157, 158, 159, 160, 161, 162, 163, 164, 165, 152, 139, 140, 141, 142, 155, 168]
[00:00:00:45:075] ! Unidirectional s-t. expansions: 20,475, time: 45,073 [ms], path length: 94 [edges], generated: 28,904
[00:00:00:05:081] Path of length 94 found: [168, 155, 142, 141, 140, 139, 152, 165, 164, 163, 162, 161, 160, 159, 158, 157, 156, 143, 130, 131, 132, 133, 134, 135, 122, 109, 108, 107, 106, 105, 92, 79, 78, 65, 52, 39, 26, 27, 28, 41, 54, 55, 56, 57, 58, 71, 84, 85, 86, 99, 112, 113, 114, 115, 116, 103, 90, 89, 88, 87, 74, 61, 60, 59, 46, 47, 34, 35, 36, 49, 62, 63, 64, 51, 38, 25, 12, 11, 10, 9, 8, 21, 20, 7, 6, 19, 32, 31, 30, 17, 4, 3, 2, 1, 0]
[00:00:00:05:082] ! Unidirectional t-s. expansions: 1,663, time: 5,081 [ms], path length: 94 [edges], generated: 2,602
[00:00:00:38:224] Expansion 10,000: F [0, 1, 2, 3, 4, 17, 30, 31, 32, 19, 6, 7, 20, 33, 34, 35, 36, 37, 38, 51, 64, 63, 62, 61, 60, 59, 46, 45], B [168, 167, 166, 165], f=99, g=30
[00:00:01:12:992] Expansion 20,000: F [0, 1, 2, 3, 4, 17, 30, 43, 56, 55, 54, 41, 28, 27, 26, 39, 52, 65, 78, 79, 80, 81, 82, 83, 84, 71, 58, 59, 60, 47, 46, 33, 32, 19, 20, 7, 8, 9, 10, 11, 12, 25], B [168, 167, 166, 165], f=96, g=44
[00:00:01:48:184] Expansion 30,000: F [0, 13, 26, 39, 52, 53, 54, 55, 56, 57, 58, 59, 46, 45, 32, 33, 20, 19, 6, 7, 8, 9, 10, 11, 12, 25, 38, 51, 64, 63, 62, 49, 36, 35, 34, 47, 60, 61], B [168, 167, 166, 165], f=95, g=40
[00:00:01:57:456] Path of length 94 found: [0, 1, 2, 3, 4, 17, 30, 31, 32, 19, 6, 7, 20, 21, 8, 9, 10, 11, 12, 25, 38, 51, 64, 63, 62, 49, 36, 35, 34, 33, 46, 47, 60, 61, 74, 87, 88, 89, 90, 103, 116, 115, 114, 113, 112, 99, 86, 85, 84, 71, 58, 57, 56, 55, 54, 41, 28, 27, 26, 39, 52, 65, 78, 79, 92, 105, 106, 107, 108, 109, 122, 135, 134, 133, 132, 131, 130, 143, 156, 157, 158, 159, 160, 161, 162, 163, 164, 165, 152, 139, 140, 141, 142, 155, 168]
[00:00:01:57:458] ! Bidirectional. expansions: 31,880, time: 117,456 [ms], path length: 94 [edges], g_F: 60, g_B: 34, generated: {'F': 37,062, 'B': 7,452}, MM: 26, MMPER: 26.36842105263158%
[00:00:01:57:458] 
---------- mazes/13x13_maze_with_1_open_diamonds_9 ----------
[00:00:00:24:241] Expansion 10,000: state None, f=96, g=74
[00:00:00:41:254] Expansion 20,000: state None, f=95, g=42
[00:00:00:55:513] Expansion 30,000: state None, f=94, g=57
[00:00:01:11:240] Expansion 40,000: state None, f=93, g=60
[00:00:01:25:016] Path of length 92 found: [0, 1, 2, 3, 4, 17, 30, 31, 32, 19, 6, 7, 8, 9, 10, 11, 12, 25, 38, 37, 36, 49, 62, 61, 74, 87, 88, 89, 90, 103, 116, 115, 114, 113, 126, 125, 112, 111, 98, 99, 86, 85, 84, 71, 58, 57, 56, 55, 54, 41, 28, 27, 26, 39, 52, 65, 78, 79, 92, 105, 106, 107, 108, 109, 110, 123, 124, 137, 136, 135, 134, 133, 132, 131, 130, 143, 156, 157, 158, 159, 160, 161, 162, 163, 164, 165, 152, 139, 140, 141, 142, 155, 168]
[00:00:01:25:018] ! Unidirectional s-t. expansions: 46,531, time: 85,016 [ms], path length: 92 [edges], generated: 70,258
[00:00:00:28:473] Expansion 10,000: state None, f=105, g=30
[00:00:00:49:150] Expansion 20,000: state None, f=103, g=54
[00:00:01:09:097] Expansion 30,000: state None, f=102, g=42
[00:00:01:29:126] Expansion 40,000: state None, f=101, g=48
[00:00:01:48:283] Expansion 50,000: state None, f=100, g=42
[00:00:02:08:777] Expansion 60,000: state None, f=99, g=56
[00:00:02:29:003] Expansion 70,000: state None, f=98, g=59
[00:00:02:46:944] Expansion 80,000: state None, f=98, g=36
[00:00:03:06:991] Expansion 90,000: state None, f=97, g=53
[00:00:03:23:500] Expansion 100,000: state None, f=96, g=57
[00:00:03:38:786] Expansion 110,000: state None, f=96, g=49
[00:00:04:00:540] Expansion 120,000: state None, f=95, g=69
[00:00:04:14:576] Expansion 130,000: state None, f=95, g=51
[00:00:04:31:858] Expansion 140,000: state None, f=94, g=75
[00:00:04:48:195] Expansion 150,000: state None, f=94, g=65
[00:00:05:02:738] Expansion 160,000: state None, f=94, g=60
[00:00:05:21:939] Expansion 170,000: state None, f=94, g=32
[00:00:05:36:605] Expansion 180,000: state None, f=93, g=63
[00:00:05:57:406] Expansion 190,000: state None, f=93, g=50
[00:00:06:16:430] Path of length 92 found: [168, 155, 142, 141, 140, 139, 152, 165, 164, 163, 162, 161, 160, 159, 158, 157, 156, 143, 130, 131, 132, 133, 134, 135, 122, 109, 110, 123, 136, 137, 138, 125, 124, 111, 98, 85, 86, 99, 112, 113, 114, 115, 116, 103, 90, 89, 88, 87, 74, 61, 62, 63, 64, 51, 38, 25, 12, 11, 10, 9, 8, 7, 6, 19, 32, 45, 58, 71, 84, 83, 82, 81, 80, 79, 78, 65, 52, 39, 26, 27, 28, 41, 54, 55, 56, 43, 30, 17, 4, 3, 2, 1, 0]
[00:00:06:16:432] ! Unidirectional t-s. expansions: 198,275, time: 376,430 [ms], path length: 92 [edges], generated: 276,295
[00:00:00:41:683] Expansion 10,000: F [0, 1, 2, 3, 4, 17], B [168, 155, 142, 141, 140, 139, 126, 113, 114, 115, 116, 103, 90, 89, 88, 87, 86, 85, 98, 99, 112, 111, 124, 125, 138, 137, 150, 163, 162, 161, 160, 159, 158, 157, 156, 143, 130, 131, 132, 133, 134, 135, 122, 109, 108, 107, 106, 105, 92, 79], f=103, g=54
[00:00:01:19:075] Expansion 20,000: F [0, 1, 2, 3, 4, 17, 30, 31, 32], B [168, 155, 142, 141, 140, 139, 138, 125, 112, 113, 114, 115, 116, 103, 90, 89, 88, 87, 86, 99, 98, 111, 124, 123, 136, 137, 150, 163, 162, 161, 160, 159, 158, 157, 156, 143, 130, 131, 132, 133, 134], f=102, g=48
[00:00:01:55:340] Expansion 30,000: F [0, 1, 2, 3, 4, 17, 30, 31, 32], B [168, 155, 142, 141, 140, 139, 126, 125, 124, 111, 110, 123, 136, 137, 150, 163, 162, 161, 160, 159, 158, 157, 156, 143, 130, 131, 132, 133, 134, 135, 122, 109, 108, 107, 106, 105, 92, 79, 78, 65, 52, 39], f=100, g=49
[00:00:02:32:207] Expansion 40,000: F [0], B [168, 167, 166, 165, 152, 139, 138, 137, 150, 163, 162, 161, 160, 159, 158, 157, 156, 143, 130, 131, 132, 133, 134, 135, 122, 123, 110, 111, 98, 99, 112, 125, 126, 113], f=100, g=33
[00:00:03:09:736] Expansion 50,000: F [0, 1, 2, 3, 4, 17, 30, 43, 56, 55, 54, 41, 28, 27, 26, 39, 52, 65, 78, 79, 92, 105], B [168, 155, 142, 141, 140, 139, 152, 165, 164, 163, 162, 161, 160, 159, 158, 157, 156, 143, 130, 131, 132, 133, 134, 135, 136, 137, 138, 125, 112, 113, 114, 115, 116, 103, 90, 89, 88, 87, 74, 61, 62, 63, 64, 51, 38], f=98, g=65
[00:00:03:36:410] Expansion 60,000: F [0, 1, 2, 3, 4, 17, 30, 31, 32], B [168, 155, 142, 129, 116, 115, 114, 113, 126, 139, 152, 165, 164, 163, 162, 161, 160, 159, 158, 157, 156, 143, 130, 131, 132, 133, 134, 135, 136, 137, 138, 125, 124, 123, 110, 109, 108, 107, 106, 105, 92, 79, 78, 65, 52], f=98, g=52
[00:00:04:11:698] Expansion 70,000: F [0], B [168, 167, 166, 165, 152, 139, 138, 125, 112, 99, 98, 111, 124, 137, 150, 163, 162, 161, 160, 159, 158, 157, 156, 143, 130, 131, 132, 133, 134, 135, 136, 123, 122, 109, 108, 107, 106, 105], f=98, g=37
[00:00:04:40:472] Expansion 80,000: F [0, 1, 2, 3, 4, 17, 30, 31, 32], B [168, 167, 166, 165, 152, 139, 138, 137, 150, 163, 162, 161, 160, 159, 158, 157, 156, 143, 130, 131, 132, 133, 134, 135, 122, 109, 110, 123, 124, 125, 126, 113, 114, 115, 116, 103, 90, 89, 88, 87, 86, 99, 112, 111, 98, 85, 84, 83, 82, 81, 80, 79, 78, 65, 52, 39, 26, 27, 28, 41, 54], f=97, g=68
[00:00:05:14:309] Expansion 90,000: F [0, 1, 2, 3, 4, 17, 30, 31, 32], B [168, 155, 142, 129, 116, 103, 90, 89, 88, 87, 86, 85, 98, 111, 112, 125, 138, 137, 150, 163, 162, 161, 160, 159, 158, 157, 156, 143, 130, 131, 132, 133, 134, 135, 136], f=97, g=42
[00:00:05:39:507] Expansion 100,000: F [0, 1, 2, 3, 4, 17, 30, 31, 32, 19, 6, 7, 8, 9, 10], B [168, 155, 142, 141, 140, 139, 126, 113, 114, 115, 116, 103, 90, 89, 88, 87, 86, 85, 98, 99, 112, 111, 124, 137, 150, 163, 162, 161, 160, 159, 158, 157, 156, 143, 130, 131, 132, 133, 134, 135, 122, 109, 108, 107, 106, 105, 92, 79], f=96, g=61
[00:00:05:39:508] Expansions: 100,000. Checks - state_vs_state: 0, prefix: 394,561
[00:00:05:39:509] Expansions: 100,000. Checks - state_vs_state: 0, prefix: 394,562
[00:00:05:39:509] Expansions: 100,000. Checks - state_vs_state: 0, prefix: 394,563
[00:00:06:06:058] Expansion 110,000: F [0, 1, 2, 3, 4, 17, 30, 31, 32], B [168, 155, 142, 141, 140, 139, 152, 165, 164, 163, 162, 161, 160, 159, 158, 157, 156, 143, 130, 131, 132, 133, 134, 135, 136, 123, 124, 111, 112, 125, 126, 113, 114, 115, 116, 103, 90, 89, 88, 87, 86, 99, 98, 85, 84, 83, 82, 81, 80, 79, 78], f=96, g=58
[00:00:06:38:254] Expansion 120,000: F [0, 13, 26, 39, 52, 53, 54, 55, 56], B [168, 155, 142, 141, 140, 139, 138, 125, 124, 123, 136, 137, 150, 163, 162, 161, 160, 159, 158, 157, 156, 143, 130, 131, 132, 133, 134, 135, 122, 109, 108, 107, 106, 105, 92, 79, 80, 81], f=96, g=45
[00:00:07:14:265] Expansion 130,000: F [0, 1, 2, 3, 4, 17, 30, 31, 32], B [168, 167, 166, 165, 164, 163, 162, 161, 160, 159, 158, 157, 156, 143, 130, 131, 132, 133, 134, 135, 122, 109, 110, 123, 124, 137, 138, 125, 126, 139, 140, 141, 142, 129, 116, 103, 90, 89, 88, 87, 86, 99, 112, 111, 98, 85, 84, 83, 82, 81, 80, 79, 78, 65, 52, 39, 26, 27, 28, 41, 54, 55, 56, 57, 58, 59, 60, 61, 62, 63], f=95, g=77
[00:00:07:33:211] Expansion 140,000: F [0, 1, 2, 3, 4, 17, 30, 31, 32, 19, 6, 7, 8, 9, 10, 11, 12, 25, 38, 51, 64, 63, 62, 61, 60], B [168, 167, 166, 165, 152, 139, 140, 141, 142, 129, 116, 115, 114, 113, 126, 125, 112, 99, 86, 85, 98, 111, 110, 123, 124, 137, 150, 163, 162, 161, 160, 159, 158, 157, 156, 143, 130, 131, 132, 133, 134, 135, 122, 109, 108, 107, 106, 105, 92, 79], f=95, g=73
[00:00:07:58:534] Expansion 150,000: F [0, 1, 2, 3, 4, 17, 30, 31, 32], B [168, 155, 142, 141, 140, 139, 152, 165, 164, 163, 162, 161, 160, 159, 158, 157, 156, 143, 130, 131, 132, 133, 134, 135, 136, 137, 124, 125, 126, 113, 112, 99, 98, 111, 110, 123, 122, 109, 108, 107, 106, 105, 92, 79, 78, 65, 52, 39, 26, 27, 28, 41, 54], f=95, g=60
[00:00:09:00:690] Expansion 160,000: F [0, 13, 26, 27, 28, 41, 54, 53, 52, 65, 78, 79, 92, 105, 106, 107, 108, 109, 110, 123, 122, 135, 134, 133, 132, 131], B [168, 167, 166, 165, 152, 139, 140, 141, 142, 129, 116, 103, 90, 89, 88, 87, 74, 61, 62, 63, 64, 51, 38], f=95, g=47
[00:00:09:32:659] Expansion 170,000: F [0, 1, 2, 3, 4, 17, 30, 31, 32], B [168, 167, 166, 165, 164, 163, 162, 161, 160, 159, 158, 157, 156, 143, 130, 131, 132, 133, 134, 135, 122, 123, 124, 111, 112, 113, 126, 125, 138, 139, 140, 141, 142, 129, 116, 103, 90, 89, 88, 87, 86, 99, 98, 85, 84, 83, 82, 81, 80, 79, 78, 65, 52, 39, 26, 27, 28, 41, 54, 55, 56, 57, 58, 59, 60, 61, 62], f=94, g=74
[00:00:09:55:194] Expansion 180,000: F [0, 13, 26, 39, 52, 53, 54, 55, 56, 43, 30, 31, 32], B [168, 155, 142, 141, 140, 139, 152, 165, 164, 163, 162, 161, 160, 159, 158, 157, 156, 143, 130, 131, 132, 133, 134, 135, 122, 109, 108, 107, 106, 105, 92, 79, 80, 81, 82, 83, 84, 85, 98, 111, 110, 123, 136, 137, 138, 125, 126, 113, 114, 115, 116, 103, 90, 89, 88], f=94, g=66
[00:00:10:22:484] Expansion 190,000: F [0, 13, 26, 27, 28, 41, 54, 55, 56, 57, 58, 45], B [168, 167, 166, 165, 164, 163, 162, 161, 160, 159, 158, 157, 156, 143, 130, 131, 132, 133, 134, 135, 122, 109, 108, 107, 106, 105, 92, 79, 80, 81, 82, 83, 84, 85, 86, 99, 112, 125, 124, 111, 110, 123, 136, 137, 138, 139], f=94, g=56
[00:00:10:48:411] Expansion 200,000: F [0, 13, 26, 39, 52, 53, 54, 55, 56, 43, 30, 31, 32], B [168, 155, 142, 141, 140, 139, 138, 137, 150, 163, 162, 161, 160, 159, 158, 157, 156, 143, 130, 131, 132, 133, 134, 135, 136, 123, 122, 109, 108, 107, 106, 105, 92, 79, 80, 81, 82, 83, 84, 85, 86, 99, 112, 111, 124, 125, 126, 113, 114, 115, 116, 103, 90, 89, 88, 87, 74, 61], f=94, g=69
[00:00:10:48:412] Expansions: 200,000. Checks - state_vs_state: 0, prefix: 792,641
[00:00:10:48:412] Expansions: 200,000. Checks - state_vs_state: 0, prefix: 792,642
[00:00:10:48:412] Expansions: 200,000. Checks - state_vs_state: 0, prefix: 792,643
[00:00:10:48:413] Expansions: 200,000. Checks - state_vs_state: 0, prefix: 792,644
[00:00:10:48:413] Expansions: 200,000. Checks - state_vs_state: 0, prefix: 792,645
[00:00:11:18:875] Expansion 210,000: F [0, 13, 26, 39, 52, 53, 54, 55, 56, 57], B [168, 155, 142, 141, 140, 139, 138, 137, 150, 163, 162, 161, 160, 159, 158, 157, 156, 143, 130, 131, 132, 133, 134, 135, 136, 123, 110, 109, 108, 107, 106, 105, 92, 79, 80, 81, 82, 83, 84], f=94, g=47
[00:00:11:56:494] Expansion 220,000: F [0, 1, 2, 3, 4, 17, 30, 31, 32], B [168, 155, 142, 141, 140, 139, 126, 113, 112, 99, 86, 85, 98, 111, 110, 123, 124, 137, 150, 163, 162, 161, 160], f=94, g=30
[00:00:12:20:360] Expansion 230,000: F [0, 13, 26, 27, 28, 41, 54, 53, 52, 65, 78, 79, 92, 105, 106, 107, 108, 109, 122, 123, 110, 111, 98, 99, 86, 85, 84, 71, 58, 57, 56], B [168, 155, 142, 141, 140, 139, 152, 165, 164, 163, 162, 161, 160, 159, 158, 157, 156, 143, 130, 131, 132, 133, 134, 135, 136, 137, 124, 125, 112, 113, 114, 115, 116, 103, 90, 89, 88, 87, 74, 61, 62, 63, 64, 51, 38], f=93, g=74
[00:00:12:41:184] Expansion 240,000: F [0, 1, 2, 3, 4, 17, 30, 31, 32, 19, 6, 7, 8, 9, 10, 11, 12, 25, 38, 51, 64, 63], B [168, 155, 142, 129, 116, 103, 90, 89, 88, 87, 86, 99, 112, 111, 124, 123, 136, 137, 138, 125, 126, 139, 152, 165, 164, 163, 162, 161, 160, 159, 158, 157, 156, 143, 130, 131, 132, 133, 134, 135, 122, 109, 108, 107, 106, 105, 92, 79], f=93, g=68
[00:00:13:05:721] Expansion 250,000: F [0, 1, 2, 3, 4, 17, 30, 31, 32], B [168, 167, 166, 165, 164, 163, 162, 161, 160, 159, 158, 157, 156, 143, 130, 131, 132, 133, 134, 135, 122, 109, 110, 123, 124, 125, 126, 139, 140, 141, 142, 129, 116, 103, 90, 89, 88, 87, 86, 99, 98, 85, 84, 83, 82, 81, 80, 79, 78, 65, 52, 39, 26], f=93, g=60
[00:00:13:34:534] Expansion 260,000: F [0, 13, 26, 27, 28, 41, 54, 53, 52, 65, 78, 79, 80], B [168, 167, 166, 165, 152, 139, 126, 125, 138, 137, 150, 163, 162, 161, 160, 159, 158, 157, 156, 143, 130, 131, 132, 133, 134, 135, 122, 123, 124, 111, 98, 85, 86, 99, 112, 113, 114, 115, 116, 103, 90, 89, 88, 87, 74, 61], f=93, g=57
[00:00:14:07:444] Expansion 270,000: F [0, 13, 26, 39, 52], B [168, 155, 142, 141, 140, 139, 138, 125, 124, 123, 136, 137, 150, 163, 162, 161, 160, 159, 158, 157, 156, 143, 130, 131, 132, 133, 134, 135, 122, 109, 110, 111, 112, 113, 114, 115, 116, 103, 90, 89, 88, 87, 86], f=93, g=46
[00:00:14:42:901] Expansion 280,000: F [0, 13, 26, 39, 52, 53, 54, 55, 56, 43, 30, 31, 32], B [168, 155, 142, 129, 116, 115, 114, 113, 126, 125, 112, 99, 98, 111, 110, 123, 124, 137, 138], f=93, g=30
[00:00:15:04:034] Path of length 92 found: [0, 1, 2, 3, 4, 17, 30, 43, 56, 55, 54, 41, 28, 27, 26, 39, 52, 65, 78, 79, 92, 105, 106, 107, 108, 109, 122, 123, 110, 111, 98, 99, 86, 85, 84, 71, 58, 45, 32, 19, 6, 7, 8, 9, 10, 11, 12, 25, 38, 37, 36, 49, 62, 61, 74, 87, 88, 89, 90, 103, 116, 115, 114, 113, 126, 125, 138, 137, 136, 135, 134, 133, 132, 131, 130, 143, 156, 157, 158, 159, 160, 161, 162, 163, 164, 165, 152, 139, 140, 141, 142, 155, 168]
[00:00:15:04:042] ! Bidirectional. expansions: 283,657, time: 904,037 [ms], path length: 92 [edges], g_F: 31, g_B: 61, generated: {'F': 115,840, 'B': 285,209}, MM: 30, MMPER: 31.258064516129032%
[00:00:15:04:046] average expansions: (30,949, 55,400, 90,580, 0)
[00:00:15:04:048] average time: (68,849, 114,122, 311,679, 0)
[00:00:15:04:050] XA*: 30,949 , 68,849 (expansions , time[ms])
[00:00:15:04:054] BiXA*: 90,580 , 311,679 (expansions , time[ms])

