--------------------------
date: SM_Grids
number_of_graphs: 10
graph_type: grid
size_of_graphs: [8, 8]
heuristic: bcc_heuristic
snake: False
run_uni: True
run_bi: True
run_multi: False
solution_vertices: []
algorithms: ['A']
lookahead: 4
bsd: False
cube_first_dims: 4
cube_buffer_dim: None
backward_sym_generation: False
sym_coil: False
prefix_set: None

---------- SM_Grids/8x8_grid_with_random_blocks_20per_0 ----------
[00:00:00:01:545] Path of length 44 found: [0, 1, 9, 10, 2, 3, 4, 5, 6, 7, 15, 23, 31, 39, 38, 30, 29, 21, 22, 14, 13, 12, 20, 28, 36, 35, 34, 26, 25, 17, 16, 24, 32, 40, 48, 49, 41, 42, 43, 44, 52, 53, 61, 62, 63]
[00:00:00:01:545] ! Unidirectional s-t. expansions: 1,596, time: 1,545 [ms], path length: 44 [edges], generated: 2,553
[00:00:00:00:425] Path of length 44 found: [63, 62, 61, 53, 52, 44, 43, 42, 50, 49, 41, 40, 32, 24, 16, 17, 25, 26, 34, 35, 36, 37, 38, 39, 31, 30, 29, 28, 20, 21, 22, 23, 15, 7, 6, 14, 13, 5, 4, 3, 2, 10, 9, 1, 0]
[00:00:00:00:425] ! Unidirectional t-s. expansions: 511, time: 425 [ms], path length: 44 [edges], generated: 894
[00:00:00:00:427] Path of length 44 found: [0, 1, 9, 10, 2, 3, 4, 12, 20, 28, 29, 21, 13, 5, 6, 7, 15, 14, 22, 23, 31, 30, 38, 37, 36, 35, 34, 26, 25, 17, 16, 24, 32, 40, 41, 49, 50, 42, 43, 44, 52, 53, 61, 62, 63]
[00:00:00:00:889] ! Bidirectional. expansions: 230, time: 427 [ms], path length: 44 [edges], g_F: 22, g_B: 22, generated: {'F': 1,484, 'B': 1,169}, MM: 0, MMPER: -1.0%
[00:00:00:00:889] 
---------- SM_Grids/8x8_grid_with_random_blocks_20per_1 ----------
[00:00:00:09:441] Path of length 38 found: [0, 8, 16, 24, 25, 33, 34, 42, 41, 40, 48, 56, 57, 49, 50, 51, 43, 35, 27, 26, 18, 17, 9, 1, 2, 10, 11, 19, 20, 28, 29, 30, 31, 39, 47, 46, 54, 62, 63]
[00:00:00:09:442] ! Unidirectional s-t. expansions: 7,742, time: 9,441 [ms], path length: 38 [edges], generated: 13,505
[00:00:00:03:583] Path of length 38 found: [63, 62, 54, 55, 47, 39, 31, 30, 29, 21, 20, 28, 27, 35, 43, 51, 50, 49, 57, 56, 48, 40, 41, 42, 34, 33, 25, 24, 16, 17, 18, 19, 11, 3, 2, 10, 9, 1, 0]
[00:00:00:03:583] ! Unidirectional t-s. expansions: 2,850, time: 3,583 [ms], path length: 38 [edges], generated: 5,039
[00:00:00:03:844] Path of length 38 found: [0, 8, 16, 24, 25, 33, 41, 40, 48, 56, 57, 49, 50, 51, 43, 35, 34, 26, 18, 10, 9, 1, 2, 3, 11, 19, 27, 28, 20, 21, 29, 30, 31, 39, 47, 55, 54, 62, 63]
[00:00:00:04:600] ! Bidirectional. expansions: 1,000, time: 3,845 [ms], path length: 38 [edges], g_F: 19, g_B: 19, generated: {'F': 9,503, 'B': 9,918}, MM: 0, MMPER: -1.0%
[00:00:00:04:600] 
---------- SM_Grids/8x8_grid_with_random_blocks_20per_2 ----------
[00:00:00:00:937] Path of length 48 found: [0, 8, 16, 17, 9, 1, 2, 3, 4, 12, 20, 19, 18, 26, 34, 33, 41, 40, 48, 56, 57, 49, 50, 58, 59, 60, 61, 53, 45, 37, 36, 28, 29, 30, 22, 21, 13, 5, 6, 14, 15, 23, 31, 39, 38, 46, 54, 62, 63]
[00:00:00:00:938] ! Unidirectional s-t. expansions: 739, time: 937 [ms], path length: 48 [edges], generated: 1,295
[00:00:00:01:232] Path of length 48 found: [63, 62, 61, 60, 59, 58, 50, 49, 57, 56, 48, 40, 41, 33, 34, 26, 18, 19, 20, 12, 13, 21, 29, 28, 36, 37, 45, 53, 54, 46, 47, 39, 38, 30, 31, 23, 15, 14, 6, 5, 4, 3, 2, 1, 9, 17, 16, 8, 0]
[00:00:00:01:232] ! Unidirectional t-s. expansions: 888, time: 1,232 [ms], path length: 48 [edges], generated: 1,438
[00:00:00:00:658] Path of length 48 found: [0, 8, 16, 17, 9, 1, 2, 3, 4, 12, 13, 5, 6, 14, 15, 23, 22, 21, 29, 30, 31, 39, 47, 46, 38, 37, 36, 28, 20, 19, 18, 26, 34, 33, 41, 40, 48, 56, 57, 49, 50, 58, 59, 60, 61, 53, 54, 62, 63]
[00:00:00:01:081] ! Bidirectional. expansions: 260, time: 658 [ms], path length: 48 [edges], g_F: 24, g_B: 24, generated: {'F': 1,688, 'B': 1,339}, MM: 0, MMPER: -1.0%
[00:00:00:01:081] 
---------- SM_Grids/8x8_grid_with_random_blocks_20per_3 ----------
[00:00:00:00:747] Path of length 46 found: [0, 1, 9, 10, 18, 17, 16, 24, 32, 40, 41, 49, 57, 58, 50, 51, 43, 44, 36, 35, 34, 26, 27, 19, 20, 12, 11, 3, 4, 5, 6, 7, 15, 23, 22, 30, 31, 39, 38, 37, 45, 53, 52, 60, 61, 62, 63]
[00:00:00:00:747] ! Unidirectional s-t. expansions: 505, time: 747 [ms], path length: 46 [edges], generated: 852
[00:00:00:00:756] Path of length 46 found: [63, 62, 61, 60, 52, 53, 45, 37, 29, 30, 38, 39, 31, 23, 15, 7, 6, 5, 13, 12, 4, 3, 11, 19, 27, 26, 34, 35, 36, 44, 43, 51, 50, 58, 57, 49, 41, 40, 32, 24, 16, 17, 18, 10, 9, 1, 0]
[00:00:00:00:756] ! Unidirectional t-s. expansions: 665, time: 756 [ms], path length: 46 [edges], generated: 1,066
[00:00:00:00:762] Path of length 46 found: [0, 1, 9, 10, 18, 17, 16, 24, 32, 40, 41, 49, 57, 58, 50, 51, 43, 35, 34, 26, 27, 19, 11, 3, 4, 12, 13, 5, 6, 7, 15, 23, 31, 39, 38, 30, 29, 37, 36, 44, 45, 53, 52, 60, 61, 62, 63]
[00:00:00:01:188] ! Bidirectional. expansions: 216, time: 762 [ms], path length: 46 [edges], g_F: 23, g_B: 23, generated: {'F': 1,129, 'B': 1,260}, MM: 0, MMPER: -1.0%
[00:00:00:01:188] 
---------- SM_Grids/8x8_grid_with_random_blocks_20per_4 ----------
[00:00:00:11:109] Expansion 10,000: state None, f=46, g=16
[00:00:00:21:318] Path of length 44 found: [0, 1, 2, 3, 4, 5, 6, 7, 15, 23, 22, 21, 20, 28, 27, 26, 34, 33, 25, 17, 18, 19, 11, 10, 9, 8, 16, 24, 32, 40, 48, 49, 57, 58, 59, 51, 43, 44, 36, 37, 45, 46, 54, 62, 63]
[00:00:00:21:319] ! Unidirectional s-t. expansions: 19,979, time: 21,318 [ms], path length: 44 [edges], generated: 32,155
[00:00:00:13:265] Expansion 10,000: state None, f=45, g=16
[00:00:00:16:973] Path of length 44 found: [63, 55, 54, 46, 38, 37, 29, 21, 22, 23, 15, 7, 6, 5, 4, 3, 11, 10, 2, 1, 9, 17, 18, 26, 27, 19, 20, 28, 36, 44, 43, 51, 59, 58, 57, 49, 48, 40, 41, 33, 25, 24, 16, 8, 0]
[00:00:00:16:974] ! Unidirectional t-s. expansions: 12,922, time: 16,973 [ms], path length: 44 [edges], generated: 23,624
[00:00:00:17:199] Path of length 44 found: [0, 8, 9, 1, 2, 10, 11, 3, 4, 5, 6, 7, 15, 23, 22, 21, 20, 19, 27, 26, 18, 17, 16, 24, 32, 33, 41, 40, 48, 49, 57, 58, 59, 51, 43, 44, 36, 28, 29, 37, 38, 46, 54, 55, 63]
[00:00:00:17:998] ! Bidirectional. expansions: 9,110, time: 17,200 [ms], path length: 44 [edges], g_F: 22, g_B: 22, generated: {'F': 34,138, 'B': 37,582}, MM: 0, MMPER: -1.0%
[00:00:00:17:999] 
---------- SM_Grids/8x8_grid_with_random_blocks_20per_5 ----------
[00:00:00:02:607] Path of length 46 found: [0, 1, 9, 8, 16, 17, 18, 26, 34, 35, 43, 42, 41, 33, 25, 24, 32, 40, 48, 49, 57, 58, 59, 51, 52, 53, 61, 62, 54, 46, 45, 37, 36, 28, 29, 21, 20, 12, 13, 14, 22, 23, 31, 39, 47, 55, 63]
[00:00:00:02:607] ! Unidirectional s-t. expansions: 1,852, time: 2,607 [ms], path length: 46 [edges], generated: 3,330
[00:00:00:01:449] Path of length 46 found: [63, 62, 61, 53, 54, 55, 47, 46, 45, 37, 38, 39, 31, 23, 15, 14, 22, 21, 13, 12, 20, 28, 36, 35, 34, 26, 18, 17, 25, 33, 41, 42, 43, 51, 59, 58, 50, 49, 48, 40, 32, 24, 16, 8, 9, 1, 0]
[00:00:00:01:450] ! Unidirectional t-s. expansions: 890, time: 1,449 [ms], path length: 46 [edges], generated: 1,644
[00:00:00:06:594] Path of length 46 found: [0, 1, 9, 8, 16, 24, 32, 33, 25, 17, 18, 26, 34, 35, 43, 42, 41, 40, 48, 49, 57, 58, 50, 51, 52, 53, 61, 62, 54, 46, 38, 37, 36, 28, 20, 12, 13, 21, 22, 14, 15, 23, 31, 39, 47, 55, 63]
[00:00:00:07:142] ! Bidirectional. expansions: 1,939, time: 6,594 [ms], path length: 46 [edges], g_F: 23, g_B: 23, generated: {'F': 11,597, 'B': 11,532}, MM: 0, MMPER: -1.0%
[00:00:00:07:142] 
---------- SM_Grids/8x8_grid_with_random_blocks_20per_6 ----------
[00:00:00:01:463] Path of length 46 found: [0, 1, 9, 8, 16, 17, 18, 10, 11, 19, 27, 28, 36, 44, 52, 51, 43, 42, 50, 49, 48, 56, 57, 58, 59, 60, 61, 62, 54, 53, 45, 37, 29, 21, 20, 12, 4, 5, 13, 14, 15, 23, 31, 39, 47, 55, 63]
[00:00:00:01:463] ! Unidirectional s-t. expansions: 1,158, time: 1,463 [ms], path length: 46 [edges], generated: 1,878
[00:00:00:02:107] Path of length 46 found: [63, 55, 47, 39, 31, 23, 15, 14, 6, 5, 4, 12, 13, 21, 29, 37, 45, 53, 54, 62, 61, 60, 59, 58, 57, 56, 48, 49, 50, 42, 43, 51, 52, 44, 36, 28, 20, 19, 27, 26, 18, 10, 9, 17, 16, 8, 0]
[00:00:00:02:107] ! Unidirectional t-s. expansions: 2,014, time: 2,107 [ms], path length: 46 [edges], generated: 3,321
[00:00:00:02:116] Path of length 46 found: [0, 1, 9, 8, 16, 17, 18, 10, 11, 19, 27, 28, 36, 44, 45, 37, 29, 21, 20, 12, 4, 5, 13, 14, 15, 23, 31, 39, 47, 55, 54, 53, 52, 51, 43, 42, 50, 49, 48, 56, 57, 58, 59, 60, 61, 62, 63]
[00:00:00:02:536] ! Bidirectional. expansions: 574, time: 2,116 [ms], path length: 46 [edges], g_F: 23, g_B: 23, generated: {'F': 3,633, 'B': 3,646}, MM: 0, MMPER: -1.0%
[00:00:00:02:537] 
---------- SM_Grids/8x8_grid_with_random_blocks_20per_7 ----------
[00:00:00:02:301] Path of length 42 found: [0, 8, 9, 1, 2, 3, 11, 19, 27, 26, 18, 17, 25, 24, 32, 40, 41, 33, 34, 42, 50, 51, 43, 35, 36, 28, 20, 12, 4, 5, 6, 14, 15, 23, 31, 30, 38, 39, 47, 55, 54, 62, 63]
[00:00:00:02:302] ! Unidirectional s-t. expansions: 1,718, time: 2,301 [ms], path length: 42 [edges], generated: 2,854
[00:00:00:00:567] Path of length 42 found: [63, 62, 54, 55, 47, 39, 38, 30, 31, 23, 15, 7, 6, 5, 4, 12, 20, 19, 11, 3, 2, 1, 9, 17, 18, 26, 27, 28, 36, 35, 43, 51, 50, 42, 34, 33, 41, 40, 32, 24, 16, 8, 0]
[00:00:00:00:567] ! Unidirectional t-s. expansions: 356, time: 567 [ms], path length: 42 [edges], generated: 657
[00:00:00:00:832] Path of length 42 found: [0, 8, 16, 24, 32, 40, 41, 33, 34, 42, 50, 51, 43, 35, 36, 28, 20, 12, 11, 19, 18, 26, 25, 17, 9, 1, 2, 3, 4, 5, 6, 7, 15, 23, 31, 30, 38, 39, 47, 55, 54, 62, 63]
[00:00:00:01:254] ! Bidirectional. expansions: 261, time: 832 [ms], path length: 42 [edges], g_F: 21, g_B: 21, generated: {'F': 1,734, 'B': 1,307}, MM: 0, MMPER: -1.0%
[00:00:00:01:254] 
---------- SM_Grids/8x8_grid_with_random_blocks_20per_8 ----------
[00:00:00:00:216] Path of length 48 found: [0, 8, 16, 24, 32, 33, 25, 17, 9, 10, 2, 3, 4, 5, 6, 7, 15, 23, 22, 14, 13, 21, 29, 28, 20, 12, 11, 19, 27, 35, 36, 44, 52, 51, 50, 42, 41, 49, 57, 58, 59, 60, 61, 53, 45, 46, 47, 55, 63]
[00:00:00:00:216] ! Unidirectional s-t. expansions: 223, time: 216 [ms], path length: 48 [edges], generated: 347
[00:00:00:00:060] Path of length 48 found: [63, 55, 47, 46, 45, 53, 61, 60, 59, 58, 57, 49, 41, 42, 50, 51, 52, 44, 36, 35, 27, 19, 11, 12, 20, 28, 29, 21, 13, 14, 22, 23, 15, 7, 6, 5, 4, 3, 2, 10, 9, 17, 25, 33, 32, 24, 16, 8, 0]
[00:00:00:00:060] ! Unidirectional t-s. expansions: 52, time: 60 [ms], path length: 48 [edges], generated: 80
[00:00:00:00:035] Path of length 48 found: [0, 8, 16, 24, 32, 33, 25, 17, 9, 10, 2, 3, 11, 19, 20, 12, 4, 5, 13, 14, 6, 7, 15, 23, 22, 21, 29, 28, 27, 35, 36, 44, 52, 51, 50, 42, 41, 49, 57, 58, 59, 60, 61, 53, 45, 46, 47, 55, 63]
[00:00:00:00:456] ! Bidirectional. expansions: 13, time: 35 [ms], path length: 48 [edges], g_F: 24, g_B: 24, generated: {'F': 64, 'B': 57}, MM: 0, MMPER: -1.0%
[00:00:00:00:456] 
---------- SM_Grids/8x8_grid_with_random_blocks_20per_9 ----------
[00:00:00:00:054] Path of length 36 found: [0, 8, 9, 1, 2, 10, 18, 26, 34, 35, 27, 28, 36, 44, 45, 37, 29, 21, 13, 5, 6, 7, 15, 14, 22, 23, 31, 30, 38, 39, 47, 55, 54, 53, 61, 62, 63]
[00:00:00:00:054] ! Unidirectional s-t. expansions: 44, time: 54 [ms], path length: 36 [edges], generated: 66
[00:00:00:00:189] Path of length 36 found: [63, 62, 61, 53, 54, 55, 47, 39, 38, 30, 31, 23, 22, 14, 15, 7, 6, 5, 13, 21, 29, 37, 45, 44, 36, 28, 27, 35, 34, 26, 18, 17, 9, 10, 2, 1, 0]
[00:00:00:00:189] ! Unidirectional t-s. expansions: 108, time: 189 [ms], path length: 36 [edges], generated: 178
[00:00:00:00:039] Path of length 36 found: [0, 8, 9, 1, 2, 10, 18, 26, 34, 35, 27, 28, 36, 44, 45, 37, 38, 30, 29, 21, 22, 14, 13, 5, 6, 7, 15, 23, 31, 39, 47, 55, 54, 53, 61, 62, 63]
[00:00:00:00:459] ! Bidirectional. expansions: 10, time: 39 [ms], path length: 36 [edges], g_F: 18, g_B: 18, generated: {'F': 63, 'B': 69}, MM: 0, MMPER: -1.0%
[00:00:00:00:459] average expansions: (3,556, 2,126, 1,361, 0)
[00:00:00:00:459] average time: (4,063, 2,734, 3,251, 0)
[00:00:00:00:459] XA*: 2,126 , 2,734 (expansions , time[ms])
[00:00:00:00:459] BiXA*: 1,361 , 3,251 (expansions , time[ms])

