--------------------------
date: SM_Grids
number_of_graphs: 10
graph_type: grid
size_of_graphs: [8, 9]
heuristic: bcc_heuristic
snake: True
run_uni: True
run_bi: True
run_multi: False
solution_vertices: []
algorithms: ['IDA']
lookahead: -1
bsd: False
cube_first_dims: 4
cube_buffer_dim: None
backward_sym_generation: False
sym_coil: False
prefix_set: None

---------- SM_Grids/8x9_grid_with_random_blocks_8per_0 ----------
[00:00:00:49:144] Path of length 43 found: [0, 9, 18, 27, 36, 45, 54, 63, 64, 65, 56, 47, 38, 39, 30, 21, 20, 11, 2, 3, 4, 13, 14, 15, 6, 7, 8, 17, 26, 25, 34, 33, 32, 41, 50, 49, 58, 67, 68, 69, 60, 61, 62, 71]
[00:00:00:49:144] ! Unidirectional s-t. expansions: 10,324, time: 49,144 [ms], path length: 43 [edges], generated: 16,766
[00:00:00:39:851] Path of length 43 found: [71, 62, 61, 60, 69, 68, 67, 58, 49, 50, 41, 42, 43, 34, 25, 26, 17, 8, 7, 6, 5, 14, 23, 22, 31, 30, 39, 38, 47, 56, 65, 64, 63, 54, 45, 36, 27, 18, 19, 20, 11, 2, 1, 0]
[00:00:00:39:851] ! Unidirectional t-s. expansions: 7,702, time: 39,851 [ms], path length: 43 [edges], generated: 13,253
[00:00:00:47:012] Path of length 43 found: [0, 9, 18, 27, 36, 45, 54, 63, 64, 65, 56, 47, 38, 39, 30, 21, 20, 11, 2, 3, 4, 13, 14, 15, 6, 7, 8, 17, 26, 25, 34, 43, 42, 41, 50, 49, 58, 67, 68, 69, 60, 61, 62, 71]
[00:00:00:47:521] ! Bidirectional. expansions: 7,694, time: 47,012 [ms], path length: 43 [edges], g_F: 22, g_B: 21, generated: {'F': 7,073, 'B': 6,977}, MM: 1, MMPER: 1.272727272727273%
[00:00:00:47:521] 
---------- SM_Grids/8x9_grid_with_random_blocks_8per_1 ----------
[00:00:02:01:659] Path of length 43 found: [0, 9, 18, 27, 36, 45, 54, 63, 64, 65, 56, 47, 38, 39, 30, 21, 20, 11, 2, 3, 4, 13, 14, 15, 6, 7, 8, 17, 26, 25, 34, 33, 32, 41, 50, 49, 58, 67, 68, 69, 60, 61, 62, 71]
[00:00:02:01:659] ! Unidirectional s-t. expansions: 25,578, time: 121,659 [ms], path length: 43 [edges], generated: 42,789
[00:00:01:53:860] Path of length 43 found: [71, 62, 61, 60, 69, 68, 67, 58, 49, 50, 41, 42, 43, 44, 35, 26, 17, 8, 7, 6, 15, 24, 23, 22, 31, 30, 39, 38, 47, 56, 65, 64, 63, 54, 45, 36, 27, 18, 19, 20, 11, 2, 1, 0]
[00:00:01:53:860] ! Unidirectional t-s. expansions: 21,334, time: 113,860 [ms], path length: 43 [edges], generated: 38,983
[00:00:01:23:575] Path of length 43 found: [0, 9, 18, 27, 36, 45, 54, 63, 64, 65, 56, 47, 38, 39, 30, 21, 20, 11, 2, 3, 4, 13, 14, 15, 6, 7, 8, 17, 26, 35, 44, 43, 42, 41, 50, 49, 58, 67, 68, 69, 60, 61, 62, 71]
[00:00:01:24:060] ! Bidirectional. expansions: 15,842, time: 83,575 [ms], path length: 43 [edges], g_F: 22, g_B: 21, generated: {'F': 13,986, 'B': 14,083}, MM: 1, MMPER: 1.272727272727273%
[00:00:01:24:060] 
---------- SM_Grids/8x9_grid_with_random_blocks_8per_2 ----------
[00:00:02:03:886] Path of length 37 found: [0, 9, 18, 19, 20, 11, 2, 3, 4, 13, 22, 31, 30, 39, 38, 47, 56, 57, 58, 49, 50, 41, 42, 33, 24, 15, 6, 7, 8, 17, 26, 35, 44, 53, 52, 61, 70, 71]
[00:00:02:03:886] ! Unidirectional s-t. expansions: 21,555, time: 123,886 [ms], path length: 37 [edges], generated: 43,144
[00:00:01:50:929] Path of length 37 found: [71, 70, 61, 52, 53, 44, 35, 26, 17, 8, 7, 6, 15, 24, 33, 42, 41, 50, 59, 58, 57, 56, 47, 38, 39, 30, 31, 22, 13, 4, 3, 2, 11, 20, 19, 18, 9, 0]
[00:00:01:50:929] ! Unidirectional t-s. expansions: 20,825, time: 110,929 [ms], path length: 37 [edges], generated: 38,319
[00:00:02:21:595] Path of length 37 found: [0, 1, 2, 11, 20, 19, 18, 27, 36, 37, 38, 47, 56, 57, 58, 49, 40, 41, 32, 23, 22, 13, 4, 5, 6, 7, 8, 17, 26, 35, 44, 53, 52, 51, 60, 69, 70, 71]
[00:00:02:22:070] ! Bidirectional. expansions: 24,057, time: 141,595 [ms], path length: 37 [edges], g_F: 19, g_B: 18, generated: {'F': 22,321, 'B': 24,112}, MM: 1, MMPER: 1.6315789473684212%
[00:00:02:22:070] 
---------- SM_Grids/8x9_grid_with_random_blocks_8per_3 ----------
[00:00:01:36:185] Path of length 41 found: [0, 1, 2, 3, 12, 13, 14, 5, 6, 7, 16, 25, 24, 33, 32, 31, 40, 49, 48, 47, 38, 29, 20, 19, 18, 27, 36, 45, 54, 63, 64, 65, 66, 67, 68, 59, 60, 51, 52, 53, 62, 71]
[00:00:01:36:185] ! Unidirectional s-t. expansions: 18,265, time: 96,185 [ms], path length: 41 [edges], generated: 32,227
[00:00:01:08:641] Path of length 41 found: [71, 62, 53, 52, 51, 60, 59, 68, 67, 66, 65, 64, 63, 54, 45, 36, 27, 18, 19, 20, 29, 38, 47, 48, 49, 40, 41, 32, 33, 24, 25, 16, 7, 6, 5, 14, 13, 12, 3, 2, 1, 0]
[00:00:01:08:641] ! Unidirectional t-s. expansions: 12,790, time: 68,641 [ms], path length: 41 [edges], generated: 23,043
[00:00:01:51:887] Path of length 41 found: [0, 1, 2, 3, 12, 13, 14, 5, 6, 7, 16, 25, 24, 33, 32, 41, 40, 49, 48, 47, 38, 29, 20, 19, 18, 27, 36, 45, 54, 55, 64, 65, 66, 67, 68, 59, 60, 51, 52, 53, 62, 71]
[00:00:01:52:376] ! Bidirectional. expansions: 19,571, time: 111,887 [ms], path length: 41 [edges], g_F: 21, g_B: 20, generated: {'F': 17,415, 'B': 19,026}, MM: 1, MMPER: 1.380952380952381%
[00:00:01:52:376] 
---------- SM_Grids/8x9_grid_with_random_blocks_8per_4 ----------
[00:00:04:54:351] Path of length 39 found: [0, 9, 18, 19, 28, 29, 38, 47, 46, 45, 54, 63, 64, 65, 66, 57, 58, 49, 50, 41, 32, 31, 22, 21, 12, 3, 4, 5, 14, 15, 16, 17, 26, 35, 34, 43, 52, 61, 70, 71]
[00:00:04:54:352] ! Unidirectional s-t. expansions: 57,213, time: 294,351 [ms], path length: 39 [edges], generated: 107,586
[00:00:04:19:522] Path of length 39 found: [71, 70, 69, 60, 59, 58, 49, 48, 47, 56, 65, 64, 63, 54, 45, 36, 37, 28, 29, 20, 21, 22, 31, 32, 41, 42, 43, 34, 35, 26, 17, 16, 15, 14, 5, 4, 3, 2, 1, 0]
[00:00:04:19:522] ! Unidirectional t-s. expansions: 52,745, time: 259,522 [ms], path length: 39 [edges], generated: 98,646
[00:00:04:25:933] Path of length 39 found: [0, 9, 18, 19, 28, 29, 38, 47, 46, 45, 54, 63, 64, 65, 66, 57, 58, 49, 40, 31, 22, 21, 12, 3, 4, 5, 14, 15, 16, 17, 26, 35, 34, 43, 52, 51, 60, 69, 70, 71]
[00:00:04:26:403] ! Bidirectional. expansions: 48,058, time: 265,933 [ms], path length: 39 [edges], g_F: 20, g_B: 19, generated: {'F': 46,336, 'B': 46,164}, MM: 1, MMPER: 1.5%
[00:00:04:26:404] 
---------- SM_Grids/8x9_grid_with_random_blocks_8per_5 ----------
[00:00:00:52:590] Path of length 43 found: [0, 9, 18, 19, 20, 11, 2, 3, 4, 5, 6, 7, 16, 17, 26, 35, 44, 43, 42, 33, 24, 23, 22, 31, 40, 49, 48, 47, 38, 37, 36, 45, 54, 63, 64, 65, 66, 67, 68, 59, 60, 61, 70, 71]
[00:00:00:52:591] ! Unidirectional s-t. expansions: 9,656, time: 52,590 [ms], path length: 43 [edges], generated: 16,676
[00:00:00:52:166] Path of length 43 found: [71, 70, 61, 60, 59, 68, 67, 66, 65, 64, 63, 54, 45, 36, 37, 38, 47, 48, 49, 40, 31, 32, 33, 42, 43, 44, 35, 26, 17, 8, 7, 6, 15, 14, 13, 4, 3, 2, 11, 20, 19, 18, 9, 0]
[00:00:00:52:166] ! Unidirectional t-s. expansions: 8,832, time: 52,166 [ms], path length: 43 [edges], generated: 16,659
[00:00:00:42:947] Path of length 43 found: [0, 9, 18, 19, 20, 11, 2, 3, 4, 13, 14, 15, 6, 7, 8, 17, 26, 35, 44, 43, 42, 33, 32, 31, 40, 49, 48, 47, 38, 37, 36, 45, 54, 55, 64, 65, 66, 67, 68, 59, 60, 61, 70, 71]
[00:00:00:43:429] ! Bidirectional. expansions: 7,388, time: 42,948 [ms], path length: 43 [edges], g_F: 22, g_B: 21, generated: {'F': 7,054, 'B': 6,169}, MM: 1, MMPER: 1.272727272727273%
[00:00:00:43:430] 
---------- SM_Grids/8x9_grid_with_random_blocks_8per_6 ----------
[00:00:03:05:652] Path of length 39 found: [0, 1, 2, 3, 12, 13, 14, 5, 6, 7, 16, 25, 24, 33, 32, 41, 40, 39, 30, 29, 20, 19, 18, 27, 36, 37, 46, 55, 64, 65, 66, 57, 58, 59, 60, 51, 52, 53, 62, 71]
[00:00:03:05:652] ! Unidirectional s-t. expansions: 34,742, time: 185,652 [ms], path length: 39 [edges], generated: 65,167
[00:00:03:17:891] Path of length 39 found: [71, 70, 69, 60, 51, 52, 53, 44, 35, 34, 25, 16, 7, 6, 5, 14, 23, 22, 31, 30, 39, 48, 49, 58, 67, 66, 65, 64, 55, 46, 37, 36, 27, 18, 19, 20, 11, 2, 1, 0]
[00:00:03:17:891] ! Unidirectional t-s. expansions: 37,340, time: 197,891 [ms], path length: 39 [edges], generated: 71,218
[00:00:04:44:110] Path of length 39 found: [0, 1, 2, 11, 20, 19, 18, 27, 36, 37, 46, 55, 64, 65, 66, 57, 58, 49, 40, 41, 32, 23, 22, 13, 4, 5, 6, 7, 16, 25, 34, 35, 44, 53, 52, 51, 60, 69, 70, 71]
[00:00:04:44:569] ! Bidirectional. expansions: 49,093, time: 284,110 [ms], path length: 39 [edges], g_F: 20, g_B: 19, generated: {'F': 47,477, 'B': 48,112}, MM: 1, MMPER: 1.5%
[00:00:04:44:570] 
---------- SM_Grids/8x9_grid_with_random_blocks_8per_7 ----------
[00:00:05:09:665] Path of length 39 found: [0, 9, 18, 27, 28, 29, 20, 11, 2, 3, 4, 5, 6, 7, 8, 17, 26, 25, 24, 23, 22, 31, 40, 39, 48, 47, 46, 45, 54, 63, 64, 65, 66, 67, 58, 59, 60, 61, 70, 71]
[00:00:05:09:666] ! Unidirectional s-t. expansions: 74,556, time: 309,666 [ms], path length: 39 [edges], generated: 126,877
[00:00:06:58:125] Path of length 39 found: [71, 62, 61, 52, 43, 44, 35, 26, 17, 8, 7, 6, 5, 4, 13, 22, 23, 32, 41, 50, 59, 68, 67, 66, 65, 64, 63, 54, 45, 46, 47, 48, 39, 30, 29, 28, 27, 18, 9, 0]
[00:00:06:58:125] ! Unidirectional t-s. expansions: 102,509, time: 418,125 [ms], path length: 39 [edges], generated: 174,352
[00:00:05:43:498] Path of length 39 found: [0, 9, 18, 27, 28, 29, 20, 11, 2, 3, 4, 5, 6, 7, 8, 17, 26, 25, 24, 23, 32, 41, 50, 49, 48, 47, 46, 45, 54, 63, 64, 65, 66, 67, 68, 69, 60, 61, 62, 71]
[00:00:05:43:949] ! Bidirectional. expansions: 74,969, time: 343,498 [ms], path length: 39 [edges], g_F: 20, g_B: 19, generated: {'F': 66,397, 'B': 64,803}, MM: 1, MMPER: 1.5%
[00:00:05:43:949] 
---------- SM_Grids/8x9_grid_with_random_blocks_8per_8 ----------
[00:00:01:13:408] Path of length 43 found: [0, 9, 18, 27, 36, 45, 54, 63, 64, 65, 56, 47, 38, 39, 30, 21, 20, 11, 2, 3, 4, 13, 14, 15, 6, 7, 8, 17, 26, 25, 34, 33, 32, 41, 50, 49, 58, 67, 68, 69, 60, 61, 62, 71]
[00:00:01:13:408] ! Unidirectional s-t. expansions: 15,441, time: 73,408 [ms], path length: 43 [edges], generated: 25,597
[00:00:01:22:214] Path of length 43 found: [71, 62, 53, 44, 35, 26, 17, 8, 7, 6, 15, 24, 33, 32, 41, 50, 51, 60, 69, 68, 67, 58, 57, 56, 65, 64, 63, 54, 45, 36, 37, 38, 29, 30, 21, 22, 13, 4, 3, 2, 11, 10, 9, 0]
[00:00:01:22:214] ! Unidirectional t-s. expansions: 16,910, time: 82,214 [ms], path length: 43 [edges], generated: 28,389
[00:00:01:47:673] Path of length 43 found: [0, 9, 18, 27, 36, 45, 54, 63, 64, 65, 56, 57, 58, 67, 68, 69, 60, 51, 50, 41, 32, 31, 30, 29, 20, 11, 2, 3, 4, 13, 14, 15, 6, 7, 8, 17, 26, 25, 34, 43, 44, 53, 62, 71]
[00:00:01:48:140] ! Bidirectional. expansions: 21,837, time: 107,673 [ms], path length: 43 [edges], g_F: 22, g_B: 21, generated: {'F': 17,954, 'B': 18,995}, MM: 1, MMPER: 1.272727272727273%
[00:00:01:48:140] 
---------- SM_Grids/8x9_grid_with_random_blocks_8per_9 ----------
[00:00:07:27:911] Path of length 39 found: [0, 9, 18, 27, 28, 37, 46, 45, 54, 63, 64, 65, 56, 57, 48, 49, 40, 41, 32, 23, 22, 21, 20, 11, 2, 3, 4, 5, 6, 7, 16, 25, 34, 35, 44, 53, 52, 61, 70, 71]
[00:00:07:27:911] ! Unidirectional s-t. expansions: 97,688, time: 447,911 [ms], path length: 39 [edges], generated: 171,772
[00:00:05:16:388] Path of length 39 found: [71, 70, 61, 52, 53, 44, 35, 34, 25, 16, 7, 6, 5, 14, 23, 32, 31, 40, 49, 50, 59, 68, 67, 66, 57, 56, 55, 54, 45, 36, 27, 18, 19, 20, 21, 12, 3, 2, 1, 0]
[00:00:05:16:389] ! Unidirectional t-s. expansions: 70,178, time: 316,388 [ms], path length: 39 [edges], generated: 124,633
[00:00:04:15:887] Path of length 39 found: [0, 9, 18, 27, 28, 37, 46, 45, 54, 63, 64, 65, 66, 67, 68, 59, 50, 49, 40, 31, 30, 21, 20, 11, 2, 3, 4, 5, 6, 7, 16, 25, 34, 35, 44, 53, 52, 61, 70, 71]
[00:00:04:16:338] ! Bidirectional. expansions: 49,201, time: 255,887 [ms], path length: 39 [edges], g_F: 20, g_B: 19, generated: {'F': 42,503, 'B': 49,469}, MM: 1, MMPER: 1.5%
[00:00:04:16:338] average expansions: (36,502, 35,116, 31,771, 0)
[00:00:04:16:338] average time: (175,445, 165,959, 168,412, 0)
[00:00:04:16:338] XIDA: 35,116 , 165,959 (expansions , time[ms])
[00:00:04:16:338] BiXIDA: 31,771 , 168,412 (expansions , time[ms])

