--------------------------
date: SM_Grids
number_of_graphs: 10
graph_type: grid
size_of_graphs: [9, 9]
heuristic: bcc_heuristic
snake: True
run_uni: True
run_bi: True
run_multi: False
solution_vertices: []
algorithms: ['IDA']
lookahead: -1
bsd: False
cube_first_dims: 4
cube_buffer_dim: None
backward_sym_generation: False
sym_coil: False
prefix_set: None

---------- SM_Grids/9x9_grid_with_random_blocks_16per_0 ----------
[00:00:00:41:447] Path of length 40 found: [0, 1, 10, 19, 28, 37, 46, 45, 54, 63, 72, 73, 74, 65, 56, 57, 58, 59, 60, 51, 42, 41, 40, 39, 30, 21, 12, 3, 4, 5, 14, 23, 24, 25, 26, 35, 44, 53, 62, 71, 80]
[00:00:00:41:447] ! Unidirectional s-t. expansions: 8,910, time: 41,447 [ms], path length: 40 [edges], generated: 14,566
[00:00:02:50:468] Path of length 40 found: [80, 71, 62, 53, 44, 35, 26, 25, 24, 23, 14, 5, 4, 3, 12, 21, 30, 39, 40, 41, 42, 51, 60, 59, 58, 67, 66, 75, 74, 73, 72, 63, 54, 55, 46, 37, 28, 19, 10, 1, 0]
[00:00:02:50:468] ! Unidirectional t-s. expansions: 39,032, time: 170,468 [ms], path length: 40 [edges], generated: 65,966
[00:00:01:23:530] Path of length 40 found: [0, 1, 2, 3, 4, 13, 14, 23, 24, 25, 26, 35, 44, 43, 42, 41, 40, 39, 30, 21, 20, 19, 28, 37, 46, 45, 54, 63, 72, 73, 74, 75, 66, 67, 68, 59, 60, 61, 70, 79, 80]
[00:00:01:24:104] ! Bidirectional. expansions: 17,911, time: 83,530 [ms], path length: 40 [edges], g_F: 21, g_B: 19, generated: {'F': 16,673, 'B': 14,715}, MM: 2, MMPER: 3.8780487804878048%
[00:00:01:24:104] 
---------- SM_Grids/9x9_grid_with_random_blocks_16per_1 ----------
[00:00:03:54:633] Path of length 34 found: [0, 1, 2, 11, 20, 19, 18, 27, 36, 45, 54, 55, 56, 47, 38, 39, 30, 31, 22, 13, 4, 5, 6, 15, 24, 33, 42, 41, 50, 59, 68, 69, 70, 71, 80]
[00:00:03:54:634] ! Unidirectional s-t. expansions: 53,012, time: 234,634 [ms], path length: 34 [edges], generated: 92,736
[00:00:00:21:731] Path of length 34 found: [80, 71, 62, 53, 44, 43, 42, 51, 50, 49, 48, 47, 56, 55, 54, 45, 36, 27, 18, 19, 20, 29, 30, 31, 32, 23, 24, 15, 6, 5, 4, 3, 2, 1, 0]
[00:00:00:21:731] ! Unidirectional t-s. expansions: 3,705, time: 21,731 [ms], path length: 34 [edges], generated: 6,848
[00:00:01:19:454] Path of length 34 found: [0, 1, 2, 11, 12, 13, 4, 5, 6, 15, 24, 23, 32, 31, 30, 29, 28, 27, 36, 45, 54, 55, 56, 47, 48, 49, 50, 51, 42, 43, 44, 53, 62, 71, 80]
[00:00:01:19:984] ! Bidirectional. expansions: 12,091, time: 79,454 [ms], path length: 34 [edges], g_F: 18, g_B: 16, generated: {'F': 10,166, 'B': 13,577}, MM: 2, MMPER: 4.714285714285714%
[00:00:01:19:984] 
---------- SM_Grids/9x9_grid_with_random_blocks_16per_2 ----------
[00:00:00:47:700] Path of length 44 found: [0, 9, 18, 19, 20, 11, 12, 13, 22, 31, 32, 33, 24, 15, 6, 7, 8, 17, 26, 35, 44, 43, 52, 51, 60, 59, 58, 49, 48, 39, 38, 37, 36, 45, 54, 63, 72, 73, 74, 75, 76, 77, 78, 79, 80]
[00:00:00:47:700] ! Unidirectional s-t. expansions: 9,523, time: 47,700 [ms], path length: 44 [edges], generated: 15,967
[00:00:01:04:125] Path of length 44 found: [80, 79, 78, 77, 76, 75, 66, 65, 64, 55, 54, 45, 36, 37, 38, 39, 48, 49, 58, 59, 60, 61, 52, 43, 44, 35, 26, 17, 8, 7, 6, 15, 24, 33, 32, 31, 22, 13, 12, 11, 20, 19, 18, 9, 0]
[00:00:01:04:125] ! Unidirectional t-s. expansions: 12,093, time: 64,125 [ms], path length: 44 [edges], generated: 19,317
[00:00:01:01:257] Path of length 44 found: [0, 9, 18, 19, 20, 11, 12, 13, 22, 31, 32, 33, 24, 15, 6, 7, 8, 17, 26, 35, 44, 43, 52, 51, 60, 59, 58, 49, 48, 39, 38, 37, 36, 45, 54, 55, 64, 65, 66, 75, 76, 77, 78, 79, 80]
[00:00:01:01:808] ! Bidirectional. expansions: 11,860, time: 61,257 [ms], path length: 44 [edges], g_F: 23, g_B: 21, generated: {'F': 9,742, 'B': 9,637}, MM: 2, MMPER: 3.4444444444444446%
[00:00:01:01:808] 
---------- SM_Grids/9x9_grid_with_random_blocks_16per_3 ----------
[00:00:00:12:787] Path of length 42 found: [0, 9, 10, 11, 20, 21, 30, 39, 38, 37, 46, 55, 56, 65, 74, 75, 76, 67, 58, 49, 50, 41, 42, 33, 24, 23, 14, 5, 6, 7, 16, 17, 26, 35, 44, 53, 52, 61, 60, 69, 78, 79, 80]
[00:00:00:12:787] ! Unidirectional s-t. expansions: 2,199, time: 12,787 [ms], path length: 42 [edges], generated: 4,067
[00:00:00:35:481] Path of length 42 found: [80, 79, 78, 69, 60, 61, 62, 53, 44, 35, 26, 17, 16, 7, 6, 5, 14, 23, 24, 33, 42, 41, 50, 49, 58, 67, 76, 75, 74, 65, 56, 55, 46, 37, 38, 39, 30, 21, 20, 11, 10, 1, 0]
[00:00:00:35:481] ! Unidirectional t-s. expansions: 6,271, time: 35,481 [ms], path length: 42 [edges], generated: 10,687
[00:00:00:37:407] Path of length 42 found: [0, 9, 10, 11, 20, 21, 30, 39, 38, 37, 46, 55, 56, 65, 74, 75, 76, 67, 58, 49, 50, 41, 42, 33, 24, 23, 14, 5, 6, 7, 16, 17, 26, 35, 44, 53, 62, 61, 60, 69, 78, 79, 80]
[00:00:00:37:951] ! Bidirectional. expansions: 6,982, time: 37,407 [ms], path length: 42 [edges], g_F: 22, g_B: 20, generated: {'F': 5,778, 'B': 5,979}, MM: 2, MMPER: 3.6511627906976747%
[00:00:00:37:951] 
---------- SM_Grids/9x9_grid_with_random_blocks_16per_4 ----------
[00:00:01:21:911] Path of length 44 found: [0, 1, 2, 3, 4, 13, 22, 21, 20, 19, 18, 27, 36, 37, 46, 55, 64, 65, 74, 75, 76, 77, 78, 69, 60, 59, 58, 49, 40, 41, 42, 33, 24, 15, 6, 7, 8, 17, 26, 35, 44, 53, 62, 71, 80]
[00:00:01:21:911] ! Unidirectional s-t. expansions: 16,512, time: 81,911 [ms], path length: 44 [edges], generated: 27,289
[00:00:01:09:866] Path of length 44 found: [80, 71, 62, 61, 60, 69, 78, 77, 76, 67, 66, 65, 56, 55, 46, 45, 36, 27, 18, 19, 20, 29, 38, 39, 48, 49, 50, 41, 42, 43, 44, 35, 26, 17, 8, 7, 6, 15, 14, 13, 4, 3, 2, 1, 0]
[00:00:01:09:866] ! Unidirectional t-s. expansions: 14,413, time: 69,866 [ms], path length: 44 [edges], generated: 23,985
[00:00:00:59:611] Path of length 44 found: [0, 1, 2, 3, 4, 13, 14, 15, 6, 7, 8, 17, 26, 35, 44, 43, 42, 41, 50, 49, 48, 39, 38, 29, 20, 19, 18, 27, 36, 45, 46, 55, 56, 65, 66, 67, 76, 77, 78, 69, 60, 61, 62, 71, 80]
[00:00:01:00:137] ! Bidirectional. expansions: 11,147, time: 59,611 [ms], path length: 44 [edges], g_F: 23, g_B: 21, generated: {'F': 9,475, 'B': 9,049}, MM: 2, MMPER: 3.4444444444444446%
[00:00:01:00:137] 
---------- SM_Grids/9x9_grid_with_random_blocks_16per_5 ----------
[00:00:03:17:716] Path of length 40 found: [0, 1, 2, 3, 4, 13, 22, 23, 24, 25, 26, 35, 44, 43, 52, 51, 50, 41, 40, 39, 30, 29, 20, 19, 18, 27, 36, 45, 54, 63, 72, 73, 74, 65, 66, 67, 68, 69, 70, 71, 80]
[00:00:03:17:717] ! Unidirectional s-t. expansions: 42,154, time: 197,716 [ms], path length: 40 [edges], generated: 74,080
[00:00:00:46:880] Path of length 40 found: [80, 71, 70, 69, 68, 67, 66, 65, 74, 73, 72, 63, 54, 45, 36, 27, 18, 19, 20, 29, 38, 47, 48, 49, 50, 51, 52, 53, 44, 35, 26, 25, 24, 23, 22, 13, 4, 3, 2, 1, 0]
[00:00:00:46:881] ! Unidirectional t-s. expansions: 9,773, time: 46,880 [ms], path length: 40 [edges], generated: 16,496
[00:00:00:36:073] Path of length 40 found: [0, 1, 2, 3, 12, 13, 22, 23, 24, 25, 34, 35, 44, 53, 52, 51, 50, 41, 40, 39, 30, 29, 20, 19, 18, 27, 36, 45, 54, 63, 72, 73, 74, 65, 66, 67, 68, 69, 70, 71, 80]
[00:00:00:36:621] ! Bidirectional. expansions: 7,473, time: 36,073 [ms], path length: 40 [edges], g_F: 21, g_B: 19, generated: {'F': 6,216, 'B': 7,097}, MM: 2, MMPER: 3.8780487804878048%
[00:00:00:36:621] 
---------- SM_Grids/9x9_grid_with_random_blocks_16per_6 ----------
[00:00:00:17:677] Path of length 46 found: [0, 1, 2, 3, 4, 13, 14, 15, 6, 7, 8, 17, 26, 35, 44, 53, 52, 51, 42, 33, 32, 31, 30, 21, 20, 19, 18, 27, 36, 45, 54, 63, 64, 65, 56, 47, 48, 49, 58, 67, 76, 77, 78, 69, 70, 71, 80]
[00:00:00:17:677] ! Unidirectional s-t. expansions: 3,482, time: 17,677 [ms], path length: 46 [edges], generated: 5,390
[00:00:00:27:247] Path of length 46 found: [80, 71, 70, 69, 78, 77, 76, 67, 58, 49, 48, 47, 56, 65, 64, 63, 54, 45, 36, 27, 18, 19, 20, 21, 30, 31, 32, 41, 42, 51, 52, 53, 44, 35, 26, 17, 8, 7, 6, 15, 14, 13, 4, 3, 2, 1, 0]
[00:00:00:27:248] ! Unidirectional t-s. expansions: 5,516, time: 27,247 [ms], path length: 46 [edges], generated: 8,849
[00:00:00:29:085] Path of length 46 found: [0, 1, 2, 3, 4, 13, 14, 15, 6, 7, 8, 17, 26, 35, 44, 53, 52, 51, 42, 33, 32, 31, 30, 21, 20, 19, 18, 27, 36, 45, 54, 63, 64, 65, 56, 47, 48, 49, 58, 67, 76, 77, 78, 69, 70, 71, 80]
[00:00:00:29:611] ! Bidirectional. expansions: 5,276, time: 29,085 [ms], path length: 46 [edges], g_F: 24, g_B: 22, generated: {'F': 4,521, 'B': 4,130}, MM: 2, MMPER: 3.25531914893617%
[00:00:00:29:611] 
---------- SM_Grids/9x9_grid_with_random_blocks_16per_7 ----------
[00:00:00:54:575] Path of length 42 found: [0, 9, 10, 19, 28, 27, 36, 45, 54, 63, 72, 73, 74, 65, 56, 47, 38, 39, 40, 41, 32, 23, 22, 21, 12, 3, 4, 5, 6, 15, 16, 25, 34, 43, 52, 51, 60, 59, 68, 77, 78, 79, 80]
[00:00:00:54:575] ! Unidirectional s-t. expansions: 9,958, time: 54,575 [ms], path length: 42 [edges], generated: 18,204
[00:00:01:17:443] Path of length 42 found: [80, 79, 78, 77, 68, 67, 58, 57, 56, 65, 74, 73, 72, 63, 54, 45, 36, 27, 28, 29, 30, 21, 22, 23, 32, 41, 50, 51, 52, 43, 34, 25, 16, 15, 6, 5, 4, 3, 2, 11, 10, 9, 0]
[00:00:01:17:444] ! Unidirectional t-s. expansions: 14,540, time: 77,443 [ms], path length: 42 [edges], generated: 25,530
[00:00:00:53:592] Path of length 42 found: [0, 9, 10, 11, 2, 3, 4, 5, 6, 15, 16, 25, 34, 43, 52, 51, 50, 41, 32, 23, 22, 21, 30, 29, 28, 27, 36, 45, 54, 63, 72, 73, 74, 65, 56, 57, 58, 67, 68, 77, 78, 79, 80]
[00:00:00:54:122] ! Bidirectional. expansions: 9,262, time: 53,592 [ms], path length: 42 [edges], g_F: 22, g_B: 20, generated: {'F': 8,328, 'B': 8,626}, MM: 2, MMPER: 3.6511627906976747%
[00:00:00:54:122] 
---------- SM_Grids/9x9_grid_with_random_blocks_16per_8 ----------
[00:00:01:13:184] Path of length 44 found: [0, 9, 18, 19, 28, 37, 36, 45, 54, 63, 72, 73, 74, 65, 56, 47, 48, 39, 40, 41, 32, 23, 22, 13, 4, 5, 6, 7, 8, 17, 26, 35, 44, 53, 52, 61, 60, 59, 58, 67, 76, 77, 78, 79, 80]
[00:00:01:13:184] ! Unidirectional s-t. expansions: 14,088, time: 73,184 [ms], path length: 44 [edges], generated: 23,245
[00:00:00:19:584] Path of length 44 found: [80, 79, 78, 69, 60, 61, 52, 53, 44, 35, 34, 25, 16, 7, 6, 5, 4, 13, 22, 23, 32, 41, 40, 39, 48, 57, 58, 67, 76, 75, 74, 73, 72, 63, 54, 55, 46, 37, 36, 27, 18, 19, 10, 1, 0]
[00:00:00:19:585] ! Unidirectional t-s. expansions: 3,636, time: 19,584 [ms], path length: 44 [edges], generated: 5,859
[00:00:01:22:507] Path of length 44 found: [0, 9, 18, 19, 28, 37, 36, 45, 54, 63, 72, 73, 74, 65, 56, 47, 48, 39, 40, 41, 32, 23, 22, 13, 4, 5, 6, 7, 16, 25, 34, 35, 44, 53, 52, 61, 60, 59, 58, 67, 76, 77, 78, 79, 80]
[00:00:01:23:035] ! Bidirectional. expansions: 16,848, time: 82,508 [ms], path length: 44 [edges], g_F: 23, g_B: 21, generated: {'F': 14,198, 'B': 13,196}, MM: 2, MMPER: 3.4444444444444446%
[00:00:01:23:035] 
---------- SM_Grids/9x9_grid_with_random_blocks_16per_9 ----------
[00:00:01:13:033] Path of length 40 found: [0, 1, 10, 19, 28, 29, 30, 21, 12, 13, 4, 5, 6, 7, 8, 17, 26, 25, 24, 23, 32, 41, 40, 49, 48, 47, 46, 45, 54, 63, 64, 65, 66, 67, 76, 77, 78, 69, 70, 71, 80]
[00:00:01:13:034] ! Unidirectional s-t. expansions: 18,218, time: 73,033 [ms], path length: 40 [edges], generated: 27,767
[00:00:01:29:949] Path of length 40 found: [80, 71, 70, 61, 60, 59, 68, 67, 66, 65, 64, 63, 54, 45, 46, 47, 48, 49, 40, 41, 32, 33, 34, 25, 26, 17, 8, 7, 6, 5, 4, 13, 22, 21, 30, 29, 28, 27, 18, 9, 0]
[00:00:01:29:949] ! Unidirectional t-s. expansions: 20,042, time: 89,949 [ms], path length: 40 [edges], generated: 32,692
[00:00:00:55:710] Path of length 40 found: [0, 1, 10, 19, 28, 29, 30, 21, 12, 13, 4, 5, 6, 7, 8, 17, 26, 25, 24, 23, 32, 41, 40, 49, 48, 47, 46, 45, 54, 63, 64, 65, 66, 67, 68, 59, 60, 61, 70, 71, 80]
[00:00:00:56:237] ! Bidirectional. expansions: 9,235, time: 55,710 [ms], path length: 40 [edges], g_F: 21, g_B: 19, generated: {'F': 8,929, 'B': 7,779}, MM: 2, MMPER: 3.8780487804878048%
[00:00:00:56:238] average expansions: (17,806, 12,902, 10,808, 0)
[00:00:00:56:238] average time: (83,466, 62,277, 57,823, 0)
[00:00:00:56:238] XIDA: 12,902 , 62,277 (expansions , time[ms])
[00:00:00:56:238] BiXIDA: 10,808 , 57,823 (expansions , time[ms])

