--------------------------
date: SM_Grids
number_of_graphs: 10
graph_type: grid
size_of_graphs: [9, 9]
heuristic: bcc_heuristic
snake: True
run_uni: True
run_bi: True
run_multi: False
solution_vertices: []
algorithms: ['IDA']
lookahead: -1
bsd: False
cube_first_dims: 4
cube_buffer_dim: None
backward_sym_generation: False
sym_coil: False
prefix_set: None

---------- SM_Grids/9x9_grid_with_random_blocks_8per_0 ----------
[00:00:04:21:123] Path of length 48 found: [0, 1, 2, 3, 4, 5, 6, 7, 8, 17, 26, 25, 24, 23, 22, 31, 30, 29, 20, 19, 18, 27, 36, 37, 46, 55, 54, 63, 72, 73, 74, 75, 66, 57, 48, 49, 50, 41, 42, 43, 44, 53, 62, 61, 60, 69, 78, 79, 80]
[00:00:04:21:123] ! Unidirectional s-t. expansions: 44,009, time: 261,123 [ms], path length: 48 [edges], generated: 76,644
[00:00:06:08:527] Path of length 48 found: [80, 79, 78, 77, 76, 75, 74, 73, 72, 63, 54, 55, 56, 57, 48, 49, 50, 59, 60, 61, 62, 53, 44, 43, 42, 33, 24, 25, 26, 17, 8, 7, 6, 5, 14, 13, 22, 31, 30, 29, 38, 37, 36, 27, 18, 19, 10, 1, 0]
[00:00:06:08:528] ! Unidirectional t-s. expansions: 65,674, time: 368,527 [ms], path length: 48 [edges], generated: 110,714
[00:00:08:14:137] Path of length 48 found: [0, 9, 18, 27, 36, 37, 46, 55, 54, 63, 72, 73, 74, 75, 66, 57, 48, 49, 40, 31, 30, 29, 20, 11, 12, 13, 14, 5, 6, 7, 8, 17, 26, 25, 24, 33, 42, 43, 44, 53, 62, 61, 60, 59, 68, 77, 78, 79, 80]
[00:00:08:14:688] ! Bidirectional. expansions: 89,030, time: 494,137 [ms], path length: 48 [edges], g_F: 25, g_B: 23, generated: {'F': 77,741, 'B': 74,264}, MM: 2, MMPER: 3.0816326530612246%
[00:00:08:14:688] 
---------- SM_Grids/9x9_grid_with_random_blocks_8per_1 ----------
[00:00:05:10:775] Path of length 44 found: [0, 9, 18, 27, 36, 45, 46, 47, 48, 57, 66, 75, 76, 77, 78, 69, 60, 59, 50, 41, 40, 31, 30, 29, 20, 11, 2, 3, 4, 13, 14, 15, 6, 7, 8, 17, 26, 25, 34, 43, 52, 53, 62, 71, 80]
[00:00:05:10:775] ! Unidirectional s-t. expansions: 58,861, time: 310,775 [ms], path length: 44 [edges], generated: 103,205
[00:00:09:37:836] Path of length 44 found: [80, 71, 62, 53, 44, 35, 26, 17, 8, 7, 6, 15, 24, 33, 42, 41, 50, 59, 60, 69, 78, 77, 76, 75, 66, 57, 48, 47, 46, 37, 36, 27, 18, 19, 20, 29, 30, 31, 22, 13, 4, 3, 2, 1, 0]
[00:00:09:37:836] ! Unidirectional t-s. expansions: 99,670, time: 577,836 [ms], path length: 44 [edges], generated: 177,215
[00:00:05:48:375] Path of length 44 found: [0, 1, 2, 3, 4, 5, 6, 7, 8, 17, 26, 25, 24, 23, 22, 31, 30, 29, 20, 19, 18, 27, 36, 37, 46, 47, 48, 57, 66, 75, 76, 77, 78, 69, 60, 59, 50, 41, 42, 43, 44, 53, 62, 71, 80]
[00:00:05:48:904] ! Bidirectional. expansions: 53,964, time: 348,375 [ms], path length: 44 [edges], g_F: 23, g_B: 21, generated: {'F': 50,022, 'B': 51,935}, MM: 2, MMPER: 3.4444444444444446%
[00:00:05:48:904] 
---------- SM_Grids/9x9_grid_with_random_blocks_8per_2 ----------
[00:00:03:12:677] Path of length 48 found: [0, 9, 18, 27, 36, 37, 38, 39, 48, 57, 56, 55, 54, 63, 72, 73, 74, 75, 76, 67, 68, 59, 50, 51, 42, 33, 32, 31, 22, 21, 20, 11, 2, 3, 4, 5, 6, 7, 16, 25, 26, 35, 44, 53, 62, 61, 70, 79, 80]
[00:00:03:12:677] ! Unidirectional s-t. expansions: 31,835, time: 192,677 [ms], path length: 48 [edges], generated: 55,384
[00:00:04:31:484] Path of length 48 found: [80, 71, 70, 69, 78, 77, 76, 67, 58, 49, 48, 47, 56, 65, 74, 73, 72, 63, 54, 45, 36, 37, 28, 29, 30, 21, 22, 23, 32, 41, 42, 51, 52, 53, 44, 35, 26, 25, 16, 7, 6, 5, 4, 3, 2, 11, 10, 9, 0]
[00:00:04:31:485] ! Unidirectional t-s. expansions: 42,305, time: 271,485 [ms], path length: 48 [edges], generated: 76,727
[00:00:03:46:982] Path of length 48 found: [0, 9, 10, 11, 2, 3, 4, 5, 6, 7, 16, 25, 34, 35, 44, 53, 52, 51, 42, 41, 32, 23, 22, 21, 30, 29, 28, 27, 36, 45, 54, 63, 72, 73, 74, 65, 56, 47, 48, 49, 58, 67, 76, 77, 78, 69, 70, 71, 80]
[00:00:03:47:508] ! Bidirectional. expansions: 35,015, time: 226,982 [ms], path length: 48 [edges], g_F: 25, g_B: 23, generated: {'F': 31,077, 'B': 30,887}, MM: 2, MMPER: 3.0816326530612246%
[00:00:03:47:508] 
---------- SM_Grids/9x9_grid_with_random_blocks_8per_3 ----------
[00:00:10:48:943] Valid states checked so far: 200,000, Expansions: 116,862, Global best: 47
[00:00:15:12:018] Path of length 46 found: [0, 1, 10, 19, 18, 27, 36, 37, 38, 29, 30, 21, 12, 3, 4, 5, 6, 15, 16, 25, 34, 33, 32, 41, 40, 49, 48, 57, 56, 55, 54, 63, 72, 73, 74, 75, 76, 67, 68, 59, 60, 51, 52, 53, 62, 71, 80]
[00:00:15:12:018] ! Unidirectional s-t. expansions: 169,737, time: 912,018 [ms], path length: 46 [edges], generated: 289,793
[00:00:10:11:409] Valid states checked so far: 200,000, Expansions: 114,767, Global best: 45
[00:00:12:50:412] Path of length 46 found: [80, 71, 62, 53, 44, 35, 34, 25, 16, 7, 6, 5, 4, 3, 2, 11, 20, 21, 30, 31, 40, 41, 50, 51, 60, 69, 78, 77, 76, 67, 58, 57, 56, 65, 74, 73, 72, 63, 54, 45, 46, 37, 28, 27, 18, 9, 0]
[00:00:12:50:412] ! Unidirectional t-s. expansions: 145,778, time: 770,412 [ms], path length: 46 [edges], generated: 253,820
[00:00:13:42:031] Path of length 46 found: [0, 1, 2, 3, 12, 13, 14, 5, 6, 7, 16, 25, 34, 35, 44, 53, 52, 51, 50, 41, 32, 31, 30, 29, 20, 19, 18, 27, 36, 45, 54, 63, 72, 73, 74, 65, 56, 57, 58, 67, 76, 77, 78, 69, 70, 71, 80]
[00:00:13:42:570] ! Bidirectional. expansions: 142,556, time: 822,031 [ms], path length: 46 [edges], g_F: 24, g_B: 22, generated: {'F': 126,429, 'B': 124,295}, MM: 2, MMPER: 3.25531914893617%
[00:00:13:42:570] 
---------- SM_Grids/9x9_grid_with_random_blocks_8per_4 ----------
[00:00:03:53:939] Path of length 48 found: [0, 1, 2, 3, 12, 21, 20, 19, 18, 27, 36, 37, 38, 47, 56, 55, 54, 63, 72, 73, 74, 75, 76, 77, 78, 69, 60, 59, 58, 49, 40, 41, 42, 33, 24, 23, 14, 5, 6, 7, 16, 17, 26, 35, 44, 53, 62, 71, 80]
[00:00:03:53:940] ! Unidirectional s-t. expansions: 38,778, time: 233,939 [ms], path length: 48 [edges], generated: 66,543
[00:00:02:30:930] Path of length 48 found: [80, 71, 62, 53, 44, 35, 26, 17, 8, 7, 6, 5, 14, 23, 32, 33, 42, 51, 60, 69, 68, 77, 76, 75, 74, 73, 72, 63, 54, 55, 56, 57, 58, 49, 40, 39, 38, 37, 36, 27, 18, 19, 20, 21, 12, 3, 2, 1, 0]
[00:00:02:30:930] ! Unidirectional t-s. expansions: 25,420, time: 150,930 [ms], path length: 48 [edges], generated: 44,957
[00:00:03:52:824] Path of length 48 found: [0, 1, 2, 3, 12, 21, 20, 19, 18, 27, 36, 37, 38, 47, 56, 55, 54, 63, 72, 73, 74, 75, 76, 77, 78, 69, 60, 59, 58, 49, 40, 41, 32, 23, 14, 5, 6, 7, 8, 17, 26, 25, 34, 43, 44, 53, 62, 71, 80]
[00:00:03:53:338] ! Bidirectional. expansions: 38,696, time: 232,824 [ms], path length: 48 [edges], g_F: 25, g_B: 23, generated: {'F': 33,229, 'B': 32,462}, MM: 2, MMPER: 3.0816326530612246%
[00:00:03:53:338] 
---------- SM_Grids/9x9_grid_with_random_blocks_8per_5 ----------
[00:00:01:42:236] Path of length 48 found: [0, 9, 18, 27, 28, 37, 46, 45, 54, 63, 64, 65, 74, 75, 76, 77, 68, 59, 58, 57, 48, 39, 40, 41, 42, 33, 24, 23, 22, 21, 20, 11, 2, 3, 4, 5, 6, 7, 16, 17, 26, 35, 44, 53, 52, 61, 70, 79, 80]
[00:00:01:42:236] ! Unidirectional s-t. expansions: 16,872, time: 102,236 [ms], path length: 48 [edges], generated: 29,218
[00:00:02:36:860] Path of length 48 found: [80, 71, 70, 61, 52, 53, 44, 35, 26, 17, 8, 7, 6, 5, 4, 3, 2, 11, 20, 21, 22, 23, 24, 33, 42, 41, 40, 39, 48, 57, 58, 59, 68, 77, 76, 75, 74, 65, 64, 63, 54, 45, 46, 37, 28, 27, 18, 9, 0]
[00:00:02:36:860] ! Unidirectional t-s. expansions: 23,357, time: 156,860 [ms], path length: 48 [edges], generated: 42,540
[00:00:03:31:083] Path of length 48 found: [0, 9, 18, 27, 28, 37, 46, 45, 54, 63, 64, 65, 74, 75, 76, 77, 68, 59, 58, 57, 48, 39, 40, 41, 42, 33, 24, 23, 22, 21, 20, 11, 2, 3, 4, 5, 6, 7, 8, 17, 26, 35, 44, 53, 52, 61, 70, 71, 80]
[00:00:03:31:601] ! Bidirectional. expansions: 34,114, time: 211,083 [ms], path length: 48 [edges], g_F: 25, g_B: 23, generated: {'F': 30,536, 'B': 29,382}, MM: 2, MMPER: 3.0816326530612246%
[00:00:03:31:601] 
---------- SM_Grids/9x9_grid_with_random_blocks_8per_6 ----------
[00:00:03:53:875] Path of length 48 found: [0, 9, 18, 27, 36, 37, 38, 29, 20, 11, 2, 3, 4, 13, 22, 23, 24, 15, 6, 7, 8, 17, 26, 35, 34, 43, 42, 41, 40, 49, 48, 57, 56, 55, 54, 63, 72, 73, 74, 75, 76, 67, 68, 59, 60, 61, 70, 79, 80]
[00:00:03:53:876] ! Unidirectional s-t. expansions: 38,733, time: 233,876 [ms], path length: 48 [edges], generated: 67,438
[00:00:04:08:497] Path of length 48 found: [80, 79, 70, 61, 60, 59, 68, 67, 76, 75, 74, 73, 72, 63, 54, 55, 56, 57, 48, 49, 40, 41, 42, 43, 34, 35, 26, 17, 8, 7, 6, 15, 24, 23, 22, 13, 4, 3, 2, 11, 20, 29, 38, 37, 36, 27, 18, 9, 0]
[00:00:04:08:498] ! Unidirectional t-s. expansions: 38,969, time: 248,497 [ms], path length: 48 [edges], generated: 70,752
[00:00:05:40:310] Path of length 48 found: [0, 9, 18, 27, 36, 37, 38, 29, 20, 11, 2, 3, 4, 13, 22, 23, 24, 15, 6, 7, 8, 17, 26, 35, 34, 43, 42, 41, 40, 49, 48, 57, 56, 55, 54, 63, 72, 73, 74, 75, 76, 67, 68, 69, 60, 61, 62, 71, 80]
[00:00:05:40:866] ! Bidirectional. expansions: 58,229, time: 340,310 [ms], path length: 48 [edges], g_F: 25, g_B: 23, generated: {'F': 50,161, 'B': 46,501}, MM: 2, MMPER: 3.0816326530612246%
[00:00:05:40:866] 
---------- SM_Grids/9x9_grid_with_random_blocks_8per_7 ----------
[00:00:06:26:053] Path of length 48 found: [0, 9, 10, 11, 2, 3, 4, 13, 14, 15, 6, 7, 8, 17, 26, 25, 34, 43, 44, 53, 62, 61, 60, 51, 50, 41, 32, 31, 30, 29, 28, 27, 36, 45, 54, 63, 72, 73, 74, 65, 56, 57, 58, 67, 76, 77, 78, 79, 80]
[00:00:06:26:053] ! Unidirectional s-t. expansions: 60,849, time: 386,053 [ms], path length: 48 [edges], generated: 113,591
[00:00:04:19:262] Path of length 48 found: [80, 79, 78, 77, 68, 67, 58, 57, 56, 65, 74, 73, 72, 63, 54, 45, 46, 37, 38, 29, 30, 31, 40, 41, 50, 51, 60, 61, 62, 53, 44, 43, 34, 25, 26, 17, 8, 7, 6, 15, 14, 13, 4, 3, 2, 11, 10, 9, 0]
[00:00:04:19:263] ! Unidirectional t-s. expansions: 47,056, time: 259,262 [ms], path length: 48 [edges], generated: 78,343
[00:00:06:16:977] Path of length 48 found: [0, 9, 10, 11, 2, 3, 4, 13, 14, 15, 6, 7, 8, 17, 26, 25, 34, 43, 44, 53, 62, 61, 60, 51, 50, 41, 40, 39, 38, 29, 28, 27, 36, 45, 54, 63, 72, 73, 74, 65, 56, 57, 58, 67, 68, 77, 78, 79, 80]
[00:00:06:17:532] ! Bidirectional. expansions: 62,310, time: 376,977 [ms], path length: 48 [edges], g_F: 25, g_B: 23, generated: {'F': 51,565, 'B': 56,820}, MM: 2, MMPER: 3.0816326530612246%
[00:00:06:17:532] 
---------- SM_Grids/9x9_grid_with_random_blocks_8per_8 ----------
[00:00:00:57:132] Path of length 50 found: [0, 9, 18, 27, 36, 37, 46, 55, 54, 63, 72, 73, 74, 65, 66, 67, 76, 77, 78, 69, 60, 59, 50, 49, 48, 39, 30, 29, 20, 11, 2, 3, 4, 13, 22, 23, 24, 15, 6, 7, 8, 17, 26, 35, 34, 43, 52, 53, 62, 71, 80]
[00:00:00:57:133] ! Unidirectional s-t. expansions: 9,057, time: 57,133 [ms], path length: 50 [edges], generated: 15,316
[00:00:01:25:048] Path of length 50 found: [80, 79, 78, 77, 76, 67, 66, 65, 74, 73, 72, 63, 54, 55, 46, 37, 36, 27, 18, 19, 20, 29, 30, 39, 48, 49, 50, 59, 60, 61, 62, 53, 44, 43, 42, 33, 24, 25, 26, 17, 8, 7, 6, 5, 14, 13, 12, 3, 2, 1, 0]
[00:00:01:25:048] ! Unidirectional t-s. expansions: 14,099, time: 85,048 [ms], path length: 50 [edges], generated: 22,493
[00:00:01:24:616] Path of length 50 found: [0, 9, 18, 27, 36, 37, 46, 55, 54, 63, 72, 73, 74, 65, 66, 67, 76, 77, 78, 69, 60, 59, 50, 49, 48, 39, 30, 29, 20, 11, 2, 3, 4, 13, 22, 23, 24, 15, 6, 7, 8, 17, 26, 35, 34, 43, 52, 53, 62, 71, 80]
[00:00:01:25:126] ! Bidirectional. expansions: 12,334, time: 84,616 [ms], path length: 50 [edges], g_F: 26, g_B: 24, generated: {'F': 10,730, 'B': 10,791}, MM: 2, MMPER: 2.9215686274509802%
[00:00:01:25:126] 
---------- SM_Grids/9x9_grid_with_random_blocks_8per_9 ----------
[00:00:07:56:756] Path of length 46 found: [0, 9, 18, 27, 36, 45, 54, 55, 64, 73, 74, 75, 66, 67, 68, 59, 60, 51, 42, 33, 24, 23, 22, 31, 40, 49, 48, 47, 38, 29, 20, 11, 2, 3, 4, 5, 6, 7, 16, 17, 26, 35, 44, 53, 62, 71, 80]
[00:00:07:56:756] ! Unidirectional s-t. expansions: 81,124, time: 476,756 [ms], path length: 46 [edges], generated: 145,227
[00:00:02:32:667] Path of length 46 found: [80, 79, 78, 77, 68, 59, 58, 57, 66, 75, 74, 73, 64, 55, 46, 45, 36, 27, 18, 19, 20, 29, 38, 39, 40, 31, 22, 23, 24, 33, 42, 51, 52, 53, 44, 35, 26, 17, 8, 7, 6, 5, 4, 3, 2, 1, 0]
[00:00:02:32:668] ! Unidirectional t-s. expansions: 25,811, time: 152,667 [ms], path length: 46 [edges], generated: 47,156
[00:00:03:09:996] Path of length 46 found: [0, 9, 18, 19, 20, 11, 2, 3, 4, 5, 6, 7, 8, 17, 26, 35, 44, 53, 52, 51, 42, 33, 24, 23, 22, 31, 30, 39, 38, 37, 36, 45, 54, 55, 64, 73, 74, 75, 66, 57, 58, 59, 68, 77, 78, 79, 80]
[00:00:03:10:509] ! Bidirectional. expansions: 30,919, time: 189,996 [ms], path length: 46 [edges], g_F: 24, g_B: 22, generated: {'F': 27,892, 'B': 27,763}, MM: 2, MMPER: 3.25531914893617%
[00:00:03:10:509] average expansions: (54,986, 52,814, 55,717, 0)
[00:00:03:10:509] average time: (316,659, 304,152, 332,733, 0)
[00:00:03:10:509] XIDA: 52,814 , 304,152 (expansions , time[ms])
[00:00:03:10:509] BiXIDA: 55,717 , 332,733 (expansions , time[ms])

