--------------------------
date: mazes
number_of_graphs: 10
graph_type: maze
size_of_graphs: [13, 13]
heuristic: bcc_heuristic
snake: False
run_uni: True
run_bi: True
run_multi: False
solution_vertices: []
algorithms: ['IDA']
lookahead: 1
bsd: False
cube_first_dims: 4
cube_buffer_dim: None
backward_sym_generation: False
sym_coil: False
prefix_set: None

---------- mazes/13x13_maze_with_1_open_diamonds_0 ----------
[00:00:04:59:238] Valid states checked so far: 200,000, Expansions: 135,842, Global best: 0
[00:00:06:43:687] Path of length 92 found: [0, 1, 2, 3, 4, 17, 30, 31, 32, 19, 6, 7, 8, 9, 10, 11, 12, 25, 38, 37, 36, 49, 62, 61, 60, 59, 58, 57, 56, 55, 54, 41, 28, 27, 26, 39, 52, 65, 78, 79, 80, 81, 82, 83, 84, 85, 86, 87, 88, 89, 90, 103, 116, 115, 114, 113, 112, 111, 110, 109, 108, 107, 106, 105, 118, 131, 130, 143, 156, 157, 158, 159, 146, 145, 132, 119, 120, 133, 134, 135, 136, 137, 150, 163, 164, 165, 152, 139, 140, 141, 142, 155, 168]
[00:00:06:43:687] ! Unidirectional s-t. expansions: 187,034, time: 403,687 [ms], path length: 92 [edges], generated: 275,614
[00:00:04:45:318] Valid states checked so far: 200,000, Expansions: 136,841, Global best: 61
[00:00:09:25:577] Valid states checked so far: 400,000, Expansions: 277,847, Global best: 61
[00:00:13:57:515] Valid states checked so far: 600,000, Expansions: 417,555, Global best: 61
[00:00:18:31:391] Valid states checked so far: 800,000, Expansions: 559,339, Global best: 61
[00:00:22:56:754] Valid states checked so far: 1,000,000, Expansions: 700,584, Global best: 61
[00:00:24:54:872] Path of length 92 found: [168, 155, 142, 141, 140, 139, 152, 165, 164, 163, 150, 137, 136, 135, 134, 133, 120, 119, 132, 145, 146, 159, 158, 157, 156, 143, 130, 131, 118, 105, 106, 107, 108, 109, 110, 111, 112, 113, 114, 115, 116, 103, 90, 89, 88, 87, 86, 85, 84, 83, 82, 81, 80, 79, 78, 65, 52, 39, 26, 27, 28, 41, 54, 55, 56, 57, 58, 59, 60, 61, 62, 63, 64, 51, 38, 25, 12, 11, 10, 9, 8, 7, 6, 19, 32, 31, 30, 17, 4, 3, 2, 1, 0]
[00:00:24:54:873] ! Unidirectional t-s. expansions: 760,532, time: 1,494,872 [ms], path length: 92 [edges], generated: 1,083,141
[00:00:42:36:629] Path of length 92 found: [0, 1, 2, 3, 4, 17, 30, 31, 32, 19, 6, 7, 8, 9, 10, 11, 12, 25, 38, 51, 64, 63, 62, 61, 60, 59, 58, 57, 56, 55, 54, 41, 28, 27, 26, 39, 52, 65, 78, 79, 80, 81, 82, 83, 84, 85, 86, 87, 88, 89, 90, 103, 116, 115, 114, 113, 112, 111, 110, 109, 108, 107, 106, 105, 118, 131, 130, 143, 156, 157, 158, 159, 146, 145, 132, 119, 120, 133, 134, 135, 136, 137, 150, 163, 164, 165, 152, 139, 140, 141, 142, 155, 168]
[00:00:42:36:630] ! Bidirectional. expansions: 564,634, time: 2,556,629 [ms], path length: 92 [edges], g_F: 10, g_B: 82, generated: {'F': 147,410, 'B': 683,292}, MM: 72, MMPER: 76.41935483870968%
[00:00:42:36:630] 
---------- mazes/13x13_maze_with_1_open_diamonds_1 ----------
[00:00:05:00:540] Valid states checked so far: 200,000, Expansions: 138,053, Global best: 0
[00:00:09:55:635] Valid states checked so far: 400,000, Expansions: 284,400, Global best: 0
[00:00:11:01:459] Path of length 90 found: [0, 13, 26, 39, 52, 53, 54, 41, 28, 15, 2, 3, 4, 17, 16, 29, 30, 43, 42, 55, 56, 57, 58, 45, 32, 19, 6, 7, 8, 9, 10, 11, 12, 25, 38, 37, 36, 49, 62, 61, 74, 87, 88, 89, 90, 103, 116, 115, 114, 113, 112, 99, 86, 85, 84, 83, 82, 81, 80, 79, 92, 105, 106, 107, 108, 109, 122, 135, 134, 133, 132, 131, 130, 143, 156, 157, 158, 159, 160, 161, 162, 163, 164, 165, 152, 139, 140, 141, 142, 155, 168]
[00:00:11:01:460] ! Unidirectional s-t. expansions: 317,774, time: 661,459 [ms], path length: 90 [edges], generated: 445,090
[00:00:00:12:420] Path of length 90 found: [168, 155, 142, 141, 140, 139, 152, 165, 164, 163, 162, 161, 160, 159, 158, 157, 156, 143, 130, 131, 132, 133, 134, 135, 122, 109, 108, 107, 106, 105, 92, 79, 80, 81, 82, 83, 84, 85, 86, 99, 112, 113, 114, 115, 116, 103, 90, 89, 88, 87, 74, 61, 62, 63, 64, 51, 38, 25, 12, 11, 10, 9, 8, 7, 6, 19, 32, 45, 58, 57, 56, 43, 30, 17, 4, 3, 2, 15, 16, 29, 28, 41, 42, 55, 54, 53, 52, 39, 26, 13, 0]
[00:00:00:12:420] ! Unidirectional t-s. expansions: 6,424, time: 12,420 [ms], path length: 90 [edges], generated: 9,834
[00:00:45:59:589] Path of length 90 found: [0, 13, 26, 39, 52, 53, 54, 41, 28, 15, 2, 3, 4, 17, 16, 29, 30, 43, 42, 55, 56, 57, 58, 45, 32, 19, 6, 7, 8, 9, 10, 11, 12, 25, 38, 51, 64, 63, 62, 61, 74, 87, 88, 89, 90, 103, 116, 115, 114, 113, 112, 99, 86, 85, 84, 83, 82, 81, 80, 79, 92, 105, 106, 107, 108, 109, 122, 135, 134, 133, 132, 131, 130, 143, 156, 157, 158, 159, 160, 161, 162, 163, 164, 165, 152, 139, 140, 141, 142, 155, 168]
[00:00:45:59:589] ! Bidirectional. expansions: 602,182, time: 2,759,589 [ms], path length: 90 [edges], g_F: 26, g_B: 64, generated: {'F': 465,399, 'B': 343,865}, MM: 38, MMPER: 40.75824175824176%
[00:00:45:59:590] 
---------- mazes/13x13_maze_with_1_open_diamonds_2 ----------
[00:00:03:45:040] Path of length 92 found: [0, 1, 2, 3, 4, 17, 30, 43, 56, 55, 54, 41, 28, 27, 26, 39, 52, 65, 78, 79, 80, 81, 82, 83, 70, 57, 58, 45, 32, 19, 6, 7, 8, 9, 10, 11, 12, 25, 38, 37, 36, 49, 62, 61, 60, 59, 72, 71, 84, 85, 98, 99, 86, 87, 88, 89, 90, 103, 116, 115, 114, 113, 112, 111, 110, 97, 96, 109, 122, 135, 134, 133, 132, 131, 130, 143, 156, 157, 158, 159, 160, 161, 162, 163, 164, 165, 152, 139, 140, 141, 142, 155, 168]
[00:00:03:45:040] ! Unidirectional s-t. expansions: 112,777, time: 225,040 [ms], path length: 92 [edges], generated: 174,980
[00:00:03:54:927] Path of length 92 found: [168, 155, 142, 141, 140, 139, 152, 165, 164, 163, 162, 161, 160, 159, 158, 157, 156, 143, 130, 131, 132, 133, 134, 135, 122, 109, 108, 107, 106, 105, 92, 79, 78, 65, 52, 39, 26, 27, 28, 41, 54, 55, 56, 57, 70, 83, 96, 97, 110, 111, 98, 99, 112, 113, 114, 115, 116, 103, 90, 89, 88, 87, 86, 85, 84, 71, 72, 59, 60, 61, 62, 63, 64, 51, 38, 25, 12, 11, 10, 9, 8, 7, 6, 19, 32, 31, 30, 17, 4, 3, 2, 1, 0]
[00:00:03:54:928] ! Unidirectional t-s. expansions: 131,362, time: 234,927 [ms], path length: 92 [edges], generated: 188,651
[00:00:09:37:302] Path of length 92 found: [0, 1, 2, 3, 4, 17, 30, 43, 56, 55, 54, 41, 28, 27, 26, 39, 52, 65, 78, 79, 80, 81, 82, 83, 70, 57, 58, 45, 32, 19, 6, 7, 8, 9, 10, 11, 12, 25, 38, 51, 64, 63, 62, 61, 60, 59, 72, 71, 84, 85, 86, 87, 88, 89, 90, 103, 116, 115, 114, 113, 112, 99, 98, 111, 110, 97, 96, 109, 122, 135, 134, 133, 132, 131, 130, 143, 156, 157, 158, 159, 160, 161, 162, 163, 164, 165, 152, 139, 140, 141, 142, 155, 168]
[00:00:09:37:303] ! Bidirectional. expansions: 148,858, time: 577,302 [ms], path length: 92 [edges], g_F: 30, g_B: 62, generated: {'F': 103,563, 'B': 120,913}, MM: 32, MMPER: 33.40860215053763%
[00:00:09:37:303] 
---------- mazes/13x13_maze_with_1_open_diamonds_3 ----------
[00:00:02:28:714] Path of length 90 found: [0, 1, 2, 3, 4, 17, 30, 43, 56, 55, 54, 41, 28, 27, 26, 39, 52, 65, 78, 79, 80, 81, 82, 83, 84, 71, 58, 45, 32, 19, 6, 7, 8, 9, 10, 11, 12, 25, 38, 37, 36, 49, 62, 61, 74, 87, 86, 85, 98, 99, 100, 101, 88, 89, 90, 103, 102, 115, 116, 129, 142, 141, 140, 139, 126, 113, 112, 111, 110, 109, 122, 135, 134, 133, 132, 131, 130, 143, 156, 157, 158, 159, 160, 161, 162, 163, 164, 165, 166, 167, 168]
[00:00:02:28:715] ! Unidirectional s-t. expansions: 74,318, time: 148,714 [ms], path length: 90 [edges], generated: 117,966
[00:00:04:44:094] Valid states checked so far: 200,000, Expansions: 140,048, Global best: 59
[00:00:09:04:492] Valid states checked so far: 400,000, Expansions: 280,311, Global best: 79
[00:00:10:41:961] Path of length 90 found: [168, 167, 166, 165, 164, 163, 162, 161, 160, 159, 158, 157, 156, 143, 130, 131, 132, 133, 134, 135, 122, 109, 108, 107, 106, 105, 92, 79, 78, 65, 52, 39, 26, 27, 28, 41, 54, 55, 56, 57, 58, 71, 84, 85, 98, 111, 112, 99, 100, 113, 126, 139, 140, 141, 142, 129, 116, 103, 90, 89, 102, 115, 114, 101, 88, 87, 74, 61, 62, 63, 64, 51, 38, 25, 12, 11, 10, 9, 8, 7, 6, 19, 32, 31, 30, 17, 4, 3, 2, 1, 0]
[00:00:10:41:962] ! Unidirectional t-s. expansions: 333,804, time: 641,961 [ms], path length: 90 [edges], generated: 476,230
[00:00:29:50:303] Path of length 90 found: [0, 1, 2, 3, 4, 17, 30, 43, 56, 55, 54, 41, 28, 27, 26, 39, 52, 65, 78, 79, 80, 81, 82, 83, 84, 71, 58, 45, 32, 19, 6, 7, 8, 9, 10, 11, 12, 25, 38, 51, 64, 63, 62, 61, 74, 87, 88, 101, 114, 115, 102, 89, 90, 103, 116, 129, 142, 141, 140, 139, 126, 113, 112, 99, 86, 85, 98, 111, 110, 109, 122, 135, 134, 133, 132, 131, 130, 143, 156, 157, 158, 159, 160, 161, 162, 163, 164, 165, 166, 167, 168]
[00:00:29:50:304] ! Bidirectional. expansions: 417,941, time: 1,790,303 [ms], path length: 90 [edges], g_F: 30, g_B: 60, generated: {'F': 153,078, 'B': 425,337}, MM: 30, MMPER: 31.967032967032964%
[00:00:29:50:304] 
---------- mazes/13x13_maze_with_1_open_diamonds_4 ----------
[00:00:04:19:687] Valid states checked so far: 200,000, Expansions: 129,736, Global best: 0
[00:00:05:52:210] Path of length 92 found: [0, 1, 2, 3, 4, 17, 30, 43, 56, 55, 54, 41, 28, 27, 26, 39, 52, 65, 78, 79, 80, 81, 82, 95, 108, 107, 106, 119, 132, 131, 130, 143, 156, 157, 158, 159, 160, 161, 162, 163, 150, 137, 136, 135, 134, 133, 120, 121, 122, 109, 110, 111, 112, 99, 86, 85, 84, 71, 58, 45, 32, 19, 6, 7, 8, 9, 10, 11, 12, 25, 38, 37, 36, 49, 62, 61, 74, 87, 88, 89, 90, 103, 116, 129, 142, 141, 140, 139, 152, 165, 166, 167, 168]
[00:00:05:52:210] ! Unidirectional s-t. expansions: 179,090, time: 352,210 [ms], path length: 92 [edges], generated: 275,197
[00:00:04:40:142] Valid states checked so far: 200,000, Expansions: 138,664, Global best: 61
[00:00:09:10:590] Valid states checked so far: 400,000, Expansions: 278,215, Global best: 61
[00:00:13:32:918] Valid states checked so far: 600,000, Expansions: 417,695, Global best: 81
[00:00:16:43:270] Path of length 92 found: [168, 167, 166, 165, 152, 139, 140, 141, 142, 129, 116, 103, 90, 89, 88, 87, 74, 61, 62, 63, 64, 51, 38, 25, 12, 11, 10, 9, 8, 7, 6, 19, 32, 45, 58, 71, 84, 85, 86, 99, 112, 111, 110, 109, 122, 123, 136, 137, 150, 163, 162, 161, 160, 159, 158, 157, 156, 143, 130, 131, 132, 119, 106, 107, 120, 133, 134, 121, 108, 95, 82, 81, 80, 79, 78, 65, 52, 39, 26, 27, 28, 41, 54, 55, 56, 43, 30, 17, 4, 3, 2, 1, 0]
[00:00:16:43:270] ! Unidirectional t-s. expansions: 518,882, time: 1,003,270 [ms], path length: 92 [edges], generated: 744,724
[00:00:47:50:553] Path of length 92 found: [0, 1, 2, 3, 4, 17, 30, 43, 56, 55, 54, 41, 28, 27, 26, 39, 52, 65, 78, 79, 80, 81, 82, 95, 108, 107, 106, 119, 132, 131, 130, 143, 156, 157, 158, 159, 160, 161, 162, 163, 150, 137, 136, 135, 134, 133, 120, 121, 122, 109, 110, 111, 112, 99, 86, 85, 84, 71, 58, 45, 32, 19, 6, 7, 8, 9, 10, 11, 12, 25, 38, 51, 64, 63, 62, 61, 74, 87, 88, 89, 90, 103, 116, 129, 142, 141, 140, 139, 152, 165, 166, 167, 168]
[00:00:47:50:554] ! Bidirectional. expansions: 603,090, time: 2,870,553 [ms], path length: 92 [edges], g_F: 62, g_B: 30, generated: {'F': 215,573, 'B': 668,999}, MM: 32, MMPER: 33.40860215053763%
[00:00:47:50:554] 
---------- mazes/13x13_maze_with_1_open_diamonds_5 ----------
[00:00:05:33:328] Valid states checked so far: 200,000, Expansions: 131,780, Global best: 0
[00:00:08:22:275] Path of length 92 found: [0, 1, 2, 3, 4, 17, 30, 43, 56, 55, 54, 41, 28, 27, 26, 39, 52, 65, 78, 79, 80, 81, 94, 107, 106, 105, 118, 131, 130, 143, 156, 157, 158, 159, 160, 161, 162, 163, 150, 137, 136, 135, 134, 133, 132, 119, 120, 121, 108, 109, 110, 111, 112, 99, 86, 85, 84, 71, 58, 45, 32, 19, 6, 7, 8, 9, 10, 11, 12, 25, 38, 37, 36, 49, 62, 61, 74, 87, 88, 89, 90, 103, 116, 129, 142, 141, 140, 139, 152, 165, 166, 167, 168]
[00:00:08:22:276] ! Unidirectional s-t. expansions: 202,651, time: 502,276 [ms], path length: 92 [edges], generated: 306,255
[00:00:05:48:104] Valid states checked so far: 200,000, Expansions: 136,896, Global best: 61
[00:00:11:27:325] Valid states checked so far: 400,000, Expansions: 275,132, Global best: 61
[00:00:16:57:604] Valid states checked so far: 600,000, Expansions: 413,267, Global best: 81
[00:00:19:05:323] Path of length 92 found: [168, 167, 166, 165, 152, 139, 140, 141, 142, 129, 116, 103, 90, 89, 88, 87, 74, 61, 62, 63, 64, 51, 38, 25, 12, 11, 10, 9, 8, 7, 6, 19, 32, 45, 58, 71, 84, 85, 86, 99, 112, 111, 110, 109, 108, 121, 122, 135, 136, 137, 150, 163, 162, 161, 160, 159, 158, 157, 156, 143, 130, 131, 118, 105, 106, 119, 132, 133, 120, 107, 94, 81, 80, 79, 78, 65, 52, 39, 26, 27, 28, 41, 54, 55, 56, 43, 30, 17, 4, 3, 2, 1, 0]
[00:00:19:05:323] ! Unidirectional t-s. expansions: 467,402, time: 1,145,323 [ms], path length: 92 [edges], generated: 677,505
[00:00:48:40:583] Path of length 92 found: [0, 1, 2, 3, 4, 17, 30, 43, 56, 55, 54, 41, 28, 27, 26, 39, 52, 65, 78, 79, 80, 81, 94, 107, 106, 105, 118, 131, 130, 143, 156, 157, 158, 159, 160, 161, 162, 163, 150, 137, 136, 135, 134, 133, 132, 119, 120, 121, 108, 109, 110, 111, 112, 99, 86, 85, 84, 71, 58, 45, 32, 19, 6, 7, 8, 9, 10, 11, 12, 25, 38, 51, 64, 63, 62, 61, 74, 87, 88, 89, 90, 103, 116, 129, 142, 141, 140, 139, 152, 165, 166, 167, 168]
[00:00:48:40:583] ! Bidirectional. expansions: 571,679, time: 2,920,583 [ms], path length: 92 [edges], g_F: 62, g_B: 30, generated: {'F': 230,394, 'B': 606,742}, MM: 32, MMPER: 33.40860215053763%
[00:00:48:40:584] 
---------- mazes/13x13_maze_with_1_open_diamonds_6 ----------
[00:00:03:04:143] Path of length 92 found: [0, 1, 2, 3, 4, 17, 30, 43, 56, 55, 54, 41, 28, 27, 26, 39, 52, 65, 78, 79, 80, 81, 82, 83, 84, 71, 58, 45, 32, 19, 6, 7, 8, 9, 10, 11, 12, 25, 38, 51, 64, 63, 62, 49, 36, 35, 34, 47, 60, 59, 72, 85, 86, 73, 74, 87, 88, 89, 90, 103, 116, 115, 114, 113, 112, 111, 110, 109, 122, 135, 134, 133, 132, 131, 130, 143, 156, 157, 158, 159, 160, 161, 162, 163, 164, 165, 152, 139, 140, 141, 142, 155, 168]
[00:00:03:04:143] ! Unidirectional s-t. expansions: 75,385, time: 184,143 [ms], path length: 92 [edges], generated: 115,096
[00:00:01:10:678] Path of length 92 found: [168, 155, 142, 141, 140, 139, 152, 165, 164, 163, 162, 161, 160, 159, 158, 157, 156, 143, 130, 131, 132, 133, 134, 135, 122, 109, 108, 107, 106, 105, 92, 79, 78, 65, 52, 39, 26, 27, 28, 41, 54, 55, 56, 57, 58, 71, 84, 85, 72, 73, 86, 99, 112, 113, 114, 115, 116, 103, 90, 89, 88, 87, 74, 61, 60, 47, 34, 35, 36, 49, 62, 63, 64, 51, 38, 25, 12, 11, 10, 9, 8, 7, 6, 19, 32, 31, 30, 17, 4, 3, 2, 1, 0]
[00:00:01:10:679] ! Unidirectional t-s. expansions: 33,287, time: 70,678 [ms], path length: 92 [edges], generated: 48,881
[00:00:08:22:908] Path of length 92 found: [0, 1, 2, 3, 4, 17, 30, 31, 32, 19, 6, 7, 8, 9, 10, 11, 12, 25, 38, 51, 64, 63, 62, 49, 36, 35, 34, 47, 60, 59, 58, 57, 56, 55, 54, 41, 28, 27, 26, 39, 52, 65, 78, 79, 80, 81, 82, 83, 84, 71, 72, 85, 86, 73, 74, 87, 88, 89, 90, 103, 116, 115, 114, 113, 112, 111, 110, 109, 122, 135, 134, 133, 132, 131, 130, 143, 156, 157, 158, 159, 160, 161, 162, 163, 164, 165, 152, 139, 140, 141, 142, 155, 168]
[00:00:08:22:909] ! Bidirectional. expansions: 100,307, time: 502,908 [ms], path length: 92 [edges], g_F: 56, g_B: 36, generated: {'F': 119,001, 'B': 29,942}, MM: 20, MMPER: 20.50537634408602%
[00:00:08:22:909] 
---------- mazes/13x13_maze_with_1_open_diamonds_7 ----------
[00:00:04:22:472] Path of length 94 found: [0, 1, 2, 3, 4, 17, 30, 31, 32, 19, 6, 7, 20, 21, 8, 9, 10, 11, 12, 25, 38, 51, 64, 63, 62, 49, 36, 35, 34, 33, 46, 47, 60, 61, 74, 87, 88, 89, 90, 103, 116, 115, 114, 113, 112, 99, 86, 85, 84, 71, 58, 57, 56, 55, 54, 41, 28, 27, 26, 39, 52, 65, 78, 79, 92, 105, 106, 107, 108, 109, 122, 135, 134, 133, 132, 131, 130, 143, 156, 157, 158, 159, 160, 161, 162, 163, 164, 165, 152, 139, 140, 141, 142, 155, 168]
[00:00:04:22:473] ! Unidirectional s-t. expansions: 105,005, time: 262,473 [ms], path length: 94 [edges], generated: 149,965
[00:00:00:12:788] Path of length 94 found: [168, 155, 142, 141, 140, 139, 152, 165, 164, 163, 162, 161, 160, 159, 158, 157, 156, 143, 130, 131, 132, 133, 134, 135, 122, 109, 108, 107, 106, 105, 92, 79, 78, 65, 52, 39, 26, 27, 28, 41, 54, 55, 56, 57, 58, 71, 84, 85, 86, 99, 112, 113, 114, 115, 116, 103, 90, 89, 88, 87, 74, 61, 60, 59, 46, 47, 34, 35, 36, 49, 62, 63, 64, 51, 38, 25, 12, 11, 10, 9, 8, 21, 20, 7, 6, 19, 32, 31, 30, 17, 4, 3, 2, 1, 0]
[00:00:00:12:789] ! Unidirectional t-s. expansions: 7,028, time: 12,788 [ms], path length: 94 [edges], generated: 10,824
[00:00:14:40:378] Path of length 94 found: [0, 1, 2, 3, 4, 17, 30, 31, 32, 19, 6, 7, 20, 21, 8, 9, 10, 11, 12, 25, 38, 51, 64, 63, 62, 49, 36, 35, 34, 33, 46, 47, 60, 61, 74, 87, 88, 89, 90, 103, 116, 115, 114, 113, 112, 99, 86, 85, 84, 71, 58, 57, 56, 55, 54, 41, 28, 27, 26, 39, 52, 65, 78, 79, 92, 105, 106, 107, 108, 109, 122, 135, 134, 133, 132, 131, 130, 143, 156, 157, 158, 159, 160, 161, 162, 163, 164, 165, 152, 139, 140, 141, 142, 155, 168]
[00:00:14:40:379] ! Bidirectional. expansions: 162,999, time: 880,379 [ms], path length: 94 [edges], g_F: 60, g_B: 34, generated: {'F': 191,883, 'B': 37,832}, MM: 26, MMPER: 26.36842105263158%
[00:00:14:40:379] 
---------- mazes/13x13_maze_with_1_open_diamonds_8 ----------
[00:00:04:26:296] Path of length 94 found: [0, 1, 2, 3, 4, 17, 30, 31, 32, 19, 6, 7, 20, 21, 8, 9, 10, 11, 12, 25, 38, 51, 64, 63, 62, 49, 36, 35, 34, 33, 46, 47, 60, 61, 74, 87, 88, 89, 90, 103, 116, 115, 114, 113, 112, 99, 86, 85, 84, 71, 58, 57, 56, 55, 54, 41, 28, 27, 26, 39, 52, 65, 78, 79, 92, 105, 106, 107, 108, 109, 122, 135, 134, 133, 132, 131, 130, 143, 156, 157, 158, 159, 160, 161, 162, 163, 164, 165, 152, 139, 140, 141, 142, 155, 168]
[00:00:04:26:296] ! Unidirectional s-t. expansions: 105,005, time: 266,296 [ms], path length: 94 [edges], generated: 149,965
[00:00:00:13:315] Path of length 94 found: [168, 155, 142, 141, 140, 139, 152, 165, 164, 163, 162, 161, 160, 159, 158, 157, 156, 143, 130, 131, 132, 133, 134, 135, 122, 109, 108, 107, 106, 105, 92, 79, 78, 65, 52, 39, 26, 27, 28, 41, 54, 55, 56, 57, 58, 71, 84, 85, 86, 99, 112, 113, 114, 115, 116, 103, 90, 89, 88, 87, 74, 61, 60, 59, 46, 47, 34, 35, 36, 49, 62, 63, 64, 51, 38, 25, 12, 11, 10, 9, 8, 21, 20, 7, 6, 19, 32, 31, 30, 17, 4, 3, 2, 1, 0]
[00:00:00:13:315] ! Unidirectional t-s. expansions: 7,028, time: 13,315 [ms], path length: 94 [edges], generated: 10,824
[00:00:14:44:223] Path of length 94 found: [0, 1, 2, 3, 4, 17, 30, 31, 32, 19, 6, 7, 20, 21, 8, 9, 10, 11, 12, 25, 38, 51, 64, 63, 62, 49, 36, 35, 34, 33, 46, 47, 60, 61, 74, 87, 88, 89, 90, 103, 116, 115, 114, 113, 112, 99, 86, 85, 84, 71, 58, 57, 56, 55, 54, 41, 28, 27, 26, 39, 52, 65, 78, 79, 92, 105, 106, 107, 108, 109, 122, 135, 134, 133, 132, 131, 130, 143, 156, 157, 158, 159, 160, 161, 162, 163, 164, 165, 152, 139, 140, 141, 142, 155, 168]
[00:00:14:44:224] ! Bidirectional. expansions: 162,999, time: 884,223 [ms], path length: 94 [edges], g_F: 60, g_B: 34, generated: {'F': 191,883, 'B': 37,832}, MM: 26, MMPER: 26.36842105263158%
[00:00:14:44:224] 
---------- mazes/13x13_maze_with_1_open_diamonds_9 ----------
[00:00:04:59:054] Valid states checked so far: 200,000, Expansions: 125,139, Global best: 87
[00:00:06:26:592] Path of length 92 found: [0, 1, 2, 3, 4, 17, 30, 43, 56, 55, 54, 41, 28, 27, 26, 39, 52, 65, 78, 79, 92, 105, 106, 107, 108, 109, 122, 135, 134, 133, 132, 131, 130, 143, 156, 157, 158, 159, 160, 161, 162, 163, 150, 137, 136, 123, 110, 111, 124, 125, 126, 113, 112, 99, 98, 85, 84, 71, 58, 45, 32, 19, 6, 7, 8, 9, 10, 11, 12, 25, 38, 37, 36, 49, 62, 61, 74, 87, 88, 89, 90, 103, 116, 129, 142, 141, 140, 139, 152, 165, 166, 167, 168]
[00:00:06:26:593] ! Unidirectional s-t. expansions: 164,193, time: 386,592 [ms], path length: 92 [edges], generated: 259,005
[00:00:06:10:745] Valid states checked so far: 200,000, Expansions: 143,904, Global best: 61
[00:00:12:11:108] Valid states checked so far: 400,000, Expansions: 290,273, Global best: 61
[00:00:18:06:346] Valid states checked so far: 600,000, Expansions: 436,981, Global best: 61
[00:00:23:52:471] Valid states checked so far: 800,000, Expansions: 581,904, Global best: 61
[00:00:29:34:628] Valid states checked so far: 1,000,000, Expansions: 727,223, Global best: 61
[00:00:35:02:452] Valid states checked so far: 1,200,000, Expansions: 870,618, Global best: 61
[00:00:40:33:291] Valid states checked so far: 1,400,000, Expansions: 1,015,238, Global best: 61
[00:00:45:56:280] Valid states checked so far: 1,600,000, Expansions: 1,159,714, Global best: 61
[00:00:51:09:792] Valid states checked so far: 1,800,000, Expansions: 1,303,139, Global best: 81
[00:00:56:29:456] Valid states checked so far: 2,000,000, Expansions: 1,446,953, Global best: 81
[00:00:56:37:961] Path of length 92 found: [168, 167, 166, 165, 152, 139, 140, 141, 142, 129, 116, 103, 90, 89, 88, 87, 74, 61, 62, 63, 64, 51, 38, 25, 12, 11, 10, 9, 8, 7, 6, 19, 32, 45, 58, 71, 84, 85, 86, 99, 98, 111, 112, 113, 126, 125, 138, 137, 150, 163, 162, 161, 160, 159, 158, 157, 156, 143, 130, 131, 132, 133, 134, 135, 136, 123, 110, 109, 108, 107, 106, 105, 92, 79, 78, 65, 52, 39, 26, 27, 28, 41, 54, 55, 56, 43, 30, 17, 4, 3, 2, 1, 0]
[00:00:56:37:961] ! Unidirectional t-s. expansions: 1,450,301, time: 3,397,961 [ms], path length: 92 [edges], generated: 2,004,831
[00:02:04:46:165] Path of length 92 found: [0, 1, 2, 3, 4, 17, 30, 43, 56, 55, 54, 41, 28, 27, 26, 39, 52, 65, 78, 79, 92, 105, 106, 107, 108, 109, 110, 111, 124, 125, 126, 113, 112, 99, 86, 85, 84, 71, 58, 45, 32, 19, 6, 7, 8, 9, 10, 11, 12, 25, 38, 37, 36, 49, 62, 61, 74, 87, 88, 89, 90, 103, 116, 129, 142, 141, 140, 139, 138, 137, 136, 123, 122, 135, 134, 133, 132, 131, 130, 143, 156, 157, 158, 159, 160, 161, 162, 163, 164, 165, 166, 167, 168]
[00:02:04:46:166] ! Bidirectional. expansions: 1,506,574, time: 7,486,165 [ms], path length: 92 [edges], g_F: 35, g_B: 57, generated: {'F': 569,732, 'B': 1,545,191}, MM: 22, MMPER: 22.655913978494624%
[00:02:04:46:166] average expansions: (152,323, 371,605, 484,126, 0)
[00:02:04:46:166] average time: (339,289, 802,752, 2,322,863, 0)
[00:02:04:46:166] XIDA: 152,323 , 339,289 (expansions , time[ms])
[00:02:04:46:166] BiXIDA: 484,126 , 2,322,863 (expansions , time[ms])

