--------------------------
date: SM_Grids
number_of_graphs: 10
graph_type: grid
size_of_graphs: [7, 8]
heuristic: bcc_heuristic
snake: False
run_uni: True
run_bi: True
run_multi: False
solution_vertices: []
algorithms: ['IDA']
lookahead: 1
bsd: False
cube_first_dims: 4
cube_buffer_dim: None
backward_sym_generation: False
sym_coil: False
prefix_set: None

---------- SM_Grids/7x8_grid_with_random_blocks_12per_0 ----------
[00:00:00:13:299] Path of length 47 found: [0, 1, 2, 10, 18, 17, 16, 24, 32, 40, 48, 49, 41, 33, 25, 26, 34, 42, 50, 51, 43, 44, 45, 37, 29, 21, 13, 12, 20, 28, 27, 19, 11, 3, 4, 5, 6, 7, 15, 14, 22, 23, 31, 30, 38, 46, 47, 55]
[00:00:00:13:299] ! Unidirectional s-t. expansions: 20,370, time: 13,299 [ms], path length: 47 [edges], generated: 33,010
[00:00:00:04:161] Path of length 47 found: [55, 47, 39, 31, 23, 15, 7, 6, 5, 4, 3, 11, 19, 27, 28, 20, 12, 13, 14, 22, 21, 29, 30, 38, 37, 45, 44, 43, 51, 50, 42, 34, 26, 25, 33, 41, 49, 48, 40, 32, 24, 16, 17, 18, 10, 2, 1, 0]
[00:00:00:04:161] ! Unidirectional t-s. expansions: 5,634, time: 4,161 [ms], path length: 47 [edges], generated: 9,683
[00:00:00:40:527] Path of length 47 found: [0, 1, 2, 10, 18, 17, 16, 24, 32, 40, 48, 49, 41, 33, 25, 26, 34, 42, 50, 51, 43, 44, 45, 37, 38, 30, 29, 21, 22, 14, 13, 12, 20, 28, 27, 19, 11, 3, 4, 5, 6, 7, 15, 23, 31, 39, 47, 55]
[00:00:00:40:925] ! Bidirectional. expansions: 23,459, time: 40,527 [ms], path length: 47 [edges], g_F: 24, g_B: 23, generated: {'F': 27,491, 'B': 12,814}, MM: 1, MMPER: 1.0833333333333335%
[00:00:00:40:925] 
---------- SM_Grids/7x8_grid_with_random_blocks_12per_1 ----------
[00:00:00:04:922] Path of length 47 found: [0, 8, 16, 24, 32, 40, 41, 33, 25, 17, 9, 10, 2, 3, 11, 19, 18, 26, 34, 42, 50, 51, 43, 35, 27, 28, 20, 21, 13, 12, 4, 5, 6, 14, 15, 23, 22, 30, 38, 37, 36, 44, 45, 53, 54, 46, 47, 55]
[00:00:00:04:922] ! Unidirectional s-t. expansions: 5,636, time: 4,922 [ms], path length: 47 [edges], generated: 9,258
[00:00:00:00:065] Path of length 47 found: [55, 47, 39, 38, 46, 54, 53, 45, 37, 36, 44, 43, 51, 50, 42, 34, 35, 27, 28, 20, 12, 13, 21, 22, 23, 15, 14, 6, 5, 4, 3, 2, 10, 11, 19, 18, 26, 25, 33, 41, 40, 32, 24, 16, 17, 9, 8, 0]
[00:00:00:00:066] ! Unidirectional t-s. expansions: 57, time: 66 [ms], path length: 47 [edges], generated: 98
[00:00:00:08:139] Path of length 47 found: [0, 8, 16, 24, 32, 40, 41, 33, 25, 26, 18, 17, 9, 10, 2, 3, 4, 5, 6, 14, 15, 23, 22, 21, 13, 12, 11, 19, 20, 28, 27, 35, 34, 42, 50, 51, 43, 44, 36, 37, 45, 53, 54, 46, 38, 39, 47, 55]
[00:00:00:08:515] ! Bidirectional. expansions: 3,627, time: 8,139 [ms], path length: 47 [edges], g_F: 28, g_B: 19, generated: {'F': 5,837, 'B': 749}, MM: 9, MMPER: 17.75%
[00:00:00:08:515] 
---------- SM_Grids/7x8_grid_with_random_blocks_12per_2 ----------
[00:00:00:10:229] Path of length 45 found: [0, 8, 16, 24, 32, 40, 48, 49, 41, 33, 34, 26, 18, 17, 9, 1, 2, 10, 11, 3, 4, 5, 13, 21, 22, 14, 6, 7, 15, 23, 31, 39, 38, 37, 29, 28, 20, 19, 27, 35, 43, 44, 52, 53, 54, 55]
[00:00:00:10:230] ! Unidirectional s-t. expansions: 11,812, time: 10,229 [ms], path length: 45 [edges], generated: 19,751
[00:00:00:00:988] Path of length 45 found: [55, 47, 39, 31, 23, 15, 7, 6, 5, 13, 14, 22, 21, 29, 37, 45, 53, 52, 44, 43, 35, 36, 28, 20, 19, 27, 26, 34, 33, 41, 49, 48, 40, 32, 24, 16, 8, 9, 17, 18, 10, 11, 3, 2, 1, 0]
[00:00:00:00:989] ! Unidirectional t-s. expansions: 921, time: 988 [ms], path length: 45 [edges], generated: 1,666
[00:00:00:21:535] Path of length 45 found: [0, 8, 16, 24, 32, 40, 48, 49, 41, 33, 34, 26, 18, 17, 9, 1, 2, 10, 11, 3, 4, 5, 13, 21, 22, 14, 6, 7, 15, 23, 31, 39, 38, 37, 29, 28, 20, 19, 27, 35, 43, 44, 52, 53, 54, 55]
[00:00:00:21:910] ! Bidirectional. expansions: 12,019, time: 21,535 [ms], path length: 45 [edges], g_F: 43, g_B: 2, generated: {'F': 15,793, 'B': 4,233}, MM: 41, MMPER: 88.1304347826087%
[00:00:00:21:911] 
---------- SM_Grids/7x8_grid_with_random_blocks_12per_3 ----------
[00:00:00:42:374] Path of length 45 found: [0, 8, 16, 24, 32, 33, 25, 17, 9, 1, 2, 10, 11, 3, 4, 5, 6, 14, 22, 21, 20, 19, 27, 26, 34, 42, 41, 49, 50, 51, 43, 35, 36, 44, 52, 53, 45, 37, 29, 30, 31, 39, 38, 46, 47, 55]
[00:00:00:42:375] ! Unidirectional s-t. expansions: 53,973, time: 42,375 [ms], path length: 45 [edges], generated: 93,857
[00:00:00:50:485] Path of length 45 found: [55, 47, 39, 31, 30, 22, 14, 6, 5, 4, 3, 2, 10, 11, 12, 20, 19, 27, 35, 43, 44, 36, 28, 29, 37, 38, 46, 45, 53, 52, 51, 50, 49, 41, 42, 34, 26, 25, 33, 32, 24, 16, 17, 9, 1, 0]
[00:00:00:50:485] ! Unidirectional t-s. expansions: 68,741, time: 50,485 [ms], path length: 45 [edges], generated: 114,264
[00:00:02:46:514] Path of length 45 found: [0, 8, 16, 24, 32, 33, 25, 17, 9, 1, 2, 10, 11, 19, 27, 26, 34, 42, 41, 49, 50, 51, 43, 35, 36, 44, 52, 53, 45, 46, 38, 37, 29, 21, 20, 12, 4, 5, 6, 14, 22, 30, 31, 39, 47, 55]
[00:00:02:46:877] ! Bidirectional. expansions: 108,175, time: 166,514 [ms], path length: 45 [edges], g_F: 34, g_B: 11, generated: {'F': 100,581, 'B': 97,111}, MM: 23, MMPER: 49.0%
[00:00:02:46:877] 
---------- SM_Grids/7x8_grid_with_random_blocks_12per_4 ----------
[00:00:00:30:730] Path of length 45 found: [0, 1, 2, 10, 9, 17, 16, 24, 25, 33, 32, 40, 48, 49, 41, 42, 34, 35, 43, 51, 52, 53, 45, 37, 36, 28, 27, 19, 11, 12, 20, 21, 13, 5, 6, 7, 15, 23, 22, 30, 31, 39, 38, 46, 54, 55]
[00:00:00:30:731] ! Unidirectional s-t. expansions: 38,319, time: 30,731 [ms], path length: 45 [edges], generated: 66,489
[00:00:00:59:769] Path of length 45 found: [55, 47, 39, 31, 23, 15, 7, 6, 5, 4, 12, 13, 21, 22, 30, 38, 37, 45, 46, 54, 53, 52, 51, 43, 42, 50, 49, 48, 40, 32, 24, 16, 17, 25, 33, 34, 35, 36, 28, 20, 19, 11, 10, 2, 1, 0]
[00:00:00:59:769] ! Unidirectional t-s. expansions: 80,346, time: 59,769 [ms], path length: 45 [edges], generated: 133,205
[00:00:03:36:123] Path of length 45 found: [0, 1, 2, 10, 9, 17, 18, 19, 27, 28, 36, 35, 34, 33, 25, 24, 32, 40, 48, 49, 41, 42, 50, 51, 52, 53, 54, 46, 45, 37, 38, 30, 22, 21, 13, 12, 4, 5, 6, 7, 15, 23, 31, 39, 47, 55]
[00:00:03:36:533] ! Bidirectional. expansions: 128,079, time: 216,123 [ms], path length: 45 [edges], g_F: 23, g_B: 22, generated: {'F': 135,720, 'B': 89,142}, MM: 1, MMPER: 1.1739130434782608%
[00:00:03:36:533] 
---------- SM_Grids/7x8_grid_with_random_blocks_12per_5 ----------
[00:00:00:51:415] Path of length 45 found: [0, 8, 16, 17, 9, 1, 2, 10, 18, 26, 25, 33, 32, 40, 48, 49, 50, 51, 52, 53, 45, 46, 38, 30, 29, 21, 13, 12, 20, 28, 36, 35, 27, 19, 11, 3, 4, 5, 6, 14, 22, 23, 31, 39, 47, 55]
[00:00:00:51:416] ! Unidirectional s-t. expansions: 53,731, time: 51,415 [ms], path length: 45 [edges], generated: 96,042
[00:00:00:13:382] Path of length 45 found: [55, 47, 39, 31, 23, 22, 14, 6, 5, 4, 3, 2, 1, 9, 10, 18, 26, 34, 35, 36, 28, 27, 19, 11, 12, 20, 21, 29, 30, 38, 46, 45, 53, 52, 51, 50, 49, 48, 40, 32, 33, 25, 17, 16, 8, 0]
[00:00:00:13:382] ! Unidirectional t-s. expansions: 15,451, time: 13,382 [ms], path length: 45 [edges], generated: 26,229
[00:00:03:41:202] Path of length 45 found: [0, 8, 16, 17, 9, 1, 2, 10, 18, 26, 27, 19, 11, 3, 4, 12, 20, 28, 36, 35, 34, 33, 32, 40, 48, 49, 50, 51, 52, 53, 45, 46, 38, 30, 29, 21, 13, 5, 6, 14, 22, 23, 31, 39, 47, 55]
[00:00:03:41:566] ! Bidirectional. expansions: 125,057, time: 221,202 [ms], path length: 45 [edges], g_F: 25, g_B: 20, generated: {'F': 147,948, 'B': 74,838}, MM: 5, MMPER: 9.869565217391305%
[00:00:03:41:566] 
---------- SM_Grids/7x8_grid_with_random_blocks_12per_6 ----------
[00:00:00:00:045] Path of length 47 found: [0, 8, 9, 17, 18, 10, 2, 3, 11, 19, 27, 26, 34, 33, 32, 40, 48, 49, 41, 42, 50, 51, 43, 35, 36, 28, 20, 21, 29, 37, 45, 44, 52, 53, 54, 46, 38, 30, 22, 14, 6, 7, 15, 23, 31, 39, 47, 55]
[00:00:00:00:046] ! Unidirectional s-t. expansions: 46, time: 46 [ms], path length: 47 [edges], generated: 77
[00:00:00:00:088] Path of length 47 found: [55, 47, 39, 31, 23, 15, 7, 6, 14, 22, 21, 20, 28, 36, 35, 43, 44, 45, 37, 29, 30, 38, 46, 54, 53, 52, 51, 50, 42, 41, 49, 48, 40, 32, 33, 34, 26, 27, 19, 11, 3, 2, 10, 18, 17, 9, 8, 0]
[00:00:00:00:088] ! Unidirectional t-s. expansions: 92, time: 88 [ms], path length: 47 [edges], generated: 157
[00:00:00:00:096] Path of length 47 found: [0, 8, 9, 17, 18, 10, 2, 3, 11, 19, 27, 26, 34, 33, 32, 40, 48, 49, 41, 42, 50, 51, 43, 35, 36, 28, 20, 21, 29, 37, 45, 44, 52, 53, 54, 46, 38, 30, 22, 14, 6, 7, 15, 23, 31, 39, 47, 55]
[00:00:00:00:457] ! Bidirectional. expansions: 46, time: 96 [ms], path length: 47 [edges], g_F: 40, g_B: 7, generated: {'F': 68, 'B': 13}, MM: 33, MMPER: 67.75%
[00:00:00:00:457] 
---------- SM_Grids/7x8_grid_with_random_blocks_12per_7 ----------
[00:00:00:00:058] Path of length 47 found: [0, 8, 9, 1, 2, 10, 18, 17, 25, 33, 41, 49, 50, 42, 34, 26, 27, 35, 43, 51, 52, 44, 36, 28, 20, 19, 11, 3, 4, 12, 13, 5, 6, 14, 15, 23, 31, 30, 29, 37, 45, 53, 54, 46, 38, 39, 47, 55]
[00:00:00:00:058] ! Unidirectional s-t. expansions: 60, time: 58 [ms], path length: 47 [edges], generated: 103
[00:00:00:00:285] Path of length 47 found: [55, 47, 39, 31, 23, 15, 14, 6, 5, 13, 12, 4, 3, 11, 19, 20, 28, 27, 26, 34, 42, 43, 35, 36, 44, 45, 37, 29, 30, 38, 46, 54, 53, 52, 51, 50, 49, 41, 33, 25, 17, 18, 10, 2, 1, 9, 8, 0]
[00:00:00:00:286] ! Unidirectional t-s. expansions: 354, time: 285 [ms], path length: 47 [edges], generated: 633
[00:00:00:00:101] Path of length 47 found: [0, 8, 9, 1, 2, 10, 18, 17, 25, 33, 41, 49, 50, 51, 52, 44, 45, 53, 54, 46, 38, 30, 29, 37, 36, 35, 43, 42, 34, 26, 27, 28, 20, 19, 11, 3, 4, 12, 13, 5, 6, 14, 15, 23, 31, 39, 47, 55]
[00:00:00:00:562] ! Bidirectional. expansions: 46, time: 101 [ms], path length: 47 [edges], g_F: 23, g_B: 24, generated: {'F': 46, 'B': 48}, MM: 1, MMPER: 1.0833333333333335%
[00:00:00:00:562] 
---------- SM_Grids/7x8_grid_with_random_blocks_12per_8 ----------
[00:00:00:08:793] Path of length 47 found: [0, 8, 16, 24, 32, 33, 34, 26, 18, 17, 9, 1, 2, 10, 11, 3, 4, 12, 20, 19, 27, 35, 43, 42, 50, 51, 52, 44, 36, 28, 29, 21, 13, 5, 6, 7, 15, 14, 22, 30, 31, 39, 47, 46, 45, 53, 54, 55]
[00:00:00:08:793] ! Unidirectional s-t. expansions: 10,105, time: 8,793 [ms], path length: 47 [edges], generated: 17,949
[00:00:00:28:416] Path of length 47 found: [55, 47, 39, 31, 30, 22, 14, 15, 7, 6, 5, 4, 3, 2, 10, 18, 26, 27, 19, 11, 12, 13, 21, 20, 28, 29, 37, 36, 35, 43, 44, 45, 46, 54, 53, 52, 51, 50, 42, 34, 33, 32, 24, 16, 17, 9, 1, 0]
[00:00:00:28:416] ! Unidirectional t-s. expansions: 39,986, time: 28,416 [ms], path length: 47 [edges], generated: 65,447
[00:00:01:38:624] Path of length 47 found: [0, 8, 16, 24, 32, 33, 34, 42, 50, 51, 43, 35, 36, 44, 52, 53, 54, 46, 45, 37, 29, 28, 27, 26, 18, 10, 9, 1, 2, 3, 11, 19, 20, 21, 13, 12, 4, 5, 6, 7, 15, 14, 22, 30, 31, 39, 47, 55]
[00:00:01:38:996] ! Bidirectional. expansions: 62,319, time: 98,624 [ms], path length: 47 [edges], g_F: 26, g_B: 21, generated: {'F': 41,208, 'B': 68,929}, MM: 5, MMPER: 9.416666666666666%
[00:00:01:38:996] 
---------- SM_Grids/7x8_grid_with_random_blocks_12per_9 ----------
[00:00:00:00:716] Path of length 47 found: [0, 8, 16, 24, 32, 40, 48, 49, 41, 33, 25, 17, 18, 10, 2, 3, 11, 19, 27, 26, 34, 42, 50, 51, 43, 35, 36, 28, 29, 21, 20, 12, 13, 5, 6, 7, 15, 14, 22, 23, 31, 30, 38, 39, 47, 46, 54, 55]
[00:00:00:00:716] ! Unidirectional s-t. expansions: 594, time: 716 [ms], path length: 47 [edges], generated: 1,031
[00:00:00:00:541] Path of length 47 found: [55, 54, 46, 47, 39, 38, 30, 31, 23, 15, 7, 6, 5, 13, 14, 22, 21, 29, 28, 20, 12, 11, 3, 2, 10, 18, 19, 27, 26, 25, 33, 41, 42, 34, 35, 36, 44, 43, 51, 50, 49, 48, 40, 32, 24, 16, 8, 0]
[00:00:00:00:541] ! Unidirectional t-s. expansions: 751, time: 541 [ms], path length: 47 [edges], generated: 1,277
[00:00:00:02:949] Path of length 47 found: [0, 8, 16, 24, 32, 40, 48, 49, 41, 33, 25, 17, 18, 10, 2, 3, 11, 19, 27, 26, 34, 42, 50, 51, 43, 35, 36, 28, 29, 21, 20, 12, 13, 5, 6, 7, 15, 14, 22, 23, 31, 30, 38, 39, 47, 46, 54, 55]
[00:00:00:03:312] ! Bidirectional. expansions: 1,738, time: 2,949 [ms], path length: 47 [edges], g_F: 26, g_B: 21, generated: {'F': 949, 'B': 2,054}, MM: 5, MMPER: 9.416666666666666%
[00:00:00:03:312] average expansions: (19,465, 21,233, 46,456, 0)
[00:00:00:03:312] average time: (16,258, 15,818, 77,581, 0)
[00:00:00:03:312] XIDA: 19,465 , 15,818 (expansions , time[ms])
[00:00:00:03:312] BiXIDA: 46,456 , 77,581 (expansions , time[ms])

