--------------------------
date: SM_Grids
number_of_graphs: 10
graph_type: grid
size_of_graphs: [8, 8]
heuristic: bcc_heuristic
snake: False
run_uni: True
run_bi: True
run_multi: False
solution_vertices: []
algorithms: ['IDA']
lookahead: 1
bsd: False
cube_first_dims: 4
cube_buffer_dim: None
backward_sym_generation: False
sym_coil: False
prefix_set: None

---------- SM_Grids/8x8_grid_with_random_blocks_20per_0 ----------
[00:00:00:01:725] Path of length 44 found: [0, 1, 9, 10, 2, 3, 4, 12, 20, 28, 29, 21, 13, 5, 6, 7, 15, 14, 22, 23, 31, 30, 38, 37, 36, 35, 34, 26, 25, 17, 16, 24, 32, 40, 48, 49, 41, 42, 43, 44, 52, 53, 61, 62, 63]
[00:00:00:01:726] ! Unidirectional s-t. expansions: 2,116, time: 1,725 [ms], path length: 44 [edges], generated: 3,409
[00:00:00:00:427] Path of length 44 found: [63, 62, 61, 53, 52, 44, 43, 42, 50, 49, 41, 40, 32, 24, 16, 17, 25, 26, 34, 35, 36, 28, 20, 12, 13, 21, 29, 37, 38, 39, 31, 30, 22, 23, 15, 7, 6, 5, 4, 3, 2, 10, 9, 1, 0]
[00:00:00:00:427] ! Unidirectional t-s. expansions: 560, time: 427 [ms], path length: 44 [edges], generated: 980
[00:00:00:05:034] Path of length 44 found: [0, 1, 9, 10, 2, 3, 4, 12, 20, 28, 29, 21, 13, 5, 6, 7, 15, 14, 22, 23, 31, 30, 38, 37, 36, 35, 34, 26, 25, 17, 16, 24, 32, 40, 48, 49, 50, 42, 43, 44, 52, 53, 61, 62, 63]
[00:00:00:05:476] ! Bidirectional. expansions: 3,106, time: 5,034 [ms], path length: 44 [edges], g_F: 35, g_B: 9, generated: {'F': 3,000, 'B': 1,872}, MM: 26, MMPER: 56.77777777777778%
[00:00:00:05:476] 
---------- SM_Grids/8x8_grid_with_random_blocks_20per_1 ----------
[00:00:00:18:620] Path of length 38 found: [0, 8, 16, 24, 25, 17, 9, 1, 2, 3, 11, 10, 18, 26, 34, 33, 41, 40, 48, 56, 57, 49, 50, 42, 43, 35, 27, 19, 20, 28, 29, 30, 31, 39, 47, 46, 54, 62, 63]
[00:00:00:18:620] ! Unidirectional s-t. expansions: 20,966, time: 18,620 [ms], path length: 38 [edges], generated: 36,805
[00:00:00:02:569] Path of length 38 found: [63, 62, 54, 55, 47, 39, 31, 30, 29, 21, 20, 28, 27, 19, 11, 3, 2, 10, 18, 26, 34, 35, 43, 51, 50, 49, 57, 56, 48, 40, 41, 33, 25, 24, 16, 17, 9, 1, 0]
[00:00:00:02:570] ! Unidirectional t-s. expansions: 3,286, time: 2,569 [ms], path length: 38 [edges], generated: 5,881
[00:00:01:15:039] Path of length 38 found: [0, 8, 16, 24, 25, 17, 9, 1, 2, 3, 11, 10, 18, 26, 34, 33, 41, 40, 48, 56, 57, 49, 50, 42, 43, 35, 27, 19, 20, 28, 29, 30, 31, 39, 47, 55, 54, 62, 63]
[00:00:01:15:456] ! Bidirectional. expansions: 43,123, time: 75,039 [ms], path length: 38 [edges], g_F: 32, g_B: 6, generated: {'F': 64,102, 'B': 10,254}, MM: 26, MMPER: 65.66666666666667%
[00:00:01:15:456] 
---------- SM_Grids/8x8_grid_with_random_blocks_20per_2 ----------
[00:00:00:00:940] Path of length 48 found: [0, 8, 16, 17, 9, 1, 2, 3, 4, 12, 20, 19, 18, 26, 34, 33, 41, 40, 48, 56, 57, 49, 50, 58, 59, 60, 61, 53, 45, 37, 36, 28, 29, 21, 13, 5, 6, 14, 15, 23, 22, 30, 31, 39, 38, 46, 54, 62, 63]
[00:00:00:00:941] ! Unidirectional s-t. expansions: 971, time: 941 [ms], path length: 48 [edges], generated: 1,686
[00:00:00:01:071] Path of length 48 found: [63, 62, 54, 46, 47, 39, 31, 23, 15, 14, 6, 5, 13, 21, 22, 30, 29, 28, 36, 37, 45, 53, 61, 60, 59, 58, 50, 49, 57, 56, 48, 40, 41, 33, 34, 26, 18, 19, 20, 12, 4, 3, 2, 1, 9, 17, 16, 8, 0]
[00:00:00:01:072] ! Unidirectional t-s. expansions: 1,042, time: 1,071 [ms], path length: 48 [edges], generated: 1,681
[00:00:00:05:631] Path of length 48 found: [0, 8, 16, 17, 9, 1, 2, 3, 4, 12, 20, 19, 18, 26, 34, 33, 41, 40, 48, 56, 57, 49, 50, 58, 59, 60, 61, 53, 45, 37, 36, 28, 29, 30, 22, 21, 13, 5, 6, 14, 15, 23, 31, 39, 47, 46, 54, 62, 63]
[00:00:00:06:048] ! Bidirectional. expansions: 3,129, time: 5,631 [ms], path length: 48 [edges], g_F: 30, g_B: 18, generated: {'F': 2,937, 'B': 2,340}, MM: 12, MMPER: 23.489795918367346%
[00:00:00:06:048] 
---------- SM_Grids/8x8_grid_with_random_blocks_20per_3 ----------
[00:00:00:00:748] Path of length 46 found: [0, 1, 9, 8, 16, 24, 32, 40, 41, 49, 57, 58, 50, 51, 43, 35, 34, 26, 27, 19, 18, 10, 11, 3, 4, 12, 13, 5, 6, 7, 15, 23, 22, 30, 31, 39, 38, 37, 36, 44, 45, 53, 52, 60, 61, 62, 63]
[00:00:00:00:748] ! Unidirectional s-t. expansions: 720, time: 748 [ms], path length: 46 [edges], generated: 1,230
[00:00:00:00:791] Path of length 46 found: [63, 62, 61, 60, 52, 53, 45, 37, 29, 30, 38, 39, 31, 23, 15, 7, 6, 5, 13, 12, 4, 3, 11, 10, 18, 19, 27, 26, 34, 35, 36, 44, 43, 51, 50, 58, 57, 49, 41, 40, 32, 24, 16, 17, 9, 1, 0]
[00:00:00:00:791] ! Unidirectional t-s. expansions: 882, time: 791 [ms], path length: 46 [edges], generated: 1,435
[00:00:00:03:703] Path of length 46 found: [0, 1, 9, 8, 16, 24, 32, 40, 41, 49, 57, 58, 50, 51, 43, 44, 36, 35, 34, 26, 27, 19, 18, 10, 11, 3, 4, 12, 13, 5, 6, 7, 15, 23, 31, 39, 38, 30, 29, 37, 45, 53, 52, 60, 61, 62, 63]
[00:00:00:04:117] ! Bidirectional. expansions: 1,815, time: 3,703 [ms], path length: 46 [edges], g_F: 21, g_B: 25, generated: {'F': 1,034, 'B': 2,080}, MM: 4, MMPER: 7.51063829787234%
[00:00:00:04:117] 
---------- SM_Grids/8x8_grid_with_random_blocks_20per_4 ----------
[00:00:00:52:016] Path of length 44 found: [0, 8, 16, 24, 32, 40, 48, 49, 57, 58, 59, 51, 43, 44, 36, 28, 20, 19, 27, 26, 34, 33, 25, 17, 18, 10, 9, 1, 2, 3, 4, 5, 6, 7, 15, 23, 22, 21, 29, 37, 45, 46, 54, 62, 63]
[00:00:00:52:016] ! Unidirectional s-t. expansions: 70,741, time: 52,016 [ms], path length: 44 [edges], generated: 112,041
[00:00:00:12:865] Path of length 44 found: [63, 55, 54, 46, 38, 37, 45, 44, 43, 51, 59, 58, 57, 49, 48, 40, 41, 33, 32, 24, 16, 8, 9, 17, 25, 26, 18, 10, 11, 19, 27, 28, 20, 21, 22, 23, 15, 7, 6, 5, 4, 3, 2, 1, 0]
[00:00:00:12:865] ! Unidirectional t-s. expansions: 14,918, time: 12,865 [ms], path length: 44 [edges], generated: 27,129
[00:00:02:25:158] Path of length 44 found: [0, 8, 16, 24, 32, 40, 48, 49, 57, 58, 59, 51, 43, 44, 36, 28, 20, 19, 11, 10, 18, 26, 34, 33, 25, 17, 9, 1, 2, 3, 4, 5, 6, 7, 15, 23, 22, 21, 29, 37, 38, 46, 54, 55, 63]
[00:00:02:25:567] ! Bidirectional. expansions: 82,987, time: 145,159 [ms], path length: 44 [edges], g_F: 17, g_B: 27, generated: {'F': 84,681, 'B': 57,489}, MM: 10, MMPER: 21.22222222222222%
[00:00:02:25:567] 
---------- SM_Grids/8x8_grid_with_random_blocks_20per_5 ----------
[00:00:00:03:825] Path of length 46 found: [0, 1, 9, 8, 16, 24, 32, 40, 48, 49, 57, 58, 59, 51, 50, 42, 41, 33, 25, 17, 18, 26, 34, 35, 36, 28, 20, 12, 13, 21, 22, 14, 15, 23, 31, 39, 38, 37, 45, 53, 61, 62, 54, 46, 47, 55, 63]
[00:00:00:03:825] ! Unidirectional s-t. expansions: 3,904, time: 3,825 [ms], path length: 46 [edges], generated: 7,098
[00:00:00:01:667] Path of length 46 found: [63, 55, 47, 39, 31, 23, 15, 14, 22, 21, 13, 12, 20, 28, 29, 37, 38, 46, 54, 62, 61, 53, 52, 51, 59, 58, 57, 49, 48, 40, 32, 24, 25, 33, 41, 42, 43, 35, 34, 26, 18, 17, 16, 8, 9, 1, 0]
[00:00:00:01:668] ! Unidirectional t-s. expansions: 1,657, time: 1,667 [ms], path length: 46 [edges], generated: 3,097
[00:00:00:37:765] Path of length 46 found: [0, 1, 9, 8, 16, 24, 32, 40, 48, 49, 57, 58, 50, 42, 41, 33, 25, 17, 18, 26, 34, 35, 43, 51, 52, 53, 61, 62, 54, 46, 38, 37, 29, 28, 20, 12, 13, 21, 22, 14, 15, 23, 31, 39, 47, 55, 63]
[00:00:00:38:178] ! Bidirectional. expansions: 20,013, time: 37,765 [ms], path length: 46 [edges], g_F: 33, g_B: 13, generated: {'F': 20,846, 'B': 14,635}, MM: 20, MMPER: 41.5531914893617%
[00:00:00:38:178] 
---------- SM_Grids/8x8_grid_with_random_blocks_20per_6 ----------
[00:00:00:01:528] Path of length 46 found: [0, 1, 9, 8, 16, 17, 18, 10, 11, 19, 27, 28, 20, 21, 13, 12, 4, 5, 6, 14, 15, 23, 31, 39, 38, 37, 36, 44, 45, 53, 52, 51, 43, 42, 50, 49, 48, 56, 57, 58, 59, 60, 61, 62, 54, 55, 63]
[00:00:00:01:529] ! Unidirectional s-t. expansions: 1,586, time: 1,528 [ms], path length: 46 [edges], generated: 2,596
[00:00:00:02:454] Path of length 46 found: [63, 55, 47, 39, 31, 23, 15, 14, 6, 5, 4, 12, 13, 21, 29, 37, 45, 53, 54, 62, 61, 60, 52, 51, 59, 58, 57, 56, 48, 49, 50, 42, 43, 44, 36, 28, 20, 19, 27, 26, 18, 10, 9, 17, 16, 8, 0]
[00:00:00:02:454] ! Unidirectional t-s. expansions: 3,085, time: 2,454 [ms], path length: 46 [edges], generated: 5,083
[00:00:00:11:065] Path of length 46 found: [0, 1, 9, 8, 16, 17, 18, 10, 11, 19, 27, 28, 36, 44, 43, 42, 50, 49, 48, 56, 57, 58, 59, 51, 52, 60, 61, 62, 54, 53, 45, 37, 29, 21, 20, 12, 4, 5, 13, 14, 15, 23, 31, 39, 47, 55, 63]
[00:00:00:11:499] ! Bidirectional. expansions: 6,058, time: 11,065 [ms], path length: 46 [edges], g_F: 39, g_B: 7, generated: {'F': 8,580, 'B': 1,832}, MM: 32, MMPER: 67.08510638297872%
[00:00:00:11:499] 
---------- SM_Grids/8x8_grid_with_random_blocks_20per_7 ----------
[00:00:00:03:585] Path of length 42 found: [0, 8, 16, 24, 32, 40, 41, 33, 25, 17, 9, 1, 2, 3, 11, 19, 18, 26, 34, 42, 50, 51, 43, 35, 27, 28, 20, 12, 4, 5, 6, 14, 15, 23, 31, 30, 38, 39, 47, 55, 54, 62, 63]
[00:00:00:03:585] ! Unidirectional s-t. expansions: 3,569, time: 3,585 [ms], path length: 42 [edges], generated: 5,947
[00:00:00:00:390] Path of length 42 found: [63, 62, 54, 55, 47, 39, 38, 30, 31, 23, 15, 7, 6, 5, 4, 3, 2, 1, 9, 17, 25, 33, 34, 26, 18, 19, 11, 12, 20, 28, 27, 35, 43, 51, 50, 42, 41, 40, 32, 24, 16, 8, 0]
[00:00:00:00:390] ! Unidirectional t-s. expansions: 410, time: 390 [ms], path length: 42 [edges], generated: 747
[00:00:00:12:012] Path of length 42 found: [0, 8, 16, 24, 32, 40, 41, 33, 25, 17, 9, 1, 2, 3, 11, 19, 18, 26, 34, 42, 50, 51, 43, 35, 27, 28, 20, 12, 4, 5, 6, 14, 15, 23, 31, 30, 38, 39, 47, 55, 54, 62, 63]
[00:00:00:12:448] ! Bidirectional. expansions: 6,505, time: 12,013 [ms], path length: 42 [edges], g_F: 32, g_B: 10, generated: {'F': 6,476, 'B': 3,698}, MM: 22, MMPER: 50.16279069767442%
[00:00:00:12:448] 
---------- SM_Grids/8x8_grid_with_random_blocks_20per_8 ----------
[00:00:00:00:223] Path of length 48 found: [0, 8, 16, 24, 32, 33, 25, 17, 9, 10, 2, 3, 11, 19, 20, 12, 4, 5, 13, 14, 6, 7, 15, 23, 22, 21, 29, 28, 27, 35, 36, 44, 52, 51, 50, 42, 41, 49, 57, 58, 59, 60, 61, 53, 45, 46, 47, 55, 63]
[00:00:00:00:223] ! Unidirectional s-t. expansions: 264, time: 223 [ms], path length: 48 [edges], generated: 413
[00:00:00:00:049] Path of length 48 found: [63, 55, 47, 46, 45, 53, 61, 60, 59, 58, 57, 49, 41, 42, 50, 51, 52, 44, 36, 35, 27, 19, 11, 12, 20, 28, 29, 21, 13, 14, 22, 23, 15, 7, 6, 5, 4, 3, 2, 10, 9, 17, 25, 33, 32, 24, 16, 8, 0]
[00:00:00:00:049] ! Unidirectional t-s. expansions: 51, time: 49 [ms], path length: 48 [edges], generated: 81
[00:00:00:00:478] Path of length 48 found: [0, 8, 16, 24, 32, 33, 25, 17, 9, 10, 2, 3, 11, 19, 20, 12, 4, 5, 13, 14, 6, 7, 15, 23, 22, 21, 29, 28, 27, 35, 36, 44, 52, 51, 50, 42, 41, 49, 57, 58, 59, 60, 61, 53, 45, 46, 47, 55, 63]
[00:00:00:00:880] ! Bidirectional. expansions: 264, time: 478 [ms], path length: 48 [edges], g_F: 48, g_B: 0, generated: {'F': 406, 'B': 6}, MM: 48, MMPER: 96.95918367346938%
[00:00:00:00:880] 
---------- SM_Grids/8x8_grid_with_random_blocks_20per_9 ----------
[00:00:00:00:046] Path of length 36 found: [0, 8, 9, 1, 2, 10, 18, 26, 34, 35, 27, 28, 36, 44, 45, 37, 29, 21, 13, 5, 6, 7, 15, 14, 22, 23, 31, 30, 38, 39, 47, 55, 54, 53, 61, 62, 63]
[00:00:00:00:047] ! Unidirectional s-t. expansions: 38, time: 46 [ms], path length: 36 [edges], generated: 65
[00:00:00:00:167] Path of length 36 found: [63, 62, 61, 53, 54, 55, 47, 39, 31, 23, 15, 7, 6, 5, 13, 14, 22, 21, 29, 30, 38, 37, 45, 44, 36, 28, 27, 35, 34, 26, 18, 17, 9, 10, 2, 1, 0]
[00:00:00:00:167] ! Unidirectional t-s. expansions: 166, time: 167 [ms], path length: 36 [edges], generated: 282
[00:00:00:00:548] Path of length 36 found: [0, 8, 9, 1, 2, 10, 18, 26, 34, 35, 27, 28, 36, 44, 45, 37, 38, 30, 29, 21, 22, 14, 13, 5, 6, 7, 15, 23, 31, 39, 47, 55, 54, 53, 61, 62, 63]
[00:00:00:00:957] ! Bidirectional. expansions: 226, time: 548 [ms], path length: 36 [edges], g_F: 4, g_B: 32, generated: {'F': 178, 'B': 210}, MM: 28, MMPER: 74.67567567567568%
[00:00:00:00:957] average expansions: (10,488, 2,606, 16,723, 0)
[00:00:00:00:957] average time: (8,326, 2,245, 29,644, 0)
[00:00:00:00:957] XIDA: 2,606 , 2,245 (expansions , time[ms])
[00:00:00:00:957] BiXIDA: 16,723 , 29,644 (expansions , time[ms])

