--------------------------
date: SM_Grids
number_of_graphs: 10
graph_type: grid
size_of_graphs: [7, 8]
heuristic: bcc_heuristic
snake: False
run_uni: True
run_bi: True
run_multi: False
solution_vertices: []
algorithms: ['IDA']
lookahead: 1
bsd: False
cube_first_dims: 4
cube_buffer_dim: None
backward_sym_generation: False
sym_coil: False
prefix_set: None

---------- SM_Grids/7x8_grid_with_random_blocks_8per_0 ----------
[00:00:01:32:760] Valid states checked so far: 200,000, Expansions: 119,240, Global best: 40
[00:00:02:53:107] Valid states checked so far: 400,000, Expansions: 243,357, Global best: 40
[00:00:04:19:759] Valid states checked so far: 600,000, Expansions: 364,803, Global best: 40
[00:00:05:42:550] Valid states checked so far: 800,000, Expansions: 487,790, Global best: 40
[00:00:07:08:182] Valid states checked so far: 1,000,000, Expansions: 610,281, Global best: 40
[00:00:08:13:817] Path of length 47 found: [0, 8, 16, 24, 32, 33, 25, 17, 9, 1, 2, 10, 18, 26, 34, 42, 50, 51, 52, 53, 45, 44, 36, 35, 27, 19, 11, 3, 4, 12, 20, 28, 29, 37, 38, 30, 22, 21, 13, 5, 6, 14, 15, 23, 31, 39, 47, 55]
[00:00:08:13:817] ! Unidirectional s-t. expansions: 703,259, time: 493,817 [ms], path length: 47 [edges], generated: 1,148,272
[00:00:01:39:899] Valid states checked so far: 200,000, Expansions: 111,380, Global best: 48
[00:00:03:09:646] Valid states checked so far: 400,000, Expansions: 223,346, Global best: 48
[00:00:04:13:368] Path of length 47 found: [55, 47, 39, 31, 23, 15, 7, 6, 5, 4, 3, 2, 10, 18, 19, 11, 12, 20, 28, 27, 35, 36, 37, 29, 21, 13, 14, 22, 30, 38, 46, 45, 44, 52, 51, 50, 42, 34, 26, 25, 33, 32, 24, 16, 17, 9, 1, 0]
[00:00:04:13:368] ! Unidirectional t-s. expansions: 307,432, time: 253,368 [ms], path length: 47 [edges], generated: 546,497
[00:00:32:59:333] Path of length 47 found: [0, 8, 16, 24, 32, 33, 34, 42, 50, 51, 52, 53, 45, 37, 38, 30, 29, 21, 22, 14, 13, 12, 20, 28, 36, 35, 27, 19, 11, 10, 18, 26, 25, 17, 9, 1, 2, 3, 4, 5, 6, 7, 15, 23, 31, 39, 47, 55]
[00:00:32:59:720] ! Bidirectional. expansions: 1,233,247, time: 1,979,333 [ms], path length: 47 [edges], g_F: 14, g_B: 33, generated: {'F': 1,434,501, 'B': 825,036}, MM: 19, MMPER: 38.583333333333336%
[00:00:32:59:720] 
---------- SM_Grids/7x8_grid_with_random_blocks_8per_1 ----------
[00:00:00:12:153] Path of length 49 found: [0, 1, 9, 17, 16, 24, 32, 40, 48, 49, 41, 42, 34, 33, 25, 26, 18, 19, 27, 28, 20, 12, 11, 3, 4, 5, 13, 21, 29, 30, 22, 14, 6, 7, 15, 23, 31, 39, 38, 37, 36, 44, 43, 51, 52, 53, 45, 46, 54, 55]
[00:00:00:12:153] ! Unidirectional s-t. expansions: 14,482, time: 12,153 [ms], path length: 49 [edges], generated: 25,696
[00:00:01:28:441] Path of length 49 found: [55, 47, 39, 31, 23, 15, 7, 6, 5, 4, 3, 11, 19, 18, 26, 27, 28, 20, 12, 13, 14, 22, 21, 29, 30, 38, 37, 36, 44, 45, 46, 54, 53, 52, 51, 43, 42, 34, 33, 41, 49, 48, 40, 32, 24, 16, 17, 9, 1, 0]
[00:00:01:28:441] ! Unidirectional t-s. expansions: 107,309, time: 88,441 [ms], path length: 49 [edges], generated: 180,577
[00:00:03:07:387] Path of length 49 found: [0, 1, 9, 17, 16, 24, 32, 40, 48, 49, 41, 42, 34, 33, 25, 26, 18, 19, 27, 28, 29, 37, 36, 44, 43, 51, 52, 53, 45, 46, 38, 30, 22, 14, 13, 21, 20, 12, 11, 3, 4, 5, 6, 7, 15, 23, 31, 39, 47, 55]
[00:00:03:07:773] ! Bidirectional. expansions: 114,822, time: 187,387 [ms], path length: 49 [edges], g_F: 29, g_B: 20, generated: {'F': 64,272, 'B': 133,659}, MM: 9, MMPER: 17.0%
[00:00:03:07:773] 
---------- SM_Grids/7x8_grid_with_random_blocks_8per_2 ----------
[00:00:00:36:693] Path of length 47 found: [0, 8, 16, 24, 32, 40, 41, 49, 50, 42, 34, 33, 25, 17, 9, 1, 2, 3, 11, 10, 18, 26, 27, 19, 20, 12, 13, 21, 29, 28, 36, 35, 43, 51, 52, 44, 45, 37, 38, 30, 22, 23, 31, 39, 47, 46, 54, 55]
[00:00:00:36:694] ! Unidirectional s-t. expansions: 42,128, time: 36,694 [ms], path length: 47 [edges], generated: 75,977
[00:00:01:20:475] Valid states checked so far: 200,000, Expansions: 119,243, Global best: 48
[00:00:02:00:856] Path of length 47 found: [55, 47, 39, 31, 23, 22, 21, 13, 12, 11, 3, 2, 10, 18, 26, 25, 33, 34, 42, 43, 35, 27, 19, 20, 28, 36, 44, 45, 37, 29, 30, 38, 46, 54, 53, 52, 51, 50, 49, 41, 40, 32, 24, 16, 17, 9, 1, 0]
[00:00:02:00:856] ! Unidirectional t-s. expansions: 179,476, time: 120,856 [ms], path length: 47 [edges], generated: 301,696
[00:00:05:56:395] Path of length 47 found: [0, 8, 16, 24, 32, 40, 41, 49, 50, 42, 34, 33, 25, 26, 18, 17, 9, 1, 2, 10, 11, 19, 27, 35, 43, 51, 52, 53, 54, 46, 38, 30, 29, 37, 45, 44, 36, 28, 20, 12, 13, 21, 22, 23, 31, 39, 47, 55]
[00:00:05:56:762] ! Bidirectional. expansions: 210,513, time: 356,395 [ms], path length: 47 [edges], g_F: 20, g_B: 27, generated: {'F': 157,243, 'B': 240,130}, MM: 7, MMPER: 13.583333333333334%
[00:00:05:56:762] 
---------- SM_Grids/7x8_grid_with_random_blocks_8per_3 ----------
[00:00:00:07:897] Path of length 49 found: [0, 8, 16, 24, 32, 40, 48, 49, 41, 33, 34, 42, 50, 51, 43, 35, 27, 26, 18, 17, 9, 1, 2, 10, 11, 3, 4, 12, 20, 28, 36, 44, 45, 37, 29, 21, 13, 5, 6, 7, 15, 14, 22, 23, 31, 39, 38, 46, 47, 55]
[00:00:00:07:897] ! Unidirectional s-t. expansions: 8,717, time: 7,897 [ms], path length: 49 [edges], generated: 14,979
[00:00:00:38:776] Path of length 49 found: [55, 47, 39, 31, 23, 15, 7, 6, 5, 4, 3, 2, 10, 18, 26, 27, 19, 11, 12, 13, 14, 22, 21, 20, 28, 29, 37, 38, 46, 45, 44, 36, 35, 34, 33, 41, 42, 43, 51, 50, 49, 48, 40, 32, 24, 16, 17, 9, 1, 0]
[00:00:00:38:776] ! Unidirectional t-s. expansions: 55,887, time: 38,776 [ms], path length: 49 [edges], generated: 92,378
[00:00:02:00:564] Path of length 49 found: [0, 8, 16, 24, 32, 40, 48, 49, 41, 33, 34, 42, 50, 51, 43, 35, 27, 26, 18, 17, 9, 1, 2, 10, 11, 19, 20, 28, 36, 44, 45, 46, 38, 37, 29, 21, 22, 14, 13, 12, 4, 5, 6, 7, 15, 23, 31, 39, 47, 55]
[00:00:02:00:928] ! Bidirectional. expansions: 74,066, time: 120,564 [ms], path length: 49 [edges], g_F: 24, g_B: 25, generated: {'F': 46,871, 'B': 87,133}, MM: 1, MMPER: 1.0%
[00:00:02:00:928] 
---------- SM_Grids/7x8_grid_with_random_blocks_8per_4 ----------
[00:00:00:19:870] Path of length 49 found: [0, 8, 16, 24, 32, 40, 48, 49, 41, 33, 25, 17, 9, 1, 2, 10, 11, 19, 27, 26, 34, 42, 50, 51, 43, 35, 36, 28, 20, 21, 13, 5, 6, 7, 15, 14, 22, 23, 31, 30, 29, 37, 45, 44, 52, 53, 54, 46, 47, 55]
[00:00:00:19:871] ! Unidirectional s-t. expansions: 26,458, time: 19,870 [ms], path length: 49 [edges], generated: 46,509
[00:00:00:05:742] Path of length 49 found: [55, 47, 39, 31, 23, 15, 7, 6, 5, 13, 14, 22, 30, 29, 21, 20, 19, 11, 10, 2, 1, 9, 17, 25, 33, 41, 42, 34, 26, 27, 28, 36, 35, 43, 44, 45, 46, 54, 53, 52, 51, 50, 49, 48, 40, 32, 24, 16, 8, 0]
[00:00:00:05:743] ! Unidirectional t-s. expansions: 6,189, time: 5,742 [ms], path length: 49 [edges], generated: 10,476
[00:00:01:51:485] Path of length 49 found: [0, 8, 16, 24, 32, 40, 48, 49, 41, 33, 25, 17, 9, 1, 2, 10, 11, 19, 20, 28, 27, 26, 34, 42, 50, 51, 43, 35, 36, 44, 52, 53, 54, 46, 45, 37, 29, 30, 22, 14, 13, 5, 6, 7, 15, 23, 31, 39, 47, 55]
[00:00:01:51:845] ! Bidirectional. expansions: 71,057, time: 111,485 [ms], path length: 49 [edges], g_F: 40, g_B: 9, generated: {'F': 88,741, 'B': 31,538}, MM: 31, MMPER: 61.0%
[00:00:01:51:845] 
---------- SM_Grids/7x8_grid_with_random_blocks_8per_5 ----------
[00:00:00:11:498] Path of length 49 found: [0, 8, 16, 24, 32, 40, 48, 49, 41, 33, 34, 26, 25, 17, 9, 1, 2, 10, 18, 19, 27, 28, 36, 44, 43, 51, 52, 53, 45, 37, 38, 30, 22, 21, 13, 12, 11, 3, 4, 5, 6, 14, 15, 23, 31, 39, 47, 46, 54, 55]
[00:00:00:11:498] ! Unidirectional s-t. expansions: 12,214, time: 11,498 [ms], path length: 49 [edges], generated: 20,865
[00:00:00:08:202] Path of length 49 found: [55, 47, 39, 38, 30, 31, 23, 15, 7, 6, 14, 22, 21, 13, 5, 4, 12, 11, 3, 2, 10, 18, 19, 27, 28, 36, 37, 45, 46, 54, 53, 52, 44, 43, 51, 50, 49, 48, 40, 41, 33, 34, 26, 25, 24, 16, 17, 9, 1, 0]
[00:00:00:08:202] ! Unidirectional t-s. expansions: 9,180, time: 8,202 [ms], path length: 49 [edges], generated: 15,544
[00:00:03:53:527] Path of length 49 found: [0, 8, 16, 24, 32, 40, 48, 49, 41, 33, 34, 26, 25, 17, 9, 1, 2, 3, 4, 12, 11, 10, 18, 19, 27, 28, 36, 44, 43, 51, 52, 53, 54, 46, 45, 37, 38, 30, 22, 14, 13, 5, 6, 7, 15, 23, 31, 39, 47, 55]
[00:00:03:53:889] ! Bidirectional. expansions: 111,694, time: 233,527 [ms], path length: 49 [edges], g_F: 40, g_B: 9, generated: {'F': 108,602, 'B': 91,094}, MM: 31, MMPER: 61.0%
[00:00:03:53:889] 
---------- SM_Grids/7x8_grid_with_random_blocks_8per_6 ----------
[00:00:00:24:713] Path of length 49 found: [0, 8, 16, 24, 32, 40, 48, 49, 41, 33, 25, 17, 9, 1, 2, 10, 18, 26, 34, 42, 50, 51, 43, 35, 27, 19, 11, 12, 20, 28, 36, 44, 45, 53, 54, 46, 38, 37, 29, 21, 22, 14, 6, 7, 15, 23, 31, 39, 47, 55]
[00:00:00:24:713] ! Unidirectional s-t. expansions: 30,867, time: 24,713 [ms], path length: 49 [edges], generated: 53,570
[00:00:00:11:486] Path of length 49 found: [55, 47, 39, 31, 23, 15, 7, 6, 14, 22, 21, 20, 12, 11, 10, 2, 1, 9, 17, 25, 33, 41, 42, 34, 26, 18, 19, 27, 35, 36, 28, 29, 30, 38, 46, 54, 53, 45, 44, 43, 51, 50, 49, 48, 40, 32, 24, 16, 8, 0]
[00:00:00:11:486] ! Unidirectional t-s. expansions: 13,188, time: 11,486 [ms], path length: 49 [edges], generated: 23,496
[00:00:02:34:492] Path of length 49 found: [0, 8, 16, 24, 32, 40, 48, 49, 41, 33, 25, 17, 9, 1, 2, 10, 18, 26, 27, 19, 11, 12, 20, 28, 36, 35, 34, 42, 50, 51, 43, 44, 45, 53, 54, 46, 38, 37, 29, 21, 22, 14, 6, 7, 15, 23, 31, 39, 47, 55]
[00:00:02:34:855] ! Bidirectional. expansions: 89,042, time: 154,492 [ms], path length: 49 [edges], g_F: 40, g_B: 9, generated: {'F': 94,845, 'B': 59,796}, MM: 31, MMPER: 61.0%
[00:00:02:34:855] 
---------- SM_Grids/7x8_grid_with_random_blocks_8per_7 ----------
[00:00:00:00:050] Path of length 51 found: [0, 1, 9, 17, 16, 24, 32, 40, 48, 49, 41, 33, 25, 26, 18, 10, 2, 3, 11, 19, 20, 12, 4, 5, 13, 21, 29, 28, 36, 35, 34, 42, 43, 51, 52, 53, 45, 37, 38, 30, 22, 14, 6, 7, 15, 23, 31, 39, 47, 46, 54, 55]
[00:00:00:00:050] ! Unidirectional s-t. expansions: 50, time: 50 [ms], path length: 51 [edges], generated: 82
[00:00:00:00:048] Path of length 51 found: [55, 47, 39, 31, 23, 15, 7, 6, 5, 4, 3, 2, 10, 18, 26, 25, 33, 34, 35, 36, 28, 20, 19, 11, 12, 13, 14, 22, 21, 29, 30, 38, 37, 45, 46, 54, 53, 52, 51, 43, 42, 41, 49, 48, 40, 32, 24, 16, 17, 9, 1, 0]
[00:00:00:00:048] ! Unidirectional t-s. expansions: 50, time: 48 [ms], path length: 51 [edges], generated: 82
[00:00:00:00:105] Path of length 51 found: [0, 1, 9, 17, 16, 24, 32, 40, 48, 49, 41, 42, 43, 51, 52, 53, 54, 46, 45, 37, 38, 30, 29, 21, 22, 14, 13, 12, 11, 19, 20, 28, 36, 35, 34, 33, 25, 26, 18, 10, 2, 3, 4, 5, 6, 7, 15, 23, 31, 39, 47, 55]
[00:00:00:00:463] ! Bidirectional. expansions: 50, time: 106 [ms], path length: 51 [edges], g_F: 30, g_B: 21, generated: {'F': 59, 'B': 45}, MM: 9, MMPER: 16.307692307692307%
[00:00:00:00:463] 
---------- SM_Grids/7x8_grid_with_random_blocks_8per_8 ----------
[00:00:00:00:098] Path of length 51 found: [0, 8, 16, 24, 32, 40, 48, 49, 41, 33, 25, 17, 9, 1, 2, 10, 18, 26, 27, 35, 34, 42, 43, 51, 52, 44, 45, 53, 54, 46, 38, 37, 29, 30, 22, 14, 13, 12, 20, 19, 11, 3, 4, 5, 6, 7, 15, 23, 31, 39, 47, 55]
[00:00:00:00:098] ! Unidirectional s-t. expansions: 53, time: 98 [ms], path length: 51 [edges], generated: 88
[00:00:00:00:055] Path of length 51 found: [55, 47, 39, 31, 23, 15, 7, 6, 5, 4, 3, 2, 1, 9, 17, 25, 33, 34, 35, 27, 26, 18, 10, 11, 19, 20, 12, 13, 14, 22, 30, 29, 37, 38, 46, 54, 53, 45, 44, 52, 51, 43, 42, 41, 49, 48, 40, 32, 24, 16, 8, 0]
[00:00:00:00:055] ! Unidirectional t-s. expansions: 57, time: 55 [ms], path length: 51 [edges], generated: 95
[00:00:00:00:116] Path of length 51 found: [0, 8, 16, 24, 32, 40, 48, 49, 41, 42, 43, 51, 52, 44, 45, 53, 54, 46, 38, 37, 29, 30, 22, 14, 13, 12, 20, 19, 11, 10, 18, 26, 27, 35, 34, 33, 25, 17, 9, 1, 2, 3, 4, 5, 6, 7, 15, 23, 31, 39, 47, 55]
[00:00:00:00:478] ! Bidirectional. expansions: 57, time: 116 [ms], path length: 51 [edges], g_F: 17, g_B: 34, generated: {'F': 38, 'B': 69}, MM: 17, MMPER: 31.692307692307693%
[00:00:00:00:478] 
---------- SM_Grids/7x8_grid_with_random_blocks_8per_9 ----------
[00:00:01:22:298] Path of length 49 found: [0, 1, 9, 8, 16, 24, 32, 40, 41, 49, 50, 42, 34, 33, 25, 17, 18, 10, 11, 3, 4, 12, 20, 19, 27, 35, 43, 51, 52, 44, 36, 28, 29, 30, 22, 14, 13, 5, 6, 7, 15, 23, 31, 39, 38, 37, 45, 46, 54, 55]
[00:00:01:22:298] ! Unidirectional s-t. expansions: 124,530, time: 82,298 [ms], path length: 49 [edges], generated: 199,220
[00:00:01:14:805] Path of length 49 found: [55, 54, 46, 47, 39, 31, 23, 15, 7, 6, 5, 4, 3, 11, 10, 18, 26, 25, 33, 34, 42, 43, 35, 27, 19, 20, 12, 13, 14, 22, 30, 38, 37, 29, 28, 36, 44, 52, 51, 50, 49, 41, 40, 32, 24, 16, 17, 9, 1, 0]
[00:00:01:14:805] ! Unidirectional t-s. expansions: 112,624, time: 74,805 [ms], path length: 49 [edges], generated: 179,299
[00:00:01:37:032] Path of length 49 found: [0, 1, 9, 8, 16, 24, 32, 40, 41, 49, 50, 42, 34, 35, 43, 51, 52, 44, 45, 37, 29, 28, 20, 19, 27, 26, 25, 17, 18, 10, 11, 3, 4, 12, 13, 5, 6, 7, 15, 14, 22, 23, 31, 30, 38, 39, 47, 46, 54, 55]
[00:00:01:37:435] ! Bidirectional. expansions: 53,979, time: 97,032 [ms], path length: 49 [edges], g_F: 21, g_B: 28, generated: {'F': 49,140, 'B': 47,254}, MM: 7, MMPER: 13.0%
[00:00:01:37:436] average expansions: (96,276, 79,139, 195,853, 0)
[00:00:01:37:436] average time: (68,909, 60,178, 324,044, 0)
[00:00:01:37:436] XIDA: 79,139 , 60,178 (expansions , time[ms])
[00:00:01:37:436] BiXIDA: 195,853 , 324,044 (expansions , time[ms])

