--------------------------
date: SM_Grids
number_of_graphs: 10
graph_type: grid
size_of_graphs: [7, 7]
heuristic: bcc_heuristic
snake: False
run_uni: True
run_bi: True
run_multi: False
solution_vertices: []
algorithms: ['IDA']
lookahead: 1
bsd: False
cube_first_dims: 4
cube_buffer_dim: None
backward_sym_generation: False
sym_coil: False
prefix_set: None

---------- SM_Grids/7x7_grid_with_random_blocks_8per_0 ----------
[00:00:00:02:791] Path of length 44 found: [0, 7, 8, 1, 2, 9, 16, 15, 22, 21, 28, 35, 42, 43, 36, 29, 30, 37, 44, 45, 46, 39, 38, 31, 32, 25, 18, 17, 10, 3, 4, 11, 12, 5, 6, 13, 20, 19, 26, 27, 34, 33, 40, 47, 48]
[00:00:00:02:791] ! Unidirectional s-t. expansions: 5,058, time: 2,791 [ms], path length: 44 [edges], generated: 8,588
[00:00:00:12:672] Path of length 44 found: [48, 41, 34, 27, 20, 13, 6, 5, 4, 3, 2, 9, 16, 17, 10, 11, 12, 19, 18, 25, 26, 33, 32, 31, 30, 29, 36, 37, 38, 39, 40, 47, 46, 45, 44, 43, 42, 35, 28, 21, 22, 15, 8, 1, 0]
[00:00:00:12:672] ! Unidirectional t-s. expansions: 21,160, time: 12,672 [ms], path length: 44 [edges], generated: 33,903
[00:00:00:24:287] Path of length 44 found: [0, 7, 8, 1, 2, 9, 16, 15, 22, 21, 28, 35, 42, 43, 44, 37, 36, 29, 30, 31, 38, 45, 46, 47, 40, 33, 32, 25, 26, 19, 18, 17, 10, 3, 4, 11, 12, 5, 6, 13, 20, 27, 34, 41, 48]
[00:00:00:24:644] ! Bidirectional. expansions: 14,745, time: 24,287 [ms], path length: 44 [edges], g_F: 26, g_B: 18, generated: {'F': 15,500, 'B': 11,258}, MM: 8, MMPER: 16.77777777777778%
[00:00:00:24:644] 
---------- SM_Grids/7x7_grid_with_random_blocks_8per_1 ----------
[00:00:00:19:924] Path of length 42 found: [0, 7, 14, 21, 28, 35, 42, 43, 36, 29, 22, 15, 8, 9, 2, 3, 10, 17, 16, 23, 30, 31, 24, 25, 18, 11, 4, 5, 6, 13, 12, 19, 20, 27, 26, 33, 32, 39, 46, 47, 40, 41, 48]
[00:00:00:19:925] ! Unidirectional s-t. expansions: 27,277, time: 19,925 [ms], path length: 42 [edges], generated: 48,487
[00:00:00:38:060] Path of length 42 found: [48, 41, 34, 27, 20, 13, 6, 5, 4, 3, 2, 9, 8, 15, 22, 23, 16, 17, 10, 11, 12, 19, 18, 25, 26, 33, 40, 47, 46, 39, 32, 31, 30, 29, 36, 43, 42, 35, 28, 21, 14, 7, 0]
[00:00:00:38:060] ! Unidirectional t-s. expansions: 53,243, time: 38,060 [ms], path length: 42 [edges], generated: 91,643
[00:00:01:43:206] Path of length 42 found: [0, 7, 14, 21, 28, 35, 42, 43, 36, 29, 30, 31, 38, 39, 46, 47, 40, 33, 26, 25, 18, 19, 12, 11, 10, 17, 16, 23, 22, 15, 8, 9, 2, 3, 4, 5, 6, 13, 20, 27, 34, 41, 48]
[00:00:01:43:535] ! Bidirectional. expansions: 69,415, time: 103,206 [ms], path length: 42 [edges], g_F: 19, g_B: 23, generated: {'F': 67,890, 'B': 57,825}, MM: 4, MMPER: 8.30232558139535%
[00:00:01:43:536] 
---------- SM_Grids/7x7_grid_with_random_blocks_8per_2 ----------
[00:00:00:05:777] Path of length 44 found: [0, 7, 14, 21, 28, 35, 36, 43, 44, 37, 30, 29, 22, 15, 8, 9, 2, 3, 10, 17, 16, 23, 24, 31, 38, 45, 46, 39, 32, 33, 26, 19, 18, 11, 4, 5, 12, 13, 20, 27, 34, 41, 40, 47, 48]
[00:00:00:05:778] ! Unidirectional s-t. expansions: 7,818, time: 5,777 [ms], path length: 44 [edges], generated: 13,602
[00:00:00:10:920] Path of length 44 found: [48, 41, 34, 27, 20, 13, 6, 5, 4, 3, 2, 9, 8, 15, 22, 29, 30, 37, 38, 31, 24, 23, 16, 17, 10, 11, 18, 19, 26, 33, 32, 39, 40, 47, 46, 45, 44, 43, 36, 35, 28, 21, 14, 7, 0]
[00:00:00:10:920] ! Unidirectional t-s. expansions: 14,939, time: 10,920 [ms], path length: 44 [edges], generated: 25,218
[00:00:00:46:531] Path of length 44 found: [0, 7, 14, 21, 28, 35, 36, 43, 44, 37, 30, 29, 22, 23, 24, 31, 38, 45, 46, 47, 40, 39, 32, 33, 26, 19, 12, 11, 10, 17, 16, 15, 8, 9, 2, 3, 4, 5, 6, 13, 20, 27, 34, 41, 48]
[00:00:00:46:858] ! Bidirectional. expansions: 29,369, time: 46,531 [ms], path length: 44 [edges], g_F: 27, g_B: 17, generated: {'F': 29,727, 'B': 24,969}, MM: 10, MMPER: 21.22222222222222%
[00:00:00:46:858] 
---------- SM_Grids/7x7_grid_with_random_blocks_8per_3 ----------
[00:00:00:17:681] Path of length 44 found: [0, 7, 14, 21, 28, 35, 42, 43, 44, 37, 30, 29, 22, 23, 16, 9, 8, 1, 2, 3, 10, 17, 24, 31, 38, 45, 46, 39, 32, 25, 18, 11, 4, 5, 6, 13, 12, 19, 20, 27, 26, 33, 40, 47, 48]
[00:00:00:17:681] ! Unidirectional s-t. expansions: 31,512, time: 17,681 [ms], path length: 44 [edges], generated: 48,560
[00:00:00:00:829] Path of length 44 found: [48, 41, 40, 47, 46, 39, 32, 33, 26, 27, 20, 13, 6, 5, 4, 3, 2, 1, 8, 9, 16, 17, 10, 11, 12, 19, 18, 25, 24, 23, 22, 29, 30, 31, 38, 37, 44, 43, 42, 35, 28, 21, 14, 7, 0]
[00:00:00:00:829] ! Unidirectional t-s. expansions: 1,015, time: 829 [ms], path length: 44 [edges], generated: 1,820
[00:00:00:11:534] Path of length 44 found: [0, 7, 14, 21, 22, 29, 28, 35, 42, 43, 44, 45, 38, 31, 30, 23, 16, 17, 24, 25, 18, 19, 12, 11, 10, 9, 8, 1, 2, 3, 4, 5, 6, 13, 20, 27, 26, 33, 32, 39, 46, 47, 40, 41, 48]
[00:00:00:11:858] ! Bidirectional. expansions: 7,296, time: 11,535 [ms], path length: 44 [edges], g_F: 14, g_B: 30, generated: {'F': 8,363, 'B': 3,874}, MM: 16, MMPER: 34.55555555555556%
[00:00:00:11:858] 
---------- SM_Grids/7x7_grid_with_random_blocks_8per_4 ----------
[00:00:00:00:650] Path of length 44 found: [0, 7, 14, 21, 28, 35, 42, 43, 36, 29, 22, 15, 8, 1, 2, 9, 16, 23, 30, 37, 38, 45, 46, 39, 32, 31, 24, 25, 18, 11, 4, 5, 6, 13, 12, 19, 20, 27, 26, 33, 34, 41, 40, 47, 48]
[00:00:00:00:650] ! Unidirectional s-t. expansions: 621, time: 650 [ms], path length: 44 [edges], generated: 1,030
[00:00:00:01:835] Path of length 44 found: [48, 41, 34, 27, 20, 13, 6, 5, 4, 11, 10, 9, 2, 1, 8, 15, 16, 23, 22, 29, 30, 31, 24, 25, 18, 19, 26, 33, 32, 39, 40, 47, 46, 45, 38, 37, 36, 43, 42, 35, 28, 21, 14, 7, 0]
[00:00:00:01:836] ! Unidirectional t-s. expansions: 2,168, time: 1,835 [ms], path length: 44 [edges], generated: 3,671
[00:00:00:11:590] Path of length 44 found: [0, 7, 14, 21, 28, 35, 42, 43, 36, 29, 22, 23, 16, 15, 8, 1, 2, 9, 10, 11, 4, 5, 6, 13, 12, 19, 18, 25, 24, 31, 30, 37, 38, 45, 46, 47, 40, 39, 32, 33, 26, 27, 34, 41, 48]
[00:00:00:11:915] ! Bidirectional. expansions: 6,408, time: 11,590 [ms], path length: 44 [edges], g_F: 25, g_B: 19, generated: {'F': 5,102, 'B': 6,045}, MM: 6, MMPER: 12.333333333333334%
[00:00:00:11:915] 
---------- SM_Grids/7x7_grid_with_random_blocks_8per_5 ----------
[00:00:00:01:214] Path of length 44 found: [0, 7, 14, 21, 28, 35, 42, 43, 36, 29, 22, 15, 8, 1, 2, 9, 10, 17, 24, 23, 30, 37, 44, 45, 46, 39, 38, 31, 32, 25, 18, 11, 12, 5, 6, 13, 20, 19, 26, 27, 34, 33, 40, 41, 48]
[00:00:00:01:214] ! Unidirectional s-t. expansions: 1,390, time: 1,214 [ms], path length: 44 [edges], generated: 2,330
[00:00:00:06:510] Path of length 44 found: [48, 41, 34, 27, 20, 13, 6, 5, 12, 11, 18, 19, 26, 25, 32, 33, 40, 39, 46, 45, 38, 31, 30, 29, 36, 37, 44, 43, 42, 35, 28, 21, 14, 15, 22, 23, 24, 17, 10, 3, 2, 9, 8, 1, 0]
[00:00:00:06:510] ! Unidirectional t-s. expansions: 9,889, time: 6,510 [ms], path length: 44 [edges], generated: 15,616
[00:00:00:25:748] Path of length 44 found: [0, 7, 14, 21, 28, 35, 42, 43, 36, 29, 22, 15, 8, 1, 2, 9, 10, 17, 24, 23, 30, 31, 38, 37, 44, 45, 46, 39, 40, 33, 32, 25, 26, 19, 18, 11, 12, 5, 6, 13, 20, 27, 34, 41, 48]
[00:00:00:26:074] ! Bidirectional. expansions: 17,269, time: 25,748 [ms], path length: 44 [edges], g_F: 16, g_B: 28, generated: {'F': 8,424, 'B': 21,002}, MM: 12, MMPER: 25.666666666666668%
[00:00:00:26:074] 
---------- SM_Grids/7x7_grid_with_random_blocks_8per_6 ----------
[00:00:00:07:595] Path of length 44 found: [0, 1, 8, 15, 14, 21, 28, 35, 42, 43, 36, 29, 22, 23, 30, 37, 44, 45, 46, 39, 38, 31, 24, 17, 16, 9, 2, 3, 4, 11, 18, 25, 26, 19, 12, 5, 6, 13, 20, 27, 34, 33, 40, 47, 48]
[00:00:00:07:596] ! Unidirectional s-t. expansions: 12,640, time: 7,596 [ms], path length: 44 [edges], generated: 20,130
[00:00:00:02:994] Path of length 44 found: [48, 41, 34, 27, 20, 13, 6, 5, 4, 3, 2, 9, 16, 23, 22, 29, 36, 37, 30, 31, 24, 17, 18, 11, 12, 19, 26, 33, 40, 47, 46, 39, 38, 45, 44, 43, 42, 35, 28, 21, 14, 15, 8, 1, 0]
[00:00:00:02:994] ! Unidirectional t-s. expansions: 3,556, time: 2,994 [ms], path length: 44 [edges], generated: 6,085
[00:00:00:25:204] Path of length 44 found: [0, 1, 8, 15, 14, 21, 28, 35, 42, 43, 36, 29, 22, 23, 30, 31, 38, 37, 44, 45, 46, 39, 40, 33, 26, 19, 12, 11, 18, 25, 24, 17, 16, 9, 2, 3, 4, 5, 6, 13, 20, 27, 34, 41, 48]
[00:00:00:25:567] ! Bidirectional. expansions: 16,072, time: 25,204 [ms], path length: 44 [edges], g_F: 22, g_B: 22, generated: {'F': 14,927, 'B': 13,942}, MM: 0, MMPER: -1.0%
[00:00:00:25:567] 
---------- SM_Grids/7x7_grid_with_random_blocks_8per_7 ----------
[00:00:01:14:613] Valid states checked so far: 200,000, Expansions: 119,086, Global best: 43
[00:00:01:21:005] Path of length 42 found: [0, 7, 14, 21, 28, 35, 42, 43, 36, 29, 22, 15, 8, 1, 2, 9, 16, 23, 30, 37, 44, 45, 46, 39, 38, 31, 24, 17, 10, 3, 4, 5, 12, 11, 18, 19, 26, 25, 32, 33, 40, 47, 48]
[00:00:01:21:006] ! Unidirectional s-t. expansions: 129,857, time: 81,005 [ms], path length: 42 [edges], generated: 217,483
[00:00:00:15:097] Path of length 42 found: [48, 41, 40, 47, 46, 39, 32, 33, 26, 19, 12, 5, 4, 3, 2, 9, 16, 17, 10, 11, 18, 25, 24, 23, 22, 29, 36, 37, 30, 31, 38, 45, 44, 43, 42, 35, 28, 21, 14, 15, 8, 1, 0]
[00:00:00:15:097] ! Unidirectional t-s. expansions: 21,733, time: 15,097 [ms], path length: 42 [edges], generated: 38,651
[00:00:01:29:000] Path of length 42 found: [0, 7, 14, 21, 28, 35, 42, 43, 36, 29, 22, 15, 8, 1, 2, 9, 16, 23, 30, 37, 44, 45, 38, 31, 24, 17, 10, 3, 4, 5, 12, 11, 18, 25, 26, 33, 32, 39, 46, 47, 40, 41, 48]
[00:00:01:29:328] ! Bidirectional. expansions: 58,950, time: 89,000 [ms], path length: 42 [edges], g_F: 32, g_B: 10, generated: {'F': 51,482, 'B': 58,571}, MM: 22, MMPER: 50.16279069767442%
[00:00:01:29:328] 
---------- SM_Grids/7x7_grid_with_random_blocks_8per_8 ----------
[00:00:01:05:969] Path of length 42 found: [0, 7, 8, 1, 2, 9, 16, 15, 22, 21, 28, 35, 42, 43, 44, 37, 38, 45, 46, 39, 32, 31, 24, 17, 10, 3, 4, 11, 18, 25, 26, 19, 12, 5, 6, 13, 20, 27, 34, 33, 40, 47, 48]
[00:00:01:05:969] ! Unidirectional s-t. expansions: 87,390, time: 65,969 [ms], path length: 42 [edges], generated: 155,342
[00:00:01:26:611] Valid states checked so far: 200,000, Expansions: 119,144, Global best: 43
[00:00:02:04:026] Path of length 42 found: [48, 41, 34, 27, 20, 13, 6, 5, 4, 3, 2, 9, 16, 23, 24, 17, 10, 11, 12, 19, 18, 25, 26, 33, 32, 31, 38, 39, 40, 47, 46, 45, 44, 43, 42, 35, 28, 21, 22, 15, 8, 1, 0]
[00:00:02:04:026] ! Unidirectional t-s. expansions: 174,649, time: 124,026 [ms], path length: 42 [edges], generated: 294,280
[00:00:12:03:301] Path of length 42 found: [0, 7, 8, 15, 22, 21, 28, 35, 42, 43, 44, 37, 38, 45, 46, 47, 40, 39, 32, 33, 26, 25, 18, 19, 12, 11, 10, 17, 24, 23, 16, 9, 2, 3, 4, 5, 6, 13, 20, 27, 34, 41, 48]
[00:00:12:03:631] ! Bidirectional. expansions: 458,516, time: 723,301 [ms], path length: 42 [edges], g_F: 6, g_B: 36, generated: {'F': 563,153, 'B': 279,905}, MM: 30, MMPER: 68.76744186046511%
[00:00:12:03:632] 
---------- SM_Grids/7x7_grid_with_random_blocks_8per_9 ----------
[00:00:00:08:356] Path of length 44 found: [0, 7, 14, 21, 28, 35, 42, 43, 36, 29, 22, 15, 8, 1, 2, 9, 16, 23, 30, 37, 44, 45, 46, 39, 38, 31, 32, 25, 18, 17, 10, 3, 4, 11, 12, 5, 6, 13, 20, 27, 26, 33, 40, 41, 48]
[00:00:00:08:357] ! Unidirectional s-t. expansions: 11,976, time: 8,356 [ms], path length: 44 [edges], generated: 19,458
[00:00:00:01:692] Path of length 44 found: [48, 41, 34, 27, 20, 13, 6, 5, 12, 11, 4, 3, 2, 1, 8, 15, 22, 29, 36, 37, 30, 23, 16, 9, 10, 17, 18, 25, 26, 33, 40, 39, 32, 31, 38, 45, 44, 43, 42, 35, 28, 21, 14, 7, 0]
[00:00:00:01:692] ! Unidirectional t-s. expansions: 2,121, time: 1,692 [ms], path length: 44 [edges], generated: 3,597
[00:00:00:37:492] Path of length 44 found: [0, 7, 14, 21, 28, 35, 42, 43, 36, 29, 30, 23, 22, 15, 8, 1, 2, 9, 16, 17, 18, 11, 10, 3, 4, 5, 12, 13, 20, 27, 26, 25, 32, 31, 38, 37, 44, 45, 46, 39, 40, 33, 34, 41, 48]
[00:00:00:37:823] ! Bidirectional. expansions: 23,429, time: 37,492 [ms], path length: 44 [edges], g_F: 27, g_B: 17, generated: {'F': 19,350, 'B': 20,971}, MM: 10, MMPER: 21.22222222222222%
[00:00:00:37:823] average expansions: (31,554, 30,447, 70,147, 0)
[00:00:00:37:823] average time: (21,096, 21,464, 109,789, 0)
[00:00:00:37:823] XIDA: 30,447 , 21,096 (expansions , time[ms])
[00:00:00:37:823] BiXIDA: 70,147 , 109,789 (expansions , time[ms])

