--------------------------
date: SM_Grids
number_of_graphs: 10
graph_type: grid
size_of_graphs: [9, 9]
heuristic: bcc_heuristic
snake: True
run_uni: True
run_bi: True
run_multi: False
solution_vertices: []
algorithms: ['A']
lookahead: 2
bsd: False
cube_first_dims: 4
cube_buffer_dim: None
backward_sym_generation: False
sym_coil: False
prefix_set: None

---------- SM_Grids/9x9_grid_with_random_blocks_12per_0 ----------
[00:00:00:28:007] Path of length 46 found: [0, 1, 2, 3, 4, 5, 6, 7, 16, 17, 26, 35, 44, 53, 52, 51, 42, 33, 24, 23, 22, 21, 20, 19, 18, 27, 36, 45, 54, 63, 72, 73, 74, 65, 56, 47, 48, 49, 58, 67, 76, 77, 78, 69, 70, 71, 80]
[00:00:00:28:008] ! Unidirectional s-t. expansions: 5,505, time: 28,007 [ms], path length: 46 [edges], generated: 10,180
[00:00:00:23:861] Path of length 46 found: [80, 71, 70, 69, 78, 77, 76, 67, 58, 49, 48, 47, 56, 65, 74, 73, 72, 63, 54, 45, 36, 27, 28, 29, 20, 21, 22, 23, 24, 33, 42, 51, 52, 53, 44, 35, 26, 17, 8, 7, 6, 5, 4, 3, 2, 1, 0]
[00:00:00:23:863] ! Unidirectional t-s. expansions: 4,965, time: 23,861 [ms], path length: 46 [edges], generated: 8,138
[00:00:00:07:117] Path of length 46 found: [0, 1, 2, 3, 4, 5, 6, 7, 8, 17, 26, 35, 44, 53, 52, 51, 42, 33, 24, 23, 22, 21, 20, 19, 18, 27, 36, 45, 54, 63, 72, 73, 74, 65, 56, 47, 48, 49, 58, 67, 76, 77, 78, 69, 70, 71, 80]
[00:00:00:07:691] ! Bidirectional. expansions: 1,026, time: 7,117 [ms], path length: 46 [edges], g_F: 23, g_B: 23, generated: {'F': 1,697, 'B': 1,731}, MM: 0, MMPER: -1.0%
[00:00:00:07:691] 
---------- SM_Grids/9x9_grid_with_random_blocks_12per_1 ----------
[00:00:00:43:697] Path of length 46 found: [0, 9, 10, 11, 2, 3, 4, 5, 6, 15, 16, 25, 26, 35, 44, 53, 62, 61, 60, 51, 42, 33, 32, 23, 22, 21, 30, 29, 38, 37, 46, 45, 54, 63, 72, 73, 74, 65, 56, 57, 58, 67, 76, 77, 78, 79, 80]
[00:00:00:43:698] ! Unidirectional s-t. expansions: 9,277, time: 43,697 [ms], path length: 46 [edges], generated: 15,732
[00:00:00:33:568] Path of length 46 found: [80, 71, 62, 53, 44, 35, 26, 17, 8, 7, 6, 5, 4, 13, 22, 23, 32, 33, 42, 51, 60, 69, 78, 77, 76, 75, 74, 73, 72, 63, 54, 45, 46, 47, 56, 57, 58, 49, 40, 39, 30, 29, 20, 11, 2, 1, 0]
[00:00:00:33:570] ! Unidirectional t-s. expansions: 6,579, time: 33,568 [ms], path length: 46 [edges], generated: 11,422
[00:00:00:45:440] Path of length 46 found: [0, 9, 10, 11, 2, 3, 4, 5, 6, 15, 16, 25, 26, 35, 44, 53, 62, 61, 60, 51, 42, 33, 32, 23, 22, 21, 30, 29, 38, 37, 46, 45, 54, 63, 72, 73, 74, 65, 56, 57, 58, 67, 68, 77, 78, 79, 80]
[00:00:00:46:028] ! Bidirectional. expansions: 8,224, time: 45,440 [ms], path length: 46 [edges], g_F: 23, g_B: 23, generated: {'F': 12,953, 'B': 12,291}, MM: 0, MMPER: -1.0%
[00:00:00:46:029] 
---------- SM_Grids/9x9_grid_with_random_blocks_12per_2 ----------
[00:00:00:47:581] Expansion 10,000: state None, f=45, g=16
[00:00:00:51:449] Path of length 44 found: [0, 9, 18, 27, 28, 29, 20, 11, 12, 13, 22, 31, 40, 39, 48, 47, 46, 55, 64, 73, 74, 75, 66, 67, 58, 59, 50, 51, 42, 33, 24, 15, 6, 7, 8, 17, 26, 35, 44, 53, 62, 61, 70, 79, 80]
[00:00:00:51:451] ! Unidirectional s-t. expansions: 10,777, time: 51,450 [ms], path length: 44 [edges], generated: 18,738
[00:00:00:48:506] Expansion 10,000: state None, f=45, g=12
[00:00:00:49:272] Path of length 44 found: [80, 79, 78, 69, 60, 61, 62, 53, 44, 43, 42, 33, 24, 25, 26, 17, 8, 7, 6, 5, 14, 13, 22, 31, 40, 39, 48, 57, 58, 67, 76, 75, 74, 65, 64, 55, 46, 37, 28, 29, 20, 11, 2, 1, 0]
[00:00:00:49:275] ! Unidirectional t-s. expansions: 10,170, time: 49,274 [ms], path length: 44 [edges], generated: 16,977
[00:00:00:36:655] Path of length 44 found: [0, 9, 18, 27, 28, 29, 20, 11, 12, 13, 22, 31, 40, 39, 48, 47, 46, 55, 64, 73, 74, 75, 66, 67, 58, 59, 50, 51, 42, 33, 24, 15, 6, 7, 8, 17, 26, 35, 44, 53, 62, 61, 70, 79, 80]
[00:00:00:37:230] ! Bidirectional. expansions: 3,584, time: 36,655 [ms], path length: 44 [edges], g_F: 22, g_B: 22, generated: {'F': 6,899, 'B': 6,584}, MM: 0, MMPER: -1.0%
[00:00:00:37:230] 
---------- SM_Grids/9x9_grid_with_random_blocks_12per_3 ----------
[00:00:00:28:149] Path of length 46 found: [0, 1, 2, 3, 12, 21, 20, 19, 28, 37, 46, 45, 54, 63, 72, 73, 74, 75, 76, 67, 58, 57, 48, 39, 40, 31, 32, 23, 14, 5, 6, 7, 8, 17, 26, 25, 34, 43, 44, 53, 62, 61, 60, 69, 78, 79, 80]
[00:00:00:28:150] ! Unidirectional s-t. expansions: 6,221, time: 28,149 [ms], path length: 46 [edges], generated: 10,671
[00:00:00:49:247] Expansion 10,000: state None, f=47, g=14
[00:00:00:53:328] Path of length 46 found: [80, 71, 62, 53, 44, 43, 42, 51, 60, 69, 68, 77, 76, 75, 74, 73, 72, 63, 54, 45, 46, 47, 56, 57, 58, 49, 40, 31, 32, 23, 24, 25, 26, 17, 8, 7, 6, 5, 4, 3, 12, 21, 20, 19, 10, 1, 0]
[00:00:00:53:330] ! Unidirectional t-s. expansions: 10,624, time: 53,328 [ms], path length: 46 [edges], generated: 18,287
[00:00:00:32:030] Path of length 46 found: [0, 1, 2, 3, 12, 21, 20, 19, 28, 37, 46, 45, 54, 63, 72, 73, 74, 75, 76, 67, 58, 57, 48, 39, 40, 41, 42, 33, 24, 23, 14, 5, 6, 7, 8, 17, 26, 35, 44, 53, 62, 61, 60, 69, 78, 79, 80]
[00:00:00:32:621] ! Bidirectional. expansions: 5,249, time: 32,030 [ms], path length: 46 [edges], g_F: 23, g_B: 23, generated: {'F': 8,817, 'B': 8,963}, MM: 0, MMPER: -1.0%
[00:00:00:32:621] 
---------- SM_Grids/9x9_grid_with_random_blocks_12per_4 ----------
[00:00:00:18:493] Path of length 46 found: [0, 9, 18, 27, 28, 37, 46, 45, 54, 63, 72, 73, 74, 65, 56, 57, 48, 49, 40, 41, 32, 23, 22, 21, 20, 11, 2, 3, 4, 5, 6, 15, 16, 25, 26, 35, 44, 43, 52, 51, 60, 59, 68, 77, 78, 79, 80]
[00:00:00:18:494] ! Unidirectional s-t. expansions: 2,961, time: 18,493 [ms], path length: 46 [edges], generated: 5,340
[00:00:00:10:287] Path of length 46 found: [80, 79, 78, 77, 68, 59, 60, 61, 52, 53, 44, 35, 26, 17, 16, 15, 6, 5, 4, 3, 2, 11, 20, 21, 22, 23, 32, 41, 40, 49, 48, 57, 56, 65, 74, 73, 72, 63, 54, 45, 46, 37, 28, 27, 18, 9, 0]
[00:00:00:10:288] ! Unidirectional t-s. expansions: 1,882, time: 10,287 [ms], path length: 46 [edges], generated: 3,145
[00:00:00:12:240] Path of length 46 found: [0, 9, 18, 27, 28, 37, 46, 45, 54, 63, 72, 73, 74, 65, 56, 57, 48, 39, 40, 41, 32, 23, 22, 21, 20, 11, 2, 3, 4, 5, 6, 15, 16, 17, 26, 35, 44, 53, 52, 61, 60, 59, 68, 77, 78, 79, 80]
[00:00:00:12:814] ! Bidirectional. expansions: 1,449, time: 12,240 [ms], path length: 46 [edges], g_F: 23, g_B: 23, generated: {'F': 2,612, 'B': 2,587}, MM: 0, MMPER: -1.0%
[00:00:00:12:814] 
---------- SM_Grids/9x9_grid_with_random_blocks_12per_5 ----------
[00:00:00:07:488] Path of length 40 found: [0, 9, 18, 27, 36, 45, 46, 47, 56, 65, 66, 67, 76, 77, 78, 69, 60, 59, 50, 49, 40, 39, 30, 29, 20, 11, 2, 3, 4, 13, 22, 23, 32, 33, 42, 43, 52, 53, 62, 71, 80]
[00:00:00:07:490] ! Unidirectional s-t. expansions: 1,377, time: 7,488 [ms], path length: 40 [edges], generated: 2,458
[00:00:00:06:750] Path of length 40 found: [80, 71, 62, 53, 44, 43, 42, 33, 24, 23, 14, 13, 4, 3, 2, 11, 20, 21, 30, 31, 40, 49, 50, 59, 60, 69, 78, 77, 76, 67, 66, 57, 56, 47, 38, 37, 28, 27, 18, 9, 0]
[00:00:00:06:751] ! Unidirectional t-s. expansions: 1,230, time: 6,750 [ms], path length: 40 [edges], generated: 2,195
[00:00:00:07:853] Path of length 40 found: [0, 1, 2, 3, 4, 13, 14, 23, 24, 33, 42, 43, 44, 53, 62, 61, 60, 59, 50, 49, 40, 39, 30, 29, 20, 19, 18, 27, 36, 45, 46, 47, 56, 57, 66, 67, 76, 77, 78, 79, 80]
[00:00:00:08:834] ! Bidirectional. expansions: 763, time: 7,853 [ms], path length: 40 [edges], g_F: 20, g_B: 20, generated: {'F': 1,413, 'B': 1,413}, MM: 0, MMPER: -1.0%
[00:00:00:08:834] 
---------- SM_Grids/9x9_grid_with_random_blocks_12per_6 ----------
[00:00:00:29:480] Path of length 48 found: [0, 1, 10, 19, 18, 27, 36, 37, 38, 39, 48, 57, 56, 55, 54, 63, 72, 73, 74, 75, 76, 67, 68, 59, 50, 51, 42, 33, 32, 23, 22, 21, 12, 3, 4, 5, 6, 15, 16, 25, 26, 35, 44, 53, 62, 61, 70, 79, 80]
[00:00:00:29:482] ! Unidirectional s-t. expansions: 5,747, time: 29,481 [ms], path length: 48 [edges], generated: 10,055
[00:00:00:20:761] Path of length 48 found: [80, 71, 62, 53, 44, 35, 26, 17, 16, 7, 6, 5, 4, 3, 12, 21, 22, 23, 24, 33, 42, 41, 50, 59, 60, 69, 78, 77, 76, 75, 74, 73, 72, 63, 54, 55, 56, 57, 48, 39, 38, 37, 36, 27, 18, 19, 10, 1, 0]
[00:00:00:20:762] ! Unidirectional t-s. expansions: 4,072, time: 20,761 [ms], path length: 48 [edges], generated: 6,542
[00:00:00:18:484] Path of length 48 found: [0, 1, 10, 19, 18, 27, 36, 37, 38, 39, 48, 57, 56, 55, 54, 63, 72, 73, 74, 75, 76, 67, 68, 59, 50, 51, 42, 33, 32, 23, 22, 21, 12, 3, 4, 5, 6, 7, 8, 17, 26, 35, 44, 53, 62, 61, 70, 79, 80]
[00:00:00:19:048] ! Bidirectional. expansions: 2,031, time: 18,484 [ms], path length: 48 [edges], g_F: 24, g_B: 24, generated: {'F': 3,376, 'B': 3,560}, MM: 0, MMPER: -1.0%
[00:00:00:19:048] 
---------- SM_Grids/9x9_grid_with_random_blocks_12per_7 ----------
[00:00:00:47:062] Expansion 10,000: state None, f=45, g=16
[00:00:00:52:196] Path of length 44 found: [0, 9, 18, 27, 36, 45, 54, 63, 64, 73, 74, 75, 76, 77, 68, 59, 58, 57, 56, 47, 38, 39, 40, 31, 22, 21, 20, 11, 2, 3, 4, 5, 6, 7, 16, 25, 24, 33, 42, 51, 52, 53, 62, 71, 80]
[00:00:00:52:198] ! Unidirectional s-t. expansions: 11,092, time: 52,196 [ms], path length: 44 [edges], generated: 19,234
[00:00:00:54:532] Expansion 10,000: state None, f=45, g=25
[00:00:01:24:506] Path of length 44 found: [80, 71, 62, 53, 52, 51, 42, 41, 40, 31, 22, 23, 24, 25, 16, 7, 6, 5, 4, 3, 2, 11, 20, 29, 38, 47, 48, 57, 58, 59, 68, 77, 76, 75, 74, 65, 64, 55, 54, 45, 36, 27, 18, 9, 0]
[00:00:01:24:508] ! Unidirectional t-s. expansions: 16,618, time: 84,506 [ms], path length: 44 [edges], generated: 29,289
[00:00:00:53:698] Path of length 44 found: [0, 9, 18, 27, 36, 45, 54, 63, 64, 73, 74, 75, 76, 77, 68, 59, 58, 57, 56, 47, 38, 39, 40, 31, 22, 21, 20, 11, 2, 3, 4, 5, 6, 7, 16, 25, 34, 33, 42, 51, 52, 53, 62, 71, 80]
[00:00:00:54:521] ! Bidirectional. expansions: 6,146, time: 53,698 [ms], path length: 44 [edges], g_F: 22, g_B: 22, generated: {'F': 10,998, 'B': 11,818}, MM: 0, MMPER: -1.0%
[00:00:00:54:521] 
---------- SM_Grids/9x9_grid_with_random_blocks_12per_8 ----------
[00:00:00:08:194] Path of length 48 found: [0, 9, 18, 19, 20, 11, 2, 3, 4, 13, 22, 31, 32, 33, 24, 15, 6, 7, 8, 17, 26, 35, 44, 53, 62, 61, 60, 51, 50, 49, 48, 47, 38, 37, 36, 45, 54, 63, 72, 73, 74, 75, 66, 67, 68, 77, 78, 79, 80]
[00:00:00:08:196] ! Unidirectional s-t. expansions: 1,622, time: 8,194 [ms], path length: 48 [edges], generated: 2,585
[00:00:00:18:090] Path of length 48 found: [80, 79, 78, 77, 68, 67, 66, 75, 74, 73, 72, 63, 54, 45, 36, 37, 38, 47, 48, 49, 40, 41, 42, 51, 60, 61, 62, 53, 44, 35, 26, 17, 8, 7, 6, 15, 24, 23, 22, 13, 4, 3, 2, 11, 20, 19, 18, 9, 0]
[00:00:00:18:091] ! Unidirectional t-s. expansions: 3,577, time: 18,090 [ms], path length: 48 [edges], generated: 5,824
[00:00:00:11:212] Path of length 48 found: [0, 9, 18, 19, 20, 11, 2, 3, 4, 13, 14, 15, 6, 7, 8, 17, 26, 35, 44, 53, 62, 61, 60, 51, 42, 33, 32, 31, 40, 49, 48, 47, 38, 37, 36, 45, 54, 63, 72, 73, 74, 75, 66, 67, 68, 77, 78, 79, 80]
[00:00:00:11:767] ! Bidirectional. expansions: 1,413, time: 11,212 [ms], path length: 48 [edges], g_F: 24, g_B: 24, generated: {'F': 2,406, 'B': 2,346}, MM: 0, MMPER: -1.0%
[00:00:00:11:767] 
---------- SM_Grids/9x9_grid_with_random_blocks_12per_9 ----------
[00:00:00:51:320] Expansion 10,000: state None, f=45, g=18
[00:00:01:00:623] Path of length 44 found: [0, 1, 2, 11, 20, 19, 18, 27, 36, 37, 38, 47, 56, 55, 54, 63, 72, 73, 74, 75, 76, 77, 78, 69, 60, 59, 50, 41, 40, 31, 22, 13, 14, 15, 16, 17, 26, 35, 34, 43, 52, 53, 62, 71, 80]
[00:00:01:00:625] ! Unidirectional s-t. expansions: 11,894, time: 60,623 [ms], path length: 44 [edges], generated: 21,980
[00:00:00:47:576] Expansion 10,000: state None, f=46, g=22
[00:00:01:27:085] Expansion 20,000: state None, f=45, g=20
[00:00:01:43:995] Path of length 44 found: [80, 71, 62, 53, 52, 43, 34, 35, 26, 17, 16, 15, 14, 23, 22, 31, 40, 39, 48, 57, 58, 59, 60, 69, 78, 77, 76, 75, 74, 73, 72, 63, 54, 55, 46, 37, 36, 27, 18, 19, 20, 11, 2, 1, 0]
[00:00:01:43:997] ! Unidirectional t-s. expansions: 23,730, time: 103,995 [ms], path length: 44 [edges], generated: 38,965
[00:00:01:13:595] Expansion 10,000: F [0, 1, 10, 19, 18, 27, 36, 45, 54, 63, 72, 73, 74, 75], B [80, 79, 78, 77, 68, 59, 60, 51, 52, 43, 44, 35, 26, 25], f=45, g=26
[00:00:01:31:478] Path of length 44 found: [0, 1, 2, 11, 20, 19, 18, 27, 36, 37, 38, 39, 40, 31, 22, 13, 14, 15, 16, 17, 26, 35, 34, 43, 52, 51, 50, 59, 58, 57, 56, 55, 54, 63, 72, 73, 74, 75, 76, 77, 78, 69, 70, 71, 80]
[00:00:01:32:550] ! Bidirectional. expansions: 12,618, time: 91,479 [ms], path length: 44 [edges], g_F: 22, g_B: 22, generated: {'F': 20,307, 'B': 21,047}, MM: 0, MMPER: -1.0%
[00:00:01:32:550] average expansions: (6,647, 8,345, 4,250, 0)
[00:00:01:32:550] average time: (32,778, 40,442, 31,621, 0)
[00:00:01:32:550] XA*: 6,647 , 32,778 (expansions , time[ms])
[00:00:01:32:550] BiXA*: 4,250 , 31,621 (expansions , time[ms])

