--------------------------
date: SM_Grids
number_of_graphs: 10
graph_type: grid
size_of_graphs: [7, 8]
heuristic: bcc_heuristic
snake: False
run_uni: True
run_bi: True
run_multi: False
solution_vertices: []
algorithms: ['A']
lookahead: 1
bsd: False
cube_first_dims: 4
cube_buffer_dim: None
backward_sym_generation: False
sym_coil: False
prefix_set: None

---------- SM_Grids/7x8_grid_with_random_blocks_16per_0 ----------
[00:00:00:00:907] Path of length 43 found: [0, 1, 2, 3, 4, 5, 13, 12, 20, 28, 29, 30, 22, 14, 15, 23, 31, 39, 47, 46, 45, 37, 36, 35, 27, 19, 18, 17, 25, 24, 32, 33, 41, 40, 48, 49, 50, 42, 43, 51, 52, 53, 54, 55]
[00:00:00:00:907] ! Unidirectional s-t. expansions: 858, time: 907 [ms], path length: 43 [edges], generated: 1,524
[00:00:00:05:869] Path of length 43 found: [55, 54, 53, 52, 51, 50, 49, 48, 40, 32, 24, 25, 33, 41, 42, 43, 35, 27, 26, 18, 19, 20, 28, 29, 37, 36, 44, 45, 46, 47, 39, 31, 30, 22, 23, 15, 14, 13, 5, 4, 3, 2, 1, 0]
[00:00:00:05:870] ! Unidirectional t-s. expansions: 5,105, time: 5,869 [ms], path length: 43 [edges], generated: 8,591
[00:00:00:10:370] Path of length 43 found: [0, 1, 2, 3, 4, 5, 13, 12, 20, 28, 29, 30, 22, 14, 15, 23, 31, 39, 47, 46, 45, 37, 36, 35, 27, 19, 18, 17, 25, 24, 32, 33, 41, 40, 48, 49, 50, 42, 43, 51, 52, 53, 54, 55]
[00:00:00:10:784] ! Bidirectional. expansions: 6,860, time: 10,371 [ms], path length: 43 [edges], g_F: 26, g_B: 17, generated: {'F': 4,206, 'B': 7,712}, MM: 9, MMPER: 19.454545454545453%
[00:00:00:10:784] 
---------- SM_Grids/7x8_grid_with_random_blocks_16per_1 ----------
[00:00:00:00:055] Path of length 39 found: [0, 1, 9, 8, 16, 17, 25, 26, 18, 10, 11, 19, 27, 35, 34, 42, 43, 51, 52, 44, 36, 28, 20, 12, 13, 14, 22, 21, 29, 37, 45, 53, 54, 46, 38, 30, 31, 39, 47, 55]
[00:00:00:00:055] ! Unidirectional s-t. expansions: 40, time: 55 [ms], path length: 39 [edges], generated: 69
[00:00:00:00:496] Path of length 39 found: [55, 47, 39, 31, 30, 22, 14, 13, 12, 11, 10, 18, 19, 27, 35, 36, 28, 20, 21, 29, 37, 38, 46, 54, 53, 45, 44, 52, 51, 43, 42, 34, 26, 25, 17, 16, 8, 9, 1, 0]
[00:00:00:00:496] ! Unidirectional t-s. expansions: 40, time: 496 [ms], path length: 39 [edges], generated: 69
[00:00:00:00:082] Path of length 39 found: [0, 1, 9, 8, 16, 17, 25, 26, 18, 10, 11, 19, 27, 35, 34, 42, 43, 51, 52, 44, 45, 53, 54, 46, 38, 37, 36, 28, 29, 21, 20, 12, 13, 14, 22, 30, 31, 39, 47, 55]
[00:00:00:00:451] ! Bidirectional. expansions: 39, time: 82 [ms], path length: 39 [edges], g_F: 33, g_B: 6, generated: {'F': 60, 'B': 12}, MM: 27, MMPER: 66.5%
[00:00:00:00:452] 
---------- SM_Grids/7x8_grid_with_random_blocks_16per_2 ----------
[00:00:00:00:780] Path of length 43 found: [0, 1, 9, 8, 16, 24, 25, 17, 18, 26, 34, 33, 41, 40, 48, 49, 50, 51, 52, 44, 43, 35, 27, 28, 20, 12, 11, 3, 4, 5, 13, 14, 6, 7, 15, 23, 22, 21, 29, 37, 38, 39, 47, 55]
[00:00:00:00:780] ! Unidirectional s-t. expansions: 700, time: 780 [ms], path length: 43 [edges], generated: 1,191
[00:00:00:00:307] Path of length 43 found: [55, 47, 39, 38, 37, 29, 28, 20, 21, 22, 23, 15, 7, 6, 14, 13, 5, 4, 12, 11, 3, 2, 1, 9, 17, 18, 26, 27, 35, 43, 44, 52, 51, 50, 49, 48, 40, 41, 33, 25, 24, 16, 8, 0]
[00:00:00:00:307] ! Unidirectional t-s. expansions: 238, time: 307 [ms], path length: 43 [edges], generated: 419
[00:00:00:02:517] Path of length 43 found: [0, 8, 16, 24, 32, 33, 41, 40, 48, 49, 50, 51, 52, 44, 43, 35, 34, 26, 18, 17, 9, 1, 2, 3, 11, 12, 4, 5, 6, 7, 15, 23, 22, 14, 13, 21, 20, 28, 29, 37, 38, 39, 47, 55]
[00:00:00:02:893] ! Bidirectional. expansions: 1,331, time: 2,517 [ms], path length: 43 [edges], g_F: 19, g_B: 24, generated: {'F': 779, 'B': 1,565}, MM: 5, MMPER: 10.363636363636363%
[00:00:00:02:894] 
---------- SM_Grids/7x8_grid_with_random_blocks_16per_3 ----------
[00:00:00:03:784] Path of length 43 found: [0, 1, 2, 3, 4, 12, 11, 19, 18, 10, 9, 17, 16, 24, 32, 33, 34, 42, 41, 40, 48, 49, 50, 51, 43, 44, 52, 53, 45, 46, 38, 30, 29, 28, 20, 21, 13, 14, 22, 23, 31, 39, 47, 55]
[00:00:00:03:784] ! Unidirectional s-t. expansions: 2,972, time: 3,784 [ms], path length: 43 [edges], generated: 5,207
[00:00:00:04:428] Path of length 43 found: [55, 47, 46, 38, 39, 31, 30, 29, 21, 22, 23, 15, 14, 13, 12, 4, 3, 11, 19, 27, 28, 36, 44, 45, 53, 52, 51, 43, 42, 34, 33, 41, 49, 48, 40, 32, 24, 16, 17, 18, 10, 2, 1, 0]
[00:00:00:04:429] ! Unidirectional t-s. expansions: 3,810, time: 4,428 [ms], path length: 43 [edges], generated: 6,659
[00:00:00:17:386] Expansion 10,000: F [0, 1, 9, 10, 2, 3, 4, 12, 13, 14, 15, 23, 31, 30, 22, 21, 29, 28], B [55, 47, 39, 38, 46, 45, 53, 52, 44, 43, 51, 50, 49], f=44, g=29
[00:00:00:32:948] Expansion 20,000: F [0, 1, 2, 3, 4, 12, 11, 10, 18, 17, 16, 24, 32, 33, 34, 42, 41, 40, 48, 49, 50], B [55, 47, 46, 38, 30, 31], f=44, g=25
[00:00:00:36:786] Path of length 43 found: [0, 1, 2, 3, 4, 12, 13, 21, 29, 28, 20, 19, 18, 10, 9, 17, 16, 24, 32, 40, 48, 49, 41, 33, 34, 42, 50, 51, 43, 44, 52, 53, 45, 46, 38, 30, 22, 14, 15, 23, 31, 39, 47, 55]
[00:00:00:37:178] ! Bidirectional. expansions: 21,806, time: 36,786 [ms], path length: 43 [edges], g_F: 11, g_B: 32, generated: {'F': 23,269, 'B': 17,341}, MM: 21, MMPER: 46.72727272727273%
[00:00:00:37:178] 
---------- SM_Grids/7x8_grid_with_random_blocks_16per_4 ----------
[00:00:00:00:051] Path of length 47 found: [0, 8, 16, 24, 32, 40, 48, 49, 41, 33, 25, 17, 9, 1, 2, 3, 11, 19, 18, 26, 34, 42, 50, 51, 43, 35, 36, 28, 20, 12, 13, 5, 6, 14, 22, 30, 31, 39, 38, 37, 45, 44, 52, 53, 54, 46, 47, 55]
[00:00:00:00:051] ! Unidirectional s-t. expansions: 48, time: 51 [ms], path length: 47 [edges], generated: 73
[00:00:00:00:051] Path of length 47 found: [55, 47, 39, 31, 30, 22, 14, 6, 5, 13, 12, 11, 3, 2, 1, 9, 17, 25, 33, 41, 42, 34, 26, 18, 19, 20, 28, 36, 35, 43, 44, 45, 37, 38, 46, 54, 53, 52, 51, 50, 49, 48, 40, 32, 24, 16, 8, 0]
[00:00:00:00:051] ! Unidirectional t-s. expansions: 48, time: 51 [ms], path length: 47 [edges], generated: 73
[00:00:00:00:092] Path of length 47 found: [0, 8, 16, 24, 32, 40, 48, 49, 41, 33, 25, 17, 9, 1, 2, 3, 11, 19, 18, 26, 34, 42, 50, 51, 52, 53, 54, 46, 38, 37, 45, 44, 43, 35, 36, 28, 20, 12, 13, 5, 6, 14, 22, 30, 31, 39, 47, 55]
[00:00:00:00:477] ! Bidirectional. expansions: 54, time: 92 [ms], path length: 47 [edges], g_F: 34, g_B: 13, generated: {'F': 71, 'B': 20}, MM: 21, MMPER: 42.75%
[00:00:00:00:477] 
---------- SM_Grids/7x8_grid_with_random_blocks_16per_5 ----------
[00:00:00:02:840] Path of length 45 found: [0, 1, 2, 3, 4, 12, 20, 19, 11, 10, 9, 8, 16, 17, 18, 26, 34, 33, 32, 40, 41, 49, 50, 42, 43, 35, 27, 28, 29, 21, 13, 5, 6, 14, 15, 23, 31, 30, 38, 37, 45, 44, 52, 53, 54, 55]
[00:00:00:02:840] ! Unidirectional s-t. expansions: 1,996, time: 2,840 [ms], path length: 45 [edges], generated: 3,442
[00:00:00:00:926] Path of length 45 found: [55, 54, 53, 52, 44, 45, 37, 29, 30, 38, 39, 31, 23, 15, 7, 6, 14, 13, 5, 4, 12, 20, 28, 27, 35, 43, 42, 50, 49, 41, 40, 32, 33, 34, 26, 18, 19, 11, 3, 2, 10, 9, 17, 16, 8, 0]
[00:00:00:00:926] ! Unidirectional t-s. expansions: 622, time: 926 [ms], path length: 45 [edges], generated: 1,119
[00:00:00:06:958] Path of length 45 found: [0, 1, 2, 10, 9, 8, 16, 17, 18, 26, 34, 33, 32, 40, 41, 49, 50, 42, 43, 35, 27, 28, 20, 19, 11, 3, 4, 12, 13, 14, 6, 7, 15, 23, 31, 39, 38, 30, 29, 37, 45, 44, 52, 53, 54, 55]
[00:00:00:07:421] ! Bidirectional. expansions: 4,483, time: 6,958 [ms], path length: 45 [edges], g_F: 28, g_B: 17, generated: {'F': 4,912, 'B': 2,625}, MM: 11, MMPER: 22.91304347826087%
[00:00:00:07:421] 
---------- SM_Grids/7x8_grid_with_random_blocks_16per_6 ----------
[00:00:00:00:054] Path of length 45 found: [0, 1, 9, 17, 16, 24, 32, 33, 25, 26, 34, 35, 27, 19, 18, 10, 2, 3, 11, 12, 4, 5, 13, 14, 6, 7, 15, 23, 31, 30, 29, 21, 20, 28, 36, 44, 43, 51, 52, 53, 45, 37, 38, 46, 54, 55]
[00:00:00:00:055] ! Unidirectional s-t. expansions: 46, time: 54 [ms], path length: 45 [edges], generated: 75
[00:00:00:00:076] Path of length 45 found: [55, 54, 46, 38, 30, 31, 23, 15, 7, 6, 14, 13, 5, 4, 3, 2, 10, 18, 19, 11, 12, 20, 21, 29, 37, 45, 53, 52, 51, 43, 44, 36, 28, 27, 35, 34, 26, 25, 33, 32, 24, 16, 17, 9, 1, 0]
[00:00:00:00:076] ! Unidirectional t-s. expansions: 67, time: 76 [ms], path length: 45 [edges], generated: 114
[00:00:00:00:102] Path of length 45 found: [0, 1, 9, 17, 16, 24, 32, 33, 25, 26, 34, 35, 27, 28, 36, 44, 43, 51, 52, 53, 45, 37, 29, 21, 20, 12, 11, 19, 18, 10, 2, 3, 4, 5, 13, 14, 6, 7, 15, 23, 31, 30, 38, 46, 54, 55]
[00:00:00:00:477] ! Bidirectional. expansions: 62, time: 102 [ms], path length: 45 [edges], g_F: 17, g_B: 28, generated: {'F': 57, 'B': 59}, MM: 11, MMPER: 22.91304347826087%
[00:00:00:00:477] 
---------- SM_Grids/7x8_grid_with_random_blocks_16per_7 ----------
[00:00:00:00:047] Path of length 47 found: [0, 1, 9, 8, 16, 17, 25, 24, 32, 40, 48, 49, 41, 33, 34, 42, 50, 51, 43, 44, 52, 53, 45, 37, 36, 28, 27, 19, 11, 3, 4, 12, 20, 21, 13, 14, 6, 7, 15, 23, 22, 30, 38, 39, 47, 46, 54, 55]
[00:00:00:00:047] ! Unidirectional s-t. expansions: 48, time: 47 [ms], path length: 47 [edges], generated: 71
[00:00:00:00:047] Path of length 47 found: [55, 47, 39, 38, 30, 22, 23, 15, 7, 6, 14, 13, 21, 20, 12, 4, 3, 11, 19, 27, 28, 36, 37, 45, 46, 54, 53, 52, 44, 43, 51, 50, 42, 34, 33, 41, 49, 48, 40, 32, 24, 25, 17, 16, 8, 9, 1, 0]
[00:00:00:00:047] ! Unidirectional t-s. expansions: 48, time: 47 [ms], path length: 47 [edges], generated: 71
[00:00:00:00:082] Path of length 47 found: [0, 1, 9, 8, 16, 17, 25, 24, 32, 40, 48, 49, 41, 33, 34, 42, 50, 51, 43, 44, 52, 53, 54, 46, 45, 37, 36, 28, 27, 19, 11, 3, 4, 12, 20, 21, 13, 14, 6, 7, 15, 23, 22, 30, 38, 39, 47, 55]
[00:00:00:00:456] ! Bidirectional. expansions: 47, time: 82 [ms], path length: 47 [edges], g_F: 40, g_B: 7, generated: {'F': 63, 'B': 13}, MM: 33, MMPER: 67.75%
[00:00:00:00:456] 
---------- SM_Grids/7x8_grid_with_random_blocks_16per_8 ----------
[00:00:00:03:125] Path of length 43 found: [0, 8, 16, 17, 9, 10, 2, 3, 4, 5, 6, 7, 15, 23, 31, 39, 47, 46, 38, 30, 29, 21, 13, 12, 20, 19, 18, 26, 25, 33, 32, 40, 41, 42, 50, 51, 43, 35, 36, 44, 45, 53, 54, 55]
[00:00:00:03:126] ! Unidirectional s-t. expansions: 2,813, time: 3,125 [ms], path length: 43 [edges], generated: 4,925
[00:00:00:05:434] Path of length 43 found: [55, 54, 53, 45, 46, 47, 39, 38, 30, 31, 23, 15, 7, 6, 5, 13, 12, 4, 3, 2, 10, 18, 19, 20, 21, 29, 28, 36, 44, 43, 51, 50, 42, 41, 40, 32, 33, 34, 26, 25, 17, 9, 8, 0]
[00:00:00:05:435] ! Unidirectional t-s. expansions: 4,723, time: 5,435 [ms], path length: 43 [edges], generated: 7,821
[00:00:00:16:029] Expansion 10,000: F [0, 8, 9, 17, 18], B [55, 54, 46, 47, 39, 38, 37, 45, 44, 43, 51, 50, 42, 41, 40, 32, 33, 25, 26, 34, 35, 36, 28, 20], f=44, g=27
[00:00:00:16:340] Path of length 43 found: [0, 8, 16, 17, 9, 10, 2, 3, 4, 12, 13, 5, 6, 7, 15, 23, 31, 39, 47, 46, 38, 30, 29, 21, 20, 19, 18, 26, 25, 33, 32, 40, 41, 42, 50, 51, 43, 35, 36, 44, 45, 53, 54, 55]
[00:00:00:16:711] ! Bidirectional. expansions: 10,166, time: 16,340 [ms], path length: 43 [edges], g_F: 24, g_B: 19, generated: {'F': 10,696, 'B': 7,141}, MM: 5, MMPER: 10.363636363636363%
[00:00:00:16:711] 
---------- SM_Grids/7x8_grid_with_random_blocks_16per_9 ----------
[00:00:00:00:289] Path of length 45 found: [0, 8, 16, 24, 25, 26, 34, 35, 43, 42, 41, 49, 50, 51, 52, 44, 45, 37, 38, 30, 22, 14, 13, 12, 20, 28, 27, 19, 18, 17, 9, 1, 2, 3, 4, 5, 6, 7, 15, 23, 31, 39, 47, 46, 54, 55]
[00:00:00:00:290] ! Unidirectional s-t. expansions: 219, time: 289 [ms], path length: 45 [edges], generated: 362
[00:00:00:00:431] Path of length 45 found: [55, 54, 46, 47, 39, 38, 37, 45, 44, 52, 51, 50, 49, 41, 42, 43, 35, 34, 26, 25, 24, 16, 17, 18, 19, 27, 28, 20, 12, 13, 14, 22, 30, 31, 23, 15, 7, 6, 5, 4, 3, 2, 10, 9, 1, 0]
[00:00:00:00:431] ! Unidirectional t-s. expansions: 379, time: 431 [ms], path length: 45 [edges], generated: 596
[00:00:00:01:015] Path of length 45 found: [0, 1, 2, 3, 4, 12, 20, 28, 27, 19, 18, 10, 9, 8, 16, 24, 25, 26, 34, 35, 43, 42, 41, 49, 50, 51, 52, 44, 45, 37, 38, 30, 22, 14, 13, 5, 6, 7, 15, 23, 31, 39, 47, 46, 54, 55]
[00:00:00:01:376] ! Bidirectional. expansions: 625, time: 1,015 [ms], path length: 45 [edges], g_F: 16, g_B: 29, generated: {'F': 333, 'B': 702}, MM: 13, MMPER: 27.26086956521739%
[00:00:00:01:376] average expansions: (974, 1,508, 4,547, 0)
[00:00:00:01:376] average time: (1,193, 1,807, 7,434, 0)
[00:00:00:01:376] XA*: 974 , 1,193 (expansions , time[ms])
[00:00:00:01:376] BiXA*: 4,547 , 7,434 (expansions , time[ms])

