--------------------------
date: SM_Grids
number_of_graphs: 10
graph_type: grid
size_of_graphs: [7, 8]
heuristic: bcc_heuristic
snake: False
run_uni: True
run_bi: True
run_multi: False
solution_vertices: []
algorithms: ['A']
lookahead: 1
bsd: False
cube_first_dims: 4
cube_buffer_dim: None
backward_sym_generation: False
sym_coil: False
prefix_set: None

---------- SM_Grids/7x8_grid_with_random_blocks_12per_0 ----------
[00:00:00:07:937] Expansion 10,000: state None, f=48, g=28
[00:00:00:16:323] Expansion 20,000: state None, f=48, g=35
[00:00:00:16:760] Path of length 47 found: [0, 1, 2, 3, 4, 5, 6, 7, 15, 23, 31, 30, 29, 28, 27, 19, 20, 21, 22, 14, 13, 12, 11, 10, 18, 26, 34, 42, 41, 33, 25, 17, 16, 24, 32, 40, 48, 49, 50, 51, 43, 44, 45, 37, 38, 46, 47, 55]
[00:00:00:16:762] ! Unidirectional s-t. expansions: 20,327, time: 16,761 [ms], path length: 47 [edges], generated: 32,937
[00:00:00:06:435] Path of length 47 found: [55, 47, 46, 45, 44, 43, 51, 50, 49, 48, 40, 41, 42, 34, 33, 32, 24, 16, 17, 25, 26, 18, 19, 27, 28, 20, 21, 22, 30, 29, 37, 38, 39, 31, 23, 15, 7, 6, 14, 13, 5, 4, 12, 11, 3, 2, 1, 0]
[00:00:00:06:437] ! Unidirectional t-s. expansions: 5,592, time: 6,435 [ms], path length: 47 [edges], generated: 9,610
[00:00:00:16:165] Expansion 10,000: F [0, 1, 2, 10, 11, 3, 4, 12, 20, 28, 27, 19, 18, 17, 16, 24, 25, 26, 34, 42, 41, 33, 32], B [55, 47, 46, 38, 39, 31, 23, 15, 7, 6, 5, 13, 14, 22], f=48, g=35
[00:00:00:32:152] Expansion 20,000: F [0, 1, 2, 3, 4, 5, 13, 12, 11, 10, 18, 19, 20, 28, 27, 26, 34, 42], B [55, 47, 39, 38], f=48, g=20
[00:00:00:37:982] Path of length 47 found: [0, 1, 2, 10, 18, 17, 16, 24, 32, 40, 48, 49, 41, 33, 25, 26, 34, 42, 50, 51, 43, 44, 45, 37, 38, 30, 29, 21, 22, 14, 13, 12, 20, 28, 27, 19, 11, 3, 4, 5, 6, 7, 15, 23, 31, 39, 47, 55]
[00:00:00:39:157] ! Bidirectional. expansions: 23,459, time: 37,982 [ms], path length: 47 [edges], g_F: 24, g_B: 23, generated: {'F': 27,490, 'B': 12,814}, MM: 1, MMPER: 1.0833333333333335%
[00:00:00:39:157] 
---------- SM_Grids/7x8_grid_with_random_blocks_12per_1 ----------
[00:00:00:06:172] Path of length 47 found: [0, 8, 9, 10, 2, 3, 4, 12, 11, 19, 27, 35, 34, 33, 25, 26, 18, 17, 16, 24, 32, 40, 41, 42, 50, 51, 43, 44, 36, 28, 20, 21, 13, 5, 6, 14, 15, 23, 22, 30, 38, 37, 45, 53, 54, 46, 47, 55]
[00:00:00:06:172] ! Unidirectional s-t. expansions: 5,590, time: 6,172 [ms], path length: 47 [edges], generated: 9,176
[00:00:00:00:067] Path of length 47 found: [55, 54, 53, 45, 46, 47, 39, 38, 30, 22, 23, 15, 14, 6, 5, 4, 3, 2, 10, 9, 17, 25, 33, 34, 26, 18, 19, 11, 12, 13, 21, 20, 28, 27, 35, 36, 44, 43, 51, 50, 42, 41, 40, 32, 24, 16, 8, 0]
[00:00:00:00:067] ! Unidirectional t-s. expansions: 51, time: 67 [ms], path length: 47 [edges], generated: 85
[00:00:00:07:041] Path of length 47 found: [0, 8, 16, 24, 32, 40, 41, 33, 25, 17, 9, 10, 2, 3, 4, 12, 11, 19, 18, 26, 27, 35, 34, 42, 50, 51, 43, 44, 36, 28, 20, 21, 13, 5, 6, 14, 15, 23, 22, 30, 38, 39, 47, 46, 45, 53, 54, 55]
[00:00:00:07:417] ! Bidirectional. expansions: 3,142, time: 7,041 [ms], path length: 47 [edges], g_F: 40, g_B: 7, generated: {'F': 5,055, 'B': 597}, MM: 33, MMPER: 67.75%
[00:00:00:07:417] 
---------- SM_Grids/7x8_grid_with_random_blocks_12per_2 ----------
[00:00:00:07:674] Path of length 45 found: [0, 1, 2, 3, 4, 5, 6, 7, 15, 14, 13, 21, 22, 23, 31, 39, 38, 37, 29, 28, 20, 19, 11, 10, 18, 17, 9, 8, 16, 24, 32, 40, 48, 49, 41, 33, 34, 26, 27, 35, 43, 44, 52, 53, 54, 55]
[00:00:00:07:677] ! Unidirectional s-t. expansions: 6,495, time: 7,676 [ms], path length: 45 [edges], generated: 10,962
[00:00:00:01:072] Path of length 45 found: [55, 54, 53, 52, 44, 43, 35, 36, 28, 27, 26, 34, 33, 41, 49, 48, 40, 32, 24, 16, 8, 9, 17, 18, 10, 11, 19, 20, 21, 29, 37, 38, 39, 31, 23, 22, 14, 15, 7, 6, 5, 4, 3, 2, 1, 0]
[00:00:00:01:073] ! Unidirectional t-s. expansions: 831, time: 1,072 [ms], path length: 45 [edges], generated: 1,492
[00:00:00:15:873] Path of length 45 found: [0, 8, 16, 24, 32, 40, 48, 49, 41, 33, 34, 26, 18, 17, 9, 1, 2, 10, 11, 3, 4, 5, 13, 21, 22, 14, 6, 7, 15, 23, 31, 39, 38, 37, 29, 28, 20, 19, 27, 35, 43, 44, 52, 53, 54, 55]
[00:00:00:16:254] ! Bidirectional. expansions: 9,272, time: 15,873 [ms], path length: 45 [edges], g_F: 43, g_B: 2, generated: {'F': 11,799, 'B': 3,752}, MM: 41, MMPER: 88.1304347826087%
[00:00:00:16:254] 
---------- SM_Grids/7x8_grid_with_random_blocks_12per_3 ----------
[00:00:00:10:312] Expansion 10,000: state None, f=46, g=31
[00:00:00:20:365] Expansion 20,000: state None, f=46, g=20
[00:00:00:30:585] Expansion 30,000: state None, f=46, g=29
[00:00:00:40:170] Expansion 40,000: state None, f=46, g=39
[00:00:00:48:602] Path of length 45 found: [0, 1, 2, 3, 4, 5, 6, 14, 22, 21, 29, 28, 36, 35, 43, 42, 34, 26, 27, 19, 20, 12, 11, 10, 9, 8, 16, 17, 25, 24, 32, 33, 41, 49, 50, 51, 52, 44, 45, 37, 38, 30, 31, 39, 47, 55]
[00:00:00:48:604] ! Unidirectional s-t. expansions: 47,828, time: 48,602 [ms], path length: 45 [edges], generated: 83,098
[00:00:00:12:835] Expansion 10,000: state None, f=46, g=36
[00:00:00:22:063] Expansion 20,000: state None, f=46, g=36
[00:00:00:31:779] Expansion 30,000: state None, f=46, g=37
[00:00:00:40:574] Expansion 40,000: state None, f=46, g=37
[00:00:00:49:720] Path of length 45 found: [55, 47, 46, 45, 53, 52, 51, 50, 49, 41, 33, 32, 24, 16, 17, 25, 26, 34, 42, 43, 44, 36, 37, 38, 39, 31, 30, 29, 28, 27, 19, 20, 21, 22, 14, 6, 5, 4, 12, 11, 3, 2, 10, 9, 1, 0]
[00:00:00:49:721] ! Unidirectional t-s. expansions: 49,225, time: 49,720 [ms], path length: 45 [edges], generated: 81,475
[00:00:00:17:253] Expansion 10,000: F [0, 1, 2, 3, 4, 5, 6, 14], B [55, 47, 46, 38, 39, 31, 30, 29, 37, 36, 28, 27, 26, 34, 35], f=47, g=21
[00:00:00:27:403] Expansion 20,000: F [0, 1, 2, 3, 4, 5, 6, 14, 22, 21, 20, 19, 11, 10, 9, 8, 16, 17], B [55, 47, 39, 31, 30, 38, 46, 45, 53, 52, 51, 43, 44, 36, 37, 29, 28, 27, 35, 34], f=46, g=36
[00:00:00:39:254] Expansion 30,000: F [0, 8, 16, 24, 32, 33, 41, 49, 50, 42, 34, 35, 43, 51, 52, 44, 45, 46, 38, 37, 36, 28, 20, 12, 11, 19, 27, 26, 25, 17, 9], B [55, 47, 39, 31, 30, 29, 21, 22, 14], f=46, g=38
[00:00:00:52:328] Expansion 40,000: F [0, 8, 16, 24, 32, 33, 34, 26, 25, 17, 9, 1, 2, 3, 4, 5, 6, 14, 22, 30, 31, 39, 38, 37, 29, 21, 20, 12, 11], B [55, 47, 46, 45, 53, 52, 51, 50, 49], f=46, g=36
[00:00:01:10:959] Expansion 50,000: F [0, 8, 16, 24, 32, 33, 25, 17, 9, 1, 2, 3, 11, 19, 20, 12, 4], B [55, 47, 46, 45, 53, 52, 44, 43, 51, 50, 49], f=46, g=26
[00:00:01:25:284] Expansion 60,000: F [0, 1, 9, 8, 16, 24, 32, 33, 25, 26, 27, 19, 11, 10, 2, 3, 4], B [55, 47, 39, 31, 30, 38, 46, 45, 53, 52, 44, 43, 51, 50, 49, 41, 42], f=46, g=32
[00:00:01:40:150] Expansion 70,000: F [0, 8, 9, 1, 2, 10, 11, 12, 4, 5, 6, 14, 22, 21, 20, 19, 27, 28, 29, 30, 31, 39, 38, 37, 36, 35, 34], B [55, 47, 46, 45, 53, 52, 44, 43, 51, 50, 49, 41], f=46, g=37
[00:00:01:55:081] Expansion 80,000: F [0, 8, 16, 17, 9, 10, 2, 3], B [55, 47, 46, 45, 53, 52, 44, 43, 51, 50, 49], f=46, g=17
[00:00:02:10:005] Expansion 90,000: F [0, 8, 16, 17, 9, 10, 2, 3], B [55, 47, 39, 31, 30, 29, 37, 38, 46, 45, 53, 52, 44, 36, 35, 34, 42, 43, 51, 50, 49], f=46, g=27
[00:00:02:21:167] Path of length 45 found: [0, 8, 16, 17, 25, 24, 32, 33, 41, 49, 50, 42, 34, 26, 27, 35, 36, 44, 43, 51, 52, 53, 45, 46, 38, 37, 29, 21, 20, 12, 11, 10, 9, 1, 2, 3, 4, 5, 6, 14, 22, 30, 31, 39, 47, 55]
[00:00:02:21:590] ! Bidirectional. expansions: 97,295, time: 141,172 [ms], path length: 45 [edges], g_F: 30, g_B: 15, generated: {'F': 92,597, 'B': 85,001}, MM: 15, MMPER: 31.608695652173914%
[00:00:02:21:591] 
---------- SM_Grids/7x8_grid_with_random_blocks_12per_4 ----------
[00:00:00:10:887] Expansion 10,000: state None, f=46, g=37
[00:00:00:20:492] Expansion 20,000: state None, f=46, g=35
[00:00:00:30:190] Path of length 45 found: [0, 1, 2, 10, 9, 17, 18, 19, 11, 12, 20, 21, 13, 5, 6, 7, 15, 23, 22, 30, 31, 39, 38, 37, 36, 28, 27, 35, 34, 33, 25, 24, 32, 40, 48, 49, 41, 42, 43, 51, 52, 53, 45, 46, 54, 55]
[00:00:00:30:192] ! Unidirectional s-t. expansions: 28,884, time: 30,190 [ms], path length: 45 [edges], generated: 50,261
[00:00:00:12:156] Expansion 10,000: state None, f=47, g=17
[00:00:00:20:710] Expansion 20,000: state None, f=46, g=26
[00:00:00:32:369] Expansion 30,000: state None, f=46, g=7
[00:00:00:34:028] Path of length 45 found: [55, 54, 46, 47, 39, 31, 23, 15, 7, 6, 5, 4, 12, 13, 21, 22, 30, 38, 37, 45, 53, 52, 51, 50, 49, 48, 40, 32, 24, 16, 17, 25, 33, 41, 42, 43, 35, 36, 28, 20, 19, 11, 10, 2, 1, 0]
[00:00:00:34:029] ! Unidirectional t-s. expansions: 31,026, time: 34,028 [ms], path length: 45 [edges], generated: 51,895
[00:00:00:21:042] Expansion 10,000: F [0, 1, 2, 10, 11], B [55, 47, 39, 38, 37, 45, 46, 54, 53, 52, 51, 43, 42, 34, 33, 41], f=47, g=19
[00:00:00:40:321] Expansion 20,000: F [0, 1, 2, 10, 11, 19, 27, 28, 20, 21, 13, 12, 4, 5, 6, 7, 15, 23, 22], B [55, 47, 46, 54, 53], f=47, g=22
[00:00:00:52:500] Expansion 30,000: F [0, 1, 9, 10, 18, 19, 11, 12, 13, 5, 6, 7, 15, 23, 22, 21, 20, 28], B [55, 47, 39, 31, 30, 38, 37, 45, 46, 54, 53, 52, 51, 43, 42, 50, 49, 48, 40, 32, 24, 16, 17, 25, 33, 34, 35], f=46, g=43
[00:00:01:03:868] Expansion 40,000: F [0, 1, 2, 10, 9, 17, 16, 24, 32, 40, 48, 49, 41, 33, 34, 42, 50, 51, 43, 35, 27, 28], B [55, 47, 39, 31, 23, 15, 7, 6, 5, 4, 12], f=46, g=31
[00:00:01:16:166] Expansion 50,000: F [0, 1, 2, 10, 18, 19, 20, 28, 27, 35, 43, 42, 34, 33, 25, 17], B [55, 47, 39, 31, 23, 15, 7, 6, 5, 4, 12, 13, 21, 22, 30, 38, 37], f=46, g=31
[00:00:01:28:993] Expansion 60,000: F [0, 1, 2, 10, 11, 12, 13, 5, 6, 7, 15, 23, 22, 30, 31, 39, 47, 46], B [55, 54, 53, 52, 51, 50, 49, 48, 40, 32, 33], f=46, g=27
[00:00:01:42:760] Expansion 70,000: F [0, 1, 9, 10, 18, 17, 16, 24, 25, 33, 32, 40, 48, 49, 50, 51, 43, 42, 34, 35, 36, 28, 27, 19, 11, 12], B [55, 47, 46, 54, 53, 45, 37, 38], f=46, g=32
[00:00:01:57:592] Expansion 80,000: F [0, 1, 2, 10, 11, 19], B [55, 54, 53, 45, 46, 47, 39, 31, 23, 15, 7, 6, 5, 13, 12], f=46, g=19
[00:00:02:13:464] Expansion 90,000: F [0, 1, 9, 17, 16, 24, 25, 33, 41, 40, 48, 49, 50], B [55, 54, 46, 47, 39, 38, 30, 22, 23], f=46, g=20
[00:00:02:30:768] Expansion 100,000: F [0, 1, 9, 10, 18, 17, 25, 24, 32, 40, 48, 49, 41, 33, 34, 35, 43, 42, 50, 51, 52], B [55, 54, 46, 38, 39], f=46, g=24
[00:00:02:30:769] Expansions: 100,000. Checks - state_vs_state: 1,234, prefix: 408,144
[00:00:02:30:770] Expansions: 100,000. Checks - state_vs_state: 1,234, prefix: 408,145
[00:00:02:30:770] Expansions: 100,000. Checks - state_vs_state: 1,234, prefix: 408,146
[00:00:02:35:923] Path of length 45 found: [0, 1, 9, 10, 11, 19, 20, 28, 27, 35, 34, 42, 41, 33, 25, 17, 16, 24, 32, 40, 48, 49, 50, 51, 52, 53, 54, 46, 45, 37, 38, 30, 22, 21, 13, 12, 4, 5, 6, 7, 15, 23, 31, 39, 47, 55]
[00:00:02:36:380] ! Bidirectional. expansions: 102,547, time: 155,923 [ms], path length: 45 [edges], g_F: 11, g_B: 34, generated: {'F': 107,317, 'B': 71,812}, MM: 23, MMPER: 49.0%
[00:00:02:36:380] 
---------- SM_Grids/7x8_grid_with_random_blocks_12per_5 ----------
[00:00:00:13:991] Expansion 10,000: state None, f=46, g=35
[00:00:00:27:377] Expansion 20,000: state None, f=46, g=22
[00:00:00:32:214] Path of length 45 found: [0, 8, 16, 17, 25, 33, 32, 40, 48, 49, 50, 51, 52, 53, 45, 46, 38, 30, 29, 21, 20, 28, 36, 35, 34, 26, 27, 19, 18, 10, 9, 1, 2, 3, 11, 12, 4, 5, 13, 14, 22, 23, 31, 39, 47, 55]
[00:00:00:32:216] ! Unidirectional s-t. expansions: 23,355, time: 32,214 [ms], path length: 45 [edges], generated: 42,156
[00:00:00:13:262] Expansion 10,000: state None, f=46, g=15
[00:00:00:13:493] Path of length 45 found: [55, 47, 46, 45, 53, 52, 51, 50, 49, 48, 40, 32, 33, 34, 35, 36, 28, 27, 26, 25, 17, 16, 8, 9, 10, 18, 19, 20, 21, 29, 30, 38, 39, 31, 23, 22, 14, 6, 5, 13, 12, 4, 3, 2, 1, 0]
[00:00:00:13:495] ! Unidirectional t-s. expansions: 10,056, time: 13,493 [ms], path length: 45 [edges], generated: 17,548
[00:00:00:19:948] Expansion 10,000: F [0, 8, 16, 17, 25, 26, 18, 19, 11, 10, 9, 1, 2, 3, 4, 5, 6, 14, 13, 12, 20, 21, 22, 23, 31, 39, 38, 30, 29, 28, 27], B [55, 47, 46, 45, 53, 52, 51], f=47, g=36
[00:00:00:34:015] Expansion 20,000: F [0, 8, 16, 17, 9, 1, 2, 3, 4, 12, 20, 19, 11, 10, 18, 26, 27, 28], B [55, 47, 46], f=47, g=19
[00:00:00:52:261] Expansion 30,000: F [0, 8, 9, 1, 2, 10, 18, 17, 25, 26, 27, 28, 36, 35], B [55, 47, 39, 31, 23, 22, 14, 6, 5, 13, 12], f=47, g=23
[00:00:01:01:503] Expansion 40,000: F [0, 1, 2, 3, 4, 5, 6, 14, 13, 12, 11, 19, 20, 21, 22, 23, 31, 39, 38, 30, 29, 28, 36, 35, 27, 26], B [55, 47, 46, 45, 53, 52, 51, 50, 49, 48, 40, 41], f=46, g=36
[00:00:01:12:196] Expansion 50,000: F [0, 1, 2, 10, 9, 8, 16, 17, 18, 19, 27, 26, 25, 33, 32, 40], B [55, 47, 39, 31, 23, 22, 14, 6, 5, 4, 3, 11, 12, 20, 21, 29], f=46, g=30
[00:00:01:27:481] Expansion 60,000: F [0, 1, 2, 3, 11, 10, 9, 8, 16, 17, 25, 26, 18, 19, 20, 12, 4, 5, 13, 21, 22, 23, 31, 39, 38], B [55, 47, 46], f=46, g=26
[00:00:01:46:051] Expansion 70,000: F [0, 8, 16, 17, 9, 1, 2, 3, 11, 12, 4, 5, 13, 14, 22, 23, 31], B [55, 47, 39, 38, 46, 45, 53, 52, 51], f=46, g=24
[00:00:02:06:052] Expansion 80,000: F [0, 8, 16, 17, 9, 10, 11, 3, 4, 12, 20, 21, 13, 5, 6, 14, 22, 23, 31, 30, 29, 28, 36], B [55, 47, 39, 38, 46, 45, 53, 52, 51], f=46, g=30
[00:00:02:13:643] Path of length 45 found: [0, 8, 16, 17, 9, 1, 2, 10, 18, 19, 11, 3, 4, 12, 20, 28, 36, 35, 27, 26, 25, 33, 32, 40, 48, 49, 50, 51, 52, 53, 45, 46, 38, 30, 29, 21, 13, 5, 6, 14, 22, 23, 31, 39, 47, 55]
[00:00:02:14:095] ! Bidirectional. expansions: 83,811, time: 133,643 [ms], path length: 45 [edges], g_F: 23, g_B: 22, generated: {'F': 101,584, 'B': 47,447}, MM: 1, MMPER: 1.1739130434782608%
[00:00:02:14:095] 
---------- SM_Grids/7x8_grid_with_random_blocks_12per_6 ----------
[00:00:00:00:056] Path of length 47 found: [0, 8, 9, 17, 18, 10, 2, 3, 11, 19, 27, 26, 34, 33, 32, 40, 48, 49, 41, 42, 50, 51, 43, 35, 36, 28, 20, 21, 29, 37, 45, 44, 52, 53, 54, 46, 38, 30, 22, 14, 6, 7, 15, 23, 31, 39, 47, 55]
[00:00:00:00:057] ! Unidirectional s-t. expansions: 48, time: 56 [ms], path length: 47 [edges], generated: 78
[00:00:00:00:116] Path of length 47 found: [55, 47, 39, 31, 23, 15, 7, 6, 14, 22, 21, 20, 28, 36, 35, 43, 44, 45, 37, 29, 30, 38, 46, 54, 53, 52, 51, 50, 42, 41, 49, 48, 40, 32, 33, 34, 26, 27, 19, 11, 3, 2, 10, 18, 17, 9, 8, 0]
[00:00:00:00:116] ! Unidirectional t-s. expansions: 94, time: 116 [ms], path length: 47 [edges], generated: 158
[00:00:00:00:092] Path of length 47 found: [0, 8, 9, 17, 18, 10, 2, 3, 11, 19, 27, 26, 34, 33, 32, 40, 48, 49, 41, 42, 50, 51, 43, 35, 36, 28, 20, 21, 29, 37, 45, 44, 52, 53, 54, 46, 38, 30, 22, 14, 6, 7, 15, 23, 31, 39, 47, 55]
[00:00:00:00:474] ! Bidirectional. expansions: 47, time: 92 [ms], path length: 47 [edges], g_F: 40, g_B: 7, generated: {'F': 68, 'B': 13}, MM: 33, MMPER: 67.75%
[00:00:00:00:474] 
---------- SM_Grids/7x8_grid_with_random_blocks_12per_7 ----------
[00:00:00:00:084] Path of length 47 found: [0, 8, 9, 1, 2, 10, 18, 17, 25, 33, 41, 49, 50, 42, 34, 26, 27, 35, 43, 51, 52, 44, 36, 28, 20, 19, 11, 3, 4, 12, 13, 5, 6, 14, 15, 23, 31, 30, 29, 37, 45, 53, 54, 46, 38, 39, 47, 55]
[00:00:00:00:084] ! Unidirectional s-t. expansions: 62, time: 84 [ms], path length: 47 [edges], generated: 104
[00:00:00:01:072] Path of length 47 found: [55, 47, 39, 31, 23, 15, 14, 6, 5, 13, 12, 4, 3, 11, 19, 20, 28, 27, 26, 34, 42, 43, 35, 36, 44, 45, 37, 29, 30, 38, 46, 54, 53, 52, 51, 50, 49, 41, 33, 25, 17, 18, 10, 2, 1, 9, 8, 0]
[00:00:00:01:074] ! Unidirectional t-s. expansions: 356, time: 1,074 [ms], path length: 47 [edges], generated: 634
[00:00:00:00:093] Path of length 47 found: [0, 8, 9, 1, 2, 10, 18, 17, 25, 33, 41, 49, 50, 51, 52, 44, 45, 53, 54, 46, 38, 30, 29, 37, 36, 35, 43, 42, 34, 26, 27, 28, 20, 19, 11, 3, 4, 12, 13, 5, 6, 14, 15, 23, 31, 39, 47, 55]
[00:00:00:00:471] ! Bidirectional. expansions: 47, time: 93 [ms], path length: 47 [edges], g_F: 23, g_B: 24, generated: {'F': 46, 'B': 48}, MM: 1, MMPER: 1.0833333333333335%
[00:00:00:00:472] 
---------- SM_Grids/7x8_grid_with_random_blocks_12per_8 ----------
[00:00:00:11:225] Expansion 10,000: state None, f=48, g=30
[00:00:00:11:353] Path of length 47 found: [0, 1, 2, 3, 4, 5, 6, 7, 15, 14, 22, 21, 13, 12, 20, 19, 11, 10, 18, 17, 9, 8, 16, 24, 32, 33, 34, 26, 27, 35, 43, 42, 50, 51, 52, 53, 54, 46, 45, 44, 36, 28, 29, 30, 31, 39, 47, 55]
[00:00:00:11:355] ! Unidirectional s-t. expansions: 10,066, time: 11,353 [ms], path length: 47 [edges], generated: 17,878
[00:00:00:09:454] Expansion 10,000: state None, f=48, g=35
[00:00:00:18:303] Expansion 20,000: state None, f=48, g=30
[00:00:00:27:064] Expansion 30,000: state None, f=48, g=9
[00:00:00:36:013] Path of length 47 found: [55, 54, 53, 52, 51, 50, 42, 43, 44, 45, 46, 47, 39, 31, 30, 29, 37, 36, 35, 34, 33, 32, 24, 16, 17, 18, 26, 27, 28, 20, 19, 11, 12, 13, 21, 22, 14, 15, 7, 6, 5, 4, 3, 2, 10, 9, 1, 0]
[00:00:00:36:014] ! Unidirectional t-s. expansions: 39,973, time: 36,013 [ms], path length: 47 [edges], generated: 65,422
[00:00:00:14:157] Expansion 10,000: F [0, 8, 16, 24, 32, 33, 34, 35, 27, 26, 18, 17, 9, 1, 2, 10, 11], B [55, 54, 53, 52, 51, 50, 42, 43, 44, 36, 28, 29, 37, 45, 46, 47, 39, 31, 30, 22, 21, 13, 14, 15], f=48, g=39
[00:00:00:29:725] Expansion 20,000: F [0, 8, 9, 1, 2, 3, 4, 12, 20, 19], B [55, 54, 53, 52, 44, 45], f=48, g=14
[00:00:00:43:937] Expansion 30,000: F [0, 1, 9, 8, 16], B [55, 54, 53, 52, 51, 50, 42, 43, 44, 36, 35, 27, 28, 20, 21, 29, 37, 45, 46, 47, 39, 31, 30, 22, 14, 15, 7, 6, 5, 13, 12, 4, 3, 2, 10], f=48, g=38
[00:00:00:58:592] Expansion 40,000: F [0, 1, 2, 10, 11, 3, 4, 5, 6, 7, 15, 14, 22, 21, 13, 12, 20, 19, 27], B [55, 47, 39, 31, 30, 29, 37, 45], f=48, g=25
[00:00:01:13:578] Expansion 50,000: F [0, 1, 2, 3, 4, 12, 11, 19, 20, 28, 36, 44], B [55, 54, 46, 47, 39, 31], f=48, g=16
[00:00:01:27:137] Expansion 60,000: F [0, 1, 2, 3, 4, 5, 6, 7, 15, 14, 13, 12, 20, 28, 27, 26], B [55, 54, 53, 52, 44, 45, 46, 47, 39, 31, 30, 22, 21, 29, 37, 36, 35], f=48, g=31
[00:00:01:29:850] Path of length 47 found: [0, 8, 16, 24, 32, 33, 34, 42, 50, 51, 43, 35, 36, 44, 52, 53, 54, 46, 45, 37, 29, 28, 27, 26, 18, 10, 9, 1, 2, 3, 11, 19, 20, 21, 13, 12, 4, 5, 6, 7, 15, 14, 22, 30, 31, 39, 47, 55]
[00:00:01:30:236] ! Bidirectional. expansions: 62,319, time: 89,850 [ms], path length: 47 [edges], g_F: 26, g_B: 21, generated: {'F': 41,206, 'B': 68,929}, MM: 5, MMPER: 9.416666666666666%
[00:00:01:30:236] 
---------- SM_Grids/7x8_grid_with_random_blocks_12per_9 ----------
[00:00:00:00:855] Path of length 47 found: [0, 8, 16, 17, 25, 24, 32, 33, 34, 42, 41, 40, 48, 49, 50, 51, 43, 44, 36, 35, 27, 26, 18, 10, 2, 3, 11, 19, 20, 28, 29, 21, 13, 5, 6, 7, 15, 14, 22, 23, 31, 30, 38, 39, 47, 46, 54, 55]
[00:00:00:00:855] ! Unidirectional s-t. expansions: 566, time: 855 [ms], path length: 47 [edges], generated: 982
[00:00:00:00:628] Path of length 47 found: [55, 54, 46, 47, 39, 38, 30, 31, 23, 22, 14, 15, 7, 6, 5, 13, 21, 29, 28, 36, 44, 43, 51, 50, 49, 48, 40, 32, 33, 41, 42, 34, 35, 27, 19, 20, 12, 11, 3, 2, 10, 18, 26, 25, 17, 16, 8, 0]
[00:00:00:00:628] ! Unidirectional t-s. expansions: 709, time: 628 [ms], path length: 47 [edges], generated: 1,204
[00:00:00:02:595] Path of length 47 found: [0, 8, 16, 24, 32, 40, 48, 49, 41, 33, 25, 17, 18, 10, 2, 3, 11, 19, 27, 26, 34, 42, 50, 51, 43, 35, 36, 28, 29, 21, 20, 12, 13, 5, 6, 7, 15, 14, 22, 23, 31, 30, 38, 39, 47, 46, 54, 55]
[00:00:00:02:970] ! Bidirectional. expansions: 1,738, time: 2,595 [ms], path length: 47 [edges], g_F: 26, g_B: 21, generated: {'F': 948, 'B': 2,054}, MM: 5, MMPER: 9.416666666666666%
[00:00:00:02:970] average expansions: (14,322, 13,791, 38,368, 0)
[00:00:00:02:970] average time: (15,396, 14,265, 58,426, 0)
[00:00:00:02:970] XA*: 13,791 , 14,265 (expansions , time[ms])
[00:00:00:02:970] BiXA*: 38,368 , 58,426 (expansions , time[ms])

