--------------------------
date: SM_Grids
number_of_graphs: 10
graph_type: grid
size_of_graphs: [7, 8]
heuristic: bcc_heuristic
snake: False
run_uni: True
run_bi: True
run_multi: False
solution_vertices: []
algorithms: ['A']
lookahead: 1
bsd: False
cube_first_dims: 4
cube_buffer_dim: None
backward_sym_generation: False
sym_coil: False
prefix_set: None

---------- SM_Grids/7x8_grid_with_random_blocks_8per_0 ----------
[00:00:00:09:669] Expansion 10,000: state None, f=49, g=10
[00:00:00:21:009] Expansion 20,000: state None, f=49, g=18
[00:00:00:31:878] Expansion 30,000: state None, f=49, g=30
[00:00:00:42:731] Expansion 40,000: state None, f=49, g=26
[00:00:00:53:835] Expansion 50,000: state None, f=49, g=27
[00:00:01:05:831] Expansion 60,000: state None, f=49, g=27
[00:00:01:16:233] Expansion 70,000: state None, f=48, g=35
[00:00:01:23:128] Expansion 80,000: state None, f=48, g=41
[00:00:01:31:213] Expansion 90,000: state None, f=48, g=32
[00:00:01:38:491] Expansion 100,000: state None, f=48, g=33
[00:00:01:47:308] Expansion 110,000: state None, f=48, g=29
[00:00:01:54:942] Expansion 120,000: state None, f=48, g=28
[00:00:02:02:667] Expansion 130,000: state None, f=48, g=41
[00:00:02:10:398] Expansion 140,000: state None, f=48, g=33
[00:00:02:19:531] Expansion 150,000: state None, f=48, g=32
[00:00:02:27:132] Expansion 160,000: state None, f=48, g=41
[00:00:02:34:684] Expansion 170,000: state None, f=48, g=38
[00:00:02:42:736] Expansion 180,000: state None, f=48, g=43
[00:00:02:52:538] Expansion 190,000: state None, f=48, g=32
[00:00:03:00:665] Expansion 200,000: state None, f=48, g=33
[00:00:03:08:563] Expansion 210,000: state None, f=48, g=27
[00:00:03:16:043] Expansion 220,000: state None, f=48, g=32
[00:00:03:27:217] Expansion 230,000: state None, f=48, g=21
[00:00:03:35:611] Expansion 240,000: state None, f=48, g=30
[00:00:03:44:010] Expansion 250,000: state None, f=48, g=33
[00:00:03:52:658] Expansion 260,000: state None, f=48, g=33
[00:00:04:01:072] Expansion 270,000: state None, f=48, g=41
[00:00:04:08:942] Expansion 280,000: state None, f=48, g=27
[00:00:04:20:473] Expansion 290,000: state None, f=48, g=36
[00:00:04:27:809] Expansion 300,000: state None, f=48, g=38
[00:00:04:36:177] Expansion 310,000: state None, f=48, g=15
[00:00:04:44:633] Expansion 320,000: state None, f=48, g=30
[00:00:04:52:815] Expansion 330,000: state None, f=48, g=33
[00:00:05:00:645] Expansion 340,000: state None, f=48, g=34
[00:00:05:08:568] Expansion 350,000: state None, f=48, g=37
[00:00:05:16:458] Expansion 360,000: state None, f=48, g=40
[00:00:05:35:089] Path of length 47 found: [0, 8, 16, 24, 32, 33, 34, 42, 50, 51, 52, 53, 45, 44, 36, 35, 27, 19, 20, 21, 22, 14, 13, 12, 11, 10, 18, 26, 25, 17, 9, 1, 2, 3, 4, 5, 6, 7, 15, 23, 31, 30, 29, 37, 38, 46, 47, 55]
[00:00:05:35:091] ! Unidirectional s-t. expansions: 369,965, time: 335,089 [ms], path length: 47 [edges], generated: 602,881
[00:00:00:14:815] Expansion 10,000: state None, f=49, g=33
[00:00:00:26:307] Expansion 20,000: state None, f=48, g=30
[00:00:00:35:538] Expansion 30,000: state None, f=48, g=21
[00:00:00:44:942] Expansion 40,000: state None, f=48, g=27
[00:00:00:54:427] Expansion 50,000: state None, f=48, g=27
[00:00:01:03:520] Expansion 60,000: state None, f=48, g=33
[00:00:01:36:480] Expansion 70,000: state None, f=48, g=27
[00:00:01:46:193] Expansion 80,000: state None, f=48, g=22
[00:00:01:58:088] Expansion 90,000: state None, f=48, g=25
[00:00:02:08:363] Expansion 100,000: state None, f=48, g=26
[00:00:02:17:627] Expansion 110,000: state None, f=48, g=30
[00:00:02:30:486] Expansion 120,000: state None, f=48, g=25
[00:00:02:41:460] Expansion 130,000: state None, f=48, g=19
[00:00:02:50:559] Expansion 140,000: state None, f=48, g=28
[00:00:03:01:932] Expansion 150,000: state None, f=48, g=34
[00:00:03:10:137] Expansion 160,000: state None, f=48, g=18
[00:00:03:18:246] Expansion 170,000: state None, f=48, g=33
[00:00:03:32:957] Expansion 180,000: state None, f=48, g=43
[00:00:03:42:256] Expansion 190,000: state None, f=48, g=32
[00:00:03:52:090] Expansion 200,000: state None, f=48, g=32
[00:00:04:01:243] Expansion 210,000: state None, f=48, g=33
[00:00:04:10:194] Expansion 220,000: state None, f=48, g=17
[00:00:04:23:811] Expansion 230,000: state None, f=48, g=45
[00:00:04:34:940] Path of length 47 found: [55, 47, 46, 38, 39, 31, 30, 29, 37, 36, 44, 45, 53, 52, 51, 50, 42, 34, 35, 27, 28, 20, 21, 22, 23, 15, 7, 6, 14, 13, 5, 4, 12, 11, 3, 2, 10, 18, 26, 25, 33, 32, 24, 16, 17, 9, 1, 0]
[00:00:04:34:942] ! Unidirectional t-s. expansions: 239,539, time: 274,940 [ms], path length: 47 [edges], generated: 425,861
[00:00:00:15:134] Expansion 10,000: F [0, 8, 16, 24, 32, 33, 25, 17, 9, 1, 2, 10, 18, 19, 11, 3, 4, 5, 6, 7, 15, 14, 13, 12], B [55, 47, 39, 31, 23, 22, 21, 29, 30, 38, 46, 45], f=49, g=34
[00:00:00:30:008] Expansion 20,000: F [0, 8, 16, 24, 32], B [55, 47, 46, 38, 39, 31, 30, 29, 21, 22, 23, 15, 7, 6, 14, 13, 5, 4, 12, 11, 3, 2, 1], f=49, g=26
[00:00:00:46:289] Expansion 30,000: F [0, 8, 16, 17, 9, 1, 2], B [55, 47, 39, 31, 30, 29, 28, 20, 21, 22, 23], f=49, g=16
[00:00:01:04:434] Expansion 40,000: F [0, 8, 16, 17, 25], B [55, 47, 39, 31, 30, 22, 23, 15, 7, 6, 14, 13, 5, 4, 3, 2, 1, 9, 10, 18, 26], f=49, g=24
[00:00:01:22:230] Expansion 50,000: F [0, 8, 9, 1, 2, 3, 11, 10, 18, 19, 27, 26, 25, 17, 16, 24, 32, 33, 34], B [55, 47, 39, 31, 23, 15, 7, 6, 5, 4, 12, 20, 21, 13, 14, 22, 30, 29, 28, 36], f=49, g=37
[00:00:01:40:013] Expansion 60,000: F [0, 8, 9, 1, 2, 10, 18, 17, 16, 24, 32], B [55, 47, 46, 38, 39, 31, 23, 15, 7, 6, 5, 4, 3, 11, 19, 27, 28, 20], f=49, g=27
[00:00:01:56:908] Expansion 70,000: F [0, 1, 9, 8, 16, 24, 32, 33, 25, 17, 18, 10, 2, 3, 4, 12, 11, 19, 20, 28, 27, 26, 34], B [55, 47, 39, 31, 23, 15, 7, 6, 5, 13, 14, 22, 21, 29, 30, 38, 46, 45], f=49, g=39
[00:00:02:13:252] Expansion 80,000: F [0, 1, 9, 8, 16, 17, 18, 10, 2, 3, 11, 19, 20, 21, 13, 12, 4, 5, 6, 7, 15, 14, 22, 23, 31, 30, 29, 28, 27, 26, 25, 24], B [55, 47, 39, 38, 46, 45], f=49, g=36
[00:00:02:28:995] Expansion 90,000: F [0, 1, 2, 10, 9, 8, 16, 24, 32, 33, 25, 17, 18, 26, 27, 19, 11, 3, 4, 5, 13, 12], B [55, 47, 39, 31, 23, 15, 7, 6, 14, 22, 21, 29, 30, 38, 46, 45], f=49, g=36
[00:00:02:44:682] Expansion 100,000: F [0, 1, 2, 10, 18, 17, 9, 8, 16, 24, 32], B [55, 47, 39, 31, 23, 22, 14, 15, 7, 6, 5, 4, 3, 11, 12, 13, 21, 20, 19, 27, 28, 29, 30], f=49, g=32
[00:00:02:44:682] Expansions: 100,000. Checks - state_vs_state: 3,912, prefix: 429,068
[00:00:02:44:683] Expansions: 100,000. Checks - state_vs_state: 3,912, prefix: 429,069
[00:00:02:44:683] Expansions: 100,000. Checks - state_vs_state: 3,912, prefix: 429,070
[00:00:03:02:160] Expansion 110,000: F [0, 1, 2, 3, 11, 10, 9, 8, 16, 17, 25, 24, 32], B [55, 47, 39, 31, 23, 15, 7, 6, 5, 4, 12, 20, 21, 13], f=49, g=25
[00:00:03:19:053] Expansion 120,000: F [0, 1, 2, 3, 11, 19, 20, 21, 13, 12, 4, 5, 6, 7, 15, 14, 22, 23, 31, 30, 29, 28, 27, 26, 18, 10, 9], B [55, 47, 39, 38, 46, 45], f=49, g=31
[00:00:03:36:378] Expansion 130,000: F [0, 1, 2, 3, 4, 5, 13, 12, 11, 10, 18, 17, 9, 8, 16, 24, 32], B [55, 47, 39, 31, 23, 15, 7, 6, 14, 22, 21, 29, 30, 38], f=49, g=29
[00:00:04:22:506] Expansion 140,000: F [0, 1, 2, 3, 4, 5, 6, 7, 15, 14, 13, 12, 11, 10, 18, 19, 20, 28], B [55, 47, 46, 45, 53], f=49, g=21
[00:00:04:31:947] Expansion 150,000: F [0, 8, 16, 24, 32, 33, 34, 42, 50, 51, 52, 53, 45, 44, 36], B [55, 47, 46, 38, 39, 31, 30, 29, 28, 20, 21, 22, 23, 15, 7, 6, 14, 13, 5, 4, 12, 11, 3, 2, 1, 9, 10, 18], f=48, g=41
[00:00:04:38:958] Expansion 160,000: F [0, 1, 2, 10, 11, 3, 4, 5, 13, 12, 20, 21, 29, 28, 27, 19, 18, 17, 9, 8, 16, 24, 32, 33, 25, 26, 34], B [55, 47, 39, 31, 23, 15, 7, 6, 14, 22, 30, 38, 46, 45, 37], f=48, g=40
[00:00:04:46:469] Expansion 170,000: F [0, 8, 16, 24, 32, 33, 25, 17, 18, 10, 9, 1, 2, 3, 11, 12, 4, 5, 6, 7, 15, 14, 13, 21, 29, 30, 22, 23, 31, 39, 38, 37, 36, 28, 20], B [55, 47, 46, 45, 53, 52], f=48, g=39
[00:00:04:54:150] Expansion 180,000: F [0, 1, 2, 3, 11, 19, 27, 26, 25, 17, 18, 10, 9, 8, 16, 24, 32, 33, 34], B [55, 47, 39, 31, 30, 29, 21, 13, 14, 22, 23, 15, 7, 6, 5, 4, 12, 20, 28, 36, 37, 38, 46], f=48, g=40
[00:00:05:02:424] Expansion 190,000: F [0, 8, 16, 17, 9, 1, 2, 10, 11, 3, 4, 12, 20, 19, 18, 26, 25, 24, 32, 33, 34, 42, 50, 51, 52, 53, 45], B [55, 47, 39, 31, 30, 22, 23, 15, 7, 6, 14, 13, 21, 29, 28, 27, 35, 36], f=48, g=43
[00:00:05:10:982] Expansion 200,000: F [0, 1, 9, 8, 16, 24, 32, 33, 25, 17, 18, 19, 11, 10, 2, 3, 4, 5, 13, 12, 20, 21, 22, 14, 6, 7, 15, 23, 31, 39, 38, 37, 29, 28], B [55, 47, 46, 45, 53, 52], f=48, g=38
[00:00:05:10:982] Expansions: 200,000. Checks - state_vs_state: 6,090, prefix: 844,423
[00:00:05:10:984] Expansions: 200,000. Checks - state_vs_state: 6,090, prefix: 844,424
[00:00:05:10:984] Expansions: 200,000. Checks - state_vs_state: 6,090, prefix: 844,425
[00:00:05:10:984] Expansions: 200,000. Checks - state_vs_state: 6,090, prefix: 844,426
[00:00:05:19:553] Expansion 210,000: F [0, 8, 16, 24, 32, 33, 25, 17, 9, 1, 2, 10, 11, 19, 18, 26, 27, 35, 34, 42, 50, 51, 52], B [55, 47, 39, 31, 23, 15, 7, 6, 5, 4, 12, 13, 14, 22, 21, 20, 28, 36, 37, 29, 30, 38, 46, 45], f=48, g=45
[00:00:05:28:959] Expansion 220,000: F [0, 8, 16, 17, 18, 10, 9, 1, 2, 3, 4, 5, 6, 7, 15, 23, 22, 14, 13, 21, 20, 12, 11, 19, 27, 26, 25, 24, 32, 33, 34], B [55, 47, 46, 38, 39, 31, 30, 29, 37, 36], f=48, g=39
[00:00:05:38:392] Expansion 230,000: F [0, 1, 2, 10, 18, 17, 9, 8, 16, 24, 32, 33, 25, 26, 34], B [55, 47, 39, 31, 23, 15, 7, 6, 14, 22, 21, 20, 12, 13, 5, 4, 3, 11, 19, 27, 28, 29, 30, 38, 37, 36], f=48, g=39
[00:00:05:48:389] Expansion 240,000: F [0, 8, 16, 24, 32, 33, 25, 26, 18, 17, 9, 1, 2, 10, 11, 3, 4, 5, 6, 7, 15, 14, 22, 21, 13, 12, 20, 19, 27], B [55, 47, 39, 31, 30, 29, 37, 38, 46, 45, 53, 52], f=48, g=39
[00:00:05:58:844] Expansion 250,000: F [0, 8, 9, 1, 2, 3, 11, 10, 18, 17, 16, 24, 32, 33, 25], B [55, 47, 39, 31, 23, 22, 30, 29, 21, 13, 14, 15, 7, 6, 5, 4, 12, 20, 19, 27, 35, 36, 37, 38, 46, 45], f=48, g=39
[00:00:06:09:010] Expansion 260,000: F [0, 1, 2, 10, 18, 17, 9, 8, 16, 24, 32, 33, 25, 26, 27, 28, 20, 12, 11, 3, 4, 5, 13, 21], B [55, 47, 39, 31, 23, 15, 7, 6, 14, 22, 30, 38, 46, 45, 53, 52], f=48, g=38
[00:00:06:19:955] Expansion 270,000: F [0, 8, 16, 24, 32], B [55, 47, 39, 31, 23, 15, 7, 6, 5, 4, 3, 2, 1, 9, 17, 18, 10, 11, 19, 27, 35, 36, 28, 20, 12, 13, 21], f=48, g=30
[00:00:06:34:181] Expansion 280,000: F [0, 8, 16, 17, 9, 1, 2, 10, 18, 19, 11, 3, 4, 5, 6, 7, 15, 14, 13, 12, 20, 21, 22, 23, 31, 39, 38, 37, 29, 28, 27, 26, 25, 24, 32], B [55, 47, 46, 45, 53, 52], f=48, g=39
[00:00:06:45:978] Expansion 290,000: F [0, 1, 9, 8, 16, 24, 32, 33, 25, 17, 18, 19, 11, 10, 2, 3, 4, 5, 6, 14, 15], B [55, 47, 46, 38, 39, 31, 30, 29, 37, 45, 53, 52], f=48, g=31
[00:00:06:57:315] Expansion 300,000: F [0, 1, 2, 3, 4, 5, 13, 12, 11, 10, 18, 17, 9, 8, 16, 24, 32], B [55, 47, 46, 38, 39, 31, 23, 15, 7, 6, 14, 22, 30, 29, 37, 36], f=48, g=31
[00:00:06:57:316] Expansions: 300,000. Checks - state_vs_state: 8,056, prefix: 1,251,834
[00:00:06:57:316] Expansions: 300,000. Checks - state_vs_state: 8,056, prefix: 1,251,835
[00:00:06:57:316] Expansions: 300,000. Checks - state_vs_state: 8,056, prefix: 1,251,836
[00:00:06:57:317] Expansions: 300,000. Checks - state_vs_state: 8,056, prefix: 1,251,837
[00:00:06:57:317] Expansions: 300,000. Checks - state_vs_state: 8,056, prefix: 1,251,838
[00:00:07:09:777] Expansion 310,000: F [0, 8, 16, 24, 32, 33, 25, 26, 34, 42, 50, 51, 52], B [55, 47, 39, 31, 23, 22, 14, 15, 7, 6, 5, 13, 12, 4, 3, 11, 10, 2, 1, 9, 17, 18, 19, 20, 28, 27, 35, 36, 37, 29, 30, 38, 46], f=48, g=44
[00:00:07:21:257] Expansion 320,000: F [0, 8, 16, 17, 9, 1, 2, 3, 11, 10, 18, 19, 20, 28, 29, 30, 22, 21, 13, 12, 4, 5, 6, 7, 15, 23, 31], B [55, 47, 46, 45, 53, 52], f=48, g=31
[00:00:07:33:256] Expansion 330,000: F [0, 1, 9, 8, 16, 17, 25, 24, 32], B [55, 47, 39, 31, 23, 22, 21, 13, 14, 15, 7, 6, 5, 4, 12, 20, 28, 29, 30, 38, 37], f=48, g=28
[00:00:07:44:934] Expansion 340,000: F [0, 1, 2, 3, 11, 19, 27, 26, 18, 10, 9, 17], B [55, 47, 39, 31, 23, 22, 14, 15, 7, 6, 5, 4, 12, 13, 21, 20, 28, 36], f=48, g=28
[00:00:07:57:323] Expansion 350,000: F [0, 8, 16, 17, 18, 19, 20, 12, 11, 10, 9, 1, 2, 3, 4, 5, 13, 14, 6, 7, 15, 23, 31, 30, 22, 21, 29, 28, 27, 26, 25, 24, 32, 33], B [55, 47, 39, 38, 37, 36], f=48, g=38
[00:00:08:09:814] Expansion 360,000: F [0, 8, 16, 24, 32, 33, 25, 17, 9, 1, 2, 10, 18, 19, 11, 12, 4, 5, 13, 14, 6], B [55, 47, 39, 31, 30, 29, 37, 38, 46, 45, 53, 52], f=48, g=31
[00:00:08:21:524] Expansion 370,000: F [0, 8, 16, 17, 18, 10, 9, 1, 2, 3, 4, 5, 6, 7, 15, 14, 22, 21, 13, 12, 11, 19, 20, 28, 27, 26, 25], B [55, 47, 46, 38, 39, 31, 30, 29, 37, 45, 53, 52], f=48, g=37
[00:00:08:33:576] Expansion 380,000: F [0, 1, 9, 8, 16, 17, 25, 24, 32], B [55, 47, 39, 31, 30, 29, 28, 20, 21, 13, 14, 22, 23, 15, 7, 6, 5, 4, 3, 2], f=48, g=27
[00:00:08:45:262] Expansion 390,000: F [0, 1, 2, 3, 11, 19, 27], B [55, 47, 39, 31, 23, 15, 7, 6, 5, 4, 12, 13, 14, 22, 21, 20, 28, 29, 30, 38, 37, 36, 44, 45, 53, 52, 51, 50], f=48, g=33
[00:00:08:57:708] Expansion 400,000: F [0, 1, 2, 3, 4, 5, 6, 7, 15, 23, 22, 14, 13, 12, 11, 19, 18, 10, 9, 8, 16, 17, 25, 24], B [55, 47, 46, 45, 44], f=48, g=27
[00:00:08:57:709] Expansions: 400,000. Checks - state_vs_state: 11,258, prefix: 1,662,547
[00:00:08:57:709] Expansions: 400,000. Checks - state_vs_state: 11,258, prefix: 1,662,548
[00:00:08:57:710] Expansions: 400,000. Checks - state_vs_state: 11,258, prefix: 1,662,549
[00:00:09:11:557] Expansion 410,000: F [0, 1, 2, 3, 4, 5, 6, 7, 15, 14, 13, 12, 11, 10, 9, 8, 16, 17, 18, 19, 20, 28], B [55, 47, 46, 45, 44], f=48, g=25
[00:00:09:26:111] Expansion 420,000: F [0, 8, 16, 24, 32, 33, 25, 17, 9, 1, 2, 10, 18, 19, 11, 3, 4, 5, 13, 14, 6, 7, 15, 23, 31], B [55, 47, 46, 45, 53, 52], f=48, g=29
[00:00:09:39:785] Expansion 430,000: F [0, 8, 9, 1, 2, 10, 18, 17, 16, 24, 32, 33, 25, 26, 34, 42, 50, 51, 52], B [55, 47, 46, 38, 39, 31, 23, 15, 7, 6, 5, 13, 14, 22, 21, 29, 28, 20, 12, 4, 3, 11, 19, 27, 35, 36, 37, 45], f=48, g=45
[00:00:09:52:859] Expansion 440,000: F [0, 1, 2, 10, 9, 8, 16, 17, 18, 19, 11, 3, 4, 12, 20, 28, 29, 30, 22, 14, 13], B [55, 47, 46, 45, 53, 52], f=48, g=25
[00:00:10:05:574] Expansion 450,000: F [0, 1, 2, 3, 4, 5, 6, 7, 15, 23, 22, 14, 13, 21, 29, 37, 36, 35, 27, 28, 20, 12, 11, 19, 18, 10], B [55, 47, 39, 31, 30, 38, 46, 45, 44, 52], f=48, g=34
[00:00:10:18:963] Expansion 460,000: F [0, 1, 2, 10, 18, 26], B [55, 47, 39, 31, 23, 15, 7, 6, 5, 4, 3, 11, 12, 13, 14, 22, 21, 20, 28, 36, 37, 29, 30], f=48, g=27
[00:00:10:31:422] Expansion 470,000: F [0, 8, 16, 24, 32, 33, 25, 26, 18, 17, 9, 1, 2, 3, 11, 12, 4, 5, 6, 7, 15, 23, 22, 14, 13, 21, 20, 19, 27], B [55, 47, 39, 31, 30, 38, 46, 45, 53, 52], f=48, g=37
[00:00:10:44:022] Expansion 480,000: F [0, 8, 16, 17, 18, 19, 20, 28, 29, 21, 13, 12, 11, 10, 9, 1, 2, 3, 4, 5, 6, 14, 15, 23, 22, 30, 31, 39], B [55, 47, 46, 45, 53, 52], f=48, g=32
[00:00:10:56:780] Expansion 490,000: F [0, 1, 9, 8, 16, 17, 18, 19, 11, 10, 2, 3, 4, 5, 13, 12, 20, 21, 29, 28], B [55, 47, 39, 31, 23, 15, 7, 6, 14, 22, 30, 38, 46, 45, 37, 36], f=48, g=34
[00:00:11:09:433] Expansion 500,000: F [0, 1, 2, 3, 11, 10, 9, 8, 16, 24, 32, 33, 25, 17, 18, 19, 27], B [55, 47, 39, 31, 23, 15, 7, 6, 14, 22, 30, 38, 37, 29, 21, 13, 5, 4, 12, 20, 28, 36, 44, 45, 53, 52, 51, 50, 42, 34], f=48, g=45
[00:00:11:09:433] Expansions: 500,000. Checks - state_vs_state: 14,544, prefix: 2,074,675
[00:00:11:09:434] Expansions: 500,000. Checks - state_vs_state: 14,544, prefix: 2,074,676
[00:00:11:09:434] Expansions: 500,000. Checks - state_vs_state: 14,544, prefix: 2,074,677
[00:00:11:09:434] Expansions: 500,000. Checks - state_vs_state: 14,544, prefix: 2,074,678
[00:00:11:09:434] Expansions: 500,000. Checks - state_vs_state: 14,544, prefix: 2,074,679
[00:00:11:09:434] Expansions: 500,000. Checks - state_vs_state: 14,544, prefix: 2,074,680
[00:00:11:21:910] Expansion 510,000: F [0, 1, 2, 3, 4, 5, 6, 7, 15, 23, 22, 14, 13, 21, 20, 12, 11, 10, 18, 17, 9, 8, 16, 24, 32, 33, 25, 26, 27, 35, 34, 42, 50, 51], B [55, 47, 46, 38, 39, 31, 30, 29, 28, 36, 37, 45], f=48, g=44
[00:00:11:35:861] Expansion 520,000: F [0, 1, 2, 10, 18, 17, 9, 8, 16, 24, 32, 33, 25, 26, 34, 42, 50, 51, 52, 53], B [55, 47, 46, 38, 39, 31, 23, 15, 7, 6, 5, 4, 3, 11, 12, 13, 21, 22], f=48, g=36
[00:00:11:48:667] Expansion 530,000: F [0, 8, 16, 24, 32, 33, 25, 17, 9, 1, 2, 3, 11, 12, 4, 5, 13, 21, 22, 14, 6, 7, 15, 23, 31], B [55, 47, 39, 38, 46, 45, 53, 52], f=48, g=31
[00:00:12:01:503] Expansion 540,000: F [0, 8, 16, 17, 25], B [55, 47, 46, 38, 39, 31, 23, 15, 7, 6, 5, 4, 12, 13, 14, 22, 21, 20, 19], f=48, g=22
[00:00:12:14:878] Expansion 550,000: F [0, 8, 9, 1, 2, 3, 4, 5, 6, 7, 15, 23, 22, 14, 13, 12, 11, 19, 18, 26, 25], B [55, 47, 46, 45, 53, 52], f=48, g=25
[00:00:12:27:716] Expansion 560,000: F [0, 1, 2, 10, 9, 8, 16, 24, 32, 33, 25, 17, 18, 26, 34, 42, 50, 51, 52, 53, 45], B [55, 47, 46, 38, 39, 31, 30, 29, 28, 20, 12, 13, 14, 22, 23, 15, 7, 6], f=48, g=37
[00:00:12:40:985] Expansion 570,000: F [0, 1, 2, 3, 4, 5, 13, 21, 20, 12, 11, 10, 9, 8, 16, 24, 32, 33, 25, 17, 18, 19, 27], B [55, 47, 46, 45, 44, 52, 51, 50, 42], f=48, g=30
[00:00:12:54:769] Expansion 580,000: F [0, 8, 9, 1, 2, 10, 18, 19, 11, 3, 4, 5, 13, 12, 20, 28, 29, 21, 22, 14, 6, 7], B [55, 47, 46, 45, 44, 52], f=48, g=26
[00:00:13:08:648] Expansion 590,000: F [0, 1, 2, 3, 4, 5, 6, 7, 15, 14, 13, 12, 20, 19, 11, 10, 18, 26, 25, 17, 9, 8, 16], B [55, 47, 39, 31, 23, 22, 30, 29], f=48, g=29
[00:00:13:23:595] Expansion 600,000: F [0, 8, 16, 24, 32, 33], B [55, 47, 46, 38, 39, 31, 23, 15, 7, 6, 5, 13, 14, 22, 21, 29, 28, 20, 12, 4, 3, 11, 19, 18, 10, 2, 1, 9, 17, 25], f=48, g=34
[00:00:13:23:595] Expansions: 600,000. Checks - state_vs_state: 17,481, prefix: 2,486,874
[00:00:13:23:595] Expansions: 600,000. Checks - state_vs_state: 17,481, prefix: 2,486,875
[00:00:13:23:596] Expansions: 600,000. Checks - state_vs_state: 17,481, prefix: 2,486,876
[00:00:13:23:596] Expansions: 600,000. Checks - state_vs_state: 17,482, prefix: 2,486,876
[00:00:13:23:596] Expansions: 600,000. Checks - state_vs_state: 17,482, prefix: 2,486,877
[00:00:13:37:648] Expansion 610,000: F [0, 8, 16, 17, 25], B [55, 47, 39, 31, 23, 15, 7, 6, 14, 22, 21, 20, 28, 29, 37], f=48, g=18
[00:00:13:52:256] Expansion 620,000: F [0, 8, 9, 1, 2, 3, 4, 12, 11, 10, 18, 19, 20, 21, 22, 14, 13, 5, 6, 7, 15, 23, 31, 39], B [55, 47, 46, 45, 44, 52], f=48, g=28
[00:00:14:06:096] Expansion 630,000: F [0, 1, 2, 10, 9, 8, 16, 24, 32, 33, 25, 26, 18, 19, 20, 12, 11, 3, 4, 5, 6, 7, 15, 23, 31], B [55, 47, 39, 38, 46, 45, 53, 52], f=48, g=31
[00:00:14:20:265] Expansion 640,000: F [0, 1, 2, 3, 4, 12, 20, 19, 11, 10, 9, 8, 16, 24, 32, 33, 25, 17, 18, 26, 34, 42], B [55, 47, 46, 45, 37, 38, 39, 31, 23, 22], f=48, g=30
[00:00:14:33:649] Expansion 650,000: F [0, 8, 16, 17, 18, 10, 9, 1, 2], B [55, 47, 39, 31, 30, 22, 23, 15, 7, 6, 14, 13, 21, 20], f=48, g=21
[00:00:14:47:641] Expansion 660,000: F [0, 1, 2, 10, 18, 26, 25, 17, 9, 8, 16, 24, 32], B [55, 47, 46, 38, 39, 31, 30, 22, 23, 15, 7, 6, 5, 4, 3, 11, 19, 27, 35, 36, 28], f=48, g=32
[00:00:15:00:764] Expansion 670,000: F [0, 8, 16, 24, 32, 33, 25, 17, 9, 1, 2, 10, 18, 26, 27, 35, 34, 42, 50, 51, 52, 53, 45], B [55, 47, 39, 31, 30, 29, 21, 22, 23, 15, 7, 6, 5, 13, 12], f=48, g=36
[00:00:15:12:186] Expansion 680,000: F [0, 8, 16, 24, 32, 33, 25, 26, 27, 19, 18, 10, 9, 1, 2, 3, 11, 12, 4, 5, 6, 7, 15, 14, 13, 21, 20, 28], B [55, 47, 46, 45, 53, 52], f=48, g=32
[00:00:15:26:478] Expansion 690,000: F [0, 8, 9, 1, 2, 10, 18, 26, 25, 17, 16, 24, 32, 33, 34, 42, 50, 51, 52, 53], B [55, 47, 39, 31, 30, 29, 28, 20, 12, 13, 21, 22, 14, 15], f=48, g=32
[00:00:15:39:928] Expansion 700,000: F [0, 1, 9, 8, 16, 17, 25, 24, 32], B [55, 47, 39, 31, 23, 22, 30, 38, 46, 45, 37, 29, 21, 13, 14, 15, 7, 6, 5, 4, 12, 20, 28, 36], f=48, g=31
[00:00:15:39:928] Expansions: 700,000. Checks - state_vs_state: 20,430, prefix: 2,897,488
[00:00:15:39:928] Expansions: 700,000. Checks - state_vs_state: 20,430, prefix: 2,897,489
[00:00:15:39:929] Expansions: 700,000. Checks - state_vs_state: 20,430, prefix: 2,897,490
[00:00:15:39:929] Expansions: 700,000. Checks - state_vs_state: 20,430, prefix: 2,897,491
[00:00:15:52:368] Expansion 710,000: F [0, 1, 2, 10, 9, 8, 16, 24, 32, 33, 25, 26, 18, 19, 20, 12, 11, 3, 4, 5, 13, 21, 29, 30, 22, 14, 6, 7, 15, 23, 31, 39], B [55, 47, 46, 45, 53, 52], f=48, g=36
[00:00:16:06:087] Expansion 720,000: F [0, 1, 2, 3, 4, 12, 11, 10, 9, 8, 16, 24, 32, 33, 25, 17, 18, 19], B [55, 47, 46, 45, 37, 38, 39, 31, 23, 15, 7, 6, 5, 13, 14, 22, 30, 29, 21, 20, 28, 36, 44, 52], f=48, g=40
[00:00:16:19:654] Expansion 730,000: F [0, 8, 16, 17, 9, 1, 2, 3, 4, 5, 13, 14, 6, 7, 15, 23, 31, 39, 38, 37, 36, 35, 27, 28, 29, 30, 22, 21, 20, 12, 11], B [55, 47, 46, 45, 44, 52, 51, 50, 42, 34, 33, 32, 24, 25, 26, 18], f=48, g=45
[00:00:16:34:032] Expansion 740,000: F [0, 1, 2, 10, 18, 17, 9, 8, 16, 24, 32, 33, 25, 26, 27, 28, 36, 35, 34, 42, 50, 51, 52], B [55, 47, 39, 31, 30, 22, 23, 15, 7, 6, 5, 4, 3, 11, 19, 20, 12, 13, 21, 29], f=48, g=41
[00:00:16:47:493] Expansion 750,000: F [0, 8, 16, 24, 32, 33, 25, 26, 27, 35, 34, 42, 50, 51, 52, 53, 45], B [55, 47, 39, 31, 23, 15, 7, 6, 14, 13, 12, 4, 3, 11, 10, 2, 1, 9, 17, 18, 19, 20, 21, 22, 30, 29, 28], f=48, g=42
[00:00:16:59:234] Expansion 760,000: F [0, 8, 16, 24, 32, 33, 25, 17, 9, 10, 2, 3, 11, 19, 18, 26, 27, 28, 20, 21, 29], B [55, 47, 46, 45, 53, 52], f=48, g=25
[00:00:17:13:476] Expansion 770,000: F [0, 8, 9, 1, 2, 10, 18, 19, 20], B [55, 47, 39, 31, 30, 22, 14, 15, 7], f=48, g=16
[00:00:17:27:017] Expansion 780,000: F [0, 1, 9, 8, 16, 24, 32, 33, 25, 17, 18, 26, 34, 42], B [55, 47, 39, 31, 23, 22, 21, 29, 28, 20, 12, 13, 14, 15, 7, 6, 5, 4, 3, 2, 10, 11, 19, 27, 35, 36, 37, 38], f=48, g=40
[00:00:17:39:549] Expansion 790,000: F [0, 1, 2, 10, 9, 8, 16, 24, 32, 33, 25, 17, 18, 26, 34, 42, 50, 51, 52, 53, 45], B [55, 47, 39, 31, 23, 15, 14, 6, 5, 13, 21, 22, 30, 29, 28, 20, 12, 4, 3, 11, 19, 27, 35], f=48, g=42
[00:00:17:52:747] Expansion 800,000: F [0, 1, 2, 3, 11, 10, 9, 8, 16, 24, 32, 33, 25, 17, 18, 26, 34, 42, 50, 51, 52, 53, 45, 44, 36, 35, 27], B [55, 47, 46, 38, 37, 29, 30, 31, 23, 15, 7, 6, 5, 4, 12, 13, 14, 22, 21], f=48, g=44
[00:00:17:52:748] Expansions: 800,000. Checks - state_vs_state: 23,100, prefix: 3,307,611
[00:00:17:52:748] Expansions: 800,000. Checks - state_vs_state: 23,100, prefix: 3,307,612
[00:00:17:52:748] Expansions: 800,000. Checks - state_vs_state: 23,100, prefix: 3,307,613
[00:00:18:06:147] Expansion 810,000: F [0, 1, 2, 3, 4, 5, 6, 7, 15, 14, 22, 23, 31, 30, 29, 21, 13, 12, 20, 19, 11, 10, 9, 8, 16, 17, 18, 26, 25, 24], B [55, 47, 39, 38, 37, 36], f=48, g=34
[00:00:18:23:959] Expansion 820,000: F [0, 8, 16, 17, 18, 19, 20, 28, 29, 30, 22, 21, 13, 12, 11, 10, 9, 1, 2, 3, 4, 5, 6], B [55, 47, 46, 45, 44, 52, 51, 50], f=48, g=29
[00:00:18:39:862] Expansion 830,000: F [0, 1, 2, 10, 18, 17, 9, 8, 16, 24, 32, 33, 25, 26, 34, 42, 50, 51, 52, 53, 45, 44, 36], B [55, 47, 46, 38, 39, 31, 30, 22, 14, 15, 7, 6, 5, 4, 3], f=48, g=36
[00:00:18:55:014] Expansion 840,000: F [0, 8, 16, 24, 32, 33, 25, 17, 18, 10, 9, 1, 2, 3, 4, 5, 6, 7, 15, 14, 13, 21, 29], B [55, 47, 39, 31, 23, 22, 30, 38, 37, 45, 53, 52], f=48, g=33
[00:00:19:07:264] Expansion 850,000: F [0, 8, 16, 24, 32, 33, 25, 17, 9, 1, 2, 3, 4, 12, 20, 19, 11, 10, 18, 26, 34, 42, 50, 51, 52], B [55, 47, 46, 38, 39, 31, 23, 22, 14, 15, 7, 6, 5, 13, 21, 29, 28, 27, 35, 36, 37, 45], f=48, g=45
[00:00:19:21:883] Expansion 860,000: F [0, 8, 16, 17, 18, 19, 27], B [55, 47, 39, 31, 30, 22, 14], f=48, g=12
[00:00:19:36:553] Expansion 870,000: F [0, 1, 9, 8, 16, 24, 32, 33], B [55, 47, 39, 31, 30, 22, 21, 29, 28, 20, 19, 11, 12, 13, 14, 15], f=48, g=22
[00:00:19:49:433] Expansion 880,000: F [0, 1, 2, 10, 9, 8, 16, 24, 32, 33, 25, 17, 18, 19, 20, 12, 11, 3, 4, 5, 13, 21, 22, 14, 6, 7, 15, 23, 31, 30, 29, 28, 27], B [55, 47, 39, 38, 37, 36, 44, 45, 53], f=48, g=40
[00:00:20:02:179] Expansion 890,000: F [0, 1, 2, 10, 11, 3, 4, 12, 13, 14, 6, 7, 15, 23, 31, 39, 38, 30, 22, 21, 20, 19, 18, 17, 9, 8, 16, 24, 32, 33, 25, 26, 27], B [55, 47, 46, 45, 53, 52], f=48, g=37
[00:00:20:16:761] Expansion 900,000: F [0, 8, 16, 17, 18, 26], B [55, 47, 39, 31, 30, 38, 37, 29, 21, 20], f=48, g=14
[00:00:20:16:761] Expansions: 900,000. Checks - state_vs_state: 26,082, prefix: 3,718,619
[00:00:20:16:762] Expansions: 900,000. Checks - state_vs_state: 26,082, prefix: 3,718,620
[00:00:20:16:762] Expansions: 900,000. Checks - state_vs_state: 26,082, prefix: 3,718,621
[00:00:20:16:763] Expansions: 900,000. Checks - state_vs_state: 26,082, prefix: 3,718,622
[00:00:20:16:764] Expansions: 900,000. Checks - state_vs_state: 26,082, prefix: 3,718,623
[00:00:20:16:764] Expansions: 900,000. Checks - state_vs_state: 26,082, prefix: 3,718,624
[00:00:20:31:771] Expansion 910,000: F [0, 1, 2, 10, 11, 19, 18, 26, 25, 17, 9, 8, 16, 24, 32], B [55, 47, 39, 31, 23, 22, 14, 15, 7, 6, 5, 4], f=48, g=25
[00:00:20:45:194] Expansion 920,000: F [0, 8, 16, 24, 32, 33, 34, 42, 50, 51, 52, 53, 45], B [55, 47, 39, 31, 30, 22, 14, 15, 7, 6, 5, 4, 3, 2, 1, 9, 10, 11, 19, 18], f=48, g=31
[00:00:20:57:046] Expansion 930,000: F [0, 8, 16, 24, 32, 33, 25, 26, 18, 17, 9], B [55, 47, 39, 38, 46, 45, 37, 36, 44, 52, 51, 50, 42, 34, 35, 27, 19, 20], f=48, g=27
[00:00:21:10:386] Expansion 940,000: F [0, 8, 9, 1, 2, 10, 18, 19, 20, 12, 11, 3, 4, 5, 6], B [55, 47, 39, 31, 23, 22, 30, 38, 37, 36], f=48, g=23
[00:00:21:25:028] Expansion 950,000: F [0, 1, 9, 17, 16], B [55, 47, 39, 31, 30, 29, 28, 36, 37, 38, 46], f=48, g=14
[00:00:21:37:541] Expansion 960,000: F [0, 1, 9, 8, 16, 24, 32, 33, 25, 17, 18, 26, 27, 28, 36, 35], B [55, 47, 46, 38, 30, 31], f=48, g=20
[00:00:21:49:297] Expansion 970,000: F [0, 1, 9, 8, 16, 24, 32, 33, 25, 17, 18, 19, 20, 12, 11, 10, 2, 3, 4, 5, 6, 7, 15, 14, 13, 21, 22, 23, 31, 39, 38, 30, 29, 37, 36, 28, 27], B [55, 47, 46, 45, 44, 52, 51, 50], f=48, g=43
[00:00:22:03:485] Expansion 980,000: F [0, 1, 2, 3, 4, 5, 6, 14, 15, 23, 22, 21], B [55, 47, 46, 38, 39, 31, 30, 29, 37, 36], f=48, g=20
[00:00:22:18:554] Expansion 990,000: F [0, 8, 16, 17, 18, 26, 25, 24, 32, 33, 34, 42, 50, 51, 52, 53], B [55, 47, 39, 38, 37, 29, 28, 20, 12, 13, 21, 22, 30, 31, 23, 15], f=48, g=30
[00:00:22:32:916] Expansion 1,000,000: F [0, 1, 2, 10, 18, 26, 25, 17, 9, 8, 16, 24, 32], B [55, 47, 46, 45, 37, 29, 21, 13, 14, 22, 30, 38, 39, 31, 23, 15, 7, 6, 5, 4, 3, 11, 12, 20, 19, 27, 28, 36], f=48, g=39
[00:00:22:32:916] Expansions: 1,000,000. Checks - state_vs_state: 29,252, prefix: 4,131,333
[00:00:22:32:916] Expansions: 1,000,000. Checks - state_vs_state: 29,252, prefix: 4,131,334
[00:00:22:32:917] Expansions: 1,000,000. Checks - state_vs_state: 29,252, prefix: 4,131,335
[00:00:22:32:917] Expansions: 1,000,000. Checks - state_vs_state: 29,252, prefix: 4,131,336
[00:00:22:45:121] Expansion 1,010,000: F [0, 8, 16, 24, 32, 33, 34, 42, 50, 51, 52], B [55, 47, 39, 38, 30, 31, 23, 22, 21, 29, 28, 20, 12, 13, 14, 15, 7, 6, 5, 4, 3, 11, 10, 2, 1, 9, 17, 25, 26, 18, 19, 27, 35, 36], f=48, g=43
[00:00:22:56:886] Expansion 1,020,000: F [0, 8, 16, 24, 32, 33, 25, 17, 9, 1, 2, 10, 11, 3, 4, 12, 20, 19, 18, 26, 34, 42, 50, 51, 52, 53, 45, 44, 36], B [55, 47, 46, 38, 30, 31, 23, 22], f=48, g=35
[00:00:23:08:374] Expansion 1,030,000: F [0, 8, 16, 24, 32, 33, 25, 17, 18, 19, 11, 10, 9, 1, 2, 3, 4, 5, 6, 7, 15, 14, 22, 23, 31, 30, 29, 21, 13], B [55, 47, 46, 38, 37, 45, 53, 52], f=48, g=35
[00:00:23:19:864] Expansion 1,040,000: F [0, 8, 16, 24, 32, 33, 34, 42, 50, 51, 52, 44, 36, 35, 27, 19, 11, 10, 18, 26, 25, 17, 9, 1, 2, 3], B [55, 47, 46, 45, 37, 38, 39, 31, 30, 29, 28, 20, 12, 13, 21, 22, 23, 15], f=48, g=42
[00:00:23:31:018] Expansion 1,050,000: F [0, 8, 16, 17, 9, 10, 2, 3, 11, 12, 4, 5, 13, 14, 6, 7, 15, 23, 22, 21, 20, 19, 18, 26, 25, 24], B [55, 47, 46, 38, 39, 31, 30, 29, 28, 27, 35, 36, 37, 45], f=48, g=38
[00:00:23:45:441] Expansion 1,060,000: F [0, 8, 9, 1, 2, 3, 4, 5, 13, 14], B [55, 47, 39, 31, 30, 38, 37, 45], f=48, g=16
[00:00:23:59:936] Expansion 1,070,000: F [0, 8, 9, 17, 16, 24, 32, 33, 25, 26, 18, 10, 2, 3, 4, 5, 6, 7, 15, 23, 31, 30, 22, 14, 13, 12, 11, 19, 27, 28, 20, 21, 29, 37], B [55, 47, 39, 38, 46, 45, 53, 52], f=48, g=40
[00:00:24:16:934] Expansion 1,080,000: F [0, 1, 9, 17, 16, 24, 32, 33, 25, 26, 18, 19, 20, 12, 11, 10, 2, 3, 4, 5, 6, 7, 15, 23, 31, 30], B [55, 47, 39, 38, 46, 45, 53, 52], f=48, g=32
[00:00:24:31:660] Expansion 1,090,000: F [0, 1, 9, 10, 2, 3, 11, 12, 4, 5, 6, 7, 15, 23, 22, 14, 13, 21, 29, 30, 31, 39, 38, 37], B [55, 47, 46, 45, 53, 52], f=48, g=28
[00:00:24:36:338] Path of length 47 found: [0, 8, 16, 24, 32, 33, 25, 26, 34, 42, 50, 51, 52, 44, 45, 37, 38, 30, 29, 21, 22, 14, 13, 12, 20, 28, 36, 35, 27, 19, 11, 10, 18, 17, 9, 1, 2, 3, 4, 5, 6, 7, 15, 23, 31, 39, 47, 55]
[00:00:24:37:386] ! Bidirectional. expansions: 1,091,123, time: 1,476,338 [ms], path length: 47 [edges], g_F: 16, g_B: 31, generated: {'F': 1,267,353, 'B': 726,573}, MM: 15, MMPER: 30.25%
[00:00:24:37:386] 
---------- SM_Grids/7x8_grid_with_random_blocks_8per_1 ----------
[00:00:00:09:397] Expansion 10,000: state None, f=50, g=17
[00:00:00:14:230] Path of length 49 found: [0, 1, 9, 17, 16, 24, 25, 33, 32, 40, 48, 49, 41, 42, 34, 26, 18, 19, 27, 28, 29, 30, 22, 21, 20, 12, 11, 3, 4, 5, 13, 14, 6, 7, 15, 23, 31, 39, 38, 37, 36, 44, 43, 51, 52, 53, 45, 46, 54, 55]
[00:00:00:14:232] ! Unidirectional s-t. expansions: 14,437, time: 14,230 [ms], path length: 49 [edges], generated: 25,616
[00:00:00:24:352] Expansion 10,000: state None, f=51, g=27
[00:00:00:35:959] Expansion 20,000: state None, f=50, g=32
[00:00:00:44:587] Expansion 30,000: state None, f=50, g=22
[00:00:00:53:832] Expansion 40,000: state None, f=50, g=27
[00:00:01:04:245] Expansion 50,000: state None, f=50, g=22
[00:00:01:14:415] Path of length 49 found: [55, 54, 53, 52, 51, 43, 42, 41, 49, 48, 40, 32, 24, 16, 17, 25, 33, 34, 26, 18, 19, 27, 28, 29, 30, 38, 37, 36, 44, 45, 46, 47, 39, 31, 23, 22, 14, 15, 7, 6, 5, 13, 21, 20, 12, 4, 3, 2, 1, 0]
[00:00:01:14:424] ! Unidirectional t-s. expansions: 58,236, time: 74,415 [ms], path length: 49 [edges], generated: 98,200
[00:00:00:16:662] Expansion 10,000: F [0, 1], B [55, 54, 46, 47, 39, 31, 23, 15, 7, 6, 5, 13, 14, 22, 21, 20, 28, 29, 30, 38, 37, 36, 44, 45, 53, 52, 51], f=51, g=27
[00:00:00:31:549] Expansion 20,000: F [0, 1], B [55, 47, 39, 31, 23, 15, 7, 6, 14, 13, 5, 4, 12, 20, 21, 22, 30, 38, 46, 54, 53, 45, 37, 29, 28, 36, 44, 52, 51, 43, 42, 34, 33, 41, 49, 48, 40, 32, 24, 25, 26, 27], f=50, g=42
[00:00:00:40:248] Expansion 30,000: F [0, 1, 2, 3], B [55, 54, 53, 45, 46, 47, 39, 38, 37, 29, 30, 31, 23, 22, 21, 13, 14, 15, 7, 6, 5, 4, 12, 20, 28, 36, 44, 52, 51, 43, 42, 34, 26], f=50, g=35
[00:00:00:50:054] Expansion 40,000: F [0, 1, 9, 17, 16], B [55, 54, 53, 52, 51, 43, 44, 45, 46, 47, 39, 31, 23, 15, 7, 6, 14, 22, 30, 38, 37, 36, 28, 29, 21, 13, 5, 4, 3], f=50, g=32
[00:00:01:01:350] Expansion 50,000: F [0, 1], B [55, 47, 39, 31, 30, 29, 21, 20, 28, 36, 37, 38, 46, 54, 53, 45, 44, 52, 51, 43, 42, 34, 26, 25, 33, 41, 49, 48, 40, 32], f=50, g=30
[00:00:01:20:762] Expansion 60,000: F [0, 1, 2, 3, 11, 12, 4, 5, 13, 21, 29, 30, 22, 14, 6, 7, 15, 23, 31, 39, 47, 46, 38, 37, 36], B [55, 54, 53, 45, 44, 52, 51, 43, 42, 34, 26, 25, 33, 41, 49, 48, 40, 32, 24, 16, 17], f=50, g=44
[00:00:01:34:333] Expansion 70,000: F [0, 1], B [55, 47, 46, 54, 53, 52, 51, 43, 42, 34, 33, 41, 49, 48, 40, 32, 24, 25, 26, 27, 28, 36, 44, 45, 37, 29, 30, 38, 39, 31, 23, 15, 7, 6, 14, 22, 21, 20], f=50, g=38
[00:00:01:49:185] Expansion 80,000: F [0, 1], B [55, 54, 53, 52, 51, 43, 42, 41, 49, 48, 40, 32, 24, 25, 33, 34, 26, 27, 28, 36, 44, 45, 37, 38, 46, 47, 39, 31, 23, 15, 7, 6, 14, 22, 30, 29, 21, 20], f=50, g=38
[00:00:02:04:180] Expansion 90,000: F [0, 1], B [55, 54, 53, 52, 51, 43, 44, 45, 46, 38, 39, 31, 23, 22, 30, 29, 37, 36, 28, 27, 26, 25, 33, 34, 42, 41, 49, 48], f=50, g=28
[00:00:02:15:402] Path of length 49 found: [0, 1, 2, 3, 11, 19, 18, 26, 25, 17, 16, 24, 32, 40, 48, 49, 41, 33, 34, 42, 43, 51, 52, 53, 54, 46, 38, 30, 22, 14, 13, 21, 29, 37, 45, 44, 36, 28, 20, 12, 4, 5, 6, 7, 15, 23, 31, 39, 47, 55]
[00:00:02:17:133] ! Bidirectional. expansions: 96,373, time: 135,402 [ms], path length: 49 [edges], g_F: 7, g_B: 42, generated: {'F': 62,006, 'B': 104,564}, MM: 35, MMPER: 69.0%
[00:00:02:17:133] 
---------- SM_Grids/7x8_grid_with_random_blocks_8per_2 ----------
[00:00:00:13:389] Expansion 10,000: state None, f=48, g=28
[00:00:00:24:321] Expansion 20,000: state None, f=48, g=27
[00:00:00:34:471] Expansion 30,000: state None, f=48, g=31
[00:00:00:45:996] Expansion 40,000: state None, f=48, g=33
[00:00:00:48:387] Path of length 47 found: [0, 1, 2, 3, 11, 10, 18, 26, 34, 33, 25, 17, 9, 8, 16, 24, 32, 40, 41, 49, 50, 42, 43, 51, 52, 44, 45, 53, 54, 46, 38, 37, 29, 28, 36, 35, 27, 19, 20, 12, 13, 21, 22, 30, 31, 39, 47, 55]
[00:00:00:48:390] ! Unidirectional s-t. expansions: 42,087, time: 48,387 [ms], path length: 47 [edges], generated: 75,899
[00:00:00:07:826] Expansion 10,000: state None, f=48, g=19
[00:00:00:19:177] Expansion 20,000: state None, f=48, g=36
[00:00:00:27:463] Expansion 30,000: state None, f=48, g=25
[00:00:00:35:308] Expansion 40,000: state None, f=48, g=39
[00:00:00:43:341] Expansion 50,000: state None, f=48, g=17
[00:00:00:52:238] Expansion 60,000: state None, f=48, g=33
[00:00:01:01:262] Expansion 70,000: state None, f=48, g=37
[00:00:01:08:670] Expansion 80,000: state None, f=48, g=30
[00:00:01:17:666] Expansion 90,000: state None, f=48, g=43
[00:00:01:25:747] Expansion 100,000: state None, f=48, g=33
[00:00:01:34:994] Expansion 110,000: state None, f=48, g=39
[00:00:01:42:614] Expansion 120,000: state None, f=48, g=38
[00:00:01:50:121] Expansion 130,000: state None, f=48, g=38
[00:00:01:59:356] Expansion 140,000: state None, f=48, g=32
[00:00:02:06:845] Expansion 150,000: state None, f=48, g=35
[00:00:02:14:600] Expansion 160,000: state None, f=48, g=17
[00:00:02:24:314] Expansion 170,000: state None, f=48, g=34
[00:00:02:33:013] Path of length 47 found: [55, 54, 53, 52, 51, 50, 49, 41, 40, 32, 33, 34, 42, 43, 44, 45, 46, 47, 39, 38, 37, 36, 35, 27, 28, 29, 30, 31, 23, 22, 21, 13, 12, 20, 19, 11, 3, 2, 10, 18, 26, 25, 24, 16, 17, 9, 1, 0]
[00:00:02:33:014] ! Unidirectional t-s. expansions: 179,465, time: 153,013 [ms], path length: 47 [edges], generated: 301,670
[00:00:00:13:465] Expansion 10,000: F [0, 8, 16, 24, 32, 40, 41, 49, 50, 42, 34, 33, 25, 26, 18, 17, 9, 1, 2], B [55, 54, 46, 47, 39, 31, 23, 22, 30, 38, 37, 36, 44, 45, 53, 52, 51, 43, 35, 27, 28, 29, 21, 13, 12, 20], f=48, g=43
[00:00:00:27:789] Expansion 20,000: F [0, 8, 16, 24, 25, 17, 9, 1, 2, 3, 11, 10, 18, 26, 34, 33, 32, 40, 41, 49, 50, 42], B [55, 47, 46, 54, 53, 45, 44], f=48, g=27
[00:00:00:42:536] Expansion 30,000: F [0, 8, 16, 24, 25, 33, 32, 40, 41, 49, 50, 51, 52, 53, 54, 46, 45, 44, 36, 37, 38, 30, 29, 28, 20, 19, 27, 35, 43, 42, 34, 26, 18, 17, 9, 1, 2], B [55, 47, 39, 31, 23, 22, 21, 13, 12, 11], f=48, g=45
[00:00:00:56:000] Expansion 40,000: F [0, 8, 16, 24, 25, 33, 32, 40, 41, 49, 50, 51, 43, 42, 34, 35, 36, 28, 27, 26, 18, 17, 9, 1, 2], B [55, 54, 53, 52, 44, 45, 46, 47, 39, 31, 23, 22, 30, 38, 37, 29], f=48, g=39
[00:00:01:09:815] Expansion 50,000: F [0, 8, 16, 24, 25, 26, 27, 28, 20, 19, 18, 17, 9, 1, 2], B [55, 47, 39, 31, 23, 22, 30, 38, 46, 54, 53, 52, 51, 43, 42, 50, 49], f=48, g=30
[00:00:01:24:254] Expansion 60,000: F [0, 8, 16, 17, 9, 1, 2, 3, 11, 10, 18, 19, 27, 26, 25, 24, 32, 40, 41], B [55, 54, 53, 52, 44, 45, 46, 47, 39, 31, 23, 22, 21, 13, 12, 20, 28, 29, 30, 38, 37, 36, 35], f=48, g=40
[00:00:01:39:583] Expansion 70,000: F [0, 8, 16, 17, 25, 24, 32, 40, 41], B [55, 54, 53, 52, 44, 45, 46, 47, 39, 31, 23, 22, 30, 38, 37, 29, 21, 13, 12, 20], f=48, g=27
[00:00:01:54:235] Expansion 80,000: F [0, 8, 16, 17, 18, 10, 9, 1, 2, 3, 11, 19, 20, 12, 13, 21, 22, 23, 31, 30, 38, 39, 47, 46, 45, 37, 29, 28, 27, 26, 25], B [55, 54, 53, 52, 44, 36, 35, 43, 51, 50, 49, 41], f=48, g=41
[00:00:02:09:336] Expansion 90,000: F [0, 8, 9, 1, 2, 3, 11, 10, 18, 19, 27, 26, 25, 17, 16, 24, 32, 40, 41], B [55, 47, 46, 54, 53, 45, 37, 29, 30, 38, 39, 31, 23, 22, 21, 13, 12, 20, 28, 36, 44, 52, 51, 43, 35, 34], f=48, g=43
[00:00:02:25:358] Expansion 100,000: F [0, 8, 9, 1, 2, 3, 11, 10, 18, 26, 25, 17], B [55, 54, 53, 52, 51, 43, 44, 45, 37, 29, 30, 38, 46, 47, 39, 31, 23], f=48, g=27
[00:00:02:25:359] Expansions: 100,000. Checks - state_vs_state: 3,372, prefix: 436,626
[00:00:02:25:359] Expansions: 100,000. Checks - state_vs_state: 3,372, prefix: 436,627
[00:00:02:25:360] Expansions: 100,000. Checks - state_vs_state: 3,372, prefix: 436,628
[00:00:02:39:654] Expansion 110,000: F [0, 1, 9, 8, 16, 17, 18, 10, 2, 3, 11, 19, 20, 12, 13, 21, 22, 23, 31, 30, 29, 28, 36, 35, 27, 26, 25], B [55, 47, 39, 38, 37, 45, 46, 54, 53, 52, 44, 43, 51, 50, 49, 41], f=48, g=41
[00:00:02:55:179] Expansion 120,000: F [0, 1, 9, 8, 16, 17, 18, 10, 2, 3, 11, 12, 13, 21, 20, 19, 27, 35, 43, 42, 34, 26, 25], B [55, 54, 46, 47, 39, 31, 23], f=48, g=28
[00:00:03:11:144] Expansion 130,000: F [0, 1, 9, 8, 16, 17, 25, 24, 32, 40, 41], B [55, 54, 53, 52, 51, 43, 35, 27, 28, 36, 44, 45, 37, 29, 30, 38, 46, 47, 39, 31, 23, 22, 21, 13, 12, 20, 19], f=48, g=36
[00:00:03:25:238] Expansion 140,000: F [0, 1, 2, 3, 11, 10, 18, 19, 27, 26, 25, 17, 9, 8, 16, 24, 32, 40, 41], B [55, 47, 39, 31, 23, 22, 21, 13, 12, 20, 28, 29, 30, 38, 46, 54, 53, 52, 51, 50], f=48, g=37
[00:00:03:38:703] Expansion 150,000: F [0, 1, 2, 3, 11, 10, 9, 8, 16, 24, 32, 40, 41, 49, 50, 42, 43, 51, 52, 53, 54, 46, 45, 44, 36, 35, 34, 33, 25, 17], B [55, 47, 39, 38, 37, 29, 30, 31, 23], f=48, g=37
[00:00:03:54:469] Expansion 160,000: F [0, 1, 2, 3, 11, 12, 13], B [55, 47, 39, 38, 46, 54, 53, 45, 37, 36, 44, 52, 51, 50, 49, 41, 40, 32, 24, 16, 8, 9, 10, 18, 17], f=48, g=30
[00:00:04:09:330] Expansion 170,000: F [0, 1, 2, 3, 11, 12, 13, 21, 20, 28, 29, 30, 22, 23, 31, 39, 38], B [55, 47, 46, 54, 53, 45, 44, 52, 51, 43, 42, 50, 49, 41, 40, 32, 24, 25], f=48, g=33
[00:00:04:23:654] Expansion 180,000: F [0, 1, 2, 3, 11, 19, 20, 12, 13], B [55, 54, 46, 47, 39, 38, 37, 45, 53, 52, 51, 50, 49, 41, 40, 32, 33, 25], f=48, g=25
[00:00:04:38:723] Expansion 190,000: F [0, 1, 2, 3, 11, 10, 18, 17, 9, 8, 16, 24, 32, 40, 41, 49, 50, 42, 34, 33, 25, 26, 27], B [55, 54, 53, 45, 46, 47, 39, 31, 23, 22, 21, 13, 12], f=48, g=34
[00:00:04:53:690] Expansion 200,000: F [0, 1, 2, 3, 11, 19, 20, 12, 13, 21, 29, 28, 27, 26, 25], B [55, 54, 53, 52, 44, 45, 46, 47, 39, 31, 23, 22, 30, 38, 37, 36, 35, 34, 42, 43, 51, 50, 49, 41, 40], f=48, g=38
[00:00:04:53:690] Expansions: 200,000. Checks - state_vs_state: 6,370, prefix: 888,839
[00:00:04:53:690] Expansions: 200,000. Checks - state_vs_state: 6,370, prefix: 888,840
[00:00:04:53:690] Expansions: 200,000. Checks - state_vs_state: 6,370, prefix: 888,841
[00:00:04:53:691] Expansions: 200,000. Checks - state_vs_state: 6,370, prefix: 888,842
[00:00:05:08:409] Expansion 210,000: F [0, 1, 2, 3, 11, 12, 13, 21, 22, 23, 31, 30, 29, 37, 38, 39, 47, 46, 45, 44, 36, 35, 43, 42, 34], B [55, 54, 53, 52, 51, 50, 49, 41, 40, 32, 33, 25, 24, 16, 8, 9], f=48, g=39
[00:00:05:09:010] Path of length 47 found: [0, 8, 16, 24, 32, 40, 41, 49, 50, 42, 34, 33, 25, 26, 18, 17, 9, 1, 2, 10, 11, 19, 27, 35, 43, 51, 52, 53, 54, 46, 38, 30, 29, 37, 45, 44, 36, 28, 20, 12, 13, 21, 22, 23, 31, 39, 47, 55]
[00:00:05:09:427] ! Bidirectional. expansions: 210,513, time: 309,010 [ms], path length: 47 [edges], g_F: 20, g_B: 27, generated: {'F': 157,241, 'B': 240,130}, MM: 7, MMPER: 13.583333333333334%
[00:00:05:09:427] 
---------- SM_Grids/7x8_grid_with_random_blocks_8per_3 ----------
[00:00:00:10:342] Path of length 49 found: [0, 1, 2, 3, 4, 5, 6, 7, 15, 23, 31, 39, 38, 37, 29, 21, 22, 14, 13, 12, 20, 19, 11, 10, 18, 17, 9, 8, 16, 24, 32, 33, 41, 40, 48, 49, 50, 51, 43, 42, 34, 26, 27, 35, 36, 44, 45, 46, 47, 55]
[00:00:00:10:343] ! Unidirectional s-t. expansions: 8,676, time: 10,342 [ms], path length: 49 [edges], generated: 14,905
[00:00:00:23:237] Expansion 10,000: state None, f=50, g=33
[00:00:00:31:593] Expansion 20,000: state None, f=50, g=38
[00:00:00:40:198] Expansion 30,000: state None, f=50, g=32
[00:00:00:48:519] Expansion 40,000: state None, f=50, g=16
[00:00:00:57:162] Expansion 50,000: state None, f=50, g=38
[00:00:01:02:505] Path of length 49 found: [55, 47, 46, 45, 44, 43, 51, 50, 49, 48, 40, 41, 42, 34, 33, 32, 24, 16, 17, 18, 26, 27, 35, 36, 37, 38, 39, 31, 23, 22, 21, 29, 28, 20, 19, 11, 12, 13, 14, 15, 7, 6, 5, 4, 3, 2, 10, 9, 1, 0]
[00:00:01:02:511] ! Unidirectional t-s. expansions: 55,876, time: 62,505 [ms], path length: 49 [edges], generated: 92,356
[00:00:00:14:542] Expansion 10,000: F [0, 8, 16, 24, 32, 33, 34, 42, 41, 40, 48, 49, 50, 51, 43, 35, 27, 26, 18], B [55, 47, 46, 38, 39, 31, 23, 15, 7, 6, 5, 4, 12, 13, 14, 22, 21, 29, 37, 45, 44, 36, 28, 20, 19, 11], f=50, g=43
[00:00:00:28:448] Expansion 20,000: F [0, 8, 9, 1, 2, 10, 11, 3, 4, 12, 20, 19, 27, 26, 18, 17, 16, 24, 32, 40], B [55, 47, 46, 38], f=50, g=22
[00:00:00:42:079] Expansion 30,000: F [0, 1, 9, 8, 16], B [55, 47, 39, 31, 23, 15, 7, 6, 14, 22, 21, 20, 12, 13, 5, 4, 3, 2, 10, 11, 19, 27, 35, 36, 28, 29, 37, 38, 46, 45, 44, 43, 51, 50, 49, 48, 40, 41, 42, 34], f=50, g=43
[00:00:00:55:953] Expansion 40,000: F [0, 1, 2, 10, 9, 8, 16], B [55, 47, 46, 38, 39, 31, 23, 22, 21, 29, 37, 45, 44, 36, 35, 27], f=50, g=21
[00:00:01:09:922] Expansion 50,000: F [0, 1, 2, 10, 11, 3, 4, 5, 13, 12, 20, 19, 27, 26, 18, 17, 9, 8, 16, 24, 32, 33, 34, 42, 41], B [55, 47, 46, 45], f=50, g=27
[00:00:01:23:944] Expansion 60,000: F [0, 1, 2, 3, 4, 12, 11, 19, 27, 28, 20, 21], B [55, 47, 46, 45, 44, 43, 51, 50, 42, 41, 49, 48, 40], f=50, g=23
[00:00:01:36:957] Expansion 70,000: F [0, 1, 2, 3, 4, 5, 6, 7, 15, 14, 13, 12, 20, 19, 11, 10, 9, 8, 16], B [55, 47, 46, 38, 39, 31, 23, 22, 21, 29, 37, 45, 44, 36, 28, 27, 35, 43, 51, 50, 49, 48, 40, 32], f=50, g=41
[00:00:01:41:664] Path of length 49 found: [0, 8, 16, 24, 32, 40, 48, 49, 41, 33, 34, 42, 50, 51, 43, 35, 27, 26, 18, 17, 9, 1, 2, 10, 11, 19, 20, 28, 36, 44, 45, 46, 38, 37, 29, 21, 22, 14, 13, 12, 4, 5, 6, 7, 15, 23, 31, 39, 47, 55]
[00:00:01:42:086] ! Bidirectional. expansions: 74,066, time: 101,664 [ms], path length: 49 [edges], g_F: 24, g_B: 25, generated: {'F': 46,869, 'B': 87,133}, MM: 1, MMPER: 1.0%
[00:00:01:42:086] 
---------- SM_Grids/7x8_grid_with_random_blocks_8per_4 ----------
[00:00:00:14:190] Expansion 10,000: state None, f=50, g=38
[00:00:00:23:459] Expansion 20,000: state None, f=50, g=38
[00:00:00:29:695] Path of length 49 found: [0, 1, 2, 10, 11, 19, 20, 28, 36, 44, 43, 42, 41, 33, 34, 35, 27, 26, 25, 17, 9, 8, 16, 24, 32, 40, 48, 49, 50, 51, 52, 53, 54, 46, 45, 37, 29, 21, 13, 5, 6, 7, 15, 14, 22, 30, 31, 39, 47, 55]
[00:00:00:29:700] ! Unidirectional s-t. expansions: 26,415, time: 29,695 [ms], path length: 49 [edges], generated: 46,434
[00:00:00:09:866] Path of length 49 found: [55, 54, 46, 47, 39, 31, 23, 15, 7, 6, 5, 13, 14, 22, 30, 29, 21, 20, 28, 36, 37, 45, 53, 52, 44, 43, 51, 50, 49, 48, 40, 32, 24, 16, 8, 9, 17, 25, 33, 41, 42, 34, 26, 27, 19, 11, 10, 2, 1, 0]
[00:00:00:09:884] ! Unidirectional t-s. expansions: 6,149, time: 9,876 [ms], path length: 49 [edges], generated: 10,403
[00:00:00:14:842] Expansion 10,000: F [0, 8, 16, 24, 32, 40, 48, 49, 50, 42, 41, 33, 34, 26, 25, 17, 9, 1, 2, 10, 11, 19, 27, 35, 43, 51, 52, 44], B [55, 54, 53, 45, 46, 47, 39, 31, 23, 22], f=50, g=36
[00:00:00:27:728] Expansion 20,000: F [0, 8, 16, 24, 32, 33, 41, 40, 48, 49, 50, 42, 34, 26, 25, 17, 9, 1, 2, 10, 11, 19, 20, 21, 13], B [55, 54, 53, 52, 51, 43, 35, 27, 28, 29], f=50, g=33
[00:00:00:40:738] Expansion 30,000: F [0, 8, 16, 17, 9, 1, 2, 10, 11, 19, 20, 28, 36, 44, 43, 42, 34, 35, 27, 26, 25, 24, 32, 33, 41, 40, 48, 49, 50, 51, 52, 53, 54], B [55, 47, 39, 31, 23, 22], f=50, g=37
[00:00:00:52:420] Expansion 40,000: F [0, 8, 16, 17, 9, 1, 2, 10, 11, 19, 20, 21, 22], B [55, 54, 53, 52, 51, 50, 49, 48, 40, 32, 24, 25, 26, 34, 33, 41, 42, 43, 44, 36, 35], f=50, g=32
[00:00:01:04:708] Expansion 50,000: F [0, 8, 9, 1, 2, 10, 11, 19, 20, 28, 27, 26, 25, 17, 16, 24, 32, 40, 48, 49, 41, 33, 34, 42, 50, 51, 52, 44, 43, 35, 36, 37, 29, 21, 13, 5], B [55, 54, 53, 45, 46, 47, 39, 31, 30, 22, 23, 15], f=50, g=46
[00:00:01:17:799] Expansion 60,000: F [0, 1, 2, 10, 11, 19, 20, 28, 36, 44, 43, 42, 41, 33, 34, 35, 27, 26, 25, 17, 9], B [55, 47, 39, 31, 30, 22, 23, 15, 7, 6], f=50, g=29
[00:00:01:30:844] Expansion 70,000: F [0, 1, 2, 10, 11, 19, 20, 21, 13, 5], B [55, 54, 53, 52, 51, 50, 49, 48, 40, 32, 24, 16, 8, 9, 17, 25, 33, 41, 42, 34, 26, 27, 35, 43, 44, 36, 28, 29, 37, 45, 46, 47, 39, 31, 30, 22], f=50, g=44
[00:00:01:32:132] Path of length 49 found: [0, 8, 16, 24, 32, 40, 48, 49, 41, 33, 25, 17, 9, 1, 2, 10, 11, 19, 20, 28, 27, 26, 34, 42, 50, 51, 43, 35, 36, 44, 52, 53, 54, 46, 45, 37, 29, 30, 22, 14, 13, 5, 6, 7, 15, 23, 31, 39, 47, 55]
[00:00:01:32:575] ! Bidirectional. expansions: 71,057, time: 92,132 [ms], path length: 49 [edges], g_F: 40, g_B: 9, generated: {'F': 88,739, 'B': 31,538}, MM: 31, MMPER: 61.0%
[00:00:01:32:575] 
---------- SM_Grids/7x8_grid_with_random_blocks_8per_5 ----------
[00:00:00:11:158] Path of length 49 found: [0, 8, 16, 24, 32, 40, 48, 49, 41, 33, 34, 26, 25, 17, 18, 19, 27, 28, 36, 37, 45, 44, 43, 51, 52, 53, 54, 46, 38, 30, 22, 21, 13, 12, 11, 10, 9, 1, 2, 3, 4, 5, 6, 14, 15, 23, 31, 39, 47, 55]
[00:00:00:11:159] ! Unidirectional s-t. expansions: 9,399, time: 11,158 [ms], path length: 49 [edges], generated: 16,113
[00:00:00:08:611] Path of length 49 found: [55, 54, 53, 52, 44, 43, 51, 50, 49, 48, 40, 41, 33, 32, 24, 16, 17, 25, 26, 18, 19, 27, 28, 36, 37, 45, 46, 47, 39, 38, 30, 31, 23, 22, 21, 13, 14, 15, 7, 6, 5, 4, 12, 11, 3, 2, 10, 9, 1, 0]
[00:00:00:08:612] ! Unidirectional t-s. expansions: 7,251, time: 8,611 [ms], path length: 49 [edges], generated: 12,215
[00:00:00:23:098] Expansion 10,000: F [0, 1, 9, 8, 16, 17, 18, 10, 2, 3, 4, 5, 6, 7], B [55, 54, 53, 45, 44], f=51, g=17
[00:00:00:39:954] Expansion 20,000: F [0, 8, 16, 24, 25, 17, 18, 10, 9, 1, 2, 3, 4, 5, 6, 7, 15, 23, 31, 39, 47, 46, 45, 44, 36], B [55, 54, 53, 52, 51, 50, 49, 48], f=50, g=31
[00:00:00:53:728] Expansion 30,000: F [0, 1, 2, 3, 4, 12, 11, 10, 9, 8, 16, 17, 25, 24, 32, 40, 48, 49], B [55, 54, 46, 47, 39, 31, 23, 15, 14, 6, 5, 13, 21, 22, 30, 38, 37, 45, 53], f=50, g=35
[00:00:01:09:020] Expansion 40,000: F [0, 1, 2, 3, 4, 5, 6, 7, 15, 23, 31, 39, 38, 30, 22, 14, 13, 12, 11, 10, 9, 8, 16, 17, 18], B [55, 47, 46, 54, 53, 45, 37, 36], f=50, g=31
[00:00:01:25:286] Expansion 50,000: F [0, 8, 16, 24, 25, 17, 9, 1, 2, 10, 18, 19, 11, 3, 4, 5, 13, 21, 22, 14, 6, 7, 15], B [55, 54, 53, 45, 44], f=50, g=26
[00:00:01:42:291] Expansion 60,000: F [0, 8, 16, 17, 9, 1, 2, 3, 4, 12, 13, 21, 22, 14, 6], B [55, 47, 46, 54, 53, 52, 44], f=50, g=20
[00:00:02:00:052] Expansion 70,000: F [0, 8, 16, 17, 18, 19, 11, 10, 9, 1, 2, 3, 4, 5, 13, 21, 22, 14, 6, 7, 15], B [55, 54, 46], f=50, g=22
[00:00:02:19:832] Expansion 80,000: F [0, 8, 9, 10, 2, 3, 4, 12, 11], B [55, 47, 39, 31, 23, 15, 7, 6, 5, 13], f=50, g=17
[00:00:02:40:604] Expansion 90,000: F [0, 1, 9, 8, 16, 24, 25, 26, 34, 33, 32, 40], B [55, 54, 46, 47, 39, 38, 30, 31, 23, 15, 7, 6, 14, 22, 21, 13, 5, 4, 12, 11, 3, 2, 10, 18, 19, 27, 28, 36], f=50, g=38
[00:00:02:54:999] Path of length 49 found: [0, 1, 2, 3, 11, 12, 4, 5, 13, 21, 22, 14, 6, 7, 15, 23, 31, 30, 38, 39, 47, 46, 45, 37, 36, 28, 27, 19, 18, 10, 9, 8, 16, 24, 25, 26, 34, 33, 32, 40, 48, 49, 50, 51, 43, 44, 52, 53, 54, 55]
[00:00:02:55:445] ! Bidirectional. expansions: 96,557, time: 175,003 [ms], path length: 49 [edges], g_F: 34, g_B: 15, generated: {'F': 93,448, 'B': 77,972}, MM: 19, MMPER: 37.0%
[00:00:02:55:445] 
---------- SM_Grids/7x8_grid_with_random_blocks_8per_6 ----------
[00:00:00:10:245] Expansion 10,000: state None, f=50, g=29
[00:00:00:19:887] Expansion 20,000: state None, f=50, g=33
[00:00:00:29:789] Expansion 30,000: state None, f=50, g=35
[00:00:00:30:684] Path of length 49 found: [0, 1, 2, 10, 11, 12, 20, 21, 22, 14, 6, 7, 15, 23, 31, 39, 47, 46, 38, 30, 29, 28, 27, 19, 18, 26, 34, 42, 41, 33, 25, 17, 9, 8, 16, 24, 32, 40, 48, 49, 50, 51, 43, 35, 36, 44, 45, 53, 54, 55]
[00:00:00:30:685] ! Unidirectional s-t. expansions: 30,824, time: 30,684 [ms], path length: 49 [edges], generated: 53,491
[00:00:00:13:116] Expansion 10,000: state None, f=50, g=25
[00:00:00:16:447] Path of length 49 found: [55, 54, 53, 45, 46, 47, 39, 38, 37, 36, 44, 43, 51, 50, 49, 48, 40, 41, 42, 34, 35, 27, 28, 29, 30, 31, 23, 15, 7, 6, 14, 22, 21, 20, 12, 11, 19, 18, 26, 25, 33, 32, 24, 16, 17, 9, 10, 2, 1, 0]
[00:00:00:16:449] ! Unidirectional t-s. expansions: 13,144, time: 16,448 [ms], path length: 49 [edges], generated: 23,415
[00:00:00:14:614] Expansion 10,000: F [0, 8, 16, 24, 32, 40, 48, 49, 50, 51, 43, 44, 36, 35, 27], B [55, 54, 53, 45, 37], f=50, g=18
[00:00:00:30:180] Expansion 20,000: F [0, 8, 16, 24, 25, 17, 9, 1, 2, 10, 11, 12, 20], B [55, 54, 53, 45, 46, 47, 39, 38, 37, 36, 44, 43, 51, 50, 42, 41, 49, 48, 40], f=50, g=30
[00:00:00:45:296] Expansion 30,000: F [0, 8, 16, 17], B [55, 54, 53, 45, 44, 43, 51, 50, 42, 41, 49, 48, 40, 32], f=50, g=16
[00:00:00:59:229] Expansion 40,000: F [0, 8, 9, 1, 2, 10, 18, 17, 16, 24, 25, 33, 32, 40, 48, 49, 41, 42, 50, 51, 43, 35, 34, 26, 27, 19], B [55, 47, 46, 54, 53, 45, 44, 36, 37, 38, 39, 31], f=50, g=36
[00:00:01:13:787] Expansion 50,000: F [0, 8, 9, 1, 2, 10, 18, 19, 11, 12], B [55, 54, 53, 45, 46, 47, 39, 38, 30], f=50, g=17
[00:00:01:28:421] Expansion 60,000: F [0, 1, 2, 10, 9, 8, 16, 24, 32, 40, 48, 49, 41, 42, 50, 51, 43, 44, 36, 35, 27, 26, 34, 33, 25, 17, 18, 19, 11, 12, 20], B [55, 47, 39, 38, 46, 54, 53, 45, 37, 29], f=50, g=39
[00:00:01:43:430] Expansion 70,000: F [0, 1, 2, 10, 18, 26, 25], B [55, 47, 46, 54, 53, 45, 37, 38, 39], f=50, g=14
[00:00:01:58:068] Expansion 80,000: F [0, 1, 2, 10, 9, 8, 16, 17, 18, 26, 34], B [55, 54, 53, 45, 46, 47], f=50, g=15
[00:00:02:11:439] Path of length 49 found: [0, 8, 16, 24, 32, 40, 48, 49, 41, 33, 25, 17, 9, 1, 2, 10, 18, 26, 27, 19, 11, 12, 20, 28, 36, 35, 34, 42, 50, 51, 43, 44, 45, 53, 54, 46, 38, 37, 29, 21, 22, 14, 6, 7, 15, 23, 31, 39, 47, 55]
[00:00:02:11:973] ! Bidirectional. expansions: 89,042, time: 131,439 [ms], path length: 49 [edges], g_F: 40, g_B: 9, generated: {'F': 94,843, 'B': 59,796}, MM: 31, MMPER: 61.0%
[00:00:02:11:973] 
---------- SM_Grids/7x8_grid_with_random_blocks_8per_7 ----------
[00:00:00:00:058] Path of length 51 found: [0, 1, 9, 17, 16, 24, 32, 40, 48, 49, 41, 33, 25, 26, 18, 10, 2, 3, 11, 19, 20, 12, 4, 5, 13, 21, 29, 28, 36, 35, 34, 42, 43, 51, 52, 53, 45, 37, 38, 30, 22, 14, 6, 7, 15, 23, 31, 39, 47, 46, 54, 55]
[00:00:00:00:058] ! Unidirectional s-t. expansions: 52, time: 58 [ms], path length: 51 [edges], generated: 83
[00:00:00:00:058] Path of length 51 found: [55, 47, 39, 31, 23, 15, 7, 6, 5, 4, 3, 2, 10, 18, 26, 25, 33, 34, 35, 36, 28, 20, 19, 11, 12, 13, 14, 22, 21, 29, 30, 38, 37, 45, 46, 54, 53, 52, 51, 43, 42, 41, 49, 48, 40, 32, 24, 16, 17, 9, 1, 0]
[00:00:00:00:058] ! Unidirectional t-s. expansions: 52, time: 58 [ms], path length: 51 [edges], generated: 83
[00:00:00:00:091] Path of length 51 found: [0, 1, 9, 17, 16, 24, 32, 40, 48, 49, 41, 42, 43, 51, 52, 53, 54, 46, 45, 37, 38, 30, 29, 21, 22, 14, 13, 12, 11, 19, 20, 28, 36, 35, 34, 33, 25, 26, 18, 10, 2, 3, 4, 5, 6, 7, 15, 23, 31, 39, 47, 55]
[00:00:00:00:446] ! Bidirectional. expansions: 51, time: 91 [ms], path length: 51 [edges], g_F: 30, g_B: 21, generated: {'F': 59, 'B': 45}, MM: 9, MMPER: 16.307692307692307%
[00:00:00:00:446] 
---------- SM_Grids/7x8_grid_with_random_blocks_8per_8 ----------
[00:00:00:00:060] Path of length 51 found: [0, 8, 16, 24, 32, 40, 48, 49, 41, 33, 25, 17, 9, 1, 2, 10, 18, 26, 27, 35, 34, 42, 43, 51, 52, 44, 45, 53, 54, 46, 38, 37, 29, 30, 22, 14, 13, 12, 20, 19, 11, 3, 4, 5, 6, 7, 15, 23, 31, 39, 47, 55]
[00:00:00:00:060] ! Unidirectional s-t. expansions: 55, time: 60 [ms], path length: 51 [edges], generated: 89
[00:00:00:00:065] Path of length 51 found: [55, 47, 39, 31, 23, 15, 7, 6, 5, 4, 3, 2, 1, 9, 17, 25, 33, 34, 35, 27, 26, 18, 10, 11, 19, 20, 12, 13, 14, 22, 30, 29, 37, 38, 46, 54, 53, 45, 44, 52, 51, 43, 42, 41, 49, 48, 40, 32, 24, 16, 8, 0]
[00:00:00:00:065] ! Unidirectional t-s. expansions: 59, time: 65 [ms], path length: 51 [edges], generated: 96
[00:00:00:00:100] Path of length 51 found: [0, 8, 16, 24, 32, 40, 48, 49, 41, 42, 43, 51, 52, 44, 45, 53, 54, 46, 38, 37, 29, 30, 22, 14, 13, 12, 20, 19, 11, 10, 18, 26, 27, 35, 34, 33, 25, 17, 9, 1, 2, 3, 4, 5, 6, 7, 15, 23, 31, 39, 47, 55]
[00:00:00:00:457] ! Bidirectional. expansions: 58, time: 100 [ms], path length: 51 [edges], g_F: 17, g_B: 34, generated: {'F': 38, 'B': 69}, MM: 17, MMPER: 31.692307692307693%
[00:00:00:00:457] 
---------- SM_Grids/7x8_grid_with_random_blocks_8per_9 ----------
[00:00:00:07:375] Expansion 10,000: state None, f=50, g=38
[00:00:00:15:132] Expansion 20,000: state None, f=50, g=29
[00:00:00:23:114] Expansion 30,000: state None, f=50, g=36
[00:00:00:30:389] Expansion 40,000: state None, f=50, g=30
[00:00:00:38:133] Expansion 50,000: state None, f=50, g=19
[00:00:00:46:502] Expansion 60,000: state None, f=50, g=34
[00:00:00:54:645] Expansion 70,000: state None, f=50, g=34
[00:00:01:01:350] Expansion 80,000: state None, f=50, g=34
[00:00:01:09:688] Expansion 90,000: state None, f=50, g=33
[00:00:01:16:901] Expansion 100,000: state None, f=50, g=25
[00:00:01:25:971] Expansion 110,000: state None, f=50, g=41
[00:00:01:32:867] Expansion 120,000: state None, f=50, g=44
[00:00:01:34:145] Path of length 49 found: [0, 1, 9, 8, 16, 24, 32, 40, 41, 49, 50, 42, 43, 51, 52, 44, 36, 28, 20, 19, 27, 26, 34, 33, 25, 17, 18, 10, 11, 3, 4, 12, 13, 5, 6, 7, 15, 14, 22, 23, 31, 39, 38, 30, 29, 37, 45, 46, 54, 55]
[00:00:01:34:147] ! Unidirectional s-t. expansions: 120,462, time: 94,145 [ms], path length: 49 [edges], generated: 192,673
[00:00:00:14:524] Expansion 10,000: state None, f=50, g=23
[00:00:00:22:561] Expansion 20,000: state None, f=50, g=35
[00:00:00:31:020] Expansion 30,000: state None, f=50, g=34
[00:00:00:39:243] Expansion 40,000: state None, f=50, g=29
[00:00:00:47:722] Expansion 50,000: state None, f=50, g=28
[00:00:00:54:793] Expansion 60,000: state None, f=50, g=22
[00:00:01:02:687] Expansion 70,000: state None, f=50, g=23
[00:00:01:10:090] Expansion 80,000: state None, f=50, g=35
[00:00:01:18:533] Expansion 90,000: state None, f=50, g=41
[00:00:01:26:030] Expansion 100,000: state None, f=50, g=37
[00:00:01:36:171] Path of length 49 found: [55, 54, 46, 47, 39, 31, 23, 22, 14, 15, 7, 6, 5, 13, 12, 4, 3, 11, 19, 27, 35, 36, 28, 29, 30, 38, 37, 45, 44, 52, 51, 43, 42, 50, 49, 41, 40, 32, 33, 34, 26, 25, 24, 16, 17, 18, 10, 9, 1, 0]
[00:00:01:36:173] ! Unidirectional t-s. expansions: 109,769, time: 96,171 [ms], path length: 49 [edges], generated: 174,602
[00:00:00:13:419] Expansion 10,000: F [0, 1, 9, 8, 16, 17, 18, 10, 11, 3, 4, 5, 6, 7, 15, 23, 22, 14, 13, 12, 20, 19, 27, 26, 25, 24, 32, 40, 41], B [55, 54, 46, 38, 39, 31], f=50, g=33
[00:00:00:29:414] Expansion 20,000: F [0, 1, 9, 8, 16, 24, 25, 33, 32, 40, 41, 49, 50, 51, 52, 44, 45, 37, 38, 30, 29], B [55, 54, 46, 47, 39, 31, 23, 22, 14], f=50, g=28
[00:00:00:46:452] Expansion 30,000: F [0, 1, 9, 10, 11, 3, 4, 5, 13, 12, 20, 19, 18, 26, 34, 33, 25, 17, 16, 24, 32], B [55, 54, 46, 47, 39, 31, 23, 15, 7, 6, 14, 22, 30, 38, 37], f=50, g=34
[00:00:01:01:304] Expansion 40,000: F [0, 1, 9, 8, 16, 24, 32, 40, 41, 49, 50, 51, 52, 44, 45, 37, 36, 35, 43, 42, 34, 33, 25, 17, 18], B [55, 47, 46, 38, 39, 31, 23, 15, 7, 6, 5, 13, 14, 22, 30, 29, 28, 20, 12, 4], f=50, g=43
[00:00:01:16:483] Expansion 50,000: F [0, 8, 9, 10, 11, 3, 4, 12, 20, 19, 18, 17, 16, 24, 25, 26, 27, 35, 43, 42, 34, 33, 32, 40], B [55, 54, 46, 47, 39, 31, 23, 15, 7, 6, 5, 13, 14, 22, 30, 38, 37], f=50, g=39
[00:00:01:20:797] Path of length 49 found: [0, 1, 9, 8, 16, 17, 18, 10, 11, 3, 4, 12, 20, 19, 27, 28, 36, 35, 43, 42, 34, 26, 25, 24, 32, 40, 41, 49, 50, 51, 52, 44, 45, 37, 29, 30, 22, 14, 13, 5, 6, 7, 15, 23, 31, 39, 47, 46, 54, 55]
[00:00:01:21:183] ! Bidirectional. expansions: 52,799, time: 80,798 [ms], path length: 49 [edges], g_F: 35, g_B: 14, generated: {'F': 48,105, 'B': 46,106}, MM: 21, MMPER: 41.0%
[00:00:01:21:184] average expansions: (62,237, 66,954, 178,164, 0)
[00:00:01:21:184] average time: (57,385, 69,610, 250,198, 0)
[00:00:01:21:184] XA*: 62,237 , 57,385 (expansions , time[ms])
[00:00:01:21:184] BiXA*: 178,164 , 250,198 (expansions , time[ms])

