--------------------------
date: SM_Grids
number_of_graphs: 10
graph_type: grid
size_of_graphs: [8, 8]
heuristic: bcc_heuristic
snake: False
run_uni: True
run_bi: True
run_multi: False
solution_vertices: []
algorithms: ['A']
lookahead: 1
bsd: False
cube_first_dims: 4
cube_buffer_dim: None
backward_sym_generation: False
sym_coil: False
prefix_set: None

---------- SM_Grids/8x8_grid_with_random_blocks_20per_0 ----------
[00:00:00:02:031] Path of length 44 found: [0, 1, 9, 10, 2, 3, 4, 5, 6, 7, 15, 23, 31, 39, 38, 30, 29, 21, 22, 14, 13, 12, 20, 28, 36, 35, 34, 26, 25, 17, 16, 24, 32, 40, 48, 49, 41, 42, 43, 44, 52, 53, 61, 62, 63]
[00:00:00:02:032] ! Unidirectional s-t. expansions: 1,596, time: 2,031 [ms], path length: 44 [edges], generated: 2,553
[00:00:00:00:502] Path of length 44 found: [63, 62, 61, 53, 52, 44, 43, 42, 50, 49, 41, 40, 32, 24, 16, 17, 25, 26, 34, 35, 36, 37, 38, 39, 31, 30, 29, 28, 20, 21, 22, 23, 15, 7, 6, 14, 13, 5, 4, 3, 2, 10, 9, 1, 0]
[00:00:00:00:502] ! Unidirectional t-s. expansions: 511, time: 502 [ms], path length: 44 [edges], generated: 894
[00:00:00:04:338] Path of length 44 found: [0, 1, 9, 10, 2, 3, 4, 12, 20, 21, 13, 5, 6, 7, 15, 14, 22, 23, 31, 39, 38, 30, 29, 28, 36, 35, 34, 26, 25, 17, 16, 24, 32, 40, 48, 49, 50, 42, 43, 44, 52, 53, 61, 62, 63]
[00:00:00:04:857] ! Bidirectional. expansions: 2,773, time: 4,338 [ms], path length: 44 [edges], g_F: 35, g_B: 9, generated: {'F': 2,737, 'B': 1,568}, MM: 26, MMPER: 56.77777777777778%
[00:00:00:04:857] 
---------- SM_Grids/8x8_grid_with_random_blocks_20per_1 ----------
[00:00:00:12:581] Path of length 38 found: [0, 8, 16, 24, 25, 33, 34, 42, 41, 40, 48, 56, 57, 49, 50, 51, 43, 35, 27, 26, 18, 17, 9, 1, 2, 10, 11, 19, 20, 28, 29, 30, 31, 39, 47, 46, 54, 62, 63]
[00:00:00:12:584] ! Unidirectional s-t. expansions: 7,742, time: 12,581 [ms], path length: 38 [edges], generated: 13,505
[00:00:00:06:059] Path of length 38 found: [63, 62, 54, 55, 47, 39, 31, 30, 29, 21, 20, 28, 27, 35, 43, 51, 50, 49, 57, 56, 48, 40, 41, 42, 34, 33, 25, 24, 16, 17, 18, 19, 11, 3, 2, 10, 9, 1, 0]
[00:00:00:06:062] ! Unidirectional t-s. expansions: 2,850, time: 6,059 [ms], path length: 38 [edges], generated: 5,039
[00:00:00:19:294] Expansion 10,000: F [0, 1, 2, 3, 11, 10, 9, 8, 16, 24, 25, 26, 34, 33], B [63, 55, 54, 46], f=40, g=16
[00:00:00:37:567] Expansion 20,000: F [0, 1, 2, 3, 11, 19, 18, 10, 9, 8, 16, 17, 25, 26, 34, 42, 41, 40, 48], B [63, 55, 47], f=39, g=20
[00:00:00:47:590] Path of length 38 found: [0, 8, 16, 24, 25, 33, 41, 40, 48, 56, 57, 49, 50, 51, 43, 42, 34, 35, 27, 26, 18, 17, 9, 1, 2, 10, 11, 19, 20, 28, 29, 30, 31, 39, 47, 55, 54, 62, 63]
[00:00:00:48:201] ! Bidirectional. expansions: 23,522, time: 47,590 [ms], path length: 38 [edges], g_F: 32, g_B: 6, generated: {'F': 34,918, 'B': 5,743}, MM: 26, MMPER: 65.66666666666667%
[00:00:00:48:201] 
---------- SM_Grids/8x8_grid_with_random_blocks_20per_2 ----------
[00:00:00:01:097] Path of length 48 found: [0, 8, 16, 17, 9, 1, 2, 3, 4, 12, 20, 19, 18, 26, 34, 33, 41, 40, 48, 56, 57, 49, 50, 58, 59, 60, 61, 53, 45, 37, 36, 28, 29, 30, 22, 21, 13, 5, 6, 14, 15, 23, 31, 39, 38, 46, 54, 62, 63]
[00:00:00:01:098] ! Unidirectional s-t. expansions: 739, time: 1,097 [ms], path length: 48 [edges], generated: 1,295
[00:00:00:02:781] Path of length 48 found: [63, 62, 61, 60, 59, 58, 50, 49, 57, 56, 48, 40, 41, 33, 34, 26, 18, 19, 20, 12, 13, 21, 29, 28, 36, 37, 45, 53, 54, 46, 47, 39, 38, 30, 31, 23, 15, 14, 6, 5, 4, 3, 2, 1, 9, 17, 16, 8, 0]
[00:00:00:02:784] ! Unidirectional t-s. expansions: 888, time: 2,783 [ms], path length: 48 [edges], generated: 1,438
[00:00:00:05:448] Path of length 48 found: [0, 8, 16, 17, 9, 1, 2, 3, 4, 12, 13, 5, 6, 14, 15, 23, 22, 30, 31, 39, 47, 46, 54, 53, 45, 37, 36, 28, 29, 21, 20, 19, 18, 26, 34, 33, 41, 40, 48, 56, 57, 49, 50, 58, 59, 60, 61, 62, 63]
[00:00:00:05:984] ! Bidirectional. expansions: 2,671, time: 5,448 [ms], path length: 48 [edges], g_F: 23, g_B: 25, generated: {'F': 2,465, 'B': 2,042}, MM: 2, MMPER: 3.0816326530612246%
[00:00:00:05:985] 
---------- SM_Grids/8x8_grid_with_random_blocks_20per_3 ----------
[00:00:00:00:921] Path of length 46 found: [0, 1, 9, 10, 18, 17, 16, 24, 32, 40, 41, 49, 57, 58, 50, 51, 43, 44, 36, 35, 34, 26, 27, 19, 20, 12, 11, 3, 4, 5, 6, 7, 15, 23, 22, 30, 31, 39, 38, 37, 45, 53, 52, 60, 61, 62, 63]
[00:00:00:00:922] ! Unidirectional s-t. expansions: 505, time: 921 [ms], path length: 46 [edges], generated: 852
[00:00:00:01:287] Path of length 46 found: [63, 62, 61, 60, 52, 53, 45, 37, 29, 30, 38, 39, 31, 23, 15, 7, 6, 5, 13, 12, 4, 3, 11, 19, 27, 26, 34, 35, 36, 44, 43, 51, 50, 58, 57, 49, 41, 40, 32, 24, 16, 17, 18, 10, 9, 1, 0]
[00:00:00:01:288] ! Unidirectional t-s. expansions: 665, time: 1,287 [ms], path length: 46 [edges], generated: 1,066
[00:00:00:02:655] Path of length 46 found: [0, 1, 9, 10, 18, 17, 16, 24, 32, 40, 41, 49, 57, 58, 50, 51, 43, 35, 34, 26, 27, 19, 20, 12, 11, 3, 4, 5, 6, 7, 15, 23, 31, 39, 38, 30, 29, 37, 36, 44, 45, 53, 52, 60, 61, 62, 63]
[00:00:00:03:159] ! Bidirectional. expansions: 1,310, time: 2,655 [ms], path length: 46 [edges], g_F: 35, g_B: 11, generated: {'F': 715, 'B': 1,528}, MM: 24, MMPER: 50.06382978723404%
[00:00:00:03:160] 
---------- SM_Grids/8x8_grid_with_random_blocks_20per_4 ----------
[00:00:00:15:324] Expansion 10,000: state None, f=46, g=16
[00:00:00:29:654] Path of length 44 found: [0, 1, 2, 3, 4, 5, 6, 7, 15, 23, 22, 21, 20, 28, 27, 26, 34, 33, 25, 17, 18, 19, 11, 10, 9, 8, 16, 24, 32, 40, 48, 49, 57, 58, 59, 51, 43, 44, 36, 37, 45, 46, 54, 62, 63]
[00:00:00:29:657] ! Unidirectional s-t. expansions: 19,979, time: 29,654 [ms], path length: 44 [edges], generated: 32,155
[00:00:00:18:277] Expansion 10,000: state None, f=45, g=16
[00:00:00:23:247] Path of length 44 found: [63, 55, 54, 46, 38, 37, 29, 21, 22, 23, 15, 7, 6, 5, 4, 3, 11, 10, 2, 1, 9, 17, 18, 26, 27, 19, 20, 28, 36, 44, 43, 51, 59, 58, 57, 49, 48, 40, 41, 33, 25, 24, 16, 8, 0]
[00:00:00:23:252] ! Unidirectional t-s. expansions: 12,922, time: 23,248 [ms], path length: 44 [edges], generated: 23,624
[00:00:00:24:448] Expansion 10,000: F [0, 1, 2, 10, 9, 8, 16, 17, 18, 19, 11, 3, 4, 5, 6, 7, 15, 23, 22, 21, 20, 28, 27, 26, 34, 33, 25], B [63, 55, 54, 46, 38, 37, 45, 44], f=46, g=33
[00:00:00:40:973] Expansion 20,000: F [0, 1, 9, 8, 16, 17, 25, 24, 32, 40, 41], B [63, 62, 54, 46, 45, 37, 29], f=46, g=16
[00:00:00:52:227] Expansion 30,000: F [0, 8, 16, 17, 18, 10, 9, 1, 2, 3, 4, 5, 6, 7, 15, 23, 22, 21, 29, 37, 36, 28, 20, 19, 27, 26, 34, 33, 25, 24, 32, 40, 48, 49, 57], B [63, 62, 54, 46, 45, 44], f=45, g=39
[00:00:01:03:988] Expansion 40,000: F [0, 1, 2, 3, 4, 5, 6, 7, 15, 23, 22, 21, 20, 19, 18, 17, 9, 8, 16, 24, 25, 33], B [63, 55, 54, 46, 38, 37, 45], f=45, g=27
[00:00:01:23:830] Path of length 44 found: [0, 8, 16, 24, 25, 17, 9, 1, 2, 10, 11, 3, 4, 5, 6, 7, 15, 23, 22, 21, 29, 28, 20, 19, 18, 26, 34, 33, 32, 40, 48, 49, 57, 58, 59, 51, 43, 44, 36, 37, 45, 46, 54, 62, 63]
[00:00:01:24:430] ! Bidirectional. expansions: 49,982, time: 83,843 [ms], path length: 44 [edges], g_F: 44, g_B: 0, generated: {'F': 52,877, 'B': 32,004}, MM: 44, MMPER: 96.77777777777777%
[00:00:01:24:430] 
---------- SM_Grids/8x8_grid_with_random_blocks_20per_5 ----------
[00:00:00:04:357] Path of length 46 found: [0, 1, 9, 8, 16, 17, 18, 26, 34, 35, 43, 42, 41, 33, 25, 24, 32, 40, 48, 49, 57, 58, 59, 51, 52, 53, 61, 62, 54, 46, 45, 37, 36, 28, 29, 21, 20, 12, 13, 14, 22, 23, 31, 39, 47, 55, 63]
[00:00:00:04:360] ! Unidirectional s-t. expansions: 1,852, time: 4,358 [ms], path length: 46 [edges], generated: 3,330
[00:00:00:02:124] Path of length 46 found: [63, 62, 61, 53, 54, 55, 47, 46, 45, 37, 38, 39, 31, 23, 15, 14, 22, 21, 13, 12, 20, 28, 36, 35, 34, 26, 18, 17, 25, 33, 41, 42, 43, 51, 59, 58, 50, 49, 48, 40, 32, 24, 16, 8, 9, 1, 0]
[00:00:00:02:125] ! Unidirectional t-s. expansions: 890, time: 2,124 [ms], path length: 46 [edges], generated: 1,644
[00:00:00:16:250] Expansion 10,000: F [0, 1, 9, 8, 16, 17, 18, 26, 34, 33, 25, 24, 32, 40, 41, 49, 57, 58, 59, 51, 50, 42, 43, 35, 36, 28], B [63, 62, 61, 53, 54, 55, 47, 39], f=47, g=32
[00:00:00:28:746] Path of length 46 found: [0, 1, 9, 8, 16, 24, 32, 33, 25, 17, 18, 26, 34, 35, 43, 42, 41, 40, 48, 49, 57, 58, 50, 51, 52, 53, 61, 62, 54, 46, 38, 37, 29, 28, 20, 12, 13, 21, 22, 14, 15, 23, 31, 39, 47, 55, 63]
[00:00:00:29:265] ! Bidirectional. expansions: 15,932, time: 28,749 [ms], path length: 46 [edges], g_F: 33, g_B: 13, generated: {'F': 16,773, 'B': 11,527}, MM: 20, MMPER: 41.5531914893617%
[00:00:00:29:265] 
---------- SM_Grids/8x8_grid_with_random_blocks_20per_6 ----------
[00:00:00:02:205] Path of length 46 found: [0, 1, 9, 8, 16, 17, 18, 10, 11, 19, 27, 28, 36, 44, 52, 51, 43, 42, 50, 49, 48, 56, 57, 58, 59, 60, 61, 62, 54, 53, 45, 37, 29, 21, 20, 12, 4, 5, 13, 14, 15, 23, 31, 39, 47, 55, 63]
[00:00:00:02:206] ! Unidirectional s-t. expansions: 1,158, time: 2,206 [ms], path length: 46 [edges], generated: 1,878
[00:00:00:02:745] Path of length 46 found: [63, 55, 47, 39, 31, 23, 15, 14, 6, 5, 4, 12, 13, 21, 29, 37, 45, 53, 54, 62, 61, 60, 59, 58, 57, 56, 48, 49, 50, 42, 43, 51, 52, 44, 36, 28, 20, 19, 27, 26, 18, 10, 9, 17, 16, 8, 0]
[00:00:00:02:746] ! Unidirectional t-s. expansions: 2,014, time: 2,745 [ms], path length: 46 [edges], generated: 3,321
[00:00:00:08:805] Path of length 46 found: [0, 1, 9, 8, 16, 17, 18, 10, 11, 19, 27, 28, 36, 37, 29, 21, 20, 12, 4, 5, 13, 14, 15, 23, 31, 39, 47, 55, 54, 53, 45, 44, 43, 42, 50, 49, 48, 56, 57, 58, 59, 51, 52, 60, 61, 62, 63]
[00:00:00:09:304] ! Bidirectional. expansions: 4,657, time: 8,806 [ms], path length: 46 [edges], g_F: 21, g_B: 25, generated: {'F': 6,561, 'B': 1,366}, MM: 4, MMPER: 7.51063829787234%
[00:00:00:09:305] 
---------- SM_Grids/8x8_grid_with_random_blocks_20per_7 ----------
[00:00:00:03:085] Path of length 42 found: [0, 8, 9, 1, 2, 3, 11, 19, 27, 26, 18, 17, 25, 24, 32, 40, 41, 33, 34, 42, 50, 51, 43, 35, 36, 28, 20, 12, 4, 5, 6, 14, 15, 23, 31, 30, 38, 39, 47, 55, 54, 62, 63]
[00:00:00:03:086] ! Unidirectional s-t. expansions: 1,718, time: 3,085 [ms], path length: 42 [edges], generated: 2,854
[00:00:00:00:517] Path of length 42 found: [63, 62, 54, 55, 47, 39, 38, 30, 31, 23, 15, 7, 6, 5, 4, 12, 20, 19, 11, 3, 2, 1, 9, 17, 18, 26, 27, 28, 36, 35, 43, 51, 50, 42, 34, 33, 41, 40, 32, 24, 16, 8, 0]
[00:00:00:00:517] ! Unidirectional t-s. expansions: 356, time: 517 [ms], path length: 42 [edges], generated: 657
[00:00:00:08:402] Path of length 42 found: [0, 8, 16, 24, 32, 40, 41, 33, 25, 17, 9, 1, 2, 3, 11, 19, 18, 26, 34, 42, 50, 51, 43, 35, 27, 28, 20, 12, 4, 5, 6, 14, 15, 23, 31, 30, 38, 39, 47, 55, 54, 62, 63]
[00:00:00:08:887] ! Bidirectional. expansions: 4,467, time: 8,402 [ms], path length: 42 [edges], g_F: 32, g_B: 10, generated: {'F': 4,406, 'B': 2,540}, MM: 22, MMPER: 50.16279069767442%
[00:00:00:08:887] 
---------- SM_Grids/8x8_grid_with_random_blocks_20per_8 ----------
[00:00:00:00:242] Path of length 48 found: [0, 8, 16, 24, 32, 33, 25, 17, 9, 10, 2, 3, 4, 5, 6, 7, 15, 23, 22, 14, 13, 21, 29, 28, 20, 12, 11, 19, 27, 35, 36, 44, 52, 51, 50, 42, 41, 49, 57, 58, 59, 60, 61, 53, 45, 46, 47, 55, 63]
[00:00:00:00:242] ! Unidirectional s-t. expansions: 223, time: 242 [ms], path length: 48 [edges], generated: 347
[00:00:00:00:066] Path of length 48 found: [63, 55, 47, 46, 45, 53, 61, 60, 59, 58, 57, 49, 41, 42, 50, 51, 52, 44, 36, 35, 27, 19, 11, 12, 20, 28, 29, 21, 13, 14, 22, 23, 15, 7, 6, 5, 4, 3, 2, 10, 9, 17, 25, 33, 32, 24, 16, 8, 0]
[00:00:00:00:066] ! Unidirectional t-s. expansions: 52, time: 66 [ms], path length: 48 [edges], generated: 80
[00:00:00:00:379] Path of length 48 found: [0, 8, 16, 24, 32, 33, 25, 17, 9, 10, 2, 3, 11, 19, 20, 12, 4, 5, 13, 14, 6, 7, 15, 23, 22, 21, 29, 28, 27, 35, 36, 44, 52, 51, 50, 42, 41, 49, 57, 58, 59, 60, 61, 53, 45, 46, 47, 55, 63]
[00:00:00:00:860] ! Bidirectional. expansions: 222, time: 379 [ms], path length: 48 [edges], g_F: 48, g_B: 0, generated: {'F': 339, 'B': 6}, MM: 48, MMPER: 96.95918367346938%
[00:00:00:00:861] 
---------- SM_Grids/8x8_grid_with_random_blocks_20per_9 ----------
[00:00:00:00:281] Path of length 36 found: [0, 8, 9, 1, 2, 10, 18, 26, 34, 35, 27, 28, 36, 44, 45, 37, 29, 21, 13, 5, 6, 7, 15, 14, 22, 23, 31, 30, 38, 39, 47, 55, 54, 53, 61, 62, 63]
[00:00:00:00:282] ! Unidirectional s-t. expansions: 44, time: 281 [ms], path length: 36 [edges], generated: 66
[00:00:00:00:141] Path of length 36 found: [63, 62, 61, 53, 54, 55, 47, 39, 38, 30, 31, 23, 22, 14, 15, 7, 6, 5, 13, 21, 29, 37, 45, 44, 36, 28, 27, 35, 34, 26, 18, 17, 9, 10, 2, 1, 0]
[00:00:00:00:141] ! Unidirectional t-s. expansions: 108, time: 141 [ms], path length: 36 [edges], generated: 178
[00:00:00:00:227] Path of length 36 found: [0, 8, 9, 1, 2, 10, 18, 26, 34, 35, 27, 28, 36, 44, 45, 37, 38, 30, 29, 21, 22, 14, 13, 5, 6, 7, 15, 23, 31, 39, 47, 55, 54, 53, 61, 62, 63]
[00:00:00:00:704] ! Bidirectional. expansions: 103, time: 227 [ms], path length: 36 [edges], g_F: 4, g_B: 32, generated: {'F': 15, 'B': 155}, MM: 28, MMPER: 74.67567567567568%
[00:00:00:00:704] average expansions: (3,556, 2,126, 10,564, 0)
[00:00:00:00:704] average time: (5,646, 3,947, 19,044, 0)
[00:00:00:00:704] XA*: 2,126 , 3,947 (expansions , time[ms])
[00:00:00:00:704] BiXA*: 10,564 , 19,044 (expansions , time[ms])

