--------------------------
date: SM_Grids
number_of_graphs: 10
graph_type: grid
size_of_graphs: [6, 8]
heuristic: bcc_heuristic
snake: False
run_uni: True
run_bi: True
run_multi: False
solution_vertices: []
algorithms: ['A']
lookahead: 1
bsd: False
cube_first_dims: 4
cube_buffer_dim: None
backward_sym_generation: False
sym_coil: False
prefix_set: None

---------- SM_Grids/6x8_grid_with_random_blocks_8per_0 ----------
[00:00:00:11:126] Expansion 10,000: state None, f=42, g=24
[00:00:00:19:558] Expansion 20,000: state None, f=42, g=29
[00:00:00:28:698] Expansion 30,000: state None, f=42, g=24
[00:00:00:37:206] Expansion 40,000: state None, f=41, g=36
[00:00:00:41:691] Expansion 50,000: state None, f=41, g=31
[00:00:00:47:938] Expansion 60,000: state None, f=41, g=29
[00:00:00:55:987] Expansion 70,000: state None, f=41, g=22
[00:00:01:04:561] Expansion 80,000: state None, f=41, g=19
[00:00:01:16:105] Expansion 90,000: state None, f=41, g=18
[00:00:01:25:611] Path of length 40 found: [0, 1, 9, 8, 16, 17, 25, 24, 32, 40, 41, 33, 34, 42, 43, 44, 36, 35, 27, 26, 18, 10, 11, 3, 4, 12, 20, 28, 29, 21, 13, 5, 6, 14, 15, 23, 31, 30, 38, 46, 47]
[00:00:01:25:613] ! Unidirectional s-t. expansions: 96,670, time: 85,611 [ms], path length: 40 [edges], generated: 165,912
[00:00:00:17:318] Expansion 10,000: state None, f=42, g=33
[00:00:00:26:687] Expansion 20,000: state None, f=41, g=33
[00:00:00:32:890] Expansion 30,000: state None, f=41, g=30
[00:00:00:39:729] Expansion 40,000: state None, f=41, g=26
[00:00:00:46:849] Expansion 50,000: state None, f=41, g=35
[00:00:00:54:799] Expansion 60,000: state None, f=41, g=28
[00:00:01:01:675] Expansion 70,000: state None, f=41, g=36
[00:00:01:10:217] Expansion 80,000: state None, f=41, g=35
[00:00:01:17:622] Expansion 90,000: state None, f=41, g=36
[00:00:01:26:770] Expansion 100,000: state None, f=41, g=26
[00:00:01:33:948] Expansion 110,000: state None, f=41, g=33
[00:00:01:43:711] Expansion 120,000: state None, f=41, g=38
[00:00:01:50:202] Path of length 40 found: [47, 46, 38, 39, 31, 23, 15, 7, 6, 14, 13, 5, 4, 3, 11, 12, 20, 21, 29, 37, 36, 44, 43, 42, 41, 40, 32, 24, 16, 17, 25, 33, 34, 35, 27, 19, 18, 10, 9, 1, 0]
[00:00:01:50:204] ! Unidirectional t-s. expansions: 126,538, time: 110,202 [ms], path length: 40 [edges], generated: 215,123
[00:00:00:15:778] Expansion 10,000: F [0, 1, 9, 8, 16, 17, 25, 24, 32, 40, 41, 33, 34, 42, 43, 44, 36, 37, 29, 28, 27, 26, 18, 10, 11], B [47, 46, 38, 39, 31], f=42, g=28
[00:00:00:30:593] Expansion 20,000: F [0, 1, 9, 8, 16, 24, 32, 40, 41, 33, 25, 17, 18, 10, 11, 19, 20, 21, 13, 12, 4, 5, 6], B [47, 39, 38, 37, 36, 44], f=42, g=27
[00:00:00:46:642] Expansion 30,000: F [0, 8, 16, 24, 32, 40, 41, 33, 34, 26, 25, 17, 9, 10, 18, 19, 27, 35, 43, 44], B [47, 46, 38, 39, 31], f=42, g=23
[00:00:01:02:882] Expansion 40,000: F [0, 8, 9, 17, 16, 24, 32, 40, 41, 33, 25, 26, 18, 10, 11, 3, 4, 12, 20, 19, 27, 35, 34, 42, 43, 44, 36], B [47, 46, 38, 30, 31, 23, 15, 7, 6], f=42, g=34
[00:00:01:23:955] Expansion 50,000: F [0, 1, 9, 8, 16, 24, 32, 40, 41, 33, 25, 17, 18, 19, 11, 3, 4, 12, 20, 28, 27, 26, 34, 42, 43, 44, 36, 37, 29, 21, 13, 5, 6], B [47, 46, 38, 39, 31], f=41, g=36
[00:00:01:31:656] Expansion 60,000: F [0, 1, 9, 8, 16, 17, 25, 24, 32, 40, 41, 42, 43, 44, 36, 35, 34, 26, 27, 19, 18, 10, 11, 3, 4, 12, 20, 28, 29, 21, 13, 5, 6], B [47, 46, 38, 30, 31, 23], f=41, g=37
[00:00:01:40:828] Expansion 70,000: F [0, 8, 9, 17, 16, 24, 25, 33, 32, 40, 41, 42, 34, 35, 43, 44, 36, 37, 29, 21, 20, 28, 27, 26, 18], B [47, 39, 38, 30, 31, 23, 15, 14, 6], f=41, g=32
[00:00:01:50:458] Expansion 80,000: F [0, 8, 9, 17, 16, 24, 32, 40, 41, 42, 34, 33, 25, 26, 18, 10, 11], B [47, 46, 38, 37, 29, 30, 31, 23, 15, 7, 6, 14, 13, 21], f=41, g=29
[00:00:02:01:311] Expansion 90,000: F [0, 1, 9, 8, 16, 17, 25, 24, 32, 33, 41, 42, 34, 26, 18, 10, 11], B [47, 46, 38, 37, 36, 44, 43, 35, 27, 28, 20, 21], f=41, g=27
[00:00:02:11:599] Expansion 100,000: F [0, 8, 9, 10, 18, 17, 16, 24, 25, 26, 34, 33, 32, 40, 41, 42, 43, 44, 36, 35], B [47, 46, 38, 39, 31, 30, 29, 28, 20, 21, 13, 14, 15], f=41, g=31
[00:00:02:11:599] Expansions: 100,000. Checks - state_vs_state: 1,274, prefix: 428,503
[00:00:02:11:600] Expansions: 100,000. Checks - state_vs_state: 1,274, prefix: 428,504
[00:00:02:11:600] Expansions: 100,000. Checks - state_vs_state: 1,274, prefix: 428,505
[00:00:02:22:188] Expansion 110,000: F [0, 8, 16, 24, 32, 40, 41, 33, 25, 17, 9, 10, 18, 26, 34, 42, 43], B [47, 39, 38, 30, 31, 23, 15, 7, 6, 14, 13, 5, 4, 3, 11, 19, 20, 21, 29, 37, 36], f=41, g=36
[00:00:02:33:095] Expansion 120,000: F [0, 1, 9, 8, 16, 17, 18, 10, 11, 3, 4, 12, 20, 21, 13, 5, 6, 14, 15, 23, 31, 30, 29, 28, 27, 35, 34, 26, 25, 24, 32], B [47, 46, 38, 37, 36, 44, 43, 42, 41], f=41, g=38
[00:00:02:44:182] Expansion 130,000: F [0, 8, 9, 10, 18, 17, 16, 24, 32, 40, 41, 42, 43, 44, 36], B [47, 46, 38, 30, 31, 23, 15, 7, 6, 5, 4, 3, 11, 12, 13, 21, 29], f=41, g=30
[00:00:02:56:789] Expansion 140,000: F [0, 1, 9, 8, 16, 17, 25, 24, 32, 33, 41, 42, 34, 35, 43, 44, 36, 37, 29, 28, 27, 26, 18], B [47, 39, 38, 30, 31, 23, 15, 7, 6, 14, 13, 21, 20, 12, 4], f=41, g=36
[00:00:03:08:511] Expansion 150,000: F [0, 8, 9, 10, 11, 3, 4, 12, 20, 19, 27, 35, 34, 33, 25, 17, 16, 24, 32, 40, 41, 42, 43], B [47, 46, 38, 39, 31], f=41, g=26
[00:00:03:20:474] Expansion 160,000: F [0, 1, 9, 8, 16, 17, 18, 19, 27, 26, 25, 24, 32, 40, 41, 33, 34, 35, 43], B [47, 39, 38], f=41, g=20
[00:00:03:32:730] Expansion 170,000: F [0, 8, 9, 10, 11, 3, 4, 5, 6, 7, 15, 14, 13, 21, 20, 19, 18, 26, 25, 17, 16, 24, 32], B [47, 46, 38, 39, 31], f=41, g=26
[00:00:03:45:016] Expansion 180,000: F [0, 8, 16, 17, 9, 10, 18, 19, 11, 3, 4, 5, 6, 7, 15], B [47, 39, 38, 37, 36, 44, 43, 42, 41, 40, 32, 24, 25, 26, 34, 35, 27, 28], f=41, g=31
[00:00:03:58:363] Expansion 190,000: F [0, 8, 16, 24, 25, 17, 9, 10, 18, 19, 27, 35, 34, 33, 32, 40, 41, 42, 43, 44, 36, 37, 29, 28, 20, 21, 13, 12], B [47, 46, 38, 30, 31], f=41, g=31
[00:00:04:12:394] Expansion 200,000: F [0, 1, 9, 17, 16, 24, 32, 40, 41, 33, 25, 26, 34], B [47, 39, 31, 23, 15, 7, 6, 14, 13, 21, 20, 12, 4], f=41, g=24
[00:00:04:12:394] Expansions: 200,000. Checks - state_vs_state: 3,788, prefix: 843,119
[00:00:04:12:395] Expansions: 200,000. Checks - state_vs_state: 3,788, prefix: 843,120
[00:00:04:12:395] Expansions: 200,000. Checks - state_vs_state: 3,788, prefix: 843,121
[00:00:04:12:396] Expansions: 200,000. Checks - state_vs_state: 3,788, prefix: 843,122
[00:00:04:26:173] Expansion 210,000: F [0, 8, 16, 24, 32, 40, 41, 33, 25, 26, 34, 35, 43, 44, 36, 37, 29, 21, 20], B [47, 39, 38, 30, 31, 23, 15, 7, 6, 14, 13, 5, 4, 3, 11], f=41, g=32
[00:00:04:39:782] Expansion 220,000: F [0, 8, 9, 10, 11, 3, 4, 5, 6, 14, 15, 23, 31, 30, 29, 21, 13, 12, 20, 19, 18, 17, 16, 24, 25, 33, 32, 40, 41, 42, 34, 26, 27], B [47, 39, 38], f=41, g=34
[00:00:04:54:039] Expansion 230,000: F [0, 1, 9, 17, 25, 33, 32, 40, 41, 42, 34, 26, 27, 35, 43, 44], B [47, 46, 38, 39, 31], f=41, g=19
[00:00:05:07:549] Path of length 40 found: [0, 1, 9, 8, 16, 24, 32, 40, 41, 42, 43, 44, 36, 37, 29, 21, 20, 28, 27, 35, 34, 33, 25, 17, 18, 10, 11, 3, 4, 5, 13, 14, 6, 7, 15, 23, 31, 39, 38, 46, 47]
[00:00:05:08:028] ! Bidirectional. expansions: 238,923, time: 307,559 [ms], path length: 40 [edges], g_F: 26, g_B: 14, generated: {'F': 266,352, 'B': 169,724}, MM: 12, MMPER: 28.26829268292683%
[00:00:05:08:028] 
---------- SM_Grids/6x8_grid_with_random_blocks_8per_1 ----------
[00:00:00:05:174] Path of length 42 found: [0, 8, 16, 17, 18, 10, 11, 3, 4, 12, 13, 14, 6, 7, 15, 23, 31, 30, 22, 21, 29, 28, 20, 19, 27, 26, 34, 33, 25, 24, 32, 40, 41, 42, 43, 35, 36, 44, 45, 37, 38, 46, 47]
[00:00:00:05:183] ! Unidirectional s-t. expansions: 2,453, time: 5,180 [ms], path length: 42 [edges], generated: 4,441
[00:00:00:09:290] Expansion 10,000: state None, f=43, g=29
[00:00:00:15:653] Path of length 42 found: [47, 46, 45, 44, 43, 42, 41, 40, 32, 33, 34, 35, 36, 37, 38, 39, 31, 30, 29, 28, 27, 19, 20, 21, 22, 23, 15, 7, 6, 14, 13, 12, 4, 3, 11, 10, 18, 26, 25, 17, 16, 8, 0]
[00:00:00:15:655] ! Unidirectional t-s. expansions: 16,908, time: 15,653 [ms], path length: 42 [edges], generated: 27,926
[00:00:00:13:902] Expansion 10,000: F [0, 8, 16], B [47, 46, 38, 39, 31, 23, 15, 7, 6, 14, 13, 12, 4, 3, 11, 10, 18, 26, 27, 19, 20, 21, 22, 30, 29, 28, 36, 37, 45, 44, 43, 35, 34, 42, 41, 40, 32, 33, 25], f=43, g=40
[00:00:00:26:584] Expansion 20,000: F [0, 8, 16, 17], B [47, 46, 45, 44, 43, 42, 41, 40, 32, 24, 25, 33, 34, 35, 36, 37, 38, 39, 31, 30, 29, 21, 22, 23, 15, 7, 6, 14, 13, 12, 4, 3, 11], f=43, g=35
[00:00:00:27:541] Path of length 42 found: [0, 8, 16, 24, 32, 40, 41, 42, 43, 44, 45, 46, 38, 30, 22, 21, 29, 37, 36, 28, 20, 19, 27, 35, 34, 26, 25, 17, 18, 10, 11, 3, 4, 12, 13, 14, 6, 7, 15, 23, 31, 39, 47]
[00:00:00:27:895] ! Bidirectional. expansions: 20,758, time: 27,541 [ms], path length: 42 [edges], g_F: 6, g_B: 36, generated: {'F': 9,703, 'B': 24,290}, MM: 30, MMPER: 68.76744186046511%
[00:00:00:27:896] 
---------- SM_Grids/6x8_grid_with_random_blocks_8per_2 ----------
[00:00:00:09:969] Expansion 10,000: state None, f=41, g=20
[00:00:00:18:412] Expansion 20,000: state None, f=41, g=30
[00:00:00:25:535] Path of length 40 found: [0, 8, 16, 24, 32, 40, 41, 42, 34, 33, 25, 17, 18, 10, 9, 1, 2, 3, 11, 12, 20, 19, 27, 35, 36, 44, 45, 37, 29, 21, 22, 14, 6, 7, 15, 23, 31, 30, 38, 46, 47]
[00:00:00:25:537] ! Unidirectional s-t. expansions: 27,107, time: 25,535 [ms], path length: 40 [edges], generated: 48,374
[00:00:00:10:108] Expansion 10,000: state None, f=41, g=27
[00:00:00:19:053] Expansion 20,000: state None, f=41, g=14
[00:00:00:20:275] Path of length 40 found: [47, 46, 45, 44, 36, 37, 38, 39, 31, 23, 15, 7, 6, 14, 22, 30, 29, 21, 20, 12, 11, 3, 2, 10, 18, 19, 27, 35, 34, 26, 25, 33, 41, 40, 32, 24, 16, 17, 9, 1, 0]
[00:00:00:20:276] ! Unidirectional t-s. expansions: 21,069, time: 20,275 [ms], path length: 40 [edges], generated: 37,240
[00:00:00:18:302] Expansion 10,000: F [0, 8, 9, 1, 2, 3, 11], B [47, 39, 38, 46, 45, 37, 36, 35, 34, 42], f=42, g=15
[00:00:00:36:132] Expansion 20,000: F [0, 8, 16, 24, 25, 33, 32, 40, 41, 42, 34, 26, 18, 17, 9, 1, 2, 3, 11], B [47, 39, 31, 23, 15, 7, 6, 14, 22, 30, 38, 37, 45, 44, 36, 35, 27, 28, 29, 21, 20], f=41, g=38
[00:00:00:44:629] Expansion 30,000: F [0, 8, 16, 24, 25, 33, 32, 40, 41, 42, 34, 35, 27, 26, 18, 10, 9, 1, 2, 3, 11, 19], B [47, 39, 38, 46, 45, 44, 36, 37, 29], f=41, g=29
[00:00:00:54:707] Expansion 40,000: F [0, 1, 9, 17, 16, 24, 32, 40, 41, 42, 34, 33, 25, 26, 27], B [47, 46, 38, 39, 31, 23, 15, 7, 6, 14, 22, 30, 29, 37, 45, 44], f=41, g=29
[00:00:01:06:310] Expansion 50,000: F [0, 8, 16, 17, 9, 1, 2, 10, 11, 12, 20, 19, 18, 26, 25, 24, 32, 33, 41, 42, 34, 35, 27, 28, 36], B [47, 39, 31, 23, 15, 7, 6], f=41, g=30
[00:00:01:19:161] Expansion 60,000: F [0, 8, 16, 24, 25, 33, 32, 40, 41, 42, 34, 26, 18, 17, 9, 10], B [47, 39, 38, 37, 45], f=41, g=19
[00:00:01:32:902] Expansion 70,000: F [0, 1, 2, 3, 11, 10, 9, 8, 16, 24, 32, 40, 41, 33, 34], B [47, 39, 38, 46, 45, 44], f=41, g=19
[00:00:01:47:890] Expansion 80,000: F [0, 1, 9, 8, 16, 24, 32, 33, 41, 42, 34, 26, 25, 17, 18, 10, 2, 3], B [47, 39, 38, 46, 45, 37, 36, 35, 27, 28, 29, 30, 31, 23, 15, 7, 6], f=41, g=33
[00:00:02:03:392] Expansion 90,000: F [0, 8, 9, 1, 2, 10, 11], B [47, 46, 45, 37, 36, 35, 34, 42, 41, 40, 32, 33, 25, 24, 16, 17, 18], f=41, g=22
[00:00:02:12:063] Path of length 40 found: [0, 8, 16, 24, 25, 33, 32, 40, 41, 42, 34, 35, 27, 26, 18, 17, 9, 1, 2, 10, 11, 19, 20, 21, 29, 37, 36, 44, 45, 46, 38, 30, 22, 14, 6, 7, 15, 23, 31, 39, 47]
[00:00:02:12:481] ! Bidirectional. expansions: 95,389, time: 132,063 [ms], path length: 40 [edges], g_F: 22, g_B: 18, generated: {'F': 84,407, 'B': 88,534}, MM: 4, MMPER: 8.75609756097561%
[00:00:02:12:481] 
---------- SM_Grids/6x8_grid_with_random_blocks_8per_3 ----------
[00:00:00:09:072] Expansion 10,000: state None, f=43, g=18
[00:00:00:17:717] Path of length 42 found: [0, 8, 9, 1, 2, 10, 11, 3, 4, 12, 20, 19, 27, 26, 18, 17, 25, 24, 32, 40, 41, 33, 34, 42, 43, 44, 45, 37, 36, 28, 29, 21, 13, 14, 6, 7, 15, 23, 31, 30, 38, 46, 47]
[00:00:00:17:718] ! Unidirectional s-t. expansions: 19,909, time: 17,717 [ms], path length: 42 [edges], generated: 33,025
[00:00:00:10:243] Expansion 10,000: state None, f=43, g=33
[00:00:00:19:795] Expansion 20,000: state None, f=43, g=22
[00:00:00:27:070] Path of length 42 found: [47, 46, 45, 44, 43, 42, 41, 40, 32, 24, 25, 33, 34, 35, 36, 37, 29, 30, 38, 39, 31, 23, 15, 7, 6, 14, 13, 21, 20, 28, 27, 26, 18, 19, 11, 12, 4, 3, 2, 10, 9, 1, 0]
[00:00:00:27:071] ! Unidirectional t-s. expansions: 28,133, time: 27,070 [ms], path length: 42 [edges], generated: 47,750
[00:00:00:13:168] Expansion 10,000: F [0, 8, 9, 1, 2, 10, 11, 3, 4, 12, 20, 19, 18, 17, 25, 33, 32], B [47, 39, 31, 23, 15, 7, 6, 14], f=43, g=23
[00:00:00:27:666] Expansion 20,000: F [0, 8, 9, 1, 2, 3, 4, 12, 20, 28], B [47, 46, 45, 44, 43, 42, 41, 40, 32, 33, 25, 17, 18, 10], f=43, g=22
[00:00:00:42:768] Expansion 30,000: F [0, 8, 9, 10, 2], B [47, 39, 38, 46, 45, 37, 29, 30, 31, 23, 15, 7, 6, 14, 13, 21], f=43, g=19
[00:00:00:55:336] Path of length 42 found: [0, 8, 9, 1, 2, 10, 11, 3, 4, 12, 20, 21, 13, 14, 6, 7, 15, 23, 31, 30, 29, 28, 27, 19, 18, 17, 25, 24, 32, 40, 41, 42, 34, 35, 43, 44, 36, 37, 45, 46, 38, 39, 47]
[00:00:00:55:695] ! Bidirectional. expansions: 38,631, time: 55,336 [ms], path length: 42 [edges], g_F: 28, g_B: 14, generated: {'F': 46,453, 'B': 23,209}, MM: 14, MMPER: 31.558139534883722%
[00:00:00:55:695] 
---------- SM_Grids/6x8_grid_with_random_blocks_8per_4 ----------
[00:00:00:12:176] Expansion 10,000: state None, f=43, g=34
[00:00:00:18:974] Expansion 20,000: state None, f=43, g=27
[00:00:00:26:562] Expansion 30,000: state None, f=43, g=31
[00:00:00:33:948] Expansion 40,000: state None, f=43, g=27
[00:00:00:41:770] Expansion 50,000: state None, f=43, g=11
[00:00:00:50:150] Expansion 60,000: state None, f=43, g=36
[00:00:00:57:833] Expansion 70,000: state None, f=43, g=28
[00:00:01:01:341] Path of length 42 found: [0, 1, 9, 17, 16, 24, 32, 40, 41, 42, 43, 44, 45, 37, 36, 28, 20, 21, 13, 12, 11, 19, 27, 35, 34, 33, 25, 26, 18, 10, 2, 3, 4, 5, 6, 7, 15, 14, 22, 30, 38, 39, 47]
[00:00:01:01:343] ! Unidirectional s-t. expansions: 73,991, time: 61,341 [ms], path length: 42 [edges], generated: 118,419
[00:00:00:08:440] Expansion 10,000: state None, f=43, g=30
[00:00:00:21:347] Expansion 20,000: state None, f=43, g=23
[00:00:00:29:424] Expansion 30,000: state None, f=43, g=31
[00:00:00:38:667] Expansion 40,000: state None, f=43, g=31
[00:00:00:39:296] Path of length 42 found: [47, 39, 31, 30, 38, 37, 45, 44, 36, 35, 43, 42, 41, 40, 32, 24, 16, 17, 25, 33, 34, 26, 27, 19, 20, 28, 29, 21, 22, 14, 15, 7, 6, 5, 13, 12, 4, 3, 11, 10, 2, 1, 0]
[00:00:00:39:297] ! Unidirectional t-s. expansions: 40,295, time: 39,296 [ms], path length: 42 [edges], generated: 68,665
[00:00:00:13:765] Expansion 10,000: F [0, 1, 2, 10, 9, 17, 16, 24, 32, 40, 41, 33, 25, 26, 18, 19, 11, 12], B [47, 39, 31, 30], f=43, g=20
[00:00:00:28:030] Expansion 20,000: F [0, 1, 9, 10, 2, 3, 11, 19, 20, 12, 13, 5, 6, 7, 15, 14, 22, 21, 29, 28, 27, 26], B [47, 39, 31, 30, 38, 37, 45, 44, 36, 35, 43, 42, 34, 33], f=43, g=34
[00:00:00:43:009] Expansion 30,000: F [0, 1, 2, 3, 11, 12, 13, 5, 6, 7, 15, 14, 22], B [47, 39, 31, 30, 38, 37, 45, 44, 43, 42, 41, 40, 32, 33, 25, 24, 16, 17, 9, 10, 18, 19, 27, 26, 34, 35, 36, 28], f=43, g=39
[00:00:00:57:543] Expansion 40,000: F [0, 1, 9, 17, 16, 24, 32, 40, 41, 33, 25, 26, 18, 10, 2, 3, 4, 12, 11, 19, 27, 35, 34, 42, 43, 44, 45], B [47, 39, 38, 30], f=43, g=29
[00:00:01:09:998] Path of length 42 found: [0, 1, 9, 17, 16, 24, 32, 40, 41, 33, 25, 26, 18, 19, 11, 10, 2, 3, 4, 12, 13, 5, 6, 7, 15, 14, 22, 21, 20, 28, 27, 35, 34, 42, 43, 44, 45, 37, 38, 30, 31, 39, 47]
[00:00:01:10:371] ! Bidirectional. expansions: 49,289, time: 69,998 [ms], path length: 42 [edges], g_F: 31, g_B: 11, generated: {'F': 58,921, 'B': 30,749}, MM: 20, MMPER: 45.51162790697674%
[00:00:01:10:371] 
---------- SM_Grids/6x8_grid_with_random_blocks_8per_5 ----------
[00:00:00:10:806] Path of length 42 found: [0, 1, 9, 8, 16, 17, 25, 26, 34, 33, 32, 40, 41, 42, 43, 44, 36, 37, 45, 46, 38, 30, 29, 21, 20, 28, 27, 19, 18, 10, 2, 3, 11, 12, 4, 5, 13, 14, 22, 23, 31, 39, 47]
[00:00:00:10:808] ! Unidirectional s-t. expansions: 5,931, time: 10,806 [ms], path length: 42 [edges], generated: 10,469
[00:00:00:07:989] Path of length 42 found: [47, 46, 45, 37, 38, 39, 31, 30, 29, 21, 22, 23, 15, 14, 13, 5, 4, 3, 2, 1, 9, 10, 11, 12, 20, 19, 27, 28, 36, 44, 43, 42, 41, 40, 32, 33, 34, 26, 18, 17, 16, 8, 0]
[00:00:00:07:993] ! Unidirectional t-s. expansions: 7,519, time: 7,990 [ms], path length: 42 [edges], generated: 12,106
[00:00:00:14:743] Expansion 10,000: F [0, 8, 16, 17, 18, 10, 9, 1, 2, 3, 11, 12], B [47, 46, 45, 37, 38, 39, 31, 30, 29, 28], f=43, g=20
[00:00:00:30:376] Expansion 20,000: F [0, 1, 2, 3, 11, 19, 18, 10, 9, 8, 16], B [47, 39, 31, 30, 29], f=43, g=14
[00:00:00:37:814] Path of length 42 found: [0, 8, 16, 17, 9, 1, 2, 3, 4, 5, 13, 12, 20, 21, 29, 37, 36, 28, 27, 19, 11, 10, 18, 26, 25, 33, 32, 40, 41, 42, 43, 44, 45, 46, 38, 30, 22, 14, 15, 23, 31, 39, 47]
[00:00:00:38:231] ! Bidirectional. expansions: 24,969, time: 37,815 [ms], path length: 42 [edges], g_F: 25, g_B: 17, generated: {'F': 16,529, 'B': 27,991}, MM: 8, MMPER: 17.6046511627907%
[00:00:00:38:232] 
---------- SM_Grids/6x8_grid_with_random_blocks_8per_6 ----------
[00:00:00:08:916] Expansion 10,000: state None, f=43, g=36
[00:00:00:09:081] Path of length 42 found: [0, 8, 16, 17, 18, 10, 11, 12, 4, 5, 6, 7, 15, 23, 31, 30, 22, 14, 13, 21, 29, 28, 20, 19, 27, 26, 34, 33, 25, 24, 32, 40, 41, 42, 43, 35, 36, 44, 45, 37, 38, 46, 47]
[00:00:00:09:082] ! Unidirectional s-t. expansions: 10,117, time: 9,081 [ms], path length: 42 [edges], generated: 17,664
[00:00:00:08:995] Expansion 10,000: state None, f=43, g=18
[00:00:00:17:856] Expansion 20,000: state None, f=43, g=35
[00:00:00:26:520] Expansion 30,000: state None, f=43, g=24
[00:00:00:33:739] Path of length 42 found: [47, 46, 45, 44, 43, 42, 41, 40, 32, 33, 34, 35, 36, 37, 38, 39, 31, 30, 29, 28, 27, 19, 20, 21, 22, 23, 15, 7, 6, 14, 13, 5, 4, 12, 11, 10, 18, 26, 25, 17, 16, 8, 0]
[00:00:00:33:740] ! Unidirectional t-s. expansions: 37,798, time: 33,739 [ms], path length: 42 [edges], generated: 63,676
[00:00:00:13:913] Expansion 10,000: F [0, 8, 16, 24, 32, 40, 41, 42, 43, 44, 45, 37, 36, 35, 34, 33, 25, 17, 18], B [47, 46, 38, 39, 31, 30, 29, 28, 20, 21, 22, 23, 15, 7, 6, 14, 13], f=43, g=34
[00:00:00:29:209] Expansion 20,000: F [0, 8, 16, 24, 25, 17, 18], B [47, 46, 45, 44, 43, 42, 41, 40, 32, 33, 34, 35, 36, 28, 20, 21, 29, 37, 38, 39], f=43, g=25
[00:00:00:42:917] Expansion 30,000: F [0, 8, 16, 17, 18, 10, 11, 19, 27], B [47, 46, 38, 39, 31, 30, 29, 21, 22, 23, 15, 7, 6, 14, 13, 5, 4, 12, 20], f=43, g=26
[00:00:00:47:248] Path of length 42 found: [0, 8, 16, 24, 32, 40, 41, 33, 25, 17, 18, 10, 11, 19, 27, 26, 34, 42, 43, 44, 45, 46, 38, 30, 22, 14, 13, 21, 29, 37, 36, 28, 20, 12, 4, 5, 6, 7, 15, 23, 31, 39, 47]
[00:00:00:47:633] ! Bidirectional. expansions: 33,160, time: 47,249 [ms], path length: 42 [edges], g_F: 16, g_B: 26, generated: {'F': 24,420, 'B': 35,792}, MM: 10, MMPER: 22.25581395348837%
[00:00:00:47:633] 
---------- SM_Grids/6x8_grid_with_random_blocks_8per_7 ----------
[00:00:00:00:060] Path of length 44 found: [0, 8, 16, 24, 32, 40, 41, 33, 25, 17, 9, 1, 2, 10, 18, 26, 34, 42, 43, 35, 27, 19, 20, 12, 11, 3, 4, 5, 6, 14, 15, 23, 22, 21, 29, 37, 36, 44, 45, 46, 38, 30, 31, 39, 47]
[00:00:00:00:060] ! Unidirectional s-t. expansions: 48, time: 60 [ms], path length: 44 [edges], generated: 77
[00:00:00:00:056] Path of length 44 found: [47, 39, 31, 23, 15, 14, 6, 5, 4, 3, 2, 1, 9, 17, 25, 33, 34, 26, 18, 10, 11, 12, 20, 19, 27, 35, 36, 37, 29, 21, 22, 30, 38, 46, 45, 44, 43, 42, 41, 40, 32, 24, 16, 8, 0]
[00:00:00:00:056] ! Unidirectional t-s. expansions: 45, time: 56 [ms], path length: 44 [edges], generated: 72
[00:00:00:00:111] Path of length 44 found: [0, 8, 16, 24, 32, 40, 41, 33, 25, 17, 9, 1, 2, 10, 18, 26, 34, 42, 43, 44, 45, 46, 38, 30, 22, 21, 29, 37, 36, 35, 27, 19, 20, 12, 11, 3, 4, 5, 6, 14, 15, 23, 31, 39, 47]
[00:00:00:00:450] ! Bidirectional. expansions: 65, time: 111 [ms], path length: 44 [edges], g_F: 32, g_B: 12, generated: {'F': 82, 'B': 30}, MM: 20, MMPER: 43.44444444444444%
[00:00:00:00:450] 
---------- SM_Grids/6x8_grid_with_random_blocks_8per_8 ----------
[00:00:00:14:000] Expansion 10,000: state None, f=43, g=30
[00:00:00:17:025] Path of length 42 found: [0, 8, 16, 24, 25, 33, 32, 40, 41, 42, 43, 44, 36, 35, 27, 26, 18, 17, 9, 1, 2, 10, 11, 3, 4, 5, 6, 7, 15, 14, 22, 21, 13, 12, 20, 28, 29, 37, 38, 30, 31, 39, 47]
[00:00:00:17:026] ! Unidirectional s-t. expansions: 12,648, time: 17,025 [ms], path length: 42 [edges], generated: 21,861
[00:00:00:08:432] Path of length 42 found: [47, 46, 38, 39, 31, 30, 29, 37, 36, 44, 43, 35, 27, 28, 20, 21, 22, 14, 15, 7, 6, 5, 13, 12, 4, 3, 2, 10, 11, 19, 18, 26, 25, 33, 41, 40, 32, 24, 16, 17, 9, 1, 0]
[00:00:00:08:435] ! Unidirectional t-s. expansions: 7,368, time: 8,433 [ms], path length: 42 [edges], generated: 12,688
[00:00:00:15:906] Expansion 10,000: F [0, 1, 2, 3, 11, 10, 9, 8, 16, 24, 32, 40, 41, 33], B [47, 46, 38, 39, 31, 30, 22, 14, 15, 7, 6, 5, 4, 12, 13, 21, 20, 28, 29, 37, 36, 44, 43], f=43, g=35
[00:00:00:26:268] Expansion 20,000: F [0, 8, 16, 24, 25], B [47, 46, 38, 39, 31, 30, 22, 21, 13, 14, 15, 7, 6, 5, 4, 12, 11, 19, 20, 28, 29, 37, 36], f=43, g=26
[00:00:00:41:616] Expansion 30,000: F [0, 8, 16, 24, 32, 40, 41], B [47, 39, 31, 30, 38, 37, 29, 21, 22, 14, 15, 7, 6, 5, 13, 12, 4, 3, 2, 1, 9, 17, 18, 10], f=43, g=29
[00:00:00:50:308] Path of length 42 found: [0, 8, 16, 24, 25, 33, 32, 40, 41, 42, 43, 44, 36, 37, 29, 21, 20, 19, 27, 26, 18, 17, 9, 1, 2, 10, 11, 3, 4, 12, 13, 5, 6, 7, 15, 14, 22, 30, 31, 39, 38, 46, 47]
[00:00:00:50:695] ! Bidirectional. expansions: 35,862, time: 50,308 [ms], path length: 42 [edges], g_F: 18, g_B: 24, generated: {'F': 25,716, 'B': 38,125}, MM: 6, MMPER: 12.953488372093023%
[00:00:00:50:695] 
---------- SM_Grids/6x8_grid_with_random_blocks_8per_9 ----------
[00:00:00:00:609] Path of length 44 found: [0, 1, 9, 10, 2, 3, 11, 12, 20, 28, 27, 19, 18, 26, 25, 17, 16, 24, 32, 33, 41, 42, 34, 35, 43, 44, 36, 37, 45, 46, 38, 30, 29, 21, 13, 5, 6, 7, 15, 14, 22, 23, 31, 39, 47]
[00:00:00:00:611] ! Unidirectional s-t. expansions: 224, time: 609 [ms], path length: 44 [edges], generated: 410
[00:00:00:00:104] Path of length 44 found: [47, 39, 31, 23, 15, 7, 6, 5, 13, 14, 22, 21, 29, 30, 38, 46, 45, 37, 36, 44, 43, 35, 34, 42, 41, 33, 32, 24, 16, 17, 25, 26, 18, 19, 27, 28, 20, 12, 11, 3, 2, 10, 9, 1, 0]
[00:00:00:00:104] ! Unidirectional t-s. expansions: 96, time: 104 [ms], path length: 44 [edges], generated: 169
[00:00:00:04:098] Path of length 44 found: [0, 1, 9, 10, 2, 3, 11, 12, 20, 28, 27, 19, 18, 26, 25, 17, 16, 24, 32, 33, 41, 42, 34, 35, 43, 44, 36, 37, 45, 46, 38, 30, 29, 21, 22, 14, 13, 5, 6, 7, 15, 23, 31, 39, 47]
[00:00:00:04:448] ! Bidirectional. expansions: 2,062, time: 4,098 [ms], path length: 44 [edges], g_F: 17, g_B: 27, generated: {'F': 670, 'B': 3,056}, MM: 10, MMPER: 21.22222222222222%
[00:00:00:04:448] average expansions: (24,910, 28,577, 53,911, 0)
[00:00:00:04:448] average time: (23,296, 26,282, 73,208, 0)
[00:00:00:04:448] XA*: 24,910 , 23,296 (expansions , time[ms])
[00:00:00:04:449] BiXA*: 53,911 , 73,208 (expansions , time[ms])

