--------------------------
date: SM_Grids
number_of_graphs: 10
graph_type: grid
size_of_graphs: [7, 7]
heuristic: bcc_heuristic
snake: False
run_uni: True
run_bi: True
run_multi: False
solution_vertices: []
algorithms: ['A']
lookahead: 1
bsd: False
cube_first_dims: 4
cube_buffer_dim: None
backward_sym_generation: False
sym_coil: False
prefix_set: None

---------- SM_Grids/7x7_grid_with_random_blocks_8per_0 ----------
[00:00:00:04:592] Path of length 44 found: [0, 7, 8, 1, 2, 3, 4, 5, 6, 13, 20, 27, 34, 33, 32, 25, 26, 19, 12, 11, 18, 17, 10, 9, 16, 15, 22, 21, 28, 29, 30, 31, 38, 37, 36, 35, 42, 43, 44, 45, 46, 39, 40, 47, 48]
[00:00:00:04:596] ! Unidirectional s-t. expansions: 5,016, time: 4,593 [ms], path length: 44 [edges], generated: 8,516
[00:00:00:09:944] Expansion 10,000: state None, f=45, g=40
[00:00:00:19:374] Expansion 20,000: state None, f=45, g=26
[00:00:00:20:654] Path of length 44 found: [48, 47, 46, 45, 44, 43, 42, 35, 36, 37, 38, 39, 40, 41, 34, 33, 32, 31, 30, 29, 28, 21, 22, 15, 16, 17, 18, 25, 26, 27, 20, 19, 12, 13, 6, 5, 4, 11, 10, 3, 2, 9, 8, 1, 0]
[00:00:00:20:657] ! Unidirectional t-s. expansions: 21,118, time: 20,654 [ms], path length: 44 [edges], generated: 33,831
[00:00:00:15:777] Expansion 10,000: F [0, 7, 8, 1, 2, 3, 4, 5, 6, 13, 20, 27, 26, 33], B [48, 47, 46, 45, 38, 31], f=45, g=18
[00:00:00:23:288] Path of length 44 found: [0, 7, 8, 1, 2, 9, 16, 15, 22, 21, 28, 35, 42, 43, 44, 37, 36, 29, 30, 31, 38, 45, 46, 47, 40, 33, 32, 25, 26, 19, 18, 17, 10, 3, 4, 11, 12, 5, 6, 13, 20, 27, 34, 41, 48]
[00:00:00:23:697] ! Bidirectional. expansions: 14,745, time: 23,288 [ms], path length: 44 [edges], g_F: 26, g_B: 18, generated: {'F': 15,500, 'B': 11,256}, MM: 8, MMPER: 16.77777777777778%
[00:00:00:23:697] 
---------- SM_Grids/7x7_grid_with_random_blocks_8per_1 ----------
[00:00:00:15:099] Expansion 10,000: state None, f=43, g=30
[00:00:00:27:914] Expansion 20,000: state None, f=43, g=22
[00:00:00:34:187] Path of length 42 found: [0, 7, 8, 15, 14, 21, 28, 35, 42, 43, 36, 29, 22, 23, 30, 31, 38, 39, 46, 47, 40, 33, 32, 25, 24, 17, 16, 9, 2, 3, 10, 11, 4, 5, 6, 13, 12, 19, 26, 27, 34, 41, 48]
[00:00:00:34:190] ! Unidirectional s-t. expansions: 24,437, time: 34,187 [ms], path length: 42 [edges], generated: 43,411
[00:00:00:15:917] Expansion 10,000: state None, f=43, g=18
[00:00:00:27:800] Expansion 20,000: state None, f=43, g=27
[00:00:00:40:393] Expansion 30,000: state None, f=43, g=31
[00:00:00:50:502] Path of length 42 found: [48, 47, 46, 39, 38, 31, 32, 33, 40, 41, 34, 27, 26, 25, 18, 19, 20, 13, 6, 5, 12, 11, 4, 3, 2, 9, 10, 17, 24, 23, 30, 29, 36, 43, 42, 35, 28, 21, 22, 15, 8, 7, 0]
[00:00:00:50:505] ! Unidirectional t-s. expansions: 38,091, time: 50,502 [ms], path length: 42 [edges], generated: 65,034
[00:00:00:14:614] Expansion 10,000: F [0, 7, 14, 21, 28, 35, 42, 43, 36, 29, 30, 31, 38, 39, 46, 47, 40, 33], B [48, 41, 34, 27, 20, 19, 18, 17, 10, 11, 12, 13, 6, 5, 4, 3, 2, 9, 8, 15, 16, 23, 24, 25], f=43, g=40
[00:00:00:25:241] Expansion 20,000: F [0, 7, 8, 15, 14, 21, 28, 35, 42, 43], B [48, 47, 46, 39, 38, 31, 32, 33, 40, 41, 34, 27, 20, 19, 12, 13, 6, 5, 4, 11, 10, 3, 2, 9, 16], f=43, g=33
[00:00:00:38:652] Expansion 30,000: F [0, 7, 14, 21, 28, 35, 42], B [48, 41, 34, 27, 20, 13, 6, 5, 12, 11, 4, 3, 10, 17, 18, 19, 26, 33, 40, 47, 46, 39, 38, 31, 32, 25, 24, 23], f=43, g=33
[00:00:00:53:241] Expansion 40,000: F [0, 7, 14, 15, 16, 9, 2, 3, 4, 5, 6, 13], B [48, 41, 34, 27, 20, 19, 26, 25], f=43, g=18
[00:00:01:08:294] Expansion 50,000: F [0, 7, 14, 21, 28, 35, 42], B [48, 47, 46, 39, 32, 33, 40, 41, 34, 27, 20, 19, 26, 25, 24, 31], f=43, g=21
[00:00:01:22:487] Expansion 60,000: F [0, 7, 14, 21, 28, 35, 42, 43, 36, 29, 30, 23], B [48, 47, 40, 41, 34, 27, 26, 33, 32, 39], f=43, g=20
[00:00:01:26:738] Path of length 42 found: [0, 7, 14, 21, 28, 35, 42, 43, 36, 29, 22, 23, 30, 31, 38, 39, 46, 47, 40, 33, 26, 25, 18, 19, 12, 11, 10, 17, 16, 15, 8, 9, 2, 3, 4, 5, 6, 13, 20, 27, 34, 41, 48]
[00:00:01:27:182] ! Bidirectional. expansions: 62,545, time: 86,745 [ms], path length: 42 [edges], g_F: 15, g_B: 27, generated: {'F': 61,526, 'B': 51,954}, MM: 12, MMPER: 26.906976744186046%
[00:00:01:27:183] 
---------- SM_Grids/7x7_grid_with_random_blocks_8per_2 ----------
[00:00:00:18:747] Path of length 44 found: [0, 7, 8, 15, 14, 21, 22, 29, 28, 35, 36, 43, 44, 45, 46, 47, 40, 33, 32, 39, 38, 37, 30, 31, 24, 23, 16, 17, 18, 11, 10, 9, 2, 3, 4, 5, 6, 13, 12, 19, 26, 27, 34, 41, 48]
[00:00:00:18:750] ! Unidirectional s-t. expansions: 7,780, time: 18,747 [ms], path length: 44 [edges], generated: 13,533
[00:00:00:13:394] Expansion 10,000: state None, f=45, g=34
[00:00:00:19:498] Path of length 44 found: [48, 47, 46, 45, 44, 43, 36, 35, 28, 21, 22, 29, 30, 37, 38, 39, 40, 41, 34, 27, 20, 13, 6, 5, 12, 11, 4, 3, 2, 9, 10, 17, 18, 19, 26, 33, 32, 31, 24, 23, 16, 15, 8, 7, 0]
[00:00:00:19:501] ! Unidirectional t-s. expansions: 14,890, time: 19,498 [ms], path length: 44 [edges], generated: 25,129
[00:00:00:15:567] Expansion 10,000: F [0, 7, 14, 21, 22, 23, 16, 15, 8, 9, 2, 3, 4, 5, 6, 13, 12, 11, 10], B [48, 47, 46, 39], f=45, g=21
[00:00:00:32:479] Expansion 20,000: F [0, 7, 8, 15, 14, 21, 22, 29, 28, 35, 36, 43, 44, 45, 38, 37, 30, 31, 24, 23, 16, 9, 2, 3, 10, 17, 18, 11, 4, 5, 6, 13], B [48, 47, 46, 39, 32, 33], f=45, g=36
[00:00:00:46:589] Path of length 44 found: [0, 7, 14, 21, 28, 35, 36, 43, 44, 37, 30, 29, 22, 23, 24, 31, 38, 45, 46, 47, 40, 39, 32, 33, 26, 19, 12, 11, 10, 17, 16, 15, 8, 9, 2, 3, 4, 5, 6, 13, 20, 27, 34, 41, 48]
[00:00:00:46:984] ! Bidirectional. expansions: 29,369, time: 46,589 [ms], path length: 44 [edges], g_F: 27, g_B: 17, generated: {'F': 29,726, 'B': 24,969}, MM: 10, MMPER: 21.22222222222222%
[00:00:00:46:985] 
---------- SM_Grids/7x7_grid_with_random_blocks_8per_3 ----------
[00:00:00:11:605] Expansion 10,000: state None, f=45, g=19
[00:00:00:20:675] Expansion 20,000: state None, f=45, g=41
[00:00:00:28:659] Expansion 30,000: state None, f=45, g=31
[00:00:00:30:210] Path of length 44 found: [0, 1, 2, 3, 4, 5, 6, 13, 20, 27, 26, 33, 32, 31, 38, 37, 30, 29, 22, 23, 24, 25, 18, 19, 12, 11, 10, 17, 16, 9, 8, 7, 14, 21, 28, 35, 42, 43, 44, 45, 46, 39, 40, 47, 48]
[00:00:00:30:213] ! Unidirectional s-t. expansions: 31,470, time: 30,210 [ms], path length: 44 [edges], generated: 48,489
[00:00:00:05:771] Path of length 44 found: [48, 41, 40, 47, 46, 39, 32, 33, 26, 27, 20, 19, 18, 25, 24, 17, 10, 11, 12, 13, 6, 5, 4, 3, 2, 1, 8, 9, 16, 23, 22, 29, 30, 31, 38, 37, 44, 43, 42, 35, 28, 21, 14, 7, 0]
[00:00:00:05:774] ! Unidirectional t-s. expansions: 982, time: 5,773 [ms], path length: 44 [edges], generated: 1,758
[00:00:00:11:190] Path of length 44 found: [0, 7, 14, 21, 22, 29, 28, 35, 42, 43, 44, 45, 38, 31, 30, 23, 16, 17, 24, 25, 18, 19, 12, 11, 10, 9, 8, 1, 2, 3, 4, 5, 6, 13, 20, 27, 26, 33, 32, 39, 46, 47, 40, 41, 48]
[00:00:00:11:562] ! Bidirectional. expansions: 7,296, time: 11,190 [ms], path length: 44 [edges], g_F: 14, g_B: 30, generated: {'F': 8,361, 'B': 3,874}, MM: 16, MMPER: 34.55555555555556%
[00:00:00:11:562] 
---------- SM_Grids/7x7_grid_with_random_blocks_8per_4 ----------
[00:00:00:00:799] Path of length 44 found: [0, 7, 14, 21, 22, 29, 28, 35, 42, 43, 36, 37, 38, 45, 46, 47, 40, 39, 32, 33, 26, 19, 18, 25, 24, 31, 30, 23, 16, 15, 8, 1, 2, 9, 10, 11, 4, 5, 12, 13, 20, 27, 34, 41, 48]
[00:00:00:00:800] ! Unidirectional s-t. expansions: 585, time: 799 [ms], path length: 44 [edges], generated: 964
[00:00:00:03:003] Path of length 44 found: [48, 47, 46, 45, 38, 39, 40, 41, 34, 33, 32, 31, 30, 37, 36, 43, 42, 35, 28, 29, 22, 21, 14, 7, 8, 15, 16, 23, 24, 25, 18, 19, 26, 27, 20, 13, 6, 5, 4, 11, 10, 9, 2, 1, 0]
[00:00:00:03:003] ! Unidirectional t-s. expansions: 2,132, time: 3,003 [ms], path length: 44 [edges], generated: 3,605
[00:00:00:12:131] Path of length 44 found: [0, 7, 14, 21, 28, 35, 42, 43, 36, 29, 22, 23, 16, 15, 8, 1, 2, 9, 10, 11, 4, 5, 6, 13, 12, 19, 18, 25, 24, 31, 30, 37, 38, 45, 46, 47, 40, 39, 32, 33, 26, 27, 34, 41, 48]
[00:00:00:12:518] ! Bidirectional. expansions: 6,408, time: 12,131 [ms], path length: 44 [edges], g_F: 25, g_B: 19, generated: {'F': 5,100, 'B': 6,045}, MM: 6, MMPER: 12.333333333333334%
[00:00:00:12:519] 
---------- SM_Grids/7x7_grid_with_random_blocks_8per_5 ----------
[00:00:00:01:951] Path of length 44 found: [0, 1, 2, 3, 10, 9, 8, 7, 14, 15, 22, 21, 28, 29, 36, 35, 42, 43, 44, 45, 46, 39, 40, 33, 26, 25, 32, 31, 38, 37, 30, 23, 24, 17, 18, 11, 12, 5, 6, 13, 20, 27, 34, 41, 48]
[00:00:00:01:952] ! Unidirectional s-t. expansions: 1,355, time: 1,952 [ms], path length: 44 [edges], generated: 2,265
[00:00:00:10:082] Path of length 44 found: [48, 41, 40, 39, 46, 45, 44, 43, 42, 35, 36, 37, 38, 31, 30, 29, 28, 21, 14, 15, 22, 23, 24, 25, 32, 33, 34, 27, 26, 19, 20, 13, 6, 5, 12, 11, 18, 17, 10, 3, 2, 9, 8, 1, 0]
[00:00:00:10:083] ! Unidirectional t-s. expansions: 9,838, time: 10,082 [ms], path length: 44 [edges], generated: 15,528
[00:00:00:14:012] Expansion 10,000: F [0, 7, 14, 15, 8, 1, 2], B [48, 41, 40, 33, 34, 27, 26, 25, 32, 39, 46, 45, 44, 43, 42, 35, 28, 21, 22, 23, 30, 29, 36, 37, 38, 31, 24, 17, 18, 19, 20, 13, 6], f=45, g=38
[00:00:00:26:924] Path of length 44 found: [0, 7, 14, 21, 28, 35, 42, 43, 36, 29, 22, 15, 8, 1, 2, 9, 10, 17, 24, 23, 30, 31, 38, 37, 44, 45, 46, 39, 40, 33, 32, 25, 26, 19, 18, 11, 12, 5, 6, 13, 20, 27, 34, 41, 48]
[00:00:00:27:299] ! Bidirectional. expansions: 17,269, time: 26,924 [ms], path length: 44 [edges], g_F: 16, g_B: 28, generated: {'F': 8,422, 'B': 21,002}, MM: 12, MMPER: 25.666666666666668%
[00:00:00:27:299] 
---------- SM_Grids/7x7_grid_with_random_blocks_8per_6 ----------
[00:00:00:09:661] Expansion 10,000: state None, f=45, g=20
[00:00:00:12:478] Path of length 44 found: [0, 1, 2, 3, 4, 5, 6, 13, 20, 27, 34, 33, 26, 19, 12, 11, 18, 25, 24, 17, 16, 9, 8, 15, 14, 21, 22, 23, 30, 31, 38, 37, 36, 29, 28, 35, 42, 43, 44, 45, 46, 39, 40, 47, 48]
[00:00:00:12:481] ! Unidirectional s-t. expansions: 12,598, time: 12,478 [ms], path length: 44 [edges], generated: 20,059
[00:00:00:06:416] Path of length 44 found: [48, 41, 34, 27, 20, 13, 6, 5, 12, 19, 26, 33, 40, 47, 46, 39, 38, 45, 44, 43, 42, 35, 28, 21, 14, 15, 8, 9, 16, 23, 22, 29, 36, 37, 30, 31, 24, 17, 18, 11, 4, 3, 2, 1, 0]
[00:00:00:06:417] ! Unidirectional t-s. expansions: 3,521, time: 6,416 [ms], path length: 44 [edges], generated: 6,021
[00:00:00:14:696] Expansion 10,000: F [0, 1, 8, 9, 2, 3, 4, 11, 18, 25, 26], B [48, 47, 46, 45, 44, 43, 42, 35, 36, 37, 30, 23, 22, 29, 28, 21, 14, 15, 16, 17, 24, 31, 38, 39, 40, 41], f=45, g=35
[00:00:00:24:149] Path of length 44 found: [0, 1, 8, 15, 14, 21, 28, 35, 42, 43, 36, 29, 22, 23, 30, 31, 38, 37, 44, 45, 46, 39, 40, 33, 26, 19, 12, 11, 18, 25, 24, 17, 16, 9, 2, 3, 4, 5, 6, 13, 20, 27, 34, 41, 48]
[00:00:00:24:510] ! Bidirectional. expansions: 16,072, time: 24,149 [ms], path length: 44 [edges], g_F: 22, g_B: 22, generated: {'F': 14,926, 'B': 13,942}, MM: 0, MMPER: -1.0%
[00:00:00:24:510] 
---------- SM_Grids/7x7_grid_with_random_blocks_8per_7 ----------
[00:00:00:11:135] Expansion 10,000: state None, f=43, g=32
[00:00:00:20:779] Expansion 20,000: state None, f=43, g=26
[00:00:00:31:933] Expansion 30,000: state None, f=43, g=32
[00:00:00:41:039] Expansion 40,000: state None, f=43, g=28
[00:00:00:50:800] Expansion 50,000: state None, f=43, g=26
[00:00:01:01:391] Expansion 60,000: state None, f=43, g=27
[00:00:01:11:562] Expansion 70,000: state None, f=43, g=37
[00:00:01:19:709] Expansion 80,000: state None, f=43, g=28
[00:00:01:30:936] Expansion 90,000: state None, f=43, g=40
[00:00:01:39:483] Expansion 100,000: state None, f=43, g=21
[00:00:01:51:818] Expansion 110,000: state None, f=43, g=26
[00:00:01:59:329] Expansion 120,000: state None, f=43, g=27
[00:00:02:08:668] Path of length 42 found: [0, 1, 2, 3, 4, 5, 12, 19, 26, 33, 32, 31, 38, 37, 36, 29, 30, 23, 24, 25, 18, 11, 10, 17, 16, 9, 8, 7, 14, 15, 22, 21, 28, 35, 42, 43, 44, 45, 46, 39, 40, 47, 48]
[00:00:02:08:671] ! Unidirectional s-t. expansions: 129,817, time: 128,668 [ms], path length: 42 [edges], generated: 217,409
[00:00:00:27:787] Expansion 10,000: state None, f=43, g=38
[00:00:00:39:834] Expansion 20,000: state None, f=43, g=24
[00:00:00:42:054] Path of length 42 found: [48, 41, 40, 47, 46, 45, 44, 43, 42, 35, 36, 37, 38, 39, 32, 33, 26, 25, 24, 31, 30, 29, 28, 21, 14, 15, 22, 23, 16, 17, 18, 19, 12, 5, 4, 11, 10, 3, 2, 9, 8, 1, 0]
[00:00:00:42:057] ! Unidirectional t-s. expansions: 21,719, time: 42,054 [ms], path length: 42 [edges], generated: 38,620
[00:00:00:16:527] Expansion 10,000: F [0, 7, 14, 21, 22, 15, 8, 1, 2, 3, 10, 9, 16, 17, 24, 23, 30, 37, 36, 29], B [48, 41, 40], f=43, g=21
[00:00:00:37:918] Expansion 20,000: F [0, 7, 14, 15, 16, 23, 24, 17, 18], B [48, 41, 40, 47, 46, 45, 44, 37, 36, 43, 42, 35, 28, 21, 22, 29, 30, 31], f=43, g=25
[00:00:00:53:288] Expansion 30,000: F [0, 1, 8, 7, 14, 21, 28, 35, 42, 43, 44, 37, 36, 29, 22, 15, 16, 23, 30, 31, 24, 17, 18], B [48, 41, 40, 47, 46, 45, 38, 39], f=43, g=29
[00:00:01:10:039] Expansion 40,000: F [0, 1, 2, 9, 8, 7, 14, 15, 16, 23, 22, 21, 28, 35, 42, 43, 36, 29, 30, 31, 24, 17, 18, 11, 10, 3], B [48, 41, 40], f=43, g=27
[00:00:01:27:124] Expansion 50,000: F [0, 1, 2, 3, 10, 17, 24, 23, 22, 15, 16, 9, 8, 7, 14, 21, 28, 29, 36, 35, 42, 43, 44, 45, 38, 37], B [48, 41, 40], f=43, g=27
[00:00:01:40:283] Path of length 42 found: [0, 7, 14, 21, 28, 35, 42, 43, 36, 29, 22, 15, 8, 1, 2, 9, 16, 23, 30, 37, 44, 45, 38, 31, 24, 17, 10, 3, 4, 5, 12, 11, 18, 25, 26, 33, 32, 39, 46, 47, 40, 41, 48]
[00:00:01:40:707] ! Bidirectional. expansions: 58,950, time: 100,284 [ms], path length: 42 [edges], g_F: 32, g_B: 10, generated: {'F': 51,480, 'B': 58,571}, MM: 22, MMPER: 50.16279069767442%
[00:00:01:40:707] 
---------- SM_Grids/7x7_grid_with_random_blocks_8per_8 ----------
[00:00:00:14:911] Expansion 10,000: state None, f=44, g=28
[00:00:00:27:240] Expansion 20,000: state None, f=43, g=35
[00:00:00:41:650] Expansion 30,000: state None, f=43, g=22
[00:00:00:55:448] Expansion 40,000: state None, f=43, g=22
[00:00:00:58:542] Path of length 42 found: [0, 7, 8, 1, 2, 9, 10, 3, 4, 5, 6, 13, 20, 27, 34, 33, 26, 19, 12, 11, 18, 25, 32, 31, 24, 23, 16, 15, 22, 21, 28, 35, 42, 43, 44, 37, 38, 45, 46, 39, 40, 47, 48]
[00:00:00:58:544] ! Unidirectional s-t. expansions: 41,781, time: 58,542 [ms], path length: 42 [edges], generated: 78,492
[00:00:00:18:954] Expansion 10,000: state None, f=44, g=21
[00:00:00:32:430] Expansion 20,000: state None, f=43, g=32
[00:00:00:43:952] Expansion 30,000: state None, f=43, g=26
[00:00:00:55:853] Expansion 40,000: state None, f=43, g=22
[00:00:01:07:758] Expansion 50,000: state None, f=43, g=22
[00:00:01:16:493] Expansion 60,000: state None, f=43, g=19
[00:00:01:29:774] Expansion 70,000: state None, f=43, g=15
[00:00:01:43:584] Expansion 80,000: state None, f=43, g=15
[00:00:01:48:007] Path of length 42 found: [48, 41, 34, 33, 26, 27, 20, 19, 12, 13, 6, 5, 4, 3, 2, 9, 10, 11, 18, 25, 24, 31, 32, 39, 40, 47, 46, 45, 38, 37, 44, 43, 42, 35, 28, 21, 22, 23, 16, 15, 8, 1, 0]
[00:00:01:48:009] ! Unidirectional t-s. expansions: 82,389, time: 108,008 [ms], path length: 42 [edges], generated: 143,616
[00:00:00:22:289] Expansion 10,000: F [0, 7, 8, 1, 2, 9, 10, 3, 4, 5, 6, 13, 20, 19, 12, 11, 18, 17, 16, 15, 22], B [48, 47, 46, 39, 40, 41, 34, 27, 26, 33, 32, 25, 24], f=45, g=32
[00:00:00:37:976] Expansion 20,000: F [0, 7, 8], B [48, 47, 46, 39, 40, 41, 34, 33, 32, 25, 26, 27, 20, 13, 6, 5, 12, 19, 18, 11, 4, 3, 2, 9, 10, 17, 16], f=44, g=28
[00:00:00:56:064] Expansion 30,000: F [0, 7, 8], B [48, 47, 46, 39, 40, 41, 34, 27, 20, 13, 6, 5, 4, 3, 2, 9, 10, 11, 12, 19, 18, 17, 16], f=44, g=24
[00:00:01:25:108] Expansion 40,000: F [0, 7, 8, 15, 16, 17, 10, 9, 2, 3], B [48, 41, 34, 27, 20, 19, 26, 33, 32, 39, 40, 47, 46, 45, 44], f=44, g=23
[00:00:01:45:226] Expansion 50,000: F [0, 1, 2, 9], B [48, 41, 34, 27, 20, 19, 26, 33, 40, 47, 46, 39, 32, 25, 24, 31], f=44, g=18
[00:00:02:05:530] Expansion 60,000: F [0, 7, 8, 15, 16, 9, 2], B [48, 41, 34, 33, 26, 27, 20, 13, 6], f=44, g=14
[00:00:02:24:023] Expansion 70,000: F [0, 1, 8, 9, 2, 3, 4, 5, 6, 13, 12, 11, 10, 17, 18, 19], B [48, 41, 34, 33, 32, 39, 40, 47, 46, 45, 38], f=44, g=25
[00:00:02:42:675] Expansion 80,000: F [0, 7, 8, 15, 16, 17, 18, 19, 12, 11, 10, 9], B [48, 41, 40, 47, 46, 45, 44], f=44, g=17
[00:00:03:00:521] Expansion 90,000: F [0, 1, 2, 3, 4, 11, 10, 17, 16, 9, 8, 15], B [48, 47, 46, 39, 40, 41, 34, 27, 20, 13, 6, 5, 12, 19, 18, 25, 26, 33, 32, 31], f=44, g=30
[00:00:03:19:246] Expansion 100,000: F [0, 1, 2, 3, 10, 17, 18, 11, 4, 5, 6, 13, 12, 19, 20, 27, 34, 33, 26, 25, 32, 39], B [48, 41, 40, 47, 46], f=44, g=25
[00:00:03:19:246] Expansions: 100,000. Checks - state_vs_state: 6,894, prefix: 435,991
[00:00:03:19:246] Expansions: 100,000. Checks - state_vs_state: 6,895, prefix: 435,991
[00:00:03:19:246] Expansions: 100,000. Checks - state_vs_state: 6,895, prefix: 435,992
[00:00:03:19:247] Expansions: 100,000. Checks - state_vs_state: 6,896, prefix: 435,992
[00:00:03:19:247] Expansions: 100,000. Checks - state_vs_state: 6,896, prefix: 435,993
[00:00:03:36:472] Expansion 110,000: F [0, 7, 8, 1, 2, 9, 10, 3, 4, 11, 12, 5, 6, 13, 20, 27, 34, 41, 40, 33, 26, 19, 18, 25, 32, 31, 24, 17, 16, 15, 22], B [48, 47, 46, 45, 38, 37, 44, 43, 42, 35, 28], f=43, g=40
[00:00:03:44:489] Expansion 120,000: F [0, 7, 8, 1, 2, 3, 10, 9, 16, 23, 22], B [48, 41, 34, 27, 20, 13, 6, 5, 4, 11, 12, 19, 18, 17, 24, 31, 32, 25, 26, 33, 40, 47, 46, 39, 38, 37, 44], f=43, g=36
[00:00:03:53:006] Expansion 130,000: F [0, 1, 2, 9, 8, 15, 16, 23, 22, 21, 28], B [48, 41, 34, 27, 20, 13, 6, 5, 4, 3, 10, 11, 12, 19, 18, 17, 24, 25, 26, 33, 40, 47, 46, 39, 32, 31, 38], f=43, g=36
[00:00:04:00:275] Expansion 140,000: F [0, 1, 8, 15, 22, 21, 28], B [48, 41, 40, 47, 46, 39, 32, 33, 34, 27, 26, 25, 18, 17, 10, 11, 12, 19, 20, 13, 6, 5, 4, 3, 2, 9, 16, 23, 24, 31, 38], f=43, g=36
[00:00:04:08:665] Expansion 150,000: F [0, 7, 8, 15, 16, 17, 10, 9, 2, 3, 4, 5, 6, 13, 12, 11, 18, 25, 24, 23, 22, 21, 28, 35, 42, 43, 44], B [48, 47, 40, 41, 34, 27, 20, 19, 26, 33, 32, 31, 38], f=43, g=38
[00:00:04:17:967] Expansion 160,000: F [0, 7, 8, 1, 2, 9, 10, 3, 4, 11, 12, 5, 6, 13, 20, 19, 18, 17, 24, 23, 16, 15, 22, 21, 28, 35, 42, 43], B [48, 41, 34, 33, 26, 25, 32, 31, 38], f=43, g=35
[00:00:04:28:059] Expansion 170,000: F [0, 7, 8, 9, 2, 3, 10, 17, 18, 19, 12, 11, 4, 5, 6, 13, 20, 27, 34, 33, 26, 25, 32, 39, 38, 31, 24, 23, 16, 15, 22], B [48, 41, 40, 47, 46, 45, 44, 43, 42], f=43, g=38
[00:00:04:38:528] Expansion 180,000: F [0, 1, 8, 15, 16, 23, 22, 29, 28, 35, 42, 43, 44], B [48, 41, 34, 27, 20, 13, 6, 5, 12, 19, 26, 25, 18, 11, 4, 3, 2, 9, 10, 17, 24, 31, 38], f=43, g=34
[00:00:04:50:602] Expansion 190,000: F [0, 1, 8, 15, 16, 23, 22], B [48, 41, 34, 27, 20, 13, 6, 5, 12, 19, 26, 25, 18, 11, 4, 3, 2, 9, 10, 17, 24, 31, 32, 33, 40, 39, 46, 45, 38, 37, 44, 43, 42, 35, 28], f=43, g=40
[00:00:05:04:513] Expansion 200,000: F [0, 7, 8, 1, 2, 3, 4, 5, 6, 13, 20, 27, 34, 33, 26, 19, 18, 17, 10], B [48, 41, 40, 47, 46, 39, 32, 25, 24, 31], f=43, g=27
[00:00:05:04:514] Expansions: 200,000. Checks - state_vs_state: 8,638, prefix: 843,256
[00:00:05:04:514] Expansions: 200,000. Checks - state_vs_state: 8,638, prefix: 843,257
[00:00:05:04:514] Expansions: 200,000. Checks - state_vs_state: 8,638, prefix: 843,258
[00:00:05:18:936] Expansion 210,000: F [0, 7, 8, 15, 16, 9, 2, 3, 10, 17, 18, 11, 4, 5, 12], B [48, 47, 40, 41, 34, 33, 32, 39, 46, 45, 38], f=43, g=24
[00:00:05:35:055] Expansion 220,000: F [0, 7, 8, 1, 2, 9, 10, 11, 4, 5, 6, 13, 20, 27, 26, 19], B [48, 41, 34, 33, 32, 39, 40, 47, 46, 45, 44], f=43, g=25
[00:00:05:52:481] Expansion 230,000: F [0, 1, 2, 3, 4, 5, 6, 13, 20, 27, 34, 41, 40, 33, 26, 25, 32, 31, 24, 17, 18, 19, 12, 11, 10, 9, 8], B [48, 47, 46, 45, 38], f=43, g=30
[00:00:06:10:265] Expansion 240,000: F [0, 1, 8, 9, 2, 3, 10, 11, 4, 5, 12, 13, 20, 27], B [48, 47, 46, 45, 38, 37, 44, 43, 42, 35, 28], f=43, g=23
[00:00:06:28:291] Expansion 250,000: F [0, 7, 8, 1, 2, 9, 10, 17, 16, 15, 22], B [48, 47, 40, 41, 34, 27, 20, 13, 12, 5, 4, 11, 18, 19, 26, 33, 32, 25], f=43, g=27
[00:00:06:46:886] Expansion 260,000: F [0, 7, 8, 1, 2, 3, 4, 5, 12, 13, 20, 19, 18, 25, 32], B [48, 47, 46, 45, 44], f=43, g=18
[00:00:07:05:454] Expansion 270,000: F [0, 7, 8, 15, 16, 9, 2, 3, 4, 5, 12, 13, 20, 19, 26, 27, 34, 33, 32], B [48, 41, 40, 47, 46, 39, 38], f=43, g=24
[00:00:07:26:166] Expansion 280,000: F [0, 7, 8, 1, 2, 3, 4, 11, 10, 17, 18, 19, 12, 5, 6, 13, 20, 27, 34, 33, 26, 25, 32, 31], B [48, 41, 40, 39, 46], f=43, g=27
[00:00:07:45:643] Expansion 290,000: F [0, 7, 8, 1, 2, 3, 4, 11, 18, 19, 12, 5, 6, 13, 20, 27, 34, 33, 26, 25], B [48, 47, 40, 39, 38], f=43, g=23
[00:00:08:04:812] Expansion 300,000: F [0, 1, 8], B [48, 41, 34, 27, 20, 13, 6, 5, 12, 11, 18, 19], f=43, g=13
[00:00:08:04:813] Expansions: 300,000. Checks - state_vs_state: 12,330, prefix: 1,296,757
[00:00:08:04:813] Expansions: 300,000. Checks - state_vs_state: 12,330, prefix: 1,296,758
[00:00:08:04:814] Expansions: 300,000. Checks - state_vs_state: 12,330, prefix: 1,296,759
[00:00:08:04:815] Expansions: 300,000. Checks - state_vs_state: 12,330, prefix: 1,296,760
[00:00:08:24:156] Expansion 310,000: F [0, 7, 8, 1, 2, 3, 10, 11, 18, 25, 26, 19, 12], B [48, 47, 40], f=43, g=14
[00:00:08:42:681] Expansion 320,000: F [0, 7, 8, 9, 16, 15, 22], B [48, 41, 34, 33, 26, 27, 20, 13, 6, 5, 4, 3, 10, 11, 12, 19], f=43, g=21
[00:00:09:00:457] Expansion 330,000: F [0, 1, 2, 9, 8, 15, 16, 17, 10, 3, 4, 5, 6, 13, 20, 19, 12, 11, 18, 25, 26, 27, 34, 33, 32], B [48, 47, 40, 39, 46, 45, 38, 37, 44, 43, 42, 35, 28], f=43, g=36
[00:00:09:13:691] Path of length 42 found: [0, 7, 8, 1, 2, 3, 4, 5, 6, 13, 12, 19, 20, 27, 26, 33, 34, 41, 40, 39, 32, 31, 24, 25, 18, 11, 10, 9, 16, 15, 22, 21, 28, 35, 42, 43, 44, 37, 38, 45, 46, 47, 48]
[00:00:09:14:247] ! Bidirectional. expansions: 336,789, time: 553,711 [ms], path length: 42 [edges], g_F: 30, g_B: 12, generated: {'F': 408,211, 'B': 204,320}, MM: 18, MMPER: 40.86046511627907%
[00:00:09:14:247] 
---------- SM_Grids/7x7_grid_with_random_blocks_8per_9 ----------
[00:00:00:13:448] Expansion 10,000: state None, f=45, g=9
[00:00:00:15:131] Path of length 44 found: [0, 1, 2, 3, 4, 11, 12, 5, 6, 13, 20, 27, 26, 25, 18, 17, 10, 9, 16, 23, 30, 31, 38, 37, 36, 29, 22, 15, 8, 7, 14, 21, 28, 35, 42, 43, 44, 45, 46, 39, 32, 33, 40, 41, 48]
[00:00:00:15:131] ! Unidirectional s-t. expansions: 11,936, time: 15,131 [ms], path length: 44 [edges], generated: 19,390
[00:00:00:03:967] Path of length 44 found: [48, 41, 40, 39, 46, 45, 44, 43, 42, 35, 36, 29, 28, 21, 22, 15, 14, 7, 8, 9, 16, 23, 30, 37, 38, 31, 32, 25, 26, 33, 34, 27, 20, 13, 6, 5, 12, 11, 18, 17, 10, 3, 2, 1, 0]
[00:00:00:03:977] ! Unidirectional t-s. expansions: 2,085, time: 3,976 [ms], path length: 44 [edges], generated: 3,532
[00:00:00:16:688] Expansion 10,000: F [0, 7, 8, 1, 2, 9, 10, 3, 4, 11, 12], B [48, 41, 34, 33, 40, 39, 46, 45, 44, 43, 42, 35, 28, 21, 14, 15, 22, 29, 36, 37, 38, 31], f=45, g=31
[00:00:00:32:337] Expansion 20,000: F [0, 1, 2, 3, 10, 9, 8, 7, 14, 15, 22, 21, 28, 29, 36, 35, 42, 43, 44, 37], B [48, 41, 34, 33, 40, 39, 46, 45, 38], f=45, g=27
[00:00:00:37:504] Path of length 44 found: [0, 7, 14, 21, 28, 35, 42, 43, 36, 29, 30, 23, 22, 15, 8, 1, 2, 9, 16, 17, 18, 11, 10, 3, 4, 5, 12, 13, 20, 27, 26, 25, 32, 31, 38, 37, 44, 45, 46, 39, 40, 33, 34, 41, 48]
[00:00:00:37:937] ! Bidirectional. expansions: 23,429, time: 37,504 [ms], path length: 44 [edges], g_F: 27, g_B: 17, generated: {'F': 19,348, 'B': 20,971}, MM: 10, MMPER: 21.22222222222222%
[00:00:00:37:937] average expansions: (26,678, 19,676, 57,287, 0)
[00:00:00:37:937] average time: (30,531, 26,997, 92,252, 0)
[00:00:00:37:937] XA*: 19,676 , 26,997 (expansions , time[ms])
[00:00:00:37:937] BiXA*: 57,287 , 92,252 (expansions , time[ms])

