--------------------------
date: SM_Grids
number_of_graphs: 10
graph_type: grid
size_of_graphs: [8, 8]
heuristic: bcc_heuristic
snake: False
run_uni: True
run_bi: True
run_multi: False
solution_vertices: []
algorithms: ['A']
lookahead: 1
bsd: False
cube_first_dims: 4
cube_buffer_dim: None
backward_sym_generation: False
sym_coil: False
prefix_set: None

---------- SM_Grids/8x8_grid_with_random_blocks_12per_0 ----------
[00:00:00:11:732] Expansion 10,000: state None, f=53, g=31
[00:00:00:17:150] Path of length 52 found: [0, 1, 2, 10, 18, 17, 9, 8, 16, 24, 25, 26, 27, 35, 43, 44, 52, 51, 50, 42, 34, 33, 41, 40, 48, 56, 57, 58, 59, 60, 61, 62, 54, 53, 45, 37, 36, 28, 20, 19, 11, 3, 4, 12, 13, 21, 22, 30, 31, 39, 47, 55, 63]
[00:00:00:17:152] ! Unidirectional s-t. expansions: 14,633, time: 17,150 [ms], path length: 52 [edges], generated: 23,981
[00:00:00:11:043] Expansion 10,000: state None, f=53, g=40
[00:00:00:20:788] Expansion 20,000: state None, f=53, g=28
[00:00:00:25:842] Path of length 52 found: [63, 62, 61, 60, 59, 58, 57, 56, 48, 40, 41, 42, 50, 51, 52, 53, 54, 55, 47, 39, 31, 30, 22, 14, 13, 21, 20, 28, 36, 37, 45, 44, 43, 35, 34, 33, 25, 24, 16, 17, 18, 26, 27, 19, 11, 12, 4, 3, 2, 10, 9, 1, 0]
[00:00:00:25:844] ! Unidirectional t-s. expansions: 24,319, time: 25,842 [ms], path length: 52 [edges], generated: 38,073
[00:00:00:19:719] Expansion 10,000: F [0, 8, 16, 24, 25], B [63, 62, 61, 60, 59, 51, 43, 35, 36, 37], f=53, g=13
[00:00:00:41:095] Expansion 20,000: F [0, 8, 9, 1, 2, 10, 18, 17, 16, 24, 25, 33, 34, 26, 27, 28, 20], B [63, 62, 61, 60, 59, 51, 50, 58, 57, 56, 48, 40, 41, 42, 43, 35, 36, 37], f=53, g=33
[00:00:00:59:884] Expansion 30,000: F [0, 1, 2, 10, 18, 17, 9, 8, 16, 24, 25, 26, 34, 33, 41, 40, 48, 56], B [63, 62, 61, 60, 52, 44, 45], f=53, g=23
[00:00:01:17:281] Expansion 40,000: F [0, 1, 2, 3, 4, 12, 13, 14], B [63, 62, 61, 60, 59, 51, 52, 44, 43, 42, 50, 58, 57, 56, 48, 40, 41, 33, 34, 26, 25, 24, 16, 8, 9, 17, 18, 10, 11, 19, 27], f=53, g=37
[00:00:01:20:447] Path of length 52 found: [0, 8, 16, 24, 25, 17, 9, 1, 2, 3, 4, 12, 11, 10, 18, 26, 34, 33, 41, 40, 48, 56, 57, 58, 50, 42, 43, 51, 59, 60, 61, 62, 54, 53, 52, 44, 45, 37, 36, 35, 27, 19, 20, 21, 13, 14, 22, 30, 31, 39, 47, 55, 63]
[00:00:01:20:910] ! Bidirectional. expansions: 41,814, time: 80,448 [ms], path length: 52 [edges], g_F: 42, g_B: 10, generated: {'F': 43,458, 'B': 29,965}, MM: 32, MMPER: 59.37735849056604%
[00:00:01:20:910] 
---------- SM_Grids/8x8_grid_with_random_blocks_12per_1 ----------
[00:00:00:01:978] Path of length 52 found: [0, 1, 2, 10, 11, 3, 4, 5, 6, 7, 15, 14, 22, 21, 13, 12, 20, 19, 27, 26, 25, 17, 9, 8, 16, 24, 32, 33, 34, 42, 41, 49, 50, 58, 59, 51, 52, 60, 61, 53, 45, 44, 36, 28, 29, 37, 38, 39, 47, 46, 54, 62, 63]
[00:00:00:01:979] ! Unidirectional s-t. expansions: 1,634, time: 1,978 [ms], path length: 52 [edges], generated: 2,704
[00:00:00:01:355] Path of length 52 found: [63, 62, 61, 53, 54, 55, 47, 39, 38, 46, 45, 37, 29, 21, 22, 14, 15, 7, 6, 5, 13, 12, 4, 3, 11, 10, 2, 1, 9, 17, 25, 26, 27, 19, 20, 28, 36, 44, 52, 60, 59, 51, 50, 49, 41, 42, 34, 33, 32, 24, 16, 8, 0]
[00:00:00:01:355] ! Unidirectional t-s. expansions: 728, time: 1,355 [ms], path length: 52 [edges], generated: 1,265
[00:00:00:16:335] Path of length 52 found: [0, 8, 16, 24, 32, 33, 25, 17, 9, 1, 2, 10, 11, 3, 4, 12, 13, 5, 6, 7, 15, 14, 22, 21, 29, 37, 45, 44, 36, 28, 20, 19, 27, 26, 34, 42, 41, 49, 50, 58, 59, 51, 52, 60, 61, 53, 54, 46, 38, 39, 47, 55, 63]
[00:00:00:16:771] ! Bidirectional. expansions: 7,668, time: 16,335 [ms], path length: 52 [edges], g_F: 46, g_B: 6, generated: {'F': 7,589, 'B': 6,046}, MM: 40, MMPER: 74.47169811320755%
[00:00:00:16:771] 
---------- SM_Grids/8x8_grid_with_random_blocks_12per_2 ----------
[00:00:00:14:094] Expansion 10,000: state None, f=51, g=16
[00:00:00:20:468] Path of length 50 found: [0, 1, 2, 3, 11, 12, 4, 5, 13, 14, 15, 23, 31, 30, 22, 21, 20, 28, 27, 19, 18, 10, 9, 8, 16, 17, 25, 24, 32, 33, 34, 42, 50, 49, 57, 58, 59, 60, 52, 51, 43, 44, 36, 37, 45, 46, 47, 55, 54, 62, 63]
[00:00:00:20:470] ! Unidirectional s-t. expansions: 13,348, time: 20,468 [ms], path length: 50 [edges], generated: 24,082
[00:00:00:08:576] Path of length 50 found: [63, 62, 54, 55, 47, 46, 38, 30, 31, 23, 15, 14, 22, 21, 20, 12, 13, 5, 4, 3, 11, 10, 2, 1, 9, 17, 18, 19, 27, 28, 29, 37, 45, 44, 52, 60, 59, 58, 57, 49, 50, 51, 43, 42, 34, 33, 25, 24, 16, 8, 0]
[00:00:00:08:577] ! Unidirectional t-s. expansions: 5,212, time: 8,576 [ms], path length: 50 [edges], generated: 9,694
[00:00:00:23:170] Expansion 10,000: F [0, 1, 2, 3, 4, 12, 20, 21, 13, 14, 15, 23], B [63, 55, 47, 46, 54, 62, 61, 60, 59, 58, 57, 49, 50, 51, 52, 44], f=52, g=26
[00:00:00:36:689] Expansion 20,000: F [0, 1, 9, 10, 2, 3, 4, 5, 13, 21, 22, 14, 15, 23, 31, 30, 29, 37, 45, 44], B [63, 55, 47, 46, 54, 62, 61, 60, 52, 51, 59, 58, 57], f=51, g=31
[00:00:00:52:931] Expansion 30,000: F [0, 8, 9, 1, 2, 10, 18, 17, 16, 24, 25, 33, 34, 42, 50, 49, 57, 58, 59, 60, 52, 51, 43, 44, 36, 37], B [63, 62, 54, 55, 47], f=51, g=29
[00:00:01:13:372] Expansion 40,000: F [0, 1, 2, 10, 11, 3, 4, 12, 20, 19], B [63, 62, 54, 55, 47, 46, 45, 37, 38, 30, 31], f=51, g=19
[00:00:01:25:575] Path of length 50 found: [0, 1, 2, 3, 4, 5, 13, 12, 11, 10, 9, 8, 16, 24, 32, 33, 25, 17, 18, 19, 27, 28, 20, 21, 22, 14, 15, 23, 31, 30, 29, 37, 36, 44, 43, 42, 50, 49, 57, 58, 59, 51, 52, 60, 61, 62, 54, 46, 47, 55, 63]
[00:00:01:26:052] ! Bidirectional. expansions: 45,021, time: 85,575 [ms], path length: 50 [edges], g_F: 33, g_B: 17, generated: {'F': 49,018, 'B': 32,373}, MM: 16, MMPER: 30.372549019607842%
[00:00:01:26:052] 
---------- SM_Grids/8x8_grid_with_random_blocks_12per_3 ----------
[00:00:00:06:742] Path of length 54 found: [0, 1, 2, 3, 4, 5, 6, 7, 15, 23, 22, 14, 13, 12, 20, 19, 27, 26, 25, 17, 18, 10, 9, 8, 16, 24, 32, 33, 41, 49, 48, 56, 57, 58, 50, 51, 59, 60, 61, 62, 54, 46, 45, 44, 43, 35, 36, 37, 29, 30, 38, 39, 47, 55, 63]
[00:00:00:06:743] ! Unidirectional s-t. expansions: 4,632, time: 6,742 [ms], path length: 54 [edges], generated: 7,669
[00:00:00:07:721] Path of length 54 found: [63, 55, 47, 39, 31, 23, 15, 7, 6, 5, 4, 3, 2, 1, 9, 10, 18, 17, 25, 26, 27, 19, 20, 12, 13, 14, 22, 30, 29, 37, 38, 46, 54, 62, 61, 60, 52, 44, 36, 35, 43, 51, 59, 58, 57, 56, 48, 49, 41, 33, 32, 24, 16, 8, 0]
[00:00:00:07:722] ! Unidirectional t-s. expansions: 4,750, time: 7,722 [ms], path length: 54 [edges], generated: 7,986
[00:00:00:20:277] Expansion 10,000: F [0, 1, 2, 3, 4, 5, 6, 7, 15, 23, 31, 39, 47, 46, 45, 37, 29, 30, 22, 14], B [63, 55, 54, 62, 61, 60, 52, 44, 36, 35, 43, 51, 59, 58], f=55, g=32
[00:00:00:38:148] Expansion 20,000: F [0, 8, 9, 1, 2], B [63, 55, 47, 39, 31, 23, 15, 7, 6, 14, 22, 30, 29, 37, 36, 35, 43, 44, 45, 46, 54, 62, 61, 60, 52, 51, 59], f=55, g=30
[00:00:01:00:416] Expansion 30,000: F [0, 1, 9, 8, 16, 17, 25], B [63, 55, 47, 39, 31, 23, 22, 30, 38, 37, 36, 44], f=55, g=17
[00:00:01:24:398] Expansion 40,000: F [0, 1, 2, 10, 18, 26, 25, 17], B [63, 62, 61, 60, 52, 44, 45, 46, 54, 55, 47, 39, 31, 23, 22], f=55, g=21
[00:00:01:24:846] Path of length 54 found: [0, 8, 16, 17, 25, 24, 32, 33, 41, 49, 48, 56, 57, 58, 50, 51, 43, 35, 36, 37, 29, 30, 22, 14, 13, 12, 20, 19, 27, 26, 18, 10, 9, 1, 2, 3, 4, 5, 6, 7, 15, 23, 31, 39, 47, 46, 45, 44, 52, 60, 61, 62, 54, 55, 63]
[00:00:01:25:311] ! Bidirectional. expansions: 40,125, time: 84,846 [ms], path length: 54 [edges], g_F: 21, g_B: 33, generated: {'F': 36,245, 'B': 31,827}, MM: 12, MMPER: 20.818181818181817%
[00:00:01:25:312] 
---------- SM_Grids/8x8_grid_with_random_blocks_12per_4 ----------
[00:00:00:00:144] Path of length 54 found: [0, 8, 16, 24, 25, 17, 9, 10, 18, 26, 34, 33, 41, 49, 48, 56, 57, 58, 50, 42, 43, 51, 59, 60, 52, 44, 36, 35, 27, 19, 11, 12, 4, 5, 6, 14, 13, 21, 20, 28, 29, 37, 38, 30, 22, 23, 31, 39, 47, 55, 54, 53, 61, 62, 63]
[00:00:00:00:145] ! Unidirectional s-t. expansions: 111, time: 145 [ms], path length: 54 [edges], generated: 193
[00:00:00:00:076] Path of length 54 found: [63, 55, 47, 39, 31, 23, 22, 14, 6, 5, 4, 12, 13, 21, 20, 19, 11, 10, 9, 17, 18, 26, 34, 42, 50, 51, 43, 35, 27, 28, 29, 30, 38, 37, 36, 44, 52, 53, 54, 62, 61, 60, 59, 58, 57, 56, 48, 49, 41, 33, 25, 24, 16, 8, 0]
[00:00:00:00:076] ! Unidirectional t-s. expansions: 55, time: 76 [ms], path length: 54 [edges], generated: 91
[00:00:00:00:634] Path of length 54 found: [0, 8, 16, 24, 25, 17, 9, 10, 11, 19, 18, 26, 27, 35, 34, 33, 41, 49, 48, 56, 57, 58, 50, 42, 43, 51, 59, 60, 61, 62, 54, 53, 52, 44, 36, 37, 38, 30, 29, 28, 20, 21, 13, 12, 4, 5, 6, 14, 22, 23, 31, 39, 47, 55, 63]
[00:00:00:01:052] ! Bidirectional. expansions: 404, time: 634 [ms], path length: 54 [edges], g_F: 46, g_B: 8, generated: {'F': 577, 'B': 133}, MM: 38, MMPER: 68.0909090909091%
[00:00:00:01:052] 
---------- SM_Grids/8x8_grid_with_random_blocks_12per_5 ----------
[00:00:00:14:839] Expansion 10,000: state None, f=53, g=16
[00:00:00:22:402] Path of length 52 found: [0, 1, 2, 3, 4, 5, 6, 14, 15, 23, 22, 30, 31, 39, 38, 37, 29, 28, 20, 21, 13, 12, 11, 19, 18, 17, 9, 8, 16, 24, 25, 33, 32, 40, 41, 42, 34, 35, 43, 44, 52, 51, 50, 58, 59, 60, 61, 53, 45, 46, 47, 55, 63]
[00:00:00:22:404] ! Unidirectional s-t. expansions: 15,333, time: 22,402 [ms], path length: 52 [edges], generated: 27,174
[00:00:00:13:135] Path of length 52 found: [63, 55, 47, 46, 45, 53, 61, 60, 59, 58, 50, 51, 52, 44, 43, 35, 34, 42, 41, 40, 32, 33, 25, 24, 16, 8, 9, 17, 18, 19, 27, 28, 29, 37, 38, 39, 31, 30, 22, 23, 15, 14, 6, 5, 13, 21, 20, 12, 4, 3, 2, 1, 0]
[00:00:00:13:136] ! Unidirectional t-s. expansions: 9,235, time: 13,135 [ms], path length: 52 [edges], generated: 15,465
[00:00:00:19:301] Expansion 10,000: F [0, 8, 9, 1, 2, 3, 11, 12, 4, 5, 6, 14], B [63, 62, 61, 60, 59, 58, 50, 51, 43, 44, 52, 53, 45, 37, 29, 28, 27, 35, 34, 42, 41, 40], f=53, g=32
[00:00:00:37:925] Expansion 20,000: F [0, 1, 2, 3, 11, 12, 20, 19, 18, 17, 9, 8, 16, 24, 25, 33, 32, 40, 41, 42, 34], B [63], f=53, g=20
[00:00:00:52:671] Path of length 52 found: [0, 8, 16, 24, 25, 33, 32, 40, 41, 42, 34, 35, 43, 44, 52, 51, 50, 58, 59, 60, 61, 53, 45, 37, 29, 21, 20, 28, 27, 19, 18, 17, 9, 1, 2, 3, 11, 12, 4, 5, 13, 14, 15, 23, 22, 30, 31, 39, 38, 46, 47, 55, 63]
[00:00:00:53:137] ! Bidirectional. expansions: 27,670, time: 52,671 [ms], path length: 52 [edges], g_F: 41, g_B: 11, generated: {'F': 25,938, 'B': 22,961}, MM: 30, MMPER: 55.60377358490566%
[00:00:00:53:138] 
---------- SM_Grids/8x8_grid_with_random_blocks_12per_6 ----------
[00:00:00:11:318] Expansion 10,000: state None, f=53, g=33
[00:00:00:22:438] Expansion 20,000: state None, f=53, g=25
[00:00:00:32:572] Expansion 30,000: state None, f=53, g=36
[00:00:00:34:117] Path of length 52 found: [0, 1, 2, 3, 4, 5, 6, 7, 15, 23, 22, 14, 13, 21, 20, 12, 11, 19, 18, 10, 9, 8, 16, 17, 25, 24, 32, 40, 48, 49, 41, 42, 50, 51, 59, 60, 61, 53, 45, 44, 43, 35, 34, 26, 27, 28, 36, 37, 38, 46, 54, 62, 63]
[00:00:00:34:119] ! Unidirectional s-t. expansions: 31,289, time: 34,117 [ms], path length: 52 [edges], generated: 50,505
[00:00:00:13:856] Expansion 10,000: state None, f=53, g=19
[00:00:00:25:366] Expansion 20,000: state None, f=53, g=33
[00:00:00:31:313] Path of length 52 found: [63, 62, 54, 46, 38, 37, 36, 28, 29, 21, 22, 23, 15, 7, 6, 14, 13, 5, 4, 3, 11, 12, 20, 19, 27, 26, 34, 35, 43, 44, 45, 53, 61, 60, 59, 51, 50, 42, 41, 49, 48, 40, 32, 24, 25, 17, 16, 8, 9, 10, 2, 1, 0]
[00:00:00:31:315] ! Unidirectional t-s. expansions: 24,819, time: 31,313 [ms], path length: 52 [edges], generated: 41,611
[00:00:00:16:101] Expansion 10,000: F [0, 8, 16, 17, 9, 1, 2, 3, 4, 5, 13, 14, 6, 7, 15, 23, 22, 21, 20, 12, 11, 10, 18, 19, 27, 28, 29, 37, 38, 46, 54, 53, 45, 44], B [63, 62, 61, 60, 59, 51, 50, 42, 41, 49], f=53, g=42
[00:00:00:31:625] Expansion 20,000: F [0, 8, 16, 17, 18, 19, 20, 12, 11, 10, 9, 1, 2, 3, 4, 5, 6, 7, 15, 23], B [63, 62, 54, 46, 38, 37, 36, 35, 43, 44, 45, 53, 61, 60, 59], f=53, g=33
[00:00:00:48:192] Expansion 30,000: F [0, 8, 9, 1, 2, 3, 4, 5, 6, 7, 15, 23, 22, 14, 13, 12, 11, 10, 18, 19, 27, 26, 25, 17, 16, 24, 32, 40, 48, 49], B [63, 62, 54, 53, 61, 60, 59, 51, 43, 44, 45, 46, 38, 37, 29], f=53, g=43
[00:00:01:04:020] Expansion 40,000: F [0, 1, 9, 8, 16, 17, 18, 10, 2, 3, 4, 5, 13, 14, 6, 7, 15, 23, 22, 21, 20, 12, 11, 19, 27, 35, 36, 28, 29, 37, 38, 46], B [63, 62, 54, 53, 61, 60, 59, 51, 50, 49, 48, 40], f=53, g=42
[00:00:01:20:418] Expansion 50,000: F [0, 1, 2, 10, 18, 19, 11, 3, 4, 5, 6, 7, 15, 23], B [63, 62, 54, 46, 38, 37, 45, 53, 61, 60, 59, 51, 43, 44, 36, 35, 34, 42, 50, 49], f=53, g=32
[00:00:01:37:897] Expansion 60,000: F [0, 1, 2, 3, 11, 19, 27, 26, 18, 10, 9, 8, 16, 17, 25, 24, 32, 40, 48, 49], B [63, 62, 54, 53, 61, 60, 59, 51, 43, 44, 45, 46, 38, 37, 29], f=53, g=33
[00:00:01:53:516] Expansion 70,000: F [0, 1, 2, 3, 4, 5, 13, 14, 6, 7, 15, 23, 22, 21, 20, 12, 11, 19, 27, 28], B [63, 62, 54, 53, 61, 60, 59, 51, 50, 49, 48, 40], f=53, g=30
[00:00:02:10:035] Expansion 80,000: F [0, 1, 2, 3, 4, 5, 6, 7, 15, 23, 22, 14, 13, 12, 11, 19, 20, 21, 29, 28, 27, 26, 25, 17, 18, 10, 9, 8, 16, 24, 32, 40], B [63, 62, 61, 60, 59, 51, 43, 44, 45, 53, 54, 46], f=53, g=42
[00:00:02:12:280] Path of length 52 found: [0, 8, 16, 24, 32, 40, 48, 49, 41, 42, 50, 51, 59, 60, 61, 53, 45, 44, 43, 35, 34, 26, 25, 17, 9, 1, 2, 3, 4, 5, 13, 14, 6, 7, 15, 23, 22, 21, 20, 12, 11, 10, 18, 19, 27, 28, 36, 37, 38, 46, 54, 62, 63]
[00:00:02:12:711] ! Bidirectional. expansions: 81,723, time: 132,281 [ms], path length: 52 [edges], g_F: 47, g_B: 5, generated: {'F': 94,710, 'B': 51,089}, MM: 42, MMPER: 78.24528301886792%
[00:00:02:12:711] 
---------- SM_Grids/8x8_grid_with_random_blocks_12per_7 ----------
[00:00:00:14:559] Expansion 10,000: state None, f=54, g=11
[00:00:00:28:989] Expansion 20,000: state None, f=54, g=26
[00:00:00:38:732] Expansion 30,000: state None, f=53, g=36
[00:00:00:49:320] Expansion 40,000: state None, f=53, g=28
[00:00:00:58:714] Expansion 50,000: state None, f=53, g=37
[00:00:01:09:478] Expansion 60,000: state None, f=53, g=42
[00:00:01:20:585] Expansion 70,000: state None, f=53, g=33
[00:00:01:30:373] Expansion 80,000: state None, f=53, g=40
[00:00:01:41:619] Expansion 90,000: state None, f=53, g=31
[00:00:01:51:398] Expansion 100,000: state None, f=53, g=21
[00:00:02:02:815] Expansion 110,000: state None, f=53, g=39
[00:00:02:13:651] Expansion 120,000: state None, f=53, g=31
[00:00:02:26:446] Expansion 130,000: state None, f=53, g=32
[00:00:02:37:566] Path of length 52 found: [0, 8, 9, 10, 18, 19, 27, 28, 36, 35, 43, 42, 41, 33, 34, 26, 25, 17, 16, 24, 32, 40, 48, 56, 57, 58, 59, 60, 61, 53, 52, 44, 45, 37, 38, 30, 22, 21, 20, 12, 13, 5, 6, 14, 15, 23, 31, 39, 47, 46, 54, 62, 63]
[00:00:02:37:569] ! Unidirectional s-t. expansions: 137,530, time: 157,566 [ms], path length: 52 [edges], generated: 233,491
[00:00:00:13:113] Expansion 10,000: state None, f=54, g=34
[00:00:00:39:344] Expansion 20,000: state None, f=54, g=29
[00:00:00:52:661] Expansion 30,000: state None, f=54, g=18
[00:00:01:02:671] Expansion 40,000: state None, f=53, g=37
[00:00:01:13:925] Expansion 50,000: state None, f=53, g=34
[00:00:01:26:471] Expansion 60,000: state None, f=53, g=35
[00:00:01:39:322] Expansion 70,000: state None, f=53, g=42
[00:00:01:50:019] Expansion 80,000: state None, f=53, g=44
[00:00:02:03:384] Expansion 90,000: state None, f=53, g=46
[00:00:02:13:004] Expansion 100,000: state None, f=53, g=20
[00:00:02:27:628] Expansion 110,000: state None, f=53, g=26
[00:00:02:38:186] Expansion 120,000: state None, f=53, g=36
[00:00:02:47:947] Expansion 130,000: state None, f=53, g=28
[00:00:03:03:218] Expansion 140,000: state None, f=53, g=27
[00:00:03:14:717] Path of length 52 found: [63, 55, 47, 39, 31, 23, 15, 7, 6, 5, 13, 12, 20, 21, 22, 30, 38, 46, 54, 62, 61, 60, 59, 58, 57, 56, 48, 49, 41, 40, 32, 24, 16, 17, 25, 33, 34, 42, 43, 44, 52, 53, 45, 37, 36, 28, 27, 19, 18, 10, 9, 8, 0]
[00:00:03:14:719] ! Unidirectional t-s. expansions: 146,821, time: 194,719 [ms], path length: 52 [edges], generated: 245,434
[00:00:00:25:594] Expansion 10,000: F [0, 8, 16, 17, 9], B [63, 55, 47, 46, 54, 62, 61, 60, 59, 58, 57, 56, 48, 49, 41, 40, 32, 24, 25, 33, 34, 42, 43, 35, 36], f=55, g=28
[00:00:00:48:712] Expansion 20,000: F [0, 8, 9, 10, 18, 26, 25, 17, 16, 24, 32, 33, 41, 40], B [63, 62, 54, 55, 47, 46, 38, 39, 31, 30, 22, 23, 15, 7, 6], f=55, g=27
[00:00:01:04:023] Expansion 30,000: F [0, 8, 16, 17, 9, 10, 18, 26, 34, 35, 43, 42, 41, 33, 25, 24, 32, 40, 48, 56, 57, 58, 59, 60, 52, 44, 36], B [63, 55, 54, 62, 61, 53, 45, 37, 38, 46, 47, 39, 31, 30, 22, 23, 15, 7, 6], f=54, g=44
[00:00:01:16:052] Expansion 40,000: F [0, 8, 9, 10], B [63, 55, 54, 62, 61, 60, 59, 58, 57, 56, 48, 49, 41, 40, 32, 33, 34, 42, 43, 44, 52, 53, 45, 46, 47, 39, 31, 23, 15, 7, 6, 14, 13, 12, 20, 21, 22, 30], f=54, g=40
[00:00:01:29:347] Expansion 50,000: F [0, 8, 9, 10], B [63, 62, 61, 60, 59, 58, 57, 56, 48, 49, 41, 40, 32, 33, 34, 42, 43, 44, 52, 53, 54, 55, 47, 39, 31, 23, 15, 7, 6, 14, 13, 12, 20, 21, 22, 30, 38, 46, 45, 37], f=54, g=42
[00:00:01:43:503] Expansion 60,000: F [0, 8, 9, 10, 18, 17, 16, 24, 32, 33, 25, 26, 34, 35, 43, 42, 41, 49, 48, 56, 57, 58, 59, 60, 61, 53, 52], B [63, 62, 54, 55, 47, 46, 38, 39, 31, 30, 22, 23, 15, 7, 6], f=54, g=40
[00:00:01:58:888] Expansion 70,000: F [0, 8, 16, 17, 9, 10, 18, 19, 27, 26, 25, 24, 32, 33, 41, 49, 48, 56, 57, 58, 59, 60, 52, 44, 43, 42], B [63, 62, 61, 53, 54, 55, 47, 39, 31, 23, 15, 7, 6, 5, 13], f=54, g=39
[00:00:02:39:169] Expansion 80,000: F [0, 8, 16, 24, 32, 33, 34, 26, 25, 17, 9, 10, 18, 19, 27, 35, 43, 42, 41, 40, 48, 49, 57, 58, 59, 60, 61, 53, 52, 44, 36], B [63, 62, 54, 55, 47, 39, 38], f=54, g=36
[00:00:02:55:984] Expansion 90,000: F [0, 8, 16, 24, 32, 40, 41, 49, 48, 56, 57, 58, 59, 60, 61, 62, 54, 53, 52, 44, 43, 35, 27, 26, 34, 33, 25, 17, 9, 10], B [63, 55, 47, 39, 31, 30], f=54, g=34
[00:00:03:14:728] Expansion 100,000: F [0, 8, 9, 10, 18, 17, 16, 24, 25, 33, 32, 40, 48, 56, 57], B [63, 55, 54, 62, 61, 53, 45, 46, 47, 39, 38, 30, 31, 23, 22, 14, 15, 7, 6], f=54, g=32
[00:00:03:14:729] Expansions: 100,000. Checks - state_vs_state: 430, prefix: 424,065
[00:00:03:14:729] Expansions: 100,000. Checks - state_vs_state: 430, prefix: 424,066
[00:00:03:14:730] Expansions: 100,000. Checks - state_vs_state: 430, prefix: 424,067
[00:00:03:32:881] Expansion 110,000: F [0, 8, 16, 17, 9, 10, 18, 26, 25, 33, 32, 40, 41, 49, 48, 56, 57, 58, 59, 60, 52], B [63, 62, 61, 53, 54, 55, 47, 39, 31, 30, 22, 23, 15, 7, 6], f=54, g=34
[00:00:03:51:294] Expansion 120,000: F [0, 8, 16, 24, 32, 33, 34, 42, 41, 40, 48], B [63, 55, 47, 46, 54, 62, 61, 53, 45, 37, 38, 30, 31, 23, 22, 14, 15, 7, 6], f=54, g=28
[00:00:04:11:815] Expansion 130,000: F [0, 8, 16, 17, 9, 10, 18, 19, 27, 35, 43, 42, 41, 33, 34, 26, 25, 24, 32], B [63, 62, 61, 53, 45, 46, 54, 55, 47, 39, 31, 23, 15, 7, 6, 14, 22], f=54, g=34
[00:00:04:30:840] Expansion 140,000: F [0, 8, 16, 24, 25, 17, 9, 10, 18, 19, 27, 26, 34, 33, 32, 40, 48, 56, 57], B [63, 55, 47, 46, 45, 37, 38, 39, 31, 30, 22, 14, 15, 7, 6, 5], f=54, g=33
[00:00:04:48:687] Expansion 150,000: F [0, 8, 9, 10, 18, 19, 27, 26, 25, 17, 16, 24, 32, 33, 41, 40, 48], B [63, 62, 61, 53, 45, 37, 38, 46, 54, 55, 47, 39, 31, 30, 22, 14, 15, 7, 6], f=54, g=34
[00:00:05:10:211] Expansion 160,000: F [0, 8, 16, 17, 9, 10, 18, 19, 27, 26, 34], B [63, 62, 54, 55, 47, 46, 38, 39, 31, 30, 22, 14, 15], f=54, g=22
[00:00:05:28:146] Expansion 170,000: F [0, 8, 9, 10, 18, 19, 27], B [63, 62, 61, 53, 52, 60, 59, 58, 57, 56, 48, 49, 41, 42, 43, 44, 45, 46, 54, 55, 47, 39, 38], f=54, g=28
[00:00:05:47:581] Expansion 180,000: F [0, 8, 16, 17, 9, 10, 18, 19, 27, 28, 36, 35, 43, 42, 34, 26, 25, 24, 32, 33, 41, 40, 48], B [63, 62, 61, 53, 54, 55, 47, 39, 31, 23, 15, 14, 6, 5, 13, 12, 20, 21], f=54, g=39
[00:00:06:08:267] Expansion 190,000: F [0, 8, 9, 10, 18, 26, 34, 42, 41, 33, 25, 17, 16], B [63, 62, 61, 53, 54, 55, 47, 46, 45, 37, 38, 30, 31], f=54, g=24
[00:00:06:26:508] Expansion 200,000: F [0, 8, 9, 10, 18, 26, 34, 35, 43, 42, 41, 33, 25], B [63, 55, 47, 39, 31, 23, 15, 7, 6, 14, 22], f=54, g=22
[00:00:06:26:508] Expansions: 200,000. Checks - state_vs_state: 2,108, prefix: 848,620
[00:00:06:26:509] Expansions: 200,000. Checks - state_vs_state: 2,108, prefix: 848,621
[00:00:06:26:510] Expansions: 200,000. Checks - state_vs_state: 2,108, prefix: 848,622
[00:00:06:26:510] Expansions: 200,000. Checks - state_vs_state: 2,108, prefix: 848,623
[00:00:06:45:525] Expansion 210,000: F [0, 8, 16, 17, 9, 10], B [63, 55, 47, 39, 38, 30, 22, 23], f=54, g=12
[00:00:07:05:715] Expansion 220,000: F [0, 8, 9, 17, 16, 24, 25, 33, 32, 40, 41, 49, 48, 56, 57, 58, 59, 60, 61, 62, 54, 53, 52, 44, 43, 42, 34, 35, 27, 26], B [63, 55, 47, 39, 31, 23, 15, 7, 6, 5, 13], f=54, g=39
[00:00:07:29:565] Expansion 230,000: F [0, 8, 16, 17, 9, 10, 18, 26, 25, 24, 32, 33, 34, 35, 43, 42, 41, 40], B [63, 62, 54, 46, 47], f=54, g=21
[00:00:07:46:372] Expansion 240,000: F [0, 8, 16, 17, 9, 10, 18, 26, 34, 42, 41, 33, 25, 24, 32, 40, 48, 56, 57, 58, 59, 60, 52, 44, 43, 35, 36, 28, 27, 19, 20, 21, 13], B [63, 62, 61, 53, 54, 55, 47, 46, 45, 37, 38, 39, 31, 30, 22, 23, 15, 7, 6], f=53, g=50
[00:00:07:53:461] Expansion 250,000: F [0, 8, 16, 24, 32, 33, 34, 26, 25, 17, 9, 10, 18, 19, 20, 12, 13, 5, 6, 7, 15], B [63, 62, 61, 60, 59, 58, 57, 56, 48, 40, 41, 42, 43, 35, 27, 28, 36, 37, 38, 46, 45, 44, 52, 53, 54, 55, 47, 39, 31, 30, 22], f=53, g=50
[00:00:08:01:786] Expansion 260,000: F [0, 8, 16, 24, 32, 40, 41, 49, 48, 56, 57, 58, 59, 60, 61, 53, 52, 44, 36, 35, 43, 42, 34, 33, 25, 17, 9, 10, 18, 26, 27], B [63, 62, 54, 55, 47, 46, 45, 37, 38, 30, 31, 23, 15, 7, 6, 14, 22, 21, 13, 12], f=53, g=49
[00:00:08:11:247] Expansion 270,000: F [0, 8, 16, 17, 9, 10, 18, 19, 27, 35, 43, 42, 34, 26, 25, 24, 32, 33, 41, 40, 48, 49, 57, 58, 59, 60, 61, 62, 54, 53, 52, 44, 45, 37, 36, 28, 20], B [63, 55, 47, 39, 38, 30, 31, 23, 22, 14, 15, 7, 6, 5, 13], f=53, g=50
[00:00:08:21:047] Expansion 280,000: F [0, 8, 9, 10, 18, 19, 27, 26, 34, 35, 36, 28, 20, 12, 13], B [63, 55, 47, 46, 54, 62, 61, 60, 59, 58, 57, 49, 48, 40, 32, 24, 16, 17, 25, 33, 41, 42, 43, 44, 52, 53, 45, 37, 38, 30, 31], f=53, g=44
[00:00:08:31:010] Expansion 290,000: F [0, 8, 16, 24, 32, 33, 34, 26, 25, 17, 9, 10, 18, 19, 27, 28, 20, 12, 13], B [63, 62, 61, 60, 59, 58, 57, 56, 48, 49, 41, 42, 43, 35, 36, 37, 45, 44, 52, 53, 54, 55, 47, 39, 38, 30, 31, 23], f=53, g=45
[00:00:08:40:596] Expansion 300,000: F [0, 8, 16, 24, 32, 40, 41, 49, 48, 56, 57, 58, 59, 60, 52, 44, 43, 42, 34, 33, 25, 17, 9, 10, 18, 26], B [63, 62, 61, 53, 54, 55, 47, 46, 45, 37, 38, 39, 31, 23, 15, 7, 6, 14, 22], f=53, g=43
[00:00:08:40:602] Expansions: 300,000. Checks - state_vs_state: 2,502, prefix: 1,285,879
[00:00:08:40:603] Expansions: 300,000. Checks - state_vs_state: 2,502, prefix: 1,285,880
[00:00:08:40:603] Expansions: 300,000. Checks - state_vs_state: 2,502, prefix: 1,285,881
[00:00:08:51:607] Expansion 310,000: F [0, 8, 16, 24, 25, 17, 9, 10, 18, 19, 27, 26, 34, 33, 32, 40, 41, 49, 48, 56, 57, 58, 59, 60, 52, 44, 43, 35, 36, 28, 20, 12, 13], B [63, 62, 61, 53, 45, 46, 54, 55, 47, 39, 38, 30, 31, 23, 22], f=53, g=46
[00:00:09:01:249] Expansion 320,000: F [0, 8, 9, 10, 18, 17, 16, 24, 32, 33, 25, 26, 34, 35, 43, 42, 41, 40, 48, 49, 57, 58, 59, 60, 52, 44, 36, 28, 27], B [63, 62, 61, 53, 45, 37, 38, 46, 54, 55, 47, 39, 31, 30, 22, 14, 15, 7, 6, 5, 13], f=53, g=48
[00:00:09:11:661] Expansion 330,000: F [0, 8, 16, 24, 32, 33, 25, 17, 9, 10, 18, 26, 34, 35, 43, 42, 41, 40, 48, 49, 57, 58, 59, 60, 61, 62, 54, 46, 45], B [63, 55, 47, 39, 31, 30, 22, 23, 15, 7, 6], f=53, g=38
[00:00:09:23:704] Expansion 340,000: F [0, 8, 16, 24, 32, 40, 41, 49, 48, 56, 57, 58, 59, 60, 52, 44, 43, 35, 34, 33, 25, 17, 9, 10, 18, 26, 27, 28, 36, 37, 45, 53, 61, 62, 54, 46, 38], B [63, 55, 47, 39, 31, 23, 15, 7, 6, 5, 13], f=53, g=46
[00:00:09:38:748] Expansion 350,000: F [0, 8, 16, 24, 32, 33, 25, 17, 9, 10, 18, 19, 20, 12, 13], B [63, 55, 54, 62, 61, 53, 52, 60, 59, 58, 57, 49, 48, 40, 41, 42, 43, 35, 34, 26, 27, 28, 36, 37, 45, 46, 47, 39, 38, 30, 31, 23, 15, 7, 6], f=53, g=48
[00:00:09:49:109] Expansion 360,000: F [0, 8, 16, 17, 9, 10, 18, 19, 27, 26, 34, 35, 43, 42, 41, 33, 25, 24, 32, 40, 48, 56, 57], B [63, 62, 54, 55, 47, 46, 45, 37, 38, 39, 31, 23, 15, 7, 6, 5, 13], f=53, g=38
[00:00:09:59:622] Expansion 370,000: F [0, 8, 9, 10, 18, 19, 27, 26, 34, 35, 36, 28, 20, 21, 22], B [63, 62, 61, 53, 52, 60, 59, 58, 57, 49, 48, 40, 32, 24, 16, 17, 25, 33, 41, 42, 43, 44, 45, 37, 38, 46, 54, 55, 47, 39, 31], f=53, g=44
[00:00:10:12:056] Expansion 380,000: F [0, 8, 16, 24, 32, 40, 41, 49, 48, 56, 57, 58, 59, 60, 52, 44, 43, 35, 34, 26, 25, 17, 9, 10, 18, 19, 27, 28, 36, 37, 38], B [63, 55, 54, 62, 61, 53, 45, 46, 47, 39, 31, 23, 15, 7, 6, 5, 13], f=53, g=46
[00:00:10:24:411] Expansion 390,000: F [0, 8, 16, 24, 32, 33, 25, 17, 9, 10, 18, 19, 20, 28, 27, 26, 34, 35, 36, 37, 38, 30, 22, 21, 13, 14, 6, 7, 15, 23, 31, 39], B [63, 62, 61, 53, 52, 60, 59, 58, 57, 56, 48], f=53, g=41
[00:00:10:36:143] Expansion 400,000: F [0, 8, 16, 17, 9, 10, 18, 19, 27, 26, 25, 24, 32, 33, 41, 40, 48, 49, 57, 58, 59, 60, 52, 44, 43, 42, 34, 35], B [63, 62, 61, 53, 45, 37, 38, 46, 54, 55, 47, 39, 31, 23, 15, 7, 6, 5, 13], f=53, g=45
[00:00:10:36:143] Expansions: 400,000. Checks - state_vs_state: 2,806, prefix: 1,706,217
[00:00:10:36:143] Expansions: 400,000. Checks - state_vs_state: 2,806, prefix: 1,706,218
[00:00:10:36:144] Expansions: 400,000. Checks - state_vs_state: 2,806, prefix: 1,706,219
[00:00:10:36:144] Expansions: 400,000. Checks - state_vs_state: 2,806, prefix: 1,706,220
[00:00:10:48:085] Expansion 410,000: F [0, 8, 16, 17, 9, 10, 18, 19, 27, 35, 43, 42, 41, 33, 34, 26, 25, 24, 32, 40, 48, 56, 57, 58], B [63, 55, 47, 46, 45, 37, 38, 39, 31, 23, 15, 7, 6, 5, 13], f=53, g=37
[00:00:11:00:269] Expansion 420,000: F [0, 8, 9, 17, 16, 24, 25, 33, 32, 40, 41, 49, 48, 56, 57, 58, 59, 60, 61, 62, 54, 53, 52, 44, 43, 42, 34, 26, 18, 19, 27, 35, 36, 28, 20], B [63, 55, 47, 46, 45, 37, 38, 30, 31], f=53, g=42
[00:00:11:14:520] Expansion 430,000: F [0, 8, 16, 17, 9, 10, 18, 26, 27, 28, 20, 12, 13], B [63, 55, 54, 62, 61, 53, 52, 60, 59, 58, 57, 56, 48, 49, 41, 40, 32, 24, 25, 33, 34, 42, 43, 44, 36, 37], f=53, g=37
[00:00:11:28:099] Expansion 440,000: F [0, 8, 16, 24, 32, 40, 48, 56, 57], B [63, 62, 61, 53, 45, 46, 54, 55, 47, 39, 31, 23, 15, 7, 6, 14, 13, 12, 20, 21, 22, 30, 38, 37, 36, 35, 43], f=53, g=34
[00:00:11:40:456] Expansion 450,000: F [0, 8, 16, 17, 9, 10, 18, 26, 25, 24, 32, 33, 34, 42, 41, 40, 48, 49, 57, 58, 59, 60, 52, 44, 43, 35, 27, 19], B [63, 55, 54, 62, 61, 53, 45, 46, 47, 39, 31, 23, 15, 7, 6, 14, 22], f=53, g=43
[00:00:11:53:253] Expansion 460,000: F [0, 8, 16, 24, 32, 40, 41, 49, 48, 56, 57, 58, 59, 60, 52, 44, 45, 53, 61, 62, 54, 46, 38, 37, 36, 35, 43, 42, 34, 33, 25], B [63, 55, 47, 39, 31, 23, 15, 7, 6, 14, 22], f=53, g=40
[00:00:12:05:617] Expansion 470,000: F [0, 8, 9, 10, 18, 19, 27, 26, 25, 17, 16, 24, 32, 40, 48, 56, 57], B [63, 55, 47, 46, 45, 37, 38, 39, 31, 23, 22, 14, 15, 7, 6, 5, 13, 21, 20, 28, 36, 35], f=53, g=37
[00:00:12:18:694] Expansion 480,000: F [0, 8, 16, 17, 9, 10, 18, 26, 34, 35, 43, 42, 41, 33, 32, 40], B [63, 55, 47, 46, 54, 62, 61, 53, 45, 37, 38, 39, 31, 30, 22, 23, 15, 7, 6], f=53, g=33
[00:00:12:33:729] Expansion 490,000: F [0, 8, 16, 24, 32, 33, 34, 26, 25, 17, 9, 10, 18, 19, 20, 21, 13, 14, 6, 7, 15, 23, 22, 30, 31, 39, 38, 37, 45, 44], B [63, 55, 47, 46, 54, 62, 61, 53, 52, 60, 59, 58, 57, 56, 48], f=53, g=43
[00:00:12:48:188] Expansion 500,000: F [0, 8, 16, 24, 32, 33, 34, 26, 25, 17, 9, 10, 18, 19, 27, 35, 43, 42, 41, 49, 48, 56, 57, 58, 59], B [63, 55, 47, 46, 54, 62, 61, 53, 45, 37, 38, 30, 31], f=53, g=36
[00:00:12:48:188] Expansions: 500,000. Checks - state_vs_state: 3,320, prefix: 2,127,900
[00:00:12:48:189] Expansions: 500,000. Checks - state_vs_state: 3,320, prefix: 2,127,901
[00:00:12:48:189] Expansions: 500,000. Checks - state_vs_state: 3,320, prefix: 2,127,902
[00:00:13:01:334] Expansion 510,000: F [0, 8, 16, 24, 32, 33, 34, 26, 25, 17, 9, 10, 18, 19, 27, 35, 43, 42, 41, 40, 48, 56, 57, 58, 59, 60, 61, 62, 54, 53, 52], B [63, 55, 47, 39, 31, 23, 15, 7, 6, 14, 22], f=53, g=40
[00:00:13:14:721] Expansion 520,000: F [0, 8, 9, 10, 18, 19, 20, 12, 13], B [63, 55, 54, 62, 61, 60, 59, 58, 57, 56, 48, 40, 32, 24, 16, 17, 25, 33, 41, 42, 34, 26, 27, 35, 43], f=53, g=32
[00:00:13:33:382] Expansion 530,000: F [0, 8, 9, 10, 18, 26, 25, 17, 16, 24, 32, 33, 34, 35, 43, 42, 41, 40, 48, 56], B [63, 55, 47, 39, 31, 30, 22, 14, 15, 7, 6, 5, 13], f=53, g=31
[00:00:13:49:786] Expansion 540,000: F [0, 8, 16, 17, 9, 10, 18, 19, 27, 26, 25, 24, 32], B [63, 62, 61, 53, 45, 46, 54, 55, 47, 39, 31, 23, 15, 7, 6, 14, 13, 12, 20, 21, 22, 30, 38, 37, 36, 35, 43, 44, 52, 60, 59, 58, 57, 56, 48, 49, 41], f=53, g=48
[00:00:14:05:175] Expansion 550,000: F [0, 8, 16, 24, 32, 33, 25, 17, 9, 10, 18, 19, 20], B [63, 62, 61, 53, 54, 55, 47, 39, 31, 23, 15, 7, 6, 5, 13, 14, 22, 30, 38, 46, 45, 37, 36, 44, 52, 60, 59, 58], f=53, g=39
[00:00:14:19:855] Expansion 560,000: F [0, 8, 16, 24, 32, 33, 34, 26, 25, 17, 9, 10, 18, 19, 20, 21, 13, 5, 6, 7, 15, 23, 22, 30, 31, 39, 47, 55, 54, 46, 38, 37, 45, 53, 52, 44, 36], B [63, 62, 61, 60, 59, 58, 57, 56, 48], f=53, g=44
[00:00:14:34:052] Expansion 570,000: F [0, 8, 16, 17, 9, 10, 18, 26, 25, 33, 32, 40, 48, 56], B [63, 62, 61, 53, 54, 55, 47, 46, 45, 37, 38, 39, 31, 23, 22, 14, 15, 7, 6, 5, 13], f=53, g=33
[00:00:14:49:778] Expansion 580,000: F [0, 8, 9, 10, 18, 26, 34, 33, 25, 17, 16, 24, 32], B [63, 62, 54, 55, 47, 39, 31, 23, 15, 7, 6, 14, 13, 12, 20, 21, 22, 30, 38, 46, 45, 37, 36, 28, 27], f=53, g=36
[00:00:15:04:354] Expansion 590,000: F [0, 8, 9, 10, 18, 26, 25, 17, 16, 24, 32, 33, 34, 35, 43, 42, 41, 40, 48], B [63, 55, 47, 39, 31, 23, 15, 14, 6, 5, 13, 21], f=53, g=29
[00:00:15:21:154] Expansion 600,000: F [0, 8, 9, 10, 18, 17, 16, 24, 32, 33, 41], B [63, 62, 61, 53, 54, 55, 47, 46, 45, 37, 38, 39, 31, 30, 22, 23, 15, 14, 6], f=53, g=28
[00:00:15:21:155] Expansions: 600,000. Checks - state_vs_state: 4,292, prefix: 2,545,867
[00:00:15:21:155] Expansions: 600,000. Checks - state_vs_state: 4,292, prefix: 2,545,868
[00:00:15:21:156] Expansions: 600,000. Checks - state_vs_state: 4,292, prefix: 2,545,869
[00:00:15:21:156] Expansions: 600,000. Checks - state_vs_state: 4,292, prefix: 2,545,870
[00:00:15:21:157] Expansions: 600,000. Checks - state_vs_state: 4,292, prefix: 2,545,871
[00:00:15:37:105] Expansion 610,000: F [0, 8, 16, 24, 32, 33, 25, 17, 9, 10, 18, 19, 20, 21, 13, 14, 6, 7], B [63, 55, 54, 62, 61, 53, 52, 60, 59, 58, 57, 56, 48], f=53, g=29
[00:00:15:52:245] Expansion 620,000: F [0, 8, 16, 24, 32, 33, 34, 35, 43, 42, 41, 40, 48, 56, 57, 58, 59, 60, 61, 53, 52, 44, 45, 46, 38, 37, 36, 28, 27, 26, 25, 17, 9, 10, 18], B [63, 62, 54, 55, 47, 39, 31, 30, 22, 14, 15, 7, 6, 5, 13], f=53, g=48
[00:00:16:06:589] Expansion 630,000: F [0, 8, 16, 17, 9, 10, 18, 26, 27], B [63, 55, 54, 62, 61, 53, 45, 46, 47, 39, 31, 23, 15, 14, 6, 5, 13, 12, 20, 21, 22], f=53, g=28
[00:00:16:21:039] Expansion 640,000: F [0, 8, 9, 10, 18, 17, 16, 24, 32, 33, 25, 26, 34, 42, 41, 40, 48, 49], B [63, 55, 47, 39, 31, 23, 15, 7, 6, 14, 22], f=53, g=27
[00:00:16:36:459] Expansion 650,000: F [0, 8, 9, 10, 18, 17, 16, 24, 25, 33, 32, 40, 41, 49, 48, 56, 57, 58, 59, 60, 52, 53, 45], B [63, 55, 54, 46, 47, 39, 31, 30], f=53, g=29
[00:00:16:54:064] Expansion 660,000: F [0, 8, 9, 10, 18, 17, 16, 24, 25, 26, 34, 35, 43, 42, 41, 33, 32, 40, 48, 56, 57, 58, 59, 60, 61, 53, 52, 44], B [63, 62, 54, 46, 47, 39, 31, 30], f=53, g=34
[00:00:17:10:042] Expansion 670,000: F [0, 8, 16, 24, 32, 33, 41, 40, 48, 49], B [63, 62, 61, 53, 45, 46, 54, 55, 47, 39, 31, 23, 15, 7, 6, 14, 22], f=53, g=25
[00:00:17:24:815] Expansion 680,000: F [0, 8, 16, 24, 32, 33, 41, 49, 48, 56, 57, 58, 59, 60, 52, 44, 43, 42, 34, 35, 36, 28], B [63, 55, 47, 46, 54, 62, 61, 53, 45, 37, 38, 39, 31, 30, 22, 23, 15, 14, 6], f=53, g=39
[00:00:17:39:522] Expansion 690,000: F [0, 8, 16, 17, 9, 10, 18, 26, 34, 35, 27, 19, 20], B [63, 62, 54, 55, 47, 39, 31, 23, 15, 14, 6, 5, 13, 21, 22, 30], f=53, g=27
[00:00:17:55:588] Expansion 700,000: F [0, 8, 9, 10, 18, 19, 27, 35, 34, 33, 25, 17, 16, 24, 32, 40, 48, 56], B [63, 55, 54, 46, 47, 39, 38, 30, 31, 23, 22, 14, 15, 7, 6, 5, 13], f=53, g=33
[00:00:17:55:589] Expansions: 700,000. Checks - state_vs_state: 5,966, prefix: 2,961,116
[00:00:17:55:589] Expansions: 700,000. Checks - state_vs_state: 5,966, prefix: 2,961,117
[00:00:17:55:589] Expansions: 700,000. Checks - state_vs_state: 5,966, prefix: 2,961,118
[00:00:18:14:075] Expansion 710,000: F [0, 8, 16, 24, 32, 33, 25, 17, 9, 10, 18, 19, 20, 28, 27, 26, 34, 42, 41, 40, 48], B [63, 55, 47, 39, 31, 23, 15, 7, 6, 5, 13, 21, 22, 30, 38, 46, 54, 62, 61], f=53, g=38
[00:00:18:36:078] Expansion 720,000: F [0, 8, 16, 17, 9, 10, 18, 19, 20, 21, 13, 5, 6, 7, 15, 14, 22, 23, 31], B [63, 55, 54, 62, 61, 53, 45, 44, 52, 60, 59, 58, 57, 49, 48, 40, 32, 24, 25, 33, 41, 42, 43, 35, 34, 26, 27], f=53, g=44
[00:00:18:52:137] Expansion 730,000: F [0, 8, 9, 10, 18, 17, 16, 24, 25, 33, 34, 26, 27], B [63, 55, 54, 62, 61, 53, 52, 60, 59, 58, 57, 49, 48, 40, 41, 42, 43, 44, 45, 46, 47, 39, 38], f=53, g=34
[00:00:19:08:007] Expansion 740,000: F [0, 8, 16, 17, 9, 10, 18, 26, 25, 24, 32, 33, 34, 35, 43, 42, 41, 49, 48], B [63, 62, 61, 53, 54, 46, 47], f=53, g=24
[00:00:19:26:613] Expansion 750,000: F [0, 8, 16, 24, 25, 17, 9, 10, 18, 19, 27, 26, 34, 33, 41], B [63, 55, 47, 39, 31, 30, 22, 14, 15, 7, 6, 5], f=53, g=25
[00:00:19:45:327] Expansion 760,000: F [0, 8, 9, 10, 18, 17, 16, 24, 32, 33, 34, 26, 27, 35], B [63, 62, 54, 55, 47, 39, 31, 23, 22], f=53, g=21
[00:00:20:01:147] Expansion 770,000: F [0, 8, 16, 24, 25, 17, 9, 10, 18, 19, 20, 21, 13, 5, 6, 7, 15, 14, 22, 23, 31, 30, 38, 39, 47, 55, 54, 46, 45, 37, 36], B [63, 62, 61, 53, 52, 60, 59, 58, 57, 49, 48, 40, 32, 33, 41, 42], f=53, g=45
[00:00:20:18:366] Expansion 780,000: F [0, 8, 9, 17, 16, 24, 25, 26, 18, 19, 27, 35, 34, 33, 32, 40, 48, 56, 57], B [63, 55, 54, 62, 61, 53, 45, 46, 47, 39, 31, 23, 15, 14, 6, 5, 13, 12], f=53, g=35
[00:00:20:35:770] Expansion 790,000: F [0, 8, 16, 17, 9, 10, 18, 19, 27, 35, 36, 28, 20, 12], B [63, 62, 61, 60, 59, 58, 57, 49, 48, 40, 32, 33], f=53, g=24
[00:00:20:53:901] Expansion 800,000: F [0, 8, 16, 24, 25, 17, 9, 10, 18, 19, 27, 35, 43, 42, 34, 33, 32, 40, 41, 49, 48, 56, 57, 58, 59, 60, 52, 44, 45, 53, 61, 62, 54, 46, 38, 37, 36, 28], B [63, 55, 47, 39, 31, 30, 22, 14, 15], f=53, g=45
[00:00:20:53:902] Expansions: 800,000. Checks - state_vs_state: 7,480, prefix: 3,372,658
[00:00:20:53:902] Expansions: 800,000. Checks - state_vs_state: 7,480, prefix: 3,372,659
[00:00:20:53:902] Expansions: 800,000. Checks - state_vs_state: 7,480, prefix: 3,372,660
[00:00:21:09:860] Expansion 810,000: F [0, 8, 16, 17, 9, 10, 18, 26, 25, 24, 32, 40, 48, 49, 57, 58, 59, 60, 52, 44], B [63, 62, 61, 53, 54, 46, 47, 39, 38, 30, 31, 23, 22], f=53, g=31
[00:00:21:29:685] Expansion 820,000: F [0, 8, 9, 10, 18, 19, 27, 35, 34, 26, 25, 17, 16, 24, 32, 33, 41], B [63, 62, 61, 53, 54, 55, 47, 46, 38, 39, 31, 23, 15, 7, 6, 14, 22, 21, 13, 12, 20], f=53, g=36
[00:00:21:48:625] Expansion 830,000: F [0, 8, 16, 24, 32, 40, 48, 49, 57, 58, 59, 60, 61, 62, 54, 53, 52, 44, 45, 46, 38, 37, 36, 35, 43, 42, 41, 33, 34, 26, 25, 17, 9, 10, 18, 19, 27, 28, 20], B [63, 55, 47, 39, 31, 30, 22, 23, 15, 14, 6, 5, 13], f=53, g=50
[00:00:22:06:376] Expansion 840,000: F [0, 8, 16, 24, 32, 40, 48, 56, 57, 49, 41, 33, 25, 17, 9, 10, 18, 26, 34, 42, 43, 44, 36, 35, 27], B [63, 55, 47, 46, 54, 62, 61, 60, 52, 53, 45, 37, 38, 39, 31], f=53, g=38
[00:00:22:26:369] Expansion 850,000: F [0, 8, 16, 24, 25, 17, 18, 19, 27], B [63, 55, 47, 46, 54, 62, 61, 53, 45, 37, 38, 39, 31, 30, 22, 23, 15, 7, 6], f=53, g=26
[00:00:22:45:637] Expansion 860,000: F [0, 8, 16, 24, 32, 40, 48, 56, 57, 49, 41, 42, 34, 33, 25, 17, 9, 10, 18, 26, 27, 19, 20], B [63, 55, 54, 62, 61, 60], f=53, g=27
[00:00:23:06:658] Expansion 870,000: F [0, 8, 16, 17, 18, 26, 25], B [63, 62, 61, 53, 54, 55, 47, 39, 31, 30, 22, 23, 15, 7, 6], f=53, g=20
[00:00:23:28:590] Expansion 880,000: F [0, 8, 16, 24, 32, 40, 41, 49, 48, 56], B [63, 62, 61, 53, 54, 46, 45, 37], f=53, g=16
[00:00:23:50:673] Expansion 890,000: F [0, 8, 9, 10, 18, 19, 20, 21, 22, 14, 13, 5, 6, 7, 15, 23, 31, 30, 38, 39, 47, 46, 45, 37, 36, 28, 27, 26], B [63, 55, 54, 53, 61], f=53, g=31
[00:00:24:13:661] Expansion 900,000: F [0, 8, 16, 17, 9, 10, 18, 26, 25, 24, 32, 40, 48, 56, 57, 49, 41, 33, 34, 42, 43], B [63, 55, 54, 62, 61, 60, 52, 53, 45, 46, 47, 39, 31, 30], f=53, g=33
[00:00:24:13:662] Expansions: 900,000. Checks - state_vs_state: 8,354, prefix: 3,785,695
[00:00:24:13:662] Expansions: 900,000. Checks - state_vs_state: 8,354, prefix: 3,785,696
[00:00:24:13:663] Expansions: 900,000. Checks - state_vs_state: 8,354, prefix: 3,785,697
[00:00:24:13:663] Expansions: 900,000. Checks - state_vs_state: 8,354, prefix: 3,785,698
[00:00:24:36:405] Expansion 910,000: F [0, 8, 16, 24, 25, 17, 9, 10, 18, 19, 27], B [63, 62, 54, 46, 38, 39], f=53, g=15
[00:00:24:57:805] Expansion 920,000: F [0, 8, 9, 10, 18, 26, 25, 17, 16, 24, 32, 40, 48, 56, 57], B [63, 55, 54, 46, 38, 39], f=53, g=19
[00:00:25:20:733] Path of length 52 found: [0, 8, 16, 24, 32, 40, 41, 49, 48, 56, 57, 58, 59, 60, 52, 44, 45, 53, 61, 62, 54, 46, 38, 37, 36, 35, 43, 42, 34, 33, 25, 17, 9, 10, 18, 26, 27, 19, 20, 12, 13, 5, 6, 7, 15, 23, 22, 30, 31, 39, 47, 55, 63]
[00:00:25:21:787] ! Bidirectional. expansions: 928,063, time: 1,520,761 [ms], path length: 52 [edges], g_F: 40, g_B: 12, generated: {'F': 1,067,263, 'B': 611,215}, MM: 28, MMPER: 51.83018867924528%
[00:00:25:21:788] 
---------- SM_Grids/8x8_grid_with_random_blocks_12per_8 ----------
[00:00:00:22:218] Path of length 54 found: [0, 1, 2, 3, 4, 5, 6, 7, 15, 23, 31, 30, 29, 21, 22, 14, 13, 12, 20, 28, 36, 44, 43, 35, 34, 26, 27, 19, 18, 10, 9, 8, 16, 17, 25, 24, 32, 33, 41, 49, 48, 56, 57, 58, 59, 60, 52, 53, 45, 37, 38, 46, 47, 55, 63]
[00:00:00:22:219] ! Unidirectional s-t. expansions: 8,426, time: 22,219 [ms], path length: 54 [edges], generated: 13,871
[00:00:00:10:218] Path of length 54 found: [63, 55, 47, 46, 45, 53, 52, 60, 59, 58, 57, 56, 48, 49, 41, 33, 32, 24, 25, 17, 16, 8, 9, 10, 18, 19, 20, 21, 22, 30, 29, 28, 27, 26, 34, 35, 43, 44, 36, 37, 38, 39, 31, 23, 15, 7, 6, 14, 13, 5, 4, 3, 2, 1, 0]
[00:00:00:10:225] ! Unidirectional t-s. expansions: 5,418, time: 10,218 [ms], path length: 54 [edges], generated: 9,433
[00:00:00:15:314] Expansion 10,000: F [0, 1, 9, 8, 16, 17, 18, 10, 2, 3, 4, 12, 20, 19, 27, 28, 36, 44, 43, 35, 34, 26, 25, 24, 32, 33, 41, 49, 48, 56], B [63], f=55, g=29
[00:00:00:24:790] Path of length 54 found: [0, 8, 16, 24, 32, 33, 41, 49, 48, 56, 57, 58, 59, 60, 52, 53, 45, 37, 29, 21, 13, 12, 20, 19, 27, 28, 36, 44, 43, 35, 34, 26, 25, 17, 18, 10, 9, 1, 2, 3, 4, 5, 6, 7, 15, 14, 22, 23, 31, 30, 38, 46, 47, 55, 63]
[00:00:00:25:275] ! Bidirectional. expansions: 15,034, time: 24,790 [ms], path length: 54 [edges], g_F: 52, g_B: 2, generated: {'F': 12,836, 'B': 12,801}, MM: 50, MMPER: 89.9090909090909%
[00:00:00:25:275] 
---------- SM_Grids/8x8_grid_with_random_blocks_12per_9 ----------
[00:00:00:16:446] Expansion 10,000: state None, f=54, g=27
[00:00:00:27:606] Expansion 20,000: state None, f=53, g=36
[00:00:00:35:957] Expansion 30,000: state None, f=53, g=40
[00:00:00:45:557] Expansion 40,000: state None, f=53, g=29
[00:00:00:55:962] Expansion 50,000: state None, f=53, g=39
[00:00:01:06:914] Expansion 60,000: state None, f=53, g=42
[00:00:01:18:486] Expansion 70,000: state None, f=53, g=36
[00:00:01:29:958] Expansion 80,000: state None, f=53, g=17
[00:00:01:42:479] Path of length 52 found: [0, 1, 2, 10, 9, 8, 16, 24, 32, 40, 48, 56, 57, 58, 50, 49, 41, 33, 25, 26, 18, 19, 11, 12, 4, 5, 6, 7, 15, 23, 31, 30, 38, 46, 47, 55, 54, 53, 45, 37, 29, 21, 20, 28, 27, 35, 43, 51, 59, 60, 61, 62, 63]
[00:00:01:42:480] ! Unidirectional s-t. expansions: 87,139, time: 102,479 [ms], path length: 52 [edges], generated: 146,952
[00:00:00:13:410] Expansion 10,000: state None, f=54, g=29
[00:00:00:33:814] Expansion 20,000: state None, f=54, g=27
[00:00:00:47:446] Expansion 30,000: state None, f=53, g=41
[00:00:00:56:251] Expansion 40,000: state None, f=53, g=37
[00:00:01:06:515] Expansion 50,000: state None, f=53, g=39
[00:00:01:17:524] Expansion 60,000: state None, f=53, g=31
[00:00:01:29:791] Expansion 70,000: state None, f=53, g=41
[00:00:01:41:869] Expansion 80,000: state None, f=53, g=18
[00:00:01:58:030] Expansion 90,000: state None, f=53, g=12
[00:00:02:08:706] Path of length 52 found: [63, 62, 61, 60, 59, 58, 50, 49, 57, 56, 48, 40, 41, 33, 32, 24, 25, 26, 34, 35, 43, 51, 52, 53, 54, 55, 47, 46, 45, 37, 38, 30, 31, 23, 15, 7, 6, 5, 4, 12, 13, 21, 29, 28, 20, 19, 11, 10, 2, 1, 9, 8, 0]
[00:00:02:08:708] ! Unidirectional t-s. expansions: 96,939, time: 128,706 [ms], path length: 52 [edges], generated: 164,435
[00:00:00:23:089] Expansion 10,000: F [0, 1, 2, 10, 9, 8, 16, 24, 25, 33, 32, 40, 41, 49, 48, 56, 57, 58], B [63, 62, 61, 60, 52, 53, 54, 55, 47, 46, 38, 37, 36, 28, 20], f=55, g=31
[00:00:00:59:023] Expansion 20,000: F [0, 1, 2, 10, 9, 8, 16, 24, 32, 40, 48, 56, 57, 49, 41, 33, 25, 26, 34, 35, 43, 51, 50, 58, 59, 60, 61], B [63, 62, 54, 55, 47, 46, 38, 30, 31, 23, 15, 7, 6, 5, 4, 12], f=54, g=41
[00:00:01:13:588] Expansion 30,000: F [0, 1, 2, 10, 9, 8, 16, 24, 25, 26, 18, 19, 11, 12, 4, 5, 6, 7, 15, 23, 31, 30, 29, 21, 20, 28], B [63, 62, 54, 55, 47, 46, 38, 37, 45, 53, 52, 60, 59, 58, 57, 56, 48, 49], f=54, g=42
[00:00:01:30:540] Expansion 40,000: F [0, 1, 2, 10], B [63, 62, 61, 60, 52, 53, 54, 55, 47, 46, 45, 37, 36, 28, 27, 35, 43, 51, 59, 58, 50, 49, 57, 56, 48, 40, 32], f=54, g=29
[00:00:01:47:569] Expansion 50,000: F [0, 1, 9, 8, 16, 24, 32, 33], B [63, 62, 61, 60, 52, 53, 54, 55, 47, 46, 45, 37, 38, 30, 31, 23, 15, 7, 6, 5, 13], f=54, g=27
[00:00:02:05:594] Expansion 60,000: F [0, 1, 9, 8, 16, 24, 32, 40, 48, 56, 57, 58, 50, 49, 41, 33, 34, 26, 27, 19, 18, 10], B [63, 55, 47, 46, 54, 62, 61, 60, 59, 51], f=54, g=30
[00:00:02:24:307] Expansion 70,000: F [0, 8, 9, 1, 2, 10, 18, 26, 27, 19, 20, 28, 29, 21, 13, 12, 4, 5, 6, 7, 15, 23, 31, 30, 38, 46, 47, 55, 54, 53], B [63, 62, 61, 60, 59, 58, 57, 56, 48, 40, 32, 24], f=54, g=40
[00:00:02:43:633] Expansion 80,000: F [0, 1, 9, 8, 16, 24, 25, 26, 18, 10, 11, 19, 20, 21, 13, 12, 4, 5, 6, 7, 15, 23], B [63, 62, 54, 55, 47, 46, 38, 37, 45, 53, 52, 60], f=54, g=32
[00:00:03:04:978] Expansion 90,000: F [0, 1, 2, 10, 9, 8, 16], B [63, 55, 54, 62, 61, 53, 52, 60, 59, 58, 57, 49], f=54, g=17
[00:00:03:28:240] Expansion 100,000: F [0, 1, 9, 8, 16, 24, 25, 26, 27, 28], B [63, 55, 54, 62, 61, 53, 52, 60, 59, 58, 57, 56, 48, 49], f=54, g=22
[00:00:03:28:240] Expansions: 100,000. Checks - state_vs_state: 748, prefix: 415,172
[00:00:03:28:241] Expansions: 100,000. Checks - state_vs_state: 748, prefix: 415,173
[00:00:03:28:241] Expansions: 100,000. Checks - state_vs_state: 748, prefix: 415,174
[00:00:03:28:242] Expansions: 100,000. Checks - state_vs_state: 748, prefix: 415,175
[00:00:03:28:242] Expansions: 100,000. Checks - state_vs_state: 748, prefix: 415,176
[00:00:03:37:734] Expansion 110,000: F [0, 1, 2, 10, 9, 8, 16, 24, 32, 40, 41, 49, 48, 56, 57, 58, 59, 51, 43], B [63, 55, 47, 46, 54, 62, 61, 60, 52, 53, 45, 37, 29, 30, 31, 23, 15, 7, 6, 5, 13, 21, 20, 12, 11, 19, 18, 26], f=53, g=45
[00:00:03:47:157] Expansion 120,000: F [0, 1, 2, 10, 9, 8, 16, 24, 32, 40, 48, 56, 57, 58, 59, 60, 61, 62, 54, 53], B [63, 55, 47, 46, 38, 30, 31, 23, 15, 7, 6, 5, 13, 12, 20, 21, 29, 28, 27, 19, 18, 26, 34], f=53, g=41
[00:00:03:57:001] Expansion 130,000: F [0, 1, 2, 10, 9, 8, 16, 24, 32, 40, 48, 56, 57, 58, 59, 60, 61, 53, 45, 37, 36, 28, 27, 35, 43, 51, 50, 49, 41], B [63, 62, 54, 55, 47, 46, 38, 30, 31, 23, 15, 7, 6, 5, 4, 12, 13, 21, 20, 19], f=53, g=47
[00:00:04:07:719] Expansion 140,000: F [0, 8], B [63, 62, 54, 55, 47, 46, 45, 53, 61, 60, 52, 51, 59, 58, 57, 56, 48, 49, 41, 40, 32, 33, 34, 35, 36, 28, 20, 21, 29, 37, 38, 30, 31, 23, 15, 7, 6, 5, 4, 12, 11, 19, 27, 26], f=53, g=44
[00:00:04:19:258] Expansion 150,000: F [0, 1, 9, 8, 16, 24, 32, 40, 41, 33, 34, 26, 27, 28, 29, 21, 20, 19, 18, 10, 11, 12, 4, 5, 6, 7, 15, 23, 31], B [63, 55, 47, 46, 54, 62, 61, 60, 59, 58, 57, 56, 48, 49, 50, 51], f=53, g=43
[00:00:04:31:884] Expansion 160,000: F [0, 1, 2, 10, 9, 8, 16, 24, 32, 40, 48, 56, 57, 49, 41, 33, 34, 35, 36, 28, 27, 26, 18, 19, 20, 12, 4], B [63, 55, 47, 46, 54, 62, 61, 60, 59, 58, 50, 51], f=53, g=37
[00:00:04:44:077] Expansion 170,000: F [0, 1, 9, 8, 16, 24, 32, 40, 48, 56, 57, 58, 59, 60, 52, 53, 45, 37, 29, 21, 20, 19, 27, 28, 36, 35, 43, 51, 50, 49, 41, 33], B [63, 62, 54, 55, 47, 46, 38, 30, 31, 23, 15, 7, 6, 5, 4, 12, 11, 10, 18, 26], f=53, g=50
[00:00:04:58:925] Expansion 180,000: F [0, 8], B [63, 55, 47, 46, 45, 53, 54, 62, 61, 60, 59, 58, 57, 56, 48, 49, 50, 51, 43, 35, 27, 28, 36, 37, 38, 30, 31, 23, 15, 7, 6, 5, 13, 21, 20], f=53, g=35
[00:00:05:11:787] Expansion 190,000: F [0, 8, 9, 1, 2, 10, 11, 19, 27, 26, 25, 24, 32, 40, 48, 56, 57, 58, 50, 49, 41, 33, 34, 35, 36, 28, 29, 21, 20, 12], B [63, 55, 47, 46, 54, 62, 61, 60, 59, 51, 52], f=53, g=39
[00:00:05:25:985] Expansion 200,000: F [0, 1, 2, 10, 9, 8, 16, 24, 25, 26], B [63, 55, 54, 62, 61, 60, 52, 53, 45, 46, 38, 30, 31, 23, 15, 7, 6, 5, 13, 12, 11, 19, 20, 21, 29, 37, 36], f=53, g=35
[00:00:05:25:986] Expansions: 200,000. Checks - state_vs_state: 2,330, prefix: 833,969
[00:00:05:25:986] Expansions: 200,000. Checks - state_vs_state: 2,330, prefix: 833,970
[00:00:05:25:986] Expansions: 200,000. Checks - state_vs_state: 2,330, prefix: 833,971
[00:00:05:25:987] Expansions: 200,000. Checks - state_vs_state: 2,330, prefix: 833,972
[00:00:05:25:987] Expansions: 200,000. Checks - state_vs_state: 2,330, prefix: 833,973
[00:00:05:39:842] Expansion 210,000: F [0, 1, 2, 10, 9, 8, 16, 24, 25, 33, 41, 40, 48, 56, 57, 49, 50, 58, 59, 60, 52, 51, 43, 35, 27, 26, 18, 19, 11, 12, 4, 5], B [63, 55, 54, 62, 61, 53, 45, 46, 38, 30], f=53, g=40
[00:00:05:54:441] Expansion 220,000: F [0, 8], B [63, 62, 61, 53, 54, 55, 47, 46, 38, 37, 36, 28, 29, 30, 31, 23, 15, 7, 6, 5, 4, 12, 13, 21, 20, 19, 27, 35, 34, 33, 41, 49, 50], f=53, g=33
[00:00:06:08:590] Expansion 230,000: F [0, 1, 9, 8, 16, 24, 32, 40, 48, 56, 57, 58, 50, 49, 41, 33, 34, 26, 18, 10, 11, 12, 20, 19, 27, 28, 36, 35], B [63, 55, 47, 46, 38, 30, 31, 23, 15, 7, 6, 5, 13, 21, 29, 37, 45, 53, 54, 62, 61, 60], f=53, g=48
[00:00:06:23:087] Expansion 240,000: F [0, 8], B [63, 55, 47, 46, 38, 37, 45, 53, 54, 62, 61, 60, 59, 51, 43, 35, 36, 28, 29, 30, 31, 23, 15, 7, 6, 5, 13, 12, 20, 19], f=53, g=30
[00:00:06:38:524] Expansion 250,000: F [0, 8, 9, 1, 2, 10, 11, 12, 20, 21, 13, 5, 6, 7, 15, 23], B [63, 62, 54, 55, 47, 46, 38, 37, 45, 53, 52, 60, 59, 58, 57, 56, 48, 40, 32, 24], f=53, g=34
[00:00:06:53:361] Expansion 260,000: F [0, 1, 9, 8, 16, 24, 32, 40, 48, 56, 57, 49], B [63, 55, 54, 62, 61, 53, 45, 46, 38, 30, 31, 23, 15, 7, 6, 5, 13, 12, 11, 10, 18, 19, 27, 28, 20, 21, 29], f=53, g=37
[00:00:07:11:412] Expansion 270,000: F [0, 8, 9, 1, 2, 10, 18, 19, 20], B [63, 62, 61, 60, 52, 51, 59, 58, 50, 49, 57, 56, 48, 40, 41, 33, 32, 24], f=53, g=25
[00:00:07:29:038] Expansion 280,000: F [0, 1, 9, 8, 16, 24, 25, 26, 27, 19, 18, 10, 11, 12, 20, 28, 29, 21, 13, 5, 6, 7], B [63, 62, 61, 60, 59, 58, 57, 56, 48, 40, 41], f=53, g=31
[00:00:07:46:041] Expansion 290,000: F [0, 1, 9, 8, 16, 24, 32, 33, 25, 26, 18, 10, 11, 12, 20], B [63, 62, 54, 55, 47, 46, 45, 53, 61, 60], f=53, g=23
[00:00:08:04:719] Expansion 300,000: F [0, 8, 9, 1, 2, 10, 11, 12, 13, 5, 6, 7, 15, 23, 31, 30, 38, 46, 47, 55, 54, 53], B [63, 62, 61, 60, 59, 58, 57, 56, 48, 49, 41, 40, 32, 24, 25, 33, 34, 26, 18, 19, 27], f=53, g=41
[00:00:08:04:719] Expansions: 300,000. Checks - state_vs_state: 4,214, prefix: 1,240,024
[00:00:08:04:719] Expansions: 300,000. Checks - state_vs_state: 4,214, prefix: 1,240,025
[00:00:08:04:720] Expansions: 300,000. Checks - state_vs_state: 4,214, prefix: 1,240,026
[00:00:08:04:720] Expansions: 300,000. Checks - state_vs_state: 4,214, prefix: 1,240,027
[00:00:08:04:720] Expansions: 300,000. Checks - state_vs_state: 4,214, prefix: 1,240,028
[00:00:08:24:065] Expansion 310,000: F [0, 1, 2, 10, 9, 8, 16, 24, 32, 33, 34, 26, 18, 19, 27], B [63, 55, 47, 46, 54, 53], f=53, g=19
[00:00:08:43:646] Expansion 320,000: F [0, 8, 9, 1, 2, 10, 11, 12, 4, 5], B [63, 62, 61, 60, 52, 51, 50, 58, 57, 56, 48, 49, 41, 40, 32, 24, 25, 33, 34, 35, 36, 37, 45, 53, 54, 55, 47, 46, 38, 30], f=53, g=38
[00:00:09:06:546] Expansion 330,000: F [0, 1, 9, 8, 16, 24, 25, 26, 18, 10, 11, 19, 27, 28, 20, 21, 13, 12, 4, 5, 6, 7], B [63, 62, 54, 46, 45, 53, 61, 60, 52, 51], f=53, g=30
[00:00:09:29:629] Expansion 340,000: F [0, 8], B [63, 55, 47, 46, 54, 53, 52, 60, 59, 51, 43, 35, 36, 28, 20, 21, 29, 37, 38], f=53, g=19
[00:00:09:45:774] Path of length 52 found: [0, 1, 2, 10, 9, 8, 16, 24, 32, 40, 48, 56, 57, 58, 50, 49, 41, 33, 25, 26, 18, 19, 11, 12, 20, 21, 13, 5, 6, 7, 15, 23, 31, 30, 38, 37, 29, 28, 36, 35, 43, 51, 59, 60, 52, 53, 61, 62, 54, 46, 47, 55, 63]
[00:00:09:46:445] ! Bidirectional. expansions: 346,408, time: 585,779 [ms], path length: 52 [edges], g_F: 21, g_B: 31, generated: {'F': 270,471, 'B': 344,627}, MM: 10, MMPER: 17.867924528301888%
[00:00:09:46:446] average expansions: (31,408, 31,830, 153,393, 0)
[00:00:09:46:446] average time: (38,527, 42,166, 258,412, 0)
[00:00:09:46:446] XA*: 31,408 , 38,527 (expansions , time[ms])
[00:00:09:46:446] BiXA*: 153,393 , 258,412 (expansions , time[ms])

