--------------------------
date: SM_Grids
number_of_graphs: 10
graph_type: grid
size_of_graphs: [8, 8]
heuristic: bcc_heuristic
snake: False
run_uni: True
run_bi: True
run_multi: False
solution_vertices: []
algorithms: ['A']
lookahead: 1
bsd: False
cube_first_dims: 4
cube_buffer_dim: None
backward_sym_generation: False
sym_coil: False
prefix_set: None

---------- SM_Grids/8x8_grid_with_random_blocks_8per_0 ----------
[00:00:00:01:917] Path of length 56 found: [0, 8, 9, 17, 16, 24, 25, 26, 18, 19, 11, 10, 2, 3, 4, 5, 6, 7, 15, 23, 31, 39, 47, 55, 54, 53, 45, 46, 38, 37, 29, 30, 22, 14, 13, 21, 20, 28, 27, 35, 36, 44, 43, 42, 34, 33, 32, 40, 41, 49, 57, 58, 59, 60, 61, 62, 63]
[00:00:00:01:917] ! Unidirectional s-t. expansions: 1,046, time: 1,917 [ms], path length: 56 [edges], generated: 1,904
[00:00:00:14:487] Path of length 56 found: [63, 62, 54, 55, 47, 46, 38, 39, 31, 30, 29, 37, 36, 35, 27, 28, 20, 21, 22, 23, 15, 7, 6, 14, 13, 5, 4, 3, 2, 10, 11, 19, 18, 26, 25, 33, 34, 42, 43, 44, 45, 53, 61, 60, 59, 58, 57, 49, 41, 40, 32, 24, 16, 17, 9, 8, 0]
[00:00:00:14:489] ! Unidirectional t-s. expansions: 7,649, time: 14,487 [ms], path length: 56 [edges], generated: 14,081
[00:00:00:26:448] Expansion 10,000: F [0, 8, 16, 24, 25, 26, 34, 33, 32, 40, 41], B [63, 55, 47, 46, 38, 39, 31, 23, 22, 30, 29, 28, 20, 21, 13, 14, 15, 7, 6, 5, 4, 3, 2], f=57, g=32
[00:00:00:53:119] Expansion 20,000: F [0, 8, 9, 17], B [63, 55, 47, 39, 31, 30, 29, 28, 36, 35, 27, 19, 20, 21, 22, 23, 15, 7], f=57, g=20
[00:00:01:15:508] Expansion 30,000: F [0, 8, 9, 17, 16, 24, 25, 26, 34], B [63, 62, 54, 55, 47, 39, 31, 23, 22, 30, 29, 37, 38, 46, 45, 53], f=57, g=23
[00:00:01:27:103] Path of length 56 found: [0, 8, 9, 17, 16, 24, 32, 40, 41, 49, 57, 58, 59, 60, 61, 53, 45, 44, 43, 42, 34, 33, 25, 26, 18, 19, 11, 10, 2, 3, 4, 5, 13, 21, 20, 28, 27, 35, 36, 37, 29, 30, 22, 14, 6, 7, 15, 23, 31, 39, 38, 46, 47, 55, 54, 62, 63]
[00:00:01:27:637] ! Bidirectional. expansions: 33,896, time: 87,105 [ms], path length: 56 [edges], g_F: 18, g_B: 38, generated: {'F': 23,000, 'B': 36,112}, MM: 20, MMPER: 34.08771929824562%
[00:00:01:27:637] 
---------- SM_Grids/8x8_grid_with_random_blocks_8per_1 ----------
[00:00:00:14:810] Expansion 10,000: state None, f=57, g=39
[00:00:00:26:490] Expansion 20,000: state None, f=57, g=24
[00:00:00:41:907] Expansion 30,000: state None, f=57, g=19
[00:00:00:58:374] Expansion 40,000: state None, f=57, g=25
[00:00:01:13:181] Expansion 50,000: state None, f=57, g=52
[00:00:01:22:580] Expansion 60,000: state None, f=57, g=15
[00:00:01:35:448] Expansion 70,000: state None, f=57, g=51
[00:00:01:41:952] Path of length 56 found: [0, 8, 16, 24, 32, 40, 48, 56, 57, 49, 41, 42, 50, 51, 59, 60, 61, 53, 52, 44, 43, 35, 34, 26, 18, 17, 9, 1, 2, 10, 11, 3, 4, 5, 6, 7, 15, 23, 31, 30, 29, 21, 22, 14, 13, 12, 20, 28, 36, 37, 38, 39, 47, 46, 54, 62, 63]
[00:00:01:41:954] ! Unidirectional s-t. expansions: 74,923, time: 101,952 [ms], path length: 56 [edges], generated: 127,510
[00:00:00:21:885] Expansion 10,000: state None, f=57, g=43
[00:00:00:32:393] Expansion 20,000: state None, f=57, g=46
[00:00:00:46:356] Expansion 30,000: state None, f=57, g=22
[00:00:01:00:889] Expansion 40,000: state None, f=57, g=41
[00:00:01:17:192] Expansion 50,000: state None, f=57, g=39
[00:00:01:30:575] Expansion 60,000: state None, f=57, g=33
[00:00:01:46:704] Expansion 70,000: state None, f=57, g=35
[00:00:02:03:243] Expansion 80,000: state None, f=57, g=27
[00:00:02:15:092] Expansion 90,000: state None, f=57, g=32
[00:00:02:31:237] Expansion 100,000: state None, f=57, g=32
[00:00:02:43:969] Expansion 110,000: state None, f=57, g=25
[00:00:03:00:006] Expansion 120,000: state None, f=57, g=22
[00:00:03:12:797] Expansion 130,000: state None, f=57, g=47
[00:00:03:19:978] Path of length 56 found: [63, 55, 47, 39, 31, 23, 15, 7, 6, 5, 4, 12, 11, 3, 2, 10, 18, 26, 34, 35, 43, 44, 36, 37, 29, 28, 20, 21, 13, 14, 22, 30, 38, 46, 54, 62, 61, 53, 52, 60, 59, 51, 50, 42, 41, 49, 57, 56, 48, 40, 32, 24, 16, 17, 9, 1, 0]
[00:00:03:19:981] ! Unidirectional t-s. expansions: 133,915, time: 199,978 [ms], path length: 56 [edges], generated: 226,078
[00:00:00:24:723] Expansion 10,000: F [0, 8, 9, 1, 2, 3, 4, 5, 6, 7, 15, 14, 13, 12, 20], B [63, 55, 54, 62, 61, 53, 52, 60, 59, 51, 50, 49, 57], f=58, g=26
[00:00:00:51:499] Expansion 20,000: F [0, 1, 2, 10, 18], B [63, 55, 47, 39, 31, 30, 38, 46, 54, 62, 61, 53, 52, 60, 59, 51], f=58, g=19
[00:00:01:52:460] Expansion 30,000: F [0, 1, 2, 3, 11, 12, 4, 5, 13, 21, 29, 30, 22, 14, 6, 7, 15, 23, 31, 39, 47, 46, 38, 37, 36], B [63, 55, 54, 62, 61], f=58, g=28
[00:00:02:19:424] Expansion 40,000: F [0, 1, 2, 3, 4, 5, 13, 21, 20], B [63, 62, 61, 53, 52, 60, 59, 51, 50, 42, 41, 49, 57, 56, 48, 40, 32], f=58, g=24
[00:00:02:44:120] Expansion 50,000: F [0, 1, 2, 3, 11, 12, 4, 5, 13, 14, 6, 7, 15, 23, 22, 30, 31, 39, 38, 37, 29, 21, 20], B [63, 55, 47, 46, 54, 62, 61, 53, 52, 60, 59, 51, 50, 42, 41, 49, 57, 56, 48, 40, 32, 24, 16, 8, 9, 10, 18], f=57, g=48
[00:00:02:56:131] Expansion 60,000: F [0, 8, 9, 1, 2, 3, 4, 5, 6, 7, 15, 14, 13, 21, 20, 12], B [63, 62, 61, 60, 59, 51, 43, 44, 52, 53, 54, 55, 47, 46, 38, 39, 31, 23, 22, 30, 29, 37, 36], f=57, g=37
[00:00:03:12:526] Expansion 70,000: F [0, 8, 9, 1, 2, 10, 11, 3, 4, 12, 20], B [63, 62, 61, 60, 59, 51, 52, 53, 54, 55, 47, 46, 38, 39, 31, 23, 15, 7, 6, 5, 13, 14, 22, 21, 29, 37, 36], f=57, g=36
[00:00:03:30:098] Expansion 80,000: F [0, 1, 2, 3, 11, 19, 18], B [63, 62, 61, 53, 54, 55, 47, 46, 38, 39, 31, 30, 22, 23, 15, 7, 6, 14, 13, 5, 4, 12, 20, 21, 29, 28, 36, 44], f=57, g=33
[00:00:03:48:498] Expansion 90,000: F [0, 1, 2, 10, 9, 8, 16], B [63, 62, 61, 60, 59, 51, 52, 53, 54, 55, 47, 46, 38, 39, 31, 30, 22, 23, 15, 7, 6, 14, 13, 12], f=57, g=29
[00:00:04:10:718] Expansion 100,000: F [0, 8, 16, 24, 32, 40, 48, 56, 57, 49, 41, 42, 50], B [63, 55, 47, 39, 31, 23, 15, 7, 6, 14, 22, 21, 20, 12, 13, 5, 4, 3, 2, 1, 9, 10, 11, 19, 18], f=57, g=36
[00:00:04:10:718] Expansions: 100,000. Checks - state_vs_state: 1,770, prefix: 442,808
[00:00:04:10:719] Expansions: 100,000. Checks - state_vs_state: 1,770, prefix: 442,809
[00:00:04:10:719] Expansions: 100,000. Checks - state_vs_state: 1,770, prefix: 442,810
[00:00:04:30:424] Expansion 110,000: F [0, 1, 2, 3, 11, 12, 4, 5, 6, 7, 15, 14, 13, 21, 20], B [63, 62, 61, 60, 59, 51, 43, 44, 52, 53, 54, 55, 47, 39, 31, 23], f=57, g=29
[00:00:04:50:758] Expansion 120,000: F [0, 8, 16, 24, 32, 40, 48, 56, 57, 49], B [63, 55, 47, 39, 31, 30, 29, 21, 22, 23, 15, 7, 6, 14, 13, 5, 4, 12, 11, 3, 2, 1, 9, 17, 18], f=57, g=33
[00:00:05:11:906] Expansion 130,000: F [0, 1, 2, 3, 11, 19, 20, 12, 4, 5, 6, 7, 15, 14, 13, 21, 29, 37, 36, 44, 43, 35], B [63, 55, 47, 39, 31, 23, 22, 30, 38, 46, 54, 62, 61, 53, 52, 60, 59, 51, 50, 42], f=57, g=40
[00:00:05:31:179] Expansion 140,000: F [0, 8, 9, 1, 2, 10, 11, 3, 4, 5, 6, 7, 15, 23, 22, 14, 13, 21, 20], B [63, 62, 61, 60, 59, 51, 50, 49, 57, 56, 48, 40], f=57, g=29
[00:00:05:53:690] Expansion 150,000: F [0, 8, 9, 1, 2, 3, 4, 5, 13, 12, 20], B [63, 62, 61, 60, 59, 51, 43, 44, 52, 53, 54, 55, 47, 39, 38, 30, 31, 23, 15, 7, 6], f=57, g=30
[00:00:06:17:472] Expansion 160,000: F [0, 1, 2, 3, 4, 5, 13, 12, 20, 28, 36, 37, 29, 21, 22, 14, 6, 7, 15, 23, 31, 30, 38, 46, 47, 55, 54, 53, 52], B [63, 62, 61, 60, 59, 51], f=57, g=33
[00:00:06:37:986] Expansion 170,000: F [0, 1, 2, 3, 4, 12, 20, 28, 29, 30, 22, 21, 13, 5, 6], B [63, 62, 61, 60, 59, 51, 43, 42, 41, 49, 57, 56, 48], f=57, g=26
[00:00:06:58:820] Expansion 180,000: F [0, 8, 9, 1, 2, 10, 18], B [63, 62, 61, 60, 59, 51, 43, 44, 52, 53, 54, 55, 47, 46, 38, 30, 31, 23, 22, 21, 20], f=57, g=26
[00:00:07:20:037] Expansion 190,000: F [0, 1, 2, 3, 4, 12, 20, 19, 11, 10, 18], B [63, 62, 54, 55, 47, 46, 38, 39, 31, 23, 15, 14, 6, 5], f=57, g=23
[00:00:07:41:195] Expansion 200,000: F [0, 1, 2, 3, 4, 5, 13, 12, 11, 19, 20, 28, 29, 37], B [63, 62, 61, 60, 59, 51, 50, 49], f=57, g=20
[00:00:07:41:196] Expansions: 200,000. Checks - state_vs_state: 4,620, prefix: 874,770
[00:00:07:41:196] Expansions: 200,000. Checks - state_vs_state: 4,620, prefix: 874,771
[00:00:07:41:198] Expansions: 200,000. Checks - state_vs_state: 4,620, prefix: 874,772
[00:00:07:41:199] Expansions: 200,000. Checks - state_vs_state: 4,620, prefix: 874,773
[00:00:07:41:199] Expansions: 200,000. Checks - state_vs_state: 4,620, prefix: 874,774
[00:00:08:02:711] Expansion 210,000: F [0, 8, 9, 1, 2, 10, 11, 3, 4, 5, 13, 14, 6, 7, 15], B [63, 62, 61, 53, 54, 55, 47, 46, 38, 39, 31], f=57, g=24
[00:00:08:26:501] Expansion 220,000: F [0, 1, 2, 3, 11, 12, 4, 5, 6, 7, 15, 14, 13, 21, 20, 19, 18], B [63, 62, 54, 46, 47, 39, 31, 23, 22, 30, 38, 37, 29, 28, 36, 35, 43, 44, 52, 53, 61, 60, 59], f=57, g=38
[00:00:08:50:543] Expansion 230,000: F [0, 8, 9, 1, 2, 10, 11, 3, 4, 12, 13, 21, 29, 37], B [63, 62, 61, 60, 59, 51, 50, 49, 57], f=57, g=21
[00:00:09:13:749] Expansion 240,000: F [0, 8, 9, 1, 2, 3, 4, 5, 13, 21], B [63, 55, 47, 39, 31, 23, 15, 7, 6, 14, 22, 30, 38, 46, 54, 53, 61], f=57, g=25
[00:00:09:36:026] Expansion 250,000: F [0, 1, 2, 10, 9, 8, 16], B [63, 62, 61, 60, 59, 51, 52, 53, 54, 55, 47, 39, 31, 23, 15, 7, 6, 14, 22, 30, 38, 37, 29, 28], f=57, g=29
[00:00:09:57:940] Expansion 260,000: F [0, 1, 2, 3, 4, 12, 20, 21, 13, 5, 6, 7, 15, 14, 22, 30, 31, 39], B [63, 62, 54], f=57, g=19
[00:00:10:20:618] Expansion 270,000: F [0, 1, 2, 3, 4, 12, 11, 19, 20, 21, 13, 5, 6, 14, 15, 23], B [63, 55, 47, 39, 38, 46, 54, 62, 61, 53, 52, 60, 59, 51, 50], f=57, g=29
[00:00:10:41:783] Expansion 280,000: F [0, 8, 9, 1, 2, 10, 11, 12, 4, 5, 13, 14, 6, 7, 15, 23, 22], B [63, 55, 47, 46, 54, 62, 61, 53, 52, 60, 59, 51, 43, 44, 36, 35, 34], f=57, g=32
[00:00:11:03:319] Expansion 290,000: F [0, 1, 2, 10, 9, 8, 16], B [63, 62, 61, 53, 54, 55, 47, 46, 38, 37, 29, 28, 20, 21, 22, 30], f=57, g=21
[00:00:11:29:082] Expansion 300,000: F [0, 1, 2, 3, 4, 12, 20, 28, 36, 37, 29, 30, 22, 21, 13, 14, 6, 7, 15, 23, 31, 39, 38, 46, 47], B [63, 62, 61, 60, 59, 51, 50, 42, 41, 49, 57, 56, 48, 40, 32, 24, 16, 8, 9], f=57, g=42
[00:00:11:29:083] Expansions: 300,000. Checks - state_vs_state: 6,272, prefix: 1,304,732
[00:00:11:29:083] Expansions: 300,000. Checks - state_vs_state: 6,272, prefix: 1,304,733
[00:00:11:29:084] Expansions: 300,000. Checks - state_vs_state: 6,272, prefix: 1,304,734
[00:00:11:29:084] Expansions: 300,000. Checks - state_vs_state: 6,272, prefix: 1,304,735
[00:00:11:54:315] Expansion 310,000: F [0, 8, 9, 1, 2, 10, 11, 19, 20, 12, 4, 5, 6, 7, 15, 23, 31, 30, 22, 14, 13, 21, 29, 28, 36], B [63, 62, 61, 60, 59, 51, 50, 49, 57, 56, 48, 40], f=57, g=35
[00:00:12:17:670] Expansion 320,000: F [0, 8, 16], B [63, 62, 61, 60, 59, 51, 52, 53, 54, 55, 47, 39, 31, 23, 22, 14, 15, 7, 6, 5, 4, 12, 13, 21, 20, 28, 29, 30, 38], f=57, g=30
[00:00:12:42:161] Expansion 330,000: F [0, 1, 9, 8, 16], B [63, 62, 61, 53, 54, 55, 47, 46, 38, 37, 29, 30, 31, 23, 22, 14, 15, 7, 6, 5, 4, 12, 13, 21, 20], f=57, g=28
[00:00:13:05:366] Expansion 340,000: F [0, 1, 2, 3, 11, 10, 18], B [63, 55, 47, 39, 31, 23, 15, 14, 6, 5, 4, 12, 13, 21, 22, 30, 29, 37, 38, 46, 54, 62, 61, 53, 52, 60, 59], f=57, g=32
[00:00:13:27:685] Expansion 350,000: F [0, 1, 2, 10, 11, 19, 20, 28], B [63, 62, 61, 60, 59, 51, 43, 42, 50, 49], f=57, g=16
[00:00:13:49:272] Expansion 360,000: F [0, 8, 9, 17, 16, 24, 32, 40, 48, 56, 57, 49, 41, 42, 50, 51, 59, 60, 61, 62, 54], B [63, 55, 47, 39, 31, 30, 29, 21, 13, 14], f=57, g=29
[00:00:14:12:428] Expansion 370,000: F [0, 1, 9, 8, 16], B [63, 55, 47, 39, 31, 30, 38, 46, 54, 53, 61, 60, 59, 51, 52, 44, 43, 35, 36, 37, 29, 28, 20, 21, 13, 14, 22, 23, 15], f=57, g=32
[00:00:14:34:613] Expansion 380,000: F [0, 1, 2, 10, 18], B [63, 62, 61, 53, 54, 55, 47, 39, 31, 23, 15, 7, 6, 5, 4, 3, 11, 19, 20, 12, 13], f=57, g=24
[00:00:14:58:007] Expansion 390,000: F [0, 1, 2, 3, 4, 5, 13, 21, 22, 14, 6, 7, 15, 23, 31, 30, 29, 28, 20, 12, 11, 19, 18], B [63, 62, 54, 46, 47, 39, 38, 37, 36, 35, 43, 44, 52, 53, 61, 60, 59, 51, 50, 49, 57, 56], f=57, g=43
[00:00:15:24:245] Expansion 400,000: F [0, 1, 9, 10, 2, 3, 11, 12, 4, 5, 6, 7, 15, 14, 13, 21, 29, 37, 38, 30, 22], B [63, 62, 61, 60, 59, 51, 50, 49, 57, 56, 48, 40], f=57, g=31
[00:00:15:24:246] Expansions: 400,000. Checks - state_vs_state: 7,862, prefix: 1,732,320
[00:00:15:24:247] Expansions: 400,000. Checks - state_vs_state: 7,862, prefix: 1,732,321
[00:00:15:24:247] Expansions: 400,000. Checks - state_vs_state: 7,862, prefix: 1,732,322
[00:00:15:49:949] Expansion 410,000: F [0, 8, 9, 1, 2, 3, 4, 5, 6, 7, 15, 23, 22, 14, 13, 21, 29, 28, 20, 12, 11], B [63, 55, 47, 39, 31, 30, 38, 37, 36, 35, 43, 44, 52, 53, 54, 62], f=57, g=35
[00:00:16:15:010] Expansion 420,000: F [0, 1, 9, 8, 16], B [63, 55, 47, 46, 38, 30, 31, 23, 22, 21, 13, 14, 15, 7, 6, 5, 4], f=57, g=20
[00:00:16:39:400] Expansion 430,000: F [0, 1, 2, 10, 18], B [63, 62, 54, 55, 47, 39, 38, 37, 29, 21, 22], f=57, g=14
[00:00:17:02:460] Expansion 440,000: F [0, 8, 16, 24, 32, 40, 48, 56, 57, 49, 41, 42, 50, 51, 59, 60, 61, 53, 52, 44, 43, 35, 34, 26, 18, 17, 9, 1, 2, 10, 11], B [63, 62, 54, 55, 47, 39, 31, 23, 22, 30, 38, 37, 36, 28, 29, 21, 13, 14, 15, 7, 6, 5], f=57, g=51
[00:00:17:24:414] Expansion 450,000: F [0, 1, 9, 8, 16], B [63, 62, 54, 46, 47, 39, 31, 23, 15, 7, 6, 5, 13, 14, 22, 30, 38, 37, 29], f=57, g=22
[00:00:17:47:929] Expansion 460,000: F [0, 8, 16, 24, 32, 40, 48, 56, 57, 49, 41, 42, 50, 51, 59, 60, 61, 53, 52, 44, 43, 35], B [63, 55, 54, 46, 47, 39, 31, 23, 15, 7, 6, 5, 4, 12, 13, 14, 22, 30, 38, 37, 36], f=57, g=41
[00:00:18:10:348] Expansion 470,000: F [0, 1, 9, 10, 2, 3, 4, 5, 6, 7, 15, 23, 22, 14, 13, 12, 11, 19, 18], B [63, 62, 54, 55, 47, 46, 38], f=57, g=24
[00:00:18:12:744] Path of length 56 found: [0, 8, 16, 24, 32, 40, 48, 56, 57, 49, 41, 42, 50, 51, 59, 60, 52, 53, 61, 62, 54, 46, 38, 37, 36, 44, 43, 35, 34, 26, 18, 17, 9, 1, 2, 10, 11, 12, 4, 5, 13, 21, 20, 28, 29, 30, 22, 14, 6, 7, 15, 23, 31, 39, 47, 55, 63]
[00:00:18:13:634] ! Bidirectional. expansions: 470,099, time: 1,092,749 [ms], path length: 56 [edges], g_F: 36, g_B: 20, generated: {'F': 345,819, 'B': 511,647}, MM: 16, MMPER: 27.07017543859649%
[00:00:18:13:634] 
---------- SM_Grids/8x8_grid_with_random_blocks_8per_2 ----------
[00:00:00:00:101] Path of length 58 found: [0, 8, 16, 24, 32, 40, 48, 56, 57, 49, 41, 42, 34, 35, 27, 26, 25, 17, 18, 10, 9, 1, 2, 3, 11, 12, 20, 21, 13, 5, 6, 7, 15, 14, 22, 23, 31, 30, 29, 37, 36, 44, 43, 51, 50, 58, 59, 60, 52, 53, 45, 46, 38, 39, 47, 55, 54, 62, 63]
[00:00:00:00:102] ! Unidirectional s-t. expansions: 60, time: 102 [ms], path length: 58 [edges], generated: 97
[00:00:00:00:102] Path of length 58 found: [63, 62, 54, 55, 47, 39, 31, 23, 15, 7, 6, 5, 13, 14, 22, 21, 20, 12, 11, 3, 2, 1, 9, 10, 18, 17, 25, 26, 27, 35, 34, 42, 41, 49, 50, 51, 43, 44, 36, 37, 29, 30, 38, 46, 45, 53, 52, 60, 59, 58, 57, 56, 48, 40, 32, 24, 16, 8, 0]
[00:00:00:00:102] ! Unidirectional t-s. expansions: 59, time: 102 [ms], path length: 58 [edges], generated: 94
[00:00:00:00:507] Path of length 58 found: [0, 8, 16, 24, 32, 40, 48, 56, 57, 49, 41, 42, 34, 35, 27, 26, 25, 17, 18, 10, 9, 1, 2, 3, 11, 12, 20, 21, 29, 37, 36, 44, 43, 51, 50, 58, 59, 60, 52, 53, 45, 46, 38, 30, 22, 14, 13, 5, 6, 7, 15, 23, 31, 39, 47, 55, 54, 62, 63]
[00:00:00:01:019] ! Bidirectional. expansions: 166, time: 508 [ms], path length: 58 [edges], g_F: 22, g_B: 36, generated: {'F': 62, 'B': 252}, MM: 14, MMPER: 22.728813559322035%
[00:00:00:01:019] 
---------- SM_Grids/8x8_grid_with_random_blocks_8per_3 ----------
[00:00:00:17:670] Path of length 56 found: [0, 8, 16, 17, 25, 26, 34, 35, 43, 44, 52, 51, 50, 49, 41, 33, 32, 40, 48, 56, 57, 58, 59, 60, 61, 53, 45, 37, 36, 28, 27, 19, 18, 10, 2, 3, 4, 5, 6, 7, 15, 23, 22, 14, 13, 12, 20, 21, 29, 30, 31, 39, 47, 46, 54, 62, 63]
[00:00:00:17:694] ! Unidirectional s-t. expansions: 6,248, time: 17,684 [ms], path length: 56 [edges], generated: 10,636
[00:00:00:16:395] Expansion 10,000: state None, f=57, g=37
[00:00:00:33:089] Expansion 20,000: state None, f=57, g=27
[00:00:00:50:460] Expansion 30,000: state None, f=57, g=34
[00:00:01:09:405] Expansion 40,000: state None, f=57, g=23
[00:00:01:27:618] Expansion 50,000: state None, f=57, g=27
[00:00:01:34:028] Path of length 56 found: [63, 62, 61, 53, 52, 60, 59, 51, 50, 58, 57, 56, 48, 49, 41, 40, 32, 33, 25, 26, 34, 35, 43, 44, 36, 28, 27, 19, 20, 21, 13, 14, 22, 30, 29, 37, 45, 46, 54, 55, 47, 39, 31, 23, 15, 7, 6, 5, 4, 3, 2, 10, 18, 17, 16, 8, 0]
[00:00:01:34:034] ! Unidirectional t-s. expansions: 53,332, time: 94,031 [ms], path length: 56 [edges], generated: 91,163
[00:00:00:18:643] Expansion 10,000: F [0], B [63, 55, 54, 62, 61, 53, 52, 60, 59, 51, 50, 58, 57, 56, 48, 49, 41, 40, 32, 33, 34, 35, 43, 44, 36, 37, 45, 46, 47, 39, 31, 30, 22, 23, 15, 7, 6, 5, 13, 21, 29, 28, 27, 26, 25, 17], f=57, g=45
[00:00:00:35:155] Expansion 20,000: F [0], B [63, 55, 54, 62, 61, 60, 59, 58, 57, 56, 48, 40, 32, 33, 41, 49, 50, 51, 52, 53, 45, 46, 47, 39, 31, 30, 29, 21, 20, 12, 13, 14, 22, 23, 15, 7, 6, 5, 4], f=57, g=38
[00:00:00:56:839] Expansion 30,000: F [0], B [63, 62, 61, 53, 45, 46, 54, 55, 47, 39, 31, 23, 15, 7, 6, 5, 13, 14, 22, 21, 29, 37, 36, 44, 52, 60, 59, 58, 57, 56, 48, 40, 32, 33, 41, 49, 50, 51], f=57, g=37
[00:00:01:20:031] Expansion 40,000: F [0], B [63, 55, 47, 39, 31, 23, 22, 30, 29, 37, 45, 46, 54, 53, 61, 60, 52, 51, 59, 58], f=57, g=19
[00:00:01:44:951] Expansion 50,000: F [0], B [63, 62, 61, 60, 59, 58, 57, 56, 48, 40, 41, 49, 50, 51, 43, 35, 34, 33, 25, 26, 27, 19, 20, 28, 36, 44, 52, 53], f=57, g=27
[00:00:02:09:673] Expansion 60,000: F [0], B [63, 62, 61, 60, 52, 53, 54, 46, 47, 39, 31, 23, 15, 7, 6, 14, 22, 30, 29, 28, 27, 35, 36, 37, 45, 44, 43, 51], f=57, g=27
[00:00:02:45:294] Expansion 70,000: F [0], B [63, 55, 54, 53, 61, 60, 52, 44, 36, 37, 45, 46, 47, 39, 31, 30, 29, 28], f=57, g=17
[00:00:02:53:519] Path of length 56 found: [0, 8, 16, 17, 25, 26, 27, 28, 29, 30, 22, 14, 13, 12, 20, 19, 18, 10, 2, 3, 4, 5, 6, 7, 15, 23, 31, 39, 47, 46, 45, 37, 36, 44, 43, 35, 34, 33, 32, 40, 41, 49, 48, 56, 57, 58, 50, 51, 59, 60, 52, 53, 61, 62, 54, 55, 63]
[00:00:02:54:247] ! Bidirectional. expansions: 72,740, time: 173,519 [ms], path length: 56 [edges], g_F: 14, g_B: 42, generated: {'F': 22,117, 'B': 101,364}, MM: 28, MMPER: 48.12280701754386%
[00:00:02:54:247] 
---------- SM_Grids/8x8_grid_with_random_blocks_8per_4 ----------
[00:00:00:16:448] Expansion 10,000: state None, f=55, g=38
[00:00:00:31:867] Expansion 20,000: state None, f=55, g=33
[00:00:00:47:130] Expansion 30,000: state None, f=55, g=23
[00:00:01:01:580] Expansion 40,000: state None, f=55, g=32
[00:00:01:16:176] Expansion 50,000: state None, f=55, g=23
[00:00:01:30:649] Expansion 60,000: state None, f=55, g=32
[00:00:01:44:356] Expansion 70,000: state None, f=55, g=32
[00:00:01:59:208] Expansion 80,000: state None, f=55, g=32
[00:00:02:16:222] Expansion 90,000: state None, f=55, g=21
[00:00:02:29:253] Expansion 100,000: state None, f=55, g=34
[00:00:02:41:354] Expansion 110,000: state None, f=54, g=37
[00:00:02:57:019] Expansion 120,000: state None, f=54, g=22
[00:00:03:11:032] Expansion 130,000: state None, f=54, g=22
[00:00:03:32:421] Expansion 140,000: state None, f=54, g=18
[00:00:03:47:711] Expansion 150,000: state None, f=54, g=24
[00:00:04:02:037] Expansion 160,000: state None, f=54, g=27
[00:00:04:23:846] Expansion 170,000: state None, f=54, g=15
[00:00:04:37:595] Expansion 180,000: state None, f=53, g=40
[00:00:04:48:300] Expansion 190,000: state None, f=53, g=33
[00:00:05:00:257] Expansion 200,000: state None, f=53, g=33
[00:00:05:12:311] Expansion 210,000: state None, f=53, g=27
[00:00:05:31:806] Expansion 220,000: state None, f=53, g=34
[00:00:05:44:062] Expansion 230,000: state None, f=53, g=43
[00:00:05:56:603] Expansion 240,000: state None, f=53, g=36
[00:00:06:09:131] Expansion 250,000: state None, f=53, g=31
[00:00:06:20:687] Expansion 260,000: state None, f=53, g=26
[00:00:06:33:965] Expansion 270,000: state None, f=53, g=33
[00:00:06:57:712] Expansion 280,000: state None, f=53, g=29
[00:00:07:08:730] Expansion 290,000: state None, f=53, g=29
[00:00:07:21:014] Expansion 300,000: state None, f=53, g=32
[00:00:07:35:086] Expansion 310,000: state None, f=53, g=20
[00:00:07:48:085] Expansion 320,000: state None, f=53, g=48
[00:00:07:59:730] Expansion 330,000: state None, f=53, g=20
[00:00:08:12:756] Expansion 340,000: state None, f=53, g=30
[00:00:08:32:693] Expansion 350,000: state None, f=53, g=32
[00:00:08:45:390] Expansion 360,000: state None, f=53, g=33
[00:00:08:56:777] Expansion 370,000: state None, f=53, g=41
[00:00:09:07:340] Expansion 380,000: state None, f=53, g=38
[00:00:09:19:076] Expansion 390,000: state None, f=53, g=28
[00:00:09:31:919] Expansion 400,000: state None, f=53, g=39
[00:00:09:44:905] Expansion 410,000: state None, f=53, g=35
[00:00:09:57:830] Expansion 420,000: state None, f=53, g=26
[00:00:10:09:147] Expansion 430,000: state None, f=53, g=47
[00:00:10:29:345] Expansion 440,000: state None, f=53, g=34
[00:00:10:41:282] Expansion 450,000: state None, f=53, g=30
[00:00:10:54:414] Expansion 460,000: state None, f=53, g=23
[00:00:11:08:029] Expansion 470,000: state None, f=53, g=28
[00:00:11:21:242] Expansion 480,000: state None, f=53, g=30
[00:00:11:34:548] Expansion 490,000: state None, f=53, g=23
[00:00:11:44:866] Expansion 500,000: state None, f=53, g=39
[00:00:11:56:857] Expansion 510,000: state None, f=53, g=36
[00:00:12:10:157] Expansion 520,000: state None, f=53, g=22
[00:00:12:23:631] Expansion 530,000: state None, f=53, g=37
[00:00:12:48:384] Expansion 540,000: state None, f=53, g=18
[00:00:13:01:504] Expansion 550,000: state None, f=53, g=32
[00:00:13:16:677] Expansion 560,000: state None, f=53, g=44
[00:00:13:27:838] Expansion 570,000: state None, f=53, g=21
[00:00:13:40:241] Expansion 580,000: state None, f=53, g=34
[00:00:13:53:260] Expansion 590,000: state None, f=53, g=26
[00:00:14:06:167] Expansion 600,000: state None, f=53, g=25
[00:00:14:18:977] Expansion 610,000: state None, f=53, g=36
[00:00:14:32:188] Expansion 620,000: state None, f=53, g=39
[00:00:14:45:193] Expansion 630,000: state None, f=53, g=22
[00:00:14:57:969] Expansion 640,000: state None, f=53, g=16
[00:00:15:10:928] Expansion 650,000: state None, f=53, g=26
[00:00:15:24:318] Expansion 660,000: state None, f=53, g=33
[00:00:15:50:685] Expansion 670,000: state None, f=53, g=13
[00:00:16:03:704] Expansion 680,000: state None, f=53, g=37
[00:00:16:17:015] Expansion 690,000: state None, f=53, g=33
[00:00:16:30:333] Expansion 700,000: state None, f=53, g=23
[00:00:16:43:376] Expansion 710,000: state None, f=53, g=30
[00:00:16:56:688] Expansion 720,000: state None, f=53, g=39
[00:00:17:09:926] Expansion 730,000: state None, f=53, g=37
[00:00:17:23:343] Expansion 740,000: state None, f=53, g=26
[00:00:17:36:801] Expansion 750,000: state None, f=53, g=38
[00:00:17:50:231] Expansion 760,000: state None, f=53, g=29
[00:00:18:03:365] Path of length 52 found: [0, 1, 2, 3, 4, 12, 13, 14, 22, 30, 31, 39, 47, 46, 38, 37, 36, 44, 43, 42, 41, 33, 34, 35, 27, 28, 29, 21, 20, 19, 11, 10, 18, 26, 25, 17, 9, 8, 16, 24, 32, 40, 48, 56, 57, 58, 59, 60, 52, 53, 54, 62, 63]
[00:00:18:03:366] ! Unidirectional s-t. expansions: 760,577, time: 1,083,365 [ms], path length: 52 [edges], generated: 1,292,404
[00:00:00:16:213] Expansion 10,000: state None, f=54, g=24
[00:00:00:29:771] Expansion 20,000: state None, f=53, g=34
[00:00:00:41:120] Expansion 30,000: state None, f=53, g=24
[00:00:00:53:592] Expansion 40,000: state None, f=53, g=24
[00:00:01:08:012] Expansion 50,000: state None, f=53, g=24
[00:00:01:21:108] Expansion 60,000: state None, f=53, g=37
[00:00:02:44:551] Expansion 70,000: state None, f=53, g=30
[00:00:02:58:332] Expansion 80,000: state None, f=53, g=43
[00:00:03:09:748] Expansion 90,000: state None, f=53, g=40
[00:00:03:20:356] Path of length 52 found: [63, 62, 54, 55, 47, 46, 38, 39, 31, 30, 29, 37, 36, 44, 43, 51, 52, 60, 59, 58, 57, 56, 48, 49, 41, 40, 32, 33, 34, 35, 27, 28, 20, 21, 22, 14, 13, 12, 4, 3, 2, 10, 11, 19, 18, 26, 25, 24, 16, 17, 9, 1, 0]
[00:00:03:20:358] ! Unidirectional t-s. expansions: 96,343, time: 200,358 [ms], path length: 52 [edges], generated: 171,255
[00:00:00:55:060] Expansion 10,000: F [0, 8, 9, 1, 2, 3, 4, 12, 11, 10, 18, 26, 25, 17, 16, 24, 32, 33, 34, 35, 27, 19, 20, 28, 29, 21, 13, 14, 22, 30, 31, 39, 38], B [63, 62, 54], f=55, g=34
[00:00:01:23:063] Expansion 20,000: F [0, 1, 2, 3, 4, 12, 20, 28, 27, 19, 11, 10, 18, 26, 25, 17, 9, 8, 16, 24, 32, 40, 48, 56], B [63, 62, 54], f=55, g=25
[00:00:01:41:914] Expansion 30,000: F [0, 8, 16, 24, 25, 17, 9, 1, 2, 3, 4, 12, 13, 14, 22, 21, 20, 19, 11, 10, 18, 26, 27, 28, 29, 30, 31, 39, 47, 46, 38, 37, 36, 35, 34, 42, 41, 33, 32, 40, 48], B [63, 62, 54], f=54, g=42
[00:00:02:00:646] Expansion 40,000: F [0, 1, 9, 8, 16, 24, 25, 17, 18, 26, 27, 19, 11, 10, 2, 3, 4, 12, 20, 21, 13, 14, 22, 30, 31, 39, 47, 46, 38, 37, 29, 28, 36, 35, 34, 33], B [63, 62, 54], f=54, g=37
[00:00:02:20:535] Expansion 50,000: F [0, 1, 2, 10, 11, 3, 4, 12, 13, 14, 22, 21, 20, 19, 18, 26, 25, 17, 9, 8, 16, 24, 32, 40, 48, 49, 57], B [63, 62, 54], f=54, g=28
[00:00:02:40:325] Expansion 60,000: F [0, 1, 2, 3, 4, 12, 11, 19, 20, 28, 27, 26, 18, 10, 9, 8, 16, 17, 25, 24, 32, 33, 34, 35, 43, 42, 41, 40], B [63, 55, 47, 46], f=54, g=30
[00:00:03:02:084] Expansion 70,000: F [0, 8, 16, 24, 25, 17, 9, 1, 2, 3, 4, 12, 11, 10, 18, 26, 34, 35, 27, 19, 20, 21, 13, 14], B [63, 55, 54], f=54, g=25
[00:00:03:23:536] Expansion 80,000: F [0, 1, 2, 3, 4, 12, 20, 28, 27, 19, 11, 10, 9, 8, 16, 17, 18, 26, 34, 35, 36], B [63, 55, 47, 39, 31, 30], f=54, g=25
[00:00:03:45:292] Expansion 90,000: F [0, 1, 2, 10, 18, 26, 25, 17, 9, 8, 16, 24, 32, 33, 34, 42, 41, 49], B [63, 62, 54], f=54, g=19
[00:00:04:06:540] Expansion 100,000: F [0, 8, 16, 24, 25, 17, 18, 26, 34, 33, 32, 40, 48, 56, 57], B [63, 62, 54, 55, 47, 46, 38, 39, 31, 30, 29, 37, 36, 28, 20, 21, 22, 14, 13, 12, 4, 3, 2, 1, 9, 10, 11, 19, 27, 35], f=54, g=43
[00:00:04:06:540] Expansions: 100,000. Checks - state_vs_state: 1,384, prefix: 460,938
[00:00:04:06:540] Expansions: 100,000. Checks - state_vs_state: 1,384, prefix: 460,939
[00:00:04:06:541] Expansions: 100,000. Checks - state_vs_state: 1,384, prefix: 460,940
[00:00:04:06:541] Expansions: 100,000. Checks - state_vs_state: 1,384, prefix: 460,941
[00:00:04:25:568] Expansion 110,000: F [0, 8, 16, 24, 32, 33, 25, 17, 9, 1, 2, 10, 18, 26, 27, 19, 11, 3, 4, 12, 13, 14, 22], B [63, 55, 54, 53, 52, 60, 59], f=54, g=28
[00:00:04:48:150] Expansion 120,000: F [0, 1, 2, 10, 9, 8, 16, 17, 18, 26, 25, 24, 32, 40, 41], B [63, 55, 47, 39, 31, 30, 22, 14, 13, 21, 20, 12, 4, 3, 11], f=54, g=28
[00:00:05:07:971] Expansion 130,000: F [0, 1, 2, 10, 9, 8, 16, 17, 18, 26, 34, 35, 27, 19, 11, 3, 4, 12, 13, 14, 22, 21, 20, 28, 29, 37, 36], B [63, 55, 47, 39, 31, 30, 38, 46, 54, 53, 52, 60, 59], f=54, g=38
[00:00:05:28:770] Expansion 140,000: F [0, 1, 2, 3, 4, 12, 11, 10, 9, 8, 16, 24, 25, 17, 18, 19, 20, 28, 36, 44, 43, 35, 27], B [63, 55, 47, 39, 31, 30, 22, 14], f=54, g=29
[00:00:05:50:328] Expansion 150,000: F [0, 1, 2, 10, 9, 8, 16, 17, 18, 26, 27, 19, 11, 3, 4, 12, 13, 14], B [63, 55, 47, 46], f=54, g=20
[00:00:06:12:328] Expansion 160,000: F [0, 1, 2, 3, 4, 12, 11, 10, 18, 26, 27, 19, 20, 21, 13, 14], B [63, 55, 47, 46, 54, 53, 52, 60], f=54, g=22
[00:00:06:33:109] Expansion 170,000: F [0, 1, 2, 3, 4, 12, 11, 10, 18, 17, 9, 8, 16, 24, 32, 33, 25, 26, 34, 35, 27, 19, 20, 21, 13, 14, 22, 30], B [63, 55, 54, 53, 52, 60, 59], f=54, g=33
[00:00:06:52:110] Expansion 180,000: F [0, 1, 2, 10, 9, 8, 16, 24, 25, 17, 18, 26, 27, 28, 20, 19, 11, 3, 4, 12, 13, 14], B [63, 55, 47, 39, 31, 30, 38, 46, 54, 53, 52, 60], f=54, g=32
[00:00:07:13:514] Expansion 190,000: F [0, 8, 9, 1, 2, 3, 11, 10, 18, 17, 16, 24, 32, 33, 25, 26, 27, 19, 20], B [63, 62, 54], f=54, g=20
[00:00:07:32:078] Expansion 200,000: F [0, 8, 16, 24, 25, 26, 18, 17, 9, 1, 2, 10, 11, 3, 4, 12, 20, 19, 27, 28, 29, 21, 13, 14, 22, 30, 31, 39, 47, 46], B [63, 55, 54, 53, 52, 60, 59], f=54, g=35
[00:00:07:32:079] Expansions: 200,000. Checks - state_vs_state: 1,524, prefix: 894,099
[00:00:07:32:079] Expansions: 200,000. Checks - state_vs_state: 1,524, prefix: 894,100
[00:00:07:32:080] Expansions: 200,000. Checks - state_vs_state: 1,524, prefix: 894,101
[00:00:07:32:080] Expansions: 200,000. Checks - state_vs_state: 1,524, prefix: 894,102
[00:00:07:51:137] Expansion 210,000: F [0, 8, 16, 17, 25, 24, 32, 40, 41], B [63, 55, 47, 39, 31, 30, 22, 14, 13, 21, 29, 28, 20, 19, 11, 12, 4, 3, 2, 1, 9, 10, 18, 26, 27, 35, 36, 37, 38, 46, 54, 53, 52], f=54, g=40
[00:00:08:12:512] Expansion 220,000: F [0, 1, 2, 3, 11, 10, 18, 26, 34, 35, 43, 42, 41, 33, 25, 17, 9, 8], B [63, 62, 54], f=54, g=19
[00:00:08:33:080] Expansion 230,000: F [0, 8, 9, 1, 2, 3, 4, 12, 20, 19, 11, 10, 18, 26, 34, 42, 41, 33, 25, 17], B [63, 55, 47, 39, 31, 30, 22, 14], f=54, g=26
[00:00:08:52:560] Expansion 240,000: F [0, 8, 9, 1, 2, 10, 11, 3, 4, 12, 20, 19, 18, 17, 16, 24, 25, 26, 27, 28, 29, 21, 13, 14, 22, 30, 31, 39, 47], B [63, 55, 54, 53, 52, 60, 59], f=54, g=34
[00:00:09:10:657] Expansion 250,000: F [0, 1, 9, 8, 16, 17, 25, 24, 32, 33, 41, 40, 48], B [63, 55, 47, 39, 31, 30, 29, 21, 22, 14, 13], f=54, g=22
[00:00:09:29:042] Expansion 260,000: F [0, 1, 2, 10, 9, 8, 16, 24, 32, 33, 25, 17, 18, 26, 27, 19, 11, 3, 4, 12, 13, 14, 22, 21, 20, 28, 29, 30, 31, 39, 47, 46, 38, 37, 36, 44, 43, 35, 34, 42, 41, 40, 48, 49, 57], B [63, 62, 54, 53, 52], f=53, g=48
[00:00:09:36:586] Expansion 270,000: F [0, 1, 2, 3, 4, 12, 13, 14, 22, 30, 31, 39, 47, 46, 38, 37, 36, 44, 43, 35, 27, 28, 29, 21, 20, 19, 11, 10, 9, 8, 16, 17, 18, 26, 25, 24, 32, 33, 34, 42, 41, 40, 48, 49, 57], B [63, 62, 54, 53, 52], f=53, g=48
[00:00:09:44:621] Expansion 280,000: F [0, 8, 16, 24, 32, 33, 25, 17, 9, 1, 2, 10, 11, 3, 4, 12, 13, 14, 22, 30, 31, 39, 47, 46, 38, 37, 36, 28, 29, 21, 20, 19, 18, 26, 27, 35, 34, 42, 41, 40, 48, 49, 57], B [63, 62, 54, 53, 52], f=53, g=46
[00:00:09:53:992] Expansion 290,000: F [0, 1, 2, 3, 4, 12, 13, 14, 22, 21, 20, 19, 11, 10, 18, 26, 25, 17, 9, 8, 16, 24, 32, 33, 41, 49, 48], B [63, 55, 47, 39, 31, 30, 29, 28, 27, 35, 34, 42, 43, 44, 36, 37, 38, 46, 54, 53, 52], f=53, g=46
[00:00:10:03:485] Expansion 300,000: F [0, 1, 2, 10, 9, 8, 16, 17, 18, 19, 11, 3, 4, 12, 20, 21, 13, 14, 22, 30, 31, 39, 47, 46, 38, 37, 29, 28, 27, 26, 25, 24, 32, 33, 34, 35, 36, 44, 43, 42, 41, 49, 48, 56, 57, 58, 59], B [63, 62, 54, 53, 52], f=53, g=50
[00:00:10:03:492] Expansions: 300,000. Checks - state_vs_state: 1,536, prefix: 1,318,647
[00:00:10:03:492] Expansions: 300,000. Checks - state_vs_state: 1,536, prefix: 1,318,648
[00:00:10:03:492] Expansions: 300,000. Checks - state_vs_state: 1,536, prefix: 1,318,649
[00:00:10:03:492] Expansions: 300,000. Checks - state_vs_state: 1,536, prefix: 1,318,650
[00:00:10:03:493] Expansions: 300,000. Checks - state_vs_state: 1,536, prefix: 1,318,651
[00:00:10:13:099] Expansion 310,000: F [0, 8, 16, 24, 25, 26, 34, 42, 41, 33, 32, 40, 48, 49], B [63, 55, 47, 39, 31, 30, 22, 14, 13, 21, 20, 12, 4, 3, 11, 10, 2, 1, 9, 17, 18, 19, 27, 28, 29, 37, 38, 46, 54, 53, 52], f=53, g=43
[00:00:10:23:172] Expansion 320,000: F [0, 1, 2, 10, 11, 3, 4, 12, 20, 28, 29, 21, 13, 14, 22, 30, 31, 39, 47, 46, 38, 37, 36, 35, 27, 19, 18, 26, 25, 17, 9, 8, 16, 24, 32, 33, 34, 42, 41, 49, 48, 56, 57, 58, 59], B [63, 62, 54, 53, 52], f=53, g=48
[00:00:10:36:506] Expansion 330,000: F [0, 1, 2, 10, 11, 3, 4, 12, 13, 14, 22, 30, 31, 39, 47, 46, 38, 37, 29, 21, 20, 19, 18, 17, 9, 8, 16, 24, 25, 26, 27, 28, 36, 44, 43, 35, 34, 42, 41, 33, 32, 40, 48], B [63, 55, 54, 53, 52, 60, 59], f=53, g=48
[00:00:10:47:808] Expansion 340,000: F [0, 8, 16, 24, 25, 17, 9, 1, 2, 10, 11, 3, 4, 12, 20, 28, 29, 21, 13, 14, 22, 30, 31, 39, 47, 46, 38, 37, 36, 44, 43, 35, 27, 19, 18, 26, 34, 33, 32, 40, 41, 49, 48, 56, 57, 58, 59], B [63, 62, 54, 53, 52], f=53, g=50
[00:00:10:59:046] Expansion 350,000: F [0, 8, 16, 24, 32, 40, 41, 49, 48, 56, 57, 58, 59, 60, 52], B [63, 55, 47, 39, 31, 30, 22, 14, 13, 12, 4, 3, 11, 10, 2, 1, 9, 17, 18, 26, 25, 33, 34, 42, 43, 35, 27], f=53, g=40
[00:00:11:11:980] Expansion 360,000: F [0, 8, 16, 17, 18, 26, 27, 19, 11, 10, 9, 1, 2, 3, 4, 12, 20, 28, 29, 21, 13, 14, 22, 30, 31, 39, 47, 46, 38, 37, 36, 44, 43, 35, 34, 33, 25, 24, 32, 40], B [63, 62, 54], f=53, g=41
[00:00:11:24:506] Expansion 370,000: F [0, 8, 16, 17, 9, 1, 2, 10, 18, 19, 11, 3, 4, 12, 13, 14, 22, 21, 20, 28, 36, 44, 43, 42, 34, 35, 27, 26, 25, 24, 32, 33], B [63, 55, 47, 39, 31, 30, 29, 37, 38, 46, 54, 53, 52, 60, 59], f=53, g=45
[00:00:11:36:629] Expansion 380,000: F [0, 1, 2, 10, 9, 8, 16, 24, 32, 33, 34, 35, 27, 26, 25, 17, 18, 19, 11, 3, 4, 12, 13, 14, 22, 21, 20, 28, 36], B [63, 55, 47, 39, 31, 30, 29, 37, 38, 46, 54, 53, 52, 51, 59, 58, 57, 56, 48], f=53, g=46
[00:00:11:50:716] Expansion 390,000: F [0, 1, 2, 10, 11, 3, 4, 12, 20, 19, 27, 35, 34, 42, 41, 33, 25, 26, 18, 17, 9, 8, 16, 24, 32, 40, 48, 49, 57, 58, 59, 60, 52], B [63, 62, 54, 55, 47, 46, 38, 39, 31, 30, 22, 14], f=53, g=43
[00:00:12:04:884] Expansion 400,000: F [0, 8, 16, 24, 25, 17, 9, 1, 2, 3, 4, 12, 20, 28, 29, 21, 13, 14, 22, 30, 31, 39, 38, 37, 36, 44, 43, 35, 27, 19, 11, 10, 18, 26], B [63, 55, 47, 46, 54, 53, 52, 60, 59], f=53, g=41
[00:00:12:04:884] Expansions: 400,000. Checks - state_vs_state: 2,078, prefix: 1,741,302
[00:00:12:04:885] Expansions: 400,000. Checks - state_vs_state: 2,078, prefix: 1,741,303
[00:00:12:04:885] Expansions: 400,000. Checks - state_vs_state: 2,078, prefix: 1,741,304
[00:00:12:19:193] Expansion 410,000: F [0, 1, 2, 3, 4, 12, 11, 19, 20, 28, 27, 26, 18, 10, 9, 8, 16, 17, 25, 24, 32, 33, 34, 35, 43, 42, 41, 49, 48, 56, 57, 58, 59], B [63, 55, 47, 39, 31, 30, 22, 14, 13, 21, 29, 37], f=53, g=43
[00:00:12:33:776] Expansion 420,000: F [0, 8, 16, 24, 32, 33, 25, 17, 9, 1, 2, 10, 18, 19, 11, 3, 4, 12, 20, 28, 27, 26, 34, 42, 41, 40, 48, 49, 57, 58, 59, 51, 43], B [63, 62, 54], f=53, g=34
[00:00:12:49:464] Expansion 430,000: F [0, 8, 9, 1, 2, 10, 11, 3, 4, 12, 20, 28, 29, 21, 13, 14, 22, 30, 31, 39, 47, 46, 38, 37, 36, 44, 43, 42, 41, 33, 34, 26, 27], B [63, 62, 54], f=53, g=34
[00:00:13:04:776] Expansion 440,000: F [0, 1, 2, 3, 4, 12, 11, 10, 18, 19, 20, 21, 13, 14, 22, 30, 31, 39, 47, 46, 38, 37, 29, 28, 36, 44, 43, 35, 27, 26, 34, 42, 41, 33, 25, 17, 9, 8], B [63, 55, 54, 53, 52, 60, 59], f=53, g=43
[00:00:13:18:987] Expansion 450,000: F [0, 8, 9, 1, 2, 10, 11, 3, 4, 12, 13, 14, 22, 30, 31, 39, 47, 46, 38, 37, 29, 21, 20, 19, 18, 17, 16, 24, 25, 33, 34, 26, 27, 28, 36, 35, 43], B [63, 62, 54, 53, 52], f=53, g=40
[00:00:13:33:536] Expansion 460,000: F [0, 1, 9, 8, 16, 17, 18, 10, 2, 3, 4, 12, 11, 19, 20, 28, 27, 35, 36, 44, 43, 42, 34, 26, 25, 33, 32], B [63, 55, 47, 39, 31, 30, 22, 14], f=53, g=33
[00:00:13:50:058] Expansion 470,000: F [0, 1, 2, 10, 9, 8, 16, 24, 25, 17, 18, 26, 27, 35, 34, 33, 32, 40, 48, 56, 57, 49, 41, 42, 43, 51, 59, 60, 52, 44, 36], B [63, 62, 54, 55, 47, 46, 38, 39, 31, 30, 22, 14], f=53, g=41
[00:00:14:06:542] Expansion 480,000: F [0, 8, 16, 17, 9, 1, 2, 10, 11, 3, 4, 12, 13, 14, 22, 30, 31, 39, 38, 37, 36, 44, 43, 35, 27, 28, 29, 21, 20, 19, 18, 26, 25, 24], B [63, 55, 47, 46, 54, 53, 52, 60, 59], f=53, g=41
[00:00:14:21:261] Expansion 490,000: F [0, 8, 16, 24, 32, 33, 25, 17, 9, 1, 2, 3, 4, 12, 11, 10, 18, 26, 27, 19, 20, 21, 13, 14, 22, 30, 31, 39, 38, 37, 29, 28, 36, 35, 34], B [63, 55, 47, 46, 54, 53, 52, 44, 43, 51, 59, 58, 57, 56, 48], f=53, g=48
[00:00:14:36:334] Expansion 500,000: F [0, 1, 2, 10, 18, 17, 9, 8, 16, 24, 32, 33, 25, 26, 27, 19, 11, 3, 4, 12, 20, 21, 13, 14], B [63, 55, 47, 46, 54, 53, 52, 51, 59], f=53, g=31
[00:00:14:36:334] Expansions: 500,000. Checks - state_vs_state: 2,822, prefix: 2,175,588
[00:00:14:36:335] Expansions: 500,000. Checks - state_vs_state: 2,822, prefix: 2,175,589
[00:00:14:36:335] Expansions: 500,000. Checks - state_vs_state: 2,822, prefix: 2,175,590
[00:00:14:36:336] Expansions: 500,000. Checks - state_vs_state: 2,822, prefix: 2,175,591
[00:00:14:36:336] Expansions: 500,000. Checks - state_vs_state: 2,822, prefix: 2,175,592
[00:00:14:53:580] Expansion 510,000: F [0, 1, 2, 3, 4, 12, 11, 10, 18, 19, 27, 26, 25, 17, 9, 8, 16, 24, 32, 33, 41, 40, 48, 49, 57, 58, 59, 51, 43], B [63, 62, 54], f=53, g=30
[00:00:15:11:028] Expansion 520,000: F [0, 1, 2, 3, 4, 12, 13, 14, 22, 30, 31, 39, 47, 46, 38, 37, 29, 21, 20, 28, 36, 44, 43, 35, 27, 26, 34, 33, 25, 17, 18, 19, 11, 10, 9, 8, 16, 24, 32, 40, 41, 49, 48], B [63, 62, 54], f=53, g=44
[00:00:15:26:285] Expansion 530,000: F [0, 1, 2, 10, 11, 3, 4, 12, 20, 19, 18, 26, 25, 17, 9, 8, 16, 24, 32, 33, 41, 40, 48, 56, 57, 58], B [63, 55, 47, 46, 54, 53, 52], f=53, g=31
[00:00:15:42:435] Expansion 540,000: F [0, 8, 16, 24, 32, 33, 25, 17, 9, 1, 2, 10, 18, 26, 27, 28, 20, 19, 11, 3, 4, 12, 13, 14, 22, 21, 29, 30, 31], B [63, 55, 54, 53, 52, 51, 59, 58, 57, 56, 48], f=53, g=38
[00:00:16:01:963] Expansion 550,000: F [0, 1, 2, 10, 18, 17, 9, 8, 16, 24, 25, 26, 27, 28, 36, 35, 34, 33, 32, 40, 48, 49], B [63, 55, 47, 39, 31, 30, 22, 14], f=53, g=28
[00:00:16:19:816] Expansion 560,000: F [0, 8, 9, 1, 2, 10, 18, 17, 16, 24, 25, 26, 27, 35, 34, 42, 41, 33, 32, 40, 48, 49, 57, 58, 59, 51, 43], B [63, 62, 54], f=53, g=28
[00:00:16:37:778] Expansion 570,000: F [0, 1, 2, 3, 4, 12, 20, 21, 13, 14, 22, 30, 31, 39, 47, 46, 38, 37, 29, 28, 36, 44, 43, 35, 34, 26, 27, 19, 11], B [63, 62, 54], f=53, g=30
[00:00:16:55:756] Expansion 580,000: F [0, 1, 2, 3, 4, 12, 13, 14, 22, 21, 29, 37, 36, 44, 43, 35, 27, 28, 20, 19, 11, 10, 9, 8, 16, 17, 18, 26, 25, 24], B [63, 55, 47, 39, 31, 30, 38, 46, 54, 53, 52, 60, 59], f=53, g=41
[00:00:17:12:852] Expansion 590,000: F [0, 8, 9, 1, 2, 3, 4, 12, 13, 14, 22, 21, 20, 28, 27, 19, 11, 10, 18, 17, 16, 24, 25, 33, 34], B [63, 62, 54], f=53, g=26
[00:00:17:29:801] Expansion 600,000: F [0, 1, 2, 3, 4, 12, 20, 28, 36, 44, 43, 35, 27, 26, 18, 19, 11, 10, 9, 17], B [63, 55, 47, 39, 31, 30, 22, 14], f=53, g=26
[00:00:17:29:802] Expansions: 600,000. Checks - state_vs_state: 3,170, prefix: 2,616,679
[00:00:17:29:802] Expansions: 600,000. Checks - state_vs_state: 3,170, prefix: 2,616,680
[00:00:17:29:803] Expansions: 600,000. Checks - state_vs_state: 3,170, prefix: 2,616,681
[00:00:17:29:804] Expansions: 600,000. Checks - state_vs_state: 3,170, prefix: 2,616,682
[00:00:17:29:804] Expansions: 600,000. Checks - state_vs_state: 3,170, prefix: 2,616,683
[00:00:17:47:166] Expansion 610,000: F [0, 8, 16, 17, 9, 1, 2, 3, 4, 12, 11, 10, 18, 19, 27, 26, 25, 24, 32, 40, 48, 56, 57, 49, 41, 33, 34, 42, 43], B [63, 55, 54], f=53, g=30
[00:00:18:04:915] Expansion 620,000: F [0, 8, 16, 17, 18, 26, 34, 33, 25, 24, 32, 40, 48, 56, 57], B [63, 62, 54, 55, 47, 46, 38, 39, 31, 30, 29, 28, 20, 21, 22, 14, 13, 12, 4, 3, 2, 1, 9, 10, 11, 19, 27, 35], f=53, g=41
[00:00:18:22:874] Expansion 630,000: F [0, 1, 2, 3, 4, 12, 13, 14, 22, 21, 29, 30, 31, 39, 38, 37, 36, 35, 34, 33, 25, 17, 18, 26, 27, 28, 20, 19, 11, 10, 9, 8, 16, 24, 32, 40, 48, 56, 57], B [63, 55, 47, 46, 54, 53, 52, 60, 59], f=53, g=46
[00:00:18:41:715] Expansion 640,000: F [0, 8, 9, 1, 2, 10, 11, 3, 4, 12, 13, 14, 22, 21, 20, 28, 27, 35, 43, 42, 34, 26, 25, 17, 16, 24], B [63, 62, 54], f=53, g=27
[00:00:18:58:939] Expansion 650,000: F [0, 8, 16, 24, 25, 26, 27, 19, 11, 10, 18, 17, 9, 1, 2, 3, 4, 12, 13, 14, 22, 30, 31, 39, 47, 46, 38], B [63, 55, 54, 53, 52, 51, 59, 58, 57, 56, 48, 49, 41, 40, 32, 33, 34, 42, 43], f=53, g=44
[00:00:19:16:975] Expansion 660,000: F [0, 8, 16, 24, 25, 17, 9, 1, 2, 3, 4, 12, 20, 19, 11, 10, 18, 26, 34, 33, 41], B [63, 62, 54, 55, 47, 46, 38, 39, 31, 30, 22, 14, 13, 21, 29], f=53, g=34
[00:00:19:35:331] Expansion 670,000: F [0, 8, 9, 1, 2, 10, 11, 3, 4, 12, 20, 19, 18, 17, 25, 24, 32, 33, 41, 40, 48, 56, 57, 58, 59, 60, 52], B [63, 62, 54], f=53, g=28
[00:00:19:53:852] Expansion 680,000: F [0, 1, 2, 10, 18, 17, 9, 8, 16, 24, 25, 33, 32, 40, 48, 56, 57], B [63, 55, 47, 46, 54, 53, 52, 44, 36, 28, 20], f=53, g=26
[00:00:20:14:001] Expansion 690,000: F [0, 1, 2, 10, 9, 8, 16, 24, 32, 33, 25, 17, 18, 26, 34, 42, 41, 40, 48], B [63, 55, 47, 39, 31, 30, 22, 21, 13, 12, 4, 3, 11, 19, 20, 28], f=53, g=33
[00:00:20:32:204] Expansion 700,000: F [0, 1, 9, 17, 16, 24, 32, 33, 25, 26, 27, 28, 29, 21, 20, 19, 18, 10, 2, 3, 4, 12], B [63, 62, 54], f=53, g=23
[00:00:20:32:205] Expansions: 700,000. Checks - state_vs_state: 3,346, prefix: 3,072,733
[00:00:20:32:205] Expansions: 700,000. Checks - state_vs_state: 3,346, prefix: 3,072,734
[00:00:20:32:206] Expansions: 700,000. Checks - state_vs_state: 3,346, prefix: 3,072,735
[00:00:20:32:207] Expansions: 700,000. Checks - state_vs_state: 3,346, prefix: 3,072,736
[00:00:20:32:207] Expansions: 700,000. Checks - state_vs_state: 3,346, prefix: 3,072,737
[00:00:20:50:878] Expansion 710,000: F [0, 8, 9, 1, 2, 10, 18, 17, 16, 24, 25, 33, 32, 40, 48, 56, 57], B [63, 62, 54, 55, 47, 39, 31, 30, 38, 37, 29, 28, 20, 21, 22, 14, 13, 12, 4, 3, 11, 19, 27, 26, 34, 35, 36, 44, 43], f=53, g=44
[00:00:21:09:023] Expansion 720,000: F [0, 1, 2, 3, 4, 12, 11, 10, 9, 8, 16, 17, 25, 33, 32, 40, 48, 56, 57], B [63, 62, 54, 55, 47, 46, 38, 39, 31, 30, 22, 14, 13, 21, 29, 37, 36], f=53, g=34
[00:00:21:27:393] Expansion 730,000: F [0, 1, 2, 10, 18, 17, 9, 8, 16, 24, 32, 40, 48, 56, 57], B [63, 55, 47, 46, 54, 53, 52, 44, 36, 37, 38, 39, 31, 30, 29, 28, 20, 21, 22, 14, 13, 12, 4, 3, 11, 19, 27, 26, 25, 33], f=53, g=43
[00:00:21:47:444] Expansion 740,000: F [0, 8, 16, 24, 32, 33, 34, 35, 27, 19, 18, 26, 25, 17, 9, 10, 2, 3, 4, 12, 20, 28, 29, 21, 13, 14, 22, 30, 31], B [63, 62, 54], f=53, g=30
[00:00:22:06:065] Expansion 750,000: F [0, 8, 16, 24, 32, 40, 41, 49, 48, 56, 57, 58, 59, 51, 52, 53, 54, 46, 38, 37, 29, 21, 20, 28, 36, 44, 43, 42, 34], B [63, 55, 47, 39, 31, 30, 22, 14, 13, 12, 4, 3, 2, 1, 9, 17, 18], f=53, g=44
[00:00:22:25:133] Expansion 760,000: F [0, 8, 9, 1, 2, 10, 11, 3, 4, 12, 20, 28, 27, 19, 18, 17, 25, 26], B [63, 62, 54], f=53, g=19
[00:00:22:44:758] Expansion 770,000: F [0, 1, 2, 3, 4, 12, 13, 14, 22, 21, 20, 19, 27, 35, 34, 26, 18, 17, 9, 8, 16], B [63, 62, 54], f=53, g=22
[00:00:23:08:624] Expansion 780,000: F [0, 1, 2, 10, 18, 17, 9, 8, 16, 24, 32, 33, 41, 40, 48], B [63, 55, 47, 39, 31, 30, 22, 14, 13, 12, 4, 3, 11, 19, 20, 21, 29, 37, 38, 46, 54], f=53, g=34
[00:00:23:30:984] Expansion 790,000: F [0, 1, 9, 8, 16, 24, 25, 17, 18, 26, 34, 33, 32, 40, 48, 49], B [63, 62, 54, 55, 47, 46, 38, 39, 31, 30, 22, 14, 13, 21, 20, 12], f=53, g=30
[00:00:23:52:351] Expansion 800,000: F [0, 8, 16, 24, 32, 33, 41, 40, 48], B [63, 55, 47, 39, 31, 30, 22, 14, 13, 12, 11], f=53, g=18
[00:00:23:52:352] Expansions: 800,000. Checks - state_vs_state: 3,482, prefix: 3,532,609
[00:00:23:52:353] Expansions: 800,000. Checks - state_vs_state: 3,482, prefix: 3,532,610
[00:00:23:52:354] Expansions: 800,000. Checks - state_vs_state: 3,482, prefix: 3,532,611
[00:00:23:52:354] Expansions: 800,000. Checks - state_vs_state: 3,482, prefix: 3,532,612
[00:00:23:52:354] Expansions: 800,000. Checks - state_vs_state: 3,482, prefix: 3,532,613
[00:00:24:13:668] Expansion 810,000: F [0, 1, 2, 10, 18, 17, 9, 8, 16, 24, 25, 26, 34, 33, 41], B [63, 62, 54, 55, 47, 46, 38, 39, 31, 30, 29, 37, 36, 28], f=53, g=27
[00:00:24:33:446] Expansion 820,000: F [0, 8, 16, 24, 32, 33, 34, 42, 41, 49, 48, 56, 57, 58, 59, 51, 43, 35, 27, 26, 25, 17, 18, 19, 11, 10, 9, 1, 2, 3, 4, 12, 20, 21, 13, 14, 22], B [63, 62, 54], f=53, g=38
[00:00:24:51:803] Expansion 830,000: F [0, 1, 2, 3, 11, 10, 9, 8, 16, 24, 32, 33, 41, 40, 48, 49, 57], B [63, 62, 54], f=53, g=18
[00:00:25:13:263] Expansion 840,000: F [0, 8, 9, 1, 2, 10, 11, 3, 4, 12, 13, 21, 22, 30, 29, 28, 20, 19, 27, 35, 34, 42, 41, 33, 25, 26, 18, 17, 16, 24, 32], B [63, 62, 54], f=53, g=32
[00:00:25:34:207] Expansion 850,000: F [0, 8, 9, 17, 16, 24, 25, 26, 27, 19, 18, 10, 2, 3, 4, 12, 20, 21, 13], B [63, 62, 54], f=53, g=20
[00:00:25:54:180] Expansion 860,000: F [0, 1, 9, 8, 16, 17, 18, 10, 2, 3, 4, 12, 20, 21, 13, 14, 22, 30], B [63, 62, 54], f=53, g=19
[00:00:26:14:523] Expansion 870,000: F [0, 8, 16, 24, 32, 40, 48, 56, 57], B [63, 55, 47, 46, 54, 53, 52, 44, 36, 28, 29, 37, 38], f=53, g=20
[00:00:26:31:721] Expansion 880,000: F [0, 1, 2, 3, 11, 10, 9, 8, 16, 24, 32, 33, 34, 35, 27, 26, 25, 17, 18, 19, 20, 12, 13, 14], B [63, 55, 54, 53, 52, 60], f=53, g=28
[00:00:26:53:936] Expansion 890,000: F [0, 8, 16, 17, 9, 1, 2, 10, 18, 26, 25, 33, 34, 35, 27, 19, 11, 3, 4, 12, 20, 28], B [63, 62, 54], f=53, g=23
[00:00:27:15:390] Expansion 900,000: F [0, 1, 2, 10, 11, 3, 4, 12, 20, 19, 27, 26, 34, 35, 43, 42, 41, 33, 25, 17], B [63, 55, 54], f=53, g=21
[00:00:27:15:391] Expansions: 900,000. Checks - state_vs_state: 3,572, prefix: 3,991,883
[00:00:27:15:391] Expansions: 900,000. Checks - state_vs_state: 3,572, prefix: 3,991,884
[00:00:27:15:392] Expansions: 900,000. Checks - state_vs_state: 3,572, prefix: 3,991,885
[00:00:27:15:392] Expansions: 900,000. Checks - state_vs_state: 3,572, prefix: 3,991,886
[00:00:27:15:393] Expansions: 900,000. Checks - state_vs_state: 3,572, prefix: 3,991,887
[00:00:27:15:393] Expansions: 900,000. Checks - state_vs_state: 3,572, prefix: 3,991,888
[00:00:27:35:002] Expansion 910,000: F [0, 8, 16, 24, 32, 40, 48, 56, 57, 58, 59, 51, 43, 42, 41, 33, 25, 17, 9, 1, 2, 3, 4, 12, 13, 14, 22, 21, 20, 19, 11, 10, 18, 26, 34, 35, 27, 28, 29, 37], B [63, 62, 54], f=53, g=41
[00:00:27:54:543] Expansion 920,000: F [0, 8, 16, 24, 25, 33, 34, 35, 43, 42, 41, 40, 48], B [63, 55, 47, 39, 31, 30, 22, 14, 13, 12, 4, 3, 11], f=53, g=24
[00:00:28:16:870] Expansion 930,000: F [0, 1, 2, 10, 9, 8, 16, 17, 25, 26, 27, 35, 43, 42, 34, 33, 32, 40, 41, 49, 48, 56, 57], B [63, 62, 54], f=53, g=24
[00:00:28:38:645] Expansion 940,000: F [0, 1, 2, 10, 11, 3, 4, 12, 13, 14, 22, 21, 20, 19, 18, 17, 9, 8, 16, 24], B [63, 55, 54, 46, 47, 39, 31, 30, 38, 37, 29, 28, 27, 35, 36, 44, 52, 60, 59], f=53, g=37
[00:00:29:00:673] Expansion 950,000: F [0, 1, 2, 3, 4, 12, 20, 19, 27, 35, 34, 26, 25, 17, 18, 10, 9, 8, 16, 24, 32, 33], B [63, 55, 47, 46], f=53, g=24
[00:00:29:23:235] Expansion 960,000: F [0, 1, 2, 10, 18, 26, 25, 17, 9, 8, 16, 24, 32, 33, 34, 35, 27, 28, 20, 19, 11, 3, 4, 12, 13, 14, 22], B [63, 55, 47, 39, 38, 46, 54, 53, 52, 60, 59], f=53, g=36
[00:00:29:45:919] Expansion 970,000: F [0, 1, 9, 10, 2, 3, 4, 12, 11, 19, 18, 17, 16, 24, 25, 26, 27, 35, 34, 33, 32, 40, 48], B [63, 55, 47, 39, 31, 30, 22, 14], f=53, g=29
[00:00:30:09:599] Expansion 980,000: F [0, 1, 2, 3, 11, 19, 27, 26, 25, 17, 18, 10, 9, 8, 16, 24, 32, 33, 34, 42], B [63, 55, 47, 39, 31, 30, 29], f=53, g=25
[00:00:30:31:924] Expansion 990,000: F [0, 8, 9, 10, 2, 3, 11, 19, 18, 26, 34, 33, 25, 17, 16, 24, 32, 40, 41], B [63, 62, 54], f=53, g=20
[00:00:30:56:952] Expansion 1,000,000: F [0, 8, 9, 17, 18, 26, 27, 19, 11, 10, 2, 3, 4, 12, 13, 14, 22, 30, 31, 39], B [63, 62, 54], f=53, g=21
[00:00:30:56:952] Expansions: 1,000,000. Checks - state_vs_state: 3,614, prefix: 4,448,500
[00:00:30:56:953] Expansions: 1,000,000. Checks - state_vs_state: 3,614, prefix: 4,448,501
[00:00:30:56:954] Expansions: 1,000,000. Checks - state_vs_state: 3,614, prefix: 4,448,502
[00:00:30:56:954] Expansions: 1,000,000. Checks - state_vs_state: 3,614, prefix: 4,448,503
[00:00:30:56:954] Expansions: 1,000,000. Checks - state_vs_state: 3,614, prefix: 4,448,504
[00:00:31:21:512] Expansion 1,010,000: F [0, 8, 9, 1, 2, 10, 11, 3, 4, 12, 20, 28, 27, 19, 18, 26, 25, 17, 16, 24, 32, 33], B [63, 55, 47, 39, 38], f=53, g=25
[00:00:31:38:003] Path of length 52 found: [0, 8, 16, 24, 32, 33, 25, 17, 9, 1, 2, 10, 18, 26, 34, 35, 27, 19, 11, 3, 4, 12, 20, 28, 29, 21, 13, 14, 22, 30, 31, 39, 47, 46, 38, 37, 36, 44, 43, 42, 41, 40, 48, 56, 57, 58, 59, 51, 52, 53, 54, 62, 63]
[00:00:31:44:124] ! Bidirectional. expansions: 1,015,535, time: 1,898,003 [ms], path length: 52 [edges], g_F: 48, g_B: 4, generated: {'F': 1,205,359, 'B': 638,890}, MM: 44, MMPER: 82.01886792452831%
[00:00:31:44:125] 
---------- SM_Grids/8x8_grid_with_random_blocks_8per_5 ----------
[00:00:00:24:463] Expansion 10,000: state None, f=56, g=42
[00:00:00:35:175] Expansion 20,000: state None, f=56, g=35
[00:00:00:46:537] Expansion 30,000: state None, f=56, g=37
[00:00:00:59:111] Expansion 40,000: state None, f=56, g=41
[00:00:01:10:742] Expansion 50,000: state None, f=56, g=34
[00:00:01:23:267] Expansion 60,000: state None, f=56, g=23
[00:00:01:36:563] Expansion 70,000: state None, f=56, g=22
[00:00:01:45:059] Expansion 80,000: state None, f=55, g=35
[00:00:01:54:433] Expansion 90,000: state None, f=55, g=35
[00:00:02:02:892] Expansion 100,000: state None, f=55, g=37
[00:00:02:13:012] Expansion 110,000: state None, f=55, g=38
[00:00:02:22:116] Expansion 120,000: state None, f=55, g=32
[00:00:02:30:922] Expansion 130,000: state None, f=55, g=26
[00:00:02:42:814] Expansion 140,000: state None, f=55, g=41
[00:00:02:51:977] Expansion 150,000: state None, f=55, g=28
[00:00:03:00:882] Expansion 160,000: state None, f=55, g=28
[00:00:03:10:878] Expansion 170,000: state None, f=55, g=40
[00:00:03:22:869] Expansion 180,000: state None, f=55, g=34
[00:00:03:32:358] Expansion 190,000: state None, f=55, g=19
[00:00:03:42:329] Expansion 200,000: state None, f=55, g=32
[00:00:03:52:232] Expansion 210,000: state None, f=55, g=25
[00:00:04:06:846] Expansion 220,000: state None, f=55, g=30
[00:00:04:17:662] Expansion 230,000: state None, f=55, g=20
[00:00:04:28:163] Expansion 240,000: state None, f=55, g=24
[00:00:04:40:085] Expansion 250,000: state None, f=55, g=27
[00:00:04:50:374] Expansion 260,000: state None, f=55, g=35
[00:00:05:06:996] Expansion 270,000: state None, f=55, g=28
[00:00:05:19:563] Expansion 280,000: state None, f=55, g=19
[00:00:05:27:566] Path of length 54 found: [0, 1, 2, 3, 11, 12, 4, 5, 6, 7, 15, 23, 22, 14, 13, 21, 20, 28, 27, 35, 43, 44, 52, 51, 50, 49, 41, 42, 34, 33, 25, 26, 18, 17, 16, 24, 32, 40, 48, 56, 57, 58, 59, 60, 61, 53, 45, 37, 29, 30, 38, 39, 47, 55, 63]
[00:00:05:27:571] ! Unidirectional s-t. expansions: 283,899, time: 327,566 [ms], path length: 54 [edges], generated: 481,051
[00:00:00:11:690] Expansion 10,000: state None, f=57, g=39
[00:00:00:23:052] Expansion 20,000: state None, f=57, g=25
[00:00:00:34:811] Expansion 30,000: state None, f=57, g=36
[00:00:01:09:522] Expansion 40,000: state None, f=57, g=21
[00:00:01:24:706] Expansion 50,000: state None, f=56, g=40
[00:00:01:36:416] Expansion 60,000: state None, f=56, g=23
[00:00:01:49:657] Expansion 70,000: state None, f=56, g=21
[00:00:02:04:524] Expansion 80,000: state None, f=56, g=23
[00:00:02:17:360] Expansion 90,000: state None, f=56, g=39
[00:00:02:32:989] Expansion 100,000: state None, f=56, g=35
[00:00:02:46:154] Expansion 110,000: state None, f=56, g=16
[00:00:03:01:613] Expansion 120,000: state None, f=56, g=35
[00:00:03:10:863] Expansion 130,000: state None, f=55, g=41
[00:00:03:20:780] Expansion 140,000: state None, f=55, g=38
[00:00:03:29:947] Expansion 150,000: state None, f=55, g=37
[00:00:03:44:537] Expansion 160,000: state None, f=55, g=36
[00:00:03:54:858] Expansion 170,000: state None, f=55, g=32
[00:00:04:05:421] Expansion 180,000: state None, f=55, g=34
[00:00:04:16:234] Expansion 190,000: state None, f=55, g=31
[00:00:04:33:224] Expansion 200,000: state None, f=55, g=31
[00:00:04:43:853] Expansion 210,000: state None, f=55, g=25
[00:00:04:55:538] Expansion 220,000: state None, f=55, g=29
[00:00:05:06:656] Expansion 230,000: state None, f=55, g=34
[00:00:05:18:738] Expansion 240,000: state None, f=55, g=23
[00:00:05:37:000] Expansion 250,000: state None, f=55, g=28
[00:00:05:49:806] Expansion 260,000: state None, f=55, g=20
[00:00:06:01:782] Expansion 270,000: state None, f=55, g=29
[00:00:06:17:499] Expansion 280,000: state None, f=55, g=41
[00:00:06:28:412] Expansion 290,000: state None, f=55, g=36
[00:00:06:39:581] Expansion 300,000: state None, f=55, g=31
[00:00:07:01:183] Expansion 310,000: state None, f=55, g=26
[00:00:07:11:705] Expansion 320,000: state None, f=55, g=22
[00:00:07:22:570] Expansion 330,000: state None, f=55, g=41
[00:00:07:34:158] Expansion 340,000: state None, f=55, g=36
[00:00:07:45:622] Expansion 350,000: state None, f=55, g=21
[00:00:07:56:849] Expansion 360,000: state None, f=55, g=41
[00:00:08:08:796] Expansion 370,000: state None, f=55, g=39
[00:00:08:30:656] Expansion 380,000: state None, f=55, g=25
[00:00:08:42:842] Expansion 390,000: state None, f=55, g=28
[00:00:08:54:320] Expansion 400,000: state None, f=55, g=9
[00:00:09:05:935] Expansion 410,000: state None, f=55, g=21
[00:00:09:17:387] Expansion 420,000: state None, f=55, g=22
[00:00:09:36:039] Path of length 54 found: [63, 55, 47, 39, 38, 37, 45, 44, 43, 35, 34, 42, 50, 51, 52, 53, 61, 60, 59, 58, 57, 56, 48, 49, 41, 40, 32, 33, 25, 24, 16, 17, 18, 26, 27, 28, 29, 30, 31, 23, 22, 14, 15, 7, 6, 5, 13, 21, 20, 12, 4, 3, 2, 1, 0]
[00:00:09:36:042] ! Unidirectional t-s. expansions: 429,285, time: 576,039 [ms], path length: 54 [edges], generated: 789,040
[00:00:00:17:664] Expansion 10,000: F [0], B [63, 55, 47, 39, 31, 23, 15, 7, 6, 14, 22, 30, 38, 37, 36, 44, 45, 53, 61, 60, 52, 51, 59, 58, 57, 56, 48, 40, 32, 24, 25, 33, 41, 49, 50, 42, 43, 35, 34, 26], f=57, g=39
[00:00:00:35:365] Expansion 20,000: F [0], B [63, 55, 47, 39, 31, 23, 22, 30, 38, 37, 45, 44, 52, 53, 61, 60, 59, 51, 43, 42, 34, 33, 41, 49, 50, 58], f=57, g=25
[00:00:00:53:797] Expansion 30,000: F [0], B [63, 55, 47, 39, 38, 30, 31, 23, 15, 7, 6, 14, 22, 21, 29, 37, 45, 53, 61, 60, 52, 44, 43, 42, 41, 49, 50, 51, 59, 58, 57, 56, 48, 40, 32, 33, 34], f=57, g=36
[00:00:01:12:689] Expansion 40,000: F [0], B [63, 55, 47, 39, 38, 37, 45, 53, 61, 60, 59, 51, 52, 44, 36, 35, 43, 42, 50, 58, 57, 56], f=57, g=21
[00:00:01:30:524] Expansion 50,000: F [0, 1, 2, 3], B [63, 55, 47, 39, 31, 23, 15, 7, 6, 5, 13, 14, 22, 21, 29, 30, 38, 37, 45, 44, 43, 42, 50, 51, 52, 53, 61, 60, 59, 58, 57, 56, 48, 49, 41, 40, 32, 24, 16, 17, 18, 26, 25, 33], f=56, g=46
[00:00:01:43:605] Expansion 60,000: F [0], B [63, 55, 47, 39, 31, 23, 15, 7, 6, 14, 22, 21, 29, 30, 38, 37, 36, 44, 45, 53, 61, 60, 52, 51, 59, 58, 57, 56, 48, 40, 41, 49, 50, 42, 34, 35], f=56, g=35
[00:00:01:57:886] Expansion 70,000: F [0], B [63, 55, 47, 39, 38, 30, 31, 23, 15, 7, 6, 14, 22, 21, 29, 37, 45, 44, 43, 42, 50, 51, 52, 53, 61, 60, 59, 58, 57, 56, 48, 40, 41, 33, 32, 24, 25], f=56, g=36
[00:00:02:12:830] Expansion 80,000: F [0, 1, 2, 3, 11, 12, 4, 5, 13, 14, 6, 7, 15, 23, 31, 39, 38], B [63, 55, 54, 53, 61, 60, 59, 58, 50, 49, 57, 56, 48, 40, 41, 42, 43, 51, 52, 44, 45, 37, 36, 35, 34, 33, 32, 24, 16], f=56, g=44
[00:00:02:29:035] Expansion 90,000: F [0], B [63, 55, 47, 39, 38, 30, 31, 23, 15, 7, 6, 5, 13, 14, 22, 21, 29, 37, 36, 35, 34, 33, 41, 42, 50, 51, 52], f=56, g=26
[00:00:02:45:802] Expansion 100,000: F [0], B [63, 55, 47, 39, 38, 30, 31, 23, 15, 7, 6, 5, 13, 14, 22, 21, 29, 37, 36, 35, 34, 42, 50, 51, 52, 44, 45, 53, 61, 60, 59, 58, 57, 56, 48, 49, 41, 40, 32], f=56, g=38
[00:00:02:45:802] Expansions: 100,000. Checks - state_vs_state: 0, prefix: 384,985
[00:00:02:45:802] Expansions: 100,000. Checks - state_vs_state: 0, prefix: 384,986
[00:00:02:45:803] Expansions: 100,000. Checks - state_vs_state: 0, prefix: 384,987
[00:00:02:45:803] Expansions: 100,000. Checks - state_vs_state: 0, prefix: 384,988
[00:00:03:01:697] Expansion 110,000: F [0], B [63, 55, 47, 39, 31, 23, 15, 7, 6, 5, 13, 14, 22, 30, 38, 37, 36, 44, 45, 53, 61, 60, 59, 58, 57, 56, 48, 40, 32, 33, 41, 49, 50, 51, 43, 42], f=56, g=35
[00:00:03:18:486] Expansion 120,000: F [0], B [63, 55, 54, 53, 61, 60, 59, 58, 50, 42, 43, 51, 52, 44, 45, 37, 38, 39, 31, 30, 22, 14, 15, 7, 6, 5, 13, 21, 29], f=56, g=28
[00:00:04:28:033] Expansion 130,000: F [0, 1, 2, 3, 11, 12, 4, 5, 13, 21, 20, 28, 29, 30, 22, 14, 6, 7, 15, 23, 31, 39, 38, 37, 45, 44, 36, 35], B [63, 55, 54, 53, 61, 60, 52, 51, 59, 58, 50, 49, 57, 56, 48, 40, 32, 24, 16], f=56, g=45
[00:00:04:46:168] Expansion 140,000: F [0], B [63, 55, 47, 39, 31, 23, 22, 30, 38, 37, 36, 44, 45, 53, 61, 60, 59, 58, 50, 51, 43, 42, 41, 49, 57, 56, 48, 40, 32], f=56, g=28
[00:00:05:05:127] Expansion 150,000: F [0], B [63, 55, 47, 39, 31, 23, 15, 7, 6, 14, 22, 30, 29, 37, 45, 44, 52, 53, 61, 60, 59, 58, 57, 56, 48, 49, 50, 51, 43, 42, 41, 40, 32, 33, 34, 35, 36], f=56, g=36
[00:00:05:26:635] Expansion 160,000: F [0], B [63, 55, 47, 39, 31, 23, 22, 30, 29, 37, 45, 53, 61, 60, 59, 51, 52, 44, 36, 35, 43, 42, 34, 33, 41, 49, 50, 58, 57, 56, 48, 40, 32, 24, 16], f=56, g=34
[00:00:05:45:317] Expansion 170,000: F [0], B [63, 55, 47, 39, 31, 30, 29, 37, 36, 35, 43, 44, 45, 53, 61, 60, 52, 51, 59, 58, 50, 42, 41, 49, 57, 56, 48, 40, 32, 24, 25, 33], f=56, g=31
[00:00:06:05:333] Expansion 180,000: F [0], B [63, 55, 54, 53, 45, 44, 43, 51, 52, 60, 59, 58, 57, 56, 48, 49, 50, 42, 34, 35, 36, 37, 29, 30, 38, 39, 31, 23, 15, 7, 6, 5], f=56, g=31
[00:00:06:25:355] Expansion 190,000: F [0], B [63, 55, 54, 53, 52, 60, 59, 58, 57, 56, 48, 49, 50, 51, 43, 35, 36, 44, 45, 37, 29, 30, 38, 39, 31, 23, 15, 7, 6, 14, 22, 21, 13, 5, 4], f=56, g=34
[00:00:06:32:708] Expansion 200,000: F [0, 1, 2, 3, 4], B [63, 55, 47, 39, 31, 23, 15, 7, 6, 5, 13, 14, 22, 21, 29, 30, 38, 37, 45, 53, 61, 60, 52, 51, 59, 58, 57, 56, 48, 49, 50, 42, 41, 40, 32, 33, 25, 24, 16, 17, 18, 26, 34, 35], f=55, g=47
[00:00:06:32:708] Expansions: 200,000. Checks - state_vs_state: 0, prefix: 773,834
[00:00:06:32:708] Expansions: 200,000. Checks - state_vs_state: 0, prefix: 773,835
[00:00:06:32:709] Expansions: 200,000. Checks - state_vs_state: 0, prefix: 773,836
[00:00:06:32:709] Expansions: 200,000. Checks - state_vs_state: 0, prefix: 773,837
[00:00:06:32:709] Expansions: 200,000. Checks - state_vs_state: 0, prefix: 773,838
[00:00:06:40:063] Expansion 210,000: F [0, 1, 2, 3], B [63, 55, 47, 39, 31, 23, 15, 7, 6, 5, 13, 14, 22, 30, 38, 37, 45, 44, 43, 51, 52, 53, 61, 60, 59, 58, 57, 56, 48, 49, 50, 42, 41, 40, 32, 33, 25, 24, 16, 17, 18, 26, 27, 35, 36, 28, 29, 21, 20, 12], f=55, g=52
[00:00:06:47:923] Expansion 220,000: F [0, 1, 2, 3], B [63, 55, 47, 39, 31, 23, 15, 7, 6, 14, 22, 21, 29, 30, 38, 37, 45, 44, 52, 53, 61, 60, 59, 51, 43, 42, 34, 33, 41, 49, 50, 58, 57, 56, 48, 40, 32, 24, 16, 17, 25, 26, 27], f=55, g=45
[00:00:06:56:262] Expansion 230,000: F [0, 1, 2, 3], B [63, 55, 47, 39, 31, 23, 22, 14, 15, 7, 6, 5, 13, 21, 29, 30, 38, 37, 45, 53, 61, 60, 52, 44, 43, 51, 59, 58, 57, 56, 48, 49, 50, 42, 34, 33, 41, 40, 32, 24, 25, 17, 18, 26, 27, 35], f=55, g=48
[00:00:07:05:190] Expansion 240,000: F [0, 1, 2, 3, 11, 12, 4, 5, 6, 14], B [63, 55, 47, 39, 31, 30, 38, 37, 36, 44, 45, 53, 61, 60, 52, 51, 59, 58, 50, 49, 57, 56, 48, 40, 41, 42, 43, 35, 34, 33, 32, 24, 16, 17], f=55, g=42
[00:00:07:14:734] Expansion 250,000: F [0, 1, 2, 3, 4, 5, 13, 12, 20, 21, 29], B [63, 55, 47, 39, 31, 23, 15, 7, 6, 14, 22, 30, 38, 37, 45, 44, 52, 53, 61, 60, 59, 51, 43, 42, 34, 33, 41, 49, 50, 58, 57, 56, 48, 40, 32, 24, 16], f=55, g=46
[00:00:07:25:012] Expansion 260,000: F [0, 1, 2, 3, 11, 12, 4, 5, 13, 21], B [63, 55, 54, 53, 61, 60, 59, 58, 57, 56, 48, 49, 50, 42, 43, 51, 52, 44, 45, 37, 36, 35, 34, 33, 41, 40, 32, 24, 16, 17, 18, 26, 27, 28], f=55, g=42
[00:00:07:35:722] Expansion 270,000: F [0, 1, 2, 3], B [63, 55, 47, 39, 38, 30, 31, 23, 15, 7, 6, 14, 22, 21, 29, 37, 45, 53, 61, 60, 52, 51, 59, 58, 50, 42, 34, 33, 41, 49, 57, 56, 48, 40, 32, 24, 25, 17, 18, 26, 27, 35, 43, 44, 36], f=55, g=47
[00:00:07:46:797] Expansion 280,000: F [0, 1, 2, 3], B [63, 55, 47, 39, 31, 23, 15, 7, 6, 14, 22, 21, 29, 30, 38, 37, 45, 53, 61, 60, 52, 51, 59, 58, 50, 49, 57, 56, 48, 40, 32, 24, 16, 17, 25, 33, 41, 42, 34, 26, 27, 35, 43, 44, 36, 28, 20, 12], f=55, g=50
[00:00:07:59:003] Expansion 290,000: F [0, 1, 2, 3], B [63, 55, 47, 39, 38, 30, 31, 23, 15, 7, 6, 5, 13, 14, 22, 21, 29, 37, 36, 44, 52, 53, 61, 60, 59, 58, 57, 56, 48, 49, 41, 40, 32, 33, 25, 24, 16], f=55, g=39
[00:00:08:10:807] Expansion 300,000: F [0], B [63, 55, 47, 39, 31, 23, 15, 7, 6, 5, 13, 14, 22, 21, 29, 30, 38, 37, 45, 44, 43, 51, 52, 53, 61, 60, 59, 58, 57, 56, 48, 49, 50, 42, 41, 33, 25], f=55, g=36
[00:00:08:10:807] Expansions: 300,000. Checks - state_vs_state: 0, prefix: 1,169,077
[00:00:08:10:807] Expansions: 300,000. Checks - state_vs_state: 0, prefix: 1,169,078
[00:00:08:10:808] Expansions: 300,000. Checks - state_vs_state: 0, prefix: 1,169,079
[00:00:08:10:808] Expansions: 300,000. Checks - state_vs_state: 0, prefix: 1,169,080
[00:00:08:10:809] Expansions: 300,000. Checks - state_vs_state: 0, prefix: 1,169,081
[00:00:08:22:751] Expansion 310,000: F [0, 1, 2, 3, 11, 12, 4, 5, 6, 7, 15, 23, 31, 39, 38, 30, 22, 14, 13, 21, 20, 28, 27, 35, 36, 37, 45], B [63, 55, 54, 53, 61, 60, 59, 58, 57, 56, 48, 40, 32, 24, 16], f=55, g=40
[00:00:08:35:278] Expansion 320,000: F [0, 1, 2, 3, 11, 12, 4, 5, 13, 21], B [63, 55, 47, 39, 38, 37, 45, 53, 61, 60, 52, 44, 43, 51, 59, 58, 50, 49, 57, 56, 48, 40, 32, 24, 16, 17, 25, 33, 41, 42, 34, 26, 27, 35, 36, 28], f=55, g=44
[00:00:08:47:964] Expansion 330,000: F [0], B [63, 55, 47, 39, 31, 23, 15, 7, 6, 14, 22, 30, 29, 37, 45, 44, 43, 42, 41, 49, 50, 51, 52, 53, 61, 60, 59, 58, 57, 56, 48, 40, 32, 24, 25, 17], f=55, g=35
[00:00:09:04:119] Expansion 340,000: F [0], B [63, 55, 47, 39, 31, 23, 15, 7, 6, 14, 22, 30, 38, 37, 36, 35, 43, 44, 45, 53, 61, 60, 52, 51, 59, 58, 50, 49, 57, 56, 48, 40, 41, 33, 32, 24, 25], f=55, g=36
[00:00:09:15:539] Expansion 350,000: F [0, 1, 2, 3, 4, 5, 6, 7, 15, 14, 22, 23, 31], B [63, 55, 47, 39, 38, 37, 45, 53, 61, 60, 59, 58, 57, 56, 48, 49, 50, 51, 52, 44, 36, 35, 43, 42, 34, 33, 41, 40, 32, 24, 16], f=55, g=42
[00:00:09:28:164] Expansion 360,000: F [0], B [63, 55, 47, 39, 38, 30, 31, 23, 15, 7, 6, 14, 22, 21, 29, 37, 45, 44, 36, 35, 43, 51, 52, 53, 61, 60, 59, 58, 57, 56, 48, 49, 41, 42, 34, 33, 32, 24, 16], f=55, g=38
[00:00:09:41:027] Expansion 370,000: F [0], B [63, 55, 54, 53, 61, 60, 59, 58, 57, 56, 48, 40, 32, 33, 41, 49, 50, 42, 34, 35, 43, 51, 52, 44, 36, 37, 29, 30, 38, 39, 31, 23, 15, 14], f=55, g=33
[00:00:09:54:084] Expansion 380,000: F [0], B [63, 55, 47, 39, 38, 30, 31, 23, 22, 21, 29, 37, 36, 44, 52, 53, 61, 60, 59, 51, 43, 42, 50, 58, 57, 56, 48, 49, 41, 40, 32, 33, 25, 26], f=55, g=33
[00:00:10:06:436] Expansion 390,000: F [0], B [63, 55, 47, 39, 31, 23, 22, 21, 29, 30, 38, 37, 45, 53, 61, 60, 59, 58, 57, 56, 48, 49, 50, 51, 52, 44, 36, 35, 43, 42, 34, 33, 32, 24, 25], f=55, g=34
[00:00:10:19:037] Expansion 400,000: F [0, 1, 2, 3, 4, 12, 13, 5], B [63, 55, 47, 39, 31, 30, 38, 37, 45, 53, 61, 60, 52, 44, 36, 35, 43, 51, 59, 58, 50, 49, 57, 56, 48, 40, 32, 24, 16], f=55, g=35
[00:00:10:19:038] Expansions: 400,000. Checks - state_vs_state: 0, prefix: 1,564,182
[00:00:10:19:038] Expansions: 400,000. Checks - state_vs_state: 0, prefix: 1,564,183
[00:00:10:19:039] Expansions: 400,000. Checks - state_vs_state: 0, prefix: 1,564,184
[00:00:10:29:640] Expansion 410,000: F [0, 1, 2, 3, 4, 12, 20, 21, 22, 14, 13, 5, 6, 7, 15, 23, 31, 39, 38, 30, 29], B [63, 55, 54, 53, 61, 60, 59, 58, 57, 56, 48, 40, 41, 49, 50, 42, 43, 51, 52, 44, 45, 37, 36, 35, 34, 33, 32, 24, 16], f=55, g=48
[00:00:10:42:993] Expansion 420,000: F [0], B [63, 55, 47, 39, 38, 30, 31, 23, 15, 7, 6, 5, 13, 14, 22, 21, 29, 37, 36, 35, 34, 33, 41, 42, 43, 44, 45, 53, 52, 60, 59, 58, 50, 49, 57, 56, 48, 40, 32, 24], f=55, g=39
[00:00:10:56:343] Expansion 430,000: F [0], B [63, 55, 47, 39, 38, 30, 31, 23, 15, 7, 6, 14, 22, 21, 29, 37, 36, 44, 45, 53, 61, 60, 59, 58, 57, 56, 48, 40, 32, 33, 41, 42, 50], f=55, g=32
[00:00:11:10:180] Expansion 440,000: F [0, 1, 2, 3, 11, 12, 4, 5, 13, 21], B [63, 55, 47, 39, 31, 23, 15, 7, 6, 14, 22, 30, 29, 37, 45, 53, 61, 60, 59, 58, 57, 56, 48, 49, 41, 40, 32, 33, 25, 24, 16], f=55, g=39
[00:00:11:22:678] Expansion 450,000: F [0, 1, 2, 3, 11, 12, 4, 5, 13, 21], B [63, 55, 47, 39, 31, 23, 15, 7, 6, 14, 22, 30, 38, 37, 45, 53, 61, 60, 59, 58, 50, 49, 57, 56, 48, 40, 32, 24, 25, 17, 18, 26, 34, 33, 41, 42], f=55, g=44
[00:00:11:36:352] Expansion 460,000: F [0, 1, 2, 3, 4, 5, 6, 7, 15, 23, 22, 14, 13, 12, 20], B [63, 55, 47, 39, 31, 30, 38, 37, 45, 44, 52, 53, 61, 60, 59, 51, 50, 58, 57, 56, 48, 49, 41, 40, 32, 24, 16], f=55, g=40
[00:00:11:48:793] Expansion 470,000: F [0, 1, 2, 3, 11, 12, 4, 5, 13, 14, 6, 7, 15, 23, 22, 21, 29, 30, 31, 39, 38, 37, 45, 44, 52, 51, 50, 49, 41, 33, 34, 42, 43, 35, 36, 28], B [63, 55, 54, 53, 61, 60, 59, 58, 57, 56, 48, 40, 32, 24, 16], f=55, g=49
[00:00:12:03:130] Expansion 480,000: F [0], B [63, 55, 47, 39, 38, 30, 31, 23, 15, 7, 6, 5, 13, 14, 22, 21, 29, 37, 36, 44, 45, 53, 61, 60, 59, 51, 50, 58, 57, 49, 48, 40, 32, 24, 25, 17], f=55, g=35
[00:00:12:18:218] Expansion 490,000: F [0], B [63, 55, 54, 53, 61, 60, 59, 58, 57, 56, 48, 49, 41, 40, 32, 33, 34, 42, 43, 51, 52, 44, 45, 37, 38, 39, 31, 30, 22, 21, 29], f=55, g=30
[00:00:12:31:611] Expansion 500,000: F [0], B [63, 55, 54, 53, 45, 44, 43, 51, 52, 60, 59, 58, 57, 56, 48, 40, 41, 49, 50, 42, 34, 35, 36, 37, 38, 39, 31, 23, 15, 14, 6, 5, 4, 3], f=55, g=33
[00:00:12:31:611] Expansions: 500,000. Checks - state_vs_state: 0, prefix: 1,958,983
[00:00:12:31:612] Expansions: 500,000. Checks - state_vs_state: 0, prefix: 1,958,984
[00:00:12:31:612] Expansions: 500,000. Checks - state_vs_state: 0, prefix: 1,958,985
[00:00:12:31:613] Expansions: 500,000. Checks - state_vs_state: 0, prefix: 1,958,986
[00:00:12:50:279] Expansion 510,000: F [0], B [63, 55, 54, 53, 61, 60, 59, 58, 57, 56, 48, 40, 32, 24, 25, 33, 41, 49, 50, 42, 43, 51, 52, 44, 45, 37, 38, 30, 29, 21, 13], f=55, g=30
[00:00:13:04:216] Expansion 520,000: F [0], B [63, 55, 47, 39, 31, 23, 22, 21, 29, 30, 38, 37, 36, 44, 45, 53, 61, 60, 52, 51, 59, 58, 57, 56, 48, 40, 41, 42, 43, 35, 34, 33, 32], f=55, g=32
[00:00:13:19:363] Expansion 530,000: F [0], B [63, 55, 47, 39, 31, 23, 22, 14, 15, 7, 6, 5, 13, 21, 29, 30, 38, 37, 36, 44, 45, 53, 52, 60, 59, 58, 57, 49, 48, 40, 41, 42, 50, 51, 43, 35], f=55, g=35
[00:00:13:34:800] Expansion 540,000: F [0], B [63, 55, 47, 39, 31, 23, 22, 21, 29, 30, 38, 37, 45, 53, 52, 60, 59, 58, 57, 56, 48, 40, 32, 33, 41, 49, 50, 42, 43, 44, 36], f=55, g=30
[00:00:13:48:597] Expansion 550,000: F [0], B [63, 55, 54, 53, 45, 44, 52, 60, 59, 58, 50, 51, 43, 42, 34, 35, 36, 37, 38, 39, 31, 30, 29, 21, 22, 23, 15, 14], f=55, g=27
[00:00:14:01:701] Expansion 560,000: F [0], B [63, 55, 47, 39, 31, 23, 15, 7, 6, 5, 13, 14, 22, 30, 38, 37, 45, 53, 61, 60, 52, 51, 59, 58, 57, 49, 50, 42, 41, 40, 32, 24, 25, 33, 34, 35, 43, 44, 36, 28], f=55, g=39
[00:00:14:15:942] Expansion 570,000: F [0], B [63, 55, 54, 53, 61, 60, 52, 51, 59, 58, 57, 56, 48, 49, 50, 42, 43, 44, 45, 37, 38, 30, 31, 23, 22, 21, 13, 14, 15, 7], f=55, g=29
[00:00:14:31:415] Expansion 580,000: F [0], B [63, 55, 47, 39, 31, 23, 22, 21, 29, 30, 38, 37, 36, 35, 43, 44, 45, 53, 61, 60, 52, 51, 50, 58, 57, 49, 48, 40, 32, 24, 25, 33, 41, 42, 34], f=55, g=34
[00:00:14:47:087] Expansion 590,000: F [0], B [63, 55, 47, 39, 31, 30, 38, 37, 36, 35, 34, 33, 41, 42, 43, 44, 52, 53, 61, 60, 59, 51, 50, 58, 57, 49, 48, 40, 32], f=55, g=28
[00:00:15:01:439] Expansion 600,000: F [0, 1, 2, 3], B [63, 55, 47, 39, 38, 30, 29, 37, 45, 53, 61, 60, 59, 58, 50, 49, 57, 56, 48, 40, 41, 33, 32, 24, 16], f=55, g=27
[00:00:15:01:439] Expansions: 600,000. Checks - state_vs_state: 0, prefix: 2,352,355
[00:00:15:01:439] Expansions: 600,000. Checks - state_vs_state: 0, prefix: 2,352,356
[00:00:15:01:440] Expansions: 600,000. Checks - state_vs_state: 0, prefix: 2,352,357
[00:00:15:01:441] Expansions: 600,000. Checks - state_vs_state: 0, prefix: 2,352,358
[00:00:15:14:747] Expansion 610,000: F [0], B [63, 55, 47, 39, 31, 23, 15, 7, 6, 14, 22, 21, 29, 30, 38, 37, 45, 53, 61, 60, 59, 58, 57, 49, 50, 42, 43, 51, 52], f=55, g=28
[00:00:15:29:115] Expansion 620,000: F [0], B [63, 55, 47, 39, 31, 30, 38, 37, 45, 44, 52, 53, 61, 60, 59, 58, 57, 49, 48, 40, 32, 24, 25, 33, 34], f=55, g=24
[00:00:15:45:243] Expansion 630,000: F [0], B [63, 55, 47, 39, 31, 23, 15, 7, 6, 5, 13, 14, 22, 30, 38, 37, 45, 53, 52, 60, 59, 58, 50, 49, 57, 56, 48, 40, 32, 33, 41, 42, 43, 44, 36, 35, 34, 26], f=55, g=37
[00:00:16:01:685] Expansion 640,000: F [0, 1, 2, 3, 11, 12, 4, 5, 13, 14, 6, 7, 15, 23], B [63, 55, 47, 39, 38, 37, 45, 53, 52, 60, 59, 51, 50, 58, 57, 56, 48, 49, 41, 40, 32, 24, 16], f=55, g=35
[00:00:16:15:572] Expansion 650,000: F [0, 8, 16, 17, 18, 26, 34, 33, 25, 24, 32, 40, 48, 56], B [63, 55, 54, 53, 61, 60, 59, 51, 52, 44, 45, 37, 38, 39, 31, 23, 15, 7, 6, 5, 4, 3], f=55, g=34
[00:00:16:30:896] Expansion 660,000: F [0], B [63, 55, 47, 39, 31, 23, 15, 7, 6, 14, 22, 30, 38, 37, 45, 44, 36, 35, 43, 51, 52, 60, 59, 58, 57, 56, 48, 49, 50, 42, 41, 40, 32, 24, 16], f=55, g=34
[00:00:16:47:147] Expansion 670,000: F [0, 1, 2, 3, 4, 12, 13, 5, 6, 7, 15, 14, 22, 23, 31, 30, 29, 21, 20, 28, 27, 26, 18, 17, 16, 24, 25, 33, 32, 40], B [63, 55, 47, 39, 38, 37, 36, 35, 34, 42, 41, 49, 50, 51, 43, 44, 45, 53], f=55, g=46
[00:00:17:03:948] Expansion 680,000: F [0, 1, 2, 3, 11, 12, 4, 5, 13, 21], B [63, 55, 54, 53, 45, 37, 36, 44, 52, 60, 59, 58, 57, 56, 48, 40, 32, 33, 25, 24, 16, 17, 18, 26, 34, 42, 41, 49], f=55, g=36
[00:00:17:20:996] Expansion 690,000: F [0, 8, 16, 17, 18, 26, 27, 35, 34, 42, 50, 49, 41, 33, 25, 24, 32, 40, 48, 56, 57, 58, 59, 51], B [63, 55, 47, 39, 31, 30, 38, 37, 29, 21, 13, 14, 22, 23, 15, 7, 6, 5, 4, 3, 11, 12], f=55, g=44
[00:00:17:33:791] Expansion 700,000: F [0, 8, 16, 17, 18, 26, 34, 33, 25, 24, 32, 40, 48, 56, 57, 58, 59, 51], B [63, 55, 47, 39, 38, 37, 29, 30, 31, 23, 15, 7, 6, 14, 22, 21, 13, 5, 4, 3, 11, 12], f=55, g=38
[00:00:17:33:791] Expansions: 700,000. Checks - state_vs_state: 0, prefix: 2,747,669
[00:00:17:33:792] Expansions: 700,000. Checks - state_vs_state: 0, prefix: 2,747,670
[00:00:17:33:792] Expansions: 700,000. Checks - state_vs_state: 0, prefix: 2,747,671
[00:00:17:33:793] Expansions: 700,000. Checks - state_vs_state: 0, prefix: 2,747,672
[00:00:17:48:461] Expansion 710,000: F [0, 1, 2, 3, 11, 12, 20, 21, 13, 5, 6, 7, 15, 14, 22, 23, 31, 39, 38, 30, 29, 28, 36, 37, 45, 44, 52, 51, 43, 42, 50, 49, 41], B [63, 55, 54, 53, 61, 60, 59, 58, 57, 56, 48, 40, 32, 24, 16], f=55, g=46
[00:00:18:05:809] Expansion 720,000: F [0], B [63, 55, 47, 39, 31, 23, 22, 30, 38, 37, 36, 35, 43, 44, 45, 53, 52, 60, 59, 58, 57, 56, 48, 49, 50, 42, 34, 33, 41, 40, 32, 24, 25, 26], f=55, g=33
[00:00:18:23:916] Expansion 730,000: F [0, 8, 16, 24, 32, 40, 48, 56, 57, 58, 59, 51, 43], B [63, 55, 47, 39, 38, 30, 31, 23, 15, 7, 6, 14, 22, 21, 13, 5, 4, 3], f=55, g=29
[00:00:18:36:137] Expansion 740,000: F [0, 8, 16, 24, 32, 40, 41, 33, 25, 17, 18, 26, 34, 42, 50, 49, 48, 56, 57, 58, 59, 51, 52, 60], B [63, 55, 47, 39, 38, 37, 29, 30, 31, 23, 22, 14, 15, 7, 6, 5, 4, 3], f=55, g=40
[00:00:18:52:522] Expansion 750,000: F [0], B [63, 55, 54, 53, 61, 60, 52, 51, 59, 58, 57, 56, 48, 40, 32, 33, 41, 42, 43, 44, 45, 37, 36, 35], f=55, g=23
[00:00:19:11:459] Expansion 760,000: F [0, 8, 16, 24, 32, 40, 48, 56, 57, 49, 41, 42, 50, 58, 59, 51, 43, 44, 52, 60, 61, 53, 45, 37], B [63, 55, 47, 39, 31, 23, 15, 7, 6, 14, 22, 21, 13, 5, 4, 3, 11, 12], f=55, g=40
[00:00:19:25:013] Expansion 770,000: F [0], B [63, 55, 47, 39, 31, 30, 38, 37, 45, 53, 61, 60, 59, 58, 50, 49, 48, 40, 32, 24, 25, 33, 41, 42], f=55, g=23
[00:00:19:37:069] Expansion 780,000: F [0, 8, 16, 17, 18, 26, 25, 24, 32, 40, 48, 56, 57, 58, 59, 51, 52, 60, 61, 53], B [63, 55, 47, 39, 38, 37, 29, 30, 31, 23, 15, 7, 6, 5, 4, 3], f=55, g=34
[00:00:19:53:236] Expansion 790,000: F [0], B [63, 55, 47, 39, 31, 23, 15, 7, 6, 14, 13, 21, 22, 30, 38, 37, 45, 53, 61, 60, 59, 58, 57, 56, 48, 40, 41, 49, 50, 51, 52, 44, 36, 35, 43, 42, 34, 33, 32, 24, 25, 26], f=55, g=41
[00:00:20:09:058] Expansion 800,000: F [0], B [63, 55, 47, 39, 31, 23, 22, 14, 15, 7, 6, 5, 13, 21, 29, 37, 45, 53, 61, 60, 52, 44, 36, 35, 43, 51, 59, 58, 57, 56, 48], f=55, g=30
[00:00:20:09:059] Expansions: 800,000. Checks - state_vs_state: 124, prefix: 3,139,077
[00:00:20:09:059] Expansions: 800,000. Checks - state_vs_state: 124, prefix: 3,139,078
[00:00:20:09:060] Expansions: 800,000. Checks - state_vs_state: 124, prefix: 3,139,079
[00:00:20:09:060] Expansions: 800,000. Checks - state_vs_state: 124, prefix: 3,139,080
[00:00:20:26:203] Expansion 810,000: F [0], B [63, 55, 47, 39, 38, 37, 36, 35, 43, 44, 45, 53, 52, 60, 59, 58, 50, 49, 57, 56, 48, 40, 41, 42, 34, 33, 32], f=55, g=26
[00:00:20:43:019] Expansion 820,000: F [0, 8, 16, 24, 25, 17, 18, 26, 27, 35, 43, 51, 50, 42, 34], B [63, 55, 47, 39, 31, 23, 15, 7, 6, 14, 13, 5, 4, 3], f=55, g=27
[00:00:20:56:290] Expansion 830,000: F [0, 8, 16, 17, 18, 26, 27, 35, 34, 42, 41, 33, 25, 24, 32, 40, 48, 56, 57, 49, 50, 58, 59, 51, 43, 44, 52, 60, 61, 53, 45, 37], B [63, 55, 47, 39, 31, 23, 22, 14, 15, 7, 6, 5, 4, 3, 11, 12, 13, 21], f=55, g=48
[00:00:21:10:008] Expansion 840,000: F [0], B [63, 55, 47, 39, 31, 23, 15, 7, 6, 5, 13, 21, 22, 30, 29, 37, 36, 35, 43, 51, 52, 44, 45, 53, 61, 60, 59, 58, 50, 49, 57, 56, 48, 40, 32, 33], f=55, g=35
[00:00:21:25:234] Expansion 850,000: F [0], B [63, 55, 47, 39, 31, 30, 29, 37, 36, 44, 45, 53, 61, 60, 59, 58, 57, 56, 48, 49, 50, 51, 43, 42, 41, 40, 32, 33, 34, 35, 27], f=55, g=30
[00:00:21:41:659] Expansion 860,000: F [0], B [63, 55, 47, 39, 38, 30, 31, 23, 15, 7, 6, 14, 13, 21, 29, 37, 45, 44, 52, 53, 61, 60, 59, 58, 50, 51, 43, 42, 34, 33, 41, 49, 57, 56, 48], f=55, g=34
[00:00:21:58:259] Expansion 870,000: F [0], B [63, 55, 47, 39, 38, 30, 22, 23, 15, 7, 6, 14, 13, 21, 29, 37, 45, 53, 61, 60, 52, 51, 59, 58, 50, 49, 57, 56, 48, 40, 32, 33, 41], f=55, g=32
[00:00:22:13:763] Expansion 880,000: F [0, 8, 16, 24, 25, 17, 18, 26, 27, 35, 34, 33, 32, 40, 48, 56, 57, 49, 41, 42, 43, 51, 50, 58, 59, 60, 61, 53, 52, 44], B [63, 55, 47, 39, 31, 23, 15, 7, 6, 5, 4, 3], f=55, g=40
[00:00:22:27:956] Expansion 890,000: F [0], B [63, 55, 47, 39, 31, 23, 15, 7, 6, 5, 13, 21, 29, 30, 38, 37, 45, 53, 61, 60, 59, 51, 52, 44, 36, 35, 43, 42, 34, 33, 41, 49, 50, 58, 57, 56], f=55, g=35
[00:00:22:44:212] Expansion 900,000: F [0], B [63, 55, 54, 53, 52, 60, 59, 58, 50, 51, 43, 44, 36, 35, 34, 42, 41, 49, 57, 56, 48, 40, 32, 33], f=55, g=23
[00:00:22:44:213] Expansions: 900,000. Checks - state_vs_state: 190, prefix: 3,529,461
[00:00:22:44:213] Expansions: 900,000. Checks - state_vs_state: 190, prefix: 3,529,462
[00:00:22:44:214] Expansions: 900,000. Checks - state_vs_state: 190, prefix: 3,529,463
[00:00:23:00:844] Expansion 910,000: F [0], B [63, 55, 47, 39, 38, 30, 22, 23, 15, 7, 6, 5, 13, 21, 29, 37, 45, 53, 61, 60, 59, 58, 57, 56, 48, 49, 50, 51, 52, 44, 36, 35, 43, 42, 34, 33, 41, 40, 32, 24, 25, 17], f=55, g=41
[00:00:23:22:001] Expansion 920,000: F [0], B [63, 55, 47, 39, 38, 30, 31, 23, 15, 14, 22, 21, 29, 37, 45, 44, 43, 42, 34, 33], f=55, g=19
[00:00:23:41:536] Expansion 930,000: F [0], B [63, 55, 54, 53, 61, 60, 52, 51, 50, 49, 57, 56, 48, 40, 41, 42, 43, 35, 36, 44, 45, 37, 29, 30, 38, 39, 31, 23, 22, 21], f=55, g=29
[00:00:23:58:118] Expansion 940,000: F [0], B [63, 55, 54, 53, 52, 60, 59, 58, 50, 49, 57, 56, 48, 40, 32, 24, 25, 33, 41, 42, 43, 44, 45, 37, 38, 39, 31, 23, 22, 30, 29, 21, 13, 14], f=55, g=33
[00:00:24:14:675] Expansion 950,000: F [0], B [63, 55, 47, 39, 31, 23, 15, 14, 22, 30, 38, 37, 45, 53, 61, 60, 59, 51, 52, 44, 36, 35, 43], f=55, g=22
[00:00:24:30:927] Expansion 960,000: F [0], B [63, 55, 47, 39, 38, 30, 22, 14, 15, 7, 6, 5, 13, 21, 29, 37, 45, 53, 61, 60, 59, 58, 57, 56, 48, 49, 41, 40, 32, 24, 25, 33, 34], f=55, g=32
[00:00:24:50:469] Path of length 54 found: [0, 1, 2, 3, 11, 12, 4, 5, 13, 21, 20, 28, 27, 35, 34, 26, 18, 17, 16, 24, 25, 33, 32, 40, 48, 56, 57, 58, 59, 60, 61, 53, 52, 51, 50, 49, 41, 42, 43, 44, 45, 37, 38, 30, 22, 14, 6, 7, 15, 23, 31, 39, 47, 55, 63]
[00:00:24:52:167] ! Bidirectional. expansions: 967,070, time: 1,490,469 [ms], path length: 54 [edges], g_F: 13, g_B: 41, generated: {'F': 768,682, 'B': 975,402}, MM: 28, MMPER: 49.90909090909091%
[00:00:24:52:167] 
---------- SM_Grids/8x8_grid_with_random_blocks_8per_6 ----------
[00:00:00:10:208] Expansion 10,000: state None, f=58, g=26
[00:00:00:32:105] Expansion 20,000: state None, f=58, g=49
[00:00:00:42:980] Expansion 30,000: state None, f=58, g=47
[00:00:00:53:619] Expansion 40,000: state None, f=58, g=46
[00:00:01:04:481] Expansion 50,000: state None, f=58, g=30
[00:00:01:14:676] Expansion 60,000: state None, f=58, g=40
[00:00:01:23:336] Expansion 70,000: state None, f=58, g=45
[00:00:01:33:950] Expansion 80,000: state None, f=58, g=38
[00:00:01:46:121] Expansion 90,000: state None, f=58, g=24
[00:00:01:54:852] Expansion 100,000: state None, f=58, g=35
[00:00:02:04:651] Expansion 110,000: state None, f=58, g=25
[00:00:02:17:038] Expansion 120,000: state None, f=58, g=23
[00:00:02:26:951] Expansion 130,000: state None, f=58, g=45
[00:00:02:39:922] Expansion 140,000: state None, f=58, g=15
[00:00:02:49:170] Expansion 150,000: state None, f=58, g=26
[00:00:02:59:203] Expansion 160,000: state None, f=58, g=32
[00:00:03:10:446] Expansion 170,000: state None, f=58, g=37
[00:00:03:24:281] Expansion 180,000: state None, f=58, g=24
[00:00:03:33:719] Expansion 190,000: state None, f=58, g=37
[00:00:03:43:020] Expansion 200,000: state None, f=58, g=46
[00:00:03:53:115] Expansion 210,000: state None, f=58, g=35
[00:00:04:07:439] Expansion 220,000: state None, f=58, g=44
[00:00:04:17:437] Expansion 230,000: state None, f=58, g=18
[00:00:04:26:639] Expansion 240,000: state None, f=58, g=43
[00:00:04:36:204] Expansion 250,000: state None, f=58, g=43
[00:00:04:46:446] Expansion 260,000: state None, f=58, g=43
[00:00:05:01:167] Expansion 270,000: state None, f=58, g=38
[00:00:05:11:106] Expansion 280,000: state None, f=58, g=23
[00:00:05:19:979] Expansion 290,000: state None, f=58, g=45
[00:00:05:29:770] Expansion 300,000: state None, f=58, g=39
[00:00:05:39:781] Expansion 310,000: state None, f=58, g=33
[00:00:05:50:119] Expansion 320,000: state None, f=58, g=28
[00:00:06:10:318] Expansion 330,000: state None, f=58, g=37
[00:00:06:19:235] Expansion 340,000: state None, f=58, g=40
[00:00:06:29:232] Expansion 350,000: state None, f=58, g=34
[00:00:06:39:122] Expansion 360,000: state None, f=58, g=44
[00:00:06:48:592] Expansion 370,000: state None, f=58, g=43
[00:00:06:58:077] Expansion 380,000: state None, f=58, g=39
[00:00:07:07:623] Expansion 390,000: state None, f=58, g=43
[00:00:07:17:882] Expansion 400,000: state None, f=58, g=34
[00:00:07:27:786] Expansion 410,000: state None, f=58, g=36
[00:00:07:44:556] Expansion 420,000: state None, f=58, g=45
[00:00:07:53:107] Expansion 430,000: state None, f=58, g=35
[00:00:08:02:398] Expansion 440,000: state None, f=58, g=47
[00:00:08:12:774] Expansion 450,000: state None, f=58, g=46
[00:00:08:22:670] Expansion 460,000: state None, f=58, g=24
[00:00:08:31:939] Expansion 470,000: state None, f=58, g=33
[00:00:08:40:967] Expansion 480,000: state None, f=58, g=34
[00:00:08:49:472] Expansion 490,000: state None, f=58, g=37
[00:00:08:59:711] Expansion 500,000: state None, f=58, g=25
[00:00:09:09:383] Expansion 510,000: state None, f=58, g=41
[00:00:09:29:320] Expansion 520,000: state None, f=58, g=37
[00:00:09:39:110] Expansion 530,000: state None, f=58, g=31
[00:00:09:48:977] Expansion 540,000: state None, f=58, g=36
[00:00:09:58:887] Expansion 550,000: state None, f=58, g=31
[00:00:10:09:477] Expansion 560,000: state None, f=58, g=47
[00:00:10:19:171] Expansion 570,000: state None, f=58, g=44
[00:00:10:29:422] Expansion 580,000: state None, f=58, g=45
[00:00:10:39:883] Expansion 590,000: state None, f=58, g=27
[00:00:10:49:078] Expansion 600,000: state None, f=58, g=38
[00:00:10:59:184] Expansion 610,000: state None, f=58, g=37
[00:00:11:09:285] Expansion 620,000: state None, f=58, g=33
[00:00:11:18:884] Expansion 630,000: state None, f=58, g=46
[00:00:11:40:701] Expansion 640,000: state None, f=58, g=30
[00:00:11:50:732] Expansion 650,000: state None, f=58, g=46
[00:00:12:04:940] Expansion 660,000: state None, f=58, g=37
[00:00:12:14:688] Expansion 670,000: state None, f=58, g=42
[00:00:12:24:152] Expansion 680,000: state None, f=58, g=43
[00:00:12:34:326] Expansion 690,000: state None, f=58, g=16
[00:00:12:43:919] Expansion 700,000: state None, f=58, g=44
[00:00:12:53:937] Expansion 710,000: state None, f=58, g=21
[00:00:13:03:326] Expansion 720,000: state None, f=58, g=43
[00:00:13:13:892] Expansion 730,000: state None, f=58, g=39
[00:00:13:24:870] Expansion 740,000: state None, f=58, g=30
[00:00:13:34:418] Expansion 750,000: state None, f=58, g=45
[00:00:13:43:435] Expansion 760,000: state None, f=58, g=45
[00:00:13:52:471] Expansion 770,000: state None, f=58, g=36
[00:00:14:02:915] Expansion 780,000: state None, f=58, g=36
[00:00:14:13:488] Expansion 790,000: state None, f=58, g=26
[00:00:14:39:211] Expansion 800,000: state None, f=58, g=48
[00:00:14:50:046] Expansion 810,000: state None, f=58, g=42
[00:00:15:00:386] Expansion 820,000: state None, f=58, g=43
[00:00:15:10:402] Expansion 830,000: state None, f=58, g=23
[00:00:15:20:510] Expansion 840,000: state None, f=58, g=35
[00:00:15:30:642] Expansion 850,000: state None, f=58, g=46
[00:00:15:40:718] Expansion 860,000: state None, f=58, g=27
[00:00:15:49:717] Expansion 870,000: state None, f=58, g=38
[00:00:15:58:472] Expansion 880,000: state None, f=58, g=48
[00:00:16:07:193] Expansion 890,000: state None, f=58, g=40
[00:00:16:16:445] Expansion 900,000: state None, f=58, g=33
[00:00:16:24:638] Expansion 910,000: state None, f=58, g=42
[00:00:16:33:536] Expansion 920,000: state None, f=58, g=40
[00:00:16:43:784] Expansion 930,000: state None, f=57, g=49
[00:00:16:50:321] Expansion 940,000: state None, f=57, g=41
[00:00:16:56:539] Expansion 950,000: state None, f=57, g=50
[00:00:17:03:007] Expansion 960,000: state None, f=57, g=51
[00:00:17:09:245] Expansion 970,000: state None, f=57, g=45
[00:00:17:15:925] Expansion 980,000: state None, f=57, g=37
[00:00:17:22:657] Expansion 990,000: state None, f=57, g=37
[00:00:17:29:090] Expansion 1,000,000: state None, f=57, g=51
[00:00:17:35:806] Expansion 1,010,000: state None, f=57, g=36
[00:00:17:42:972] Expansion 1,020,000: state None, f=57, g=34
[00:00:18:08:082] Expansion 1,030,000: state None, f=57, g=42
[00:00:18:14:410] Expansion 1,040,000: state None, f=57, g=35
[00:00:18:21:143] Expansion 1,050,000: state None, f=57, g=52
[00:00:18:27:910] Expansion 1,060,000: state None, f=57, g=37
[00:00:18:34:746] Expansion 1,070,000: state None, f=57, g=48
[00:00:18:42:182] Expansion 1,080,000: state None, f=57, g=44
[00:00:18:49:083] Expansion 1,090,000: state None, f=57, g=44
[00:00:18:55:774] Expansion 1,100,000: state None, f=57, g=42
[00:00:19:02:248] Expansion 1,110,000: state None, f=57, g=53
[00:00:19:08:921] Expansion 1,120,000: state None, f=57, g=53
[00:00:19:15:952] Expansion 1,130,000: state None, f=57, g=48
[00:00:19:22:662] Expansion 1,140,000: state None, f=57, g=43
[00:00:19:29:817] Expansion 1,150,000: state None, f=57, g=29
[00:00:19:36:739] Expansion 1,160,000: state None, f=57, g=37
[00:00:19:44:854] Expansion 1,170,000: state None, f=57, g=48
[00:00:19:52:133] Expansion 1,180,000: state None, f=57, g=40
[00:00:19:59:238] Expansion 1,190,000: state None, f=57, g=28
[00:00:20:05:981] Expansion 1,200,000: state None, f=57, g=47
[00:00:20:12:731] Expansion 1,210,000: state None, f=57, g=36
[00:00:20:19:417] Expansion 1,220,000: state None, f=57, g=45
[00:00:20:26:840] Expansion 1,230,000: state None, f=57, g=44
[00:00:20:34:204] Expansion 1,240,000: state None, f=57, g=39
[00:00:20:41:273] Expansion 1,250,000: state None, f=57, g=50
[00:00:20:48:301] Expansion 1,260,000: state None, f=57, g=32
[00:00:20:55:796] Expansion 1,270,000: state None, f=57, g=37
[00:00:21:02:901] Expansion 1,280,000: state None, f=57, g=31
[00:00:21:11:487] Expansion 1,290,000: state None, f=57, g=30
[00:00:21:18:859] Expansion 1,300,000: state None, f=57, g=45
[00:00:21:26:485] Expansion 1,310,000: state None, f=57, g=24
[00:00:21:33:752] Expansion 1,320,000: state None, f=57, g=36
[00:00:21:40:883] Expansion 1,330,000: state None, f=57, g=43
[00:00:21:48:272] Expansion 1,340,000: state None, f=57, g=35
[00:00:21:55:090] Expansion 1,350,000: state None, f=57, g=41
[00:00:22:26:203] Expansion 1,360,000: state None, f=57, g=30
[00:00:22:33:209] Expansion 1,370,000: state None, f=57, g=30
[00:00:22:40:853] Expansion 1,380,000: state None, f=57, g=34
[00:00:22:48:185] Expansion 1,390,000: state None, f=57, g=28
[00:00:22:55:639] Expansion 1,400,000: state None, f=57, g=53
[00:00:23:03:161] Expansion 1,410,000: state None, f=57, g=45
[00:00:23:10:015] Expansion 1,420,000: state None, f=57, g=38
[00:00:23:17:859] Expansion 1,430,000: state None, f=57, g=46
[00:00:23:25:079] Expansion 1,440,000: state None, f=57, g=35
[00:00:23:32:109] Expansion 1,450,000: state None, f=57, g=48
[00:00:23:40:924] Expansion 1,460,000: state None, f=57, g=35
[00:00:24:00:518] Expansion 1,470,000: state None, f=57, g=26
[00:00:24:08:013] Expansion 1,480,000: state None, f=57, g=33
[00:00:24:15:577] Expansion 1,490,000: state None, f=57, g=37
[00:00:24:22:677] Expansion 1,500,000: state None, f=57, g=35
[00:00:24:29:684] Expansion 1,510,000: state None, f=57, g=45
[00:00:24:36:179] Expansion 1,520,000: state None, f=57, g=33
[00:00:24:43:825] Expansion 1,530,000: state None, f=57, g=41
[00:00:24:50:385] Expansion 1,540,000: state None, f=57, g=43
[00:00:24:57:044] Expansion 1,550,000: state None, f=57, g=43
[00:00:25:03:760] Expansion 1,560,000: state None, f=57, g=28
[00:00:25:10:419] Expansion 1,570,000: state None, f=57, g=46
[00:00:25:17:853] Expansion 1,580,000: state None, f=57, g=40
[00:00:25:25:057] Expansion 1,590,000: state None, f=57, g=51
[00:00:25:32:273] Expansion 1,600,000: state None, f=57, g=46
[00:00:25:39:615] Expansion 1,610,000: state None, f=57, g=46
[00:00:25:46:724] Expansion 1,620,000: state None, f=57, g=45
[00:00:25:53:629] Expansion 1,630,000: state None, f=57, g=41
[00:00:26:00:960] Expansion 1,640,000: state None, f=57, g=43
[00:00:26:08:337] Expansion 1,650,000: state None, f=57, g=45
[00:00:26:15:230] Expansion 1,660,000: state None, f=57, g=40
[00:00:26:21:753] Expansion 1,670,000: state None, f=57, g=49
[00:00:26:28:561] Expansion 1,680,000: state None, f=57, g=28
[00:00:26:35:330] Expansion 1,690,000: state None, f=57, g=23
[00:00:26:45:362] Expansion 1,700,000: state None, f=57, g=52
[00:00:26:52:494] Expansion 1,710,000: state None, f=57, g=48
[00:00:27:00:177] Expansion 1,720,000: state None, f=57, g=39
[00:00:27:07:613] Expansion 1,730,000: state None, f=57, g=30
[00:00:27:15:028] Expansion 1,740,000: state None, f=57, g=49
[00:00:27:50:712] Expansion 1,750,000: state None, f=57, g=43
[00:00:27:57:730] Expansion 1,760,000: state None, f=57, g=39
[00:00:28:04:508] Expansion 1,770,000: state None, f=57, g=46
[00:00:28:10:813] Expansion 1,780,000: state None, f=57, g=40
[00:00:28:18:488] Expansion 1,790,000: state None, f=57, g=47
