--------------------------
date: SM_Grids
number_of_graphs: 10
graph_type: grid
size_of_graphs: [9, 9]
heuristic: bcc_heuristic
snake: True
run_uni: True
run_bi: True
run_multi: False
solution_vertices: []
algorithms: ['IDA']
lookahead: 2
bsd: False
cube_first_dims: 4
cube_buffer_dim: None
backward_sym_generation: False
sym_coil: False
prefix_set: None

---------- SM_Grids/9x9_grid_with_random_blocks_12per_0 ----------
[00:00:01:09:180] Path of length 46 found: [0, 1, 2, 3, 4, 5, 6, 7, 16, 17, 26, 35, 44, 53, 52, 51, 42, 33, 24, 23, 22, 21, 20, 19, 18, 27, 36, 45, 54, 63, 72, 73, 74, 65, 56, 47, 48, 49, 58, 67, 76, 77, 78, 69, 70, 71, 80]
[00:00:01:09:181] ! Unidirectional s-t. expansions: 6,918, time: 69,180 [ms], path length: 46 [edges], generated: 35,152
[00:00:00:43:876] Path of length 46 found: [80, 71, 70, 69, 78, 77, 76, 67, 58, 49, 48, 47, 56, 65, 74, 73, 72, 63, 54, 45, 36, 27, 18, 19, 20, 21, 22, 23, 24, 33, 42, 51, 52, 53, 44, 35, 26, 17, 8, 7, 6, 5, 4, 3, 2, 1, 0]
[00:00:00:43:876] ! Unidirectional t-s. expansions: 5,221, time: 43,876 [ms], path length: 46 [edges], generated: 22,520
[00:00:00:18:903] Path of length 46 found: [0, 1, 2, 3, 4, 5, 6, 7, 16, 17, 26, 35, 44, 53, 52, 51, 42, 33, 24, 23, 22, 21, 20, 19, 18, 27, 36, 45, 54, 63, 72, 73, 74, 65, 56, 47, 48, 49, 58, 67, 76, 77, 78, 69, 70, 71, 80]
[00:00:00:19:460] ! Bidirectional. expansions: 2,319, time: 18,903 [ms], path length: 46 [edges], g_F: 23, g_B: 23, generated: {'F': 3,848, 'B': 4,051}, MM: 0, MMPER: -1.0%
[00:00:00:19:461] 
---------- SM_Grids/9x9_grid_with_random_blocks_12per_1 ----------
[00:00:01:22:798] Path of length 46 found: [0, 9, 10, 19, 20, 29, 30, 39, 40, 49, 58, 57, 56, 47, 46, 45, 54, 63, 72, 73, 74, 75, 76, 77, 68, 69, 60, 51, 42, 33, 32, 23, 22, 13, 4, 5, 6, 15, 16, 25, 26, 35, 44, 53, 62, 71, 80]
[00:00:01:22:798] ! Unidirectional s-t. expansions: 9,290, time: 82,798 [ms], path length: 46 [edges], generated: 44,413
[00:00:01:16:116] Path of length 46 found: [80, 71, 62, 53, 44, 35, 26, 17, 8, 7, 6, 5, 4, 13, 22, 23, 32, 33, 42, 51, 60, 69, 78, 77, 76, 75, 74, 73, 72, 63, 54, 45, 46, 47, 56, 57, 58, 49, 40, 39, 30, 29, 20, 11, 2, 1, 0]
[00:00:01:16:116] ! Unidirectional t-s. expansions: 7,901, time: 76,116 [ms], path length: 46 [edges], generated: 38,704
[00:00:01:26:329] Path of length 46 found: [0, 9, 10, 19, 20, 21, 12, 3, 4, 5, 6, 15, 16, 25, 26, 35, 44, 43, 42, 33, 32, 31, 40, 39, 38, 37, 46, 45, 54, 63, 72, 73, 74, 65, 56, 57, 58, 67, 76, 77, 78, 69, 60, 61, 62, 71, 80]
[00:00:01:26:901] ! Bidirectional. expansions: 13,882, time: 86,329 [ms], path length: 46 [edges], g_F: 23, g_B: 23, generated: {'F': 21,782, 'B': 21,183}, MM: 0, MMPER: -1.0%
[00:00:01:26:902] 
---------- SM_Grids/9x9_grid_with_random_blocks_12per_2 ----------
[00:00:01:50:105] Path of length 44 found: [0, 9, 18, 27, 28, 29, 20, 11, 12, 13, 22, 31, 40, 39, 48, 47, 46, 55, 64, 73, 74, 75, 66, 67, 58, 59, 50, 51, 42, 33, 24, 15, 6, 7, 8, 17, 26, 35, 44, 53, 62, 61, 70, 79, 80]
[00:00:01:50:105] ! Unidirectional s-t. expansions: 11,456, time: 110,105 [ms], path length: 44 [edges], generated: 56,829
[00:00:01:43:292] Path of length 44 found: [80, 71, 62, 53, 44, 43, 42, 33, 24, 25, 26, 17, 8, 7, 6, 5, 14, 13, 22, 31, 40, 39, 48, 57, 58, 59, 60, 69, 78, 77, 76, 75, 74, 65, 64, 55, 46, 37, 28, 29, 20, 11, 2, 1, 0]
[00:00:01:43:293] ! Unidirectional t-s. expansions: 11,665, time: 103,293 [ms], path length: 44 [edges], generated: 53,873
[00:00:01:43:706] Path of length 44 found: [0, 9, 10, 11, 20, 29, 28, 37, 46, 55, 64, 73, 74, 75, 76, 77, 78, 69, 60, 59, 58, 57, 48, 39, 40, 31, 22, 13, 14, 5, 6, 7, 8, 17, 26, 25, 24, 33, 42, 43, 44, 53, 62, 71, 80]
[00:00:01:44:236] ! Bidirectional. expansions: 10,441, time: 103,706 [ms], path length: 44 [edges], g_F: 22, g_B: 22, generated: {'F': 20,007, 'B': 18,814}, MM: 0, MMPER: -1.0%
[00:00:01:44:236] 
---------- SM_Grids/9x9_grid_with_random_blocks_12per_3 ----------
[00:00:00:56:226] Path of length 46 found: [0, 1, 10, 19, 28, 37, 46, 45, 54, 63, 72, 73, 74, 75, 76, 67, 58, 57, 48, 39, 40, 31, 22, 21, 12, 3, 4, 5, 6, 7, 8, 17, 26, 25, 24, 33, 42, 43, 44, 53, 62, 61, 60, 69, 78, 79, 80]
[00:00:00:56:227] ! Unidirectional s-t. expansions: 6,353, time: 56,226 [ms], path length: 46 [edges], generated: 30,138
[00:00:02:20:881] Path of length 46 found: [80, 71, 62, 53, 44, 43, 42, 51, 60, 69, 68, 77, 76, 75, 74, 73, 72, 63, 54, 45, 46, 47, 56, 57, 58, 49, 40, 31, 32, 23, 24, 25, 26, 17, 8, 7, 6, 5, 4, 3, 12, 21, 20, 19, 10, 1, 0]
[00:00:02:20:881] ! Unidirectional t-s. expansions: 15,288, time: 140,881 [ms], path length: 46 [edges], generated: 72,606
[00:00:01:15:789] Path of length 46 found: [0, 1, 10, 19, 28, 37, 46, 45, 54, 63, 72, 73, 74, 75, 76, 67, 58, 57, 48, 39, 40, 41, 42, 33, 24, 23, 22, 21, 12, 3, 4, 5, 6, 7, 8, 17, 26, 35, 44, 53, 62, 61, 60, 69, 78, 79, 80]
[00:00:01:16:317] ! Bidirectional. expansions: 10,477, time: 75,789 [ms], path length: 46 [edges], g_F: 23, g_B: 23, generated: {'F': 17,729, 'B': 17,925}, MM: 0, MMPER: -1.0%
[00:00:01:16:318] 
---------- SM_Grids/9x9_grid_with_random_blocks_12per_4 ----------
[00:00:00:37:381] Path of length 46 found: [0, 9, 10, 11, 2, 3, 4, 5, 6, 15, 16, 25, 26, 35, 44, 53, 62, 61, 60, 51, 42, 33, 32, 23, 22, 21, 30, 39, 38, 37, 36, 45, 54, 63, 72, 73, 74, 65, 56, 57, 58, 67, 68, 77, 78, 79, 80]
[00:00:00:37:381] ! Unidirectional s-t. expansions: 3,613, time: 37,381 [ms], path length: 46 [edges], generated: 18,626
[00:00:00:21:478] Path of length 46 found: [80, 79, 78, 77, 68, 67, 58, 57, 56, 65, 74, 73, 72, 63, 54, 45, 46, 37, 38, 39, 30, 21, 22, 23, 32, 41, 50, 51, 60, 61, 62, 53, 44, 35, 26, 17, 16, 15, 6, 5, 4, 3, 2, 11, 10, 9, 0]
[00:00:00:21:478] ! Unidirectional t-s. expansions: 2,157, time: 21,478 [ms], path length: 46 [edges], generated: 10,019
[00:00:00:30:100] Path of length 46 found: [0, 9, 10, 11, 2, 3, 4, 5, 6, 15, 16, 25, 26, 35, 44, 53, 62, 61, 60, 51, 42, 33, 32, 23, 22, 21, 30, 39, 38, 37, 36, 45, 54, 63, 72, 73, 74, 65, 56, 57, 58, 67, 68, 77, 78, 79, 80]
[00:00:00:30:662] ! Bidirectional. expansions: 3,356, time: 30,100 [ms], path length: 46 [edges], g_F: 23, g_B: 23, generated: {'F': 5,992, 'B': 6,050}, MM: 0, MMPER: -1.0%
[00:00:00:30:662] 
---------- SM_Grids/9x9_grid_with_random_blocks_12per_5 ----------
[00:00:00:17:927] Path of length 40 found: [0, 9, 18, 27, 36, 45, 46, 47, 56, 65, 66, 67, 76, 77, 78, 69, 60, 59, 50, 49, 40, 39, 30, 29, 20, 11, 2, 3, 4, 13, 22, 23, 32, 33, 42, 43, 52, 53, 62, 71, 80]
[00:00:00:17:927] ! Unidirectional s-t. expansions: 1,601, time: 17,927 [ms], path length: 40 [edges], generated: 8,228
[00:00:00:11:940] Path of length 40 found: [80, 71, 62, 53, 44, 43, 42, 33, 24, 23, 14, 13, 4, 3, 2, 11, 20, 21, 30, 31, 40, 49, 50, 59, 60, 69, 78, 77, 76, 67, 66, 57, 56, 47, 38, 37, 28, 27, 18, 9, 0]
[00:00:00:11:941] ! Unidirectional t-s. expansions: 1,108, time: 11,941 [ms], path length: 40 [edges], generated: 5,849
[00:00:00:16:126] Path of length 40 found: [0, 9, 18, 27, 36, 45, 46, 47, 56, 65, 66, 67, 76, 77, 78, 69, 60, 59, 50, 49, 40, 39, 30, 29, 20, 11, 2, 3, 4, 13, 14, 23, 24, 33, 42, 43, 44, 53, 62, 71, 80]
[00:00:00:16:687] ! Bidirectional. expansions: 1,455, time: 16,126 [ms], path length: 40 [edges], g_F: 20, g_B: 20, generated: {'F': 2,723, 'B': 2,694}, MM: 0, MMPER: -1.0%
[00:00:00:16:687] 
---------- SM_Grids/9x9_grid_with_random_blocks_12per_6 ----------
[00:00:01:00:858] Path of length 48 found: [0, 1, 10, 19, 18, 27, 36, 37, 38, 39, 48, 57, 56, 55, 54, 63, 72, 73, 74, 75, 76, 67, 68, 59, 50, 51, 42, 33, 32, 23, 22, 21, 12, 3, 4, 5, 6, 15, 16, 25, 26, 35, 44, 53, 62, 61, 70, 79, 80]
[00:00:01:00:858] ! Unidirectional s-t. expansions: 6,140, time: 60,858 [ms], path length: 48 [edges], generated: 29,891
[00:00:00:32:664] Path of length 48 found: [80, 79, 70, 61, 62, 53, 44, 35, 26, 17, 8, 7, 6, 5, 4, 3, 12, 21, 22, 23, 24, 33, 42, 41, 50, 59, 68, 77, 76, 75, 74, 73, 72, 63, 54, 55, 56, 57, 48, 39, 38, 37, 36, 27, 18, 19, 10, 1, 0]
[00:00:00:32:664] ! Unidirectional t-s. expansions: 3,684, time: 32,664 [ms], path length: 48 [edges], generated: 16,064
[00:00:00:36:202] Path of length 48 found: [0, 1, 10, 19, 18, 27, 36, 37, 38, 39, 48, 57, 56, 55, 54, 63, 72, 73, 74, 75, 76, 77, 78, 69, 60, 59, 50, 41, 42, 33, 24, 23, 22, 21, 12, 3, 4, 5, 6, 7, 8, 17, 26, 35, 44, 53, 62, 71, 80]
[00:00:00:36:737] ! Bidirectional. expansions: 4,084, time: 36,202 [ms], path length: 48 [edges], g_F: 24, g_B: 24, generated: {'F': 6,581, 'B': 7,173}, MM: 0, MMPER: -1.0%
[00:00:00:36:737] 
---------- SM_Grids/9x9_grid_with_random_blocks_12per_7 ----------
[00:00:02:02:037] Path of length 44 found: [0, 9, 18, 27, 36, 45, 54, 63, 64, 73, 74, 75, 76, 77, 68, 59, 58, 57, 56, 47, 38, 39, 40, 31, 22, 21, 20, 11, 2, 3, 4, 5, 6, 15, 16, 25, 34, 33, 42, 51, 52, 53, 62, 71, 80]
[00:00:02:02:037] ! Unidirectional s-t. expansions: 12,779, time: 122,037 [ms], path length: 44 [edges], generated: 62,784
[00:00:02:49:001] Path of length 44 found: [80, 79, 70, 61, 52, 51, 42, 33, 34, 25, 16, 7, 6, 5, 4, 3, 2, 11, 20, 21, 22, 31, 40, 39, 38, 47, 56, 57, 58, 59, 68, 77, 76, 75, 74, 73, 64, 63, 54, 45, 36, 27, 18, 9, 0]
[00:00:02:49:002] ! Unidirectional t-s. expansions: 16,698, time: 169,001 [ms], path length: 44 [edges], generated: 85,494
[00:00:02:04:534] Path of length 44 found: [0, 9, 18, 27, 36, 45, 54, 63, 64, 73, 74, 75, 76, 77, 68, 59, 58, 57, 56, 47, 38, 39, 40, 31, 22, 21, 20, 11, 2, 3, 4, 5, 6, 7, 16, 25, 34, 33, 42, 51, 52, 61, 70, 79, 80]
[00:00:02:05:058] ! Bidirectional. expansions: 13,925, time: 124,535 [ms], path length: 44 [edges], g_F: 22, g_B: 22, generated: {'F': 24,429, 'B': 27,088}, MM: 0, MMPER: -1.0%
[00:00:02:05:059] 
---------- SM_Grids/9x9_grid_with_random_blocks_12per_8 ----------
[00:00:00:20:079] Path of length 48 found: [0, 9, 18, 19, 20, 11, 2, 3, 4, 13, 22, 31, 32, 33, 24, 15, 6, 7, 8, 17, 26, 35, 44, 53, 62, 61, 60, 51, 50, 49, 48, 47, 38, 37, 36, 45, 54, 63, 72, 73, 74, 75, 66, 67, 68, 77, 78, 79, 80]
[00:00:00:20:079] ! Unidirectional s-t. expansions: 2,049, time: 20,079 [ms], path length: 48 [edges], generated: 9,189
[00:00:00:48:593] Path of length 48 found: [80, 79, 78, 77, 68, 67, 66, 75, 74, 73, 72, 63, 54, 45, 36, 37, 38, 47, 48, 49, 40, 31, 22, 23, 24, 33, 42, 51, 60, 61, 62, 53, 44, 35, 26, 17, 8, 7, 6, 5, 4, 3, 2, 11, 20, 19, 18, 9, 0]
[00:00:00:48:594] ! Unidirectional t-s. expansions: 5,194, time: 48,593 [ms], path length: 48 [edges], generated: 22,818
[00:00:00:31:145] Path of length 48 found: [0, 9, 18, 19, 20, 11, 2, 3, 4, 13, 22, 31, 32, 33, 24, 15, 6, 7, 8, 17, 26, 35, 44, 53, 62, 61, 60, 51, 50, 49, 48, 47, 38, 37, 36, 45, 54, 63, 72, 73, 74, 75, 66, 67, 68, 77, 78, 79, 80]
[00:00:00:31:691] ! Bidirectional. expansions: 3,949, time: 31,145 [ms], path length: 48 [edges], g_F: 24, g_B: 24, generated: {'F': 6,674, 'B': 6,510}, MM: 0, MMPER: -1.0%
[00:00:00:31:692] 
---------- SM_Grids/9x9_grid_with_random_blocks_12per_9 ----------
[00:00:03:34:976] Path of length 44 found: [0, 1, 2, 11, 20, 19, 18, 27, 36, 45, 54, 63, 72, 73, 74, 75, 76, 77, 78, 69, 60, 59, 58, 57, 56, 47, 38, 39, 40, 31, 22, 13, 14, 15, 16, 17, 26, 35, 34, 43, 52, 53, 62, 71, 80]
[00:00:03:34:977] ! Unidirectional s-t. expansions: 22,395, time: 214,976 [ms], path length: 44 [edges], generated: 118,328
[00:00:03:09:711] Path of length 44 found: [80, 71, 62, 53, 52, 43, 34, 35, 26, 17, 16, 15, 14, 23, 22, 31, 40, 41, 50, 59, 60, 69, 78, 77, 76, 75, 74, 73, 72, 63, 54, 55, 56, 47, 38, 37, 36, 27, 18, 19, 20, 11, 2, 1, 0]
[00:00:03:09:711] ! Unidirectional t-s. expansions: 23,483, time: 189,711 [ms], path length: 44 [edges], generated: 107,210
[00:00:03:23:725] Path of length 44 found: [0, 1, 2, 11, 20, 19, 18, 27, 36, 37, 38, 39, 40, 31, 22, 13, 14, 15, 16, 17, 26, 35, 34, 43, 52, 51, 50, 59, 58, 57, 56, 55, 54, 63, 72, 73, 74, 75, 76, 77, 78, 69, 70, 71, 80]
[00:00:03:24:232] ! Bidirectional. expansions: 27,089, time: 203,725 [ms], path length: 44 [edges], g_F: 22, g_B: 22, generated: {'F': 44,958, 'B': 45,054}, MM: 0, MMPER: -1.0%
[00:00:03:24:232] average expansions: (8,259, 9,240, 9,098, 0)
[00:00:03:24:232] average time: (79,157, 83,755, 72,656, 0)
[00:00:03:24:232] XIDA: 8,259 , 79,157 (expansions , time[ms])
[00:00:03:24:232] BiXIDA: 9,098 , 72,656 (expansions , time[ms])

