--------------------------
date: SM_Grids
number_of_graphs: 10
graph_type: grid
size_of_graphs: [9, 9]
heuristic: bcc_heuristic
snake: True
run_uni: True
run_bi: True
run_multi: False
solution_vertices: []
algorithms: ['IDA']
lookahead: 2
bsd: False
cube_first_dims: 4
cube_buffer_dim: None
backward_sym_generation: False
sym_coil: False
prefix_set: None

---------- SM_Grids/9x9_grid_with_random_blocks_8per_0 ----------
[00:00:03:46:670] Path of length 48 found: [0, 9, 18, 27, 36, 37, 46, 55, 54, 63, 72, 73, 74, 75, 66, 57, 48, 49, 50, 41, 42, 33, 24, 23, 22, 31, 30, 29, 20, 11, 2, 3, 4, 5, 6, 7, 16, 17, 26, 35, 44, 53, 52, 61, 60, 69, 78, 79, 80]
[00:00:03:46:670] ! Unidirectional s-t. expansions: 21,525, time: 226,670 [ms], path length: 48 [edges], generated: 104,506
[00:00:05:34:852] Path of length 48 found: [80, 79, 78, 77, 76, 75, 74, 73, 72, 63, 54, 55, 56, 57, 48, 49, 50, 59, 60, 61, 62, 53, 44, 43, 42, 33, 24, 25, 26, 17, 8, 7, 6, 5, 14, 13, 22, 31, 30, 29, 38, 37, 36, 27, 18, 19, 10, 1, 0]
[00:00:05:34:852] ! Unidirectional t-s. expansions: 33,971, time: 334,852 [ms], path length: 48 [edges], generated: 159,688
[00:00:06:02:328] Path of length 48 found: [0, 1, 2, 3, 12, 13, 14, 5, 6, 7, 8, 17, 26, 25, 34, 43, 44, 53, 62, 61, 60, 51, 50, 41, 40, 39, 30, 29, 20, 19, 18, 27, 36, 37, 46, 55, 54, 63, 72, 73, 74, 75, 66, 67, 68, 77, 78, 79, 80]
[00:00:06:02:889] ! Bidirectional. expansions: 46,845, time: 362,328 [ms], path length: 48 [edges], g_F: 24, g_B: 24, generated: {'F': 81,305, 'B': 79,378}, MM: 0, MMPER: -1.0%
[00:00:06:02:890] 
---------- SM_Grids/9x9_grid_with_random_blocks_8per_1 ----------
[00:00:04:40:204] Path of length 44 found: [0, 9, 18, 27, 36, 45, 46, 47, 48, 57, 66, 75, 76, 77, 78, 69, 60, 59, 50, 41, 40, 31, 30, 29, 20, 11, 2, 3, 4, 13, 14, 15, 6, 7, 8, 17, 26, 25, 34, 43, 52, 53, 62, 71, 80]
[00:00:04:40:204] ! Unidirectional s-t. expansions: 30,185, time: 280,204 [ms], path length: 44 [edges], generated: 148,514
[00:00:06:58:629] Valid states checked so far: 200,000, Expansions: 41,598, Global best: 45
[00:00:07:51:448] Path of length 44 found: [80, 79, 70, 61, 62, 53, 44, 43, 42, 51, 50, 59, 68, 77, 76, 75, 66, 57, 48, 47, 46, 37, 36, 27, 18, 19, 20, 29, 30, 31, 32, 23, 24, 25, 26, 17, 8, 7, 6, 5, 4, 3, 2, 1, 0]
[00:00:07:51:449] ! Unidirectional t-s. expansions: 47,155, time: 471,448 [ms], path length: 44 [edges], generated: 226,640
[00:00:04:36:800] Path of length 44 found: [0, 1, 2, 3, 12, 13, 22, 31, 30, 29, 20, 19, 18, 27, 36, 45, 46, 47, 48, 57, 66, 75, 76, 77, 78, 69, 60, 59, 50, 41, 42, 33, 24, 15, 6, 7, 8, 17, 26, 35, 44, 53, 62, 71, 80]
[00:00:04:37:342] ! Bidirectional. expansions: 27,970, time: 276,800 [ms], path length: 44 [edges], g_F: 22, g_B: 22, generated: {'F': 51,323, 'B': 54,356}, MM: 0, MMPER: -1.0%
[00:00:04:37:342] 
---------- SM_Grids/9x9_grid_with_random_blocks_8per_2 ----------
[00:00:03:15:706] Path of length 48 found: [0, 9, 18, 27, 36, 37, 38, 39, 48, 57, 56, 55, 54, 63, 72, 73, 74, 75, 76, 67, 68, 59, 50, 51, 42, 33, 32, 31, 22, 21, 20, 11, 2, 3, 4, 5, 6, 7, 16, 25, 26, 35, 44, 53, 62, 61, 70, 79, 80]
[00:00:03:15:706] ! Unidirectional s-t. expansions: 18,658, time: 195,706 [ms], path length: 48 [edges], generated: 92,843
[00:00:04:20:692] Path of length 48 found: [80, 71, 70, 69, 78, 77, 76, 67, 58, 49, 48, 47, 56, 65, 74, 73, 72, 63, 54, 45, 36, 37, 28, 29, 30, 21, 22, 23, 32, 41, 42, 51, 52, 53, 44, 35, 26, 25, 16, 7, 6, 5, 4, 3, 2, 11, 10, 9, 0]
[00:00:04:20:692] ! Unidirectional t-s. expansions: 22,474, time: 260,692 [ms], path length: 48 [edges], generated: 117,552
[00:00:03:36:202] Path of length 48 found: [0, 9, 10, 11, 2, 3, 4, 5, 6, 7, 16, 25, 34, 35, 44, 53, 52, 51, 42, 41, 32, 23, 22, 21, 30, 29, 28, 27, 36, 45, 54, 63, 72, 73, 74, 65, 56, 47, 48, 49, 58, 67, 76, 77, 78, 69, 70, 71, 80]
[00:00:03:36:754] ! Bidirectional. expansions: 22,643, time: 216,202 [ms], path length: 48 [edges], g_F: 24, g_B: 24, generated: {'F': 40,978, 'B': 40,348}, MM: 0, MMPER: -1.0%
[00:00:03:36:754] 
---------- SM_Grids/9x9_grid_with_random_blocks_8per_3 ----------
[00:00:07:02:801] Valid states checked so far: 200,000, Expansions: 41,979, Global best: 47
[00:00:10:41:445] Path of length 46 found: [0, 1, 10, 19, 18, 27, 36, 37, 38, 29, 30, 21, 12, 3, 4, 5, 6, 7, 16, 25, 24, 33, 32, 41, 40, 49, 48, 57, 56, 55, 54, 63, 72, 73, 74, 75, 76, 67, 68, 59, 60, 51, 52, 53, 62, 71, 80]
[00:00:10:41:445] ! Unidirectional s-t. expansions: 67,175, time: 641,445 [ms], path length: 46 [edges], generated: 315,136
[00:00:06:30:021] Valid states checked so far: 200,000, Expansions: 39,793, Global best: 39
[00:00:11:24:214] Path of length 46 found: [80, 71, 62, 53, 44, 35, 34, 33, 24, 15, 6, 5, 4, 3, 2, 11, 20, 21, 30, 31, 40, 41, 50, 51, 60, 69, 78, 77, 76, 67, 58, 57, 56, 65, 74, 73, 72, 63, 54, 45, 46, 37, 28, 27, 18, 9, 0]
[00:00:11:24:215] ! Unidirectional t-s. expansions: 74,466, time: 684,214 [ms], path length: 46 [edges], generated: 369,608
[00:00:10:14:994] Path of length 46 found: [0, 1, 2, 3, 12, 13, 14, 5, 6, 7, 16, 25, 34, 35, 44, 53, 52, 51, 50, 41, 32, 31, 30, 29, 20, 19, 18, 27, 36, 45, 54, 63, 72, 73, 74, 65, 56, 57, 58, 67, 76, 77, 78, 69, 70, 71, 80]
[00:00:10:15:508] ! Bidirectional. expansions: 74,028, time: 614,994 [ms], path length: 46 [edges], g_F: 23, g_B: 23, generated: {'F': 132,456, 'B': 129,477}, MM: 0, MMPER: -1.0%
[00:00:10:15:508] 
---------- SM_Grids/9x9_grid_with_random_blocks_8per_4 ----------
[00:00:03:42:150] Path of length 48 found: [0, 1, 2, 3, 12, 21, 20, 19, 18, 27, 36, 37, 38, 47, 56, 55, 54, 63, 72, 73, 74, 75, 76, 77, 78, 69, 60, 59, 58, 49, 40, 41, 42, 33, 24, 23, 14, 5, 6, 7, 16, 17, 26, 35, 44, 53, 62, 71, 80]
[00:00:03:42:150] ! Unidirectional s-t. expansions: 21,017, time: 222,150 [ms], path length: 48 [edges], generated: 101,509
[00:00:02:28:527] Path of length 48 found: [80, 71, 62, 53, 44, 43, 34, 25, 26, 17, 8, 7, 6, 5, 14, 23, 32, 41, 50, 51, 60, 69, 78, 77, 76, 75, 74, 73, 72, 63, 54, 55, 56, 57, 48, 39, 38, 37, 36, 27, 18, 19, 20, 21, 12, 3, 2, 1, 0]
[00:00:02:28:527] ! Unidirectional t-s. expansions: 13,633, time: 148,527 [ms], path length: 48 [edges], generated: 69,637
[00:00:02:07:216] Path of length 48 found: [0, 1, 2, 3, 12, 21, 20, 19, 18, 27, 36, 37, 38, 47, 56, 55, 54, 63, 72, 73, 74, 75, 76, 77, 78, 69, 60, 59, 58, 49, 40, 41, 32, 23, 14, 5, 6, 7, 8, 17, 26, 25, 34, 43, 44, 53, 62, 71, 80]
[00:00:02:07:757] ! Bidirectional. expansions: 14,186, time: 127,216 [ms], path length: 48 [edges], g_F: 24, g_B: 24, generated: {'F': 24,867, 'B': 23,484}, MM: 0, MMPER: -1.0%
[00:00:02:07:757] 
---------- SM_Grids/9x9_grid_with_random_blocks_8per_5 ----------
[00:00:01:34:195] Path of length 48 found: [0, 9, 18, 27, 28, 37, 46, 45, 54, 63, 64, 65, 74, 75, 76, 77, 68, 59, 58, 57, 48, 39, 40, 41, 42, 33, 24, 23, 22, 21, 20, 11, 2, 3, 4, 5, 6, 7, 16, 17, 26, 35, 44, 53, 52, 61, 70, 79, 80]
[00:00:01:34:195] ! Unidirectional s-t. expansions: 8,954, time: 94,195 [ms], path length: 48 [edges], generated: 44,261
[00:00:03:00:150] Path of length 48 found: [80, 71, 70, 61, 52, 53, 44, 35, 26, 17, 8, 7, 6, 5, 4, 3, 2, 11, 20, 21, 22, 23, 24, 33, 42, 41, 40, 39, 48, 57, 58, 59, 68, 77, 76, 75, 74, 65, 64, 63, 54, 45, 46, 37, 28, 27, 18, 9, 0]
[00:00:03:00:150] ! Unidirectional t-s. expansions: 14,986, time: 180,150 [ms], path length: 48 [edges], generated: 78,832
[00:00:02:44:753] Path of length 48 found: [0, 9, 18, 27, 28, 37, 46, 45, 54, 63, 64, 65, 74, 75, 76, 77, 68, 59, 58, 57, 48, 39, 40, 41, 42, 33, 24, 23, 22, 21, 20, 11, 2, 3, 4, 5, 6, 7, 8, 17, 26, 35, 44, 53, 52, 61, 70, 71, 80]
[00:00:02:45:271] ! Bidirectional. expansions: 18,106, time: 164,753 [ms], path length: 48 [edges], g_F: 24, g_B: 24, generated: {'F': 32,307, 'B': 31,503}, MM: 0, MMPER: -1.0%
[00:00:02:45:271] 
---------- SM_Grids/9x9_grid_with_random_blocks_8per_6 ----------
[00:00:03:15:678] Path of length 48 found: [0, 9, 18, 27, 36, 37, 38, 29, 20, 11, 2, 3, 4, 13, 22, 23, 24, 15, 6, 7, 8, 17, 26, 35, 34, 43, 42, 41, 40, 49, 48, 57, 56, 55, 54, 63, 72, 73, 74, 75, 76, 67, 68, 59, 60, 61, 70, 79, 80]
[00:00:03:15:678] ! Unidirectional s-t. expansions: 18,574, time: 195,678 [ms], path length: 48 [edges], generated: 87,877
[00:00:03:40:341] Path of length 48 found: [80, 79, 70, 61, 60, 59, 68, 67, 76, 75, 74, 73, 72, 63, 54, 55, 56, 57, 48, 49, 40, 41, 42, 43, 34, 35, 26, 17, 8, 7, 6, 15, 24, 23, 22, 13, 4, 3, 2, 11, 20, 29, 38, 37, 36, 27, 18, 9, 0]
[00:00:03:40:342] ! Unidirectional t-s. expansions: 19,197, time: 220,341 [ms], path length: 48 [edges], generated: 98,815
[00:00:04:13:930] Path of length 48 found: [0, 9, 18, 27, 36, 37, 38, 29, 20, 11, 2, 3, 4, 13, 22, 23, 24, 15, 6, 7, 8, 17, 26, 35, 34, 43, 42, 41, 40, 49, 48, 57, 56, 55, 54, 63, 72, 73, 74, 75, 76, 67, 68, 69, 60, 61, 62, 71, 80]
[00:00:04:14:474] ! Bidirectional. expansions: 31,084, time: 253,930 [ms], path length: 48 [edges], g_F: 24, g_B: 24, generated: {'F': 53,965, 'B': 49,229}, MM: 0, MMPER: -1.0%
[00:00:04:14:474] 
---------- SM_Grids/9x9_grid_with_random_blocks_8per_7 ----------
[00:00:06:13:093] Path of length 48 found: [0, 9, 10, 11, 2, 3, 4, 13, 14, 15, 6, 7, 8, 17, 26, 25, 34, 43, 44, 53, 62, 61, 60, 51, 50, 41, 32, 31, 30, 39, 38, 37, 36, 45, 54, 63, 72, 73, 74, 65, 56, 57, 58, 67, 76, 77, 78, 79, 80]
[00:00:06:13:094] ! Unidirectional s-t. expansions: 32,590, time: 373,093 [ms], path length: 48 [edges], generated: 177,665
[00:00:03:08:968] Path of length 48 found: [80, 79, 78, 77, 68, 67, 58, 57, 56, 65, 74, 73, 72, 63, 54, 45, 46, 37, 38, 29, 30, 31, 40, 41, 50, 51, 60, 61, 62, 53, 44, 43, 34, 25, 26, 17, 8, 7, 6, 15, 14, 13, 4, 3, 2, 11, 10, 9, 0]
[00:00:03:08:969] ! Unidirectional t-s. expansions: 20,291, time: 188,969 [ms], path length: 48 [edges], generated: 94,514
[00:00:04:38:988] Path of length 48 found: [0, 9, 10, 11, 2, 3, 4, 13, 14, 15, 6, 7, 8, 17, 26, 25, 34, 43, 44, 53, 62, 61, 60, 51, 50, 41, 40, 39, 38, 29, 28, 27, 36, 45, 54, 63, 72, 73, 74, 65, 56, 57, 58, 67, 68, 77, 78, 79, 80]
[00:00:04:39:519] ! Bidirectional. expansions: 32,183, time: 278,988 [ms], path length: 48 [edges], g_F: 24, g_B: 24, generated: {'F': 52,910, 'B': 58,875}, MM: 0, MMPER: -1.0%
[00:00:04:39:519] 
---------- SM_Grids/9x9_grid_with_random_blocks_8per_8 ----------
[00:00:00:58:900] Path of length 50 found: [0, 1, 2, 3, 4, 13, 22, 23, 24, 15, 6, 7, 8, 17, 26, 35, 34, 43, 42, 41, 50, 49, 48, 39, 30, 29, 20, 19, 18, 27, 36, 37, 46, 55, 54, 63, 72, 73, 74, 65, 66, 67, 76, 77, 78, 69, 60, 61, 62, 71, 80]
[00:00:00:58:901] ! Unidirectional s-t. expansions: 5,420, time: 58,901 [ms], path length: 50 [edges], generated: 25,479
[00:00:00:55:084] Path of length 50 found: [80, 71, 62, 53, 52, 43, 42, 33, 24, 25, 26, 17, 8, 7, 6, 5, 14, 13, 22, 31, 30, 39, 48, 49, 50, 59, 60, 69, 78, 77, 76, 67, 66, 65, 74, 73, 72, 63, 54, 55, 46, 37, 36, 27, 18, 19, 20, 11, 2, 1, 0]
[00:00:00:55:084] ! Unidirectional t-s. expansions: 5,147, time: 55,084 [ms], path length: 50 [edges], generated: 22,778
[00:00:01:03:007] Path of length 50 found: [0, 9, 18, 27, 36, 37, 46, 55, 54, 63, 72, 73, 74, 65, 66, 67, 76, 77, 78, 69, 60, 59, 50, 49, 48, 39, 30, 29, 20, 11, 2, 3, 4, 13, 22, 23, 24, 15, 6, 7, 8, 17, 26, 35, 34, 43, 52, 53, 62, 71, 80]
[00:00:01:03:516] ! Bidirectional. expansions: 5,928, time: 63,007 [ms], path length: 50 [edges], g_F: 25, g_B: 25, generated: {'F': 10,488, 'B': 10,289}, MM: 0, MMPER: -1.0%
[00:00:01:03:516] 
---------- SM_Grids/9x9_grid_with_random_blocks_8per_9 ----------
[00:00:07:02:416] Valid states checked so far: 200,000, Expansions: 39,438, Global best: 47
[00:00:07:47:807] Path of length 46 found: [0, 9, 18, 27, 36, 45, 54, 55, 64, 73, 74, 75, 66, 67, 68, 59, 60, 51, 42, 33, 24, 23, 22, 31, 40, 49, 48, 47, 38, 29, 20, 11, 2, 3, 4, 5, 6, 7, 16, 17, 26, 35, 44, 53, 62, 71, 80]
[00:00:07:47:807] ! Unidirectional s-t. expansions: 44,297, time: 467,807 [ms], path length: 46 [edges], generated: 224,234
[00:00:02:30:883] Path of length 46 found: [80, 79, 78, 77, 68, 59, 58, 57, 66, 75, 74, 73, 64, 55, 46, 45, 36, 27, 18, 19, 20, 29, 38, 39, 40, 31, 22, 23, 24, 33, 42, 51, 52, 53, 44, 35, 26, 17, 8, 7, 6, 5, 4, 3, 2, 1, 0]
[00:00:02:30:883] ! Unidirectional t-s. expansions: 13,997, time: 150,883 [ms], path length: 46 [edges], generated: 75,438
[00:00:02:21:952] Path of length 46 found: [0, 9, 18, 19, 20, 11, 2, 3, 4, 5, 6, 7, 8, 17, 26, 35, 44, 53, 52, 51, 42, 33, 24, 23, 22, 31, 30, 39, 38, 37, 36, 45, 54, 55, 64, 73, 74, 75, 66, 57, 58, 59, 68, 77, 78, 79, 80]
[00:00:02:22:497] ! Bidirectional. expansions: 15,795, time: 141,952 [ms], path length: 46 [edges], g_F: 23, g_B: 23, generated: {'F': 28,792, 'B': 28,274}, MM: 0, MMPER: -1.0%
[00:00:02:22:497] average expansions: (26,840, 26,532, 28,877, 0)
[00:00:02:22:497] average time: (275,585, 269,516, 250,017, 0)
[00:00:02:22:497] XIDA: 26,532 , 269,516 (expansions , time[ms])
[00:00:02:22:497] BiXIDA: 28,877 , 250,017 (expansions , time[ms])

