--------------------------
date: mazes
number_of_graphs: 10
graph_type: maze
size_of_graphs: [13, 13]
heuristic: bcc_heuristic
snake: False
run_uni: True
run_bi: True
run_multi: False
solution_vertices: []
algorithms: ['IDA']
lookahead: 2
bsd: False
cube_first_dims: 4
cube_buffer_dim: None
backward_sym_generation: False
sym_coil: False
prefix_set: None

---------- mazes/13x13_maze_with_1_open_diamonds_0 ----------
[00:00:05:42:000] Valid states checked so far: 200,000, Expansions: 60,051, Global best: 0
[00:00:08:52:033] Path of length 92 found: [0, 1, 2, 3, 4, 17, 30, 31, 32, 19, 6, 7, 8, 9, 10, 11, 12, 25, 38, 37, 36, 49, 62, 61, 60, 59, 58, 57, 56, 55, 54, 41, 28, 27, 26, 39, 52, 65, 78, 79, 80, 81, 82, 83, 84, 85, 86, 87, 88, 89, 90, 103, 116, 115, 114, 113, 112, 111, 110, 109, 108, 107, 106, 105, 118, 131, 130, 143, 156, 157, 158, 159, 146, 145, 132, 119, 120, 133, 134, 135, 136, 137, 150, 163, 164, 165, 152, 139, 140, 141, 142, 155, 168]
[00:00:08:52:037] ! Unidirectional s-t. expansions: 93,935, time: 532,033 [ms], path length: 92 [edges], generated: 314,984
[00:00:06:07:629] Valid states checked so far: 200,000, Expansions: 59,945, Global best: 61
[00:00:12:21:530] Valid states checked so far: 400,000, Expansions: 121,676, Global best: 61
[00:00:18:30:282] Valid states checked so far: 600,000, Expansions: 183,589, Global best: 61
[00:00:24:23:046] Valid states checked so far: 800,000, Expansions: 245,218, Global best: 61
[00:00:30:30:005] Valid states checked so far: 1,000,000, Expansions: 305,809, Global best: 61
[00:00:36:11:415] Valid states checked so far: 1,200,000, Expansions: 365,970, Global best: 61
[00:00:38:21:185] Path of length 92 found: [168, 155, 142, 141, 140, 139, 152, 165, 164, 163, 150, 137, 136, 135, 134, 133, 120, 119, 132, 145, 146, 159, 158, 157, 156, 143, 130, 131, 118, 105, 106, 107, 108, 109, 110, 111, 112, 113, 114, 115, 116, 103, 90, 89, 88, 87, 86, 85, 84, 83, 82, 81, 80, 79, 78, 65, 52, 39, 26, 27, 28, 41, 54, 55, 56, 57, 58, 59, 60, 61, 62, 63, 64, 51, 38, 25, 12, 11, 10, 9, 8, 7, 6, 19, 32, 31, 30, 17, 4, 3, 2, 1, 0]
[00:00:38:21:190] ! Unidirectional t-s. expansions: 388,116, time: 2,301,185 [ms], path length: 92 [edges], generated: 1,270,400
[00:00:03:39:588] Path of length 92 found: [0, 1, 2, 3, 4, 17, 30, 31, 32, 19, 6, 7, 8, 9, 10, 11, 12, 25, 38, 37, 36, 49, 62, 61, 60, 59, 58, 57, 56, 55, 54, 41, 28, 27, 26, 39, 52, 65, 78, 79, 80, 81, 82, 83, 84, 85, 86, 87, 88, 89, 90, 103, 116, 115, 114, 113, 112, 111, 110, 109, 108, 107, 106, 105, 118, 131, 130, 143, 156, 157, 158, 159, 146, 145, 132, 119, 120, 133, 134, 135, 136, 137, 150, 163, 164, 165, 152, 139, 140, 141, 142, 155, 168]
[00:00:03:39:592] ! Bidirectional. expansions: 54,675, time: 219,589 [ms], path length: 92 [edges], g_F: 46, g_B: 46, generated: {'F': 83,712, 'B': 91,644}, MM: 0, MMPER: -1.0%
[00:00:03:39:593] 
---------- mazes/13x13_maze_with_1_open_diamonds_1 ----------
[00:00:07:47:915] Valid states checked so far: 200,000, Expansions: 57,667, Global best: 0
[00:00:15:16:014] Valid states checked so far: 400,000, Expansions: 120,728, Global best: 0
[00:00:19:27:090] Path of length 90 found: [0, 13, 26, 39, 52, 53, 54, 41, 28, 15, 2, 3, 4, 17, 16, 29, 30, 43, 42, 55, 56, 57, 58, 45, 32, 19, 6, 7, 8, 9, 10, 11, 12, 25, 38, 37, 36, 49, 62, 61, 74, 87, 88, 89, 90, 103, 116, 115, 114, 113, 112, 99, 86, 85, 84, 83, 82, 81, 80, 79, 92, 105, 106, 107, 108, 109, 122, 135, 134, 133, 132, 131, 130, 143, 156, 157, 158, 159, 160, 161, 162, 163, 164, 165, 152, 139, 140, 141, 142, 155, 168]
[00:00:19:27:092] ! Unidirectional s-t. expansions: 158,823, time: 1,167,091 [ms], path length: 90 [edges], generated: 517,147
[00:00:00:20:370] Path of length 90 found: [168, 155, 142, 141, 140, 139, 152, 165, 164, 163, 162, 161, 160, 159, 158, 157, 156, 143, 130, 131, 132, 133, 134, 135, 122, 109, 108, 107, 106, 105, 92, 79, 80, 81, 82, 83, 84, 85, 86, 99, 112, 113, 114, 115, 116, 103, 90, 89, 88, 87, 74, 61, 62, 63, 64, 51, 38, 25, 12, 11, 10, 9, 8, 7, 6, 19, 32, 45, 58, 57, 56, 43, 30, 17, 4, 3, 2, 15, 16, 29, 28, 41, 42, 55, 54, 53, 52, 39, 26, 13, 0]
[00:00:00:20:371] ! Unidirectional t-s. expansions: 3,295, time: 20,370 [ms], path length: 90 [edges], generated: 12,722
[00:00:05:44:909] Path of length 90 found: [0, 13, 26, 39, 52, 53, 54, 41, 28, 15, 2, 3, 4, 17, 16, 29, 30, 43, 42, 55, 56, 57, 58, 45, 32, 19, 6, 7, 8, 9, 10, 11, 12, 25, 38, 37, 36, 49, 62, 61, 74, 87, 88, 89, 90, 103, 116, 115, 114, 113, 112, 99, 86, 85, 84, 83, 82, 81, 80, 79, 92, 105, 106, 107, 108, 109, 122, 135, 134, 133, 132, 131, 130, 143, 156, 157, 158, 159, 160, 161, 162, 163, 164, 165, 152, 139, 140, 141, 142, 155, 168]
[00:00:05:44:914] ! Bidirectional. expansions: 85,136, time: 344,910 [ms], path length: 90 [edges], g_F: 45, g_B: 45, generated: {'F': 132,422, 'B': 96,216}, MM: 0, MMPER: -1.0%
[00:00:05:44:915] 
---------- mazes/13x13_maze_with_1_open_diamonds_2 ----------
[00:00:05:43:211] Valid states checked so far: 200,000, Expansions: 54,942, Global best: 0
[00:00:05:44:032] Path of length 92 found: [0, 1, 2, 3, 4, 17, 30, 43, 56, 55, 54, 41, 28, 27, 26, 39, 52, 65, 78, 79, 80, 81, 82, 83, 70, 57, 58, 45, 32, 19, 6, 7, 8, 9, 10, 11, 12, 25, 38, 37, 36, 49, 62, 61, 60, 59, 72, 71, 84, 85, 98, 99, 86, 87, 88, 89, 90, 103, 116, 115, 114, 113, 112, 111, 110, 97, 96, 109, 122, 135, 134, 133, 132, 131, 130, 143, 156, 157, 158, 159, 160, 161, 162, 163, 164, 165, 152, 139, 140, 141, 142, 155, 168]
[00:00:05:44:036] ! Unidirectional s-t. expansions: 55,034, time: 344,032 [ms], path length: 92 [edges], generated: 200,355
[00:00:05:15:331] Valid states checked so far: 200,000, Expansions: 59,226, Global best: 81
[00:00:05:53:724] Path of length 92 found: [168, 155, 142, 141, 140, 139, 152, 165, 164, 163, 162, 161, 160, 159, 158, 157, 156, 143, 130, 131, 132, 133, 134, 135, 122, 109, 108, 107, 106, 105, 92, 79, 78, 65, 52, 39, 26, 27, 28, 41, 54, 55, 56, 57, 70, 83, 96, 97, 110, 111, 98, 99, 112, 113, 114, 115, 116, 103, 90, 89, 88, 87, 86, 85, 84, 71, 72, 59, 60, 61, 62, 63, 64, 51, 38, 25, 12, 11, 10, 9, 8, 7, 6, 19, 32, 31, 30, 17, 4, 3, 2, 1, 0]
[00:00:05:53:729] ! Unidirectional t-s. expansions: 67,038, time: 353,725 [ms], path length: 92 [edges], generated: 226,049
[00:00:00:19:622] Path of length 92 found: [0, 1, 2, 3, 4, 17, 30, 31, 32, 19, 6, 7, 8, 9, 10, 11, 12, 25, 38, 37, 36, 49, 62, 61, 60, 59, 58, 71, 72, 85, 98, 99, 86, 87, 88, 89, 90, 103, 116, 115, 114, 113, 112, 111, 110, 97, 84, 83, 70, 57, 56, 55, 54, 41, 28, 27, 26, 39, 52, 65, 78, 79, 92, 105, 106, 107, 108, 109, 122, 135, 134, 133, 132, 131, 130, 143, 156, 157, 158, 159, 160, 161, 162, 163, 164, 165, 152, 139, 140, 141, 142, 155, 168]
[00:00:00:19:623] ! Bidirectional. expansions: 5,826, time: 19,622 [ms], path length: 92 [edges], g_F: 46, g_B: 46, generated: {'F': 9,890, 'B': 8,880}, MM: 0, MMPER: -1.0%
[00:00:00:19:624] 
---------- mazes/13x13_maze_with_1_open_diamonds_3 ----------
[00:00:03:42:643] Path of length 90 found: [0, 1, 2, 3, 4, 17, 30, 43, 56, 55, 54, 41, 28, 27, 26, 39, 52, 65, 78, 79, 80, 81, 82, 83, 84, 71, 58, 45, 32, 19, 6, 7, 8, 9, 10, 11, 12, 25, 38, 37, 36, 49, 62, 61, 74, 87, 86, 85, 98, 99, 100, 101, 88, 89, 90, 103, 102, 115, 116, 129, 142, 141, 140, 139, 126, 113, 112, 111, 110, 109, 122, 135, 134, 133, 132, 131, 130, 143, 156, 157, 158, 159, 160, 161, 162, 163, 164, 165, 166, 167, 168]
[00:00:03:42:647] ! Unidirectional s-t. expansions: 37,387, time: 222,643 [ms], path length: 90 [edges], generated: 138,518
[00:00:06:28:403] Valid states checked so far: 200,000, Expansions: 62,498, Global best: 59
[00:00:12:14:659] Valid states checked so far: 400,000, Expansions: 122,856, Global best: 59
[00:00:16:28:088] Path of length 90 found: [168, 167, 166, 165, 164, 163, 162, 161, 160, 159, 158, 157, 156, 143, 130, 131, 132, 133, 134, 135, 122, 109, 108, 107, 106, 105, 92, 79, 78, 65, 52, 39, 26, 27, 28, 41, 54, 55, 56, 57, 58, 71, 84, 85, 98, 111, 112, 113, 126, 139, 140, 141, 142, 129, 116, 103, 90, 89, 102, 115, 114, 101, 100, 99, 86, 87, 74, 61, 62, 63, 64, 51, 38, 25, 12, 11, 10, 9, 8, 7, 6, 19, 32, 31, 30, 17, 4, 3, 2, 1, 0]
[00:00:16:28:090] ! Unidirectional t-s. expansions: 169,711, time: 988,090 [ms], path length: 90 [edges], generated: 555,949
[00:00:03:31:283] Path of length 90 found: [0, 1, 2, 3, 4, 17, 30, 43, 56, 55, 54, 41, 28, 27, 26, 39, 52, 65, 78, 79, 80, 81, 82, 83, 84, 71, 58, 45, 32, 19, 6, 7, 8, 9, 10, 11, 12, 25, 38, 37, 36, 49, 62, 61, 74, 87, 88, 101, 114, 115, 102, 89, 90, 103, 116, 129, 142, 141, 140, 139, 126, 113, 112, 99, 86, 85, 98, 111, 110, 109, 122, 135, 134, 133, 132, 131, 130, 143, 156, 157, 158, 159, 160, 161, 162, 163, 164, 165, 166, 167, 168]
[00:00:03:31:284] ! Bidirectional. expansions: 60,834, time: 211,283 [ms], path length: 90 [edges], g_F: 45, g_B: 45, generated: {'F': 85,442, 'B': 95,023}, MM: 0, MMPER: -1.0%
[00:00:03:31:284] 
---------- mazes/13x13_maze_with_1_open_diamonds_4 ----------
[00:00:04:09:020] Valid states checked so far: 200,000, Expansions: 52,105, Global best: 0
[00:00:06:55:289] Path of length 92 found: [0, 1, 2, 3, 4, 17, 30, 43, 56, 55, 54, 41, 28, 27, 26, 39, 52, 65, 78, 79, 80, 81, 82, 95, 108, 107, 106, 119, 132, 131, 130, 143, 156, 157, 158, 159, 160, 161, 162, 163, 150, 137, 136, 135, 134, 133, 120, 121, 122, 109, 110, 111, 112, 99, 86, 85, 84, 71, 58, 45, 32, 19, 6, 7, 8, 9, 10, 11, 12, 25, 38, 37, 36, 49, 62, 61, 74, 87, 88, 89, 90, 103, 116, 129, 142, 141, 140, 139, 152, 165, 166, 167, 168]
[00:00:06:55:290] ! Unidirectional s-t. expansions: 91,087, time: 415,289 [ms], path length: 92 [edges], generated: 346,346
[00:00:04:16:607] Valid states checked so far: 200,000, Expansions: 58,863, Global best: 61
[00:00:08:22:019] Valid states checked so far: 400,000, Expansions: 118,198, Global best: 61
[00:00:12:17:909] Valid states checked so far: 600,000, Expansions: 176,711, Global best: 61
[00:00:16:10:408] Valid states checked so far: 800,000, Expansions: 235,411, Global best: 81
[00:00:18:00:255] Path of length 92 found: [168, 167, 166, 165, 152, 139, 140, 141, 142, 129, 116, 103, 90, 89, 88, 87, 74, 61, 62, 63, 64, 51, 38, 25, 12, 11, 10, 9, 8, 7, 6, 19, 32, 45, 58, 71, 84, 85, 86, 99, 112, 111, 110, 109, 122, 123, 136, 137, 150, 163, 162, 161, 160, 159, 158, 157, 156, 143, 130, 131, 132, 119, 106, 107, 120, 133, 134, 121, 108, 95, 82, 81, 80, 79, 78, 65, 52, 39, 26, 27, 28, 41, 54, 55, 56, 43, 30, 17, 4, 3, 2, 1, 0]
[00:00:18:00:256] ! Unidirectional t-s. expansions: 263,401, time: 1,080,255 [ms], path length: 92 [edges], generated: 894,723
[00:00:01:44:312] Path of length 92 found: [0, 1, 2, 3, 4, 17, 30, 43, 56, 55, 54, 41, 28, 27, 26, 39, 52, 65, 78, 79, 80, 81, 82, 95, 108, 107, 106, 119, 132, 131, 130, 143, 156, 157, 158, 159, 160, 161, 162, 163, 150, 137, 136, 135, 134, 133, 120, 121, 122, 109, 110, 111, 112, 99, 86, 85, 84, 71, 58, 45, 32, 19, 6, 7, 8, 9, 10, 11, 12, 25, 38, 51, 64, 63, 62, 61, 74, 87, 88, 89, 90, 103, 116, 129, 142, 141, 140, 139, 152, 165, 166, 167, 168]
[00:00:01:44:314] ! Bidirectional. expansions: 40,799, time: 104,312 [ms], path length: 92 [edges], g_F: 46, g_B: 46, generated: {'F': 62,015, 'B': 65,596}, MM: 0, MMPER: -1.0%
[00:00:01:44:314] 
---------- mazes/13x13_maze_with_1_open_diamonds_5 ----------
[00:00:03:49:783] Valid states checked so far: 200,000, Expansions: 56,549, Global best: 0
[00:00:06:35:667] Path of length 92 found: [0, 1, 2, 3, 4, 17, 30, 43, 56, 55, 54, 41, 28, 27, 26, 39, 52, 65, 78, 79, 80, 81, 94, 107, 106, 105, 118, 131, 130, 143, 156, 157, 158, 159, 160, 161, 162, 163, 150, 137, 136, 135, 134, 133, 132, 119, 120, 121, 108, 109, 110, 111, 112, 99, 86, 85, 84, 71, 58, 45, 32, 19, 6, 7, 8, 9, 10, 11, 12, 25, 38, 37, 36, 49, 62, 61, 74, 87, 88, 89, 90, 103, 116, 129, 142, 141, 140, 139, 152, 165, 166, 167, 168]
[00:00:06:35:668] ! Unidirectional s-t. expansions: 103,629, time: 395,667 [ms], path length: 92 [edges], generated: 364,742
[00:00:03:42:155] Valid states checked so far: 200,000, Expansions: 60,328, Global best: 61
[00:00:07:16:766] Valid states checked so far: 400,000, Expansions: 120,604, Global best: 61
[00:00:10:46:667] Valid states checked so far: 600,000, Expansions: 180,806, Global best: 61
[00:00:14:08:544] Path of length 92 found: [168, 167, 166, 165, 152, 139, 140, 141, 142, 129, 116, 103, 90, 89, 88, 87, 74, 61, 62, 63, 64, 51, 38, 25, 12, 11, 10, 9, 8, 7, 6, 19, 32, 45, 58, 71, 84, 85, 86, 99, 112, 111, 110, 109, 108, 121, 122, 135, 136, 137, 150, 163, 162, 161, 160, 159, 158, 157, 156, 143, 130, 131, 118, 105, 106, 119, 132, 133, 120, 107, 94, 81, 80, 79, 78, 65, 52, 39, 26, 27, 28, 41, 54, 55, 56, 43, 30, 17, 4, 3, 2, 1, 0]
[00:00:14:08:545] ! Unidirectional t-s. expansions: 238,843, time: 848,544 [ms], path length: 92 [edges], generated: 795,097
[00:00:01:28:018] Path of length 92 found: [0, 1, 2, 3, 4, 17, 30, 43, 56, 55, 54, 41, 28, 27, 26, 39, 52, 65, 78, 79, 80, 81, 94, 107, 106, 105, 118, 119, 120, 133, 132, 131, 130, 143, 156, 157, 158, 159, 160, 161, 162, 163, 150, 137, 136, 135, 122, 121, 108, 109, 110, 111, 112, 99, 86, 85, 84, 71, 58, 45, 32, 19, 6, 7, 8, 9, 10, 11, 12, 25, 38, 51, 64, 63, 62, 61, 74, 87, 88, 89, 90, 103, 116, 129, 142, 141, 140, 139, 152, 165, 166, 167, 168]
[00:00:01:28:019] ! Bidirectional. expansions: 38,745, time: 88,018 [ms], path length: 92 [edges], g_F: 46, g_B: 46, generated: {'F': 61,143, 'B': 61,903}, MM: 0, MMPER: -1.0%
[00:00:01:28:019] 
---------- mazes/13x13_maze_with_1_open_diamonds_6 ----------
[00:00:02:24:687] Path of length 92 found: [0, 1, 2, 3, 4, 17, 30, 43, 56, 55, 54, 41, 28, 27, 26, 39, 52, 65, 78, 79, 80, 81, 82, 83, 84, 71, 58, 45, 32, 19, 6, 7, 8, 9, 10, 11, 12, 25, 38, 51, 64, 63, 62, 49, 36, 35, 34, 47, 60, 59, 72, 85, 86, 73, 74, 87, 88, 89, 90, 103, 116, 115, 114, 113, 112, 111, 110, 109, 122, 135, 134, 133, 132, 131, 130, 143, 156, 157, 158, 159, 160, 161, 162, 163, 164, 165, 152, 139, 140, 141, 142, 155, 168]
[00:00:02:24:688] ! Unidirectional s-t. expansions: 37,709, time: 144,687 [ms], path length: 92 [edges], generated: 138,586
[00:00:00:54:215] Path of length 92 found: [168, 155, 142, 141, 140, 139, 152, 165, 164, 163, 162, 161, 160, 159, 158, 157, 156, 143, 130, 131, 132, 133, 134, 135, 122, 109, 108, 107, 106, 105, 92, 79, 78, 65, 52, 39, 26, 27, 28, 41, 54, 55, 56, 57, 58, 71, 84, 85, 72, 73, 86, 99, 112, 113, 114, 115, 116, 103, 90, 89, 88, 87, 74, 61, 60, 47, 34, 35, 36, 49, 62, 63, 64, 51, 38, 25, 12, 11, 10, 9, 8, 7, 6, 19, 32, 31, 30, 17, 4, 3, 2, 1, 0]
[00:00:00:54:215] ! Unidirectional t-s. expansions: 17,094, time: 54,215 [ms], path length: 92 [edges], generated: 61,763
[00:00:00:06:067] Path of length 92 found: [0, 1, 2, 3, 4, 17, 30, 43, 56, 55, 54, 41, 28, 27, 26, 39, 52, 65, 78, 79, 80, 81, 82, 83, 84, 71, 58, 45, 32, 19, 6, 7, 8, 9, 10, 11, 12, 25, 38, 51, 64, 63, 62, 49, 36, 35, 34, 47, 60, 59, 72, 85, 86, 87, 74, 75, 88, 89, 90, 103, 116, 115, 114, 113, 112, 111, 110, 109, 122, 135, 134, 133, 132, 131, 130, 143, 156, 157, 158, 159, 160, 161, 162, 163, 164, 165, 152, 139, 140, 141, 142, 155, 168]
[00:00:00:06:068] ! Bidirectional. expansions: 3,040, time: 6,068 [ms], path length: 92 [edges], g_F: 46, g_B: 46, generated: {'F': 4,946, 'B': 4,159}, MM: 0, MMPER: -1.0%
[00:00:00:06:068] 
---------- mazes/13x13_maze_with_1_open_diamonds_7 ----------
[00:00:03:16:992] Path of length 94 found: [0, 1, 2, 3, 4, 17, 30, 31, 32, 19, 6, 7, 20, 21, 8, 9, 10, 11, 12, 25, 38, 51, 64, 63, 62, 49, 36, 35, 34, 33, 46, 47, 60, 61, 74, 87, 88, 89, 90, 103, 116, 115, 114, 113, 112, 99, 86, 85, 84, 71, 58, 57, 56, 55, 54, 41, 28, 27, 26, 39, 52, 65, 78, 79, 92, 105, 106, 107, 108, 109, 122, 135, 134, 133, 132, 131, 130, 143, 156, 157, 158, 159, 160, 161, 162, 163, 164, 165, 152, 139, 140, 141, 142, 155, 168]
[00:00:03:16:992] ! Unidirectional s-t. expansions: 52,600, time: 196,992 [ms], path length: 94 [edges], generated: 176,412
[00:00:00:10:550] Path of length 94 found: [168, 155, 142, 141, 140, 139, 152, 165, 164, 163, 162, 161, 160, 159, 158, 157, 156, 143, 130, 131, 132, 133, 134, 135, 122, 109, 108, 107, 106, 105, 92, 79, 78, 65, 52, 39, 26, 27, 28, 41, 54, 55, 56, 57, 58, 71, 84, 85, 86, 99, 112, 113, 114, 115, 116, 103, 90, 89, 88, 87, 74, 61, 60, 59, 46, 47, 34, 35, 36, 49, 62, 63, 64, 51, 38, 25, 12, 11, 10, 9, 8, 21, 20, 7, 6, 19, 32, 31, 30, 17, 4, 3, 2, 1, 0]
[00:00:00:10:551] ! Unidirectional t-s. expansions: 3,655, time: 10,550 [ms], path length: 94 [edges], generated: 13,975
[00:00:00:18:441] Path of length 94 found: [0, 1, 2, 3, 4, 17, 30, 31, 32, 19, 6, 7, 20, 21, 8, 9, 10, 11, 12, 25, 38, 51, 64, 63, 62, 49, 36, 35, 34, 33, 46, 47, 60, 61, 74, 87, 88, 89, 90, 103, 116, 115, 114, 113, 112, 99, 86, 85, 84, 71, 58, 57, 56, 55, 54, 41, 28, 27, 26, 39, 52, 65, 78, 79, 92, 105, 106, 107, 108, 109, 122, 135, 134, 133, 132, 131, 130, 143, 156, 157, 158, 159, 160, 161, 162, 163, 164, 165, 152, 139, 140, 141, 142, 155, 168]
[00:00:00:18:441] ! Bidirectional. expansions: 8,876, time: 18,441 [ms], path length: 94 [edges], g_F: 47, g_B: 47, generated: {'F': 13,050, 'B': 10,542}, MM: 0, MMPER: -1.0%
[00:00:00:18:441] 
---------- mazes/13x13_maze_with_1_open_diamonds_8 ----------
[00:00:03:17:188] Path of length 94 found: [0, 1, 2, 3, 4, 17, 30, 31, 32, 19, 6, 7, 20, 21, 8, 9, 10, 11, 12, 25, 38, 51, 64, 63, 62, 49, 36, 35, 34, 33, 46, 47, 60, 61, 74, 87, 88, 89, 90, 103, 116, 115, 114, 113, 112, 99, 86, 85, 84, 71, 58, 57, 56, 55, 54, 41, 28, 27, 26, 39, 52, 65, 78, 79, 92, 105, 106, 107, 108, 109, 122, 135, 134, 133, 132, 131, 130, 143, 156, 157, 158, 159, 160, 161, 162, 163, 164, 165, 152, 139, 140, 141, 142, 155, 168]
[00:00:03:17:188] ! Unidirectional s-t. expansions: 52,600, time: 197,188 [ms], path length: 94 [edges], generated: 176,412
[00:00:00:10:525] Path of length 94 found: [168, 155, 142, 141, 140, 139, 152, 165, 164, 163, 162, 161, 160, 159, 158, 157, 156, 143, 130, 131, 132, 133, 134, 135, 122, 109, 108, 107, 106, 105, 92, 79, 78, 65, 52, 39, 26, 27, 28, 41, 54, 55, 56, 57, 58, 71, 84, 85, 86, 99, 112, 113, 114, 115, 116, 103, 90, 89, 88, 87, 74, 61, 60, 59, 46, 47, 34, 35, 36, 49, 62, 63, 64, 51, 38, 25, 12, 11, 10, 9, 8, 21, 20, 7, 6, 19, 32, 31, 30, 17, 4, 3, 2, 1, 0]
[00:00:00:10:526] ! Unidirectional t-s. expansions: 3,655, time: 10,525 [ms], path length: 94 [edges], generated: 13,975
[00:00:00:18:114] Path of length 94 found: [0, 1, 2, 3, 4, 17, 30, 31, 32, 19, 6, 7, 20, 21, 8, 9, 10, 11, 12, 25, 38, 51, 64, 63, 62, 49, 36, 35, 34, 33, 46, 47, 60, 61, 74, 87, 88, 89, 90, 103, 116, 115, 114, 113, 112, 99, 86, 85, 84, 71, 58, 57, 56, 55, 54, 41, 28, 27, 26, 39, 52, 65, 78, 79, 92, 105, 106, 107, 108, 109, 122, 135, 134, 133, 132, 131, 130, 143, 156, 157, 158, 159, 160, 161, 162, 163, 164, 165, 152, 139, 140, 141, 142, 155, 168]
[00:00:00:18:115] ! Bidirectional. expansions: 8,876, time: 18,114 [ms], path length: 94 [edges], g_F: 47, g_B: 47, generated: {'F': 13,050, 'B': 10,542}, MM: 0, MMPER: -1.0%
[00:00:00:18:115] 
---------- mazes/13x13_maze_with_1_open_diamonds_9 ----------
[00:00:03:03:770] Valid states checked so far: 200,000, Expansions: 50,262, Global best: 69
[00:00:04:49:006] Path of length 92 found: [0, 1, 2, 3, 4, 17, 30, 43, 56, 55, 54, 41, 28, 27, 26, 39, 52, 65, 78, 79, 92, 105, 106, 107, 108, 109, 122, 135, 134, 133, 132, 131, 130, 143, 156, 157, 158, 159, 160, 161, 162, 163, 150, 137, 136, 123, 110, 111, 124, 125, 126, 113, 112, 99, 98, 85, 84, 71, 58, 45, 32, 19, 6, 7, 8, 9, 10, 11, 12, 25, 38, 37, 36, 49, 62, 61, 74, 87, 88, 89, 90, 103, 116, 129, 142, 141, 140, 139, 152, 165, 166, 167, 168]
[00:00:04:49:007] ! Unidirectional s-t. expansions: 83,167, time: 289,006 [ms], path length: 92 [edges], generated: 320,143
[00:00:03:41:506] Valid states checked so far: 200,000, Expansions: 64,083, Global best: 61
[00:00:07:14:601] Valid states checked so far: 400,000, Expansions: 129,457, Global best: 61
[00:00:10:41:579] Valid states checked so far: 600,000, Expansions: 193,215, Global best: 61
[00:00:14:05:455] Valid states checked so far: 800,000, Expansions: 256,914, Global best: 61
[00:00:17:26:844] Valid states checked so far: 1,000,000, Expansions: 320,283, Global best: 61
[00:00:20:44:242] Valid states checked so far: 1,200,000, Expansions: 383,535, Global best: 61
[00:00:23:43:401] Valid states checked so far: 1,400,000, Expansions: 444,896, Global best: 61
[00:00:26:41:173] Valid states checked so far: 1,600,000, Expansions: 507,542, Global best: 61
[00:00:29:30:456] Valid states checked so far: 1,800,000, Expansions: 569,075, Global best: 61
[00:00:32:24:735] Valid states checked so far: 2,000,000, Expansions: 631,459, Global best: 81
[00:00:35:11:842] Valid states checked so far: 2,200,000, Expansions: 691,768, Global best: 81
[00:00:37:29:165] Path of length 92 found: [168, 167, 166, 165, 152, 139, 140, 141, 142, 129, 116, 103, 90, 89, 88, 87, 74, 61, 62, 63, 64, 51, 38, 25, 12, 11, 10, 9, 8, 7, 6, 19, 32, 45, 58, 71, 84, 85, 86, 99, 98, 111, 112, 113, 126, 125, 138, 137, 150, 163, 162, 161, 160, 159, 158, 157, 156, 143, 130, 131, 132, 133, 134, 135, 136, 123, 110, 109, 108, 107, 106, 105, 92, 79, 78, 65, 52, 39, 26, 27, 28, 41, 54, 55, 56, 43, 30, 17, 4, 3, 2, 1, 0]
[00:00:37:29:165] ! Unidirectional t-s. expansions: 739,588, time: 2,249,165 [ms], path length: 92 [edges], generated: 2,353,967
[00:00:03:26:440] Path of length 92 found: [0, 1, 2, 3, 4, 17, 30, 43, 56, 55, 54, 41, 28, 27, 26, 39, 52, 65, 78, 79, 92, 105, 106, 107, 108, 109, 122, 123, 136, 135, 134, 133, 132, 131, 130, 143, 156, 157, 158, 159, 160, 161, 162, 163, 150, 137, 124, 125, 126, 113, 112, 111, 98, 99, 86, 85, 84, 71, 58, 45, 32, 19, 6, 7, 8, 9, 10, 11, 12, 25, 38, 51, 64, 63, 62, 61, 74, 87, 88, 89, 90, 103, 116, 129, 142, 141, 140, 139, 152, 165, 166, 167, 168]
[00:00:03:26:442] ! Bidirectional. expansions: 106,132, time: 206,440 [ms], path length: 92 [edges], g_F: 46, g_B: 46, generated: {'F': 172,332, 'B': 170,091}, MM: 0, MMPER: -1.0%
[00:00:03:26:442] average expansions: (76,597, 189,440, 41,294, 0)
[00:00:03:26:442] average time: (390,463, 791,662, 123,680, 0)
[00:00:03:26:442] XIDA: 76,597 , 390,463 (expansions , time[ms])
[00:00:03:26:442] BiXIDA: 41,294 , 123,680 (expansions , time[ms])

