--------------------------
date: mazes
number_of_graphs: 10
graph_type: maze
size_of_graphs: [13, 13]
heuristic: bcc_heuristic
snake: False
run_uni: True
run_bi: True
run_multi: False
solution_vertices: []
algorithms: ['A']
lookahead: 3
bsd: False
cube_first_dims: 4
cube_buffer_dim: None
backward_sym_generation: False
sym_coil: False
prefix_set: None

---------- mazes/13x13_maze_with_1_open_diamonds_0 ----------
[00:00:00:23:965] Expansion 10,000: state None, f=97, g=35
[00:00:00:46:560] Expansion 20,000: state None, f=95, g=20
[00:00:01:07:044] Expansion 30,000: state None, f=93, g=30
[00:00:01:11:445] Path of length 92 found: [0, 1, 2, 3, 4, 17, 30, 31, 32, 19, 6, 7, 8, 9, 10, 11, 12, 25, 38, 37, 36, 49, 62, 61, 60, 59, 58, 57, 56, 55, 54, 41, 28, 27, 26, 39, 52, 65, 78, 79, 80, 81, 82, 83, 84, 85, 86, 87, 88, 89, 90, 103, 116, 115, 114, 113, 112, 111, 110, 109, 122, 135, 134, 133, 132, 119, 120, 107, 106, 105, 118, 131, 130, 143, 156, 157, 144, 145, 146, 159, 160, 161, 162, 163, 164, 165, 152, 139, 140, 141, 142, 155, 168]
[00:00:01:11:446] ! Unidirectional s-t. expansions: 31,360, time: 71,445 [ms], path length: 92 [edges], generated: 47,235
[00:00:00:30:163] Expansion 10,000: state None, f=101, g=28
[00:00:00:55:024] Expansion 20,000: state None, f=99, g=45
[00:00:01:16:563] Expansion 30,000: state None, f=98, g=33
[00:00:01:40:043] Expansion 40,000: state None, f=97, g=38
[00:00:02:01:171] Expansion 50,000: state None, f=96, g=42
[00:00:02:25:592] Expansion 60,000: state None, f=95, g=60
[00:00:02:49:539] Expansion 70,000: state None, f=95, g=23
[00:00:03:08:448] Expansion 80,000: state None, f=94, g=43
[00:00:03:33:224] Expansion 90,000: state None, f=94, g=31
[00:00:03:51:623] Expansion 100,000: state None, f=93, g=45
[00:00:04:16:049] Path of length 92 found: [168, 155, 142, 141, 140, 139, 152, 165, 164, 163, 150, 137, 136, 135, 134, 133, 146, 159, 158, 157, 156, 143, 130, 131, 144, 145, 132, 119, 118, 105, 106, 107, 108, 109, 110, 111, 112, 113, 114, 115, 116, 103, 90, 89, 88, 87, 86, 85, 84, 83, 82, 81, 80, 79, 78, 65, 52, 39, 26, 27, 28, 41, 54, 55, 56, 57, 58, 59, 60, 61, 62, 63, 64, 51, 38, 25, 12, 11, 10, 9, 8, 7, 6, 19, 32, 31, 30, 17, 4, 3, 2, 1, 0]
[00:00:04:16:051] ! Unidirectional t-s. expansions: 108,294, time: 256,049 [ms], path length: 92 [edges], generated: 154,445
[00:00:00:46:886] Path of length 92 found: [0, 1, 2, 3, 4, 17, 30, 31, 32, 19, 6, 7, 8, 9, 10, 11, 12, 25, 38, 37, 36, 49, 62, 61, 60, 59, 58, 57, 56, 55, 54, 41, 28, 27, 26, 39, 52, 65, 78, 79, 80, 81, 82, 83, 84, 85, 86, 87, 88, 89, 90, 103, 116, 115, 114, 113, 112, 111, 110, 109, 122, 135, 134, 133, 120, 107, 106, 105, 118, 119, 132, 145, 144, 131, 130, 143, 156, 157, 158, 159, 160, 161, 162, 163, 164, 165, 152, 139, 140, 141, 142, 155, 168]
[00:00:00:46:898] ! Bidirectional. expansions: 4,508, time: 46,893 [ms], path length: 92 [edges], g_F: 55, g_B: 37, generated: {'F': 18,716, 'B': 12,943}, MM: 18, MMPER: 18.35483870967742%
[00:00:00:46:902] 
---------- mazes/13x13_maze_with_1_open_diamonds_1 ----------
[00:00:00:26:526] Expansion 10,000: state None, f=98, g=40
[00:00:01:12:300] Expansion 20,000: state None, f=95, g=36
[00:00:01:34:062] Expansion 30,000: state None, f=93, g=35
[00:00:01:55:565] Expansion 40,000: state None, f=92, g=23
[00:00:02:12:757] Expansion 50,000: state None, f=91, g=30
[00:00:02:19:231] Path of length 90 found: [0, 1, 2, 15, 28, 27, 26, 39, 52, 53, 54, 41, 42, 29, 16, 3, 4, 17, 30, 43, 56, 57, 58, 45, 32, 19, 6, 7, 8, 9, 10, 11, 12, 25, 38, 37, 36, 49, 62, 61, 74, 87, 88, 89, 90, 103, 116, 115, 114, 113, 112, 99, 86, 85, 84, 83, 82, 81, 80, 79, 92, 105, 106, 107, 108, 109, 122, 135, 134, 133, 132, 131, 130, 143, 156, 157, 158, 159, 160, 161, 162, 163, 164, 165, 152, 139, 140, 141, 142, 155, 168]
[00:00:02:19:233] ! Unidirectional s-t. expansions: 51,200, time: 139,231 [ms], path length: 90 [edges], generated: 69,643
[00:00:00:03:129] Path of length 90 found: [168, 155, 142, 141, 140, 139, 152, 165, 164, 163, 162, 161, 160, 159, 158, 157, 156, 143, 130, 131, 132, 133, 134, 135, 122, 109, 108, 107, 106, 105, 92, 79, 80, 81, 82, 83, 84, 85, 86, 99, 112, 113, 114, 115, 116, 103, 90, 89, 88, 87, 74, 61, 62, 63, 64, 51, 38, 25, 12, 11, 10, 9, 8, 7, 6, 19, 32, 45, 58, 57, 56, 43, 30, 17, 4, 3, 16, 29, 42, 55, 54, 53, 52, 39, 26, 27, 28, 15, 2, 1, 0]
[00:00:00:03:130] ! Unidirectional t-s. expansions: 1,607, time: 3,129 [ms], path length: 90 [edges], generated: 2,500
[00:00:01:32:696] Expansion 10,000: F [0, 13, 26, 27, 28, 15, 16, 29, 30, 31, 32, 19, 6, 7, 8, 9, 10, 11, 12, 25, 38, 37, 36, 49, 62, 61, 74, 87, 88, 89, 90, 103, 116, 115, 114], B [168, 155, 142, 141, 140, 139, 152, 165, 164, 163, 162, 161, 160, 159, 158, 157, 156, 143, 130, 131, 132, 133, 134, 135], f=91, g=57
[00:00:01:44:406] Path of length 90 found: [0, 1, 2, 3, 4, 17, 16, 15, 28, 27, 26, 39, 52, 53, 54, 41, 42, 29, 30, 43, 56, 57, 58, 45, 32, 19, 6, 7, 8, 9, 10, 11, 12, 25, 38, 37, 36, 49, 62, 61, 74, 87, 88, 89, 90, 103, 116, 115, 114, 113, 112, 99, 86, 85, 84, 83, 82, 81, 80, 79, 92, 105, 106, 107, 108, 109, 122, 135, 134, 133, 132, 131, 130, 143, 156, 157, 158, 159, 160, 161, 162, 163, 164, 165, 152, 139, 140, 141, 142, 155, 168]
[00:00:01:44:410] ! Bidirectional. expansions: 11,671, time: 104,406 [ms], path length: 90 [edges], g_F: 58, g_B: 32, generated: {'F': 40,754, 'B': 19,265}, MM: 26, MMPER: 27.571428571428573%
[00:00:01:44:411] 
---------- mazes/13x13_maze_with_1_open_diamonds_2 ----------
[00:00:00:25:634] Expansion 10,000: state None, f=96, g=47
[00:00:00:46:725] Expansion 20,000: state None, f=94, g=34
[00:00:01:05:539] Path of length 92 found: [0, 1, 2, 3, 4, 17, 30, 43, 56, 55, 54, 41, 28, 27, 26, 39, 52, 65, 78, 79, 80, 81, 82, 83, 70, 57, 58, 45, 32, 19, 6, 7, 8, 9, 10, 11, 12, 25, 38, 37, 36, 49, 62, 61, 60, 59, 72, 71, 84, 85, 86, 87, 88, 89, 90, 103, 116, 115, 114, 113, 112, 99, 98, 111, 110, 97, 96, 109, 122, 135, 134, 133, 132, 131, 130, 143, 156, 157, 158, 159, 160, 161, 162, 163, 164, 165, 152, 139, 140, 141, 142, 155, 168]
[00:00:01:05:542] ! Unidirectional s-t. expansions: 29,438, time: 65,539 [ms], path length: 92 [edges], generated: 44,753
[00:00:00:23:847] Expansion 10,000: state None, f=96, g=49
[00:00:00:42:559] Expansion 20,000: state None, f=94, g=44
[00:00:00:53:584] Path of length 92 found: [168, 155, 142, 141, 140, 139, 152, 165, 164, 163, 162, 161, 160, 159, 158, 157, 156, 143, 130, 131, 132, 133, 134, 135, 122, 109, 110, 111, 112, 113, 114, 115, 116, 103, 90, 89, 88, 87, 86, 99, 98, 85, 72, 59, 60, 61, 62, 63, 64, 51, 38, 25, 12, 11, 10, 9, 8, 7, 6, 19, 32, 45, 58, 57, 70, 71, 84, 97, 96, 83, 82, 81, 80, 79, 78, 65, 52, 39, 26, 27, 28, 41, 54, 55, 56, 43, 30, 17, 4, 3, 2, 1, 0]
[00:00:00:53:588] ! Unidirectional t-s. expansions: 25,254, time: 53,584 [ms], path length: 92 [edges], generated: 36,149
[00:00:00:13:414] Path of length 92 found: [0, 1, 2, 3, 4, 17, 30, 31, 32, 19, 6, 7, 8, 9, 10, 11, 12, 25, 38, 37, 36, 49, 62, 61, 60, 59, 72, 71, 84, 85, 98, 99, 86, 87, 88, 89, 90, 103, 116, 115, 114, 113, 112, 111, 110, 97, 96, 83, 70, 57, 56, 55, 54, 41, 28, 27, 26, 39, 52, 65, 78, 79, 92, 105, 106, 107, 108, 109, 122, 135, 134, 133, 132, 131, 130, 143, 156, 157, 158, 159, 160, 161, 162, 163, 164, 165, 152, 139, 140, 141, 142, 155, 168]
[00:00:00:13:419] ! Bidirectional. expansions: 1,756, time: 13,414 [ms], path length: 92 [edges], g_F: 55, g_B: 37, generated: {'F': 7,182, 'B': 5,041}, MM: 18, MMPER: 18.35483870967742%
[00:00:00:13:420] 
---------- mazes/13x13_maze_with_1_open_diamonds_3 ----------
[00:00:00:28:363] Expansion 10,000: state None, f=92, g=56
[00:00:00:48:732] Expansion 20,000: state None, f=91, g=34
[00:00:00:49:956] Path of length 90 found: [0, 1, 2, 3, 4, 17, 30, 31, 32, 19, 6, 7, 8, 9, 10, 11, 12, 25, 38, 37, 36, 49, 62, 61, 60, 59, 58, 57, 56, 55, 54, 41, 28, 27, 26, 39, 52, 65, 78, 79, 80, 81, 82, 83, 84, 85, 86, 87, 88, 89, 90, 103, 116, 129, 142, 141, 140, 139, 126, 113, 114, 115, 102, 101, 100, 99, 98, 111, 110, 109, 122, 135, 134, 133, 132, 131, 130, 143, 156, 157, 158, 159, 160, 161, 162, 163, 164, 165, 166, 167, 168]
[00:00:00:49:958] ! Unidirectional s-t. expansions: 20,438, time: 49,956 [ms], path length: 90 [edges], generated: 31,641
[00:00:00:31:007] Expansion 10,000: state None, f=98, g=58
[00:00:00:53:531] Expansion 20,000: state None, f=95, g=59
[00:00:01:12:026] Expansion 30,000: state None, f=93, g=58
[00:00:01:31:032] Expansion 40,000: state None, f=92, g=39
[00:00:01:50:628] Path of length 90 found: [168, 167, 166, 165, 164, 163, 162, 161, 160, 159, 158, 157, 156, 143, 130, 131, 132, 133, 134, 135, 122, 109, 110, 111, 98, 85, 86, 99, 112, 113, 126, 139, 140, 141, 142, 129, 116, 115, 114, 101, 102, 103, 90, 89, 88, 87, 74, 61, 62, 63, 64, 51, 38, 25, 12, 11, 10, 9, 8, 7, 6, 19, 32, 45, 58, 71, 84, 83, 82, 81, 80, 79, 78, 65, 52, 39, 26, 27, 28, 41, 54, 55, 56, 43, 30, 17, 4, 3, 2, 1, 0]
[00:00:01:50:630] ! Unidirectional t-s. expansions: 49,827, time: 110,628 [ms], path length: 90 [edges], generated: 71,852
[00:00:01:22:646] Path of length 90 found: [0, 1, 2, 3, 4, 17, 30, 31, 32, 19, 6, 7, 8, 9, 10, 11, 12, 25, 38, 37, 36, 49, 62, 61, 74, 87, 88, 89, 90, 103, 102, 115, 116, 129, 142, 141, 140, 139, 126, 113, 114, 101, 100, 99, 112, 111, 98, 85, 84, 71, 58, 57, 56, 55, 54, 41, 28, 27, 26, 39, 52, 65, 78, 79, 92, 105, 106, 107, 108, 109, 122, 135, 134, 133, 132, 131, 130, 143, 156, 157, 158, 159, 160, 161, 162, 163, 164, 165, 166, 167, 168]
[00:00:01:22:650] ! Bidirectional. expansions: 7,173, time: 82,646 [ms], path length: 90 [edges], g_F: 58, g_B: 32, generated: {'F': 29,758, 'B': 20,579}, MM: 26, MMPER: 27.571428571428573%
[00:00:01:22:651] 
---------- mazes/13x13_maze_with_1_open_diamonds_4 ----------
[00:00:00:26:583] Expansion 10,000: state None, f=97, g=59
[00:00:00:49:015] Expansion 20,000: state None, f=95, g=25
[00:00:01:08:087] Expansion 30,000: state None, f=93, g=51
[00:00:01:16:630] Path of length 92 found: [0, 1, 2, 3, 4, 17, 30, 31, 32, 19, 6, 7, 8, 9, 10, 11, 12, 25, 38, 37, 36, 49, 62, 61, 60, 59, 58, 57, 56, 55, 54, 41, 28, 27, 26, 39, 52, 65, 78, 79, 80, 81, 82, 83, 84, 85, 86, 87, 88, 89, 90, 103, 116, 115, 114, 113, 112, 111, 110, 109, 108, 107, 106, 119, 132, 131, 130, 143, 156, 157, 158, 159, 160, 147, 134, 133, 120, 121, 122, 123, 136, 137, 150, 163, 164, 165, 152, 139, 140, 141, 142, 155, 168]
[00:00:01:16:634] ! Unidirectional s-t. expansions: 33,578, time: 76,630 [ms], path length: 92 [edges], generated: 51,823
[00:00:00:31:055] Expansion 10,000: state None, f=101, g=32
[00:00:00:55:228] Expansion 20,000: state None, f=99, g=33
[00:00:01:17:895] Expansion 30,000: state None, f=97, g=50
[00:00:01:39:692] Expansion 40,000: state None, f=96, g=45
[00:00:02:01:615] Expansion 50,000: state None, f=95, g=38
[00:00:02:21:093] Expansion 60,000: state None, f=94, g=63
[00:00:02:45:065] Expansion 70,000: state None, f=93, g=77
[00:00:03:03:782] Expansion 80,000: state None, f=93, g=34
[00:00:03:10:273] Path of length 92 found: [168, 167, 166, 165, 152, 139, 140, 141, 142, 129, 116, 103, 90, 89, 88, 87, 74, 61, 62, 63, 64, 51, 38, 25, 12, 11, 10, 9, 8, 7, 6, 19, 32, 45, 58, 71, 84, 85, 86, 99, 112, 111, 110, 123, 136, 137, 150, 163, 162, 161, 160, 159, 158, 157, 156, 143, 130, 131, 132, 119, 106, 107, 120, 133, 134, 135, 122, 109, 108, 95, 82, 81, 80, 79, 78, 65, 52, 39, 26, 27, 28, 41, 54, 55, 56, 43, 30, 17, 4, 3, 2, 1, 0]
[00:00:03:10:275] ! Unidirectional t-s. expansions: 82,439, time: 190,273 [ms], path length: 92 [edges], generated: 118,601
[00:00:01:12:161] Path of length 92 found: [0, 1, 2, 3, 4, 17, 30, 31, 32, 19, 6, 7, 8, 9, 10, 11, 12, 25, 38, 37, 36, 49, 62, 61, 60, 59, 58, 57, 56, 55, 54, 41, 28, 27, 26, 39, 52, 65, 78, 79, 92, 105, 106, 107, 120, 119, 132, 131, 130, 143, 156, 157, 158, 159, 160, 147, 134, 121, 122, 109, 108, 95, 82, 83, 84, 85, 86, 87, 88, 89, 90, 103, 116, 115, 114, 113, 112, 111, 110, 123, 136, 137, 150, 163, 164, 165, 152, 139, 140, 141, 142, 155, 168]
[00:00:01:12:202] ! Bidirectional. expansions: 6,600, time: 72,161 [ms], path length: 92 [edges], g_F: 57, g_B: 35, generated: {'F': 27,948, 'B': 16,587}, MM: 22, MMPER: 22.655913978494624%
[00:00:01:12:203] 
---------- mazes/13x13_maze_with_1_open_diamonds_5 ----------
[00:00:00:25:547] Expansion 10,000: state None, f=98, g=46
[00:00:00:47:104] Expansion 20,000: state None, f=95, g=60
[00:00:01:06:908] Expansion 30,000: state None, f=93, g=71
[00:00:01:20:703] Path of length 92 found: [0, 1, 2, 3, 4, 17, 30, 31, 32, 19, 6, 7, 8, 9, 10, 11, 12, 25, 38, 37, 36, 49, 62, 61, 60, 59, 58, 57, 56, 55, 54, 41, 28, 27, 26, 39, 52, 65, 78, 79, 80, 81, 82, 83, 84, 85, 86, 87, 88, 89, 90, 103, 116, 115, 114, 113, 112, 111, 110, 109, 108, 107, 106, 105, 118, 131, 130, 143, 156, 157, 158, 159, 146, 133, 132, 119, 120, 121, 122, 135, 136, 137, 150, 163, 164, 165, 152, 139, 140, 141, 142, 155, 168]
[00:00:01:20:708] ! Unidirectional s-t. expansions: 36,899, time: 80,703 [ms], path length: 92 [edges], generated: 55,900
[00:00:00:31:518] Expansion 10,000: state None, f=100, g=50
[00:00:00:54:405] Expansion 20,000: state None, f=98, g=49
[00:00:01:17:991] Expansion 30,000: state None, f=97, g=24
[00:00:01:39:554] Expansion 40,000: state None, f=96, g=31
[00:00:02:01:307] Expansion 50,000: state None, f=95, g=17
[00:00:02:20:940] Expansion 60,000: state None, f=94, g=42
[00:00:02:43:769] Expansion 70,000: state None, f=93, g=50
[00:00:03:01:196] Path of length 92 found: [168, 167, 166, 165, 152, 139, 140, 141, 142, 129, 116, 103, 90, 89, 88, 87, 74, 61, 62, 63, 64, 51, 38, 25, 12, 11, 10, 9, 8, 7, 6, 19, 32, 45, 58, 71, 84, 85, 86, 99, 112, 111, 110, 109, 122, 135, 136, 137, 150, 163, 162, 161, 160, 159, 158, 157, 156, 143, 130, 131, 118, 105, 106, 119, 132, 133, 134, 121, 108, 107, 94, 81, 80, 79, 78, 65, 52, 39, 26, 27, 28, 41, 54, 55, 56, 43, 30, 17, 4, 3, 2, 1, 0]
[00:00:03:01:198] ! Unidirectional t-s. expansions: 77,684, time: 181,196 [ms], path length: 92 [edges], generated: 112,634
[00:00:01:17:599] Path of length 92 found: [0, 1, 2, 3, 4, 17, 30, 31, 32, 19, 6, 7, 8, 9, 10, 11, 12, 25, 38, 37, 36, 49, 62, 61, 60, 59, 58, 57, 56, 55, 54, 41, 28, 27, 26, 39, 52, 65, 78, 79, 92, 105, 106, 119, 118, 131, 130, 143, 156, 157, 158, 159, 146, 133, 134, 121, 108, 107, 94, 81, 82, 83, 84, 85, 86, 87, 88, 89, 90, 103, 116, 115, 114, 113, 112, 111, 110, 109, 122, 135, 136, 137, 150, 163, 164, 165, 152, 139, 140, 141, 142, 155, 168]
[00:00:01:17:604] ! Bidirectional. expansions: 6,912, time: 77,599 [ms], path length: 92 [edges], g_F: 56, g_B: 36, generated: {'F': 28,847, 'B': 17,870}, MM: 20, MMPER: 20.50537634408602%
[00:00:01:17:606] 
---------- mazes/13x13_maze_with_1_open_diamonds_6 ----------
[00:00:00:25:214] Expansion 10,000: state None, f=95, g=31
[00:00:00:44:233] Path of length 92 found: [0, 1, 2, 3, 4, 17, 30, 43, 56, 55, 54, 41, 28, 27, 26, 39, 52, 65, 78, 79, 80, 81, 82, 83, 84, 71, 58, 45, 32, 19, 6, 7, 8, 9, 10, 11, 12, 25, 38, 51, 64, 63, 62, 49, 36, 35, 34, 47, 60, 59, 72, 85, 86, 73, 74, 87, 88, 89, 90, 103, 116, 115, 114, 113, 112, 111, 110, 109, 122, 135, 134, 133, 132, 131, 130, 143, 156, 157, 158, 159, 160, 161, 162, 163, 164, 165, 152, 139, 140, 141, 142, 155, 168]
[00:00:00:44:249] ! Unidirectional s-t. expansions: 19,096, time: 44,243 [ms], path length: 92 [edges], generated: 28,635
[00:00:00:15:245] Path of length 92 found: [168, 155, 142, 141, 140, 139, 152, 165, 164, 163, 162, 161, 160, 159, 158, 157, 156, 143, 130, 131, 132, 133, 134, 135, 122, 109, 110, 111, 112, 113, 114, 115, 116, 103, 90, 89, 88, 75, 74, 87, 86, 73, 60, 47, 34, 35, 36, 49, 62, 63, 64, 51, 38, 25, 12, 11, 10, 9, 8, 7, 6, 19, 32, 45, 58, 59, 72, 85, 84, 83, 82, 81, 80, 79, 78, 65, 52, 39, 26, 27, 28, 41, 54, 55, 56, 43, 30, 17, 4, 3, 2, 1, 0]
[00:00:00:15:251] ! Unidirectional t-s. expansions: 7,299, time: 15,245 [ms], path length: 92 [edges], generated: 10,743
[00:00:00:13:349] Path of length 92 found: [0, 1, 2, 3, 4, 17, 30, 31, 32, 19, 6, 7, 8, 9, 10, 11, 12, 25, 38, 51, 64, 63, 62, 49, 36, 35, 34, 47, 60, 59, 72, 71, 58, 57, 56, 55, 54, 41, 28, 27, 26, 39, 52, 65, 78, 79, 80, 81, 82, 83, 84, 85, 86, 73, 74, 87, 88, 89, 90, 103, 116, 115, 114, 113, 112, 111, 110, 109, 122, 135, 134, 133, 132, 131, 130, 143, 156, 157, 158, 159, 160, 161, 162, 163, 164, 165, 152, 139, 140, 141, 142, 155, 168]
[00:00:00:13:356] ! Bidirectional. expansions: 1,650, time: 13,349 [ms], path length: 92 [edges], g_F: 57, g_B: 35, generated: {'F': 6,421, 'B': 3,486}, MM: 22, MMPER: 22.655913978494624%
[00:00:00:13:362] 
---------- mazes/13x13_maze_with_1_open_diamonds_7 ----------
[00:00:00:24:016] Expansion 10,000: state None, f=97, g=44
[00:00:00:45:617] Expansion 20,000: state None, f=95, g=19
[00:00:00:46:913] Path of length 94 found: [0, 1, 2, 3, 4, 17, 30, 31, 32, 19, 6, 7, 8, 9, 10, 11, 12, 25, 38, 51, 64, 63, 62, 49, 36, 35, 34, 21, 20, 33, 46, 47, 60, 61, 74, 87, 88, 89, 90, 103, 116, 115, 114, 113, 112, 99, 86, 85, 84, 71, 58, 57, 56, 55, 54, 41, 28, 27, 26, 39, 52, 65, 78, 79, 92, 105, 106, 107, 108, 109, 122, 135, 134, 133, 132, 131, 130, 143, 156, 157, 158, 159, 160, 161, 162, 163, 164, 165, 152, 139, 140, 141, 142, 155, 168]
[00:00:00:46:916] ! Unidirectional s-t. expansions: 20,475, time: 46,913 [ms], path length: 94 [edges], generated: 28,904
[00:00:00:02:557] Path of length 94 found: [168, 155, 142, 141, 140, 139, 152, 165, 164, 163, 162, 161, 160, 159, 158, 157, 156, 143, 130, 131, 132, 133, 134, 135, 122, 109, 108, 107, 106, 105, 92, 79, 78, 65, 52, 39, 26, 27, 28, 41, 54, 55, 56, 57, 58, 71, 84, 85, 86, 99, 112, 113, 114, 115, 116, 103, 90, 89, 88, 87, 74, 61, 60, 59, 46, 47, 34, 35, 36, 49, 62, 63, 64, 51, 38, 25, 12, 11, 10, 9, 8, 21, 20, 7, 6, 19, 32, 31, 30, 17, 4, 3, 2, 1, 0]
[00:00:00:02:558] ! Unidirectional t-s. expansions: 1,663, time: 2,557 [ms], path length: 94 [edges], generated: 2,602
[00:00:00:23:660] Path of length 94 found: [0, 1, 2, 3, 4, 17, 30, 31, 32, 19, 6, 7, 20, 21, 8, 9, 10, 11, 12, 25, 38, 51, 64, 63, 62, 49, 36, 35, 34, 33, 46, 47, 60, 61, 74, 87, 88, 89, 90, 103, 116, 115, 114, 113, 112, 99, 86, 85, 84, 71, 58, 57, 56, 55, 54, 41, 28, 27, 26, 39, 52, 65, 78, 79, 92, 105, 106, 107, 108, 109, 122, 135, 134, 133, 132, 131, 130, 143, 156, 157, 158, 159, 160, 161, 162, 163, 164, 165, 152, 139, 140, 141, 142, 155, 168]
[00:00:00:23:662] ! Bidirectional. expansions: 2,975, time: 23,661 [ms], path length: 94 [edges], g_F: 59, g_B: 35, generated: {'F': 10,575, 'B': 5,788}, MM: 24, MMPER: 24.263157894736842%
[00:00:00:23:662] 
---------- mazes/13x13_maze_with_1_open_diamonds_8 ----------
[00:00:00:23:112] Expansion 10,000: state None, f=97, g=44
[00:00:00:44:565] Expansion 20,000: state None, f=95, g=19
[00:00:00:45:910] Path of length 94 found: [0, 1, 2, 3, 4, 17, 30, 31, 32, 19, 6, 7, 8, 9, 10, 11, 12, 25, 38, 51, 64, 63, 62, 49, 36, 35, 34, 21, 20, 33, 46, 47, 60, 61, 74, 87, 88, 89, 90, 103, 116, 115, 114, 113, 112, 99, 86, 85, 84, 71, 58, 57, 56, 55, 54, 41, 28, 27, 26, 39, 52, 65, 78, 79, 92, 105, 106, 107, 108, 109, 122, 135, 134, 133, 132, 131, 130, 143, 156, 157, 158, 159, 160, 161, 162, 163, 164, 165, 152, 139, 140, 141, 142, 155, 168]
[00:00:00:45:912] ! Unidirectional s-t. expansions: 20,475, time: 45,910 [ms], path length: 94 [edges], generated: 28,904
[00:00:00:05:667] Path of length 94 found: [168, 155, 142, 141, 140, 139, 152, 165, 164, 163, 162, 161, 160, 159, 158, 157, 156, 143, 130, 131, 132, 133, 134, 135, 122, 109, 108, 107, 106, 105, 92, 79, 78, 65, 52, 39, 26, 27, 28, 41, 54, 55, 56, 57, 58, 71, 84, 85, 86, 99, 112, 113, 114, 115, 116, 103, 90, 89, 88, 87, 74, 61, 60, 59, 46, 47, 34, 35, 36, 49, 62, 63, 64, 51, 38, 25, 12, 11, 10, 9, 8, 21, 20, 7, 6, 19, 32, 31, 30, 17, 4, 3, 2, 1, 0]
[00:00:00:05:669] ! Unidirectional t-s. expansions: 1,663, time: 5,668 [ms], path length: 94 [edges], generated: 2,602
[00:00:00:21:286] Path of length 94 found: [0, 1, 2, 3, 4, 17, 30, 31, 32, 19, 6, 7, 20, 21, 8, 9, 10, 11, 12, 25, 38, 51, 64, 63, 62, 49, 36, 35, 34, 33, 46, 47, 60, 61, 74, 87, 88, 89, 90, 103, 116, 115, 114, 113, 112, 99, 86, 85, 84, 71, 58, 57, 56, 55, 54, 41, 28, 27, 26, 39, 52, 65, 78, 79, 92, 105, 106, 107, 108, 109, 122, 135, 134, 133, 132, 131, 130, 143, 156, 157, 158, 159, 160, 161, 162, 163, 164, 165, 152, 139, 140, 141, 142, 155, 168]
[00:00:00:21:288] ! Bidirectional. expansions: 2,975, time: 21,286 [ms], path length: 94 [edges], g_F: 59, g_B: 35, generated: {'F': 10,575, 'B': 5,788}, MM: 24, MMPER: 24.263157894736842%
[00:00:00:21:288] 
---------- mazes/13x13_maze_with_1_open_diamonds_9 ----------
[00:00:00:24:846] Expansion 10,000: state None, f=96, g=74
[00:00:00:43:160] Expansion 20,000: state None, f=95, g=42
[00:00:00:57:935] Expansion 30,000: state None, f=94, g=57
[00:00:01:13:774] Expansion 40,000: state None, f=93, g=60
[00:00:01:28:032] Path of length 92 found: [0, 1, 2, 3, 4, 17, 30, 31, 32, 19, 6, 7, 8, 9, 10, 11, 12, 25, 38, 37, 36, 49, 62, 61, 74, 87, 88, 89, 90, 103, 116, 115, 114, 113, 126, 125, 112, 111, 98, 99, 86, 85, 84, 71, 58, 57, 56, 55, 54, 41, 28, 27, 26, 39, 52, 65, 78, 79, 92, 105, 106, 107, 108, 109, 110, 123, 124, 137, 136, 135, 134, 133, 132, 131, 130, 143, 156, 157, 158, 159, 160, 161, 162, 163, 164, 165, 152, 139, 140, 141, 142, 155, 168]
[00:00:01:28:034] ! Unidirectional s-t. expansions: 46,531, time: 88,032 [ms], path length: 92 [edges], generated: 70,258
[00:00:00:29:742] Expansion 10,000: state None, f=105, g=30
[00:00:00:50:762] Expansion 20,000: state None, f=103, g=54
[00:00:01:11:065] Expansion 30,000: state None, f=102, g=42
[00:00:01:32:336] Expansion 40,000: state None, f=101, g=48
[00:00:01:52:066] Expansion 50,000: state None, f=100, g=42
[00:00:02:13:054] Expansion 60,000: state None, f=99, g=56
[00:00:02:30:897] Expansion 70,000: state None, f=98, g=59
[00:00:02:52:215] Expansion 80,000: state None, f=98, g=36
[00:00:03:13:131] Expansion 90,000: state None, f=97, g=53
[00:00:03:29:728] Expansion 100,000: state None, f=96, g=57
[00:00:03:45:224] Expansion 110,000: state None, f=96, g=49
[00:00:04:09:082] Expansion 120,000: state None, f=95, g=69
[00:00:04:23:883] Expansion 130,000: state None, f=95, g=51
[00:00:04:41:947] Expansion 140,000: state None, f=94, g=75
[00:00:04:59:200] Expansion 150,000: state None, f=94, g=65
[00:00:05:13:650] Expansion 160,000: state None, f=94, g=60
[00:00:05:33:353] Expansion 170,000: state None, f=94, g=32
[00:00:05:48:924] Expansion 180,000: state None, f=93, g=63
[00:00:06:09:653] Expansion 190,000: state None, f=93, g=50
[00:00:06:28:233] Path of length 92 found: [168, 155, 142, 141, 140, 139, 152, 165, 164, 163, 162, 161, 160, 159, 158, 157, 156, 143, 130, 131, 132, 133, 134, 135, 122, 109, 110, 123, 136, 137, 138, 125, 124, 111, 98, 85, 86, 99, 112, 113, 114, 115, 116, 103, 90, 89, 88, 87, 74, 61, 62, 63, 64, 51, 38, 25, 12, 11, 10, 9, 8, 7, 6, 19, 32, 45, 58, 71, 84, 83, 82, 81, 80, 79, 78, 65, 52, 39, 26, 27, 28, 41, 54, 55, 56, 43, 30, 17, 4, 3, 2, 1, 0]
[00:00:06:28:235] ! Unidirectional t-s. expansions: 198,275, time: 388,233 [ms], path length: 92 [edges], generated: 276,295
[00:00:01:22:993] Expansion 10,000: F [0, 1, 2, 3, 4, 17, 30, 43, 56, 55, 54, 41, 28, 27, 26, 39, 52, 65, 78, 79, 92, 105, 106, 107, 108, 109, 110, 111, 112, 99, 98, 85, 84, 71, 58, 45, 32, 19, 6, 7, 8, 9, 10], B [168, 167, 166, 165, 164, 163, 162, 161, 160, 159, 158, 157, 156, 143, 130, 131, 132, 133, 134, 135, 136, 123, 124, 137, 138, 125, 126, 139], f=93, g=69
[00:00:01:46:095] Path of length 92 found: [0, 1, 2, 3, 4, 17, 30, 43, 56, 55, 54, 41, 28, 27, 26, 39, 52, 65, 78, 79, 92, 105, 106, 107, 108, 109, 122, 123, 110, 111, 124, 125, 126, 113, 112, 99, 98, 85, 84, 71, 58, 45, 32, 19, 6, 7, 8, 9, 10, 11, 12, 25, 38, 37, 36, 49, 62, 61, 74, 87, 88, 89, 90, 103, 116, 129, 142, 141, 140, 139, 138, 137, 136, 135, 134, 133, 132, 131, 130, 143, 156, 157, 158, 159, 160, 161, 162, 163, 164, 165, 166, 167, 168]
[00:00:01:46:102] ! Bidirectional. expansions: 12,978, time: 106,095 [ms], path length: 92 [edges], g_F: 55, g_B: 37, generated: {'F': 55,290, 'B': 35,981}, MM: 18, MMPER: 18.35483870967742%
[00:00:01:46:124] average expansions: (30,949, 55,400, 5,920, 0)
[00:00:01:46:132] average time: (70,860, 120,656, 56,151, 0)
[00:00:01:46:137] XA*: 30,949 , 70,860 (expansions , time[ms])
[00:00:01:46:143] BiXA*: 5,920 , 56,151 (expansions , time[ms])

