--------------------------
date: SM_Grids
number_of_graphs: 10
graph_type: grid
size_of_graphs: [8, 8]
heuristic: bcc_heuristic
snake: False
run_uni: True
run_bi: True
run_multi: False
solution_vertices: []
algorithms: ['IDA']
lookahead: 2
bsd: False
cube_first_dims: 4
cube_buffer_dim: None
backward_sym_generation: False
sym_coil: False
prefix_set: None

---------- SM_Grids/8x8_grid_with_random_blocks_12per_0 ----------
[00:00:00:14:817] Path of length 52 found: [0, 8, 16, 24, 25, 17, 9, 1, 2, 10, 18, 26, 34, 33, 41, 40, 48, 56, 57, 58, 50, 42, 43, 35, 27, 19, 11, 3, 4, 12, 20, 21, 13, 14, 22, 30, 31, 39, 47, 55, 54, 53, 45, 37, 36, 44, 52, 51, 59, 60, 61, 62, 63]
[00:00:00:14:817] ! Unidirectional s-t. expansions: 7,700, time: 14,817 [ms], path length: 52 [edges], generated: 38,667
[00:00:00:18:670] Path of length 52 found: [63, 55, 47, 39, 31, 30, 22, 14, 13, 21, 20, 12, 4, 3, 2, 10, 11, 19, 18, 26, 34, 42, 50, 51, 43, 35, 27, 28, 36, 37, 45, 44, 52, 53, 54, 62, 61, 60, 59, 58, 57, 56, 48, 40, 41, 33, 25, 24, 16, 17, 9, 1, 0]
[00:00:00:18:670] ! Unidirectional t-s. expansions: 12,516, time: 18,670 [ms], path length: 52 [edges], generated: 59,174
[00:00:01:09:716] Path of length 52 found: [0, 8, 16, 24, 25, 17, 9, 1, 2, 10, 18, 26, 34, 33, 41, 40, 48, 56, 57, 58, 59, 60, 61, 62, 54, 53, 45, 44, 52, 51, 50, 42, 43, 35, 36, 28, 27, 19, 11, 3, 4, 12, 20, 21, 13, 14, 22, 30, 31, 39, 47, 55, 63]
[00:00:01:10:203] ! Bidirectional. expansions: 86,722, time: 69,716 [ms], path length: 52 [edges], g_F: 26, g_B: 26, generated: {'F': 152,967, 'B': 159,144}, MM: 0, MMPER: -1.0%
[00:00:01:10:203] 
---------- SM_Grids/8x8_grid_with_random_blocks_12per_1 ----------
[00:00:00:01:616] Path of length 52 found: [0, 8, 16, 24, 32, 33, 25, 17, 9, 1, 2, 10, 11, 3, 4, 12, 13, 5, 6, 7, 15, 14, 22, 21, 20, 19, 27, 26, 34, 42, 41, 49, 50, 58, 59, 51, 52, 60, 61, 53, 45, 44, 36, 28, 29, 37, 38, 39, 47, 46, 54, 62, 63]
[00:00:00:01:617] ! Unidirectional s-t. expansions: 856, time: 1,616 [ms], path length: 52 [edges], generated: 4,196
[00:00:00:01:109] Path of length 52 found: [63, 55, 47, 39, 38, 37, 29, 21, 22, 14, 15, 7, 6, 5, 13, 12, 4, 3, 11, 10, 2, 1, 9, 17, 25, 26, 27, 19, 20, 28, 36, 44, 52, 53, 45, 46, 54, 62, 61, 60, 59, 51, 50, 49, 41, 42, 34, 33, 32, 24, 16, 8, 0]
[00:00:00:01:109] ! Unidirectional t-s. expansions: 445, time: 1,109 [ms], path length: 52 [edges], generated: 2,215
[00:00:00:25:806] Path of length 52 found: [0, 8, 16, 24, 32, 33, 25, 17, 9, 1, 2, 10, 11, 3, 4, 12, 13, 5, 6, 7, 15, 14, 22, 21, 20, 19, 27, 26, 34, 42, 41, 49, 50, 51, 59, 60, 61, 62, 54, 46, 45, 53, 52, 44, 36, 28, 29, 37, 38, 39, 47, 55, 63]
[00:00:00:26:245] ! Bidirectional. expansions: 21,424, time: 25,806 [ms], path length: 52 [edges], g_F: 26, g_B: 26, generated: {'F': 37,459, 'B': 38,241}, MM: 0, MMPER: -1.0%
[00:00:00:26:245] 
---------- SM_Grids/8x8_grid_with_random_blocks_12per_2 ----------
[00:00:00:24:107] Path of length 50 found: [0, 8, 16, 24, 32, 33, 25, 17, 9, 1, 2, 10, 18, 19, 27, 28, 20, 12, 11, 3, 4, 5, 13, 21, 22, 14, 15, 23, 31, 30, 29, 37, 36, 44, 43, 42, 50, 49, 57, 58, 59, 51, 52, 60, 61, 62, 54, 46, 47, 55, 63]
[00:00:00:24:107] ! Unidirectional s-t. expansions: 11,614, time: 24,107 [ms], path length: 50 [edges], generated: 54,422
[00:00:00:06:531] Path of length 50 found: [63, 55, 47, 46, 54, 62, 61, 60, 52, 51, 59, 58, 57, 49, 50, 42, 34, 33, 32, 24, 25, 17, 16, 8, 9, 10, 18, 19, 27, 28, 36, 44, 45, 37, 38, 30, 29, 21, 22, 23, 15, 14, 13, 5, 4, 12, 11, 3, 2, 1, 0]
[00:00:00:06:531] ! Unidirectional t-s. expansions: 3,285, time: 6,531 [ms], path length: 50 [edges], generated: 15,814
[00:00:01:01:664] Path of length 50 found: [0, 8, 16, 24, 32, 33, 25, 17, 9, 1, 2, 10, 18, 19, 27, 28, 20, 12, 11, 3, 4, 5, 13, 14, 15, 23, 22, 21, 29, 30, 38, 37, 36, 44, 43, 42, 50, 49, 57, 58, 59, 51, 52, 60, 61, 62, 54, 46, 47, 55, 63]
[00:00:01:02:082] ! Bidirectional. expansions: 57,051, time: 61,664 [ms], path length: 50 [edges], g_F: 25, g_B: 25, generated: {'F': 109,524, 'B': 105,185}, MM: 0, MMPER: -1.0%
[00:00:01:02:083] 
---------- SM_Grids/8x8_grid_with_random_blocks_12per_3 ----------
[00:00:00:06:133] Path of length 54 found: [0, 8, 16, 24, 32, 33, 41, 49, 48, 56, 57, 58, 50, 51, 59, 60, 52, 44, 43, 35, 36, 37, 29, 30, 22, 14, 13, 12, 20, 19, 27, 26, 25, 17, 18, 10, 9, 1, 2, 3, 4, 5, 6, 7, 15, 23, 31, 39, 38, 46, 47, 55, 54, 62, 63]
[00:00:00:06:134] ! Unidirectional s-t. expansions: 3,518, time: 6,134 [ms], path length: 54 [edges], generated: 14,268
[00:00:00:05:397] Path of length 54 found: [63, 55, 47, 39, 31, 23, 15, 7, 6, 5, 4, 3, 2, 1, 9, 10, 18, 17, 25, 26, 27, 19, 20, 12, 13, 14, 22, 30, 29, 37, 38, 46, 54, 62, 61, 60, 52, 44, 36, 35, 43, 51, 59, 58, 57, 56, 48, 49, 41, 33, 32, 24, 16, 8, 0]
[00:00:00:05:397] ! Unidirectional t-s. expansions: 2,594, time: 5,397 [ms], path length: 54 [edges], generated: 10,832
[00:00:00:46:839] Path of length 54 found: [0, 8, 16, 24, 32, 33, 41, 49, 48, 56, 57, 58, 50, 51, 59, 60, 61, 62, 54, 46, 45, 44, 43, 35, 36, 37, 29, 30, 22, 14, 13, 12, 20, 19, 27, 26, 25, 17, 18, 10, 9, 1, 2, 3, 4, 5, 6, 7, 15, 23, 31, 39, 47, 55, 63]
[00:00:00:47:249] ! Bidirectional. expansions: 41,917, time: 46,839 [ms], path length: 54 [edges], g_F: 27, g_B: 27, generated: {'F': 70,331, 'B': 72,275}, MM: 0, MMPER: -1.0%
[00:00:00:47:249] 
---------- SM_Grids/8x8_grid_with_random_blocks_12per_4 ----------
[00:00:00:00:116] Path of length 54 found: [0, 8, 16, 24, 25, 17, 9, 10, 18, 26, 34, 33, 41, 49, 48, 56, 57, 58, 50, 42, 43, 51, 59, 60, 52, 44, 36, 35, 27, 19, 11, 12, 4, 5, 6, 14, 13, 21, 20, 28, 29, 37, 38, 30, 22, 23, 31, 39, 47, 55, 54, 53, 61, 62, 63]
[00:00:00:00:117] ! Unidirectional s-t. expansions: 54, time: 116 [ms], path length: 54 [edges], generated: 262
[00:00:00:00:060] Path of length 54 found: [63, 55, 47, 39, 31, 23, 22, 14, 6, 5, 4, 12, 13, 21, 20, 19, 11, 10, 9, 17, 18, 26, 34, 42, 50, 51, 43, 35, 27, 28, 29, 30, 38, 37, 36, 44, 52, 53, 54, 62, 61, 60, 59, 58, 57, 56, 48, 49, 41, 33, 25, 24, 16, 8, 0]
[00:00:00:00:060] ! Unidirectional t-s. expansions: 27, time: 60 [ms], path length: 54 [edges], generated: 124
[00:00:00:00:430] Path of length 54 found: [0, 8, 16, 24, 25, 17, 9, 10, 11, 19, 18, 26, 27, 35, 34, 33, 41, 49, 48, 56, 57, 58, 50, 42, 43, 51, 59, 60, 61, 62, 54, 53, 52, 44, 36, 37, 38, 30, 29, 28, 20, 21, 13, 12, 4, 5, 6, 14, 22, 23, 31, 39, 47, 55, 63]
[00:00:00:00:846] ! Bidirectional. expansions: 398, time: 430 [ms], path length: 54 [edges], g_F: 27, g_B: 27, generated: {'F': 748, 'B': 796}, MM: 0, MMPER: -1.0%
[00:00:00:00:846] 
---------- SM_Grids/8x8_grid_with_random_blocks_12per_5 ----------
[00:00:00:18:908] Path of length 52 found: [0, 8, 16, 24, 32, 40, 41, 33, 25, 17, 9, 1, 2, 3, 11, 19, 27, 35, 34, 42, 50, 58, 59, 51, 43, 44, 52, 60, 61, 53, 45, 37, 29, 28, 20, 21, 13, 12, 4, 5, 6, 14, 15, 23, 22, 30, 31, 39, 38, 46, 47, 55, 63]
[00:00:00:18:909] ! Unidirectional s-t. expansions: 9,368, time: 18,908 [ms], path length: 52 [edges], generated: 45,174
[00:00:00:08:292] Path of length 52 found: [63, 55, 47, 39, 31, 23, 15, 14, 6, 5, 4, 3, 2, 1, 9, 17, 18, 19, 27, 28, 20, 12, 13, 21, 22, 30, 29, 37, 38, 46, 45, 44, 52, 53, 61, 60, 59, 58, 50, 51, 43, 35, 34, 42, 41, 40, 32, 33, 25, 24, 16, 8, 0]
[00:00:00:08:293] ! Unidirectional t-s. expansions: 4,362, time: 8,293 [ms], path length: 52 [edges], generated: 20,727
[00:00:00:49:376] Path of length 52 found: [0, 8, 16, 24, 25, 33, 32, 40, 41, 42, 34, 35, 27, 28, 20, 12, 11, 19, 18, 17, 9, 1, 2, 3, 4, 5, 13, 14, 15, 23, 31, 39, 47, 46, 38, 30, 22, 21, 29, 37, 45, 44, 43, 51, 50, 58, 59, 60, 52, 53, 61, 62, 63]
[00:00:00:49:792] ! Bidirectional. expansions: 45,938, time: 49,376 [ms], path length: 52 [edges], g_F: 26, g_B: 26, generated: {'F': 83,600, 'B': 85,444}, MM: 0, MMPER: -1.0%
[00:00:00:49:792] 
---------- SM_Grids/8x8_grid_with_random_blocks_12per_6 ----------
[00:00:00:23:643] Path of length 52 found: [0, 8, 16, 24, 32, 40, 48, 49, 41, 42, 50, 51, 59, 60, 61, 53, 45, 44, 43, 35, 34, 26, 25, 17, 9, 1, 2, 10, 18, 19, 27, 28, 20, 12, 11, 3, 4, 5, 13, 14, 6, 7, 15, 23, 22, 21, 29, 37, 38, 46, 54, 62, 63]
[00:00:00:23:644] ! Unidirectional s-t. expansions: 15,177, time: 23,643 [ms], path length: 52 [edges], generated: 62,968
[00:00:00:18:519] Path of length 52 found: [63, 62, 54, 46, 38, 37, 29, 21, 13, 14, 22, 23, 15, 7, 6, 5, 4, 3, 2, 1, 9, 17, 25, 26, 18, 10, 11, 12, 20, 19, 27, 28, 36, 35, 34, 42, 43, 44, 45, 53, 61, 60, 59, 51, 50, 49, 41, 40, 32, 24, 16, 8, 0]
[00:00:00:18:519] ! Unidirectional t-s. expansions: 11,825, time: 18,519 [ms], path length: 52 [edges], generated: 51,120
[00:00:02:16:479] Path of length 52 found: [0, 8, 16, 24, 32, 40, 48, 49, 41, 42, 50, 51, 59, 60, 61, 53, 45, 44, 43, 35, 34, 26, 25, 17, 18, 19, 27, 28, 20, 12, 11, 10, 9, 1, 2, 3, 4, 5, 6, 7, 15, 23, 22, 14, 13, 21, 29, 37, 38, 46, 54, 62, 63]
[00:00:02:16:895] ! Bidirectional. expansions: 173,684, time: 136,479 [ms], path length: 52 [edges], g_F: 26, g_B: 26, generated: {'F': 321,331, 'B': 319,950}, MM: 0, MMPER: -1.0%
[00:00:02:16:896] 
---------- SM_Grids/8x8_grid_with_random_blocks_12per_7 ----------
[00:00:01:13:667] Valid states checked so far: 200,000, Expansions: 38,525, Global best: 53
[00:00:02:16:722] Valid states checked so far: 400,000, Expansions: 77,899, Global best: 53
[00:00:03:22:523] Valid states checked so far: 600,000, Expansions: 117,646, Global best: 53
[00:00:04:29:549] Valid states checked so far: 800,000, Expansions: 157,862, Global best: 53
[00:00:04:34:962] Path of length 52 found: [0, 8, 16, 24, 32, 40, 48, 56, 57, 58, 59, 60, 61, 53, 52, 44, 45, 37, 36, 28, 27, 26, 34, 35, 43, 42, 41, 33, 25, 17, 9, 10, 18, 19, 20, 12, 13, 5, 6, 7, 15, 14, 22, 23, 31, 30, 38, 39, 47, 46, 54, 62, 63]
[00:00:04:34:963] ! Unidirectional s-t. expansions: 160,583, time: 274,962 [ms], path length: 52 [edges], generated: 814,600
[00:00:01:19:462] Valid states checked so far: 200,000, Expansions: 39,788, Global best: 41
[00:00:02:29:527] Valid states checked so far: 400,000, Expansions: 80,878, Global best: 41
[00:00:03:41:343] Valid states checked so far: 600,000, Expansions: 121,213, Global best: 41
[00:00:04:23:044] Path of length 52 found: [63, 55, 47, 39, 31, 23, 15, 7, 6, 5, 13, 12, 20, 21, 22, 30, 38, 37, 36, 28, 27, 19, 18, 10, 9, 17, 25, 26, 34, 35, 43, 44, 52, 53, 45, 46, 54, 62, 61, 60, 59, 58, 57, 56, 48, 49, 41, 33, 32, 24, 16, 8, 0]
[00:00:04:23:044] ! Unidirectional t-s. expansions: 144,231, time: 263,044 [ms], path length: 52 [edges], generated: 713,762
[00:00:19:20:307] Path of length 52 found: [0, 8, 16, 24, 32, 40, 48, 56, 57, 58, 59, 60, 52, 44, 43, 35, 34, 42, 41, 33, 25, 17, 9, 10, 18, 26, 27, 28, 36, 37, 45, 53, 61, 62, 54, 46, 38, 30, 22, 21, 20, 12, 13, 5, 6, 7, 15, 23, 31, 39, 47, 55, 63]
[00:00:19:20:726] ! Bidirectional. expansions: 1,266,293, time: 1,160,307 [ms], path length: 52 [edges], g_F: 26, g_B: 26, generated: {'F': 2,246,481, 'B': 2,385,281}, MM: 0, MMPER: -1.0%
[00:00:19:20:726] 
---------- SM_Grids/8x8_grid_with_random_blocks_12per_8 ----------
[00:00:00:08:023] Path of length 54 found: [0, 8, 16, 24, 32, 33, 41, 49, 48, 56, 57, 58, 59, 60, 52, 53, 45, 37, 29, 21, 13, 12, 20, 19, 27, 28, 36, 44, 43, 35, 34, 26, 25, 17, 18, 10, 9, 1, 2, 3, 4, 5, 6, 7, 15, 14, 22, 23, 31, 30, 38, 46, 47, 55, 63]
[00:00:00:08:023] ! Unidirectional s-t. expansions: 4,376, time: 8,023 [ms], path length: 54 [edges], generated: 22,505
[00:00:00:05:781] Path of length 54 found: [63, 55, 47, 39, 31, 23, 15, 7, 6, 5, 4, 3, 2, 1, 9, 10, 18, 17, 25, 26, 34, 35, 43, 44, 36, 28, 27, 19, 20, 12, 13, 14, 22, 21, 29, 30, 38, 37, 45, 53, 52, 60, 59, 58, 57, 56, 48, 49, 41, 33, 32, 24, 16, 8, 0]
[00:00:00:05:782] ! Unidirectional t-s. expansions: 2,846, time: 5,781 [ms], path length: 54 [edges], generated: 14,874
[00:00:00:52:563] Path of length 54 found: [0, 8, 16, 24, 32, 33, 41, 49, 48, 56, 57, 58, 59, 60, 52, 53, 45, 46, 38, 30, 22, 14, 13, 12, 20, 19, 27, 28, 29, 37, 36, 44, 43, 35, 34, 26, 25, 17, 18, 10, 9, 1, 2, 3, 4, 5, 6, 7, 15, 23, 31, 39, 47, 55, 63]
[00:00:00:52:985] ! Bidirectional. expansions: 59,371, time: 52,563 [ms], path length: 54 [edges], g_F: 27, g_B: 27, generated: {'F': 108,531, 'B': 106,534}, MM: 0, MMPER: -1.0%
[00:00:00:52:986] 
---------- SM_Grids/8x8_grid_with_random_blocks_12per_9 ----------
[00:00:01:15:625] Valid states checked so far: 200,000, Expansions: 47,484, Global best: 43
[00:00:01:36:078] Path of length 52 found: [0, 1, 2, 10, 9, 8, 16, 24, 32, 40, 48, 56, 57, 49, 41, 33, 25, 26, 18, 19, 11, 12, 4, 5, 6, 7, 15, 23, 31, 30, 29, 21, 20, 28, 27, 35, 43, 51, 50, 58, 59, 60, 52, 53, 45, 37, 38, 46, 47, 55, 54, 62, 63]
[00:00:01:36:079] ! Unidirectional s-t. expansions: 60,122, time: 96,078 [ms], path length: 52 [edges], generated: 253,659
[00:00:01:23:318] Valid states checked so far: 200,000, Expansions: 47,462, Global best: 0
[00:00:02:40:719] Valid states checked so far: 400,000, Expansions: 95,310, Global best: 0
[00:00:02:42:781] Path of length 52 found: [63, 55, 47, 46, 38, 30, 31, 23, 15, 7, 6, 5, 4, 12, 13, 21, 20, 19, 11, 10, 18, 26, 25, 33, 34, 35, 27, 28, 36, 37, 45, 53, 54, 62, 61, 60, 52, 51, 59, 58, 50, 49, 57, 56, 48, 40, 32, 24, 16, 8, 9, 1, 0]
[00:00:02:42:781] ! Unidirectional t-s. expansions: 96,319, time: 162,781 [ms], path length: 52 [edges], generated: 403,990
[00:00:06:41:987] Path of length 52 found: [0, 8, 9, 1, 2, 10, 18, 26, 27, 19, 20, 28, 36, 35, 34, 33, 25, 24, 32, 40, 41, 49, 48, 56, 57, 58, 50, 51, 52, 60, 61, 62, 54, 53, 45, 37, 29, 21, 13, 12, 4, 5, 6, 7, 15, 23, 31, 30, 38, 46, 47, 55, 63]
[00:00:06:42:455] ! Bidirectional. expansions: 444,708, time: 401,987 [ms], path length: 52 [edges], g_F: 26, g_B: 26, generated: {'F': 791,067, 'B': 784,815}, MM: 0, MMPER: -1.0%
[00:00:06:42:455] average expansions: (27,337, 27,845, 219,751, 0)
[00:00:06:42:455] average time: (46,840, 49,018, 200,517, 0)
[00:00:06:42:455] XIDA: 27,337 , 46,840 (expansions , time[ms])
[00:00:06:42:455] BiXIDA: 219,751 , 200,517 (expansions , time[ms])

