--------------------------
date: SM_Grids
number_of_graphs: 10
graph_type: grid
size_of_graphs: [8, 8]
heuristic: bcc_heuristic
snake: False
run_uni: True
run_bi: True
run_multi: False
solution_vertices: []
algorithms: ['IDA']
lookahead: 4
bsd: False
cube_first_dims: 4
cube_buffer_dim: None
backward_sym_generation: False
sym_coil: False
prefix_set: None

---------- SM_Grids/8x8_grid_with_random_blocks_20per_0 ----------
[00:00:00:02:778] Path of length 44 found: [0, 1, 9, 10, 2, 3, 4, 12, 20, 28, 29, 21, 13, 5, 6, 7, 15, 14, 22, 23, 31, 30, 38, 37, 36, 35, 34, 26, 25, 17, 16, 24, 32, 40, 48, 49, 41, 42, 43, 44, 52, 53, 61, 62, 63]
[00:00:00:02:779] ! Unidirectional s-t. expansions: 492, time: 2,778 [ms], path length: 44 [edges], generated: 8,570
[00:00:00:00:784] Path of length 44 found: [63, 62, 61, 53, 52, 44, 43, 42, 50, 49, 41, 40, 32, 24, 16, 17, 25, 26, 34, 35, 36, 28, 20, 12, 13, 21, 29, 37, 38, 39, 31, 30, 22, 14, 15, 7, 6, 5, 4, 3, 2, 10, 9, 1, 0]
[00:00:00:00:784] ! Unidirectional t-s. expansions: 138, time: 784 [ms], path length: 44 [edges], generated: 2,865
[00:00:00:00:518] Path of length 44 found: [0, 1, 9, 10, 2, 3, 4, 12, 20, 28, 29, 21, 13, 5, 6, 7, 15, 14, 22, 23, 31, 30, 38, 37, 36, 35, 34, 26, 25, 17, 16, 24, 32, 40, 41, 49, 50, 42, 43, 44, 52, 53, 61, 62, 63]
[00:00:00:00:964] ! Bidirectional. expansions: 239, time: 518 [ms], path length: 44 [edges], g_F: 22, g_B: 22, generated: {'F': 1,572, 'B': 1,237}, MM: 0, MMPER: -1.0%
[00:00:00:00:964] 
---------- SM_Grids/8x8_grid_with_random_blocks_20per_1 ----------
[00:00:00:30:065] Path of length 38 found: [0, 8, 16, 24, 25, 17, 9, 1, 2, 3, 11, 10, 18, 26, 34, 33, 41, 40, 48, 56, 57, 49, 50, 42, 43, 35, 27, 19, 20, 28, 29, 30, 31, 39, 47, 46, 54, 62, 63]
[00:00:00:30:065] ! Unidirectional s-t. expansions: 5,598, time: 30,065 [ms], path length: 38 [edges], generated: 88,402
[00:00:00:04:693] Path of length 38 found: [63, 62, 54, 55, 47, 39, 31, 30, 29, 21, 20, 28, 27, 19, 11, 3, 2, 10, 18, 26, 34, 35, 43, 51, 50, 49, 57, 56, 48, 40, 41, 33, 25, 24, 16, 17, 9, 1, 0]
[00:00:00:04:694] ! Unidirectional t-s. expansions: 819, time: 4,693 [ms], path length: 38 [edges], generated: 16,112
[00:00:00:05:381] Path of length 38 found: [0, 8, 16, 24, 25, 33, 41, 40, 48, 56, 57, 49, 50, 51, 43, 35, 34, 26, 18, 10, 9, 1, 2, 3, 11, 19, 27, 28, 20, 21, 29, 30, 31, 39, 47, 55, 54, 62, 63]
[00:00:00:05:800] ! Bidirectional. expansions: 1,210, time: 5,381 [ms], path length: 38 [edges], g_F: 19, g_B: 19, generated: {'F': 11,747, 'B': 11,644}, MM: 0, MMPER: -1.0%
[00:00:00:05:800] 
---------- SM_Grids/8x8_grid_with_random_blocks_20per_2 ----------
[00:00:00:01:586] Path of length 48 found: [0, 8, 16, 17, 9, 1, 2, 3, 4, 12, 20, 19, 18, 26, 34, 33, 41, 40, 48, 56, 57, 49, 50, 58, 59, 60, 61, 53, 45, 37, 36, 28, 29, 21, 13, 5, 6, 14, 15, 23, 22, 30, 38, 39, 47, 46, 54, 62, 63]
[00:00:00:01:586] ! Unidirectional s-t. expansions: 269, time: 1,586 [ms], path length: 48 [edges], generated: 4,642
[00:00:00:01:736] Path of length 48 found: [63, 62, 54, 46, 47, 39, 31, 23, 15, 14, 6, 5, 13, 21, 22, 30, 29, 28, 36, 37, 45, 53, 61, 60, 59, 58, 50, 49, 57, 56, 48, 40, 41, 33, 34, 26, 18, 19, 20, 12, 4, 3, 2, 1, 9, 17, 16, 8, 0]
[00:00:00:01:736] ! Unidirectional t-s. expansions: 282, time: 1,736 [ms], path length: 48 [edges], generated: 4,329
[00:00:00:00:855] Path of length 48 found: [0, 8, 16, 17, 9, 1, 2, 3, 4, 12, 13, 5, 6, 14, 15, 23, 22, 21, 29, 30, 31, 39, 47, 46, 38, 37, 36, 28, 20, 19, 18, 26, 34, 33, 41, 40, 48, 56, 57, 49, 50, 58, 59, 60, 61, 53, 54, 62, 63]
[00:00:00:01:279] ! Bidirectional. expansions: 320, time: 855 [ms], path length: 48 [edges], g_F: 24, g_B: 24, generated: {'F': 2,024, 'B': 1,588}, MM: 0, MMPER: -1.0%
[00:00:00:01:279] 
---------- SM_Grids/8x8_grid_with_random_blocks_20per_3 ----------
[00:00:00:01:223] Path of length 46 found: [0, 1, 9, 8, 16, 24, 32, 40, 41, 49, 57, 58, 50, 51, 43, 35, 34, 26, 27, 19, 18, 10, 11, 3, 4, 12, 13, 5, 6, 7, 15, 23, 22, 30, 31, 39, 38, 37, 36, 44, 45, 53, 52, 60, 61, 62, 63]
[00:00:00:01:223] ! Unidirectional s-t. expansions: 181, time: 1,223 [ms], path length: 46 [edges], generated: 3,170
[00:00:00:01:146] Path of length 46 found: [63, 62, 61, 60, 52, 53, 45, 37, 29, 30, 38, 39, 31, 23, 15, 7, 6, 5, 4, 3, 11, 12, 20, 19, 27, 26, 34, 35, 36, 44, 43, 51, 50, 58, 57, 49, 41, 40, 32, 24, 16, 17, 18, 10, 9, 1, 0]
[00:00:00:01:146] ! Unidirectional t-s. expansions: 215, time: 1,146 [ms], path length: 46 [edges], generated: 3,157
[00:00:00:00:964] Path of length 46 found: [0, 1, 9, 8, 16, 24, 32, 40, 41, 49, 57, 58, 50, 51, 43, 44, 36, 35, 34, 26, 27, 19, 18, 10, 11, 3, 4, 12, 13, 5, 6, 7, 15, 23, 31, 39, 38, 30, 29, 37, 45, 53, 52, 60, 61, 62, 63]
[00:00:00:01:383] ! Bidirectional. expansions: 269, time: 964 [ms], path length: 46 [edges], g_F: 23, g_B: 23, generated: {'F': 1,483, 'B': 1,723}, MM: 0, MMPER: -1.0%
[00:00:00:01:383] 
---------- SM_Grids/8x8_grid_with_random_blocks_20per_4 ----------
[00:00:00:58:276] Path of length 44 found: [0, 8, 16, 24, 32, 40, 48, 49, 57, 58, 59, 51, 43, 44, 36, 28, 20, 19, 27, 26, 34, 33, 25, 17, 18, 10, 9, 1, 2, 3, 4, 5, 6, 7, 15, 23, 22, 21, 29, 37, 45, 46, 54, 62, 63]
[00:00:00:58:276] ! Unidirectional s-t. expansions: 19,954, time: 58,276 [ms], path length: 44 [edges], generated: 196,214
[00:00:00:18:745] Path of length 44 found: [63, 55, 54, 46, 38, 37, 29, 21, 22, 23, 15, 7, 6, 5, 4, 3, 2, 1, 9, 17, 25, 33, 34, 26, 18, 10, 11, 19, 27, 28, 36, 44, 43, 51, 59, 58, 57, 49, 41, 40, 32, 24, 16, 8, 0]
[00:00:00:18:745] ! Unidirectional t-s. expansions: 3,450, time: 18,745 [ms], path length: 44 [edges], generated: 62,735
[00:00:00:25:350] Path of length 44 found: [0, 8, 16, 24, 32, 33, 41, 40, 48, 49, 57, 58, 59, 51, 43, 44, 36, 28, 20, 19, 27, 26, 18, 17, 9, 1, 2, 10, 11, 3, 4, 5, 6, 7, 15, 23, 22, 21, 29, 37, 38, 46, 54, 55, 63]
[00:00:00:25:764] ! Bidirectional. expansions: 12,630, time: 25,350 [ms], path length: 44 [edges], g_F: 22, g_B: 22, generated: {'F': 50,550, 'B': 54,328}, MM: 0, MMPER: -1.0%
[00:00:00:25:765] 
---------- SM_Grids/8x8_grid_with_random_blocks_20per_5 ----------
[00:00:00:05:687] Path of length 46 found: [0, 1, 9, 8, 16, 24, 32, 40, 48, 49, 57, 58, 59, 51, 43, 42, 41, 33, 25, 17, 18, 26, 34, 35, 36, 28, 20, 12, 13, 21, 22, 14, 15, 23, 31, 39, 38, 37, 45, 53, 61, 62, 54, 46, 47, 55, 63]
[00:00:00:05:688] ! Unidirectional s-t. expansions: 868, time: 5,687 [ms], path length: 46 [edges], generated: 16,433
[00:00:00:02:712] Path of length 46 found: [63, 55, 47, 39, 31, 23, 15, 14, 22, 21, 13, 12, 20, 28, 36, 37, 38, 46, 54, 62, 61, 53, 52, 51, 59, 58, 50, 42, 43, 35, 34, 26, 18, 17, 25, 33, 41, 49, 48, 40, 32, 24, 16, 8, 9, 1, 0]
[00:00:00:02:712] ! Unidirectional t-s. expansions: 379, time: 2,712 [ms], path length: 46 [edges], generated: 7,682
[00:00:00:08:111] Path of length 46 found: [0, 1, 9, 8, 16, 24, 32, 40, 48, 49, 57, 58, 50, 42, 41, 33, 25, 17, 18, 26, 34, 35, 43, 51, 52, 53, 61, 62, 54, 46, 38, 37, 29, 28, 20, 12, 13, 21, 22, 14, 15, 23, 31, 39, 47, 55, 63]
[00:00:00:08:528] ! Bidirectional. expansions: 2,448, time: 8,111 [ms], path length: 46 [edges], g_F: 23, g_B: 23, generated: {'F': 14,655, 'B': 14,503}, MM: 0, MMPER: -1.0%
[00:00:00:08:528] 
---------- SM_Grids/8x8_grid_with_random_blocks_20per_6 ----------
[00:00:00:02:249] Path of length 46 found: [0, 1, 9, 8, 16, 17, 18, 10, 11, 19, 27, 28, 20, 21, 13, 12, 4, 5, 6, 14, 15, 23, 31, 39, 38, 37, 36, 44, 45, 53, 52, 51, 43, 42, 50, 49, 48, 56, 57, 58, 59, 60, 61, 62, 54, 55, 63]
[00:00:00:02:249] ! Unidirectional s-t. expansions: 375, time: 2,249 [ms], path length: 46 [edges], generated: 5,924
[00:00:00:03:913] Path of length 46 found: [63, 62, 54, 55, 47, 39, 31, 23, 15, 14, 6, 5, 4, 12, 13, 21, 29, 37, 45, 53, 61, 60, 52, 51, 59, 58, 57, 56, 48, 49, 50, 42, 43, 44, 36, 28, 20, 19, 27, 26, 18, 10, 9, 17, 16, 8, 0]
[00:00:00:03:913] ! Unidirectional t-s. expansions: 756, time: 3,913 [ms], path length: 46 [edges], generated: 13,955
[00:00:00:02:383] Path of length 46 found: [0, 1, 9, 8, 16, 17, 18, 10, 11, 19, 27, 28, 36, 44, 43, 42, 50, 49, 48, 56, 57, 58, 59, 51, 52, 60, 61, 62, 54, 53, 45, 37, 29, 21, 20, 12, 4, 5, 6, 14, 15, 23, 31, 39, 47, 55, 63]
[00:00:00:02:843] ! Bidirectional. expansions: 720, time: 2,383 [ms], path length: 46 [edges], g_F: 23, g_B: 23, generated: {'F': 4,605, 'B': 4,619}, MM: 0, MMPER: -1.0%
[00:00:00:02:843] 
---------- SM_Grids/8x8_grid_with_random_blocks_20per_7 ----------
[00:00:00:05:417] Path of length 42 found: [0, 8, 16, 24, 32, 40, 41, 33, 25, 17, 9, 1, 2, 3, 11, 19, 18, 26, 34, 42, 50, 51, 43, 35, 27, 28, 20, 12, 4, 5, 6, 14, 15, 23, 31, 30, 38, 39, 47, 55, 54, 62, 63]
[00:00:00:05:417] ! Unidirectional s-t. expansions: 896, time: 5,417 [ms], path length: 42 [edges], generated: 13,606
[00:00:00:00:626] Path of length 42 found: [63, 62, 54, 55, 47, 39, 38, 30, 31, 23, 15, 7, 6, 5, 4, 3, 2, 1, 9, 17, 25, 33, 34, 26, 18, 19, 11, 12, 20, 28, 27, 35, 43, 51, 50, 42, 41, 40, 32, 24, 16, 8, 0]
[00:00:00:00:626] ! Unidirectional t-s. expansions: 96, time: 626 [ms], path length: 42 [edges], generated: 1,967
[00:00:00:01:109] Path of length 42 found: [0, 8, 16, 24, 32, 40, 41, 33, 25, 17, 9, 1, 2, 3, 11, 19, 18, 26, 34, 42, 50, 51, 43, 35, 27, 28, 20, 12, 4, 5, 6, 7, 15, 23, 31, 30, 38, 39, 47, 55, 54, 62, 63]
[00:00:00:01:544] ! Bidirectional. expansions: 353, time: 1,109 [ms], path length: 42 [edges], g_F: 21, g_B: 21, generated: {'F': 2,384, 'B': 1,759}, MM: 0, MMPER: -1.0%
[00:00:00:01:545] 
---------- SM_Grids/8x8_grid_with_random_blocks_20per_8 ----------
[00:00:00:00:354] Path of length 48 found: [0, 8, 16, 24, 32, 33, 25, 17, 9, 10, 2, 3, 11, 19, 20, 12, 4, 5, 13, 14, 6, 7, 15, 23, 22, 21, 29, 28, 27, 35, 36, 44, 52, 51, 50, 42, 41, 49, 57, 58, 59, 60, 61, 53, 45, 46, 47, 55, 63]
[00:00:00:00:354] ! Unidirectional s-t. expansions: 70, time: 354 [ms], path length: 48 [edges], generated: 1,102
[00:00:00:00:105] Path of length 48 found: [63, 55, 47, 46, 45, 53, 61, 60, 59, 58, 57, 49, 41, 42, 50, 51, 52, 44, 36, 35, 27, 19, 11, 12, 20, 28, 29, 21, 13, 14, 22, 23, 15, 7, 6, 5, 4, 3, 2, 10, 9, 17, 25, 33, 32, 24, 16, 8, 0]
[00:00:00:00:105] ! Unidirectional t-s. expansions: 14, time: 105 [ms], path length: 48 [edges], generated: 253
[00:00:00:00:038] Path of length 48 found: [0, 8, 16, 24, 32, 33, 25, 17, 9, 10, 2, 3, 11, 19, 20, 12, 4, 5, 13, 14, 6, 7, 15, 23, 22, 21, 29, 28, 27, 35, 36, 44, 52, 51, 50, 42, 41, 49, 57, 58, 59, 60, 61, 53, 45, 46, 47, 55, 63]
[00:00:00:00:453] ! Bidirectional. expansions: 13, time: 38 [ms], path length: 48 [edges], g_F: 24, g_B: 24, generated: {'F': 69, 'B': 61}, MM: 0, MMPER: -1.0%
[00:00:00:00:453] 
---------- SM_Grids/8x8_grid_with_random_blocks_20per_9 ----------
[00:00:00:00:086] Path of length 36 found: [0, 8, 9, 1, 2, 10, 18, 26, 34, 35, 27, 28, 36, 44, 45, 37, 29, 21, 13, 5, 6, 7, 15, 14, 22, 23, 31, 30, 38, 39, 47, 55, 54, 53, 61, 62, 63]
[00:00:00:00:086] ! Unidirectional s-t. expansions: 10, time: 86 [ms], path length: 36 [edges], generated: 192
[00:00:00:00:255] Path of length 36 found: [63, 62, 61, 53, 54, 55, 47, 39, 31, 23, 15, 7, 6, 5, 13, 14, 22, 21, 29, 30, 38, 37, 45, 44, 36, 28, 27, 35, 34, 26, 18, 17, 9, 10, 2, 1, 0]
[00:00:00:00:256] ! Unidirectional t-s. expansions: 37, time: 256 [ms], path length: 36 [edges], generated: 689
[00:00:00:00:056] Path of length 36 found: [0, 8, 9, 1, 2, 10, 18, 26, 34, 35, 27, 28, 36, 44, 45, 37, 38, 30, 29, 21, 22, 14, 13, 5, 6, 7, 15, 23, 31, 39, 47, 55, 54, 53, 61, 62, 63]
[00:00:00:00:502] ! Bidirectional. expansions: 11, time: 56 [ms], path length: 36 [edges], g_F: 18, g_B: 18, generated: {'F': 82, 'B': 90}, MM: 0, MMPER: -1.0%
[00:00:00:00:502] average expansions: (2,871, 619, 1,821, 0)
[00:00:00:00:502] average time: (10,772, 3,472, 4,476, 0)
[00:00:00:00:502] XIDA: 619 , 3,472 (expansions , time[ms])
[00:00:00:00:502] BiXIDA: 1,821 , 4,476 (expansions , time[ms])

