--------------------------
date: SM_Grids
number_of_graphs: 10
graph_type: grid
size_of_graphs: [8, 8]
heuristic: bcc_heuristic
snake: False
run_uni: True
run_bi: True
run_multi: False
solution_vertices: []
algorithms: ['IDA']
lookahead: 4
bsd: False
cube_first_dims: 4
cube_buffer_dim: None
backward_sym_generation: False
sym_coil: False
prefix_set: None

---------- SM_Grids/8x8_grid_with_random_blocks_16per_0 ----------
[00:00:00:01:568] Path of length 44 found: [0, 1, 9, 10, 2, 3, 11, 19, 18, 26, 25, 24, 32, 40, 48, 49, 41, 33, 34, 42, 50, 51, 43, 35, 36, 28, 20, 12, 13, 5, 6, 7, 15, 14, 22, 23, 31, 30, 29, 37, 38, 46, 47, 55, 63]
[00:00:00:01:568] ! Unidirectional s-t. expansions: 281, time: 1,568 [ms], path length: 44 [edges], generated: 5,313
[00:00:00:00:813] Path of length 44 found: [63, 55, 47, 46, 38, 39, 31, 23, 15, 7, 6, 5, 13, 14, 22, 30, 29, 28, 36, 44, 43, 35, 34, 33, 41, 42, 50, 49, 48, 40, 32, 24, 25, 26, 18, 19, 20, 12, 11, 3, 2, 10, 9, 1, 0]
[00:00:00:00:813] ! Unidirectional t-s. expansions: 77, time: 813 [ms], path length: 44 [edges], generated: 1,859
[00:00:00:00:922] Path of length 44 found: [0, 1, 9, 10, 2, 3, 11, 19, 18, 26, 25, 24, 32, 40, 48, 49, 41, 33, 34, 42, 50, 51, 43, 35, 36, 37, 29, 28, 20, 12, 13, 5, 6, 7, 15, 14, 22, 23, 31, 39, 38, 46, 47, 55, 63]
[00:00:00:01:411] ! Bidirectional. expansions: 381, time: 922 [ms], path length: 44 [edges], g_F: 22, g_B: 22, generated: {'F': 2,502, 'B': 2,286}, MM: 0, MMPER: -1.0%
[00:00:00:01:411] 
---------- SM_Grids/8x8_grid_with_random_blocks_16per_1 ----------
[00:00:00:00:161] Path of length 44 found: [0, 8, 16, 24, 32, 33, 25, 26, 18, 10, 2, 3, 4, 12, 11, 19, 27, 35, 34, 42, 43, 44, 36, 28, 20, 21, 29, 30, 22, 14, 15, 23, 31, 39, 38, 46, 47, 55, 54, 53, 52, 60, 61, 62, 63]
[00:00:00:00:161] ! Unidirectional s-t. expansions: 18, time: 161 [ms], path length: 44 [edges], generated: 336
[00:00:00:10:369] Path of length 44 found: [63, 62, 61, 60, 52, 53, 54, 55, 47, 46, 38, 39, 31, 23, 15, 14, 22, 30, 29, 21, 20, 12, 4, 3, 2, 10, 11, 19, 18, 26, 34, 35, 27, 28, 36, 44, 43, 42, 41, 33, 25, 24, 16, 8, 0]
[00:00:00:10:369] ! Unidirectional t-s. expansions: 1,310, time: 10,369 [ms], path length: 44 [edges], generated: 28,205
[00:00:00:01:768] Path of length 44 found: [0, 8, 16, 24, 32, 33, 25, 26, 18, 10, 2, 3, 4, 12, 11, 19, 27, 35, 34, 42, 43, 44, 36, 28, 20, 21, 29, 30, 22, 14, 15, 23, 31, 39, 38, 46, 47, 55, 54, 53, 52, 60, 61, 62, 63]
[00:00:00:02:206] ! Bidirectional. expansions: 392, time: 1,768 [ms], path length: 44 [edges], g_F: 22, g_B: 22, generated: {'F': 3,222, 'B': 2,408}, MM: 0, MMPER: -1.0%
[00:00:00:02:206] 
---------- SM_Grids/8x8_grid_with_random_blocks_16per_2 ----------
[00:00:00:07:013] Path of length 44 found: [0, 1, 2, 3, 11, 10, 18, 17, 16, 24, 32, 40, 48, 56, 57, 49, 41, 33, 34, 26, 27, 19, 20, 21, 29, 28, 36, 44, 43, 42, 50, 58, 59, 51, 52, 60, 61, 53, 45, 46, 47, 55, 54, 62, 63]
[00:00:00:07:013] ! Unidirectional s-t. expansions: 1,050, time: 7,013 [ms], path length: 44 [edges], generated: 21,150
[00:00:00:26:011] Path of length 44 found: [63, 55, 47, 46, 38, 30, 29, 21, 20, 28, 36, 44, 45, 53, 54, 62, 61, 60, 52, 51, 43, 42, 34, 33, 41, 49, 50, 58, 57, 56, 48, 40, 32, 24, 16, 17, 18, 26, 27, 19, 11, 3, 2, 1, 0]
[00:00:00:26:012] ! Unidirectional t-s. expansions: 5,041, time: 26,012 [ms], path length: 44 [edges], generated: 76,646
[00:00:00:04:721] Path of length 44 found: [0, 8, 16, 24, 32, 40, 48, 56, 57, 49, 41, 33, 34, 42, 43, 51, 50, 58, 59, 60, 61, 53, 45, 44, 36, 28, 27, 26, 18, 10, 2, 3, 11, 19, 20, 21, 29, 30, 38, 46, 47, 55, 54, 62, 63]
[00:00:00:05:165] ! Bidirectional. expansions: 1,076, time: 4,721 [ms], path length: 44 [edges], g_F: 22, g_B: 22, generated: {'F': 8,100, 'B': 8,467}, MM: 0, MMPER: -1.0%
[00:00:00:05:165] 
---------- SM_Grids/8x8_grid_with_random_blocks_16per_3 ----------
[00:00:00:26:306] Path of length 44 found: [0, 8, 16, 24, 25, 17, 18, 10, 11, 19, 27, 26, 34, 33, 41, 49, 50, 42, 43, 35, 36, 28, 29, 21, 20, 12, 13, 14, 15, 23, 31, 30, 38, 39, 47, 46, 45, 44, 52, 60, 61, 53, 54, 62, 63]
[00:00:00:26:307] ! Unidirectional s-t. expansions: 4,492, time: 26,306 [ms], path length: 44 [edges], generated: 91,302
[00:00:00:54:891] Valid states checked so far: 200,000, Expansions: 11,305, Global best: 45
[00:00:01:17:712] Path of length 44 found: [63, 55, 47, 39, 31, 23, 15, 14, 13, 12, 11, 10, 18, 26, 34, 42, 43, 35, 36, 28, 27, 19, 20, 21, 29, 30, 38, 46, 45, 53, 54, 62, 61, 60, 52, 51, 50, 49, 41, 33, 25, 17, 16, 8, 0]
[00:00:01:17:713] ! Unidirectional t-s. expansions: 16,277, time: 77,712 [ms], path length: 44 [edges], generated: 283,942
[00:00:00:28:205] Path of length 44 found: [0, 8, 16, 24, 25, 17, 18, 10, 11, 19, 27, 28, 36, 35, 34, 33, 41, 49, 50, 42, 43, 51, 52, 60, 61, 62, 54, 53, 45, 46, 38, 30, 29, 21, 20, 12, 13, 14, 15, 23, 31, 39, 47, 55, 63]
[00:00:00:28:620] ! Bidirectional. expansions: 7,021, time: 28,205 [ms], path length: 44 [edges], g_F: 22, g_B: 22, generated: {'F': 66,159, 'B': 69,726}, MM: 0, MMPER: -1.0%
[00:00:00:28:620] 
---------- SM_Grids/8x8_grid_with_random_blocks_16per_4 ----------
[00:00:00:01:327] Path of length 48 found: [0, 1, 9, 8, 16, 17, 25, 33, 32, 40, 48, 56, 57, 49, 41, 42, 50, 51, 52, 60, 61, 53, 45, 44, 36, 28, 27, 35, 34, 26, 18, 10, 11, 3, 4, 12, 13, 14, 22, 30, 29, 37, 38, 39, 47, 46, 54, 62, 63]
[00:00:00:01:328] ! Unidirectional s-t. expansions: 229, time: 1,327 [ms], path length: 48 [edges], generated: 4,192
[00:00:00:04:366] Path of length 48 found: [63, 55, 47, 39, 38, 30, 22, 14, 13, 12, 4, 3, 11, 10, 18, 26, 34, 35, 27, 28, 29, 37, 36, 44, 45, 46, 54, 62, 61, 53, 52, 51, 50, 42, 41, 49, 57, 56, 48, 40, 32, 33, 25, 17, 16, 8, 9, 1, 0]
[00:00:00:04:367] ! Unidirectional t-s. expansions: 499, time: 4,366 [ms], path length: 48 [edges], generated: 10,529
[00:00:00:02:705] Path of length 48 found: [0, 1, 9, 8, 16, 17, 25, 33, 32, 40, 48, 56, 57, 49, 41, 42, 50, 51, 52, 60, 61, 62, 54, 46, 45, 44, 36, 37, 29, 28, 27, 35, 34, 26, 18, 10, 11, 3, 4, 12, 13, 14, 22, 30, 38, 39, 47, 55, 63]
[00:00:00:03:140] ! Bidirectional. expansions: 517, time: 2,705 [ms], path length: 48 [edges], g_F: 24, g_B: 24, generated: {'F': 3,970, 'B': 3,673}, MM: 0, MMPER: -1.0%
[00:00:00:03:140] 
---------- SM_Grids/8x8_grid_with_random_blocks_16per_5 ----------
[00:00:00:03:996] Path of length 50 found: [0, 8, 16, 24, 32, 33, 34, 26, 25, 17, 9, 1, 2, 10, 11, 19, 20, 12, 4, 5, 6, 14, 15, 23, 22, 30, 29, 28, 36, 35, 43, 51, 50, 49, 48, 56, 57, 58, 59, 60, 61, 53, 52, 44, 45, 46, 38, 39, 47, 55, 63]
[00:00:00:03:996] ! Unidirectional s-t. expansions: 633, time: 3,996 [ms], path length: 50 [edges], generated: 10,753
[00:00:00:05:091] Path of length 50 found: [63, 55, 47, 39, 38, 46, 45, 44, 52, 53, 61, 60, 59, 58, 57, 56, 48, 49, 50, 51, 43, 35, 36, 28, 29, 30, 22, 23, 15, 14, 6, 5, 4, 12, 20, 19, 11, 3, 2, 10, 9, 17, 25, 26, 34, 33, 32, 24, 16, 8, 0]
[00:00:00:05:092] ! Unidirectional t-s. expansions: 750, time: 5,092 [ms], path length: 50 [edges], generated: 13,389
[00:00:00:05:748] Path of length 50 found: [0, 8, 16, 24, 32, 33, 34, 26, 25, 17, 9, 1, 2, 10, 11, 19, 20, 12, 4, 5, 6, 14, 15, 23, 22, 30, 29, 28, 36, 35, 43, 51, 50, 49, 48, 56, 57, 58, 59, 60, 52, 44, 45, 53, 54, 46, 38, 39, 47, 55, 63]
[00:00:00:06:158] ! Bidirectional. expansions: 1,375, time: 5,748 [ms], path length: 50 [edges], g_F: 25, g_B: 25, generated: {'F': 8,146, 'B': 9,556}, MM: 0, MMPER: -1.0%
[00:00:00:06:158] 
---------- SM_Grids/8x8_grid_with_random_blocks_16per_6 ----------
[00:00:00:00:459] Path of length 48 found: [0, 1, 9, 8, 16, 24, 32, 40, 48, 49, 50, 42, 41, 33, 25, 17, 18, 10, 11, 19, 27, 26, 34, 35, 36, 44, 52, 53, 45, 37, 29, 21, 13, 5, 6, 7, 15, 14, 22, 23, 31, 30, 38, 46, 47, 55, 54, 62, 63]
[00:00:00:00:459] ! Unidirectional s-t. expansions: 65, time: 459 [ms], path length: 48 [edges], generated: 1,254
[00:00:00:00:196] Path of length 48 found: [63, 62, 54, 55, 47, 46, 38, 30, 31, 23, 15, 7, 6, 5, 13, 14, 22, 21, 29, 37, 45, 53, 52, 44, 36, 35, 27, 19, 11, 10, 18, 17, 25, 26, 34, 33, 41, 42, 50, 49, 48, 40, 32, 24, 16, 8, 9, 1, 0]
[00:00:00:00:196] ! Unidirectional t-s. expansions: 21, time: 196 [ms], path length: 48 [edges], generated: 358
[00:00:00:00:421] Path of length 48 found: [0, 1, 9, 8, 16, 24, 32, 40, 48, 49, 50, 42, 41, 33, 25, 17, 18, 10, 11, 19, 27, 26, 34, 35, 36, 44, 52, 53, 45, 37, 29, 21, 22, 14, 13, 5, 6, 7, 15, 23, 31, 30, 38, 46, 47, 55, 54, 62, 63]
[00:00:00:00:831] ! Bidirectional. expansions: 75, time: 421 [ms], path length: 48 [edges], g_F: 24, g_B: 24, generated: {'F': 593, 'B': 642}, MM: 0, MMPER: -1.0%
[00:00:00:00:831] 
---------- SM_Grids/8x8_grid_with_random_blocks_16per_7 ----------
[00:00:01:08:071] Valid states checked so far: 200,000, Expansions: 12,234, Global best: 41
[00:00:01:13:334] Path of length 48 found: [0, 8, 16, 24, 32, 40, 48, 56, 57, 49, 41, 33, 34, 26, 18, 17, 9, 10, 2, 3, 11, 19, 27, 28, 20, 12, 13, 14, 6, 7, 15, 23, 31, 30, 38, 37, 45, 44, 43, 42, 50, 58, 59, 60, 61, 53, 54, 55, 63]
[00:00:01:13:334] ! Unidirectional s-t. expansions: 13,033, time: 73,334 [ms], path length: 48 [edges], generated: 214,835
[00:00:00:35:849] Path of length 48 found: [63, 55, 54, 46, 38, 30, 31, 23, 15, 7, 6, 14, 13, 12, 11, 3, 2, 10, 9, 17, 18, 19, 20, 28, 27, 26, 34, 35, 43, 44, 45, 53, 61, 60, 59, 51, 50, 58, 57, 56, 48, 40, 41, 33, 32, 24, 16, 8, 0]
[00:00:00:35:850] ! Unidirectional t-s. expansions: 6,080, time: 35,849 [ms], path length: 48 [edges], generated: 117,042
[00:00:00:41:727] Path of length 48 found: [0, 8, 16, 17, 9, 10, 2, 3, 11, 19, 18, 26, 27, 28, 20, 12, 13, 14, 6, 7, 15, 23, 31, 30, 38, 37, 45, 44, 43, 42, 34, 33, 32, 40, 41, 49, 48, 56, 57, 58, 50, 51, 59, 60, 61, 53, 54, 55, 63]
[00:00:00:42:147] ! Bidirectional. expansions: 14,325, time: 41,727 [ms], path length: 48 [edges], g_F: 24, g_B: 24, generated: {'F': 106,592, 'B': 110,128}, MM: 0, MMPER: -1.0%
[00:00:00:42:147] 
---------- SM_Grids/8x8_grid_with_random_blocks_16per_8 ----------
[00:00:00:07:094] Path of length 50 found: [0, 8, 16, 17, 9, 1, 2, 10, 18, 19, 11, 3, 4, 5, 6, 7, 15, 23, 22, 14, 13, 12, 20, 21, 29, 28, 36, 35, 34, 33, 32, 40, 48, 56, 57, 49, 41, 42, 50, 51, 59, 60, 61, 53, 45, 37, 38, 46, 54, 62, 63]
[00:00:00:07:094] ! Unidirectional s-t. expansions: 1,031, time: 7,094 [ms], path length: 50 [edges], generated: 19,184
[00:00:00:00:603] Path of length 50 found: [63, 62, 54, 46, 38, 37, 45, 53, 61, 60, 59, 51, 43, 42, 50, 49, 57, 56, 48, 40, 32, 33, 34, 35, 36, 28, 29, 21, 13, 14, 22, 23, 15, 7, 6, 5, 4, 3, 2, 1, 9, 10, 11, 12, 20, 19, 18, 17, 16, 8, 0]
[00:00:00:00:604] ! Unidirectional t-s. expansions: 98, time: 603 [ms], path length: 50 [edges], generated: 1,886
[00:00:00:02:617] Path of length 50 found: [0, 8, 16, 17, 9, 1, 2, 3, 4, 5, 13, 14, 6, 7, 15, 23, 22, 21, 29, 37, 36, 28, 20, 12, 11, 10, 18, 26, 34, 35, 43, 42, 41, 33, 32, 40, 48, 56, 57, 49, 50, 51, 59, 60, 61, 53, 45, 46, 54, 62, 63]
[00:00:00:03:030] ! Bidirectional. expansions: 775, time: 2,618 [ms], path length: 50 [edges], g_F: 25, g_B: 25, generated: {'F': 4,833, 'B': 4,612}, MM: 0, MMPER: -1.0%
[00:00:00:03:031] 
---------- SM_Grids/8x8_grid_with_random_blocks_16per_9 ----------
[00:00:00:02:116] Path of length 46 found: [0, 8, 16, 24, 32, 33, 25, 17, 9, 1, 2, 3, 11, 12, 4, 5, 6, 7, 15, 14, 13, 21, 20, 28, 27, 26, 34, 42, 50, 58, 59, 51, 43, 44, 36, 37, 38, 30, 31, 39, 47, 55, 54, 53, 61, 62, 63]
[00:00:00:02:116] ! Unidirectional s-t. expansions: 322, time: 2,116 [ms], path length: 46 [edges], generated: 5,441
[00:00:00:00:960] Path of length 46 found: [63, 62, 61, 53, 54, 55, 47, 39, 31, 30, 38, 37, 45, 44, 43, 51, 59, 58, 50, 42, 41, 33, 32, 24, 16, 8, 9, 17, 25, 26, 27, 28, 20, 21, 13, 14, 15, 7, 6, 5, 4, 12, 11, 3, 2, 1, 0]
[00:00:00:00:960] ! Unidirectional t-s. expansions: 122, time: 960 [ms], path length: 46 [edges], generated: 2,328
[00:00:00:01:628] Path of length 46 found: [0, 8, 16, 24, 32, 33, 25, 17, 9, 1, 2, 3, 11, 12, 4, 5, 6, 7, 15, 14, 13, 21, 20, 28, 27, 26, 34, 42, 50, 58, 59, 51, 52, 44, 45, 37, 38, 30, 31, 39, 47, 55, 54, 53, 61, 62, 63]
[00:00:00:02:041] ! Bidirectional. expansions: 559, time: 1,628 [ms], path length: 46 [edges], g_F: 23, g_B: 23, generated: {'F': 2,370, 'B': 2,744}, MM: 0, MMPER: -1.0%
[00:00:00:02:041] average expansions: (2,115, 3,028, 2,650, 0)
[00:00:00:02:041] average time: (12,337, 16,197, 9,046, 0)
[00:00:00:02:042] XIDA: 2,115 , 12,337 (expansions , time[ms])
[00:00:00:02:042] BiXIDA: 2,650 , 9,046 (expansions , time[ms])

