--------------------------
date: SM_Grids
number_of_graphs: 10
graph_type: grid
size_of_graphs: [7, 8]
heuristic: bcc_heuristic
snake: False
run_uni: True
run_bi: True
run_multi: False
solution_vertices: []
algorithms: ['IDA']
lookahead: 4
bsd: False
cube_first_dims: 4
cube_buffer_dim: None
backward_sym_generation: False
sym_coil: False
prefix_set: None

---------- SM_Grids/7x8_grid_with_random_blocks_16per_0 ----------
[00:00:00:01:510] Path of length 43 found: [0, 1, 2, 3, 4, 5, 13, 12, 20, 19, 18, 17, 25, 24, 32, 33, 41, 40, 48, 49, 50, 42, 43, 51, 52, 44, 36, 35, 27, 28, 29, 30, 22, 14, 15, 23, 31, 39, 47, 46, 45, 53, 54, 55]
[00:00:00:01:510] ! Unidirectional s-t. expansions: 257, time: 1,510 [ms], path length: 43 [edges], generated: 5,442
[00:00:00:11:701] Path of length 43 found: [55, 47, 39, 31, 23, 15, 14, 22, 30, 29, 28, 27, 35, 43, 44, 36, 37, 45, 46, 54, 53, 52, 51, 50, 42, 41, 49, 48, 40, 32, 24, 25, 26, 18, 19, 20, 12, 13, 5, 4, 3, 2, 1, 0]
[00:00:00:11:701] ! Unidirectional t-s. expansions: 2,537, time: 11,701 [ms], path length: 43 [edges], generated: 38,473
[00:00:00:02:191] Path of length 43 found: [0, 1, 2, 3, 4, 5, 13, 12, 20, 19, 18, 17, 25, 24, 32, 33, 41, 40, 48, 49, 50, 42, 43, 44, 52, 53, 54, 46, 45, 37, 36, 35, 27, 28, 29, 30, 22, 14, 15, 23, 31, 39, 47, 55]
[00:00:00:02:594] ! Bidirectional. expansions: 675, time: 2,191 [ms], path length: 43 [edges], g_F: 22, g_B: 21, generated: {'F': 4,677, 'B': 5,131}, MM: 1, MMPER: 1.272727272727273%
[00:00:00:02:594] 
---------- SM_Grids/7x8_grid_with_random_blocks_16per_1 ----------
[00:00:00:00:106] Path of length 39 found: [0, 1, 9, 8, 16, 17, 25, 26, 18, 10, 11, 19, 27, 35, 34, 42, 43, 51, 52, 44, 36, 28, 20, 12, 13, 14, 22, 21, 29, 37, 45, 53, 54, 46, 38, 30, 31, 39, 47, 55]
[00:00:00:00:107] ! Unidirectional s-t. expansions: 10, time: 106 [ms], path length: 39 [edges], generated: 305
[00:00:00:00:118] Path of length 39 found: [55, 47, 39, 31, 30, 22, 14, 13, 12, 11, 10, 18, 19, 27, 35, 36, 28, 20, 21, 29, 37, 38, 46, 54, 53, 45, 44, 52, 51, 43, 42, 34, 26, 25, 17, 16, 8, 9, 1, 0]
[00:00:00:00:118] ! Unidirectional t-s. expansions: 10, time: 118 [ms], path length: 39 [edges], generated: 285
[00:00:00:00:050] Path of length 39 found: [0, 1, 9, 8, 16, 17, 25, 26, 18, 10, 11, 19, 27, 35, 34, 42, 43, 51, 52, 53, 54, 46, 38, 37, 45, 44, 36, 28, 29, 21, 20, 12, 13, 14, 22, 30, 31, 39, 47, 55]
[00:00:00:00:425] ! Bidirectional. expansions: 10, time: 50 [ms], path length: 39 [edges], g_F: 20, g_B: 19, generated: {'F': 74, 'B': 80}, MM: 1, MMPER: 1.5%
[00:00:00:00:425] 
---------- SM_Grids/7x8_grid_with_random_blocks_16per_2 ----------
[00:00:00:01:297] Path of length 43 found: [0, 8, 16, 24, 32, 33, 41, 40, 48, 49, 50, 51, 52, 44, 43, 35, 34, 26, 18, 17, 9, 1, 2, 3, 11, 12, 4, 5, 13, 14, 6, 7, 15, 23, 22, 21, 20, 28, 29, 37, 38, 39, 47, 55]
[00:00:00:01:298] ! Unidirectional s-t. expansions: 240, time: 1,297 [ms], path length: 43 [edges], generated: 4,215
[00:00:00:00:714] Path of length 43 found: [55, 47, 39, 38, 37, 29, 21, 13, 14, 22, 23, 15, 7, 6, 5, 4, 3, 11, 12, 20, 28, 27, 26, 18, 17, 25, 33, 34, 35, 43, 44, 52, 51, 50, 49, 41, 40, 32, 24, 16, 8, 9, 1, 0]
[00:00:00:00:714] ! Unidirectional t-s. expansions: 119, time: 714 [ms], path length: 43 [edges], generated: 1,926
[00:00:00:00:867] Path of length 43 found: [0, 8, 16, 24, 32, 40, 48, 49, 50, 51, 52, 44, 43, 35, 27, 26, 34, 33, 25, 17, 9, 1, 2, 3, 11, 12, 4, 5, 6, 7, 15, 23, 22, 14, 13, 21, 20, 28, 29, 37, 38, 39, 47, 55]
[00:00:00:01:268] ! Bidirectional. expansions: 300, time: 867 [ms], path length: 43 [edges], g_F: 22, g_B: 21, generated: {'F': 1,839, 'B': 1,758}, MM: 1, MMPER: 1.272727272727273%
[00:00:00:01:269] 
---------- SM_Grids/7x8_grid_with_random_blocks_16per_3 ----------
[00:00:00:06:158] Path of length 43 found: [0, 1, 9, 17, 16, 24, 32, 40, 48, 49, 41, 33, 34, 42, 50, 51, 43, 44, 52, 53, 45, 46, 38, 30, 22, 21, 29, 28, 27, 19, 18, 10, 2, 3, 11, 12, 13, 14, 15, 23, 31, 39, 47, 55]
[00:00:00:06:158] ! Unidirectional s-t. expansions: 1,029, time: 6,158 [ms], path length: 43 [edges], generated: 18,259
[00:00:00:09:012] Path of length 43 found: [55, 47, 39, 31, 23, 15, 14, 13, 12, 4, 3, 11, 19, 27, 28, 20, 21, 29, 30, 38, 46, 45, 53, 52, 44, 43, 51, 50, 42, 34, 33, 41, 49, 48, 40, 32, 24, 16, 17, 18, 10, 2, 1, 0]
[00:00:00:09:012] ! Unidirectional t-s. expansions: 1,639, time: 9,012 [ms], path length: 43 [edges], generated: 31,289
[00:00:00:14:248] Path of length 43 found: [0, 1, 9, 17, 16, 24, 32, 40, 48, 49, 41, 33, 34, 42, 50, 51, 52, 53, 45, 44, 36, 28, 27, 19, 18, 10, 2, 3, 4, 12, 13, 21, 29, 30, 22, 14, 15, 23, 31, 39, 38, 46, 47, 55]
[00:00:00:14:670] ! Bidirectional. expansions: 4,041, time: 14,248 [ms], path length: 43 [edges], g_F: 22, g_B: 21, generated: {'F': 31,659, 'B': 29,835}, MM: 1, MMPER: 1.272727272727273%
[00:00:00:14:670] 
---------- SM_Grids/7x8_grid_with_random_blocks_16per_4 ----------
[00:00:00:00:098] Path of length 47 found: [0, 8, 16, 24, 32, 40, 48, 49, 41, 33, 25, 17, 9, 1, 2, 3, 11, 19, 18, 26, 34, 42, 50, 51, 43, 35, 36, 28, 20, 12, 13, 5, 6, 14, 22, 30, 31, 39, 38, 37, 45, 44, 52, 53, 54, 46, 47, 55]
[00:00:00:00:099] ! Unidirectional s-t. expansions: 12, time: 98 [ms], path length: 47 [edges], generated: 257
[00:00:00:00:083] Path of length 47 found: [55, 47, 39, 31, 30, 22, 14, 6, 5, 13, 12, 11, 3, 2, 1, 9, 17, 25, 33, 41, 42, 34, 26, 18, 19, 20, 28, 36, 35, 43, 44, 45, 37, 38, 46, 54, 53, 52, 51, 50, 49, 48, 40, 32, 24, 16, 8, 0]
[00:00:00:00:083] ! Unidirectional t-s. expansions: 12, time: 83 [ms], path length: 47 [edges], generated: 210
[00:00:00:00:049] Path of length 47 found: [0, 8, 16, 24, 32, 40, 48, 49, 41, 33, 25, 17, 9, 1, 2, 3, 11, 19, 18, 26, 34, 42, 50, 51, 52, 53, 54, 46, 38, 37, 45, 44, 43, 35, 36, 28, 20, 12, 13, 5, 6, 14, 22, 30, 31, 39, 47, 55]
[00:00:00:00:431] ! Bidirectional. expansions: 12, time: 49 [ms], path length: 47 [edges], g_F: 24, g_B: 23, generated: {'F': 76, 'B': 71}, MM: 1, MMPER: 1.0833333333333335%
[00:00:00:00:431] 
---------- SM_Grids/7x8_grid_with_random_blocks_16per_5 ----------
[00:00:00:06:863] Path of length 45 found: [0, 8, 16, 17, 9, 1, 2, 10, 18, 26, 34, 33, 32, 40, 41, 49, 50, 42, 43, 35, 27, 19, 11, 3, 4, 12, 20, 28, 29, 21, 13, 5, 6, 14, 15, 23, 31, 30, 38, 37, 45, 44, 52, 53, 54, 55]
[00:00:00:06:863] ! Unidirectional s-t. expansions: 1,063, time: 6,863 [ms], path length: 45 [edges], generated: 20,473
[00:00:00:00:936] Path of length 45 found: [55, 54, 53, 52, 44, 45, 37, 29, 30, 38, 39, 31, 23, 15, 7, 6, 14, 13, 5, 4, 12, 20, 28, 27, 35, 43, 42, 50, 49, 41, 40, 32, 33, 34, 26, 18, 19, 11, 3, 2, 10, 9, 17, 16, 8, 0]
[00:00:00:00:936] ! Unidirectional t-s. expansions: 162, time: 936 [ms], path length: 45 [edges], generated: 3,151
[00:00:00:02:007] Path of length 45 found: [0, 8, 16, 17, 9, 1, 2, 10, 18, 26, 34, 33, 32, 40, 41, 49, 50, 42, 43, 35, 27, 19, 20, 12, 11, 3, 4, 5, 13, 14, 6, 7, 15, 23, 31, 39, 38, 30, 29, 37, 45, 44, 52, 53, 54, 55]
[00:00:00:02:391] ! Bidirectional. expansions: 606, time: 2,007 [ms], path length: 45 [edges], g_F: 23, g_B: 22, generated: {'F': 4,042, 'B': 3,981}, MM: 1, MMPER: 1.1739130434782608%
[00:00:00:02:391] 
---------- SM_Grids/7x8_grid_with_random_blocks_16per_6 ----------
[00:00:00:00:073] Path of length 45 found: [0, 1, 9, 17, 16, 24, 32, 33, 25, 26, 34, 35, 27, 19, 18, 10, 2, 3, 11, 12, 4, 5, 13, 14, 6, 7, 15, 23, 31, 30, 29, 21, 20, 28, 36, 44, 43, 51, 52, 53, 45, 37, 38, 46, 54, 55]
[00:00:00:00:073] ! Unidirectional s-t. expansions: 11, time: 73 [ms], path length: 45 [edges], generated: 189
[00:00:00:00:119] Path of length 45 found: [55, 54, 46, 38, 30, 31, 23, 15, 7, 6, 14, 13, 5, 4, 3, 2, 10, 18, 19, 11, 12, 20, 21, 29, 37, 45, 53, 52, 51, 43, 44, 36, 28, 27, 35, 34, 26, 25, 33, 32, 24, 16, 17, 9, 1, 0]
[00:00:00:00:119] ! Unidirectional t-s. expansions: 16, time: 119 [ms], path length: 45 [edges], generated: 352
[00:00:00:00:044] Path of length 45 found: [0, 1, 9, 17, 16, 24, 32, 33, 25, 26, 34, 35, 27, 28, 36, 44, 43, 51, 52, 53, 45, 37, 29, 21, 20, 12, 11, 19, 18, 10, 2, 3, 4, 5, 13, 14, 6, 7, 15, 23, 31, 30, 38, 46, 54, 55]
[00:00:00:00:419] ! Bidirectional. expansions: 11, time: 44 [ms], path length: 45 [edges], g_F: 23, g_B: 22, generated: {'F': 70, 'B': 68}, MM: 1, MMPER: 1.1739130434782608%
[00:00:00:00:419] 
---------- SM_Grids/7x8_grid_with_random_blocks_16per_7 ----------
[00:00:00:00:071] Path of length 47 found: [0, 1, 9, 8, 16, 17, 25, 24, 32, 40, 48, 49, 41, 33, 34, 42, 50, 51, 43, 44, 52, 53, 45, 37, 36, 28, 27, 19, 11, 3, 4, 12, 20, 21, 13, 14, 6, 7, 15, 23, 22, 30, 38, 39, 47, 46, 54, 55]
[00:00:00:00:071] ! Unidirectional s-t. expansions: 12, time: 71 [ms], path length: 47 [edges], generated: 189
[00:00:00:00:065] Path of length 47 found: [55, 47, 39, 38, 30, 22, 23, 15, 7, 6, 14, 13, 21, 20, 12, 4, 3, 11, 19, 27, 28, 36, 37, 45, 46, 54, 53, 52, 44, 43, 51, 50, 42, 34, 33, 41, 49, 48, 40, 32, 24, 25, 17, 16, 8, 9, 1, 0]
[00:00:00:00:065] ! Unidirectional t-s. expansions: 12, time: 65 [ms], path length: 47 [edges], generated: 179
[00:00:00:00:036] Path of length 47 found: [0, 1, 9, 8, 16, 17, 25, 24, 32, 40, 48, 49, 41, 33, 34, 42, 50, 51, 43, 44, 52, 53, 54, 46, 45, 37, 36, 28, 27, 19, 11, 3, 4, 12, 20, 21, 13, 14, 6, 7, 15, 23, 22, 30, 38, 39, 47, 55]
[00:00:00:00:410] ! Bidirectional. expansions: 12, time: 36 [ms], path length: 47 [edges], g_F: 24, g_B: 23, generated: {'F': 59, 'B': 58}, MM: 1, MMPER: 1.0833333333333335%
[00:00:00:00:410] 
---------- SM_Grids/7x8_grid_with_random_blocks_16per_8 ----------
[00:00:00:05:967] Path of length 43 found: [0, 8, 16, 17, 9, 10, 2, 3, 4, 12, 20, 19, 18, 26, 25, 33, 32, 40, 41, 42, 50, 51, 43, 35, 36, 28, 29, 21, 13, 5, 6, 7, 15, 23, 31, 30, 38, 37, 45, 53, 54, 46, 47, 55]
[00:00:00:05:967] ! Unidirectional s-t. expansions: 967, time: 5,967 [ms], path length: 43 [edges], generated: 20,814
[00:00:00:09:971] Path of length 43 found: [55, 47, 39, 31, 23, 15, 7, 6, 5, 4, 3, 2, 10, 18, 19, 20, 12, 13, 21, 29, 28, 36, 37, 38, 46, 54, 53, 45, 44, 43, 51, 50, 42, 41, 40, 32, 33, 34, 26, 25, 17, 9, 8, 0]
[00:00:00:09:972] ! Unidirectional t-s. expansions: 2,167, time: 9,971 [ms], path length: 43 [edges], generated: 33,767
[00:00:00:06:245] Path of length 43 found: [0, 8, 16, 17, 9, 10, 2, 3, 4, 12, 20, 21, 13, 5, 6, 7, 15, 23, 31, 30, 29, 28, 36, 35, 34, 26, 25, 33, 32, 40, 41, 42, 50, 51, 43, 44, 45, 53, 54, 46, 38, 39, 47, 55]
[00:00:00:06:618] ! Bidirectional. expansions: 2,483, time: 6,245 [ms], path length: 43 [edges], g_F: 22, g_B: 21, generated: {'F': 14,831, 'B': 15,465}, MM: 1, MMPER: 1.272727272727273%
[00:00:00:06:618] 
---------- SM_Grids/7x8_grid_with_random_blocks_16per_9 ----------
[00:00:00:00:588] Path of length 45 found: [0, 8, 16, 24, 25, 17, 9, 1, 2, 10, 18, 19, 20, 28, 27, 26, 34, 35, 43, 42, 41, 49, 50, 51, 52, 44, 45, 37, 38, 30, 22, 14, 13, 12, 4, 5, 6, 7, 15, 23, 31, 39, 47, 46, 54, 55]
[00:00:00:00:588] ! Unidirectional s-t. expansions: 68, time: 588 [ms], path length: 45 [edges], generated: 1,433
[00:00:00:00:418] Path of length 45 found: [55, 54, 46, 47, 39, 31, 23, 15, 7, 6, 5, 4, 3, 2, 1, 9, 10, 18, 19, 27, 28, 20, 12, 13, 14, 22, 30, 38, 37, 45, 44, 52, 51, 50, 49, 41, 42, 43, 35, 34, 26, 25, 17, 16, 8, 0]
[00:00:00:00:418] ! Unidirectional t-s. expansions: 91, time: 418 [ms], path length: 45 [edges], generated: 1,409
[00:00:00:00:458] Path of length 45 found: [0, 8, 16, 24, 25, 17, 18, 10, 9, 1, 2, 3, 4, 5, 6, 7, 15, 14, 13, 12, 20, 19, 27, 26, 34, 35, 43, 42, 41, 49, 50, 51, 52, 44, 45, 37, 38, 30, 22, 23, 31, 39, 47, 46, 54, 55]
[00:00:00:00:856] ! Bidirectional. expansions: 134, time: 458 [ms], path length: 45 [edges], g_F: 23, g_B: 22, generated: {'F': 936, 'B': 902}, MM: 1, MMPER: 1.1739130434782608%
[00:00:00:00:856] average expansions: (367, 676, 828, 0)
[00:00:00:00:856] average time: (2,273, 3,314, 2,620, 0)
[00:00:00:00:856] XIDA: 367 , 2,273 (expansions , time[ms])
[00:00:00:00:856] BiXIDA: 828 , 2,620 (expansions , time[ms])

