--------------------------
date: SM_Grids
number_of_graphs: 10
graph_type: grid
size_of_graphs: [7, 8]
heuristic: bcc_heuristic
snake: False
run_uni: True
run_bi: True
run_multi: False
solution_vertices: []
algorithms: ['IDA']
lookahead: 4
bsd: False
cube_first_dims: 4
cube_buffer_dim: None
backward_sym_generation: False
sym_coil: False
prefix_set: None

---------- SM_Grids/7x8_grid_with_random_blocks_12per_0 ----------
[00:00:00:20:423] Path of length 47 found: [0, 1, 2, 10, 18, 17, 16, 24, 32, 40, 48, 49, 41, 33, 25, 26, 34, 42, 50, 51, 43, 44, 45, 37, 29, 21, 13, 12, 20, 28, 27, 19, 11, 3, 4, 5, 6, 7, 15, 14, 22, 23, 31, 30, 38, 46, 47, 55]
[00:00:00:20:423] ! Unidirectional s-t. expansions: 5,353, time: 20,423 [ms], path length: 47 [edges], generated: 89,603
[00:00:00:06:708] Path of length 47 found: [55, 47, 39, 31, 23, 15, 7, 6, 5, 4, 3, 11, 19, 27, 28, 20, 12, 13, 14, 22, 21, 29, 37, 38, 46, 45, 44, 43, 51, 50, 42, 34, 26, 25, 33, 41, 49, 48, 40, 32, 24, 16, 17, 18, 10, 2, 1, 0]
[00:00:00:06:708] ! Unidirectional t-s. expansions: 1,322, time: 6,708 [ms], path length: 47 [edges], generated: 25,497
[00:00:00:09:859] Path of length 47 found: [0, 1, 2, 10, 18, 17, 16, 24, 32, 40, 48, 49, 41, 33, 25, 26, 34, 42, 50, 51, 43, 44, 45, 37, 38, 30, 29, 21, 22, 14, 13, 12, 20, 28, 27, 19, 11, 3, 4, 5, 6, 7, 15, 23, 31, 39, 47, 55]
[00:00:00:10:251] ! Bidirectional. expansions: 3,535, time: 9,859 [ms], path length: 47 [edges], g_F: 24, g_B: 23, generated: {'F': 22,011, 'B': 23,423}, MM: 1, MMPER: 1.0833333333333335%
[00:00:00:10:251] 
---------- SM_Grids/7x8_grid_with_random_blocks_12per_1 ----------
[00:00:00:07:868] Path of length 47 found: [0, 8, 16, 24, 32, 40, 41, 33, 25, 17, 9, 10, 2, 3, 11, 19, 18, 26, 34, 42, 50, 51, 43, 35, 27, 28, 20, 21, 13, 12, 4, 5, 6, 14, 15, 23, 22, 30, 38, 37, 36, 44, 45, 53, 54, 46, 47, 55]
[00:00:00:07:868] ! Unidirectional s-t. expansions: 1,424, time: 7,868 [ms], path length: 47 [edges], generated: 25,836
[00:00:00:00:146] Path of length 47 found: [55, 54, 53, 45, 46, 47, 39, 38, 30, 22, 23, 15, 14, 6, 5, 4, 3, 2, 10, 9, 17, 25, 33, 34, 26, 18, 19, 11, 12, 13, 21, 20, 28, 27, 35, 36, 44, 43, 51, 50, 42, 41, 40, 32, 24, 16, 8, 0]
[00:00:00:00:147] ! Unidirectional t-s. expansions: 14, time: 147 [ms], path length: 47 [edges], generated: 353
[00:00:00:00:197] Path of length 47 found: [0, 8, 16, 24, 32, 40, 41, 33, 25, 26, 18, 17, 9, 10, 2, 3, 4, 5, 6, 14, 15, 23, 22, 21, 13, 12, 11, 19, 20, 28, 27, 35, 34, 42, 50, 51, 43, 44, 36, 37, 45, 53, 54, 46, 38, 39, 47, 55]
[00:00:00:00:565] ! Bidirectional. expansions: 40, time: 197 [ms], path length: 47 [edges], g_F: 24, g_B: 23, generated: {'F': 270, 'B': 244}, MM: 1, MMPER: 1.0833333333333335%
[00:00:00:00:565] 
---------- SM_Grids/7x8_grid_with_random_blocks_12per_2 ----------
[00:00:00:14:071] Path of length 45 found: [0, 8, 16, 24, 32, 40, 48, 49, 41, 33, 34, 26, 18, 17, 9, 1, 2, 10, 11, 3, 4, 5, 13, 21, 22, 14, 6, 7, 15, 23, 31, 39, 38, 37, 29, 28, 20, 19, 27, 35, 43, 44, 52, 53, 54, 55]
[00:00:00:14:072] ! Unidirectional s-t. expansions: 2,787, time: 14,071 [ms], path length: 45 [edges], generated: 45,402
[00:00:00:01:918] Path of length 45 found: [55, 54, 53, 52, 44, 43, 35, 27, 19, 20, 28, 36, 37, 38, 39, 31, 23, 15, 7, 6, 14, 22, 21, 13, 5, 4, 3, 11, 10, 2, 1, 9, 17, 18, 26, 34, 33, 41, 49, 48, 40, 32, 24, 16, 8, 0]
[00:00:00:01:918] ! Unidirectional t-s. expansions: 236, time: 1,918 [ms], path length: 45 [edges], generated: 5,057
[00:00:00:02:839] Path of length 45 found: [0, 8, 9, 1, 2, 10, 18, 17, 16, 24, 32, 40, 48, 49, 41, 33, 34, 26, 27, 35, 43, 44, 52, 53, 45, 37, 29, 28, 20, 19, 11, 3, 4, 5, 13, 21, 22, 14, 6, 7, 15, 23, 31, 39, 47, 55]
[00:00:00:03:210] ! Bidirectional. expansions: 754, time: 2,840 [ms], path length: 45 [edges], g_F: 23, g_B: 22, generated: {'F': 5,677, 'B': 5,188}, MM: 1, MMPER: 1.1739130434782608%
[00:00:00:03:211] 
---------- SM_Grids/7x8_grid_with_random_blocks_12per_3 ----------
[00:00:00:52:471] Valid states checked so far: 200,000, Expansions: 9,691, Global best: 46
[00:00:01:17:672] Path of length 45 found: [0, 8, 16, 24, 32, 33, 25, 17, 9, 1, 2, 10, 11, 3, 4, 5, 6, 14, 22, 21, 20, 19, 27, 26, 34, 42, 41, 49, 50, 51, 52, 53, 45, 44, 43, 35, 36, 28, 29, 37, 38, 30, 31, 39, 47, 55]
[00:00:01:17:672] ! Unidirectional s-t. expansions: 14,484, time: 77,672 [ms], path length: 45 [edges], generated: 297,791
[00:00:00:52:790] Valid states checked so far: 200,000, Expansions: 12,717, Global best: 46
[00:00:01:08:017] Path of length 45 found: [55, 47, 39, 31, 30, 22, 14, 6, 5, 4, 3, 2, 10, 11, 19, 27, 35, 43, 44, 36, 28, 20, 21, 29, 37, 38, 46, 45, 53, 52, 51, 50, 49, 41, 42, 34, 26, 25, 33, 32, 24, 16, 8, 9, 1, 0]
[00:00:01:08:017] ! Unidirectional t-s. expansions: 16,540, time: 68,017 [ms], path length: 45 [edges], generated: 257,881
[00:00:00:44:533] Path of length 45 found: [0, 8, 16, 17, 25, 24, 32, 33, 41, 49, 50, 51, 52, 53, 45, 37, 36, 44, 43, 42, 34, 26, 27, 19, 20, 12, 11, 10, 9, 1, 2, 3, 4, 5, 6, 14, 22, 21, 29, 30, 31, 39, 38, 46, 47, 55]
[00:00:00:44:907] ! Bidirectional. expansions: 15,527, time: 44,533 [ms], path length: 45 [edges], g_F: 23, g_B: 22, generated: {'F': 116,553, 'B': 117,120}, MM: 1, MMPER: 1.1739130434782608%
[00:00:00:44:907] 
---------- SM_Grids/7x8_grid_with_random_blocks_12per_4 ----------
[00:00:00:41:276] Path of length 45 found: [0, 1, 2, 10, 9, 17, 16, 24, 25, 33, 32, 40, 48, 49, 41, 42, 34, 35, 43, 51, 52, 53, 45, 37, 36, 28, 27, 19, 11, 12, 20, 21, 13, 5, 6, 7, 15, 23, 22, 30, 31, 39, 38, 46, 54, 55]
[00:00:00:41:277] ! Unidirectional s-t. expansions: 9,042, time: 41,276 [ms], path length: 45 [edges], generated: 149,485
[00:00:00:54:766] Valid states checked so far: 200,000, Expansions: 11,296, Global best: 46
[00:00:01:31:644] Path of length 45 found: [55, 47, 39, 31, 23, 15, 7, 6, 5, 4, 12, 13, 21, 22, 30, 38, 37, 45, 46, 54, 53, 52, 51, 43, 42, 50, 49, 48, 40, 32, 24, 16, 17, 25, 33, 34, 35, 27, 28, 20, 19, 11, 10, 2, 1, 0]
[00:00:01:31:644] ! Unidirectional t-s. expansions: 20,053, time: 91,644 [ms], path length: 45 [edges], generated: 340,918
[00:00:00:56:184] Path of length 45 found: [0, 1, 2, 10, 9, 17, 18, 19, 11, 12, 4, 5, 6, 7, 15, 23, 31, 30, 22, 21, 20, 28, 27, 35, 34, 42, 41, 33, 25, 24, 32, 40, 48, 49, 50, 51, 52, 53, 54, 46, 45, 37, 38, 39, 47, 55]
[00:00:00:56:556] ! Bidirectional. expansions: 19,147, time: 56,184 [ms], path length: 45 [edges], g_F: 23, g_B: 22, generated: {'F': 133,349, 'B': 117,405}, MM: 1, MMPER: 1.1739130434782608%
[00:00:00:56:557] 
---------- SM_Grids/7x8_grid_with_random_blocks_12per_5 ----------
[00:00:01:06:081] Valid states checked so far: 200,000, Expansions: 11,023, Global best: 34
[00:00:01:16:547] Path of length 45 found: [0, 8, 16, 17, 9, 1, 2, 10, 18, 19, 11, 3, 4, 12, 20, 28, 36, 35, 27, 26, 25, 33, 32, 40, 48, 49, 50, 51, 52, 53, 45, 46, 38, 30, 29, 21, 13, 5, 6, 14, 22, 23, 31, 39, 47, 55]
[00:00:01:16:548] ! Unidirectional s-t. expansions: 12,463, time: 76,547 [ms], path length: 45 [edges], generated: 230,046
[00:00:00:22:388] Path of length 45 found: [55, 47, 39, 31, 23, 22, 14, 6, 5, 4, 3, 2, 1, 9, 10, 11, 19, 20, 12, 13, 21, 29, 30, 38, 46, 45, 53, 52, 51, 50, 49, 48, 40, 32, 33, 34, 35, 36, 28, 27, 26, 18, 17, 16, 8, 0]
[00:00:00:22:388] ! Unidirectional t-s. expansions: 4,063, time: 22,388 [ms], path length: 45 [edges], generated: 76,060
[00:00:00:33:626] Path of length 45 found: [0, 8, 16, 17, 9, 1, 2, 10, 18, 19, 11, 3, 4, 12, 20, 28, 36, 35, 27, 26, 25, 33, 32, 40, 41, 49, 50, 51, 52, 53, 45, 46, 38, 30, 29, 21, 13, 5, 6, 14, 22, 23, 31, 39, 47, 55]
[00:00:00:33:997] ! Bidirectional. expansions: 11,129, time: 33,626 [ms], path length: 45 [edges], g_F: 23, g_B: 22, generated: {'F': 86,890, 'B': 72,557}, MM: 1, MMPER: 1.1739130434782608%
[00:00:00:33:997] 
---------- SM_Grids/7x8_grid_with_random_blocks_12per_6 ----------
[00:00:00:00:122] Path of length 47 found: [0, 8, 9, 17, 18, 10, 2, 3, 11, 19, 27, 26, 34, 33, 32, 40, 48, 49, 41, 42, 50, 51, 43, 35, 36, 28, 20, 21, 29, 37, 45, 44, 52, 53, 54, 46, 38, 30, 22, 14, 6, 7, 15, 23, 31, 39, 47, 55]
[00:00:00:00:123] ! Unidirectional s-t. expansions: 12, time: 122 [ms], path length: 47 [edges], generated: 332
[00:00:00:00:227] Path of length 47 found: [55, 47, 39, 31, 23, 15, 7, 6, 14, 22, 21, 20, 28, 36, 35, 43, 44, 45, 37, 29, 30, 38, 46, 54, 53, 52, 51, 50, 42, 41, 49, 48, 40, 32, 33, 34, 26, 27, 19, 11, 3, 2, 10, 18, 17, 9, 8, 0]
[00:00:00:00:227] ! Unidirectional t-s. expansions: 25, time: 227 [ms], path length: 47 [edges], generated: 628
[00:00:00:00:062] Path of length 47 found: [0, 8, 9, 17, 18, 10, 2, 3, 11, 19, 27, 26, 34, 33, 32, 40, 48, 49, 41, 42, 50, 51, 52, 53, 54, 46, 38, 30, 29, 37, 45, 44, 43, 35, 36, 28, 20, 21, 22, 14, 6, 7, 15, 23, 31, 39, 47, 55]
[00:00:00:00:431] ! Bidirectional. expansions: 12, time: 62 [ms], path length: 47 [edges], g_F: 24, g_B: 23, generated: {'F': 90, 'B': 101}, MM: 1, MMPER: 1.0833333333333335%
[00:00:00:00:431] 
---------- SM_Grids/7x8_grid_with_random_blocks_12per_7 ----------
[00:00:00:00:144] Path of length 47 found: [0, 8, 9, 1, 2, 10, 18, 17, 25, 33, 41, 49, 50, 42, 34, 26, 27, 35, 43, 51, 52, 44, 36, 28, 20, 19, 11, 3, 4, 12, 13, 5, 6, 14, 15, 23, 31, 30, 29, 37, 45, 53, 54, 46, 38, 39, 47, 55]
[00:00:00:00:144] ! Unidirectional s-t. expansions: 14, time: 144 [ms], path length: 47 [edges], generated: 383
[00:00:00:00:623] Path of length 47 found: [55, 47, 39, 31, 23, 15, 14, 6, 5, 13, 12, 4, 3, 11, 19, 20, 28, 27, 26, 34, 42, 43, 35, 36, 44, 45, 37, 29, 30, 38, 46, 54, 53, 52, 51, 50, 49, 41, 33, 25, 17, 18, 10, 2, 1, 9, 8, 0]
[00:00:00:00:624] ! Unidirectional t-s. expansions: 95, time: 623 [ms], path length: 47 [edges], generated: 2,246
[00:00:00:00:068] Path of length 47 found: [0, 8, 9, 1, 2, 10, 18, 17, 25, 33, 41, 49, 50, 42, 34, 26, 27, 35, 43, 51, 52, 53, 54, 46, 38, 30, 29, 37, 45, 44, 36, 28, 20, 19, 11, 3, 4, 12, 13, 5, 6, 14, 15, 23, 31, 39, 47, 55]
[00:00:00:00:436] ! Bidirectional. expansions: 12, time: 68 [ms], path length: 47 [edges], g_F: 24, g_B: 23, generated: {'F': 113, 'B': 104}, MM: 1, MMPER: 1.0833333333333335%
[00:00:00:00:436] 
---------- SM_Grids/7x8_grid_with_random_blocks_12per_8 ----------
[00:00:00:17:083] Path of length 47 found: [0, 8, 16, 24, 32, 33, 34, 26, 18, 17, 9, 1, 2, 10, 11, 3, 4, 12, 20, 19, 27, 35, 43, 42, 50, 51, 52, 44, 36, 28, 29, 21, 13, 5, 6, 7, 15, 14, 22, 30, 31, 39, 47, 46, 45, 53, 54, 55]
[00:00:00:17:084] ! Unidirectional s-t. expansions: 2,685, time: 17,083 [ms], path length: 47 [edges], generated: 59,841
[00:00:00:40:346] Path of length 47 found: [55, 47, 39, 31, 30, 22, 14, 15, 7, 6, 5, 4, 3, 2, 10, 18, 26, 27, 19, 11, 12, 13, 21, 20, 28, 29, 37, 36, 35, 43, 44, 45, 46, 54, 53, 52, 51, 50, 42, 34, 33, 32, 24, 16, 17, 9, 1, 0]
[00:00:00:40:347] ! Unidirectional t-s. expansions: 9,603, time: 40,346 [ms], path length: 47 [edges], generated: 153,524
[00:00:00:21:205] Path of length 47 found: [0, 8, 16, 24, 32, 33, 34, 26, 18, 17, 9, 1, 2, 10, 11, 3, 4, 12, 20, 19, 27, 28, 36, 35, 43, 42, 50, 51, 52, 53, 54, 46, 45, 37, 29, 21, 13, 5, 6, 7, 15, 14, 22, 30, 31, 39, 47, 55]
[00:00:00:21:577] ! Bidirectional. expansions: 6,962, time: 21,205 [ms], path length: 47 [edges], g_F: 24, g_B: 23, generated: {'F': 49,051, 'B': 52,332}, MM: 1, MMPER: 1.0833333333333335%
[00:00:00:21:577] 
---------- SM_Grids/7x8_grid_with_random_blocks_12per_9 ----------
[00:00:00:01:726] Path of length 47 found: [0, 8, 16, 24, 32, 40, 48, 49, 41, 33, 25, 17, 18, 10, 2, 3, 11, 19, 27, 26, 34, 42, 50, 51, 43, 35, 36, 28, 29, 21, 20, 12, 13, 5, 6, 7, 15, 14, 22, 23, 31, 30, 38, 39, 47, 46, 54, 55]
[00:00:00:01:726] ! Unidirectional s-t. expansions: 158, time: 1,726 [ms], path length: 47 [edges], generated: 4,355
[00:00:00:00:990] Path of length 47 found: [55, 54, 46, 47, 39, 38, 30, 31, 23, 15, 7, 6, 5, 13, 14, 22, 21, 29, 28, 20, 12, 11, 3, 2, 10, 18, 19, 27, 26, 34, 35, 36, 44, 43, 51, 50, 42, 41, 49, 48, 40, 32, 24, 25, 17, 16, 8, 0]
[00:00:00:00:990] ! Unidirectional t-s. expansions: 178, time: 990 [ms], path length: 47 [edges], generated: 3,878
[00:00:00:00:812] Path of length 47 found: [0, 8, 16, 24, 32, 40, 48, 49, 41, 42, 50, 51, 43, 44, 36, 28, 29, 21, 20, 19, 27, 35, 34, 26, 25, 17, 18, 10, 2, 3, 11, 12, 13, 5, 6, 7, 15, 14, 22, 23, 31, 30, 38, 39, 47, 46, 54, 55]
[00:00:00:01:185] ! Bidirectional. expansions: 272, time: 812 [ms], path length: 47 [edges], g_F: 24, g_B: 23, generated: {'F': 1,993, 'B': 1,946}, MM: 1, MMPER: 1.0833333333333335%
[00:00:00:01:185] average expansions: (4,842, 5,213, 5,739, 0)
[00:00:00:01:185] average time: (25,693, 23,301, 16,939, 0)
[00:00:00:01:185] XIDA: 4,842 , 23,301 (expansions , time[ms])
[00:00:00:01:185] BiXIDA: 5,739 , 16,939 (expansions , time[ms])

