--------------------------
date: mazes
number_of_graphs: 10
graph_type: maze
size_of_graphs: [13, 13]
heuristic: bcc_heuristic
snake: False
run_uni: True
run_bi: True
run_multi: False
solution_vertices: []
algorithms: ['XMM']
lookahead: -1
bsd: False
cube_first_dims: 4
cube_buffer_dim: None
backward_sym_generation: False
sym_coil: False
prefix_set: None

---------- mazes/13x13_maze_with_1_open_diamonds_0 ----------
[00:00:00:23:932] Expansion 10,000: state None, f=97, g=35
[00:00:00:46:700] Expansion 20,000: state None, f=95, g=20
[00:00:01:07:377] Expansion 30,000: state None, f=93, g=30
[00:00:01:11:341] Path of length 92 found: [0, 1, 2, 3, 4, 17, 30, 31, 32, 19, 6, 7, 8, 9, 10, 11, 12, 25, 38, 37, 36, 49, 62, 61, 60, 59, 58, 57, 56, 55, 54, 41, 28, 27, 26, 39, 52, 65, 78, 79, 80, 81, 82, 83, 84, 85, 86, 87, 88, 89, 90, 103, 116, 115, 114, 113, 112, 111, 110, 109, 122, 135, 134, 133, 132, 119, 120, 107, 106, 105, 118, 131, 130, 143, 156, 157, 144, 145, 146, 159, 160, 161, 162, 163, 164, 165, 152, 139, 140, 141, 142, 155, 168]
[00:00:01:11:342] ! Unidirectional s-t. expansions: 31,360, time: 71,341 [ms], path length: 92 [edges], generated: 47,235
[00:00:00:28:593] Expansion 10,000: state None, f=101, g=28
[00:00:00:52:221] Expansion 20,000: state None, f=99, g=45
[00:00:01:13:125] Expansion 30,000: state None, f=98, g=33
[00:00:01:35:291] Expansion 40,000: state None, f=97, g=38
[00:00:01:55:218] Expansion 50,000: state None, f=96, g=42
[00:00:02:17:661] Expansion 60,000: state None, f=95, g=60
[00:00:02:39:144] Expansion 70,000: state None, f=95, g=23
[00:00:02:57:039] Expansion 80,000: state None, f=94, g=43
[00:00:03:19:492] Expansion 90,000: state None, f=94, g=31
[00:00:03:36:912] Expansion 100,000: state None, f=93, g=45
[00:00:03:58:871] Path of length 92 found: [168, 155, 142, 141, 140, 139, 152, 165, 164, 163, 150, 137, 136, 135, 134, 133, 146, 159, 158, 157, 156, 143, 130, 131, 144, 145, 132, 119, 118, 105, 106, 107, 108, 109, 110, 111, 112, 113, 114, 115, 116, 103, 90, 89, 88, 87, 86, 85, 84, 83, 82, 81, 80, 79, 78, 65, 52, 39, 26, 27, 28, 41, 54, 55, 56, 57, 58, 59, 60, 61, 62, 63, 64, 51, 38, 25, 12, 11, 10, 9, 8, 7, 6, 19, 32, 31, 30, 17, 4, 3, 2, 1, 0]
[00:00:03:58:873] ! Unidirectional t-s. expansions: 108,294, time: 238,871 [ms], path length: 92 [edges], generated: 154,445
[00:00:00:50:686] Expansion 20,000: f=100, g=43
[00:00:01:56:337] Expansion 40,000: f=97, g=41
[00:00:02:45:549] Expansion 60,000: f=96, g=30
[00:00:03:33:701] Expansion 80,000: f=94, g=28
[00:00:04:21:187] Path of length 92 found: [0, 1, 2, 3, 4, 17, 30, 31, 32, 19, 6, 7, 8, 9, 10, 11, 12, 25, 38, 37, 36, 49, 62, 61, 60, 59, 58, 57, 56, 55, 54, 41, 28, 27, 26, 39, 52, 65, 78, 79, 80, 81, 82, 83, 84, 85, 86, 87, 88, 89, 90, 103, 116, 115, 114, 113, 112, 111, 110, 109, 108, 107, 106, 105, 118, 119, 132, 145, 144, 131, 130, 143, 156, 157, 158, 159, 146, 133, 134, 135, 136, 137, 150, 163, 164, 165, 152, 139, 140, 141, 142, 155, 168]
[00:00:04:21:191] ! Bidirectional. expansions: 98,880, time: 261,187 [ms], path length: 92 [edges], g_F: 41, g_B: 51, generated: 139,473, MM: 10, MMPER: 9.75268817204301%
[00:00:04:21:193] 
---------- mazes/13x13_maze_with_1_open_diamonds_1 ----------
[00:00:00:48:743] Expansion 10,000: state None, f=98, g=40
[00:00:01:14:318] Expansion 20,000: state None, f=95, g=36
[00:00:01:35:549] Expansion 30,000: state None, f=93, g=35
[00:00:01:59:695] Expansion 40,000: state None, f=92, g=23
[00:00:02:16:652] Expansion 50,000: state None, f=91, g=30
[00:00:02:19:727] Path of length 90 found: [0, 1, 2, 15, 28, 27, 26, 39, 52, 53, 54, 41, 42, 29, 16, 3, 4, 17, 30, 43, 56, 57, 58, 45, 32, 19, 6, 7, 8, 9, 10, 11, 12, 25, 38, 37, 36, 49, 62, 61, 74, 87, 88, 89, 90, 103, 116, 115, 114, 113, 112, 99, 86, 85, 84, 83, 82, 81, 80, 79, 92, 105, 106, 107, 108, 109, 122, 135, 134, 133, 132, 131, 130, 143, 156, 157, 158, 159, 160, 161, 162, 163, 164, 165, 152, 139, 140, 141, 142, 155, 168]
[00:00:02:19:729] ! Unidirectional s-t. expansions: 51,200, time: 139,727 [ms], path length: 90 [edges], generated: 69,643
[00:00:00:14:449] Path of length 90 found: [168, 155, 142, 141, 140, 139, 152, 165, 164, 163, 162, 161, 160, 159, 158, 157, 156, 143, 130, 131, 132, 133, 134, 135, 122, 109, 108, 107, 106, 105, 92, 79, 80, 81, 82, 83, 84, 85, 86, 99, 112, 113, 114, 115, 116, 103, 90, 89, 88, 87, 74, 61, 62, 63, 64, 51, 38, 25, 12, 11, 10, 9, 8, 7, 6, 19, 32, 45, 58, 57, 56, 43, 30, 17, 4, 3, 16, 29, 42, 55, 54, 53, 52, 39, 26, 27, 28, 15, 2, 1, 0]
[00:00:00:14:454] ! Unidirectional t-s. expansions: 1,607, time: 14,449 [ms], path length: 90 [edges], generated: 2,500
[00:00:00:54:275] Expansion 20,000: f=95, g=22
[00:00:01:39:749] Expansion 40,000: f=91, g=22
[00:00:01:41:676] Path of length 90 found: [0, 1, 2, 15, 28, 27, 26, 39, 52, 53, 54, 41, 42, 29, 16, 3, 4, 17, 30, 43, 56, 57, 58, 45, 32, 19, 6, 7, 8, 9, 10, 11, 12, 25, 38, 37, 36, 49, 62, 61, 74, 87, 88, 89, 90, 103, 116, 115, 114, 113, 112, 99, 86, 85, 84, 83, 82, 81, 80, 79, 92, 105, 106, 107, 108, 109, 122, 135, 134, 133, 132, 131, 130, 143, 156, 157, 158, 159, 160, 161, 162, 163, 164, 165, 152, 139, 140, 141, 142, 155, 168]
[00:00:01:41:682] ! Bidirectional. expansions: 40,772, time: 101,676 [ms], path length: 90 [edges], g_F: 39, g_B: 51, generated: 56,015, MM: 12, MMPER: 12.186813186813186%
[00:00:01:41:684] 
---------- mazes/13x13_maze_with_1_open_diamonds_2 ----------
[00:00:00:28:580] Expansion 10,000: state None, f=96, g=47
[00:00:00:48:528] Expansion 20,000: state None, f=94, g=34
[00:00:01:08:297] Path of length 92 found: [0, 1, 2, 3, 4, 17, 30, 43, 56, 55, 54, 41, 28, 27, 26, 39, 52, 65, 78, 79, 80, 81, 82, 83, 70, 57, 58, 45, 32, 19, 6, 7, 8, 9, 10, 11, 12, 25, 38, 37, 36, 49, 62, 61, 60, 59, 72, 71, 84, 85, 86, 87, 88, 89, 90, 103, 116, 115, 114, 113, 112, 99, 98, 111, 110, 97, 96, 109, 122, 135, 134, 133, 132, 131, 130, 143, 156, 157, 158, 159, 160, 161, 162, 163, 164, 165, 152, 139, 140, 141, 142, 155, 168]
[00:00:01:08:300] ! Unidirectional s-t. expansions: 29,438, time: 68,297 [ms], path length: 92 [edges], generated: 44,753
[00:00:00:24:237] Expansion 10,000: state None, f=96, g=49
[00:00:00:41:681] Expansion 20,000: state None, f=94, g=44
[00:00:00:52:082] Path of length 92 found: [168, 155, 142, 141, 140, 139, 152, 165, 164, 163, 162, 161, 160, 159, 158, 157, 156, 143, 130, 131, 132, 133, 134, 135, 122, 109, 110, 111, 112, 113, 114, 115, 116, 103, 90, 89, 88, 87, 86, 99, 98, 85, 72, 59, 60, 61, 62, 63, 64, 51, 38, 25, 12, 11, 10, 9, 8, 7, 6, 19, 32, 45, 58, 57, 70, 71, 84, 97, 96, 83, 82, 81, 80, 79, 78, 65, 52, 39, 26, 27, 28, 41, 54, 55, 56, 43, 30, 17, 4, 3, 2, 1, 0]
[00:00:00:52:090] ! Unidirectional t-s. expansions: 25,254, time: 52,088 [ms], path length: 92 [edges], generated: 36,149
[00:00:00:58:023] Expansion 20,000: f=93, g=40
[00:00:01:33:100] Path of length 92 found: [168, 155, 142, 141, 140, 139, 152, 165, 164, 163, 162, 161, 160, 159, 158, 157, 156, 143, 130, 131, 132, 133, 134, 135, 122, 109, 108, 107, 106, 105, 92, 79, 78, 65, 52, 39, 26, 27, 28, 41, 54, 55, 56, 57, 70, 83, 84, 97, 110, 111, 112, 113, 114, 115, 116, 103, 90, 89, 88, 87, 86, 99, 98, 85, 72, 71, 58, 59, 60, 61, 62, 49, 36, 37, 38, 25, 12, 11, 10, 9, 8, 7, 6, 19, 32, 31, 30, 17, 4, 3, 2, 1, 0]
[00:00:01:33:103] ! Bidirectional. expansions: 33,114, time: 93,101 [ms], path length: 92 [edges], g_F: 44, g_B: 48, generated: 52,422, MM: 4, MMPER: 3.301075268817204%
[00:00:01:33:105] 
---------- mazes/13x13_maze_with_1_open_diamonds_3 ----------
[00:00:00:28:860] Expansion 10,000: state None, f=92, g=56
[00:00:00:48:718] Expansion 20,000: state None, f=91, g=34
[00:00:00:50:682] Path of length 90 found: [0, 1, 2, 3, 4, 17, 30, 31, 32, 19, 6, 7, 8, 9, 10, 11, 12, 25, 38, 37, 36, 49, 62, 61, 60, 59, 58, 57, 56, 55, 54, 41, 28, 27, 26, 39, 52, 65, 78, 79, 80, 81, 82, 83, 84, 85, 86, 87, 88, 89, 90, 103, 116, 129, 142, 141, 140, 139, 126, 113, 114, 115, 102, 101, 100, 99, 98, 111, 110, 109, 122, 135, 134, 133, 132, 131, 130, 143, 156, 157, 158, 159, 160, 161, 162, 163, 164, 165, 166, 167, 168]
[00:00:00:50:684] ! Unidirectional s-t. expansions: 20,438, time: 50,682 [ms], path length: 90 [edges], generated: 31,641
[00:00:00:26:734] Expansion 10,000: state None, f=98, g=58
[00:00:00:48:035] Expansion 20,000: state None, f=95, g=59
[00:00:01:06:368] Expansion 30,000: state None, f=93, g=58
[00:00:01:25:140] Expansion 40,000: state None, f=92, g=39
[00:00:01:44:149] Path of length 90 found: [168, 167, 166, 165, 164, 163, 162, 161, 160, 159, 158, 157, 156, 143, 130, 131, 132, 133, 134, 135, 122, 109, 110, 111, 98, 85, 86, 99, 112, 113, 126, 139, 140, 141, 142, 129, 116, 115, 114, 101, 102, 103, 90, 89, 88, 87, 74, 61, 62, 63, 64, 51, 38, 25, 12, 11, 10, 9, 8, 7, 6, 19, 32, 45, 58, 71, 84, 83, 82, 81, 80, 79, 78, 65, 52, 39, 26, 27, 28, 41, 54, 55, 56, 43, 30, 17, 4, 3, 2, 1, 0]
[00:00:01:44:150] ! Unidirectional t-s. expansions: 49,827, time: 104,149 [ms], path length: 90 [edges], generated: 71,852
[00:00:00:58:019] Expansion 20,000: f=95, g=35
[00:00:01:50:620] Expansion 40,000: f=89, g=43
[00:00:02:03:733] Path of length 90 found: [168, 167, 166, 165, 164, 163, 162, 161, 160, 159, 158, 157, 156, 143, 130, 131, 132, 133, 134, 135, 122, 109, 110, 111, 112, 113, 126, 139, 140, 141, 142, 129, 116, 115, 114, 101, 102, 103, 90, 89, 88, 87, 100, 99, 98, 85, 84, 83, 82, 81, 80, 79, 78, 65, 52, 39, 26, 27, 28, 41, 54, 55, 56, 57, 58, 59, 60, 61, 62, 49, 36, 37, 38, 25, 12, 11, 10, 9, 8, 7, 6, 19, 32, 31, 30, 17, 4, 3, 2, 1, 0]
[00:00:02:03:737] ! Bidirectional. expansions: 44,405, time: 123,734 [ms], path length: 90 [edges], g_F: 50, g_B: 40, generated: 66,725, MM: 10, MMPER: 9.989010989010989%
[00:00:02:03:739] 
---------- mazes/13x13_maze_with_1_open_diamonds_4 ----------
[00:00:00:33:665] Expansion 10,000: state None, f=97, g=59
[00:00:00:55:981] Expansion 20,000: state None, f=95, g=25
[00:00:01:15:249] Expansion 30,000: state None, f=93, g=51
[00:00:01:24:074] Path of length 92 found: [0, 1, 2, 3, 4, 17, 30, 31, 32, 19, 6, 7, 8, 9, 10, 11, 12, 25, 38, 37, 36, 49, 62, 61, 60, 59, 58, 57, 56, 55, 54, 41, 28, 27, 26, 39, 52, 65, 78, 79, 80, 81, 82, 83, 84, 85, 86, 87, 88, 89, 90, 103, 116, 115, 114, 113, 112, 111, 110, 109, 108, 107, 106, 119, 132, 131, 130, 143, 156, 157, 158, 159, 160, 147, 134, 133, 120, 121, 122, 123, 136, 137, 150, 163, 164, 165, 152, 139, 140, 141, 142, 155, 168]
[00:00:01:24:077] ! Unidirectional s-t. expansions: 33,578, time: 84,074 [ms], path length: 92 [edges], generated: 51,823
[00:00:00:31:504] Expansion 10,000: state None, f=101, g=32
[00:00:00:55:422] Expansion 20,000: state None, f=99, g=33
[00:00:01:17:177] Expansion 30,000: state None, f=97, g=50
[00:00:01:38:314] Expansion 40,000: state None, f=96, g=45
[00:00:01:59:810] Expansion 50,000: state None, f=95, g=38
[00:00:02:18:835] Expansion 60,000: state None, f=94, g=63
[00:00:02:39:770] Expansion 70,000: state None, f=93, g=77
[00:00:03:01:103] Expansion 80,000: state None, f=93, g=34
[00:00:03:07:557] Path of length 92 found: [168, 167, 166, 165, 152, 139, 140, 141, 142, 129, 116, 103, 90, 89, 88, 87, 74, 61, 62, 63, 64, 51, 38, 25, 12, 11, 10, 9, 8, 7, 6, 19, 32, 45, 58, 71, 84, 85, 86, 99, 112, 111, 110, 123, 136, 137, 150, 163, 162, 161, 160, 159, 158, 157, 156, 143, 130, 131, 132, 119, 106, 107, 120, 133, 134, 135, 122, 109, 108, 95, 82, 81, 80, 79, 78, 65, 52, 39, 26, 27, 28, 41, 54, 55, 56, 43, 30, 17, 4, 3, 2, 1, 0]
[00:00:03:07:559] ! Unidirectional t-s. expansions: 82,439, time: 187,558 [ms], path length: 92 [edges], generated: 118,601
[00:00:01:04:764] Expansion 20,000: f=99, g=44
[00:00:01:54:911] Expansion 40,000: f=96, g=40
[00:00:02:46:243] Expansion 60,000: f=94, g=17
[00:00:03:36:968] Expansion 80,000: f=92, g=39
[00:00:04:05:650] Path of length 92 found: [0, 1, 2, 3, 4, 17, 30, 31, 32, 19, 6, 7, 8, 9, 10, 11, 12, 25, 38, 37, 36, 49, 62, 61, 60, 59, 58, 57, 56, 55, 54, 41, 28, 27, 26, 39, 52, 65, 78, 79, 92, 105, 106, 107, 120, 121, 122, 109, 108, 95, 82, 83, 84, 85, 86, 87, 88, 89, 90, 103, 116, 115, 114, 113, 112, 111, 110, 123, 136, 135, 134, 133, 132, 131, 130, 143, 156, 157, 158, 159, 160, 161, 162, 163, 164, 165, 152, 139, 140, 141, 142, 155, 168]
[00:00:04:05:653] ! Bidirectional. expansions: 90,131, time: 245,650 [ms], path length: 92 [edges], g_F: 41, g_B: 51, generated: 130,932, MM: 10, MMPER: 9.75268817204301%
[00:00:04:05:655] 
---------- mazes/13x13_maze_with_1_open_diamonds_5 ----------
[00:00:00:22:676] Expansion 10,000: state None, f=98, g=46
[00:00:01:03:831] Expansion 20,000: state None, f=95, g=60
[00:00:01:24:703] Expansion 30,000: state None, f=93, g=71
[00:00:01:40:787] Path of length 92 found: [0, 1, 2, 3, 4, 17, 30, 31, 32, 19, 6, 7, 8, 9, 10, 11, 12, 25, 38, 37, 36, 49, 62, 61, 60, 59, 58, 57, 56, 55, 54, 41, 28, 27, 26, 39, 52, 65, 78, 79, 80, 81, 82, 83, 84, 85, 86, 87, 88, 89, 90, 103, 116, 115, 114, 113, 112, 111, 110, 109, 108, 107, 106, 105, 118, 131, 130, 143, 156, 157, 158, 159, 146, 133, 132, 119, 120, 121, 122, 135, 136, 137, 150, 163, 164, 165, 152, 139, 140, 141, 142, 155, 168]
[00:00:01:40:790] ! Unidirectional s-t. expansions: 36,899, time: 100,787 [ms], path length: 92 [edges], generated: 55,900
[00:00:00:32:760] Expansion 10,000: state None, f=100, g=50
[00:00:00:55:536] Expansion 20,000: state None, f=98, g=49
[00:00:01:18:642] Expansion 30,000: state None, f=97, g=24
[00:00:01:40:502] Expansion 40,000: state None, f=96, g=31
[00:00:02:02:622] Expansion 50,000: state None, f=95, g=17
[00:00:02:22:466] Expansion 60,000: state None, f=94, g=42
[00:00:02:45:233] Expansion 70,000: state None, f=93, g=50
[00:00:03:02:785] Path of length 92 found: [168, 167, 166, 165, 152, 139, 140, 141, 142, 129, 116, 103, 90, 89, 88, 87, 74, 61, 62, 63, 64, 51, 38, 25, 12, 11, 10, 9, 8, 7, 6, 19, 32, 45, 58, 71, 84, 85, 86, 99, 112, 111, 110, 109, 122, 135, 136, 137, 150, 163, 162, 161, 160, 159, 158, 157, 156, 143, 130, 131, 118, 105, 106, 119, 132, 133, 134, 121, 108, 107, 94, 81, 80, 79, 78, 65, 52, 39, 26, 27, 28, 41, 54, 55, 56, 43, 30, 17, 4, 3, 2, 1, 0]
[00:00:03:02:788] ! Unidirectional t-s. expansions: 77,684, time: 182,786 [ms], path length: 92 [edges], generated: 112,634
[00:00:01:06:782] Expansion 20,000: f=99, g=35
[00:00:01:58:309] Expansion 40,000: f=96, g=33
[00:00:02:50:863] Expansion 60,000: f=94, g=32
[00:00:03:42:646] Expansion 80,000: f=92, g=26
[00:00:04:21:340] Path of length 92 found: [0, 1, 2, 3, 4, 17, 30, 31, 32, 19, 6, 7, 8, 9, 10, 11, 12, 25, 38, 37, 36, 49, 62, 61, 60, 59, 58, 57, 56, 55, 54, 41, 28, 27, 26, 39, 52, 65, 78, 79, 92, 105, 106, 119, 120, 121, 108, 107, 94, 81, 82, 83, 84, 85, 86, 87, 88, 89, 90, 103, 116, 115, 114, 113, 112, 111, 110, 109, 122, 135, 134, 133, 132, 131, 130, 143, 156, 157, 158, 159, 160, 161, 162, 163, 164, 165, 152, 139, 140, 141, 142, 155, 168]
[00:00:04:21:355] ! Bidirectional. expansions: 94,093, time: 261,352 [ms], path length: 92 [edges], g_F: 41, g_B: 51, generated: 136,532, MM: 10, MMPER: 9.75268817204301%
[00:00:04:21:357] 
---------- mazes/13x13_maze_with_1_open_diamonds_6 ----------
[00:00:00:43:521] Expansion 10,000: state None, f=95, g=31
[00:00:01:02:183] Path of length 92 found: [0, 1, 2, 3, 4, 17, 30, 43, 56, 55, 54, 41, 28, 27, 26, 39, 52, 65, 78, 79, 80, 81, 82, 83, 84, 71, 58, 45, 32, 19, 6, 7, 8, 9, 10, 11, 12, 25, 38, 51, 64, 63, 62, 49, 36, 35, 34, 47, 60, 59, 72, 85, 86, 73, 74, 87, 88, 89, 90, 103, 116, 115, 114, 113, 112, 111, 110, 109, 122, 135, 134, 133, 132, 131, 130, 143, 156, 157, 158, 159, 160, 161, 162, 163, 164, 165, 152, 139, 140, 141, 142, 155, 168]
[00:00:01:02:188] ! Unidirectional s-t. expansions: 19,096, time: 62,183 [ms], path length: 92 [edges], generated: 28,635
[00:00:00:18:684] Path of length 92 found: [168, 155, 142, 141, 140, 139, 152, 165, 164, 163, 162, 161, 160, 159, 158, 157, 156, 143, 130, 131, 132, 133, 134, 135, 122, 109, 110, 111, 112, 113, 114, 115, 116, 103, 90, 89, 88, 75, 74, 87, 86, 73, 60, 47, 34, 35, 36, 49, 62, 63, 64, 51, 38, 25, 12, 11, 10, 9, 8, 7, 6, 19, 32, 45, 58, 59, 72, 85, 84, 83, 82, 81, 80, 79, 78, 65, 52, 39, 26, 27, 28, 41, 54, 55, 56, 43, 30, 17, 4, 3, 2, 1, 0]
[00:00:00:18:687] ! Unidirectional t-s. expansions: 7,299, time: 18,685 [ms], path length: 92 [edges], generated: 10,743
[00:00:00:52:542] Expansion 20,000: f=91, g=34
[00:00:00:55:141] Path of length 92 found: [168, 155, 142, 141, 140, 139, 152, 165, 164, 163, 162, 161, 160, 159, 158, 157, 156, 143, 130, 131, 132, 133, 134, 135, 122, 109, 110, 111, 112, 113, 114, 115, 116, 103, 90, 89, 88, 75, 74, 87, 86, 85, 72, 73, 60, 47, 34, 35, 36, 49, 62, 63, 64, 51, 38, 25, 12, 11, 10, 9, 8, 7, 6, 19, 32, 45, 58, 71, 84, 83, 82, 81, 80, 79, 78, 65, 52, 39, 26, 27, 28, 41, 54, 55, 56, 43, 30, 17, 4, 3, 2, 1, 0]
[00:00:00:55:146] ! Bidirectional. expansions: 20,895, time: 55,143 [ms], path length: 92 [edges], g_F: 43, g_B: 49, generated: 32,347, MM: 6, MMPER: 5.451612903225806%
[00:00:00:55:148] 
---------- mazes/13x13_maze_with_1_open_diamonds_7 ----------
[00:00:00:27:061] Expansion 10,000: state None, f=97, g=44
[00:00:00:49:774] Expansion 20,000: state None, f=95, g=19
[00:00:00:51:096] Path of length 94 found: [0, 1, 2, 3, 4, 17, 30, 31, 32, 19, 6, 7, 8, 9, 10, 11, 12, 25, 38, 51, 64, 63, 62, 49, 36, 35, 34, 21, 20, 33, 46, 47, 60, 61, 74, 87, 88, 89, 90, 103, 116, 115, 114, 113, 112, 99, 86, 85, 84, 71, 58, 57, 56, 55, 54, 41, 28, 27, 26, 39, 52, 65, 78, 79, 92, 105, 106, 107, 108, 109, 122, 135, 134, 133, 132, 131, 130, 143, 156, 157, 158, 159, 160, 161, 162, 163, 164, 165, 152, 139, 140, 141, 142, 155, 168]
[00:00:00:51:099] ! Unidirectional s-t. expansions: 20,475, time: 51,096 [ms], path length: 94 [edges], generated: 28,904
[00:00:00:02:612] Path of length 94 found: [168, 155, 142, 141, 140, 139, 152, 165, 164, 163, 162, 161, 160, 159, 158, 157, 156, 143, 130, 131, 132, 133, 134, 135, 122, 109, 108, 107, 106, 105, 92, 79, 78, 65, 52, 39, 26, 27, 28, 41, 54, 55, 56, 57, 58, 71, 84, 85, 86, 99, 112, 113, 114, 115, 116, 103, 90, 89, 88, 87, 74, 61, 60, 59, 46, 47, 34, 35, 36, 49, 62, 63, 64, 51, 38, 25, 12, 11, 10, 9, 8, 21, 20, 7, 6, 19, 32, 31, 30, 17, 4, 3, 2, 1, 0]
[00:00:00:02:613] ! Unidirectional t-s. expansions: 1,663, time: 2,612 [ms], path length: 94 [edges], generated: 2,602
[00:00:00:46:590] Path of length 94 found: [168, 155, 142, 141, 140, 139, 152, 165, 164, 163, 162, 161, 160, 159, 158, 157, 156, 143, 130, 131, 132, 133, 134, 135, 122, 109, 108, 107, 106, 105, 92, 79, 78, 65, 52, 39, 26, 27, 28, 41, 54, 55, 56, 57, 58, 71, 84, 85, 86, 99, 112, 113, 114, 115, 116, 103, 90, 89, 88, 87, 74, 61, 60, 47, 46, 33, 20, 21, 34, 35, 36, 49, 62, 63, 64, 51, 38, 25, 12, 11, 10, 9, 8, 7, 6, 19, 32, 31, 30, 17, 4, 3, 2, 1, 0]
[00:00:00:46:594] ! Bidirectional. expansions: 17,115, time: 46,590 [ms], path length: 94 [edges], g_F: 44, g_B: 50, generated: 24,388, MM: 6, MMPER: 5.315789473684211%
[00:00:00:46:604] 
---------- mazes/13x13_maze_with_1_open_diamonds_8 ----------
[00:00:00:26:741] Expansion 10,000: state None, f=97, g=44
[00:00:00:48:965] Expansion 20,000: state None, f=95, g=19
[00:00:00:50:261] Path of length 94 found: [0, 1, 2, 3, 4, 17, 30, 31, 32, 19, 6, 7, 8, 9, 10, 11, 12, 25, 38, 51, 64, 63, 62, 49, 36, 35, 34, 21, 20, 33, 46, 47, 60, 61, 74, 87, 88, 89, 90, 103, 116, 115, 114, 113, 112, 99, 86, 85, 84, 71, 58, 57, 56, 55, 54, 41, 28, 27, 26, 39, 52, 65, 78, 79, 92, 105, 106, 107, 108, 109, 122, 135, 134, 133, 132, 131, 130, 143, 156, 157, 158, 159, 160, 161, 162, 163, 164, 165, 152, 139, 140, 141, 142, 155, 168]
[00:00:00:50:263] ! Unidirectional s-t. expansions: 20,475, time: 50,261 [ms], path length: 94 [edges], generated: 28,904
[00:00:00:02:528] Path of length 94 found: [168, 155, 142, 141, 140, 139, 152, 165, 164, 163, 162, 161, 160, 159, 158, 157, 156, 143, 130, 131, 132, 133, 134, 135, 122, 109, 108, 107, 106, 105, 92, 79, 78, 65, 52, 39, 26, 27, 28, 41, 54, 55, 56, 57, 58, 71, 84, 85, 86, 99, 112, 113, 114, 115, 116, 103, 90, 89, 88, 87, 74, 61, 60, 59, 46, 47, 34, 35, 36, 49, 62, 63, 64, 51, 38, 25, 12, 11, 10, 9, 8, 21, 20, 7, 6, 19, 32, 31, 30, 17, 4, 3, 2, 1, 0]
[00:00:00:02:529] ! Unidirectional t-s. expansions: 1,663, time: 2,528 [ms], path length: 94 [edges], generated: 2,602
[00:00:00:45:818] Path of length 94 found: [168, 155, 142, 141, 140, 139, 152, 165, 164, 163, 162, 161, 160, 159, 158, 157, 156, 143, 130, 131, 132, 133, 134, 135, 122, 109, 108, 107, 106, 105, 92, 79, 78, 65, 52, 39, 26, 27, 28, 41, 54, 55, 56, 57, 58, 71, 84, 85, 86, 99, 112, 113, 114, 115, 116, 103, 90, 89, 88, 87, 74, 61, 60, 47, 46, 33, 20, 21, 34, 35, 36, 49, 62, 63, 64, 51, 38, 25, 12, 11, 10, 9, 8, 7, 6, 19, 32, 31, 30, 17, 4, 3, 2, 1, 0]
[00:00:00:45:824] ! Bidirectional. expansions: 17,115, time: 45,818 [ms], path length: 94 [edges], g_F: 44, g_B: 50, generated: 24,388, MM: 6, MMPER: 5.315789473684211%
[00:00:00:45:826] 
---------- mazes/13x13_maze_with_1_open_diamonds_9 ----------
[00:00:00:26:455] Expansion 10,000: state None, f=96, g=74
[00:00:00:45:220] Expansion 20,000: state None, f=95, g=42
[00:00:01:00:096] Expansion 30,000: state None, f=94, g=57
[00:00:01:16:384] Expansion 40,000: state None, f=93, g=60
[00:00:01:30:736] Path of length 92 found: [0, 1, 2, 3, 4, 17, 30, 31, 32, 19, 6, 7, 8, 9, 10, 11, 12, 25, 38, 37, 36, 49, 62, 61, 74, 87, 88, 89, 90, 103, 116, 115, 114, 113, 126, 125, 112, 111, 98, 99, 86, 85, 84, 71, 58, 57, 56, 55, 54, 41, 28, 27, 26, 39, 52, 65, 78, 79, 92, 105, 106, 107, 108, 109, 110, 123, 124, 137, 136, 135, 134, 133, 132, 131, 130, 143, 156, 157, 158, 159, 160, 161, 162, 163, 164, 165, 152, 139, 140, 141, 142, 155, 168]
[00:00:01:30:737] ! Unidirectional s-t. expansions: 46,531, time: 90,736 [ms], path length: 92 [edges], generated: 70,258
[00:00:00:29:246] Expansion 10,000: state None, f=105, g=30
[00:00:00:50:368] Expansion 20,000: state None, f=103, g=54
[00:00:01:09:696] Expansion 30,000: state None, f=102, g=42
[00:00:01:32:108] Expansion 40,000: state None, f=101, g=48
[00:00:01:52:229] Expansion 50,000: state None, f=100, g=42
[00:00:02:11:334] Expansion 60,000: state None, f=99, g=56
[00:00:02:31:817] Expansion 70,000: state None, f=98, g=59
[00:00:02:53:324] Expansion 80,000: state None, f=98, g=36
[00:00:03:11:114] Expansion 90,000: state None, f=97, g=53
[00:00:03:27:793] Expansion 100,000: state None, f=96, g=57
[00:00:03:46:166] Expansion 110,000: state None, f=96, g=49
[00:00:04:05:175] Expansion 120,000: state None, f=95, g=69
[00:00:04:23:774] Expansion 130,000: state None, f=95, g=51
[00:00:04:41:432] Expansion 140,000: state None, f=94, g=75
[00:00:04:53:759] Expansion 150,000: state None, f=94, g=65
[00:00:05:08:844] Expansion 160,000: state None, f=94, g=60
[00:00:05:33:498] Expansion 170,000: state None, f=94, g=32
[00:00:05:48:842] Expansion 180,000: state None, f=93, g=63
[00:00:06:04:411] Expansion 190,000: state None, f=93, g=50
[00:00:06:23:775] Path of length 92 found: [168, 155, 142, 141, 140, 139, 152, 165, 164, 163, 162, 161, 160, 159, 158, 157, 156, 143, 130, 131, 132, 133, 134, 135, 122, 109, 110, 123, 136, 137, 138, 125, 124, 111, 98, 85, 86, 99, 112, 113, 114, 115, 116, 103, 90, 89, 88, 87, 74, 61, 62, 63, 64, 51, 38, 25, 12, 11, 10, 9, 8, 7, 6, 19, 32, 45, 58, 71, 84, 83, 82, 81, 80, 79, 78, 65, 52, 39, 26, 27, 28, 41, 54, 55, 56, 43, 30, 17, 4, 3, 2, 1, 0]
[00:00:06:23:777] ! Unidirectional t-s. expansions: 198,275, time: 383,775 [ms], path length: 92 [edges], generated: 276,295
[00:00:01:15:618] Expansion 20,000: f=103, g=49
[00:00:02:04:637] Expansion 40,000: f=100, g=43
[00:00:02:53:477] Expansion 60,000: f=98, g=33
[00:00:03:43:147] Expansion 80,000: f=95, g=46
[00:00:04:35:601] Expansion 100,000: f=93, g=34
[00:00:05:31:264] Expansion 120,000: f=90, g=43
[00:00:06:24:023] Expansion 140,000: f=89, g=28
[00:00:06:32:124] Path of length 92 found: [0, 1, 2, 3, 4, 17, 30, 31, 32, 19, 6, 7, 8, 9, 10, 11, 12, 25, 38, 37, 36, 49, 62, 61, 60, 59, 58, 57, 56, 55, 54, 41, 28, 27, 26, 39, 52, 65, 78, 79, 92, 105, 106, 107, 108, 109, 110, 123, 124, 111, 112, 99, 98, 85, 86, 87, 88, 89, 90, 103, 116, 115, 114, 113, 126, 125, 138, 137, 136, 135, 134, 133, 132, 131, 130, 143, 156, 157, 158, 159, 160, 161, 162, 163, 164, 165, 152, 139, 140, 141, 142, 155, 168]
[00:00:06:32:131] ! Bidirectional. expansions: 142,516, time: 392,127 [ms], path length: 92 [edges], g_F: 38, g_B: 54, generated: 202,647, MM: 16, MMPER: 16.204301075268816%
[00:00:06:32:137] average expansions: (30,949, 55,400, 59,904, 0)
[00:00:06:32:143] average time: (76,918, 118,750, 162,638, 0)
[00:00:06:32:149] XA*: 30,949 , 76,918 (expansions , time[ms])
[00:00:06:32:155] XMM: 59,904 , 162,638 (expansions , time[ms])

