--------------------------
date: SM_Grids
number_of_graphs: 10
graph_type: grid
size_of_graphs: [8, 8]
heuristic: bcc_heuristic
snake: False
run_uni: True
run_bi: True
run_multi: False
solution_vertices: []
algorithms: ['IDA']
lookahead: 1
bsd: False
cube_first_dims: 4
cube_buffer_dim: None
backward_sym_generation: False
sym_coil: False
prefix_set: None

---------- SM_Grids/8x8_grid_with_random_blocks_20per_0 ----------
[00:00:00:01:757] Path of length 44 found: [0, 1, 9, 10, 2, 3, 4, 12, 20, 28, 29, 21, 13, 5, 6, 7, 15, 14, 22, 23, 31, 30, 38, 37, 36, 35, 34, 26, 25, 17, 16, 24, 32, 40, 48, 49, 41, 42, 43, 44, 52, 53, 61, 62, 63]
[00:00:00:01:758] ! Unidirectional s-t. expansions: 2,116, time: 1,757 [ms], path length: 44 [edges], generated: 3,409
[00:00:00:00:432] Path of length 44 found: [63, 62, 61, 53, 52, 44, 43, 42, 50, 49, 41, 40, 32, 24, 16, 17, 25, 26, 34, 35, 36, 28, 20, 12, 13, 21, 29, 37, 38, 39, 31, 30, 22, 23, 15, 7, 6, 5, 4, 3, 2, 10, 9, 1, 0]
[00:00:00:00:432] ! Unidirectional t-s. expansions: 560, time: 432 [ms], path length: 44 [edges], generated: 980
[00:00:00:11:298] Path of length 44 found: [0, 1, 9, 10, 2, 3, 4, 12, 20, 28, 29, 21, 13, 5, 6, 7, 15, 14, 22, 23, 31, 30, 38, 37, 36, 35, 34, 26, 25, 17, 16, 24, 32, 40, 48, 49, 50, 42, 43, 44, 52, 53, 61, 62, 63]
[00:00:00:11:749] ! Bidirectional. expansions: 7,789, time: 11,298 [ms], path length: 44 [edges], g_F: 35, g_B: 9, generated: {'F': 7,004, 'B': 5,173}, MM: 26, MMPER: 56.77777777777778%
[00:00:00:11:749] 
---------- SM_Grids/8x8_grid_with_random_blocks_20per_1 ----------
[00:00:00:18:914] Path of length 38 found: [0, 8, 16, 24, 25, 17, 9, 1, 2, 3, 11, 10, 18, 26, 34, 33, 41, 40, 48, 56, 57, 49, 50, 42, 43, 35, 27, 19, 20, 28, 29, 30, 31, 39, 47, 46, 54, 62, 63]
[00:00:00:18:914] ! Unidirectional s-t. expansions: 20,966, time: 18,914 [ms], path length: 38 [edges], generated: 36,805
[00:00:00:02:623] Path of length 38 found: [63, 62, 54, 55, 47, 39, 31, 30, 29, 21, 20, 28, 27, 19, 11, 3, 2, 10, 18, 26, 34, 35, 43, 51, 50, 49, 57, 56, 48, 40, 41, 33, 25, 24, 16, 17, 9, 1, 0]
[00:00:00:02:624] ! Unidirectional t-s. expansions: 3,286, time: 2,623 [ms], path length: 38 [edges], generated: 5,881
[00:00:02:28:462] Path of length 38 found: [0, 8, 16, 24, 25, 17, 9, 1, 2, 3, 11, 10, 18, 26, 34, 33, 41, 40, 48, 56, 57, 49, 50, 42, 43, 35, 27, 19, 20, 28, 29, 30, 31, 39, 47, 55, 54, 62, 63]
[00:00:02:28:889] ! Bidirectional. expansions: 91,013, time: 148,462 [ms], path length: 38 [edges], g_F: 32, g_B: 6, generated: {'F': 128,260, 'B': 24,288}, MM: 26, MMPER: 65.66666666666667%
[00:00:02:28:889] 
---------- SM_Grids/8x8_grid_with_random_blocks_20per_2 ----------
[00:00:00:01:005] Path of length 48 found: [0, 8, 16, 17, 9, 1, 2, 3, 4, 12, 20, 19, 18, 26, 34, 33, 41, 40, 48, 56, 57, 49, 50, 58, 59, 60, 61, 53, 45, 37, 36, 28, 29, 21, 13, 5, 6, 14, 15, 23, 22, 30, 31, 39, 38, 46, 54, 62, 63]
[00:00:00:01:005] ! Unidirectional s-t. expansions: 971, time: 1,005 [ms], path length: 48 [edges], generated: 1,686
[00:00:00:01:083] Path of length 48 found: [63, 62, 54, 46, 47, 39, 31, 23, 15, 14, 6, 5, 13, 21, 22, 30, 29, 28, 36, 37, 45, 53, 61, 60, 59, 58, 50, 49, 57, 56, 48, 40, 41, 33, 34, 26, 18, 19, 20, 12, 4, 3, 2, 1, 9, 17, 16, 8, 0]
[00:00:00:01:084] ! Unidirectional t-s. expansions: 1,042, time: 1,084 [ms], path length: 48 [edges], generated: 1,681
[00:00:00:17:337] Path of length 48 found: [0, 8, 16, 17, 9, 1, 2, 3, 4, 12, 20, 19, 18, 26, 34, 33, 41, 40, 48, 56, 57, 49, 50, 58, 59, 60, 61, 53, 45, 37, 36, 28, 29, 30, 22, 21, 13, 5, 6, 14, 15, 23, 31, 39, 47, 46, 54, 62, 63]
[00:00:00:17:786] ! Bidirectional. expansions: 10,107, time: 17,337 [ms], path length: 48 [edges], g_F: 30, g_B: 18, generated: {'F': 9,245, 'B': 7,757}, MM: 12, MMPER: 23.489795918367346%
[00:00:00:17:786] 
---------- SM_Grids/8x8_grid_with_random_blocks_20per_3 ----------
[00:00:00:00:745] Path of length 46 found: [0, 1, 9, 8, 16, 24, 32, 40, 41, 49, 57, 58, 50, 51, 43, 35, 34, 26, 27, 19, 18, 10, 11, 3, 4, 12, 13, 5, 6, 7, 15, 23, 22, 30, 31, 39, 38, 37, 36, 44, 45, 53, 52, 60, 61, 62, 63]
[00:00:00:00:745] ! Unidirectional s-t. expansions: 720, time: 745 [ms], path length: 46 [edges], generated: 1,230
[00:00:00:00:845] Path of length 46 found: [63, 62, 61, 60, 52, 53, 45, 37, 29, 30, 38, 39, 31, 23, 15, 7, 6, 5, 13, 12, 4, 3, 11, 10, 18, 19, 27, 26, 34, 35, 36, 44, 43, 51, 50, 58, 57, 49, 41, 40, 32, 24, 16, 17, 9, 1, 0]
[00:00:00:00:846] ! Unidirectional t-s. expansions: 882, time: 845 [ms], path length: 46 [edges], generated: 1,435
[00:00:00:09:724] Path of length 46 found: [0, 1, 9, 8, 16, 24, 32, 40, 41, 49, 57, 58, 50, 51, 43, 44, 36, 35, 34, 26, 27, 19, 18, 10, 11, 3, 4, 12, 13, 5, 6, 7, 15, 23, 31, 39, 38, 30, 29, 37, 45, 53, 52, 60, 61, 62, 63]
[00:00:00:10:151] ! Bidirectional. expansions: 5,156, time: 9,724 [ms], path length: 46 [edges], g_F: 21, g_B: 25, generated: {'F': 3,080, 'B': 5,860}, MM: 4, MMPER: 7.51063829787234%
[00:00:00:10:151] 
---------- SM_Grids/8x8_grid_with_random_blocks_20per_4 ----------
[00:00:00:53:207] Path of length 44 found: [0, 8, 16, 24, 32, 40, 48, 49, 57, 58, 59, 51, 43, 44, 36, 28, 20, 19, 27, 26, 34, 33, 25, 17, 18, 10, 9, 1, 2, 3, 4, 5, 6, 7, 15, 23, 22, 21, 29, 37, 45, 46, 54, 62, 63]
[00:00:00:53:207] ! Unidirectional s-t. expansions: 70,741, time: 53,207 [ms], path length: 44 [edges], generated: 112,041
[00:00:00:13:152] Path of length 44 found: [63, 55, 54, 46, 38, 37, 45, 44, 43, 51, 59, 58, 57, 49, 48, 40, 41, 33, 32, 24, 16, 8, 9, 17, 25, 26, 18, 10, 11, 19, 27, 28, 20, 21, 22, 23, 15, 7, 6, 5, 4, 3, 2, 1, 0]
[00:00:00:13:153] ! Unidirectional t-s. expansions: 14,918, time: 13,152 [ms], path length: 44 [edges], generated: 27,129
[00:00:04:47:974] Path of length 44 found: [0, 8, 16, 24, 32, 40, 48, 49, 57, 58, 59, 51, 43, 44, 36, 28, 20, 19, 11, 10, 18, 26, 34, 33, 25, 17, 9, 1, 2, 3, 4, 5, 6, 7, 15, 23, 22, 21, 29, 37, 38, 46, 54, 55, 63]
[00:00:04:48:400] ! Bidirectional. expansions: 183,931, time: 287,975 [ms], path length: 44 [edges], g_F: 17, g_B: 27, generated: {'F': 187,741, 'B': 122,031}, MM: 10, MMPER: 21.22222222222222%
[00:00:04:48:400] 
---------- SM_Grids/8x8_grid_with_random_blocks_20per_5 ----------
[00:00:00:03:933] Path of length 46 found: [0, 1, 9, 8, 16, 24, 32, 40, 48, 49, 57, 58, 59, 51, 50, 42, 41, 33, 25, 17, 18, 26, 34, 35, 36, 28, 20, 12, 13, 21, 22, 14, 15, 23, 31, 39, 38, 37, 45, 53, 61, 62, 54, 46, 47, 55, 63]
[00:00:00:03:933] ! Unidirectional s-t. expansions: 3,904, time: 3,933 [ms], path length: 46 [edges], generated: 7,098
[00:00:00:01:688] Path of length 46 found: [63, 55, 47, 39, 31, 23, 15, 14, 22, 21, 13, 12, 20, 28, 29, 37, 38, 46, 54, 62, 61, 53, 52, 51, 59, 58, 57, 49, 48, 40, 32, 24, 25, 33, 41, 42, 43, 35, 34, 26, 18, 17, 16, 8, 9, 1, 0]
[00:00:00:01:688] ! Unidirectional t-s. expansions: 1,657, time: 1,688 [ms], path length: 46 [edges], generated: 3,097
[00:00:01:52:995] Path of length 46 found: [0, 1, 9, 8, 16, 24, 32, 40, 48, 49, 57, 58, 50, 42, 41, 33, 25, 17, 18, 26, 34, 35, 43, 51, 52, 53, 61, 62, 54, 46, 38, 37, 29, 28, 20, 12, 13, 21, 22, 14, 15, 23, 31, 39, 47, 55, 63]
[00:00:01:53:439] ! Bidirectional. expansions: 65,180, time: 112,995 [ms], path length: 46 [edges], g_F: 33, g_B: 13, generated: {'F': 69,471, 'B': 46,450}, MM: 20, MMPER: 41.5531914893617%
[00:00:01:53:440] 
---------- SM_Grids/8x8_grid_with_random_blocks_20per_6 ----------
[00:00:00:01:617] Path of length 46 found: [0, 1, 9, 8, 16, 17, 18, 10, 11, 19, 27, 28, 20, 21, 13, 12, 4, 5, 6, 14, 15, 23, 31, 39, 38, 37, 36, 44, 45, 53, 52, 51, 43, 42, 50, 49, 48, 56, 57, 58, 59, 60, 61, 62, 54, 55, 63]
[00:00:00:01:617] ! Unidirectional s-t. expansions: 1,586, time: 1,617 [ms], path length: 46 [edges], generated: 2,596
[00:00:00:02:544] Path of length 46 found: [63, 55, 47, 39, 31, 23, 15, 14, 6, 5, 4, 12, 13, 21, 29, 37, 45, 53, 54, 62, 61, 60, 52, 51, 59, 58, 57, 56, 48, 49, 50, 42, 43, 44, 36, 28, 20, 19, 27, 26, 18, 10, 9, 17, 16, 8, 0]
[00:00:00:02:545] ! Unidirectional t-s. expansions: 3,085, time: 2,544 [ms], path length: 46 [edges], generated: 5,083
[00:00:00:36:162] Path of length 46 found: [0, 1, 9, 8, 16, 17, 18, 10, 11, 19, 27, 28, 36, 44, 43, 42, 50, 49, 48, 56, 57, 58, 59, 51, 52, 60, 61, 62, 54, 53, 45, 37, 29, 21, 20, 12, 4, 5, 13, 14, 15, 23, 31, 39, 47, 55, 63]
[00:00:00:36:606] ! Bidirectional. expansions: 20,378, time: 36,163 [ms], path length: 46 [edges], g_F: 39, g_B: 7, generated: {'F': 28,091, 'B': 6,875}, MM: 32, MMPER: 67.08510638297872%
[00:00:00:36:606] 
---------- SM_Grids/8x8_grid_with_random_blocks_20per_7 ----------
[00:00:00:03:733] Path of length 42 found: [0, 8, 16, 24, 32, 40, 41, 33, 25, 17, 9, 1, 2, 3, 11, 19, 18, 26, 34, 42, 50, 51, 43, 35, 27, 28, 20, 12, 4, 5, 6, 14, 15, 23, 31, 30, 38, 39, 47, 55, 54, 62, 63]
[00:00:00:03:734] ! Unidirectional s-t. expansions: 3,569, time: 3,734 [ms], path length: 42 [edges], generated: 5,947
[00:00:00:00:369] Path of length 42 found: [63, 62, 54, 55, 47, 39, 38, 30, 31, 23, 15, 7, 6, 5, 4, 3, 2, 1, 9, 17, 25, 33, 34, 26, 18, 19, 11, 12, 20, 28, 27, 35, 43, 51, 50, 42, 41, 40, 32, 24, 16, 8, 0]
[00:00:00:00:369] ! Unidirectional t-s. expansions: 410, time: 369 [ms], path length: 42 [edges], generated: 747
[00:00:00:25:615] Path of length 42 found: [0, 8, 16, 24, 32, 40, 41, 33, 25, 17, 9, 1, 2, 3, 11, 19, 18, 26, 34, 42, 50, 51, 43, 35, 27, 28, 20, 12, 4, 5, 6, 14, 15, 23, 31, 30, 38, 39, 47, 55, 54, 62, 63]
[00:00:00:26:028] ! Bidirectional. expansions: 14,719, time: 25,615 [ms], path length: 42 [edges], g_F: 32, g_B: 10, generated: {'F': 14,549, 'B': 8,566}, MM: 22, MMPER: 50.16279069767442%
[00:00:00:26:028] 
---------- SM_Grids/8x8_grid_with_random_blocks_20per_8 ----------
[00:00:00:00:262] Path of length 48 found: [0, 8, 16, 24, 32, 33, 25, 17, 9, 10, 2, 3, 11, 19, 20, 12, 4, 5, 13, 14, 6, 7, 15, 23, 22, 21, 29, 28, 27, 35, 36, 44, 52, 51, 50, 42, 41, 49, 57, 58, 59, 60, 61, 53, 45, 46, 47, 55, 63]
[00:00:00:00:262] ! Unidirectional s-t. expansions: 264, time: 262 [ms], path length: 48 [edges], generated: 413
[00:00:00:00:050] Path of length 48 found: [63, 55, 47, 46, 45, 53, 61, 60, 59, 58, 57, 49, 41, 42, 50, 51, 52, 44, 36, 35, 27, 19, 11, 12, 20, 28, 29, 21, 13, 14, 22, 23, 15, 7, 6, 5, 4, 3, 2, 10, 9, 17, 25, 33, 32, 24, 16, 8, 0]
[00:00:00:00:050] ! Unidirectional t-s. expansions: 51, time: 50 [ms], path length: 48 [edges], generated: 81
[00:00:00:00:711] Path of length 48 found: [0, 8, 16, 24, 32, 33, 25, 17, 9, 10, 2, 3, 11, 19, 20, 12, 4, 5, 13, 14, 6, 7, 15, 23, 22, 21, 29, 28, 27, 35, 36, 44, 52, 51, 50, 42, 41, 49, 57, 58, 59, 60, 61, 53, 45, 46, 47, 55, 63]
[00:00:00:01:125] ! Bidirectional. expansions: 377, time: 711 [ms], path length: 48 [edges], g_F: 48, g_B: 0, generated: {'F': 508, 'B': 105}, MM: 48, MMPER: 96.95918367346938%
[00:00:00:01:125] 
---------- SM_Grids/8x8_grid_with_random_blocks_20per_9 ----------
[00:00:00:00:047] Path of length 36 found: [0, 8, 9, 1, 2, 10, 18, 26, 34, 35, 27, 28, 36, 44, 45, 37, 29, 21, 13, 5, 6, 7, 15, 14, 22, 23, 31, 30, 38, 39, 47, 55, 54, 53, 61, 62, 63]
[00:00:00:00:047] ! Unidirectional s-t. expansions: 38, time: 47 [ms], path length: 36 [edges], generated: 65
[00:00:00:00:172] Path of length 36 found: [63, 62, 61, 53, 54, 55, 47, 39, 31, 23, 15, 7, 6, 5, 13, 14, 22, 21, 29, 30, 38, 37, 45, 44, 36, 28, 27, 35, 34, 26, 18, 17, 9, 10, 2, 1, 0]
[00:00:00:00:172] ! Unidirectional t-s. expansions: 166, time: 172 [ms], path length: 36 [edges], generated: 282
[00:00:00:00:805] Path of length 36 found: [0, 8, 9, 1, 2, 10, 18, 26, 34, 35, 27, 28, 36, 44, 45, 37, 38, 30, 29, 21, 22, 14, 13, 5, 6, 7, 15, 23, 31, 39, 47, 55, 54, 53, 61, 62, 63]
[00:00:00:01:216] ! Bidirectional. expansions: 394, time: 805 [ms], path length: 36 [edges], g_F: 4, g_B: 32, generated: {'F': 275, 'B': 391}, MM: 28, MMPER: 74.67567567567568%
[00:00:00:01:217] average expansions: (10,488, 2,606, 39,904, 0)
[00:00:00:01:217] average time: (8,522, 2,296, 65,108, 0)
[00:00:00:01:217] XIDA: 2,606 , 2,296 (expansions , time[ms])
[00:00:00:01:217] BiXIDA: 39,904 , 65,108 (expansions , time[ms])

