--------------------------
date: SM_Grids
number_of_graphs: 10
graph_type: grid
size_of_graphs: [7, 8]
heuristic: bcc_heuristic
snake: False
run_uni: True
run_bi: True
run_multi: False
solution_vertices: []
algorithms: ['IDA']
lookahead: 1
bsd: False
cube_first_dims: 4
cube_buffer_dim: None
backward_sym_generation: False
sym_coil: False
prefix_set: None

---------- SM_Grids/7x8_grid_with_random_blocks_12per_0 ----------
[00:00:00:13:042] Path of length 47 found: [0, 1, 2, 10, 18, 17, 16, 24, 32, 40, 48, 49, 41, 33, 25, 26, 34, 42, 50, 51, 43, 44, 45, 37, 29, 21, 13, 12, 20, 28, 27, 19, 11, 3, 4, 5, 6, 7, 15, 14, 22, 23, 31, 30, 38, 46, 47, 55]
[00:00:00:13:042] ! Unidirectional s-t. expansions: 20,370, time: 13,042 [ms], path length: 47 [edges], generated: 33,010
[00:00:00:04:086] Path of length 47 found: [55, 47, 39, 31, 23, 15, 7, 6, 5, 4, 3, 11, 19, 27, 28, 20, 12, 13, 14, 22, 21, 29, 30, 38, 37, 45, 44, 43, 51, 50, 42, 34, 26, 25, 33, 41, 49, 48, 40, 32, 24, 16, 17, 18, 10, 2, 1, 0]
[00:00:00:04:086] ! Unidirectional t-s. expansions: 5,634, time: 4,086 [ms], path length: 47 [edges], generated: 9,683
[00:00:03:58:311] Path of length 47 found: [0, 1, 2, 10, 18, 17, 16, 24, 32, 40, 48, 49, 41, 33, 25, 26, 34, 42, 50, 51, 43, 44, 45, 37, 38, 30, 29, 21, 22, 14, 13, 12, 20, 28, 27, 19, 11, 3, 4, 5, 6, 7, 15, 23, 31, 39, 47, 55]
[00:00:03:58:715] ! Bidirectional. expansions: 178,083, time: 238,311 [ms], path length: 47 [edges], g_F: 24, g_B: 23, generated: {'F': 214,829, 'B': 84,250}, MM: 1, MMPER: 1.0833333333333335%
[00:00:03:58:715] 
---------- SM_Grids/7x8_grid_with_random_blocks_12per_1 ----------
[00:00:00:04:910] Path of length 47 found: [0, 8, 16, 24, 32, 40, 41, 33, 25, 17, 9, 10, 2, 3, 11, 19, 18, 26, 34, 42, 50, 51, 43, 35, 27, 28, 20, 21, 13, 12, 4, 5, 6, 14, 15, 23, 22, 30, 38, 37, 36, 44, 45, 53, 54, 46, 47, 55]
[00:00:00:04:911] ! Unidirectional s-t. expansions: 5,636, time: 4,910 [ms], path length: 47 [edges], generated: 9,258
[00:00:00:00:063] Path of length 47 found: [55, 47, 39, 38, 46, 54, 53, 45, 37, 36, 44, 43, 51, 50, 42, 34, 35, 27, 28, 20, 12, 13, 21, 22, 23, 15, 14, 6, 5, 4, 3, 2, 10, 11, 19, 18, 26, 25, 33, 41, 40, 32, 24, 16, 17, 9, 8, 0]
[00:00:00:00:063] ! Unidirectional t-s. expansions: 57, time: 63 [ms], path length: 47 [edges], generated: 98
[00:00:00:42:608] Path of length 47 found: [0, 8, 16, 24, 32, 40, 41, 33, 25, 26, 18, 17, 9, 10, 2, 3, 4, 5, 6, 14, 15, 23, 22, 21, 13, 12, 11, 19, 20, 28, 27, 35, 34, 42, 50, 51, 43, 44, 36, 37, 45, 53, 54, 46, 38, 39, 47, 55]
[00:00:00:42:979] ! Bidirectional. expansions: 24,739, time: 42,609 [ms], path length: 47 [edges], g_F: 28, g_B: 19, generated: {'F': 32,765, 'B': 10,350}, MM: 9, MMPER: 17.75%
[00:00:00:42:979] 
---------- SM_Grids/7x8_grid_with_random_blocks_12per_2 ----------
[00:00:00:10:016] Path of length 45 found: [0, 8, 16, 24, 32, 40, 48, 49, 41, 33, 34, 26, 18, 17, 9, 1, 2, 10, 11, 3, 4, 5, 13, 21, 22, 14, 6, 7, 15, 23, 31, 39, 38, 37, 29, 28, 20, 19, 27, 35, 43, 44, 52, 53, 54, 55]
[00:00:00:10:016] ! Unidirectional s-t. expansions: 11,812, time: 10,016 [ms], path length: 45 [edges], generated: 19,751
[00:00:00:00:929] Path of length 45 found: [55, 47, 39, 31, 23, 15, 7, 6, 5, 13, 14, 22, 21, 29, 37, 45, 53, 52, 44, 43, 35, 36, 28, 20, 19, 27, 26, 34, 33, 41, 49, 48, 40, 32, 24, 16, 8, 9, 17, 18, 10, 11, 3, 2, 1, 0]
[00:00:00:00:930] ! Unidirectional t-s. expansions: 921, time: 929 [ms], path length: 45 [edges], generated: 1,666
[00:00:01:06:149] Path of length 45 found: [0, 8, 16, 24, 32, 40, 48, 49, 41, 33, 34, 26, 18, 17, 9, 1, 2, 10, 11, 3, 4, 5, 13, 21, 22, 14, 6, 7, 15, 23, 31, 39, 38, 37, 29, 28, 20, 19, 27, 35, 43, 44, 52, 53, 54, 55]
[00:00:01:06:605] ! Bidirectional. expansions: 38,831, time: 66,149 [ms], path length: 45 [edges], g_F: 43, g_B: 2, generated: {'F': 46,419, 'B': 18,365}, MM: 41, MMPER: 88.1304347826087%
[00:00:01:06:605] 
---------- SM_Grids/7x8_grid_with_random_blocks_12per_3 ----------
[00:00:00:41:772] Path of length 45 found: [0, 8, 16, 24, 32, 33, 25, 17, 9, 1, 2, 10, 11, 3, 4, 5, 6, 14, 22, 21, 20, 19, 27, 26, 34, 42, 41, 49, 50, 51, 43, 35, 36, 44, 52, 53, 45, 37, 29, 30, 31, 39, 38, 46, 47, 55]
[00:00:00:41:772] ! Unidirectional s-t. expansions: 53,973, time: 41,772 [ms], path length: 45 [edges], generated: 93,857
[00:00:00:49:393] Path of length 45 found: [55, 47, 39, 31, 30, 22, 14, 6, 5, 4, 3, 2, 10, 11, 12, 20, 19, 27, 35, 43, 44, 36, 28, 29, 37, 38, 46, 45, 53, 52, 51, 50, 49, 41, 42, 34, 26, 25, 33, 32, 24, 16, 17, 9, 1, 0]
[00:00:00:49:393] ! Unidirectional t-s. expansions: 68,741, time: 49,393 [ms], path length: 45 [edges], generated: 114,264
[00:00:10:14:871] Path of length 45 found: [0, 8, 16, 24, 32, 33, 25, 17, 9, 1, 2, 10, 11, 19, 27, 26, 34, 42, 41, 49, 50, 51, 43, 35, 36, 44, 52, 53, 45, 46, 38, 37, 29, 21, 20, 12, 4, 5, 6, 14, 22, 30, 31, 39, 47, 55]
[00:00:10:15:244] ! Bidirectional. expansions: 446,583, time: 614,871 [ms], path length: 45 [edges], g_F: 34, g_B: 11, generated: {'F': 482,737, 'B': 330,685}, MM: 23, MMPER: 49.0%
[00:00:10:15:244] 
---------- SM_Grids/7x8_grid_with_random_blocks_12per_4 ----------
[00:00:00:29:767] Path of length 45 found: [0, 1, 2, 10, 9, 17, 16, 24, 25, 33, 32, 40, 48, 49, 41, 42, 34, 35, 43, 51, 52, 53, 45, 37, 36, 28, 27, 19, 11, 12, 20, 21, 13, 5, 6, 7, 15, 23, 22, 30, 31, 39, 38, 46, 54, 55]
[00:00:00:29:767] ! Unidirectional s-t. expansions: 38,319, time: 29,767 [ms], path length: 45 [edges], generated: 66,489
[00:00:00:57:827] Path of length 45 found: [55, 47, 39, 31, 23, 15, 7, 6, 5, 4, 12, 13, 21, 22, 30, 38, 37, 45, 46, 54, 53, 52, 51, 43, 42, 50, 49, 48, 40, 32, 24, 16, 17, 25, 33, 34, 35, 36, 28, 20, 19, 11, 10, 2, 1, 0]
[00:00:00:57:827] ! Unidirectional t-s. expansions: 80,346, time: 57,827 [ms], path length: 45 [edges], generated: 133,205
[00:00:09:30:184] Path of length 45 found: [0, 1, 2, 10, 9, 17, 18, 19, 27, 28, 36, 35, 34, 33, 25, 24, 32, 40, 48, 49, 41, 42, 50, 51, 52, 53, 54, 46, 45, 37, 38, 30, 22, 21, 13, 12, 4, 5, 6, 7, 15, 23, 31, 39, 47, 55]
[00:00:09:30:551] ! Bidirectional. expansions: 383,057, time: 570,184 [ms], path length: 45 [edges], g_F: 23, g_B: 22, generated: {'F': 420,067, 'B': 253,045}, MM: 1, MMPER: 1.1739130434782608%
[00:00:09:30:551] 
---------- SM_Grids/7x8_grid_with_random_blocks_12per_5 ----------
[00:00:00:49:735] Path of length 45 found: [0, 8, 16, 17, 9, 1, 2, 10, 18, 26, 25, 33, 32, 40, 48, 49, 50, 51, 52, 53, 45, 46, 38, 30, 29, 21, 13, 12, 20, 28, 36, 35, 27, 19, 11, 3, 4, 5, 6, 14, 22, 23, 31, 39, 47, 55]
[00:00:00:49:735] ! Unidirectional s-t. expansions: 53,731, time: 49,735 [ms], path length: 45 [edges], generated: 96,042
[00:00:00:12:366] Path of length 45 found: [55, 47, 39, 31, 23, 22, 14, 6, 5, 4, 3, 2, 1, 9, 10, 18, 26, 34, 35, 36, 28, 27, 19, 11, 12, 20, 21, 29, 30, 38, 46, 45, 53, 52, 51, 50, 49, 48, 40, 32, 33, 25, 17, 16, 8, 0]
[00:00:00:12:366] ! Unidirectional t-s. expansions: 15,451, time: 12,366 [ms], path length: 45 [edges], generated: 26,229
[00:00:07:39:149] Path of length 45 found: [0, 8, 16, 17, 9, 1, 2, 10, 18, 26, 27, 19, 11, 3, 4, 12, 20, 28, 36, 35, 34, 33, 32, 40, 48, 49, 50, 51, 52, 53, 45, 46, 38, 30, 29, 21, 13, 5, 6, 14, 22, 23, 31, 39, 47, 55]
[00:00:07:39:484] ! Bidirectional. expansions: 307,600, time: 459,149 [ms], path length: 45 [edges], g_F: 25, g_B: 20, generated: {'F': 355,386, 'B': 185,282}, MM: 5, MMPER: 9.869565217391305%
[00:00:07:39:484] 
---------- SM_Grids/7x8_grid_with_random_blocks_12per_6 ----------
[00:00:00:00:045] Path of length 47 found: [0, 8, 9, 17, 18, 10, 2, 3, 11, 19, 27, 26, 34, 33, 32, 40, 48, 49, 41, 42, 50, 51, 43, 35, 36, 28, 20, 21, 29, 37, 45, 44, 52, 53, 54, 46, 38, 30, 22, 14, 6, 7, 15, 23, 31, 39, 47, 55]
[00:00:00:00:045] ! Unidirectional s-t. expansions: 46, time: 45 [ms], path length: 47 [edges], generated: 77
[00:00:00:00:084] Path of length 47 found: [55, 47, 39, 31, 23, 15, 7, 6, 14, 22, 21, 20, 28, 36, 35, 43, 44, 45, 37, 29, 30, 38, 46, 54, 53, 52, 51, 50, 42, 41, 49, 48, 40, 32, 33, 34, 26, 27, 19, 11, 3, 2, 10, 18, 17, 9, 8, 0]
[00:00:00:00:084] ! Unidirectional t-s. expansions: 92, time: 84 [ms], path length: 47 [edges], generated: 157
[00:00:00:00:093] Path of length 47 found: [0, 8, 9, 17, 18, 10, 2, 3, 11, 19, 27, 26, 34, 33, 32, 40, 48, 49, 41, 42, 50, 51, 43, 35, 36, 28, 20, 21, 29, 37, 45, 44, 52, 53, 54, 46, 38, 30, 22, 14, 6, 7, 15, 23, 31, 39, 47, 55]
[00:00:00:00:435] ! Bidirectional. expansions: 46, time: 93 [ms], path length: 47 [edges], g_F: 40, g_B: 7, generated: {'F': 68, 'B': 13}, MM: 33, MMPER: 67.75%
[00:00:00:00:435] 
---------- SM_Grids/7x8_grid_with_random_blocks_12per_7 ----------
[00:00:00:00:054] Path of length 47 found: [0, 8, 9, 1, 2, 10, 18, 17, 25, 33, 41, 49, 50, 42, 34, 26, 27, 35, 43, 51, 52, 44, 36, 28, 20, 19, 11, 3, 4, 12, 13, 5, 6, 14, 15, 23, 31, 30, 29, 37, 45, 53, 54, 46, 38, 39, 47, 55]
[00:00:00:00:054] ! Unidirectional s-t. expansions: 60, time: 54 [ms], path length: 47 [edges], generated: 103
[00:00:00:00:266] Path of length 47 found: [55, 47, 39, 31, 23, 15, 14, 6, 5, 13, 12, 4, 3, 11, 19, 20, 28, 27, 26, 34, 42, 43, 35, 36, 44, 45, 37, 29, 30, 38, 46, 54, 53, 52, 51, 50, 49, 41, 33, 25, 17, 18, 10, 2, 1, 9, 8, 0]
[00:00:00:00:266] ! Unidirectional t-s. expansions: 354, time: 266 [ms], path length: 47 [edges], generated: 633
[00:00:00:00:097] Path of length 47 found: [0, 8, 9, 1, 2, 10, 18, 17, 25, 33, 41, 49, 50, 51, 52, 44, 45, 53, 54, 46, 38, 30, 29, 37, 36, 35, 43, 42, 34, 26, 27, 28, 20, 19, 11, 3, 4, 12, 13, 5, 6, 14, 15, 23, 31, 39, 47, 55]
[00:00:00:00:450] ! Bidirectional. expansions: 46, time: 97 [ms], path length: 47 [edges], g_F: 23, g_B: 24, generated: {'F': 46, 'B': 48}, MM: 1, MMPER: 1.0833333333333335%
[00:00:00:00:450] 
---------- SM_Grids/7x8_grid_with_random_blocks_12per_8 ----------
[00:00:00:08:475] Path of length 47 found: [0, 8, 16, 24, 32, 33, 34, 26, 18, 17, 9, 1, 2, 10, 11, 3, 4, 12, 20, 19, 27, 35, 43, 42, 50, 51, 52, 44, 36, 28, 29, 21, 13, 5, 6, 7, 15, 14, 22, 30, 31, 39, 47, 46, 45, 53, 54, 55]
[00:00:00:08:476] ! Unidirectional s-t. expansions: 10,105, time: 8,475 [ms], path length: 47 [edges], generated: 17,949
[00:00:00:25:625] Path of length 47 found: [55, 47, 39, 31, 30, 22, 14, 15, 7, 6, 5, 4, 3, 2, 10, 18, 26, 27, 19, 11, 12, 13, 21, 20, 28, 29, 37, 36, 35, 43, 44, 45, 46, 54, 53, 52, 51, 50, 42, 34, 33, 32, 24, 16, 17, 9, 1, 0]
[00:00:00:25:625] ! Unidirectional t-s. expansions: 39,986, time: 25,625 [ms], path length: 47 [edges], generated: 65,447
[00:00:05:09:965] Path of length 47 found: [0, 8, 16, 24, 32, 33, 34, 26, 18, 17, 9, 1, 2, 10, 11, 3, 4, 12, 20, 19, 27, 35, 43, 42, 50, 51, 52, 53, 54, 46, 45, 37, 36, 28, 29, 21, 13, 5, 6, 7, 15, 14, 22, 30, 31, 39, 47, 55]
[00:00:05:10:307] ! Bidirectional. expansions: 246,267, time: 309,965 [ms], path length: 47 [edges], g_F: 30, g_B: 17, generated: {'F': 237,730, 'B': 201,180}, MM: 13, MMPER: 26.083333333333332%
[00:00:05:10:307] 
---------- SM_Grids/7x8_grid_with_random_blocks_12per_9 ----------
[00:00:00:00:629] Path of length 47 found: [0, 8, 16, 24, 32, 40, 48, 49, 41, 33, 25, 17, 18, 10, 2, 3, 11, 19, 27, 26, 34, 42, 50, 51, 43, 35, 36, 28, 29, 21, 20, 12, 13, 5, 6, 7, 15, 14, 22, 23, 31, 30, 38, 39, 47, 46, 54, 55]
[00:00:00:00:629] ! Unidirectional s-t. expansions: 594, time: 629 [ms], path length: 47 [edges], generated: 1,031
[00:00:00:00:538] Path of length 47 found: [55, 54, 46, 47, 39, 38, 30, 31, 23, 15, 7, 6, 5, 13, 14, 22, 21, 29, 28, 20, 12, 11, 3, 2, 10, 18, 19, 27, 26, 25, 33, 41, 42, 34, 35, 36, 44, 43, 51, 50, 49, 48, 40, 32, 24, 16, 8, 0]
[00:00:00:00:538] ! Unidirectional t-s. expansions: 751, time: 538 [ms], path length: 47 [edges], generated: 1,277
[00:00:00:21:400] Path of length 47 found: [0, 8, 16, 24, 32, 40, 48, 49, 41, 33, 25, 17, 18, 10, 2, 3, 11, 19, 27, 26, 34, 42, 50, 51, 43, 35, 36, 28, 29, 21, 20, 12, 13, 5, 6, 7, 15, 14, 22, 23, 31, 30, 38, 39, 47, 46, 54, 55]
[00:00:00:21:740] ! Bidirectional. expansions: 15,335, time: 21,400 [ms], path length: 47 [edges], g_F: 26, g_B: 21, generated: {'F': 15,073, 'B': 11,336}, MM: 5, MMPER: 9.416666666666666%
[00:00:00:21:740] average expansions: (19,465, 21,233, 164,059, 0)
[00:00:00:21:740] average time: (15,844, 15,118, 232,283, 0)
[00:00:00:21:740] XIDA: 19,465 , 15,118 (expansions , time[ms])
[00:00:00:21:740] BiXIDA: 164,059 , 232,283 (expansions , time[ms])

