--------------------------
date: SM_Grids
number_of_graphs: 10
graph_type: grid
size_of_graphs: [8, 8]
heuristic: bcc_heuristic
snake: False
run_uni: True
run_bi: True
run_multi: False
solution_vertices: []
algorithms: ['IDA']
lookahead: 1
bsd: False
cube_first_dims: 4
cube_buffer_dim: None
backward_sym_generation: False
sym_coil: False
prefix_set: None

---------- SM_Grids/8x8_grid_with_random_blocks_16per_0 ----------
[00:00:00:00:917] Path of length 44 found: [0, 1, 9, 10, 2, 3, 11, 19, 18, 26, 25, 24, 32, 40, 48, 49, 41, 33, 34, 42, 50, 51, 43, 35, 36, 28, 20, 12, 13, 5, 6, 7, 15, 14, 22, 23, 31, 30, 29, 37, 38, 46, 47, 55, 63]
[00:00:00:00:917] ! Unidirectional s-t. expansions: 1,101, time: 917 [ms], path length: 44 [edges], generated: 1,883
[00:00:00:00:339] Path of length 44 found: [63, 55, 47, 46, 38, 39, 31, 23, 15, 7, 6, 5, 13, 14, 22, 30, 29, 37, 36, 44, 43, 35, 34, 33, 41, 42, 50, 49, 48, 40, 32, 24, 25, 26, 18, 19, 20, 12, 11, 3, 2, 10, 9, 1, 0]
[00:00:00:00:340] ! Unidirectional t-s. expansions: 288, time: 340 [ms], path length: 44 [edges], generated: 503
[00:00:00:13:619] Path of length 44 found: [0, 1, 9, 10, 2, 3, 11, 19, 18, 26, 25, 24, 32, 40, 48, 49, 41, 33, 34, 42, 50, 51, 43, 35, 36, 37, 29, 28, 20, 12, 13, 5, 6, 7, 15, 23, 22, 30, 31, 39, 38, 46, 47, 55, 63]
[00:00:00:14:066] ! Bidirectional. expansions: 8,629, time: 13,619 [ms], path length: 44 [edges], g_F: 32, g_B: 12, generated: {'F': 6,172, 'B': 8,539}, MM: 20, MMPER: 43.44444444444444%
[00:00:00:14:066] 
---------- SM_Grids/8x8_grid_with_random_blocks_16per_1 ----------
[00:00:00:00:116] Path of length 44 found: [0, 8, 16, 24, 32, 33, 25, 26, 18, 10, 2, 3, 4, 12, 11, 19, 27, 35, 34, 42, 43, 44, 36, 28, 20, 21, 29, 30, 22, 14, 15, 23, 31, 39, 38, 46, 47, 55, 54, 53, 52, 60, 61, 62, 63]
[00:00:00:00:117] ! Unidirectional s-t. expansions: 69, time: 117 [ms], path length: 44 [edges], generated: 119
[00:00:00:06:672] Path of length 44 found: [63, 62, 61, 60, 52, 53, 54, 55, 47, 46, 38, 39, 31, 23, 15, 14, 22, 30, 29, 21, 20, 12, 4, 3, 2, 10, 11, 19, 18, 26, 34, 35, 27, 28, 36, 44, 43, 42, 41, 33, 25, 24, 16, 8, 0]
[00:00:00:06:672] ! Unidirectional t-s. expansions: 6,115, time: 6,672 [ms], path length: 44 [edges], generated: 11,408
[00:00:00:16:888] Path of length 44 found: [0, 8, 16, 24, 32, 33, 41, 42, 43, 44, 36, 28, 27, 35, 34, 26, 18, 19, 11, 10, 2, 3, 4, 12, 20, 21, 29, 30, 22, 14, 15, 23, 31, 39, 38, 46, 47, 55, 54, 53, 52, 60, 61, 62, 63]
[00:00:00:17:351] ! Bidirectional. expansions: 7,956, time: 16,888 [ms], path length: 44 [edges], g_F: 5, g_B: 39, generated: {'F': 5,781, 'B': 8,975}, MM: 34, MMPER: 74.55555555555556%
[00:00:00:17:351] 
---------- SM_Grids/8x8_grid_with_random_blocks_16per_2 ----------
[00:00:00:04:350] Path of length 44 found: [0, 8, 16, 24, 32, 40, 48, 56, 57, 49, 41, 33, 34, 26, 18, 10, 2, 3, 11, 19, 27, 28, 20, 21, 29, 30, 38, 46, 47, 55, 54, 53, 45, 44, 43, 42, 50, 58, 59, 51, 52, 60, 61, 62, 63]
[00:00:00:04:350] ! Unidirectional s-t. expansions: 4,448, time: 4,350 [ms], path length: 44 [edges], generated: 8,031
[00:00:00:16:923] Path of length 44 found: [63, 55, 47, 46, 38, 30, 29, 21, 20, 19, 11, 3, 2, 10, 18, 26, 27, 28, 36, 44, 45, 53, 54, 62, 61, 60, 52, 51, 43, 42, 34, 33, 41, 49, 50, 58, 57, 56, 48, 40, 32, 24, 16, 8, 0]
[00:00:00:16:923] ! Unidirectional t-s. expansions: 18,628, time: 16,923 [ms], path length: 44 [edges], generated: 30,668
[00:00:02:03:367] Path of length 44 found: [0, 8, 16, 24, 32, 40, 48, 56, 57, 49, 41, 33, 34, 42, 43, 51, 50, 58, 59, 60, 61, 62, 54, 53, 45, 44, 36, 28, 27, 26, 18, 10, 2, 3, 11, 19, 20, 21, 29, 30, 38, 46, 47, 55, 63]
[00:00:02:03:795] ! Bidirectional. expansions: 67,342, time: 123,367 [ms], path length: 44 [edges], g_F: 25, g_B: 19, generated: {'F': 66,265, 'B': 50,997}, MM: 6, MMPER: 12.333333333333334%
[00:00:02:03:795] 
---------- SM_Grids/8x8_grid_with_random_blocks_16per_3 ----------
[00:00:00:14:719] Path of length 44 found: [0, 8, 16, 24, 25, 17, 18, 10, 11, 19, 27, 26, 34, 33, 41, 49, 50, 42, 43, 35, 36, 28, 29, 21, 20, 12, 13, 14, 15, 23, 31, 30, 38, 39, 47, 46, 45, 44, 52, 60, 61, 53, 54, 62, 63]
[00:00:00:14:719] ! Unidirectional s-t. expansions: 17,150, time: 14,719 [ms], path length: 44 [edges], generated: 30,483
[00:00:00:47:549] Path of length 44 found: [63, 55, 47, 39, 31, 23, 15, 14, 13, 12, 11, 10, 18, 26, 34, 42, 43, 35, 36, 28, 27, 19, 20, 21, 29, 30, 38, 46, 45, 53, 54, 62, 61, 60, 52, 51, 50, 49, 41, 33, 25, 17, 16, 8, 0]
[00:00:00:47:549] ! Unidirectional t-s. expansions: 60,350, time: 47,549 [ms], path length: 44 [edges], generated: 104,408
[00:00:06:20:946] Path of length 44 found: [0, 8, 16, 24, 25, 17, 18, 10, 11, 19, 27, 26, 34, 33, 41, 49, 50, 51, 43, 35, 36, 44, 52, 60, 61, 62, 54, 53, 45, 46, 38, 30, 29, 28, 20, 12, 13, 14, 15, 23, 31, 39, 47, 55, 63]
[00:00:06:21:359] ! Bidirectional. expansions: 266,856, time: 380,946 [ms], path length: 44 [edges], g_F: 36, g_B: 8, generated: {'F': 278,484, 'B': 201,451}, MM: 28, MMPER: 61.22222222222222%
[00:00:06:21:359] 
---------- SM_Grids/8x8_grid_with_random_blocks_16per_4 ----------
[00:00:00:00:848] Path of length 48 found: [0, 1, 9, 8, 16, 17, 25, 33, 32, 40, 48, 56, 57, 49, 41, 42, 50, 51, 52, 60, 61, 53, 45, 44, 36, 28, 27, 35, 34, 26, 18, 10, 11, 3, 4, 12, 13, 14, 22, 30, 29, 37, 38, 39, 47, 46, 54, 62, 63]
[00:00:00:00:849] ! Unidirectional s-t. expansions: 958, time: 849 [ms], path length: 48 [edges], generated: 1,615
[00:00:00:02:519] Path of length 48 found: [63, 55, 47, 39, 38, 30, 22, 14, 13, 12, 4, 3, 11, 10, 18, 26, 34, 35, 27, 28, 29, 37, 36, 44, 45, 46, 54, 62, 61, 53, 52, 51, 50, 42, 41, 49, 57, 56, 48, 40, 32, 33, 25, 17, 16, 8, 9, 1, 0]
[00:00:00:02:519] ! Unidirectional t-s. expansions: 2,044, time: 2,519 [ms], path length: 48 [edges], generated: 3,670
[00:00:00:32:274] Path of length 48 found: [0, 1, 9, 8, 16, 17, 25, 26, 18, 10, 11, 3, 4, 12, 13, 14, 22, 30, 29, 37, 38, 46, 47, 55, 54, 53, 45, 44, 36, 28, 27, 35, 34, 33, 32, 40, 48, 56, 57, 49, 41, 42, 50, 51, 52, 60, 61, 62, 63]
[00:00:00:32:690] ! Bidirectional. expansions: 16,233, time: 32,275 [ms], path length: 48 [edges], g_F: 22, g_B: 26, generated: {'F': 12,124, 'B': 16,236}, MM: 4, MMPER: 7.163265306122449%
[00:00:00:32:690] 
---------- SM_Grids/8x8_grid_with_random_blocks_16per_5 ----------
[00:00:00:02:941] Path of length 50 found: [0, 8, 16, 24, 32, 33, 34, 26, 25, 17, 9, 1, 2, 10, 11, 19, 20, 12, 4, 5, 6, 14, 15, 23, 22, 30, 29, 28, 36, 35, 43, 51, 50, 49, 48, 56, 57, 58, 59, 60, 61, 53, 52, 44, 45, 46, 38, 39, 47, 55, 63]
[00:00:00:02:941] ! Unidirectional s-t. expansions: 2,879, time: 2,941 [ms], path length: 50 [edges], generated: 4,867
[00:00:00:03:496] Path of length 50 found: [63, 55, 47, 39, 38, 46, 54, 53, 45, 44, 52, 60, 59, 58, 57, 56, 48, 49, 50, 51, 43, 35, 36, 28, 29, 30, 31, 23, 15, 14, 6, 5, 4, 12, 20, 19, 11, 3, 2, 10, 9, 17, 25, 26, 34, 33, 32, 24, 16, 8, 0]
[00:00:00:03:497] ! Unidirectional t-s. expansions: 3,209, time: 3,497 [ms], path length: 50 [edges], generated: 5,432
[00:00:01:16:263] Path of length 50 found: [0, 8, 16, 24, 32, 33, 34, 26, 25, 17, 9, 1, 2, 3, 11, 19, 20, 12, 4, 5, 6, 14, 15, 23, 22, 30, 29, 28, 36, 35, 43, 51, 50, 49, 48, 56, 57, 58, 59, 60, 61, 53, 52, 44, 45, 46, 38, 39, 47, 55, 63]
[00:00:01:16:704] ! Bidirectional. expansions: 35,191, time: 76,263 [ms], path length: 50 [edges], g_F: 25, g_B: 25, generated: {'F': 30,918, 'B': 28,907}, MM: 0, MMPER: -1.0%
[00:00:01:16:704] 
---------- SM_Grids/8x8_grid_with_random_blocks_16per_6 ----------
[00:00:00:00:269] Path of length 48 found: [0, 1, 9, 8, 16, 24, 32, 40, 48, 49, 50, 42, 41, 33, 25, 17, 18, 10, 11, 19, 27, 26, 34, 35, 36, 44, 52, 53, 45, 37, 29, 21, 13, 5, 6, 7, 15, 14, 22, 23, 31, 30, 38, 46, 47, 55, 54, 62, 63]
[00:00:00:00:270] ! Unidirectional s-t. expansions: 261, time: 269 [ms], path length: 48 [edges], generated: 440
[00:00:00:00:102] Path of length 48 found: [63, 62, 54, 55, 47, 46, 38, 30, 31, 23, 15, 7, 6, 5, 13, 14, 22, 21, 29, 37, 45, 53, 52, 44, 36, 35, 27, 19, 11, 10, 18, 17, 25, 26, 34, 33, 41, 42, 50, 49, 48, 40, 32, 24, 16, 8, 9, 1, 0]
[00:00:00:00:102] ! Unidirectional t-s. expansions: 83, time: 102 [ms], path length: 48 [edges], generated: 141
[00:00:00:04:740] Path of length 48 found: [0, 1, 9, 8, 16, 24, 32, 40, 48, 49, 50, 42, 41, 33, 25, 17, 18, 10, 11, 19, 27, 26, 34, 35, 36, 44, 52, 53, 45, 37, 29, 21, 22, 14, 13, 5, 6, 7, 15, 23, 31, 30, 38, 46, 47, 55, 54, 62, 63]
[00:00:00:05:152] ! Bidirectional. expansions: 2,275, time: 4,740 [ms], path length: 48 [edges], g_F: 31, g_B: 17, generated: {'F': 2,619, 'B': 1,413}, MM: 14, MMPER: 27.571428571428573%
[00:00:00:05:153] 
---------- SM_Grids/8x8_grid_with_random_blocks_16per_7 ----------
[00:00:00:46:553] Path of length 48 found: [0, 8, 16, 24, 32, 40, 48, 56, 57, 49, 41, 33, 34, 26, 18, 17, 9, 10, 2, 3, 11, 19, 27, 28, 20, 12, 13, 14, 6, 7, 15, 23, 31, 30, 38, 37, 45, 44, 43, 42, 50, 58, 59, 60, 61, 53, 54, 55, 63]
[00:00:00:46:553] ! Unidirectional s-t. expansions: 50,891, time: 46,553 [ms], path length: 48 [edges], generated: 86,251
[00:00:00:21:181] Path of length 48 found: [63, 55, 54, 46, 38, 30, 31, 23, 15, 7, 6, 14, 13, 21, 20, 12, 11, 3, 2, 10, 9, 17, 18, 19, 27, 26, 34, 35, 43, 44, 45, 53, 61, 60, 59, 51, 50, 42, 41, 49, 57, 56, 48, 40, 32, 24, 16, 8, 0]
[00:00:00:21:182] ! Unidirectional t-s. expansions: 23,245, time: 21,181 [ms], path length: 48 [edges], generated: 40,866
[00:00:06:40:295] Path of length 48 found: [0, 8, 16, 24, 32, 40, 48, 56, 57, 49, 41, 33, 34, 42, 50, 58, 59, 60, 61, 53, 45, 44, 43, 35, 27, 26, 18, 17, 9, 10, 2, 3, 11, 19, 20, 12, 13, 14, 6, 7, 15, 23, 31, 30, 38, 46, 54, 55, 63]
[00:00:06:40:764] ! Bidirectional. expansions: 231,041, time: 400,295 [ms], path length: 48 [edges], g_F: 44, g_B: 4, generated: {'F': 271,369, 'B': 129,355}, MM: 40, MMPER: 80.63265306122449%
[00:00:06:40:764] 
---------- SM_Grids/8x8_grid_with_random_blocks_16per_8 ----------
[00:00:00:04:356] Path of length 50 found: [0, 8, 16, 17, 9, 1, 2, 10, 18, 19, 11, 3, 4, 5, 6, 7, 15, 23, 22, 14, 13, 12, 20, 21, 29, 28, 36, 35, 34, 33, 32, 40, 48, 56, 57, 49, 41, 42, 50, 51, 59, 60, 61, 53, 45, 37, 38, 46, 54, 62, 63]
[00:00:00:04:356] ! Unidirectional s-t. expansions: 4,366, time: 4,356 [ms], path length: 50 [edges], generated: 7,256
[00:00:00:00:371] Path of length 50 found: [63, 62, 54, 46, 38, 37, 45, 53, 61, 60, 59, 51, 43, 42, 50, 49, 57, 56, 48, 40, 32, 33, 34, 35, 36, 28, 29, 21, 13, 14, 22, 23, 15, 7, 6, 5, 4, 3, 2, 1, 9, 10, 11, 12, 20, 19, 18, 17, 16, 8, 0]
[00:00:00:00:371] ! Unidirectional t-s. expansions: 391, time: 371 [ms], path length: 50 [edges], generated: 669
[00:00:01:07:945] Path of length 50 found: [0, 8, 16, 17, 9, 1, 2, 10, 18, 19, 11, 3, 4, 5, 6, 7, 15, 23, 22, 14, 13, 12, 20, 21, 29, 28, 36, 35, 34, 33, 32, 40, 48, 56, 57, 49, 50, 42, 43, 51, 59, 60, 61, 53, 45, 37, 38, 46, 54, 62, 63]
[00:00:01:08:353] ! Bidirectional. expansions: 37,120, time: 67,945 [ms], path length: 50 [edges], g_F: 31, g_B: 19, generated: {'F': 48,052, 'B': 14,549}, MM: 12, MMPER: 22.529411764705884%
[00:00:01:08:353] 
---------- SM_Grids/8x8_grid_with_random_blocks_16per_9 ----------
[00:00:00:01:581] Path of length 46 found: [0, 8, 16, 24, 32, 33, 25, 17, 9, 1, 2, 3, 11, 12, 4, 5, 6, 7, 15, 14, 13, 21, 20, 28, 27, 26, 34, 42, 50, 58, 59, 51, 43, 44, 36, 37, 38, 30, 31, 39, 47, 55, 54, 53, 61, 62, 63]
[00:00:00:01:582] ! Unidirectional s-t. expansions: 1,420, time: 1,582 [ms], path length: 46 [edges], generated: 2,463
[00:00:00:00:673] Path of length 46 found: [63, 62, 61, 53, 54, 55, 47, 39, 31, 30, 38, 37, 45, 44, 52, 51, 59, 58, 50, 42, 41, 33, 32, 24, 16, 8, 9, 17, 25, 26, 27, 28, 20, 21, 13, 14, 15, 7, 6, 5, 4, 12, 11, 3, 2, 1, 0]
[00:00:00:00:673] ! Unidirectional t-s. expansions: 555, time: 673 [ms], path length: 46 [edges], generated: 1,057
[00:00:00:20:639] Path of length 46 found: [0, 8, 16, 24, 32, 33, 34, 26, 18, 17, 9, 1, 2, 3, 11, 12, 4, 5, 6, 7, 15, 14, 13, 21, 20, 28, 36, 44, 43, 42, 50, 58, 59, 51, 52, 53, 45, 37, 38, 30, 31, 39, 47, 55, 54, 62, 63]
[00:00:00:21:049] ! Bidirectional. expansions: 10,311, time: 20,639 [ms], path length: 46 [edges], g_F: 9, g_B: 37, generated: {'F': 11,249, 'B': 6,298}, MM: 28, MMPER: 58.57446808510638%
[00:00:00:21:050] average expansions: (8,354, 11,491, 68,295, 0)
[00:00:00:21:050] average time: (7,665, 9,983, 113,698, 0)
[00:00:00:21:050] XIDA: 8,354 , 7,665 (expansions , time[ms])
[00:00:00:21:050] BiXIDA: 68,295 , 113,698 (expansions , time[ms])

