--------------------------
date: SM_Grids
number_of_graphs: 10
graph_type: grid
size_of_graphs: [9, 9]
heuristic: bcc_heuristic
snake: True
run_uni: True
run_bi: True
run_multi: False
solution_vertices: []
algorithms: ['IDA']
lookahead: 4
bsd: False
cube_first_dims: 4
cube_buffer_dim: None
backward_sym_generation: False
sym_coil: False
prefix_set: None

---------- SM_Grids/9x9_grid_with_random_blocks_12per_0 ----------
[00:00:01:50:492] Path of length 46 found: [0, 1, 2, 3, 4, 5, 6, 7, 16, 17, 26, 35, 44, 53, 52, 51, 42, 33, 24, 23, 22, 21, 20, 19, 18, 27, 36, 45, 54, 63, 72, 73, 74, 65, 56, 47, 48, 49, 58, 67, 76, 77, 78, 69, 70, 71, 80]
[00:00:01:50:492] ! Unidirectional s-t. expansions: 3,491, time: 110,492 [ms], path length: 46 [edges], generated: 77,227
[00:00:01:04:527] Path of length 46 found: [80, 71, 70, 69, 78, 77, 76, 67, 58, 49, 48, 47, 56, 65, 74, 73, 72, 63, 54, 45, 36, 27, 28, 29, 20, 21, 22, 23, 24, 33, 42, 51, 52, 53, 44, 35, 26, 17, 8, 7, 6, 5, 4, 3, 2, 1, 0]
[00:00:01:04:527] ! Unidirectional t-s. expansions: 2,781, time: 64,527 [ms], path length: 46 [edges], generated: 47,205
[00:00:00:27:781] Path of length 46 found: [0, 1, 2, 3, 4, 5, 6, 7, 16, 17, 26, 35, 44, 53, 52, 51, 42, 33, 24, 23, 22, 21, 20, 19, 18, 27, 36, 45, 54, 63, 72, 73, 74, 65, 56, 47, 48, 49, 58, 67, 76, 77, 78, 69, 70, 71, 80]
[00:00:00:28:408] ! Bidirectional. expansions: 1,246, time: 27,781 [ms], path length: 46 [edges], g_F: 23, g_B: 23, generated: {'F': 7,726, 'B': 8,248}, MM: 0, MMPER: -1.0%
[00:00:00:28:408] 
---------- SM_Grids/9x9_grid_with_random_blocks_12per_1 ----------
[00:00:02:03:999] Path of length 46 found: [0, 9, 10, 19, 20, 21, 12, 3, 4, 5, 6, 15, 16, 25, 26, 35, 44, 43, 42, 33, 32, 31, 40, 39, 38, 37, 46, 45, 54, 63, 72, 73, 74, 65, 56, 57, 58, 67, 76, 77, 78, 69, 60, 61, 62, 71, 80]
[00:00:02:03:999] ! Unidirectional s-t. expansions: 4,810, time: 123,999 [ms], path length: 46 [edges], generated: 92,840
[00:00:01:42:729] Path of length 46 found: [80, 79, 78, 77, 68, 67, 58, 57, 56, 65, 74, 73, 72, 63, 54, 45, 46, 37, 38, 39, 40, 31, 32, 33, 42, 51, 60, 61, 62, 53, 44, 35, 26, 17, 8, 7, 6, 5, 4, 13, 12, 21, 20, 19, 10, 1, 0]
[00:00:01:42:730] ! Unidirectional t-s. expansions: 3,768, time: 102,729 [ms], path length: 46 [edges], generated: 75,913
[00:00:01:42:010] Path of length 46 found: [0, 9, 10, 11, 2, 3, 4, 5, 6, 15, 16, 25, 26, 35, 44, 53, 62, 61, 60, 51, 42, 33, 32, 23, 22, 21, 30, 29, 38, 37, 46, 45, 54, 63, 72, 73, 74, 65, 56, 57, 58, 67, 68, 77, 78, 79, 80]
[00:00:01:42:586] ! Bidirectional. expansions: 6,443, time: 102,010 [ms], path length: 46 [edges], g_F: 23, g_B: 23, generated: {'F': 39,442, 'B': 39,486}, MM: 0, MMPER: -1.0%
[00:00:01:42:586] 
---------- SM_Grids/9x9_grid_with_random_blocks_12per_2 ----------
[00:00:02:42:814] Path of length 44 found: [0, 9, 18, 27, 28, 29, 20, 11, 12, 13, 22, 31, 40, 39, 48, 47, 46, 55, 64, 73, 74, 75, 66, 67, 58, 59, 50, 51, 42, 33, 24, 15, 6, 7, 8, 17, 26, 35, 44, 53, 62, 61, 70, 79, 80]
[00:00:02:42:815] ! Unidirectional s-t. expansions: 5,909, time: 162,814 [ms], path length: 44 [edges], generated: 119,594
[00:00:02:26:955] Path of length 44 found: [80, 71, 62, 53, 44, 43, 42, 33, 24, 25, 26, 17, 8, 7, 6, 5, 14, 13, 22, 31, 40, 39, 48, 57, 58, 59, 60, 69, 78, 77, 76, 75, 74, 65, 64, 55, 46, 37, 28, 29, 20, 11, 2, 1, 0]
[00:00:02:26:955] ! Unidirectional t-s. expansions: 6,435, time: 146,955 [ms], path length: 44 [edges], generated: 113,325
[00:00:02:40:206] Path of length 44 found: [0, 1, 2, 11, 20, 19, 28, 37, 46, 55, 64, 73, 74, 75, 76, 77, 78, 69, 60, 59, 58, 57, 48, 39, 40, 31, 22, 13, 14, 5, 6, 7, 8, 17, 26, 25, 24, 33, 42, 43, 44, 53, 62, 71, 80]
[00:00:02:40:748] ! Bidirectional. expansions: 5,156, time: 160,206 [ms], path length: 44 [edges], g_F: 22, g_B: 22, generated: {'F': 44,633, 'B': 45,975}, MM: 0, MMPER: -1.0%
[00:00:02:40:749] 
---------- SM_Grids/9x9_grid_with_random_blocks_12per_3 ----------
[00:00:01:24:719] Path of length 46 found: [0, 1, 10, 19, 28, 37, 46, 45, 54, 63, 72, 73, 74, 75, 76, 67, 58, 57, 48, 39, 40, 31, 22, 21, 12, 3, 4, 5, 6, 7, 8, 17, 26, 25, 24, 33, 42, 43, 44, 53, 62, 61, 60, 69, 78, 79, 80]
[00:00:01:24:719] ! Unidirectional s-t. expansions: 3,415, time: 84,719 [ms], path length: 46 [edges], generated: 65,206
[00:00:02:37:582] Path of length 46 found: [80, 71, 62, 53, 44, 43, 42, 51, 60, 69, 68, 77, 76, 75, 74, 73, 72, 63, 54, 45, 46, 47, 56, 57, 58, 49, 40, 31, 32, 23, 24, 25, 26, 17, 8, 7, 6, 5, 4, 3, 12, 21, 20, 19, 10, 1, 0]
[00:00:02:37:582] ! Unidirectional t-s. expansions: 5,876, time: 157,582 [ms], path length: 46 [edges], generated: 111,033
[00:00:01:36:112] Path of length 46 found: [0, 1, 2, 3, 12, 21, 20, 19, 28, 37, 46, 45, 54, 63, 72, 73, 74, 75, 76, 67, 58, 57, 48, 39, 40, 41, 42, 33, 24, 23, 14, 5, 6, 7, 8, 17, 26, 35, 44, 53, 62, 61, 60, 69, 78, 79, 80]
[00:00:01:36:680] ! Bidirectional. expansions: 5,261, time: 96,112 [ms], path length: 46 [edges], g_F: 23, g_B: 23, generated: {'F': 31,594, 'B': 33,315}, MM: 0, MMPER: -1.0%
[00:00:01:36:680] 
---------- SM_Grids/9x9_grid_with_random_blocks_12per_4 ----------
[00:00:00:59:612] Path of length 46 found: [0, 9, 18, 27, 28, 37, 46, 45, 54, 63, 72, 73, 74, 65, 56, 57, 48, 39, 40, 41, 32, 23, 22, 21, 20, 11, 2, 3, 4, 5, 6, 15, 16, 25, 26, 35, 44, 43, 52, 51, 60, 59, 68, 77, 78, 79, 80]
[00:00:00:59:612] ! Unidirectional s-t. expansions: 1,803, time: 59,612 [ms], path length: 46 [edges], generated: 40,184
[00:00:00:33:564] Path of length 46 found: [80, 79, 78, 77, 68, 59, 60, 61, 62, 53, 44, 35, 26, 17, 16, 15, 6, 5, 4, 3, 2, 11, 20, 21, 22, 23, 32, 41, 40, 39, 48, 57, 56, 65, 74, 73, 72, 63, 54, 45, 46, 37, 28, 27, 18, 9, 0]
[00:00:00:33:564] ! Unidirectional t-s. expansions: 1,198, time: 33,564 [ms], path length: 46 [edges], generated: 22,326
[00:00:00:45:481] Path of length 46 found: [0, 9, 10, 11, 2, 3, 4, 5, 6, 15, 16, 25, 26, 35, 44, 53, 62, 61, 60, 51, 42, 33, 32, 23, 22, 21, 30, 39, 38, 37, 36, 45, 54, 63, 72, 73, 74, 65, 56, 57, 58, 67, 68, 77, 78, 79, 80]
[00:00:00:46:053] ! Bidirectional. expansions: 1,759, time: 45,481 [ms], path length: 46 [edges], g_F: 23, g_B: 23, generated: {'F': 13,235, 'B': 13,562}, MM: 0, MMPER: -1.0%
[00:00:00:46:053] 
---------- SM_Grids/9x9_grid_with_random_blocks_12per_5 ----------
[00:00:00:28:229] Path of length 40 found: [0, 1, 2, 3, 4, 13, 14, 23, 24, 33, 42, 43, 44, 53, 62, 61, 60, 59, 50, 49, 40, 31, 30, 21, 20, 19, 18, 27, 36, 45, 46, 47, 56, 65, 66, 67, 76, 77, 78, 79, 80]
[00:00:00:28:230] ! Unidirectional s-t. expansions: 753, time: 28,229 [ms], path length: 40 [edges], generated: 17,236
[00:00:00:22:739] Path of length 40 found: [80, 71, 62, 53, 44, 43, 42, 33, 24, 23, 14, 13, 4, 3, 2, 11, 20, 21, 30, 31, 40, 49, 50, 59, 60, 69, 78, 77, 76, 67, 66, 57, 56, 47, 38, 37, 28, 27, 18, 9, 0]
[00:00:00:22:739] ! Unidirectional t-s. expansions: 657, time: 22,739 [ms], path length: 40 [edges], generated: 14,736
[00:00:00:34:558] Path of length 40 found: [0, 9, 18, 27, 36, 45, 46, 47, 56, 65, 66, 67, 76, 77, 78, 69, 60, 59, 50, 49, 40, 39, 30, 29, 20, 11, 2, 3, 4, 13, 14, 23, 24, 33, 42, 43, 44, 53, 62, 71, 80]
[00:00:00:35:085] ! Bidirectional. expansions: 963, time: 34,558 [ms], path length: 40 [edges], g_F: 20, g_B: 20, generated: {'F': 7,925, 'B': 7,512}, MM: 0, MMPER: -1.0%
[00:00:00:35:085] 
---------- SM_Grids/9x9_grid_with_random_blocks_12per_6 ----------
[00:00:01:42:445] Path of length 48 found: [0, 1, 10, 19, 18, 27, 36, 37, 38, 39, 48, 57, 56, 55, 54, 63, 72, 73, 74, 75, 76, 67, 68, 59, 50, 51, 42, 33, 32, 23, 22, 21, 12, 3, 4, 5, 6, 15, 16, 25, 26, 35, 44, 53, 62, 61, 70, 79, 80]
[00:00:01:42:445] ! Unidirectional s-t. expansions: 3,501, time: 102,445 [ms], path length: 48 [edges], generated: 71,649
[00:00:00:45:569] Path of length 48 found: [80, 71, 62, 53, 44, 35, 26, 17, 16, 7, 6, 5, 4, 3, 12, 21, 22, 23, 24, 33, 42, 41, 50, 59, 60, 69, 78, 77, 76, 75, 74, 73, 72, 63, 54, 55, 56, 57, 48, 39, 38, 37, 36, 27, 18, 19, 10, 1, 0]
[00:00:00:45:570] ! Unidirectional t-s. expansions: 1,880, time: 45,570 [ms], path length: 48 [edges], generated: 30,424
[00:00:00:58:578] Path of length 48 found: [0, 1, 10, 19, 18, 27, 36, 37, 38, 39, 48, 57, 56, 55, 54, 63, 72, 73, 74, 75, 76, 77, 78, 69, 60, 59, 50, 41, 42, 33, 24, 23, 22, 21, 12, 3, 4, 5, 6, 7, 8, 17, 26, 35, 44, 53, 62, 71, 80]
[00:00:00:59:103] ! Bidirectional. expansions: 2,481, time: 58,578 [ms], path length: 48 [edges], g_F: 24, g_B: 24, generated: {'F': 15,842, 'B': 17,270}, MM: 0, MMPER: -1.0%
[00:00:00:59:103] 
---------- SM_Grids/9x9_grid_with_random_blocks_12per_7 ----------
[00:00:03:17:063] Path of length 44 found: [0, 9, 18, 27, 36, 45, 54, 63, 64, 73, 74, 75, 76, 77, 68, 59, 58, 57, 48, 47, 38, 29, 20, 11, 2, 3, 4, 5, 6, 7, 16, 25, 24, 23, 22, 31, 40, 41, 42, 51, 52, 61, 70, 79, 80]
[00:00:03:17:064] ! Unidirectional s-t. expansions: 6,530, time: 197,063 [ms], path length: 44 [edges], generated: 139,050
[00:00:04:34:959] Valid states checked so far: 200,000, Expansions: 10,052, Global best: 37
[00:00:04:40:328] Path of length 44 found: [80, 71, 62, 53, 52, 51, 42, 33, 34, 25, 16, 7, 6, 5, 4, 3, 2, 11, 20, 21, 22, 31, 40, 39, 38, 47, 56, 57, 58, 59, 68, 77, 76, 75, 74, 73, 64, 63, 54, 45, 36, 27, 18, 9, 0]
[00:00:04:40:328] ! Unidirectional t-s. expansions: 10,362, time: 280,328 [ms], path length: 44 [edges], generated: 204,985
[00:00:02:58:266] Path of length 44 found: [0, 9, 18, 27, 36, 45, 54, 63, 64, 73, 74, 75, 76, 77, 68, 59, 58, 57, 56, 47, 38, 39, 40, 31, 22, 21, 20, 11, 2, 3, 4, 5, 6, 7, 16, 25, 34, 33, 42, 51, 52, 61, 70, 79, 80]
[00:00:02:58:781] ! Bidirectional. expansions: 6,370, time: 178,266 [ms], path length: 44 [edges], g_F: 22, g_B: 22, generated: {'F': 53,634, 'B': 59,558}, MM: 0, MMPER: -1.0%
[00:00:02:58:781] 
---------- SM_Grids/9x9_grid_with_random_blocks_12per_8 ----------
[00:00:00:26:459] Path of length 48 found: [0, 9, 18, 19, 20, 11, 2, 3, 4, 13, 22, 31, 32, 33, 24, 15, 6, 7, 8, 17, 26, 35, 44, 53, 62, 61, 60, 51, 50, 49, 48, 47, 38, 37, 36, 45, 54, 63, 72, 73, 74, 75, 66, 67, 68, 77, 78, 79, 80]
[00:00:00:26:459] ! Unidirectional s-t. expansions: 904, time: 26,459 [ms], path length: 48 [edges], generated: 16,784
[00:00:01:09:940] Path of length 48 found: [80, 79, 78, 77, 68, 67, 66, 75, 74, 73, 72, 63, 54, 45, 36, 37, 38, 47, 48, 49, 40, 31, 22, 23, 24, 33, 42, 51, 60, 61, 62, 53, 44, 35, 26, 17, 8, 7, 6, 5, 4, 3, 2, 11, 20, 19, 18, 9, 0]
[00:00:01:09:940] ! Unidirectional t-s. expansions: 2,841, time: 69,940 [ms], path length: 48 [edges], generated: 47,983
[00:00:00:47:226] Path of length 48 found: [0, 9, 18, 19, 20, 11, 2, 3, 4, 13, 22, 31, 32, 33, 24, 15, 6, 7, 8, 17, 26, 35, 44, 53, 62, 61, 60, 51, 50, 49, 48, 47, 38, 37, 36, 45, 54, 63, 72, 73, 74, 75, 66, 67, 68, 77, 78, 79, 80]
[00:00:00:47:737] ! Bidirectional. expansions: 2,250, time: 47,226 [ms], path length: 48 [edges], g_F: 24, g_B: 24, generated: {'F': 14,222, 'B': 14,659}, MM: 0, MMPER: -1.0%
[00:00:00:47:737] 
---------- SM_Grids/9x9_grid_with_random_blocks_12per_9 ----------
[00:00:04:19:985] Valid states checked so far: 200,000, Expansions: 9,544, Global best: 43
[00:00:04:56:007] Path of length 44 found: [0, 1, 2, 11, 20, 19, 18, 27, 36, 45, 54, 63, 72, 73, 74, 75, 76, 77, 78, 69, 60, 59, 58, 57, 56, 47, 38, 39, 40, 31, 22, 13, 14, 15, 16, 17, 26, 35, 34, 43, 52, 53, 62, 71, 80]
[00:00:04:56:008] ! Unidirectional s-t. expansions: 11,097, time: 296,007 [ms], path length: 44 [edges], generated: 230,208
[00:00:04:04:140] Valid states checked so far: 200,000, Expansions: 12,259, Global best: 45
[00:00:04:07:045] Path of length 44 found: [80, 71, 62, 53, 52, 43, 34, 35, 26, 17, 16, 15, 14, 23, 22, 31, 40, 41, 50, 59, 60, 69, 78, 77, 76, 75, 74, 73, 72, 63, 54, 55, 56, 47, 38, 37, 36, 27, 18, 19, 20, 11, 2, 1, 0]
[00:00:04:07:045] ! Unidirectional t-s. expansions: 12,430, time: 247,045 [ms], path length: 44 [edges], generated: 202,373
[00:00:03:52:787] Path of length 44 found: [0, 1, 2, 11, 20, 19, 18, 27, 36, 37, 38, 39, 40, 31, 22, 13, 14, 15, 16, 17, 26, 35, 34, 43, 52, 51, 50, 59, 58, 57, 56, 55, 54, 63, 72, 73, 74, 75, 76, 77, 78, 69, 70, 71, 80]
[00:00:03:53:344] ! Bidirectional. expansions: 12,924, time: 232,787 [ms], path length: 44 [edges], g_F: 22, g_B: 22, generated: {'F': 84,233, 'B': 80,286}, MM: 0, MMPER: -1.0%
[00:00:03:53:345] average expansions: (4,221, 4,823, 4,485, 0)
[00:00:03:53:345] average time: (119,184, 117,098, 98,300, 0)
[00:00:03:53:345] XIDA: 4,221 , 117,098 (expansions , time[ms])
[00:00:03:53:345] BiXIDA: 4,485 , 98,300 (expansions , time[ms])

