--------------------------
date: mazes
number_of_graphs: 10
graph_type: maze
size_of_graphs: [13, 13]
heuristic: bcc_heuristic
snake: False
run_uni: True
run_bi: True
run_multi: False
solution_vertices: []
algorithms: ['DFBnB']
lookahead: 2
bsd: False
cube_first_dims: 4
cube_buffer_dim: None
backward_sym_generation: False
sym_coil: False
prefix_set: None

---------- mazes/13x13_maze_with_1_open_diamonds_0 ----------
[00:00:01:19:810] Path of length 92 found: [0, 1, 2, 3, 4, 17, 30, 31, 32, 19, 6, 7, 8, 9, 10, 11, 12, 25, 38, 37, 36, 49, 62, 61, 60, 59, 58, 57, 56, 55, 54, 41, 28, 27, 26, 39, 52, 65, 78, 79, 80, 81, 82, 83, 84, 85, 86, 87, 88, 89, 90, 103, 116, 115, 114, 113, 112, 111, 110, 109, 108, 107, 106, 105, 118, 131, 130, 143, 156, 157, 158, 159, 146, 145, 132, 119, 120, 133, 134, 135, 136, 137, 150, 163, 164, 165, 152, 139, 140, 141, 142, 155, 168]
[00:00:01:19:810] ! Unidirectional s-t. expansions: 23,442, time: 79,810 [ms], path length: 92 [edges], generated: 80,784
[00:00:03:17:632] Valid states checked so far: 200,000, Expansions: 59,839, Global best: 91
[00:00:05:29:164] Path of length 92 found: [168, 155, 142, 141, 140, 139, 152, 165, 164, 163, 150, 137, 136, 135, 134, 133, 120, 119, 132, 145, 146, 159, 158, 157, 156, 143, 130, 131, 118, 105, 106, 107, 108, 109, 110, 111, 112, 113, 114, 115, 116, 103, 90, 89, 88, 87, 86, 85, 84, 83, 82, 81, 80, 79, 78, 65, 52, 39, 26, 27, 28, 41, 54, 55, 56, 57, 58, 59, 60, 61, 62, 63, 64, 51, 38, 25, 12, 11, 10, 9, 8, 7, 6, 19, 32, 31, 30, 17, 4, 3, 2, 1, 0]
[00:00:05:29:165] ! Unidirectional t-s. expansions: 98,873, time: 329,164 [ms], path length: 92 [edges], generated: 327,460
[00:00:00:00:001] Expansions: 0. Checks - state_vs_state: 0, state_vs_prefix: 0, prefix_vs_prefix: 1
[00:00:00:51:118] Path of length 92 found: [0, 1, 2, 3, 4, 17, 30, 31, 32, 19, 6, 7, 8, 9, 10, 11, 12, 25, 38, 37, 36, 49, 62, 61, 60, 59, 58, 57, 56, 55, 54, 41, 28, 27, 26, 39, 52, 65, 78, 79, 80, 81, 82, 83, 84, 85, 86, 87, 88, 89, 90, 103, 116, 115, 114, 113, 112, 111, 110, 109, 108, 107, 106, 105, 118, 131, 130, 143, 156, 157, 158, 159, 146, 145, 132, 119, 120, 133, 134, 135, 136, 137, 150, 163, 164, 165, 152, 139, 140, 141, 142, 155, 168]
[00:00:00:51:120] ! Bidirectional. expansions: 24,127, time: 51,119 [ms], path length: 92 [edges], g_F: 46, g_B: 46, generated: {'F': 35,896, 'B': 38,690}, MM: 0, MMPER: -1.0%
[00:00:00:51:120] 
---------- mazes/13x13_maze_with_1_open_diamonds_1 ----------
[00:00:02:00:019] Path of length 90 found: [0, 13, 26, 39, 52, 53, 54, 41, 28, 15, 2, 3, 4, 17, 16, 29, 30, 43, 42, 55, 56, 57, 58, 45, 32, 19, 6, 7, 8, 9, 10, 11, 12, 25, 38, 37, 36, 49, 62, 61, 74, 87, 88, 89, 90, 103, 116, 115, 114, 113, 112, 99, 86, 85, 84, 83, 82, 81, 80, 79, 92, 105, 106, 107, 108, 109, 122, 135, 134, 133, 132, 131, 130, 143, 156, 157, 158, 159, 160, 161, 162, 163, 164, 165, 152, 139, 140, 141, 142, 155, 168]
[00:00:02:00:020] ! Unidirectional s-t. expansions: 34,364, time: 120,019 [ms], path length: 90 [edges], generated: 105,165
[00:00:00:04:161] Path of length 90 found: [168, 155, 142, 141, 140, 139, 152, 165, 164, 163, 162, 161, 160, 159, 158, 157, 156, 143, 130, 131, 132, 133, 134, 135, 122, 109, 108, 107, 106, 105, 92, 79, 80, 81, 82, 83, 84, 85, 86, 99, 112, 113, 114, 115, 116, 103, 90, 89, 88, 87, 74, 61, 62, 63, 64, 51, 38, 25, 12, 11, 10, 9, 8, 7, 6, 19, 32, 45, 58, 57, 56, 43, 30, 17, 4, 3, 2, 15, 16, 29, 28, 41, 42, 55, 54, 53, 52, 39, 26, 13, 0]
[00:00:00:04:161] ! Unidirectional t-s. expansions: 1,241, time: 4,161 [ms], path length: 90 [edges], generated: 4,854
[00:00:00:00:001] Expansions: 0. Checks - state_vs_state: 0, state_vs_prefix: 0, prefix_vs_prefix: 1
[00:00:00:46:209] Path of length 90 found: [0, 13, 26, 39, 52, 53, 54, 41, 28, 15, 2, 3, 4, 17, 16, 29, 30, 43, 42, 55, 56, 57, 58, 45, 32, 19, 6, 7, 8, 9, 10, 11, 12, 25, 38, 37, 36, 49, 62, 61, 74, 87, 88, 89, 90, 103, 116, 115, 114, 113, 112, 99, 86, 85, 84, 83, 82, 81, 80, 79, 92, 105, 106, 107, 108, 109, 122, 135, 134, 133, 132, 131, 130, 143, 156, 157, 158, 159, 160, 161, 162, 163, 164, 165, 152, 139, 140, 141, 142, 155, 168]
[00:00:00:46:209] ! Bidirectional. expansions: 22,543, time: 46,209 [ms], path length: 90 [edges], g_F: 45, g_B: 45, generated: {'F': 33,297, 'B': 26,679}, MM: 0, MMPER: -1.0%
[00:00:00:46:209] 
---------- mazes/13x13_maze_with_1_open_diamonds_2 ----------
[00:00:01:04:852] Path of length 92 found: [0, 1, 2, 3, 4, 17, 30, 43, 56, 55, 54, 41, 28, 27, 26, 39, 52, 65, 78, 79, 80, 81, 82, 83, 70, 57, 58, 45, 32, 19, 6, 7, 8, 9, 10, 11, 12, 25, 38, 37, 36, 49, 62, 61, 60, 59, 72, 71, 84, 85, 98, 99, 86, 87, 88, 89, 90, 103, 116, 115, 114, 113, 112, 111, 110, 97, 96, 109, 122, 135, 134, 133, 132, 131, 130, 143, 156, 157, 158, 159, 160, 161, 162, 163, 164, 165, 152, 139, 140, 141, 142, 155, 168]
[00:00:01:04:852] ! Unidirectional s-t. expansions: 19,162, time: 64,852 [ms], path length: 92 [edges], generated: 66,257
[00:00:01:22:838] Path of length 92 found: [168, 155, 142, 141, 140, 139, 152, 165, 164, 163, 162, 161, 160, 159, 158, 157, 156, 143, 130, 131, 132, 133, 134, 135, 122, 109, 108, 107, 106, 105, 92, 79, 78, 65, 52, 39, 26, 27, 28, 41, 54, 55, 56, 57, 70, 83, 96, 97, 110, 111, 98, 99, 112, 113, 114, 115, 116, 103, 90, 89, 88, 87, 86, 85, 84, 71, 72, 59, 60, 61, 62, 63, 64, 51, 38, 25, 12, 11, 10, 9, 8, 7, 6, 19, 32, 31, 30, 17, 4, 3, 2, 1, 0]
[00:00:01:22:838] ! Unidirectional t-s. expansions: 28,453, time: 82,838 [ms], path length: 92 [edges], generated: 95,592
[00:00:00:00:001] Expansions: 0. Checks - state_vs_state: 0, state_vs_prefix: 0, prefix_vs_prefix: 1
[00:00:00:06:221] Path of length 92 found: [0, 1, 2, 3, 4, 17, 30, 43, 56, 55, 54, 41, 28, 27, 26, 39, 52, 65, 78, 79, 80, 81, 82, 83, 70, 57, 58, 45, 32, 19, 6, 7, 8, 9, 10, 11, 12, 25, 38, 37, 36, 49, 62, 61, 60, 59, 72, 71, 84, 85, 86, 87, 88, 89, 90, 103, 116, 115, 114, 113, 112, 99, 98, 111, 110, 97, 96, 109, 122, 135, 134, 133, 132, 131, 130, 143, 156, 157, 158, 159, 160, 161, 162, 163, 164, 165, 152, 139, 140, 141, 142, 155, 168]
[00:00:00:06:222] ! Bidirectional. expansions: 3,393, time: 6,221 [ms], path length: 92 [edges], g_F: 46, g_B: 46, generated: {'F': 5,669, 'B': 5,121}, MM: 0, MMPER: -1.0%
[00:00:00:06:222] 
---------- mazes/13x13_maze_with_1_open_diamonds_3 ----------
[00:00:00:39:418] Path of length 90 found: [0, 1, 2, 3, 4, 17, 30, 43, 56, 55, 54, 41, 28, 27, 26, 39, 52, 65, 78, 79, 80, 81, 82, 83, 84, 71, 58, 45, 32, 19, 6, 7, 8, 9, 10, 11, 12, 25, 38, 37, 36, 49, 62, 61, 74, 87, 86, 85, 98, 99, 100, 101, 88, 89, 90, 103, 102, 115, 116, 129, 142, 141, 140, 139, 126, 113, 112, 111, 110, 109, 122, 135, 134, 133, 132, 131, 130, 143, 156, 157, 158, 159, 160, 161, 162, 163, 164, 165, 166, 167, 168]
[00:00:00:39:418] ! Unidirectional s-t. expansions: 11,994, time: 39,418 [ms], path length: 90 [edges], generated: 42,076
[00:00:01:56:986] Path of length 90 found: [168, 167, 166, 165, 164, 163, 162, 161, 160, 159, 158, 157, 156, 143, 130, 131, 132, 133, 134, 135, 122, 109, 108, 107, 106, 105, 92, 79, 78, 65, 52, 39, 26, 27, 28, 41, 54, 55, 56, 57, 58, 71, 84, 85, 98, 111, 112, 113, 126, 139, 140, 141, 142, 129, 116, 103, 90, 89, 102, 115, 114, 101, 100, 99, 86, 87, 74, 61, 62, 63, 64, 51, 38, 25, 12, 11, 10, 9, 8, 7, 6, 19, 32, 31, 30, 17, 4, 3, 2, 1, 0]
[00:00:01:56:986] ! Unidirectional t-s. expansions: 37,398, time: 116,986 [ms], path length: 90 [edges], generated: 126,519
[00:00:00:00:001] Expansions: 0. Checks - state_vs_state: 0, state_vs_prefix: 0, prefix_vs_prefix: 1
[00:00:00:31:719] Path of length 90 found: [0, 1, 2, 3, 4, 17, 30, 43, 56, 55, 54, 41, 28, 27, 26, 39, 52, 65, 78, 79, 80, 81, 82, 83, 84, 71, 58, 45, 32, 19, 6, 7, 8, 9, 10, 11, 12, 25, 38, 37, 36, 49, 62, 61, 74, 87, 88, 101, 114, 115, 102, 89, 90, 103, 116, 129, 142, 141, 140, 139, 126, 113, 112, 99, 86, 85, 98, 111, 110, 109, 122, 135, 134, 133, 132, 131, 130, 143, 156, 157, 158, 159, 160, 161, 162, 163, 164, 165, 166, 167, 168]
[00:00:00:31:719] ! Bidirectional. expansions: 14,235, time: 31,719 [ms], path length: 90 [edges], g_F: 45, g_B: 45, generated: {'F': 20,668, 'B': 21,092}, MM: 0, MMPER: -1.0%
[00:00:00:31:719] 
---------- mazes/13x13_maze_with_1_open_diamonds_4 ----------
[00:00:01:22:229] Path of length 92 found: [0, 1, 2, 3, 4, 17, 30, 43, 56, 55, 54, 41, 28, 27, 26, 39, 52, 65, 78, 79, 80, 81, 82, 95, 108, 107, 106, 119, 132, 131, 130, 143, 156, 157, 158, 159, 160, 161, 162, 163, 150, 137, 136, 135, 134, 133, 120, 121, 122, 109, 110, 111, 112, 99, 86, 85, 84, 71, 58, 45, 32, 19, 6, 7, 8, 9, 10, 11, 12, 25, 38, 37, 36, 49, 62, 61, 74, 87, 88, 89, 90, 103, 116, 129, 142, 141, 140, 139, 152, 165, 166, 167, 168]
[00:00:01:22:230] ! Unidirectional s-t. expansions: 23,004, time: 82,229 [ms], path length: 92 [edges], generated: 86,424
[00:00:03:21:251] Path of length 92 found: [168, 167, 166, 165, 152, 139, 140, 141, 142, 129, 116, 103, 90, 89, 88, 87, 74, 61, 62, 63, 64, 51, 38, 25, 12, 11, 10, 9, 8, 7, 6, 19, 32, 45, 58, 71, 84, 85, 86, 99, 112, 111, 110, 109, 122, 123, 136, 137, 150, 163, 162, 161, 160, 159, 158, 157, 156, 143, 130, 131, 132, 119, 106, 107, 120, 133, 134, 121, 108, 95, 82, 81, 80, 79, 78, 65, 52, 39, 26, 27, 28, 41, 54, 55, 56, 43, 30, 17, 4, 3, 2, 1, 0]
[00:00:03:21:252] ! Unidirectional t-s. expansions: 58,330, time: 201,251 [ms], path length: 92 [edges], generated: 199,664
[00:00:00:00:001] Expansions: 0. Checks - state_vs_state: 0, state_vs_prefix: 0, prefix_vs_prefix: 1
[00:00:00:28:398] Path of length 92 found: [0, 1, 2, 3, 4, 17, 30, 43, 56, 55, 54, 41, 28, 27, 26, 39, 52, 65, 78, 79, 80, 81, 82, 95, 108, 107, 106, 119, 132, 131, 130, 143, 156, 157, 158, 159, 160, 161, 162, 163, 150, 137, 136, 135, 134, 133, 120, 121, 122, 109, 110, 111, 112, 99, 86, 85, 84, 71, 58, 45, 32, 19, 6, 7, 8, 9, 10, 11, 12, 25, 38, 51, 64, 63, 62, 61, 74, 87, 88, 89, 90, 103, 116, 129, 142, 141, 140, 139, 152, 165, 166, 167, 168]
[00:00:00:28:400] ! Bidirectional. expansions: 13,212, time: 28,398 [ms], path length: 92 [edges], g_F: 46, g_B: 46, generated: {'F': 19,870, 'B': 20,892}, MM: 0, MMPER: -1.0%
[00:00:00:28:400] 
---------- mazes/13x13_maze_with_1_open_diamonds_5 ----------
[00:00:01:25:220] Path of length 92 found: [0, 1, 2, 3, 4, 17, 30, 43, 56, 55, 54, 41, 28, 27, 26, 39, 52, 65, 78, 79, 80, 81, 94, 107, 106, 105, 118, 131, 130, 143, 156, 157, 158, 159, 160, 161, 162, 163, 150, 137, 136, 135, 134, 133, 132, 119, 120, 121, 108, 109, 110, 111, 112, 99, 86, 85, 84, 71, 58, 45, 32, 19, 6, 7, 8, 9, 10, 11, 12, 25, 38, 37, 36, 49, 62, 61, 74, 87, 88, 89, 90, 103, 116, 129, 142, 141, 140, 139, 152, 165, 166, 167, 168]
[00:00:01:25:220] ! Unidirectional s-t. expansions: 25,427, time: 85,220 [ms], path length: 92 [edges], generated: 88,965
[00:00:03:07:651] Path of length 92 found: [168, 167, 166, 165, 152, 139, 140, 141, 142, 129, 116, 103, 90, 89, 88, 87, 74, 61, 62, 63, 64, 51, 38, 25, 12, 11, 10, 9, 8, 7, 6, 19, 32, 45, 58, 71, 84, 85, 86, 99, 112, 111, 110, 109, 108, 121, 122, 135, 136, 137, 150, 163, 162, 161, 160, 159, 158, 157, 156, 143, 130, 131, 118, 105, 106, 119, 132, 133, 120, 107, 94, 81, 80, 79, 78, 65, 52, 39, 26, 27, 28, 41, 54, 55, 56, 43, 30, 17, 4, 3, 2, 1, 0]
[00:00:03:07:651] ! Unidirectional t-s. expansions: 55,244, time: 187,651 [ms], path length: 92 [edges], generated: 186,007
[00:00:00:00:001] Expansions: 0. Checks - state_vs_state: 0, state_vs_prefix: 0, prefix_vs_prefix: 1
[00:00:00:27:007] Path of length 92 found: [0, 1, 2, 3, 4, 17, 30, 43, 56, 55, 54, 41, 28, 27, 26, 39, 52, 65, 78, 79, 80, 81, 94, 107, 106, 105, 118, 131, 130, 143, 156, 157, 158, 159, 160, 161, 162, 163, 150, 137, 136, 135, 134, 133, 132, 119, 120, 121, 108, 109, 110, 111, 112, 99, 86, 85, 84, 71, 58, 45, 32, 19, 6, 7, 8, 9, 10, 11, 12, 25, 38, 51, 64, 63, 62, 61, 74, 87, 88, 89, 90, 103, 116, 129, 142, 141, 140, 139, 152, 165, 166, 167, 168]
[00:00:00:27:008] ! Bidirectional. expansions: 12,717, time: 27,007 [ms], path length: 92 [edges], g_F: 46, g_B: 46, generated: {'F': 19,782, 'B': 20,023}, MM: 0, MMPER: -1.0%
[00:00:00:27:008] 
---------- mazes/13x13_maze_with_1_open_diamonds_6 ----------
[00:00:00:40:729] Path of length 92 found: [0, 1, 2, 3, 4, 17, 30, 43, 56, 55, 54, 41, 28, 27, 26, 39, 52, 65, 78, 79, 80, 81, 82, 83, 84, 71, 58, 45, 32, 19, 6, 7, 8, 9, 10, 11, 12, 25, 38, 51, 64, 63, 62, 49, 36, 35, 34, 47, 60, 59, 72, 85, 86, 73, 74, 87, 88, 89, 90, 103, 116, 115, 114, 113, 112, 111, 110, 109, 122, 135, 134, 133, 132, 131, 130, 143, 156, 157, 158, 159, 160, 161, 162, 163, 164, 165, 152, 139, 140, 141, 142, 155, 168]
[00:00:00:40:730] ! Unidirectional s-t. expansions: 11,642, time: 40,729 [ms], path length: 92 [edges], generated: 40,337
[00:00:00:27:403] Path of length 92 found: [168, 155, 142, 141, 140, 139, 152, 165, 164, 163, 162, 161, 160, 159, 158, 157, 156, 143, 130, 131, 132, 133, 134, 135, 122, 109, 108, 107, 106, 105, 92, 79, 78, 65, 52, 39, 26, 27, 28, 41, 54, 55, 56, 57, 58, 71, 84, 85, 72, 73, 86, 99, 112, 113, 114, 115, 116, 103, 90, 89, 88, 87, 74, 61, 60, 47, 34, 35, 36, 49, 62, 63, 64, 51, 38, 25, 12, 11, 10, 9, 8, 7, 6, 19, 32, 31, 30, 17, 4, 3, 2, 1, 0]
[00:00:00:27:403] ! Unidirectional t-s. expansions: 9,319, time: 27,403 [ms], path length: 92 [edges], generated: 32,996
[00:00:00:00:001] Expansions: 0. Checks - state_vs_state: 0, state_vs_prefix: 0, prefix_vs_prefix: 1
[00:00:00:02:786] Path of length 92 found: [0, 1, 2, 3, 4, 17, 30, 43, 56, 55, 54, 41, 28, 27, 26, 39, 52, 65, 78, 79, 80, 81, 82, 83, 84, 71, 58, 45, 32, 19, 6, 7, 8, 9, 10, 11, 12, 25, 38, 51, 64, 63, 62, 49, 36, 35, 34, 47, 60, 59, 72, 85, 86, 87, 74, 75, 88, 89, 90, 103, 116, 115, 114, 113, 112, 111, 110, 109, 122, 135, 134, 133, 132, 131, 130, 143, 156, 157, 158, 159, 160, 161, 162, 163, 164, 165, 152, 139, 140, 141, 142, 155, 168]
[00:00:00:02:787] ! Bidirectional. expansions: 1,644, time: 2,786 [ms], path length: 92 [edges], g_F: 46, g_B: 46, generated: {'F': 2,737, 'B': 2,542}, MM: 0, MMPER: -1.0%
[00:00:00:02:787] 
---------- mazes/13x13_maze_with_1_open_diamonds_7 ----------
[00:00:00:54:356] Path of length 94 found: [0, 1, 2, 3, 4, 17, 30, 31, 32, 19, 6, 7, 20, 21, 8, 9, 10, 11, 12, 25, 38, 51, 64, 63, 62, 49, 36, 35, 34, 33, 46, 47, 60, 61, 74, 87, 88, 89, 90, 103, 116, 115, 114, 113, 112, 99, 86, 85, 84, 71, 58, 57, 56, 55, 54, 41, 28, 27, 26, 39, 52, 65, 78, 79, 92, 105, 106, 107, 108, 109, 122, 135, 134, 133, 132, 131, 130, 143, 156, 157, 158, 159, 160, 161, 162, 163, 164, 165, 152, 139, 140, 141, 142, 155, 168]
[00:00:00:54:357] ! Unidirectional s-t. expansions: 15,275, time: 54,356 [ms], path length: 94 [edges], generated: 49,084
[00:00:00:09:241] Path of length 94 found: [168, 155, 142, 141, 140, 139, 152, 165, 164, 163, 162, 161, 160, 159, 158, 157, 156, 143, 130, 131, 132, 133, 134, 135, 122, 109, 108, 107, 106, 105, 92, 79, 78, 65, 52, 39, 26, 27, 28, 41, 54, 55, 56, 57, 58, 71, 84, 85, 86, 99, 112, 113, 114, 115, 116, 103, 90, 89, 88, 87, 74, 61, 60, 59, 46, 47, 34, 35, 36, 49, 62, 63, 64, 51, 38, 25, 12, 11, 10, 9, 8, 21, 20, 7, 6, 19, 32, 31, 30, 17, 4, 3, 2, 1, 0]
[00:00:00:09:241] ! Unidirectional t-s. expansions: 3,433, time: 9,241 [ms], path length: 94 [edges], generated: 13,824
[00:00:00:00:001] Expansions: 0. Checks - state_vs_state: 0, state_vs_prefix: 0, prefix_vs_prefix: 1
[00:00:00:06:039] Path of length 94 found: [0, 1, 2, 3, 4, 17, 30, 31, 32, 19, 6, 7, 20, 21, 8, 9, 10, 11, 12, 25, 38, 51, 64, 63, 62, 49, 36, 35, 34, 33, 46, 47, 60, 61, 74, 87, 88, 89, 90, 103, 116, 115, 114, 113, 112, 99, 86, 85, 84, 71, 58, 57, 56, 55, 54, 41, 28, 27, 26, 39, 52, 65, 78, 79, 92, 105, 106, 107, 108, 109, 122, 135, 134, 133, 132, 131, 130, 143, 156, 157, 158, 159, 160, 161, 162, 163, 164, 165, 152, 139, 140, 141, 142, 155, 168]
[00:00:00:06:039] ! Bidirectional. expansions: 3,140, time: 6,039 [ms], path length: 94 [edges], g_F: 47, g_B: 47, generated: {'F': 4,765, 'B': 3,963}, MM: 0, MMPER: -1.0%
[00:00:00:06:039] 
---------- mazes/13x13_maze_with_1_open_diamonds_8 ----------
[00:00:00:54:028] Path of length 94 found: [0, 1, 2, 3, 4, 17, 30, 31, 32, 19, 6, 7, 20, 21, 8, 9, 10, 11, 12, 25, 38, 51, 64, 63, 62, 49, 36, 35, 34, 33, 46, 47, 60, 61, 74, 87, 88, 89, 90, 103, 116, 115, 114, 113, 112, 99, 86, 85, 84, 71, 58, 57, 56, 55, 54, 41, 28, 27, 26, 39, 52, 65, 78, 79, 92, 105, 106, 107, 108, 109, 122, 135, 134, 133, 132, 131, 130, 143, 156, 157, 158, 159, 160, 161, 162, 163, 164, 165, 152, 139, 140, 141, 142, 155, 168]
[00:00:00:54:028] ! Unidirectional s-t. expansions: 15,275, time: 54,028 [ms], path length: 94 [edges], generated: 49,084
[00:00:00:09:356] Path of length 94 found: [168, 155, 142, 141, 140, 139, 152, 165, 164, 163, 162, 161, 160, 159, 158, 157, 156, 143, 130, 131, 132, 133, 134, 135, 122, 109, 108, 107, 106, 105, 92, 79, 78, 65, 52, 39, 26, 27, 28, 41, 54, 55, 56, 57, 58, 71, 84, 85, 86, 99, 112, 113, 114, 115, 116, 103, 90, 89, 88, 87, 74, 61, 60, 59, 46, 47, 34, 35, 36, 49, 62, 63, 64, 51, 38, 25, 12, 11, 10, 9, 8, 21, 20, 7, 6, 19, 32, 31, 30, 17, 4, 3, 2, 1, 0]
[00:00:00:09:356] ! Unidirectional t-s. expansions: 3,433, time: 9,356 [ms], path length: 94 [edges], generated: 13,824
[00:00:00:00:001] Expansions: 0. Checks - state_vs_state: 0, state_vs_prefix: 0, prefix_vs_prefix: 1
[00:00:00:06:061] Path of length 94 found: [0, 1, 2, 3, 4, 17, 30, 31, 32, 19, 6, 7, 20, 21, 8, 9, 10, 11, 12, 25, 38, 51, 64, 63, 62, 49, 36, 35, 34, 33, 46, 47, 60, 61, 74, 87, 88, 89, 90, 103, 116, 115, 114, 113, 112, 99, 86, 85, 84, 71, 58, 57, 56, 55, 54, 41, 28, 27, 26, 39, 52, 65, 78, 79, 92, 105, 106, 107, 108, 109, 122, 135, 134, 133, 132, 131, 130, 143, 156, 157, 158, 159, 160, 161, 162, 163, 164, 165, 152, 139, 140, 141, 142, 155, 168]
[00:00:00:06:062] ! Bidirectional. expansions: 3,140, time: 6,061 [ms], path length: 94 [edges], g_F: 47, g_B: 47, generated: {'F': 4,765, 'B': 3,963}, MM: 0, MMPER: -1.0%
[00:00:00:06:062] 
---------- mazes/13x13_maze_with_1_open_diamonds_9 ----------
[00:00:01:23:212] Path of length 92 found: [0, 1, 2, 3, 4, 17, 30, 43, 56, 55, 54, 41, 28, 27, 26, 39, 52, 65, 78, 79, 92, 105, 106, 107, 108, 109, 122, 135, 134, 133, 132, 131, 130, 143, 156, 157, 158, 159, 160, 161, 162, 163, 150, 137, 136, 123, 110, 111, 124, 125, 126, 113, 112, 99, 98, 85, 84, 71, 58, 45, 32, 19, 6, 7, 8, 9, 10, 11, 12, 25, 38, 37, 36, 49, 62, 61, 74, 87, 88, 89, 90, 103, 116, 129, 142, 141, 140, 139, 152, 165, 166, 167, 168]
[00:00:01:23:212] ! Unidirectional s-t. expansions: 26,291, time: 83,212 [ms], path length: 92 [edges], generated: 95,046
[00:00:03:05:496] Valid states checked so far: 200,000, Expansions: 61,094, Global best: 93
[00:00:06:12:845] Valid states checked so far: 400,000, Expansions: 122,490, Global best: 93
[00:00:07:26:073] Path of length 92 found: [168, 167, 166, 165, 152, 139, 140, 141, 142, 129, 116, 103, 90, 89, 88, 87, 74, 61, 62, 63, 64, 51, 38, 25, 12, 11, 10, 9, 8, 7, 6, 19, 32, 45, 58, 71, 84, 85, 86, 99, 98, 111, 112, 113, 126, 125, 138, 137, 150, 163, 162, 161, 160, 159, 158, 157, 156, 143, 130, 131, 132, 133, 134, 135, 136, 123, 110, 109, 108, 107, 106, 105, 92, 79, 78, 65, 52, 39, 26, 27, 28, 41, 54, 55, 56, 43, 30, 17, 4, 3, 2, 1, 0]
[00:00:07:26:074] ! Unidirectional t-s. expansions: 144,785, time: 446,074 [ms], path length: 92 [edges], generated: 472,714
[00:00:00:00:001] Expansions: 0. Checks - state_vs_state: 0, state_vs_prefix: 0, prefix_vs_prefix: 1
[00:00:01:02:669] Path of length 92 found: [0, 1, 2, 3, 4, 17, 30, 43, 56, 55, 54, 41, 28, 27, 26, 39, 52, 65, 78, 79, 92, 105, 106, 107, 108, 109, 122, 135, 134, 133, 132, 131, 130, 143, 156, 157, 158, 159, 160, 161, 162, 163, 150, 137, 136, 123, 124, 125, 126, 113, 112, 111, 98, 99, 86, 85, 84, 71, 58, 45, 32, 19, 6, 7, 8, 9, 10, 11, 12, 25, 38, 51, 64, 63, 62, 61, 74, 87, 88, 89, 90, 103, 116, 129, 142, 141, 140, 139, 152, 165, 166, 167, 168]
[00:00:01:02:671] ! Bidirectional. expansions: 29,887, time: 62,669 [ms], path length: 92 [edges], g_F: 46, g_B: 46, generated: {'F': 48,171, 'B': 47,145}, MM: 0, MMPER: -1.0%
[00:00:01:02:671] average expansions: (20,588, 44,051, 12,804, 0)
[00:00:01:02:671] average time: (70,387, 141,412, 26,823, 0)
[00:00:01:02:671] XDFBnB: 20,588 , 70,387 (expansions , time[ms])
[00:00:01:02:671] BiXDFBnB: 12,804 , 26,823 (expansions , time[ms])

