--------------------------
date: SM_Grids
number_of_graphs: 10
graph_type: grid
size_of_graphs: [9, 9]
heuristic: bcc_heuristic
snake: True
run_uni: True
run_bi: True
run_multi: False
solution_vertices: []
algorithms: ['IDA']
lookahead: 3
bsd: False
cube_first_dims: 4
cube_buffer_dim: None
backward_sym_generation: False
sym_coil: False
prefix_set: None

---------- SM_Grids/9x9_grid_with_random_blocks_16per_0 ----------
[00:00:00:47:245] Path of length 40 found: [0, 1, 10, 19, 20, 21, 12, 3, 4, 5, 14, 23, 24, 25, 26, 35, 44, 43, 42, 41, 40, 39, 38, 37, 46, 45, 54, 63, 72, 73, 74, 65, 56, 57, 58, 59, 60, 61, 70, 79, 80]
[00:00:00:47:246] ! Unidirectional s-t. expansions: 3,689, time: 47,245 [ms], path length: 40 [edges], generated: 35,088
[00:00:02:24:224] Path of length 40 found: [80, 71, 62, 61, 60, 59, 58, 67, 66, 75, 74, 73, 72, 63, 54, 45, 46, 47, 48, 39, 40, 41, 42, 43, 44, 35, 26, 25, 24, 23, 14, 5, 4, 3, 12, 21, 20, 19, 10, 1, 0]
[00:00:02:24:224] ! Unidirectional t-s. expansions: 13,652, time: 144,224 [ms], path length: 40 [edges], generated: 120,647
[00:00:02:46:632] Path of length 40 found: [0, 1, 10, 19, 28, 37, 46, 45, 54, 63, 72, 73, 74, 65, 56, 57, 58, 59, 50, 41, 40, 39, 30, 21, 12, 3, 4, 5, 14, 23, 24, 25, 26, 35, 44, 53, 62, 61, 70, 79, 80]
[00:00:02:47:145] ! Bidirectional. expansions: 8,078, time: 166,632 [ms], path length: 40 [edges], g_F: 20, g_B: 20, generated: {'F': 36,579, 'B': 26,594}, MM: 0, MMPER: -1.0%
[00:00:02:47:145] 
---------- SM_Grids/9x9_grid_with_random_blocks_16per_1 ----------
[00:00:03:09:552] Path of length 34 found: [0, 1, 2, 11, 20, 19, 18, 27, 36, 45, 54, 55, 56, 47, 38, 39, 30, 31, 22, 13, 4, 5, 6, 15, 24, 33, 42, 41, 50, 59, 68, 69, 70, 71, 80]
[00:00:03:09:553] ! Unidirectional s-t. expansions: 18,549, time: 189,553 [ms], path length: 34 [edges], generated: 159,909
[00:00:00:23:123] Path of length 34 found: [80, 71, 62, 53, 44, 43, 42, 51, 50, 49, 48, 47, 56, 55, 54, 45, 36, 37, 28, 29, 30, 31, 32, 23, 24, 15, 6, 5, 4, 13, 12, 11, 2, 1, 0]
[00:00:00:23:124] ! Unidirectional t-s. expansions: 1,340, time: 23,124 [ms], path length: 34 [edges], generated: 15,136
[00:00:04:14:695] Path of length 34 found: [0, 1, 2, 11, 12, 13, 4, 5, 6, 15, 24, 23, 32, 31, 30, 29, 28, 27, 36, 45, 54, 55, 56, 47, 48, 49, 50, 51, 42, 43, 44, 53, 62, 71, 80]
[00:00:04:15:189] ! Bidirectional. expansions: 7,014, time: 254,695 [ms], path length: 34 [edges], g_F: 19, g_B: 15, generated: {'F': 45,632, 'B': 28,041}, MM: 4, MMPER: 10.428571428571429%
[00:00:04:15:189] 
---------- SM_Grids/9x9_grid_with_random_blocks_16per_2 ----------
[00:00:00:47:896] Path of length 44 found: [0, 9, 18, 19, 20, 11, 12, 13, 22, 31, 32, 33, 24, 15, 6, 7, 8, 17, 26, 35, 44, 43, 52, 51, 60, 59, 58, 49, 48, 39, 38, 37, 36, 45, 54, 63, 72, 73, 74, 75, 76, 77, 78, 79, 80]
[00:00:00:47:896] ! Unidirectional s-t. expansions: 3,706, time: 47,896 [ms], path length: 44 [edges], generated: 34,747
[00:00:00:53:078] Path of length 44 found: [80, 79, 78, 77, 76, 75, 66, 65, 56, 55, 54, 45, 36, 37, 38, 39, 48, 49, 58, 59, 60, 61, 52, 43, 44, 35, 26, 17, 8, 7, 6, 15, 24, 33, 32, 31, 22, 13, 12, 11, 20, 19, 18, 9, 0]
[00:00:00:53:078] ! Unidirectional t-s. expansions: 4,149, time: 53,078 [ms], path length: 44 [edges], generated: 34,951
[00:00:01:56:731] Path of length 44 found: [0, 9, 18, 19, 20, 11, 12, 13, 22, 31, 32, 33, 24, 15, 6, 7, 8, 17, 26, 35, 44, 43, 52, 51, 60, 59, 58, 49, 48, 39, 38, 37, 36, 45, 54, 55, 56, 65, 66, 75, 76, 77, 78, 79, 80]
[00:00:01:57:225] ! Bidirectional. expansions: 4,754, time: 116,731 [ms], path length: 44 [edges], g_F: 22, g_B: 22, generated: {'F': 21,501, 'B': 17,120}, MM: 0, MMPER: -1.0%
[00:00:01:57:225] 
---------- SM_Grids/9x9_grid_with_random_blocks_16per_3 ----------
[00:00:00:13:695] Path of length 42 found: [0, 9, 10, 11, 20, 21, 30, 39, 38, 37, 46, 55, 56, 65, 74, 75, 76, 67, 58, 49, 50, 41, 42, 33, 24, 23, 14, 5, 6, 7, 16, 17, 26, 35, 44, 53, 52, 61, 60, 69, 78, 79, 80]
[00:00:00:13:696] ! Unidirectional s-t. expansions: 768, time: 13,695 [ms], path length: 42 [edges], generated: 9,055
[00:00:00:35:389] Path of length 42 found: [80, 79, 78, 69, 60, 61, 62, 53, 44, 35, 26, 17, 16, 7, 6, 5, 14, 23, 24, 33, 42, 41, 50, 49, 58, 67, 76, 75, 74, 65, 56, 55, 46, 37, 38, 39, 30, 21, 20, 11, 10, 1, 0]
[00:00:00:35:389] ! Unidirectional t-s. expansions: 2,208, time: 35,389 [ms], path length: 42 [edges], generated: 21,790
[00:00:01:23:286] Path of length 42 found: [0, 9, 10, 11, 20, 21, 30, 39, 38, 37, 46, 55, 56, 65, 74, 75, 76, 67, 58, 49, 50, 41, 42, 33, 24, 23, 14, 5, 6, 7, 16, 17, 26, 35, 44, 53, 62, 61, 60, 69, 78, 79, 80]
[00:00:01:23:797] ! Bidirectional. expansions: 3,526, time: 83,286 [ms], path length: 42 [edges], g_F: 25, g_B: 17, generated: {'F': 16,643, 'B': 12,017}, MM: 8, MMPER: 17.6046511627907%
[00:00:01:23:797] 
---------- SM_Grids/9x9_grid_with_random_blocks_16per_4 ----------
[00:00:01:04:306] Path of length 44 found: [0, 9, 18, 19, 20, 11, 2, 3, 4, 13, 14, 15, 6, 7, 8, 17, 26, 35, 44, 43, 42, 41, 40, 49, 48, 47, 38, 37, 36, 45, 54, 55, 64, 65, 74, 75, 76, 67, 68, 59, 60, 61, 70, 71, 80]
[00:00:01:04:306] ! Unidirectional s-t. expansions: 5,178, time: 64,306 [ms], path length: 44 [edges], generated: 45,713
[00:00:01:00:258] Path of length 44 found: [80, 71, 62, 61, 60, 69, 78, 77, 76, 67, 66, 65, 56, 55, 46, 45, 36, 27, 18, 19, 20, 29, 38, 39, 48, 49, 50, 41, 42, 43, 44, 35, 26, 17, 8, 7, 6, 15, 14, 13, 4, 3, 2, 1, 0]
[00:00:01:00:258] ! Unidirectional t-s. expansions: 5,092, time: 60,258 [ms], path length: 44 [edges], generated: 44,623
[00:00:02:16:013] Path of length 44 found: [0, 9, 18, 19, 20, 11, 2, 3, 4, 13, 14, 15, 6, 7, 8, 17, 26, 35, 44, 43, 42, 41, 40, 49, 48, 47, 38, 37, 36, 45, 54, 55, 64, 65, 66, 67, 76, 77, 78, 69, 60, 61, 62, 71, 80]
[00:00:02:16:530] ! Bidirectional. expansions: 5,538, time: 136,013 [ms], path length: 44 [edges], g_F: 23, g_B: 21, generated: {'F': 25,467, 'B': 18,986}, MM: 2, MMPER: 3.4444444444444446%
[00:00:02:16:533] 
---------- SM_Grids/9x9_grid_with_random_blocks_16per_5 ----------
[00:00:02:50:071] Path of length 40 found: [0, 1, 2, 3, 12, 13, 22, 23, 24, 25, 34, 35, 44, 53, 52, 51, 50, 41, 40, 39, 30, 29, 20, 19, 18, 27, 36, 45, 54, 63, 72, 73, 74, 65, 66, 67, 68, 69, 70, 71, 80]
[00:00:02:50:071] ! Unidirectional s-t. expansions: 13,974, time: 170,071 [ms], path length: 40 [edges], generated: 136,351
[00:00:00:44:808] Path of length 40 found: [80, 71, 70, 69, 68, 67, 66, 65, 74, 73, 72, 63, 54, 45, 36, 27, 18, 19, 20, 29, 38, 47, 48, 49, 50, 51, 52, 53, 44, 35, 26, 25, 24, 23, 22, 13, 4, 3, 2, 1, 0]
[00:00:00:44:808] ! Unidirectional t-s. expansions: 3,661, time: 44,808 [ms], path length: 40 [edges], generated: 32,339
[00:00:01:22:172] Path of length 40 found: [0, 1, 2, 3, 12, 13, 22, 23, 24, 25, 26, 35, 44, 43, 52, 51, 50, 41, 40, 39, 30, 29, 20, 19, 18, 27, 36, 45, 54, 63, 72, 73, 74, 65, 66, 67, 68, 69, 70, 71, 80]
[00:00:01:22:671] ! Bidirectional. expansions: 3,491, time: 82,172 [ms], path length: 40 [edges], g_F: 21, g_B: 19, generated: {'F': 17,516, 'B': 12,016}, MM: 2, MMPER: 3.8780487804878048%
[00:00:01:22:671] 
---------- SM_Grids/9x9_grid_with_random_blocks_16per_6 ----------
[00:00:00:15:413] Path of length 46 found: [0, 1, 2, 3, 4, 13, 14, 15, 6, 7, 8, 17, 26, 35, 44, 53, 52, 51, 42, 33, 32, 31, 30, 21, 20, 19, 18, 27, 36, 45, 54, 63, 64, 65, 56, 47, 48, 49, 58, 67, 76, 77, 78, 69, 70, 71, 80]
[00:00:00:15:413] ! Unidirectional s-t. expansions: 1,325, time: 15,413 [ms], path length: 46 [edges], generated: 10,194
[00:00:00:21:770] Path of length 46 found: [80, 71, 70, 69, 78, 77, 76, 67, 58, 49, 48, 47, 56, 65, 64, 63, 54, 45, 36, 27, 18, 19, 20, 21, 30, 31, 32, 41, 42, 51, 52, 53, 44, 35, 26, 17, 8, 7, 6, 15, 14, 13, 4, 3, 2, 1, 0]
[00:00:00:21:771] ! Unidirectional t-s. expansions: 1,844, time: 21,770 [ms], path length: 46 [edges], generated: 15,283
[00:00:00:54:543] Path of length 46 found: [0, 1, 2, 3, 4, 13, 14, 15, 6, 7, 8, 17, 26, 35, 44, 53, 52, 51, 42, 33, 32, 31, 30, 21, 20, 19, 18, 27, 36, 45, 54, 63, 64, 65, 56, 47, 48, 49, 58, 67, 76, 77, 78, 69, 70, 71, 80]
[00:00:00:55:036] ! Bidirectional. expansions: 2,038, time: 54,543 [ms], path length: 46 [edges], g_F: 29, g_B: 17, generated: {'F': 9,309, 'B': 6,836}, MM: 12, MMPER: 24.53191489361702%
[00:00:00:55:036] 
---------- SM_Grids/9x9_grid_with_random_blocks_16per_7 ----------
[00:00:00:54:795] Path of length 42 found: [0, 9, 10, 19, 28, 27, 36, 45, 54, 63, 72, 73, 74, 65, 56, 47, 38, 39, 40, 41, 32, 23, 22, 21, 12, 3, 4, 5, 6, 15, 16, 25, 34, 43, 52, 51, 60, 59, 68, 77, 78, 79, 80]
[00:00:00:54:795] ! Unidirectional s-t. expansions: 3,350, time: 54,795 [ms], path length: 42 [edges], generated: 37,793
[00:00:01:13:538] Path of length 42 found: [80, 79, 78, 77, 68, 59, 60, 51, 52, 43, 34, 25, 16, 15, 6, 5, 4, 3, 12, 21, 22, 23, 32, 41, 40, 49, 48, 57, 56, 65, 74, 73, 72, 63, 54, 45, 36, 27, 28, 19, 10, 9, 0]
[00:00:01:13:539] ! Unidirectional t-s. expansions: 4,975, time: 73,539 [ms], path length: 42 [edges], generated: 51,593
[00:00:01:58:146] Path of length 42 found: [0, 9, 10, 11, 2, 3, 4, 5, 6, 15, 16, 25, 34, 43, 52, 51, 50, 41, 32, 23, 22, 21, 30, 29, 28, 27, 36, 45, 54, 63, 72, 73, 74, 65, 56, 57, 58, 67, 68, 77, 78, 79, 80]
[00:00:01:58:638] ! Bidirectional. expansions: 4,096, time: 118,146 [ms], path length: 42 [edges], g_F: 23, g_B: 19, generated: {'F': 22,752, 'B': 16,432}, MM: 4, MMPER: 8.30232558139535%
[00:00:01:58:639] 
---------- SM_Grids/9x9_grid_with_random_blocks_16per_8 ----------
[00:00:00:59:642] Path of length 44 found: [0, 9, 10, 19, 28, 27, 36, 45, 54, 63, 72, 73, 74, 65, 56, 47, 38, 39, 40, 41, 32, 23, 22, 13, 4, 5, 6, 7, 8, 17, 26, 35, 44, 53, 52, 61, 60, 59, 58, 67, 76, 77, 78, 79, 80]
[00:00:00:59:642] ! Unidirectional s-t. expansions: 4,682, time: 59,642 [ms], path length: 44 [edges], generated: 39,993
[00:00:00:13:816] Path of length 44 found: [80, 79, 78, 69, 60, 61, 52, 53, 44, 35, 34, 25, 16, 7, 6, 5, 4, 13, 22, 23, 32, 41, 40, 39, 48, 57, 58, 67, 76, 75, 74, 73, 72, 63, 54, 55, 46, 37, 36, 27, 18, 19, 10, 1, 0]
[00:00:00:13:817] ! Unidirectional t-s. expansions: 1,015, time: 13,816 [ms], path length: 44 [edges], generated: 8,665
[00:00:02:54:838] Path of length 44 found: [0, 9, 10, 19, 28, 27, 36, 45, 54, 63, 64, 73, 74, 75, 76, 67, 58, 57, 56, 47, 38, 39, 40, 41, 32, 23, 22, 13, 4, 5, 6, 7, 16, 25, 34, 35, 44, 53, 52, 61, 60, 69, 78, 79, 80]
[00:00:02:55:422] ! Bidirectional. expansions: 7,508, time: 174,838 [ms], path length: 44 [edges], g_F: 26, g_B: 18, generated: {'F': 32,429, 'B': 22,728}, MM: 8, MMPER: 16.77777777777778%
[00:00:02:55:422] 
---------- SM_Grids/9x9_grid_with_random_blocks_16per_9 ----------
[00:00:01:09:792] Path of length 40 found: [0, 9, 18, 27, 28, 29, 20, 11, 12, 13, 4, 5, 6, 7, 8, 17, 26, 25, 24, 23, 32, 31, 40, 39, 48, 47, 46, 45, 54, 63, 64, 65, 66, 67, 76, 77, 78, 69, 70, 71, 80]
[00:00:01:09:793] ! Unidirectional s-t. expansions: 6,797, time: 69,793 [ms], path length: 40 [edges], generated: 49,632
[00:00:01:37:412] Path of length 40 found: [80, 71, 70, 61, 60, 59, 68, 67, 66, 65, 64, 63, 54, 45, 46, 47, 48, 49, 40, 41, 32, 33, 34, 25, 26, 17, 8, 7, 6, 5, 4, 13, 22, 21, 30, 29, 28, 19, 10, 1, 0]
[00:00:01:37:413] ! Unidirectional t-s. expansions: 6,653, time: 97,412 [ms], path length: 40 [edges], generated: 63,847
[00:00:02:33:791] Path of length 40 found: [0, 9, 18, 27, 28, 29, 20, 11, 12, 13, 4, 5, 6, 7, 8, 17, 26, 25, 24, 23, 32, 31, 40, 39, 48, 47, 46, 45, 54, 63, 64, 65, 66, 67, 68, 59, 60, 61, 70, 71, 80]
[00:00:02:34:356] ! Bidirectional. expansions: 4,060, time: 153,791 [ms], path length: 40 [edges], g_F: 22, g_B: 18, generated: {'F': 23,237, 'B': 17,151}, MM: 4, MMPER: 8.75609756097561%
[00:00:02:34:357] average expansions: (6,202, 4,459, 5,010, 0)
[00:00:02:34:357] average time: (73,241, 56,742, 134,085, 0)
[00:00:02:34:357] XIDA: 4,459 , 56,742 (expansions , time[ms])
[00:00:02:34:357] BiXIDA: 5,010 , 134,085 (expansions , time[ms])

