--------------------------
date: SM_Grids
number_of_graphs: 10
graph_type: grid
size_of_graphs: [7, 8]
heuristic: bcc_heuristic
snake: False
run_uni: True
run_bi: True
run_multi: False
solution_vertices: []
algorithms: ['IDA']
lookahead: -1
bsd: False
cube_first_dims: 4
cube_buffer_dim: None
backward_sym_generation: False
sym_coil: False
prefix_set: None

---------- SM_Grids/7x8_grid_with_random_blocks_12per_0 ----------
[00:00:00:21:708] Path of length 47 found: [0, 1, 2, 10, 18, 17, 16, 24, 32, 40, 48, 49, 41, 33, 25, 26, 34, 42, 50, 51, 43, 44, 45, 37, 29, 21, 13, 12, 20, 28, 27, 19, 11, 3, 4, 5, 6, 7, 15, 14, 22, 23, 31, 30, 38, 46, 47, 55]
[00:00:00:21:708] ! Unidirectional s-t. expansions: 20,370, time: 21,708 [ms], path length: 47 [edges], generated: 33,010
[00:00:00:06:910] Path of length 47 found: [55, 47, 39, 31, 23, 15, 7, 6, 5, 4, 3, 11, 19, 27, 28, 20, 12, 13, 14, 22, 21, 29, 30, 38, 37, 45, 44, 43, 51, 50, 42, 34, 26, 25, 33, 41, 49, 48, 40, 32, 24, 16, 17, 18, 10, 2, 1, 0]
[00:00:00:06:911] ! Unidirectional t-s. expansions: 5,634, time: 6,910 [ms], path length: 47 [edges], generated: 9,683
[00:00:00:19:179] Path of length 47 found: [0, 1, 2, 10, 18, 17, 16, 24, 32, 40, 48, 49, 41, 33, 25, 26, 34, 42, 50, 51, 43, 44, 45, 37, 38, 30, 29, 21, 22, 14, 13, 12, 20, 28, 27, 19, 11, 3, 4, 5, 6, 7, 15, 23, 31, 39, 47, 55]
[00:00:00:20:043] ! Bidirectional. expansions: 14,606, time: 19,181 [ms], path length: 47 [edges], g_F: 24, g_B: 23, generated: {'F': 12,629, 'B': 13,395}, MM: 1, MMPER: 1.0833333333333335%
[00:00:00:20:044] 
---------- SM_Grids/7x8_grid_with_random_blocks_12per_1 ----------
[00:00:00:08:686] Path of length 47 found: [0, 8, 16, 24, 32, 40, 41, 33, 25, 17, 9, 10, 2, 3, 11, 19, 18, 26, 34, 42, 50, 51, 43, 35, 27, 28, 20, 21, 13, 12, 4, 5, 6, 14, 15, 23, 22, 30, 38, 37, 36, 44, 45, 53, 54, 46, 47, 55]
[00:00:00:08:687] ! Unidirectional s-t. expansions: 5,636, time: 8,686 [ms], path length: 47 [edges], generated: 9,258
[00:00:00:00:128] Path of length 47 found: [55, 47, 39, 38, 46, 54, 53, 45, 37, 36, 44, 43, 51, 50, 42, 34, 35, 27, 28, 20, 12, 13, 21, 22, 23, 15, 14, 6, 5, 4, 3, 2, 10, 11, 19, 18, 26, 25, 33, 41, 40, 32, 24, 16, 17, 9, 8, 0]
[00:00:00:00:128] ! Unidirectional t-s. expansions: 57, time: 128 [ms], path length: 47 [edges], generated: 98
[00:00:00:00:427] Path of length 47 found: [0, 8, 16, 24, 32, 40, 41, 33, 25, 26, 18, 17, 9, 10, 2, 3, 4, 5, 6, 14, 15, 23, 22, 21, 13, 12, 11, 19, 20, 28, 27, 35, 34, 42, 50, 51, 43, 44, 36, 37, 45, 53, 54, 46, 38, 39, 47, 55]
[00:00:00:01:222] ! Bidirectional. expansions: 213, time: 427 [ms], path length: 47 [edges], g_F: 24, g_B: 23, generated: {'F': 197, 'B': 213}, MM: 1, MMPER: 1.0833333333333335%
[00:00:00:01:222] 
---------- SM_Grids/7x8_grid_with_random_blocks_12per_2 ----------
[00:00:00:16:742] Path of length 45 found: [0, 8, 16, 24, 32, 40, 48, 49, 41, 33, 34, 26, 18, 17, 9, 1, 2, 10, 11, 3, 4, 5, 13, 21, 22, 14, 6, 7, 15, 23, 31, 39, 38, 37, 29, 28, 20, 19, 27, 35, 43, 44, 52, 53, 54, 55]
[00:00:00:16:742] ! Unidirectional s-t. expansions: 11,812, time: 16,742 [ms], path length: 45 [edges], generated: 19,751
[00:00:00:01:782] Path of length 45 found: [55, 47, 39, 31, 23, 15, 7, 6, 5, 13, 14, 22, 21, 29, 37, 45, 53, 52, 44, 43, 35, 36, 28, 20, 19, 27, 26, 34, 33, 41, 49, 48, 40, 32, 24, 16, 8, 9, 17, 18, 10, 11, 3, 2, 1, 0]
[00:00:00:01:782] ! Unidirectional t-s. expansions: 921, time: 1,782 [ms], path length: 45 [edges], generated: 1,666
[00:00:00:04:410] Path of length 45 found: [0, 8, 16, 24, 32, 40, 48, 49, 41, 33, 34, 26, 27, 35, 43, 44, 52, 53, 45, 37, 29, 28, 20, 19, 11, 10, 18, 17, 9, 1, 2, 3, 4, 5, 13, 21, 22, 14, 6, 7, 15, 23, 31, 39, 47, 55]
[00:00:00:05:175] ! Bidirectional. expansions: 3,070, time: 4,410 [ms], path length: 45 [edges], g_F: 23, g_B: 22, generated: {'F': 2,631, 'B': 2,799}, MM: 1, MMPER: 1.1739130434782608%
[00:00:00:05:175] 
---------- SM_Grids/7x8_grid_with_random_blocks_12per_3 ----------
[00:00:01:09:063] Path of length 45 found: [0, 8, 16, 24, 32, 33, 25, 17, 9, 1, 2, 10, 11, 3, 4, 5, 6, 14, 22, 21, 20, 19, 27, 26, 34, 42, 41, 49, 50, 51, 43, 35, 36, 44, 52, 53, 45, 37, 29, 30, 31, 39, 38, 46, 47, 55]
[00:00:01:09:064] ! Unidirectional s-t. expansions: 53,973, time: 69,064 [ms], path length: 45 [edges], generated: 93,857
[00:00:01:17:492] Path of length 45 found: [55, 47, 39, 31, 30, 22, 14, 6, 5, 4, 3, 2, 10, 11, 12, 20, 19, 27, 35, 43, 44, 36, 28, 29, 37, 38, 46, 45, 53, 52, 51, 50, 49, 41, 42, 34, 26, 25, 33, 32, 24, 16, 17, 9, 1, 0]
[00:00:01:17:492] ! Unidirectional t-s. expansions: 68,741, time: 77,492 [ms], path length: 45 [edges], generated: 114,264
[00:00:01:15:974] Path of length 45 found: [0, 8, 16, 24, 32, 33, 41, 49, 50, 42, 34, 35, 36, 44, 43, 51, 52, 53, 45, 46, 38, 37, 29, 28, 20, 12, 11, 19, 27, 26, 25, 17, 9, 1, 2, 3, 4, 5, 6, 14, 22, 30, 31, 39, 47, 55]
[00:00:01:16:892] ! Bidirectional. expansions: 63,162, time: 75,974 [ms], path length: 45 [edges], g_F: 23, g_B: 22, generated: {'F': 61,212, 'B': 61,098}, MM: 1, MMPER: 1.1739130434782608%
[00:00:01:16:893] 
---------- SM_Grids/7x8_grid_with_random_blocks_12per_4 ----------
[00:00:00:48:609] Path of length 45 found: [0, 1, 2, 10, 9, 17, 16, 24, 25, 33, 32, 40, 48, 49, 41, 42, 34, 35, 43, 51, 52, 53, 45, 37, 36, 28, 27, 19, 11, 12, 20, 21, 13, 5, 6, 7, 15, 23, 22, 30, 31, 39, 38, 46, 54, 55]
[00:00:00:48:610] ! Unidirectional s-t. expansions: 38,319, time: 48,609 [ms], path length: 45 [edges], generated: 66,489
[00:00:01:29:397] Path of length 45 found: [55, 47, 39, 31, 23, 15, 7, 6, 5, 4, 12, 13, 21, 22, 30, 38, 37, 45, 46, 54, 53, 52, 51, 43, 42, 50, 49, 48, 40, 32, 24, 16, 17, 25, 33, 34, 35, 36, 28, 20, 19, 11, 10, 2, 1, 0]
[00:00:01:29:398] ! Unidirectional t-s. expansions: 80,346, time: 89,397 [ms], path length: 45 [edges], generated: 133,205
[00:00:01:35:711] Path of length 45 found: [0, 1, 2, 10, 9, 17, 16, 24, 25, 33, 32, 40, 48, 49, 41, 42, 50, 51, 52, 53, 54, 46, 45, 37, 38, 30, 22, 21, 20, 28, 36, 35, 27, 19, 11, 12, 4, 5, 6, 7, 15, 23, 31, 39, 47, 55]
[00:00:01:36:356] ! Bidirectional. expansions: 77,460, time: 95,712 [ms], path length: 45 [edges], g_F: 23, g_B: 22, generated: {'F': 68,311, 'B': 66,966}, MM: 1, MMPER: 1.1739130434782608%
[00:00:01:36:356] 
---------- SM_Grids/7x8_grid_with_random_blocks_12per_5 ----------
[00:00:01:21:218] Path of length 45 found: [0, 8, 16, 17, 9, 1, 2, 10, 18, 26, 25, 33, 32, 40, 48, 49, 50, 51, 52, 53, 45, 46, 38, 30, 29, 21, 13, 12, 20, 28, 36, 35, 27, 19, 11, 3, 4, 5, 6, 14, 22, 23, 31, 39, 47, 55]
[00:00:01:21:218] ! Unidirectional s-t. expansions: 53,731, time: 81,218 [ms], path length: 45 [edges], generated: 96,042
[00:00:00:19:660] Path of length 45 found: [55, 47, 39, 31, 23, 22, 14, 6, 5, 4, 3, 2, 1, 9, 10, 18, 26, 34, 35, 36, 28, 27, 19, 11, 12, 20, 21, 29, 30, 38, 46, 45, 53, 52, 51, 50, 49, 48, 40, 32, 33, 25, 17, 16, 8, 0]
[00:00:00:19:661] ! Unidirectional t-s. expansions: 15,451, time: 19,660 [ms], path length: 45 [edges], generated: 26,229
[00:00:00:57:576] Path of length 45 found: [0, 8, 16, 17, 9, 1, 2, 10, 18, 26, 25, 33, 32, 40, 48, 49, 50, 51, 52, 53, 45, 46, 38, 30, 29, 21, 13, 12, 20, 28, 36, 35, 27, 19, 11, 3, 4, 5, 6, 14, 22, 23, 31, 39, 47, 55]
[00:00:00:58:301] ! Bidirectional. expansions: 45,913, time: 57,576 [ms], path length: 45 [edges], g_F: 23, g_B: 22, generated: {'F': 43,364, 'B': 42,768}, MM: 1, MMPER: 1.1739130434782608%
[00:00:00:58:301] 
---------- SM_Grids/7x8_grid_with_random_blocks_12per_6 ----------
[00:00:00:00:066] Path of length 47 found: [0, 8, 9, 17, 18, 10, 2, 3, 11, 19, 27, 26, 34, 33, 32, 40, 48, 49, 41, 42, 50, 51, 43, 35, 36, 28, 20, 21, 29, 37, 45, 44, 52, 53, 54, 46, 38, 30, 22, 14, 6, 7, 15, 23, 31, 39, 47, 55]
[00:00:00:00:066] ! Unidirectional s-t. expansions: 46, time: 66 [ms], path length: 47 [edges], generated: 77
[00:00:00:00:122] Path of length 47 found: [55, 47, 39, 31, 23, 15, 7, 6, 14, 22, 21, 20, 28, 36, 35, 43, 44, 45, 37, 29, 30, 38, 46, 54, 53, 52, 51, 50, 42, 41, 49, 48, 40, 32, 33, 34, 26, 27, 19, 11, 3, 2, 10, 18, 17, 9, 8, 0]
[00:00:00:00:122] ! Unidirectional t-s. expansions: 92, time: 122 [ms], path length: 47 [edges], generated: 157
[00:00:00:00:068] Path of length 47 found: [0, 8, 9, 17, 18, 10, 2, 3, 11, 19, 27, 26, 34, 33, 32, 40, 48, 49, 41, 42, 50, 51, 52, 53, 54, 46, 38, 30, 29, 37, 45, 44, 43, 35, 36, 28, 20, 21, 22, 14, 6, 7, 15, 23, 31, 39, 47, 55]
[00:00:00:01:038] ! Bidirectional. expansions: 46, time: 68 [ms], path length: 47 [edges], g_F: 24, g_B: 23, generated: {'F': 39, 'B': 45}, MM: 1, MMPER: 1.0833333333333335%
[00:00:00:01:038] 
---------- SM_Grids/7x8_grid_with_random_blocks_12per_7 ----------
[00:00:00:00:087] Path of length 47 found: [0, 8, 9, 1, 2, 10, 18, 17, 25, 33, 41, 49, 50, 42, 34, 26, 27, 35, 43, 51, 52, 44, 36, 28, 20, 19, 11, 3, 4, 12, 13, 5, 6, 14, 15, 23, 31, 30, 29, 37, 45, 53, 54, 46, 38, 39, 47, 55]
[00:00:00:00:088] ! Unidirectional s-t. expansions: 60, time: 88 [ms], path length: 47 [edges], generated: 103
[00:00:00:00:373] Path of length 47 found: [55, 47, 39, 31, 23, 15, 14, 6, 5, 13, 12, 4, 3, 11, 19, 20, 28, 27, 26, 34, 42, 43, 35, 36, 44, 45, 37, 29, 30, 38, 46, 54, 53, 52, 51, 50, 49, 41, 33, 25, 17, 18, 10, 2, 1, 9, 8, 0]
[00:00:00:00:374] ! Unidirectional t-s. expansions: 354, time: 373 [ms], path length: 47 [edges], generated: 633
[00:00:00:00:068] Path of length 47 found: [0, 8, 9, 1, 2, 10, 18, 17, 25, 33, 41, 49, 50, 42, 34, 26, 27, 35, 43, 51, 52, 53, 54, 46, 38, 30, 29, 37, 45, 44, 36, 28, 20, 19, 11, 3, 4, 12, 13, 5, 6, 14, 15, 23, 31, 39, 47, 55]
[00:00:00:00:752] ! Bidirectional. expansions: 46, time: 68 [ms], path length: 47 [edges], g_F: 24, g_B: 23, generated: {'F': 45, 'B': 44}, MM: 1, MMPER: 1.0833333333333335%
[00:00:00:00:753] 
---------- SM_Grids/7x8_grid_with_random_blocks_12per_8 ----------
[00:00:00:12:772] Path of length 47 found: [0, 8, 16, 24, 32, 33, 34, 26, 18, 17, 9, 1, 2, 10, 11, 3, 4, 12, 20, 19, 27, 35, 43, 42, 50, 51, 52, 44, 36, 28, 29, 21, 13, 5, 6, 7, 15, 14, 22, 30, 31, 39, 47, 46, 45, 53, 54, 55]
[00:00:00:12:773] ! Unidirectional s-t. expansions: 10,105, time: 12,773 [ms], path length: 47 [edges], generated: 17,949
[00:00:00:42:494] Path of length 47 found: [55, 47, 39, 31, 30, 22, 14, 15, 7, 6, 5, 4, 3, 2, 10, 18, 26, 27, 19, 11, 12, 13, 21, 20, 28, 29, 37, 36, 35, 43, 44, 45, 46, 54, 53, 52, 51, 50, 42, 34, 33, 32, 24, 16, 17, 9, 1, 0]
[00:00:00:42:495] ! Unidirectional t-s. expansions: 39,986, time: 42,495 [ms], path length: 47 [edges], generated: 65,447
[00:00:00:33:871] Path of length 47 found: [0, 8, 16, 24, 32, 33, 34, 26, 18, 17, 9, 1, 2, 10, 11, 19, 27, 35, 43, 42, 50, 51, 52, 53, 54, 46, 45, 44, 36, 37, 29, 28, 20, 21, 13, 12, 4, 5, 6, 7, 15, 14, 22, 30, 31, 39, 47, 55]
[00:00:00:34:807] ! Bidirectional. expansions: 27,010, time: 33,871 [ms], path length: 47 [edges], g_F: 24, g_B: 23, generated: {'F': 25,534, 'B': 25,136}, MM: 1, MMPER: 1.0833333333333335%
[00:00:00:34:808] 
---------- SM_Grids/7x8_grid_with_random_blocks_12per_9 ----------
[00:00:00:00:941] Path of length 47 found: [0, 8, 16, 24, 32, 40, 48, 49, 41, 33, 25, 17, 18, 10, 2, 3, 11, 19, 27, 26, 34, 42, 50, 51, 43, 35, 36, 28, 29, 21, 20, 12, 13, 5, 6, 7, 15, 14, 22, 23, 31, 30, 38, 39, 47, 46, 54, 55]
[00:00:00:00:942] ! Unidirectional s-t. expansions: 594, time: 941 [ms], path length: 47 [edges], generated: 1,031
[00:00:00:00:818] Path of length 47 found: [55, 54, 46, 47, 39, 38, 30, 31, 23, 15, 7, 6, 5, 13, 14, 22, 21, 29, 28, 20, 12, 11, 3, 2, 10, 18, 19, 27, 26, 25, 33, 41, 42, 34, 35, 36, 44, 43, 51, 50, 49, 48, 40, 32, 24, 16, 8, 0]
[00:00:00:00:819] ! Unidirectional t-s. expansions: 751, time: 818 [ms], path length: 47 [edges], generated: 1,277
[00:00:00:01:741] Path of length 47 found: [0, 8, 16, 24, 32, 40, 48, 49, 41, 33, 25, 17, 18, 10, 2, 3, 11, 12, 20, 19, 27, 26, 34, 42, 50, 51, 43, 44, 36, 28, 29, 21, 22, 14, 13, 5, 6, 7, 15, 23, 31, 30, 38, 39, 47, 46, 54, 55]
[00:00:00:02:450] ! Bidirectional. expansions: 1,206, time: 1,741 [ms], path length: 47 [edges], g_F: 24, g_B: 23, generated: {'F': 1,056, 'B': 1,099}, MM: 1, MMPER: 1.0833333333333335%
[00:00:00:02:450] average expansions: (19,465, 21,233, 23,273, 0)
[00:00:00:02:450] average time: (25,990, 23,918, 28,903, 0)
[00:00:00:02:450] XIDA: 19,465 , 23,918 (expansions , time[ms])
[00:00:00:02:450] BiXIDA: 23,273 , 28,903 (expansions , time[ms])

