--------------------------
date: SM_Grids
number_of_graphs: 10
graph_type: grid
size_of_graphs: [8, 8]
heuristic: bcc_heuristic
snake: False
run_uni: True
run_bi: True
run_multi: False
solution_vertices: []
algorithms: ['IDA']
lookahead: -1
bsd: False
cube_first_dims: 4
cube_buffer_dim: None
backward_sym_generation: False
sym_coil: False
prefix_set: None

---------- SM_Grids/8x8_grid_with_random_blocks_20per_0 ----------
[00:00:00:01:810] Path of length 44 found: [0, 1, 9, 10, 2, 3, 4, 12, 20, 28, 29, 21, 13, 5, 6, 7, 15, 14, 22, 23, 31, 30, 38, 37, 36, 35, 34, 26, 25, 17, 16, 24, 32, 40, 48, 49, 41, 42, 43, 44, 52, 53, 61, 62, 63]
[00:00:00:01:810] ! Unidirectional s-t. expansions: 2,116, time: 1,810 [ms], path length: 44 [edges], generated: 3,409
[00:00:00:00:466] Path of length 44 found: [63, 62, 61, 53, 52, 44, 43, 42, 50, 49, 41, 40, 32, 24, 16, 17, 25, 26, 34, 35, 36, 28, 20, 12, 13, 21, 29, 37, 38, 39, 31, 30, 22, 23, 15, 7, 6, 5, 4, 3, 2, 10, 9, 1, 0]
[00:00:00:00:466] ! Unidirectional t-s. expansions: 560, time: 466 [ms], path length: 44 [edges], generated: 980
[00:00:00:00:741] Path of length 44 found: [0, 1, 9, 10, 2, 3, 4, 12, 20, 28, 29, 21, 13, 5, 6, 7, 15, 14, 22, 23, 31, 30, 38, 37, 36, 35, 34, 26, 25, 17, 16, 24, 32, 40, 41, 49, 50, 42, 43, 44, 52, 53, 61, 62, 63]
[00:00:00:01:193] ! Bidirectional. expansions: 947, time: 741 [ms], path length: 44 [edges], g_F: 23, g_B: 21, generated: {'F': 840, 'B': 704}, MM: 2, MMPER: 3.4444444444444446%
[00:00:00:01:193] 
---------- SM_Grids/8x8_grid_with_random_blocks_20per_1 ----------
[00:00:00:20:216] Path of length 38 found: [0, 8, 16, 24, 25, 17, 9, 1, 2, 3, 11, 10, 18, 26, 34, 33, 41, 40, 48, 56, 57, 49, 50, 42, 43, 35, 27, 19, 20, 28, 29, 30, 31, 39, 47, 46, 54, 62, 63]
[00:00:00:20:216] ! Unidirectional s-t. expansions: 20,966, time: 20,216 [ms], path length: 38 [edges], generated: 36,805
[00:00:00:02:916] Path of length 38 found: [63, 62, 54, 55, 47, 39, 31, 30, 29, 21, 20, 28, 27, 19, 11, 3, 2, 10, 18, 26, 34, 35, 43, 51, 50, 49, 57, 56, 48, 40, 41, 33, 25, 24, 16, 17, 9, 1, 0]
[00:00:00:02:916] ! Unidirectional t-s. expansions: 3,286, time: 2,916 [ms], path length: 38 [edges], generated: 5,881
[00:00:00:05:382] Path of length 38 found: [0, 8, 16, 24, 25, 33, 41, 40, 48, 56, 57, 49, 50, 51, 43, 35, 34, 26, 18, 10, 9, 1, 2, 3, 11, 19, 27, 28, 20, 21, 29, 30, 31, 39, 47, 55, 54, 62, 63]
[00:00:00:05:818] ! Bidirectional. expansions: 4,892, time: 5,382 [ms], path length: 38 [edges], g_F: 20, g_B: 18, generated: {'F': 4,678, 'B': 4,940}, MM: 2, MMPER: 4.128205128205129%
[00:00:00:05:819] 
---------- SM_Grids/8x8_grid_with_random_blocks_20per_2 ----------
[00:00:00:01:003] Path of length 48 found: [0, 8, 16, 17, 9, 1, 2, 3, 4, 12, 20, 19, 18, 26, 34, 33, 41, 40, 48, 56, 57, 49, 50, 58, 59, 60, 61, 53, 45, 37, 36, 28, 29, 21, 13, 5, 6, 14, 15, 23, 22, 30, 31, 39, 38, 46, 54, 62, 63]
[00:00:00:01:003] ! Unidirectional s-t. expansions: 971, time: 1,003 [ms], path length: 48 [edges], generated: 1,686
[00:00:00:01:151] Path of length 48 found: [63, 62, 54, 46, 47, 39, 31, 23, 15, 14, 6, 5, 13, 21, 22, 30, 29, 28, 36, 37, 45, 53, 61, 60, 59, 58, 50, 49, 57, 56, 48, 40, 41, 33, 34, 26, 18, 19, 20, 12, 4, 3, 2, 1, 9, 17, 16, 8, 0]
[00:00:00:01:151] ! Unidirectional t-s. expansions: 1,042, time: 1,151 [ms], path length: 48 [edges], generated: 1,681
[00:00:00:01:080] Path of length 48 found: [0, 8, 16, 17, 9, 1, 2, 3, 4, 12, 13, 5, 6, 14, 15, 23, 22, 21, 29, 30, 31, 39, 47, 46, 38, 37, 36, 28, 20, 19, 18, 26, 34, 33, 41, 40, 48, 56, 57, 49, 50, 58, 59, 60, 61, 53, 54, 62, 63]
[00:00:00:01:515] ! Bidirectional. expansions: 1,218, time: 1,080 [ms], path length: 48 [edges], g_F: 25, g_B: 23, generated: {'F': 1,136, 'B': 980}, MM: 2, MMPER: 3.0816326530612246%
[00:00:00:01:515] 
---------- SM_Grids/8x8_grid_with_random_blocks_20per_3 ----------
[00:00:00:00:831] Path of length 46 found: [0, 1, 9, 8, 16, 24, 32, 40, 41, 49, 57, 58, 50, 51, 43, 35, 34, 26, 27, 19, 18, 10, 11, 3, 4, 12, 13, 5, 6, 7, 15, 23, 22, 30, 31, 39, 38, 37, 36, 44, 45, 53, 52, 60, 61, 62, 63]
[00:00:00:00:831] ! Unidirectional s-t. expansions: 720, time: 831 [ms], path length: 46 [edges], generated: 1,230
[00:00:00:00:851] Path of length 46 found: [63, 62, 61, 60, 52, 53, 45, 37, 29, 30, 38, 39, 31, 23, 15, 7, 6, 5, 13, 12, 4, 3, 11, 10, 18, 19, 27, 26, 34, 35, 36, 44, 43, 51, 50, 58, 57, 49, 41, 40, 32, 24, 16, 17, 9, 1, 0]
[00:00:00:00:851] ! Unidirectional t-s. expansions: 882, time: 851 [ms], path length: 46 [edges], generated: 1,435
[00:00:00:01:225] Path of length 46 found: [0, 1, 9, 8, 16, 24, 32, 40, 41, 49, 57, 58, 50, 51, 43, 44, 36, 35, 34, 26, 27, 19, 18, 10, 11, 3, 4, 12, 13, 5, 6, 7, 15, 23, 31, 39, 38, 30, 29, 37, 45, 53, 52, 60, 61, 62, 63]
[00:00:00:01:656] ! Bidirectional. expansions: 1,190, time: 1,226 [ms], path length: 46 [edges], g_F: 24, g_B: 22, generated: {'F': 987, 'B': 1,035}, MM: 2, MMPER: 3.25531914893617%
[00:00:00:01:656] 
---------- SM_Grids/8x8_grid_with_random_blocks_20per_4 ----------
[00:00:00:57:094] Path of length 44 found: [0, 8, 16, 24, 32, 40, 48, 49, 57, 58, 59, 51, 43, 44, 36, 28, 20, 19, 27, 26, 34, 33, 25, 17, 18, 10, 9, 1, 2, 3, 4, 5, 6, 7, 15, 23, 22, 21, 29, 37, 45, 46, 54, 62, 63]
[00:00:00:57:095] ! Unidirectional s-t. expansions: 70,741, time: 57,094 [ms], path length: 44 [edges], generated: 112,041
[00:00:00:14:041] Path of length 44 found: [63, 55, 54, 46, 38, 37, 45, 44, 43, 51, 59, 58, 57, 49, 48, 40, 41, 33, 32, 24, 16, 8, 9, 17, 25, 26, 18, 10, 11, 19, 27, 28, 20, 21, 22, 23, 15, 7, 6, 5, 4, 3, 2, 1, 0]
[00:00:00:14:042] ! Unidirectional t-s. expansions: 14,918, time: 14,041 [ms], path length: 44 [edges], generated: 27,129
[00:00:00:40:725] Path of length 44 found: [0, 8, 16, 24, 32, 33, 41, 40, 48, 49, 57, 58, 59, 51, 43, 44, 36, 28, 20, 19, 27, 26, 18, 17, 9, 1, 2, 10, 11, 3, 4, 5, 6, 7, 15, 23, 22, 21, 29, 37, 38, 46, 54, 55, 63]
[00:00:00:41:145] ! Bidirectional. expansions: 47,770, time: 40,725 [ms], path length: 44 [edges], g_F: 23, g_B: 21, generated: {'F': 39,534, 'B': 41,182}, MM: 2, MMPER: 3.4444444444444446%
[00:00:00:41:146] 
---------- SM_Grids/8x8_grid_with_random_blocks_20per_5 ----------
[00:00:00:04:040] Path of length 46 found: [0, 1, 9, 8, 16, 24, 32, 40, 48, 49, 57, 58, 59, 51, 50, 42, 41, 33, 25, 17, 18, 26, 34, 35, 36, 28, 20, 12, 13, 21, 22, 14, 15, 23, 31, 39, 38, 37, 45, 53, 61, 62, 54, 46, 47, 55, 63]
[00:00:00:04:040] ! Unidirectional s-t. expansions: 3,904, time: 4,040 [ms], path length: 46 [edges], generated: 7,098
[00:00:00:01:829] Path of length 46 found: [63, 55, 47, 39, 31, 23, 15, 14, 22, 21, 13, 12, 20, 28, 29, 37, 38, 46, 54, 62, 61, 53, 52, 51, 59, 58, 57, 49, 48, 40, 32, 24, 25, 33, 41, 42, 43, 35, 34, 26, 18, 17, 16, 8, 9, 1, 0]
[00:00:00:01:829] ! Unidirectional t-s. expansions: 1,657, time: 1,829 [ms], path length: 46 [edges], generated: 3,097
[00:00:00:10:345] Path of length 46 found: [0, 1, 9, 8, 16, 24, 32, 40, 48, 49, 57, 58, 50, 42, 41, 33, 25, 17, 18, 26, 34, 35, 43, 51, 52, 53, 61, 62, 54, 46, 38, 37, 29, 28, 20, 12, 13, 21, 22, 14, 15, 23, 31, 39, 47, 55, 63]
[00:00:00:10:800] ! Bidirectional. expansions: 10,760, time: 10,345 [ms], path length: 46 [edges], g_F: 24, g_B: 22, generated: {'F': 9,367, 'B': 9,760}, MM: 2, MMPER: 3.25531914893617%
[00:00:00:10:800] 
---------- SM_Grids/8x8_grid_with_random_blocks_20per_6 ----------
[00:00:00:01:616] Path of length 46 found: [0, 1, 9, 8, 16, 17, 18, 10, 11, 19, 27, 28, 20, 21, 13, 12, 4, 5, 6, 14, 15, 23, 31, 39, 38, 37, 36, 44, 45, 53, 52, 51, 43, 42, 50, 49, 48, 56, 57, 58, 59, 60, 61, 62, 54, 55, 63]
[00:00:00:01:616] ! Unidirectional s-t. expansions: 1,586, time: 1,616 [ms], path length: 46 [edges], generated: 2,596
[00:00:00:02:775] Path of length 46 found: [63, 55, 47, 39, 31, 23, 15, 14, 6, 5, 4, 12, 13, 21, 29, 37, 45, 53, 54, 62, 61, 60, 52, 51, 59, 58, 57, 56, 48, 49, 50, 42, 43, 44, 36, 28, 20, 19, 27, 26, 18, 10, 9, 17, 16, 8, 0]
[00:00:00:02:775] ! Unidirectional t-s. expansions: 3,085, time: 2,775 [ms], path length: 46 [edges], generated: 5,083
[00:00:00:02:902] Path of length 46 found: [0, 1, 9, 8, 16, 17, 18, 10, 11, 19, 27, 28, 36, 44, 43, 42, 50, 49, 48, 56, 57, 58, 59, 51, 52, 60, 61, 62, 54, 53, 45, 37, 29, 21, 20, 12, 4, 5, 6, 14, 15, 23, 31, 39, 47, 55, 63]
[00:00:00:03:319] ! Bidirectional. expansions: 3,180, time: 2,902 [ms], path length: 46 [edges], g_F: 24, g_B: 22, generated: {'F': 2,836, 'B': 2,663}, MM: 2, MMPER: 3.25531914893617%
[00:00:00:03:319] 
---------- SM_Grids/8x8_grid_with_random_blocks_20per_7 ----------
[00:00:00:03:922] Path of length 42 found: [0, 8, 16, 24, 32, 40, 41, 33, 25, 17, 9, 1, 2, 3, 11, 19, 18, 26, 34, 42, 50, 51, 43, 35, 27, 28, 20, 12, 4, 5, 6, 14, 15, 23, 31, 30, 38, 39, 47, 55, 54, 62, 63]
[00:00:00:03:922] ! Unidirectional s-t. expansions: 3,569, time: 3,922 [ms], path length: 42 [edges], generated: 5,947
[00:00:00:00:400] Path of length 42 found: [63, 62, 54, 55, 47, 39, 38, 30, 31, 23, 15, 7, 6, 5, 4, 3, 2, 1, 9, 17, 25, 33, 34, 26, 18, 19, 11, 12, 20, 28, 27, 35, 43, 51, 50, 42, 41, 40, 32, 24, 16, 8, 0]
[00:00:00:00:400] ! Unidirectional t-s. expansions: 410, time: 400 [ms], path length: 42 [edges], generated: 747
[00:00:00:01:626] Path of length 42 found: [0, 8, 16, 24, 32, 40, 41, 33, 25, 17, 9, 1, 2, 3, 11, 19, 18, 26, 34, 42, 50, 51, 43, 35, 27, 28, 20, 12, 4, 5, 6, 7, 15, 23, 31, 30, 38, 39, 47, 55, 54, 62, 63]
[00:00:00:02:047] ! Bidirectional. expansions: 1,560, time: 1,626 [ms], path length: 42 [edges], g_F: 22, g_B: 20, generated: {'F': 1,393, 'B': 1,365}, MM: 2, MMPER: 3.6511627906976747%
[00:00:00:02:048] 
---------- SM_Grids/8x8_grid_with_random_blocks_20per_8 ----------
[00:00:00:00:287] Path of length 48 found: [0, 8, 16, 24, 32, 33, 25, 17, 9, 10, 2, 3, 11, 19, 20, 12, 4, 5, 13, 14, 6, 7, 15, 23, 22, 21, 29, 28, 27, 35, 36, 44, 52, 51, 50, 42, 41, 49, 57, 58, 59, 60, 61, 53, 45, 46, 47, 55, 63]
[00:00:00:00:287] ! Unidirectional s-t. expansions: 264, time: 287 [ms], path length: 48 [edges], generated: 413
[00:00:00:00:052] Path of length 48 found: [63, 55, 47, 46, 45, 53, 61, 60, 59, 58, 57, 49, 41, 42, 50, 51, 52, 44, 36, 35, 27, 19, 11, 12, 20, 28, 29, 21, 13, 14, 22, 23, 15, 7, 6, 5, 4, 3, 2, 10, 9, 17, 25, 33, 32, 24, 16, 8, 0]
[00:00:00:00:052] ! Unidirectional t-s. expansions: 51, time: 52 [ms], path length: 48 [edges], generated: 81
[00:00:00:00:051] Path of length 48 found: [0, 8, 16, 24, 32, 33, 25, 17, 9, 10, 2, 3, 11, 19, 20, 12, 4, 5, 13, 14, 6, 7, 15, 23, 22, 21, 29, 28, 27, 35, 36, 44, 52, 51, 50, 42, 41, 49, 57, 58, 59, 60, 61, 53, 45, 46, 47, 55, 63]
[00:00:00:00:465] ! Bidirectional. expansions: 50, time: 51 [ms], path length: 48 [edges], g_F: 25, g_B: 23, generated: {'F': 42, 'B': 39}, MM: 2, MMPER: 3.0816326530612246%
[00:00:00:00:465] 
---------- SM_Grids/8x8_grid_with_random_blocks_20per_9 ----------
[00:00:00:00:048] Path of length 36 found: [0, 8, 9, 1, 2, 10, 18, 26, 34, 35, 27, 28, 36, 44, 45, 37, 29, 21, 13, 5, 6, 7, 15, 14, 22, 23, 31, 30, 38, 39, 47, 55, 54, 53, 61, 62, 63]
[00:00:00:00:048] ! Unidirectional s-t. expansions: 38, time: 48 [ms], path length: 36 [edges], generated: 65
[00:00:00:00:174] Path of length 36 found: [63, 62, 61, 53, 54, 55, 47, 39, 31, 23, 15, 7, 6, 5, 13, 14, 22, 21, 29, 30, 38, 37, 45, 44, 36, 28, 27, 35, 34, 26, 18, 17, 9, 10, 2, 1, 0]
[00:00:00:00:174] ! Unidirectional t-s. expansions: 166, time: 174 [ms], path length: 36 [edges], generated: 282
[00:00:00:00:055] Path of length 36 found: [0, 8, 9, 1, 2, 10, 18, 26, 34, 35, 27, 28, 36, 44, 45, 37, 38, 30, 29, 21, 22, 14, 13, 5, 6, 7, 15, 23, 31, 39, 47, 55, 54, 53, 61, 62, 63]
[00:00:00:00:473] ! Bidirectional. expansions: 45, time: 55 [ms], path length: 36 [edges], g_F: 19, g_B: 17, generated: {'F': 45, 'B': 37}, MM: 2, MMPER: 4.405405405405405%
[00:00:00:00:473] average expansions: (10,488, 2,606, 7,161, 0)
[00:00:00:00:474] average time: (9,087, 2,466, 6,413, 0)
[00:00:00:00:474] XIDA: 2,606 , 2,466 (expansions , time[ms])
[00:00:00:00:474] BiXIDA: 7,161 , 6,413 (expansions , time[ms])

