--------------------------
date: SM_Grids
number_of_graphs: 10
graph_type: grid
size_of_graphs: [7, 7]
heuristic: bcc_heuristic
snake: False
run_uni: True
run_bi: True
run_multi: False
solution_vertices: []
algorithms: ['IDA']
lookahead: -1
bsd: False
cube_first_dims: 4
cube_buffer_dim: None
backward_sym_generation: False
sym_coil: False
prefix_set: None

---------- SM_Grids/7x7_grid_with_random_blocks_8per_0 ----------
[00:00:00:03:481] Path of length 44 found: [0, 7, 8, 1, 2, 9, 16, 15, 22, 21, 28, 35, 42, 43, 36, 29, 30, 37, 44, 45, 46, 39, 38, 31, 32, 25, 18, 17, 10, 3, 4, 11, 12, 5, 6, 13, 20, 19, 26, 27, 34, 33, 40, 47, 48]
[00:00:00:03:481] ! Unidirectional s-t. expansions: 5,058, time: 3,481 [ms], path length: 44 [edges], generated: 8,588
[00:00:00:16:667] Path of length 44 found: [48, 41, 34, 27, 20, 13, 6, 5, 4, 3, 2, 9, 16, 17, 10, 11, 12, 19, 18, 25, 26, 33, 32, 31, 30, 29, 36, 37, 38, 39, 40, 47, 46, 45, 44, 43, 42, 35, 28, 21, 22, 15, 8, 1, 0]
[00:00:00:16:667] ! Unidirectional t-s. expansions: 21,160, time: 16,667 [ms], path length: 44 [edges], generated: 33,903
[00:00:00:09:691] Path of length 44 found: [0, 7, 8, 1, 2, 9, 16, 15, 22, 21, 28, 35, 42, 43, 36, 29, 30, 37, 44, 45, 46, 47, 40, 39, 38, 31, 32, 25, 26, 19, 12, 11, 18, 17, 10, 3, 4, 5, 6, 13, 20, 27, 34, 41, 48]
[00:00:00:10:158] ! Bidirectional. expansions: 9,961, time: 9,691 [ms], path length: 44 [edges], g_F: 23, g_B: 21, generated: {'F': 9,711, 'B': 8,746}, MM: 2, MMPER: 3.4444444444444446%
[00:00:00:10:158] 
---------- SM_Grids/7x7_grid_with_random_blocks_8per_1 ----------
[00:00:00:26:267] Path of length 42 found: [0, 7, 14, 21, 28, 35, 42, 43, 36, 29, 22, 15, 8, 9, 2, 3, 10, 17, 16, 23, 30, 31, 24, 25, 18, 11, 4, 5, 6, 13, 12, 19, 20, 27, 26, 33, 32, 39, 46, 47, 40, 41, 48]
[00:00:00:26:268] ! Unidirectional s-t. expansions: 27,277, time: 26,267 [ms], path length: 42 [edges], generated: 48,487
[00:00:00:52:146] Path of length 42 found: [48, 41, 34, 27, 20, 13, 6, 5, 4, 3, 2, 9, 8, 15, 22, 23, 16, 17, 10, 11, 12, 19, 18, 25, 26, 33, 40, 47, 46, 39, 32, 31, 30, 29, 36, 43, 42, 35, 28, 21, 14, 7, 0]
[00:00:00:52:147] ! Unidirectional t-s. expansions: 53,243, time: 52,146 [ms], path length: 42 [edges], generated: 91,643
[00:00:00:42:028] Path of length 42 found: [0, 7, 14, 21, 28, 35, 42, 43, 36, 29, 22, 15, 16, 23, 30, 31, 38, 39, 46, 47, 40, 33, 26, 19, 12, 11, 18, 25, 24, 17, 10, 9, 2, 3, 4, 5, 6, 13, 20, 27, 34, 41, 48]
[00:00:00:42:470] ! Bidirectional. expansions: 41,534, time: 42,029 [ms], path length: 42 [edges], g_F: 22, g_B: 20, generated: {'F': 41,166, 'B': 39,559}, MM: 2, MMPER: 3.6511627906976747%
[00:00:00:42:470] 
---------- SM_Grids/7x7_grid_with_random_blocks_8per_2 ----------
[00:00:00:08:051] Path of length 44 found: [0, 7, 14, 21, 28, 35, 36, 43, 44, 37, 30, 29, 22, 15, 8, 9, 2, 3, 10, 17, 16, 23, 24, 31, 38, 45, 46, 39, 32, 33, 26, 19, 18, 11, 4, 5, 12, 13, 20, 27, 34, 41, 40, 47, 48]
[00:00:00:08:051] ! Unidirectional s-t. expansions: 7,818, time: 8,051 [ms], path length: 44 [edges], generated: 13,602
[00:00:00:15:697] Path of length 44 found: [48, 41, 34, 27, 20, 13, 6, 5, 4, 3, 2, 9, 8, 15, 22, 29, 30, 37, 38, 31, 24, 23, 16, 17, 10, 11, 18, 19, 26, 33, 32, 39, 40, 47, 46, 45, 44, 43, 36, 35, 28, 21, 14, 7, 0]
[00:00:00:15:698] ! Unidirectional t-s. expansions: 14,939, time: 15,698 [ms], path length: 44 [edges], generated: 25,218
[00:00:00:21:248] Path of length 44 found: [0, 7, 14, 21, 28, 35, 36, 43, 44, 37, 38, 45, 46, 47, 40, 39, 32, 33, 26, 19, 12, 11, 10, 17, 16, 23, 24, 31, 30, 29, 22, 15, 8, 9, 2, 3, 4, 5, 6, 13, 20, 27, 34, 41, 48]
[00:00:00:21:684] ! Bidirectional. expansions: 20,122, time: 21,248 [ms], path length: 44 [edges], g_F: 23, g_B: 21, generated: {'F': 19,512, 'B': 18,724}, MM: 2, MMPER: 3.4444444444444446%
[00:00:00:21:684] 
---------- SM_Grids/7x7_grid_with_random_blocks_8per_3 ----------
[00:00:00:25:528] Path of length 44 found: [0, 7, 14, 21, 28, 35, 42, 43, 44, 37, 30, 29, 22, 23, 16, 9, 8, 1, 2, 3, 10, 17, 24, 31, 38, 45, 46, 39, 32, 25, 18, 11, 4, 5, 6, 13, 12, 19, 20, 27, 26, 33, 40, 47, 48]
[00:00:00:25:528] ! Unidirectional s-t. expansions: 31,512, time: 25,528 [ms], path length: 44 [edges], generated: 48,560
[00:00:00:01:170] Path of length 44 found: [48, 41, 40, 47, 46, 39, 32, 33, 26, 27, 20, 13, 6, 5, 4, 3, 2, 1, 8, 9, 16, 17, 10, 11, 12, 19, 18, 25, 24, 23, 22, 29, 30, 31, 38, 37, 44, 43, 42, 35, 28, 21, 14, 7, 0]
[00:00:00:01:170] ! Unidirectional t-s. expansions: 1,015, time: 1,170 [ms], path length: 44 [edges], generated: 1,820
[00:00:00:02:825] Path of length 44 found: [0, 7, 14, 21, 28, 35, 42, 43, 44, 45, 38, 37, 30, 29, 22, 23, 16, 17, 24, 25, 18, 19, 12, 11, 10, 9, 8, 1, 2, 3, 4, 5, 6, 13, 20, 27, 26, 33, 32, 39, 46, 47, 40, 41, 48]
[00:00:00:03:270] ! Bidirectional. expansions: 2,554, time: 2,825 [ms], path length: 44 [edges], g_F: 23, g_B: 21, generated: {'F': 2,330, 'B': 2,428}, MM: 2, MMPER: 3.4444444444444446%
[00:00:00:03:270] 
---------- SM_Grids/7x7_grid_with_random_blocks_8per_4 ----------
[00:00:00:00:762] Path of length 44 found: [0, 7, 14, 21, 28, 35, 42, 43, 36, 29, 22, 15, 8, 1, 2, 9, 16, 23, 30, 37, 38, 45, 46, 39, 32, 31, 24, 25, 18, 11, 4, 5, 6, 13, 12, 19, 20, 27, 26, 33, 34, 41, 40, 47, 48]
[00:00:00:00:763] ! Unidirectional s-t. expansions: 621, time: 762 [ms], path length: 44 [edges], generated: 1,030
[00:00:00:02:720] Path of length 44 found: [48, 41, 34, 27, 20, 13, 6, 5, 4, 11, 10, 9, 2, 1, 8, 15, 16, 23, 22, 29, 30, 31, 24, 25, 18, 19, 26, 33, 32, 39, 40, 47, 46, 45, 38, 37, 36, 43, 42, 35, 28, 21, 14, 7, 0]
[00:00:00:02:720] ! Unidirectional t-s. expansions: 2,168, time: 2,720 [ms], path length: 44 [edges], generated: 3,671
[00:00:00:03:948] Path of length 44 found: [0, 7, 14, 21, 28, 35, 42, 43, 36, 29, 22, 23, 16, 15, 8, 1, 2, 9, 10, 11, 4, 5, 12, 13, 20, 19, 18, 25, 24, 31, 30, 37, 38, 45, 46, 47, 40, 39, 32, 33, 26, 27, 34, 41, 48]
[00:00:00:04:397] ! Bidirectional. expansions: 3,192, time: 3,948 [ms], path length: 44 [edges], g_F: 23, g_B: 21, generated: {'F': 2,785, 'B': 2,823}, MM: 2, MMPER: 3.4444444444444446%
[00:00:00:04:397] 
---------- SM_Grids/7x7_grid_with_random_blocks_8per_5 ----------
[00:00:00:01:750] Path of length 44 found: [0, 7, 14, 21, 28, 35, 42, 43, 36, 29, 22, 15, 8, 1, 2, 9, 10, 17, 24, 23, 30, 37, 44, 45, 46, 39, 38, 31, 32, 25, 18, 11, 12, 5, 6, 13, 20, 19, 26, 27, 34, 33, 40, 41, 48]
[00:00:00:01:751] ! Unidirectional s-t. expansions: 1,390, time: 1,750 [ms], path length: 44 [edges], generated: 2,330
[00:00:00:09:196] Path of length 44 found: [48, 41, 34, 27, 20, 13, 6, 5, 12, 11, 18, 19, 26, 25, 32, 33, 40, 39, 46, 45, 38, 31, 30, 29, 36, 37, 44, 43, 42, 35, 28, 21, 14, 15, 22, 23, 24, 17, 10, 3, 2, 9, 8, 1, 0]
[00:00:00:09:197] ! Unidirectional t-s. expansions: 9,889, time: 9,196 [ms], path length: 44 [edges], generated: 15,616
[00:00:00:04:460] Path of length 44 found: [0, 7, 14, 21, 28, 35, 42, 43, 36, 29, 22, 15, 8, 1, 2, 9, 10, 17, 24, 23, 30, 31, 38, 37, 44, 45, 46, 39, 40, 33, 32, 25, 26, 19, 18, 11, 12, 5, 6, 13, 20, 27, 34, 41, 48]
[00:00:00:04:886] ! Bidirectional. expansions: 4,024, time: 4,460 [ms], path length: 44 [edges], g_F: 23, g_B: 21, generated: {'F': 3,614, 'B': 3,712}, MM: 2, MMPER: 3.4444444444444446%
[00:00:00:04:886] 
---------- SM_Grids/7x7_grid_with_random_blocks_8per_6 ----------
[00:00:00:11:031] Path of length 44 found: [0, 1, 8, 15, 14, 21, 28, 35, 42, 43, 36, 29, 22, 23, 30, 37, 44, 45, 46, 39, 38, 31, 24, 17, 16, 9, 2, 3, 4, 11, 18, 25, 26, 19, 12, 5, 6, 13, 20, 27, 34, 33, 40, 47, 48]
[00:00:00:11:032] ! Unidirectional s-t. expansions: 12,640, time: 11,032 [ms], path length: 44 [edges], generated: 20,130
[00:00:00:04:486] Path of length 44 found: [48, 41, 34, 27, 20, 13, 6, 5, 4, 3, 2, 9, 16, 23, 22, 29, 36, 37, 30, 31, 24, 17, 18, 11, 12, 19, 26, 33, 40, 47, 46, 39, 38, 45, 44, 43, 42, 35, 28, 21, 14, 15, 8, 1, 0]
[00:00:00:04:486] ! Unidirectional t-s. expansions: 3,556, time: 4,486 [ms], path length: 44 [edges], generated: 6,085
[00:00:00:10:603] Path of length 44 found: [0, 1, 8, 15, 14, 21, 28, 35, 42, 43, 36, 29, 22, 23, 30, 37, 44, 45, 38, 39, 46, 47, 40, 33, 26, 19, 12, 11, 18, 25, 24, 17, 16, 9, 2, 3, 4, 5, 6, 13, 20, 27, 34, 41, 48]
[00:00:00:11:051] ! Bidirectional. expansions: 9,953, time: 10,603 [ms], path length: 44 [edges], g_F: 23, g_B: 21, generated: {'F': 9,147, 'B': 9,089}, MM: 2, MMPER: 3.4444444444444446%
[00:00:00:11:052] 
---------- SM_Grids/7x7_grid_with_random_blocks_8per_7 ----------
[00:00:01:46:551] Valid states checked so far: 200,000, Expansions: 119,086, Global best: 43
[00:00:01:55:134] Path of length 42 found: [0, 7, 14, 21, 28, 35, 42, 43, 36, 29, 22, 15, 8, 1, 2, 9, 16, 23, 30, 37, 44, 45, 46, 39, 38, 31, 24, 17, 10, 3, 4, 5, 12, 11, 18, 19, 26, 25, 32, 33, 40, 47, 48]
[00:00:01:55:135] ! Unidirectional s-t. expansions: 129,857, time: 115,134 [ms], path length: 42 [edges], generated: 217,483
[00:00:00:22:909] Path of length 42 found: [48, 41, 40, 47, 46, 39, 32, 33, 26, 19, 12, 5, 4, 3, 2, 9, 16, 17, 10, 11, 18, 25, 24, 23, 22, 29, 36, 37, 30, 31, 38, 45, 44, 43, 42, 35, 28, 21, 14, 15, 8, 1, 0]
[00:00:00:22:909] ! Unidirectional t-s. expansions: 21,733, time: 22,909 [ms], path length: 42 [edges], generated: 38,651
[00:00:00:33:932] Path of length 42 found: [0, 7, 14, 21, 28, 35, 42, 43, 36, 29, 22, 15, 16, 23, 30, 37, 44, 45, 38, 31, 24, 17, 18, 11, 10, 9, 8, 1, 2, 3, 4, 5, 12, 19, 26, 33, 32, 39, 46, 47, 40, 41, 48]
[00:00:00:34:383] ! Bidirectional. expansions: 32,768, time: 33,932 [ms], path length: 42 [edges], g_F: 22, g_B: 20, generated: {'F': 32,573, 'B': 32,532}, MM: 2, MMPER: 3.6511627906976747%
[00:00:00:34:383] 
---------- SM_Grids/7x7_grid_with_random_blocks_8per_8 ----------
[00:00:01:31:445] Path of length 42 found: [0, 7, 8, 1, 2, 9, 16, 15, 22, 21, 28, 35, 42, 43, 44, 37, 38, 45, 46, 39, 32, 31, 24, 17, 10, 3, 4, 11, 18, 25, 26, 19, 12, 5, 6, 13, 20, 27, 34, 33, 40, 47, 48]
[00:00:01:31:445] ! Unidirectional s-t. expansions: 87,390, time: 91,445 [ms], path length: 42 [edges], generated: 155,342
[00:00:02:04:670] Valid states checked so far: 200,000, Expansions: 119,144, Global best: 43
[00:00:02:57:766] Path of length 42 found: [48, 41, 34, 27, 20, 13, 6, 5, 4, 3, 2, 9, 16, 23, 24, 17, 10, 11, 12, 19, 18, 25, 26, 33, 32, 31, 38, 39, 40, 47, 46, 45, 44, 43, 42, 35, 28, 21, 22, 15, 8, 1, 0]
[00:00:02:57:767] ! Unidirectional t-s. expansions: 174,649, time: 177,766 [ms], path length: 42 [edges], generated: 294,280
[00:00:03:00:616] Path of length 42 found: [0, 7, 8, 1, 2, 9, 16, 15, 22, 21, 28, 35, 42, 43, 44, 37, 38, 45, 46, 47, 40, 33, 32, 31, 24, 25, 26, 19, 12, 11, 18, 17, 10, 3, 4, 5, 6, 13, 20, 27, 34, 41, 48]
[00:00:03:01:205] ! Bidirectional. expansions: 159,790, time: 180,616 [ms], path length: 42 [edges], g_F: 22, g_B: 20, generated: {'F': 151,235, 'B': 146,529}, MM: 2, MMPER: 3.6511627906976747%
[00:00:03:01:206] 
---------- SM_Grids/7x7_grid_with_random_blocks_8per_9 ----------
[00:00:00:12:440] Path of length 44 found: [0, 7, 14, 21, 28, 35, 42, 43, 36, 29, 22, 15, 8, 1, 2, 9, 16, 23, 30, 37, 44, 45, 46, 39, 38, 31, 32, 25, 18, 17, 10, 3, 4, 11, 12, 5, 6, 13, 20, 27, 26, 33, 40, 41, 48]
[00:00:00:12:441] ! Unidirectional s-t. expansions: 11,976, time: 12,440 [ms], path length: 44 [edges], generated: 19,458
[00:00:00:02:355] Path of length 44 found: [48, 41, 34, 27, 20, 13, 6, 5, 12, 11, 4, 3, 2, 1, 8, 15, 22, 29, 36, 37, 30, 23, 16, 9, 10, 17, 18, 25, 26, 33, 40, 39, 32, 31, 38, 45, 44, 43, 42, 35, 28, 21, 14, 7, 0]
[00:00:00:02:355] ! Unidirectional t-s. expansions: 2,121, time: 2,355 [ms], path length: 44 [edges], generated: 3,597
[00:00:00:10:788] Path of length 44 found: [0, 7, 14, 21, 28, 35, 42, 43, 36, 29, 22, 15, 16, 23, 30, 31, 38, 37, 44, 45, 46, 39, 32, 33, 26, 25, 18, 17, 10, 9, 8, 1, 2, 3, 4, 11, 12, 5, 6, 13, 20, 27, 34, 41, 48]
[00:00:00:11:237] ! Bidirectional. expansions: 9,339, time: 10,789 [ms], path length: 44 [edges], g_F: 23, g_B: 21, generated: {'F': 8,227, 'B': 8,349}, MM: 2, MMPER: 3.4444444444444446%
[00:00:00:11:237] average expansions: (31,554, 30,447, 29,324, 0)
[00:00:00:11:237] average time: (29,589, 30,511, 32,014, 0)
[00:00:00:11:238] XIDA: 30,447 , 29,589 (expansions , time[ms])
[00:00:00:11:238] BiXIDA: 29,324 , 32,014 (expansions , time[ms])

