--------------------------
date: SM_Grids
number_of_graphs: 10
graph_type: grid
size_of_graphs: [8, 9]
heuristic: bcc_heuristic
snake: True
run_uni: True
run_bi: True
run_multi: False
solution_vertices: []
algorithms: ['IDA']
lookahead: 1
bsd: False
cube_first_dims: 4
cube_buffer_dim: None
backward_sym_generation: False
sym_coil: False
prefix_set: None

---------- SM_Grids/8x9_grid_with_random_blocks_8per_0 ----------
[00:00:00:56:081] Path of length 43 found: [0, 9, 18, 27, 36, 45, 54, 63, 64, 65, 56, 47, 38, 39, 30, 21, 20, 11, 2, 3, 4, 13, 14, 15, 6, 7, 8, 17, 26, 25, 34, 33, 32, 41, 50, 49, 58, 67, 68, 69, 60, 61, 62, 71]
[00:00:00:56:081] ! Unidirectional s-t. expansions: 10,324, time: 56,081 [ms], path length: 43 [edges], generated: 16,766
[00:00:00:44:808] Path of length 43 found: [71, 62, 61, 60, 69, 68, 67, 58, 49, 50, 41, 42, 43, 34, 25, 26, 17, 8, 7, 6, 5, 14, 23, 22, 31, 30, 39, 38, 47, 56, 65, 64, 63, 54, 45, 36, 27, 18, 19, 20, 11, 2, 1, 0]
[00:00:00:44:808] ! Unidirectional t-s. expansions: 7,702, time: 44,808 [ms], path length: 43 [edges], generated: 13,253
[00:00:03:17:577] Path of length 43 found: [0, 9, 18, 27, 36, 45, 54, 63, 64, 65, 56, 47, 38, 39, 30, 21, 20, 11, 2, 3, 4, 13, 14, 15, 6, 7, 8, 17, 26, 25, 34, 33, 32, 41, 50, 49, 58, 67, 68, 69, 60, 61, 62, 71]
[00:00:03:18:103] ! Bidirectional. expansions: 15,349, time: 197,578 [ms], path length: 43 [edges], g_F: 42, g_B: 1, generated: {'F': 12,372, 'B': 13,805}, MM: 41, MMPER: 92.18181818181819%
[00:00:03:18:103] 
---------- SM_Grids/8x9_grid_with_random_blocks_8per_1 ----------
[00:00:02:16:088] Path of length 43 found: [0, 9, 18, 27, 36, 45, 54, 63, 64, 65, 56, 47, 38, 39, 30, 21, 20, 11, 2, 3, 4, 13, 14, 15, 6, 7, 8, 17, 26, 25, 34, 33, 32, 41, 50, 49, 58, 67, 68, 69, 60, 61, 62, 71]
[00:00:02:16:088] ! Unidirectional s-t. expansions: 25,578, time: 136,088 [ms], path length: 43 [edges], generated: 42,789
[00:00:02:09:835] Path of length 43 found: [71, 62, 61, 60, 69, 68, 67, 58, 49, 50, 41, 42, 43, 44, 35, 26, 17, 8, 7, 6, 15, 24, 23, 22, 31, 30, 39, 38, 47, 56, 65, 64, 63, 54, 45, 36, 27, 18, 19, 20, 11, 2, 1, 0]
[00:00:02:09:835] ! Unidirectional t-s. expansions: 21,334, time: 129,835 [ms], path length: 43 [edges], generated: 38,983
[00:00:06:22:156] Path of length 43 found: [0, 9, 18, 27, 36, 45, 54, 63, 64, 65, 56, 47, 38, 39, 30, 21, 20, 11, 2, 3, 4, 13, 14, 15, 6, 7, 8, 17, 26, 25, 34, 33, 32, 41, 50, 49, 58, 67, 68, 69, 60, 61, 62, 71]
[00:00:06:22:657] ! Bidirectional. expansions: 34,228, time: 382,156 [ms], path length: 43 [edges], g_F: 30, g_B: 13, generated: {'F': 31,596, 'B': 28,302}, MM: 17, MMPER: 37.63636363636363%
[00:00:06:22:657] 
---------- SM_Grids/8x9_grid_with_random_blocks_8per_2 ----------
[00:00:02:18:574] Path of length 37 found: [0, 9, 18, 19, 20, 11, 2, 3, 4, 13, 22, 31, 30, 39, 38, 47, 56, 57, 58, 49, 50, 41, 42, 33, 24, 15, 6, 7, 8, 17, 26, 35, 44, 53, 52, 61, 70, 71]
[00:00:02:18:574] ! Unidirectional s-t. expansions: 21,555, time: 138,574 [ms], path length: 37 [edges], generated: 43,144
[00:00:02:05:152] Path of length 37 found: [71, 70, 61, 52, 53, 44, 35, 26, 17, 8, 7, 6, 15, 24, 33, 42, 41, 50, 59, 58, 57, 56, 47, 38, 39, 30, 31, 22, 13, 4, 3, 2, 11, 20, 19, 18, 9, 0]
[00:00:02:05:153] ! Unidirectional t-s. expansions: 20,825, time: 125,153 [ms], path length: 37 [edges], generated: 38,319
[00:00:09:23:709] Path of length 37 found: [0, 1, 2, 11, 20, 19, 18, 27, 36, 37, 38, 47, 56, 57, 58, 49, 40, 41, 32, 23, 22, 13, 4, 5, 6, 7, 8, 17, 26, 35, 44, 53, 52, 51, 60, 69, 70, 71]
[00:00:09:24:213] ! Bidirectional. expansions: 45,992, time: 563,709 [ms], path length: 37 [edges], g_F: 20, g_B: 17, generated: {'F': 46,508, 'B': 39,971}, MM: 3, MMPER: 6.894736842105263%
[00:00:09:24:213] 
---------- SM_Grids/8x9_grid_with_random_blocks_8per_3 ----------
[00:00:01:48:577] Path of length 41 found: [0, 1, 2, 3, 12, 13, 14, 5, 6, 7, 16, 25, 24, 33, 32, 31, 40, 49, 48, 47, 38, 29, 20, 19, 18, 27, 36, 45, 54, 63, 64, 65, 66, 67, 68, 59, 60, 51, 52, 53, 62, 71]
[00:00:01:48:577] ! Unidirectional s-t. expansions: 18,265, time: 108,577 [ms], path length: 41 [edges], generated: 32,227
[00:00:01:18:434] Path of length 41 found: [71, 62, 53, 52, 51, 60, 59, 68, 67, 66, 65, 64, 63, 54, 45, 36, 27, 18, 19, 20, 29, 38, 47, 48, 49, 40, 41, 32, 33, 24, 25, 16, 7, 6, 5, 14, 13, 12, 3, 2, 1, 0]
[00:00:01:18:435] ! Unidirectional t-s. expansions: 12,790, time: 78,434 [ms], path length: 41 [edges], generated: 23,043
[00:00:08:10:918] Path of length 41 found: [0, 1, 2, 3, 12, 13, 14, 5, 6, 7, 16, 25, 24, 33, 32, 31, 40, 49, 48, 47, 38, 29, 20, 19, 18, 27, 36, 45, 54, 55, 64, 65, 66, 67, 68, 59, 60, 51, 52, 53, 62, 71]
[00:00:08:11:461] ! Bidirectional. expansions: 41,857, time: 490,918 [ms], path length: 41 [edges], g_F: 26, g_B: 15, generated: {'F': 37,580, 'B': 37,772}, MM: 11, MMPER: 25.19047619047619%
[00:00:08:11:461] 
---------- SM_Grids/8x9_grid_with_random_blocks_8per_4 ----------
[00:00:05:16:480] Path of length 39 found: [0, 9, 18, 19, 28, 29, 38, 47, 46, 45, 54, 63, 64, 65, 66, 57, 58, 49, 50, 41, 32, 31, 22, 21, 12, 3, 4, 5, 14, 15, 16, 17, 26, 35, 34, 43, 52, 61, 70, 71]
[00:00:05:16:480] ! Unidirectional s-t. expansions: 57,213, time: 316,480 [ms], path length: 39 [edges], generated: 107,586
[00:00:04:34:467] Path of length 39 found: [71, 70, 69, 60, 59, 58, 49, 48, 47, 56, 65, 64, 63, 54, 45, 36, 37, 28, 29, 20, 21, 22, 31, 32, 41, 42, 43, 34, 35, 26, 17, 16, 15, 14, 5, 4, 3, 2, 1, 0]
[00:00:04:34:468] ! Unidirectional t-s. expansions: 52,745, time: 274,467 [ms], path length: 39 [edges], generated: 98,646
[00:00:20:57:205] Path of length 39 found: [0, 9, 18, 19, 20, 11, 2, 3, 4, 13, 14, 15, 16, 17, 26, 35, 34, 43, 42, 41, 32, 31, 30, 39, 48, 47, 46, 45, 54, 63, 64, 65, 66, 67, 58, 59, 60, 69, 70, 71]
[00:00:20:57:676] ! Bidirectional. expansions: 131,963, time: 1,257,205 [ms], path length: 39 [edges], g_F: 28, g_B: 11, generated: {'F': 133,603, 'B': 109,338}, MM: 17, MMPER: 41.5%
[00:00:20:57:676] 
---------- SM_Grids/8x9_grid_with_random_blocks_8per_5 ----------
[00:00:00:55:580] Path of length 43 found: [0, 9, 18, 19, 20, 11, 2, 3, 4, 5, 6, 7, 16, 17, 26, 35, 44, 43, 42, 33, 24, 23, 22, 31, 40, 49, 48, 47, 38, 37, 36, 45, 54, 63, 64, 65, 66, 67, 68, 59, 60, 61, 70, 71]
[00:00:00:55:580] ! Unidirectional s-t. expansions: 9,656, time: 55,580 [ms], path length: 43 [edges], generated: 16,676
[00:00:00:54:131] Path of length 43 found: [71, 70, 61, 60, 59, 68, 67, 66, 65, 64, 63, 54, 45, 36, 37, 38, 47, 48, 49, 40, 31, 32, 33, 42, 43, 44, 35, 26, 17, 8, 7, 6, 15, 14, 13, 4, 3, 2, 11, 20, 19, 18, 9, 0]
[00:00:00:54:131] ! Unidirectional t-s. expansions: 8,832, time: 54,131 [ms], path length: 43 [edges], generated: 16,659
[00:00:04:10:114] Path of length 43 found: [0, 9, 18, 19, 20, 11, 2, 3, 4, 13, 14, 15, 6, 7, 8, 17, 26, 35, 44, 43, 42, 33, 32, 31, 40, 49, 48, 47, 38, 37, 36, 45, 54, 63, 64, 65, 66, 67, 68, 59, 60, 61, 70, 71]
[00:00:04:10:584] ! Bidirectional. expansions: 22,476, time: 250,115 [ms], path length: 43 [edges], g_F: 21, g_B: 22, generated: {'F': 15,793, 'B': 23,076}, MM: 1, MMPER: 1.272727272727273%
[00:00:04:10:584] 
---------- SM_Grids/8x9_grid_with_random_blocks_8per_6 ----------
[00:00:03:17:561] Path of length 39 found: [0, 1, 2, 3, 12, 13, 14, 5, 6, 7, 16, 25, 24, 33, 32, 41, 40, 39, 30, 29, 20, 19, 18, 27, 36, 37, 46, 55, 64, 65, 66, 57, 58, 59, 60, 51, 52, 53, 62, 71]
[00:00:03:17:561] ! Unidirectional s-t. expansions: 34,742, time: 197,561 [ms], path length: 39 [edges], generated: 65,167
[00:00:03:29:876] Path of length 39 found: [71, 70, 69, 60, 51, 52, 53, 44, 35, 34, 25, 16, 7, 6, 5, 14, 23, 22, 31, 30, 39, 48, 49, 58, 67, 66, 65, 64, 55, 46, 37, 36, 27, 18, 19, 20, 11, 2, 1, 0]
[00:00:03:29:876] ! Unidirectional t-s. expansions: 37,340, time: 209,876 [ms], path length: 39 [edges], generated: 71,218
[00:00:15:02:218] Path of length 39 found: [0, 1, 2, 11, 20, 19, 18, 27, 36, 37, 46, 55, 64, 65, 66, 67, 58, 49, 48, 39, 30, 31, 22, 13, 4, 5, 6, 15, 24, 33, 34, 35, 44, 53, 52, 51, 60, 69, 70, 71]
[00:00:15:02:694] ! Bidirectional. expansions: 79,193, time: 902,218 [ms], path length: 39 [edges], g_F: 27, g_B: 12, generated: {'F': 87,018, 'B': 62,606}, MM: 15, MMPER: 36.5%
[00:00:15:02:695] 
---------- SM_Grids/8x9_grid_with_random_blocks_8per_7 ----------
[00:00:05:31:556] Path of length 39 found: [0, 9, 18, 27, 28, 29, 20, 11, 2, 3, 4, 5, 6, 7, 8, 17, 26, 25, 24, 23, 22, 31, 40, 39, 48, 47, 46, 45, 54, 63, 64, 65, 66, 67, 58, 59, 60, 61, 70, 71]
[00:00:05:31:556] ! Unidirectional s-t. expansions: 74,556, time: 331,556 [ms], path length: 39 [edges], generated: 126,877
[00:00:07:18:115] Path of length 39 found: [71, 62, 61, 52, 43, 44, 35, 26, 17, 8, 7, 6, 5, 4, 13, 22, 23, 32, 41, 50, 59, 68, 67, 66, 65, 64, 63, 54, 45, 46, 47, 48, 39, 30, 29, 28, 27, 18, 9, 0]
[00:00:07:18:115] ! Unidirectional t-s. expansions: 102,509, time: 438,115 [ms], path length: 39 [edges], generated: 174,352
[00:00:20:43:027] Path of length 39 found: [0, 1, 2, 3, 12, 13, 14, 5, 6, 7, 8, 17, 26, 25, 24, 33, 32, 41, 50, 49, 48, 39, 30, 29, 28, 37, 46, 45, 54, 63, 64, 65, 66, 67, 68, 69, 60, 61, 62, 71]
[00:00:20:43:496] ! Bidirectional. expansions: 132,832, time: 1,243,027 [ms], path length: 39 [edges], g_F: 25, g_B: 14, generated: {'F': 104,617, 'B': 127,338}, MM: 11, MMPER: 26.5%
[00:00:20:43:496] 
---------- SM_Grids/8x9_grid_with_random_blocks_8per_8 ----------
[00:00:01:18:038] Path of length 43 found: [0, 9, 18, 27, 36, 45, 54, 63, 64, 65, 56, 47, 38, 39, 30, 21, 20, 11, 2, 3, 4, 13, 14, 15, 6, 7, 8, 17, 26, 25, 34, 33, 32, 41, 50, 49, 58, 67, 68, 69, 60, 61, 62, 71]
[00:00:01:18:039] ! Unidirectional s-t. expansions: 15,441, time: 78,038 [ms], path length: 43 [edges], generated: 25,597
[00:00:01:28:016] Path of length 43 found: [71, 62, 53, 44, 35, 26, 17, 8, 7, 6, 15, 24, 33, 32, 41, 50, 51, 60, 69, 68, 67, 58, 57, 56, 65, 64, 63, 54, 45, 36, 37, 38, 29, 30, 21, 22, 13, 4, 3, 2, 11, 10, 9, 0]
[00:00:01:28:016] ! Unidirectional t-s. expansions: 16,910, time: 88,016 [ms], path length: 43 [edges], generated: 28,389
[00:00:06:57:621] Path of length 43 found: [0, 9, 18, 27, 36, 45, 54, 63, 64, 65, 56, 57, 58, 67, 68, 69, 60, 51, 50, 41, 40, 39, 38, 29, 20, 11, 2, 3, 4, 13, 14, 15, 6, 7, 8, 17, 26, 25, 34, 43, 44, 53, 62, 71]
[00:00:06:58:098] ! Bidirectional. expansions: 40,071, time: 417,621 [ms], path length: 43 [edges], g_F: 21, g_B: 22, generated: {'F': 32,638, 'B': 34,228}, MM: 1, MMPER: 1.272727272727273%
[00:00:06:58:098] 
---------- SM_Grids/8x9_grid_with_random_blocks_8per_9 ----------
[00:00:08:02:228] Path of length 39 found: [0, 9, 18, 27, 28, 37, 46, 45, 54, 63, 64, 65, 56, 57, 48, 49, 40, 41, 32, 23, 22, 21, 20, 11, 2, 3, 4, 5, 6, 7, 16, 25, 34, 35, 44, 53, 52, 61, 70, 71]
[00:00:08:02:228] ! Unidirectional s-t. expansions: 97,688, time: 482,228 [ms], path length: 39 [edges], generated: 171,772
[00:00:05:38:407] Path of length 39 found: [71, 70, 61, 52, 53, 44, 35, 34, 25, 16, 7, 6, 5, 14, 23, 32, 31, 40, 49, 50, 59, 68, 67, 66, 57, 56, 55, 54, 45, 36, 27, 18, 19, 20, 21, 12, 3, 2, 1, 0]
[00:00:05:38:407] ! Unidirectional t-s. expansions: 70,178, time: 338,407 [ms], path length: 39 [edges], generated: 124,633
[00:00:25:48:439] Path of length 39 found: [0, 9, 18, 27, 28, 37, 46, 45, 54, 63, 64, 65, 56, 57, 58, 59, 50, 41, 40, 31, 30, 21, 20, 11, 2, 3, 4, 13, 14, 15, 24, 25, 34, 35, 44, 53, 52, 61, 70, 71]
[00:00:25:48:931] ! Bidirectional. expansions: 169,158, time: 1,548,439 [ms], path length: 39 [edges], g_F: 31, g_B: 8, generated: {'F': 199,856, 'B': 102,564}, MM: 23, MMPER: 56.5%
[00:00:25:48:931] average expansions: (36,502, 35,116, 71,312, 0)
[00:00:25:48:931] average time: (190,076, 178,124, 725,299, 0)
[00:00:25:48:931] XIDA: 35,116 , 178,124 (expansions , time[ms])
[00:00:25:48:931] BiXIDA: 71,312 , 725,299 (expansions , time[ms])

