--------------------------
date: SM_Grids
number_of_graphs: 10
graph_type: grid
size_of_graphs: [8, 8]
heuristic: bcc_heuristic
snake: False
run_uni: True
run_bi: True
run_multi: False
solution_vertices: []
algorithms: ['IDA']
lookahead: -1
bsd: False
cube_first_dims: 4
cube_buffer_dim: None
backward_sym_generation: False
sym_coil: False
prefix_set: None

---------- SM_Grids/8x8_grid_with_random_blocks_20per_0 ----------
[00:00:00:01:751] Path of length 44 found: [0, 1, 9, 10, 2, 3, 4, 12, 20, 28, 29, 21, 13, 5, 6, 7, 15, 14, 22, 23, 31, 30, 38, 37, 36, 35, 34, 26, 25, 17, 16, 24, 32, 40, 48, 49, 41, 42, 43, 44, 52, 53, 61, 62, 63]
[00:00:00:01:751] ! Unidirectional s-t. expansions: 2,116, time: 1,751 [ms], path length: 44 [edges], generated: 3,409
[00:00:00:00:433] Path of length 44 found: [63, 62, 61, 53, 52, 44, 43, 42, 50, 49, 41, 40, 32, 24, 16, 17, 25, 26, 34, 35, 36, 28, 20, 12, 13, 21, 29, 37, 38, 39, 31, 30, 22, 23, 15, 7, 6, 5, 4, 3, 2, 10, 9, 1, 0]
[00:00:00:00:433] ! Unidirectional t-s. expansions: 560, time: 433 [ms], path length: 44 [edges], generated: 980
[00:00:00:00:687] Path of length 44 found: [0, 1, 9, 10, 2, 3, 4, 12, 20, 28, 29, 21, 13, 5, 6, 7, 15, 14, 22, 23, 31, 30, 38, 37, 36, 35, 34, 26, 25, 17, 16, 24, 32, 40, 41, 49, 50, 42, 43, 44, 52, 53, 61, 62, 63]
[00:00:00:01:145] ! Bidirectional. expansions: 947, time: 687 [ms], path length: 44 [edges], g_F: 23, g_B: 21, generated: {'F': 840, 'B': 704}, MM: 2, MMPER: 3.4444444444444446%
[00:00:00:01:145] 
---------- SM_Grids/8x8_grid_with_random_blocks_20per_1 ----------
[00:00:00:19:115] Path of length 38 found: [0, 8, 16, 24, 25, 17, 9, 1, 2, 3, 11, 10, 18, 26, 34, 33, 41, 40, 48, 56, 57, 49, 50, 42, 43, 35, 27, 19, 20, 28, 29, 30, 31, 39, 47, 46, 54, 62, 63]
[00:00:00:19:116] ! Unidirectional s-t. expansions: 20,966, time: 19,115 [ms], path length: 38 [edges], generated: 36,805
[00:00:00:02:673] Path of length 38 found: [63, 62, 54, 55, 47, 39, 31, 30, 29, 21, 20, 28, 27, 19, 11, 3, 2, 10, 18, 26, 34, 35, 43, 51, 50, 49, 57, 56, 48, 40, 41, 33, 25, 24, 16, 17, 9, 1, 0]
[00:00:00:02:673] ! Unidirectional t-s. expansions: 3,286, time: 2,673 [ms], path length: 38 [edges], generated: 5,881
[00:00:00:05:004] Path of length 38 found: [0, 8, 16, 24, 25, 33, 41, 40, 48, 56, 57, 49, 50, 51, 43, 35, 34, 26, 18, 10, 9, 1, 2, 3, 11, 19, 27, 28, 20, 21, 29, 30, 31, 39, 47, 55, 54, 62, 63]
[00:00:00:05:437] ! Bidirectional. expansions: 4,892, time: 5,004 [ms], path length: 38 [edges], g_F: 20, g_B: 18, generated: {'F': 4,678, 'B': 4,940}, MM: 2, MMPER: 4.128205128205129%
[00:00:00:05:437] 
---------- SM_Grids/8x8_grid_with_random_blocks_20per_2 ----------
[00:00:00:01:012] Path of length 48 found: [0, 8, 16, 17, 9, 1, 2, 3, 4, 12, 20, 19, 18, 26, 34, 33, 41, 40, 48, 56, 57, 49, 50, 58, 59, 60, 61, 53, 45, 37, 36, 28, 29, 21, 13, 5, 6, 14, 15, 23, 22, 30, 31, 39, 38, 46, 54, 62, 63]
[00:00:00:01:012] ! Unidirectional s-t. expansions: 971, time: 1,012 [ms], path length: 48 [edges], generated: 1,686
[00:00:00:01:166] Path of length 48 found: [63, 62, 54, 46, 47, 39, 31, 23, 15, 14, 6, 5, 13, 21, 22, 30, 29, 28, 36, 37, 45, 53, 61, 60, 59, 58, 50, 49, 57, 56, 48, 40, 41, 33, 34, 26, 18, 19, 20, 12, 4, 3, 2, 1, 9, 17, 16, 8, 0]
[00:00:00:01:166] ! Unidirectional t-s. expansions: 1,042, time: 1,166 [ms], path length: 48 [edges], generated: 1,681
[00:00:00:01:156] Path of length 48 found: [0, 8, 16, 17, 9, 1, 2, 3, 4, 12, 13, 5, 6, 14, 15, 23, 22, 21, 29, 30, 31, 39, 47, 46, 38, 37, 36, 28, 20, 19, 18, 26, 34, 33, 41, 40, 48, 56, 57, 49, 50, 58, 59, 60, 61, 53, 54, 62, 63]
[00:00:00:01:589] ! Bidirectional. expansions: 1,218, time: 1,156 [ms], path length: 48 [edges], g_F: 25, g_B: 23, generated: {'F': 1,136, 'B': 980}, MM: 2, MMPER: 3.0816326530612246%
[00:00:00:01:589] 
---------- SM_Grids/8x8_grid_with_random_blocks_20per_3 ----------
[00:00:00:00:803] Path of length 46 found: [0, 1, 9, 8, 16, 24, 32, 40, 41, 49, 57, 58, 50, 51, 43, 35, 34, 26, 27, 19, 18, 10, 11, 3, 4, 12, 13, 5, 6, 7, 15, 23, 22, 30, 31, 39, 38, 37, 36, 44, 45, 53, 52, 60, 61, 62, 63]
[00:00:00:00:803] ! Unidirectional s-t. expansions: 720, time: 803 [ms], path length: 46 [edges], generated: 1,230
[00:00:00:00:817] Path of length 46 found: [63, 62, 61, 60, 52, 53, 45, 37, 29, 30, 38, 39, 31, 23, 15, 7, 6, 5, 13, 12, 4, 3, 11, 10, 18, 19, 27, 26, 34, 35, 36, 44, 43, 51, 50, 58, 57, 49, 41, 40, 32, 24, 16, 17, 9, 1, 0]
[00:00:00:00:818] ! Unidirectional t-s. expansions: 882, time: 817 [ms], path length: 46 [edges], generated: 1,435
[00:00:00:01:152] Path of length 46 found: [0, 1, 9, 8, 16, 24, 32, 40, 41, 49, 57, 58, 50, 51, 43, 44, 36, 35, 34, 26, 27, 19, 18, 10, 11, 3, 4, 12, 13, 5, 6, 7, 15, 23, 31, 39, 38, 30, 29, 37, 45, 53, 52, 60, 61, 62, 63]
[00:00:00:01:578] ! Bidirectional. expansions: 1,190, time: 1,152 [ms], path length: 46 [edges], g_F: 24, g_B: 22, generated: {'F': 987, 'B': 1,035}, MM: 2, MMPER: 3.25531914893617%
[00:00:00:01:578] 
---------- SM_Grids/8x8_grid_with_random_blocks_20per_4 ----------
[00:00:00:53:270] Path of length 44 found: [0, 8, 16, 24, 32, 40, 48, 49, 57, 58, 59, 51, 43, 44, 36, 28, 20, 19, 27, 26, 34, 33, 25, 17, 18, 10, 9, 1, 2, 3, 4, 5, 6, 7, 15, 23, 22, 21, 29, 37, 45, 46, 54, 62, 63]
[00:00:00:53:270] ! Unidirectional s-t. expansions: 70,741, time: 53,270 [ms], path length: 44 [edges], generated: 112,041
[00:00:00:13:045] Path of length 44 found: [63, 55, 54, 46, 38, 37, 45, 44, 43, 51, 59, 58, 57, 49, 48, 40, 41, 33, 32, 24, 16, 8, 9, 17, 25, 26, 18, 10, 11, 19, 27, 28, 20, 21, 22, 23, 15, 7, 6, 5, 4, 3, 2, 1, 0]
[00:00:00:13:045] ! Unidirectional t-s. expansions: 14,918, time: 13,045 [ms], path length: 44 [edges], generated: 27,129
[00:00:00:37:654] Path of length 44 found: [0, 8, 16, 24, 32, 33, 41, 40, 48, 49, 57, 58, 59, 51, 43, 44, 36, 28, 20, 19, 27, 26, 18, 17, 9, 1, 2, 10, 11, 3, 4, 5, 6, 7, 15, 23, 22, 21, 29, 37, 38, 46, 54, 55, 63]
[00:00:00:38:079] ! Bidirectional. expansions: 47,770, time: 37,654 [ms], path length: 44 [edges], g_F: 23, g_B: 21, generated: {'F': 39,534, 'B': 41,182}, MM: 2, MMPER: 3.4444444444444446%
[00:00:00:38:079] 
---------- SM_Grids/8x8_grid_with_random_blocks_20per_5 ----------
[00:00:00:03:832] Path of length 46 found: [0, 1, 9, 8, 16, 24, 32, 40, 48, 49, 57, 58, 59, 51, 50, 42, 41, 33, 25, 17, 18, 26, 34, 35, 36, 28, 20, 12, 13, 21, 22, 14, 15, 23, 31, 39, 38, 37, 45, 53, 61, 62, 54, 46, 47, 55, 63]
[00:00:00:03:832] ! Unidirectional s-t. expansions: 3,904, time: 3,832 [ms], path length: 46 [edges], generated: 7,098
[00:00:00:01:743] Path of length 46 found: [63, 55, 47, 39, 31, 23, 15, 14, 22, 21, 13, 12, 20, 28, 29, 37, 38, 46, 54, 62, 61, 53, 52, 51, 59, 58, 57, 49, 48, 40, 32, 24, 25, 33, 41, 42, 43, 35, 34, 26, 18, 17, 16, 8, 9, 1, 0]
[00:00:00:01:744] ! Unidirectional t-s. expansions: 1,657, time: 1,744 [ms], path length: 46 [edges], generated: 3,097
[00:00:00:09:578] Path of length 46 found: [0, 1, 9, 8, 16, 24, 32, 40, 48, 49, 57, 58, 50, 42, 41, 33, 25, 17, 18, 26, 34, 35, 43, 51, 52, 53, 61, 62, 54, 46, 38, 37, 29, 28, 20, 12, 13, 21, 22, 14, 15, 23, 31, 39, 47, 55, 63]
[00:00:00:10:018] ! Bidirectional. expansions: 10,760, time: 9,578 [ms], path length: 46 [edges], g_F: 24, g_B: 22, generated: {'F': 9,367, 'B': 9,760}, MM: 2, MMPER: 3.25531914893617%
[00:00:00:10:018] 
---------- SM_Grids/8x8_grid_with_random_blocks_20per_6 ----------
[00:00:00:01:561] Path of length 46 found: [0, 1, 9, 8, 16, 17, 18, 10, 11, 19, 27, 28, 20, 21, 13, 12, 4, 5, 6, 14, 15, 23, 31, 39, 38, 37, 36, 44, 45, 53, 52, 51, 43, 42, 50, 49, 48, 56, 57, 58, 59, 60, 61, 62, 54, 55, 63]
[00:00:00:01:562] ! Unidirectional s-t. expansions: 1,586, time: 1,561 [ms], path length: 46 [edges], generated: 2,596
[00:00:00:02:533] Path of length 46 found: [63, 55, 47, 39, 31, 23, 15, 14, 6, 5, 4, 12, 13, 21, 29, 37, 45, 53, 54, 62, 61, 60, 52, 51, 59, 58, 57, 56, 48, 49, 50, 42, 43, 44, 36, 28, 20, 19, 27, 26, 18, 10, 9, 17, 16, 8, 0]
[00:00:00:02:533] ! Unidirectional t-s. expansions: 3,085, time: 2,533 [ms], path length: 46 [edges], generated: 5,083
[00:00:00:02:714] Path of length 46 found: [0, 1, 9, 8, 16, 17, 18, 10, 11, 19, 27, 28, 36, 44, 43, 42, 50, 49, 48, 56, 57, 58, 59, 51, 52, 60, 61, 62, 54, 53, 45, 37, 29, 21, 20, 12, 4, 5, 6, 14, 15, 23, 31, 39, 47, 55, 63]
[00:00:00:03:123] ! Bidirectional. expansions: 3,180, time: 2,714 [ms], path length: 46 [edges], g_F: 24, g_B: 22, generated: {'F': 2,836, 'B': 2,663}, MM: 2, MMPER: 3.25531914893617%
[00:00:00:03:123] 
---------- SM_Grids/8x8_grid_with_random_blocks_20per_7 ----------
[00:00:00:03:611] Path of length 42 found: [0, 8, 16, 24, 32, 40, 41, 33, 25, 17, 9, 1, 2, 3, 11, 19, 18, 26, 34, 42, 50, 51, 43, 35, 27, 28, 20, 12, 4, 5, 6, 14, 15, 23, 31, 30, 38, 39, 47, 55, 54, 62, 63]
[00:00:00:03:612] ! Unidirectional s-t. expansions: 3,569, time: 3,612 [ms], path length: 42 [edges], generated: 5,947
[00:00:00:00:366] Path of length 42 found: [63, 62, 54, 55, 47, 39, 38, 30, 31, 23, 15, 7, 6, 5, 4, 3, 2, 1, 9, 17, 25, 33, 34, 26, 18, 19, 11, 12, 20, 28, 27, 35, 43, 51, 50, 42, 41, 40, 32, 24, 16, 8, 0]
[00:00:00:00:366] ! Unidirectional t-s. expansions: 410, time: 366 [ms], path length: 42 [edges], generated: 747
[00:00:00:01:476] Path of length 42 found: [0, 8, 16, 24, 32, 40, 41, 33, 25, 17, 9, 1, 2, 3, 11, 19, 18, 26, 34, 42, 50, 51, 43, 35, 27, 28, 20, 12, 4, 5, 6, 7, 15, 23, 31, 30, 38, 39, 47, 55, 54, 62, 63]
[00:00:00:01:886] ! Bidirectional. expansions: 1,560, time: 1,476 [ms], path length: 42 [edges], g_F: 22, g_B: 20, generated: {'F': 1,393, 'B': 1,365}, MM: 2, MMPER: 3.6511627906976747%
[00:00:00:01:887] 
---------- SM_Grids/8x8_grid_with_random_blocks_20per_8 ----------
[00:00:00:00:255] Path of length 48 found: [0, 8, 16, 24, 32, 33, 25, 17, 9, 10, 2, 3, 11, 19, 20, 12, 4, 5, 13, 14, 6, 7, 15, 23, 22, 21, 29, 28, 27, 35, 36, 44, 52, 51, 50, 42, 41, 49, 57, 58, 59, 60, 61, 53, 45, 46, 47, 55, 63]
[00:00:00:00:255] ! Unidirectional s-t. expansions: 264, time: 255 [ms], path length: 48 [edges], generated: 413
[00:00:00:00:049] Path of length 48 found: [63, 55, 47, 46, 45, 53, 61, 60, 59, 58, 57, 49, 41, 42, 50, 51, 52, 44, 36, 35, 27, 19, 11, 12, 20, 28, 29, 21, 13, 14, 22, 23, 15, 7, 6, 5, 4, 3, 2, 10, 9, 17, 25, 33, 32, 24, 16, 8, 0]
[00:00:00:00:050] ! Unidirectional t-s. expansions: 51, time: 49 [ms], path length: 48 [edges], generated: 81
[00:00:00:00:048] Path of length 48 found: [0, 8, 16, 24, 32, 33, 25, 17, 9, 10, 2, 3, 11, 19, 20, 12, 4, 5, 13, 14, 6, 7, 15, 23, 22, 21, 29, 28, 27, 35, 36, 44, 52, 51, 50, 42, 41, 49, 57, 58, 59, 60, 61, 53, 45, 46, 47, 55, 63]
[00:00:00:00:462] ! Bidirectional. expansions: 50, time: 48 [ms], path length: 48 [edges], g_F: 25, g_B: 23, generated: {'F': 42, 'B': 39}, MM: 2, MMPER: 3.0816326530612246%
[00:00:00:00:462] 
---------- SM_Grids/8x8_grid_with_random_blocks_20per_9 ----------
[00:00:00:00:046] Path of length 36 found: [0, 8, 9, 1, 2, 10, 18, 26, 34, 35, 27, 28, 36, 44, 45, 37, 29, 21, 13, 5, 6, 7, 15, 14, 22, 23, 31, 30, 38, 39, 47, 55, 54, 53, 61, 62, 63]
[00:00:00:00:046] ! Unidirectional s-t. expansions: 38, time: 46 [ms], path length: 36 [edges], generated: 65
[00:00:00:00:169] Path of length 36 found: [63, 62, 61, 53, 54, 55, 47, 39, 31, 23, 15, 7, 6, 5, 13, 14, 22, 21, 29, 30, 38, 37, 45, 44, 36, 28, 27, 35, 34, 26, 18, 17, 9, 10, 2, 1, 0]
[00:00:00:00:170] ! Unidirectional t-s. expansions: 166, time: 170 [ms], path length: 36 [edges], generated: 282
[00:00:00:00:052] Path of length 36 found: [0, 8, 9, 1, 2, 10, 18, 26, 34, 35, 27, 28, 36, 44, 45, 37, 38, 30, 29, 21, 22, 14, 13, 5, 6, 7, 15, 23, 31, 39, 47, 55, 54, 53, 61, 62, 63]
[00:00:00:00:470] ! Bidirectional. expansions: 45, time: 52 [ms], path length: 36 [edges], g_F: 19, g_B: 17, generated: {'F': 45, 'B': 37}, MM: 2, MMPER: 4.405405405405405%
[00:00:00:00:470] average expansions: (10,488, 2,606, 7,161, 0)
[00:00:00:00:470] average time: (8,526, 2,300, 5,952, 0)
[00:00:00:00:471] XIDA: 2,606 , 2,300 (expansions , time[ms])
[00:00:00:00:471] BiXIDA: 7,161 , 5,952 (expansions , time[ms])

