--------------------------
date: SM_Grids
number_of_graphs: 10
graph_type: grid
size_of_graphs: [7, 7]
heuristic: bcc_heuristic
snake: False
run_uni: True
run_bi: True
run_multi: False
solution_vertices: []
algorithms: ['IDA']
lookahead: -1
bsd: False
cube_first_dims: 4
cube_buffer_dim: None
backward_sym_generation: False
sym_coil: False
prefix_set: None

---------- SM_Grids/7x7_grid_with_random_blocks_8per_0 ----------
[00:00:00:02:759] Path of length 44 found: [0, 7, 8, 1, 2, 9, 16, 15, 22, 21, 28, 35, 42, 43, 36, 29, 30, 37, 44, 45, 46, 39, 38, 31, 32, 25, 18, 17, 10, 3, 4, 11, 12, 5, 6, 13, 20, 19, 26, 27, 34, 33, 40, 47, 48]
[00:00:00:02:759] ! Unidirectional s-t. expansions: 5,058, time: 2,759 [ms], path length: 44 [edges], generated: 8,588
[00:00:00:12:420] Path of length 44 found: [48, 41, 34, 27, 20, 13, 6, 5, 4, 3, 2, 9, 16, 17, 10, 11, 12, 19, 18, 25, 26, 33, 32, 31, 30, 29, 36, 37, 38, 39, 40, 47, 46, 45, 44, 43, 42, 35, 28, 21, 22, 15, 8, 1, 0]
[00:00:00:12:420] ! Unidirectional t-s. expansions: 21,160, time: 12,420 [ms], path length: 44 [edges], generated: 33,903
[00:00:00:07:148] Path of length 44 found: [0, 7, 8, 1, 2, 9, 16, 15, 22, 21, 28, 35, 42, 43, 36, 29, 30, 37, 44, 45, 46, 47, 40, 39, 38, 31, 32, 25, 26, 19, 12, 11, 18, 17, 10, 3, 4, 5, 6, 13, 20, 27, 34, 41, 48]
[00:00:00:07:498] ! Bidirectional. expansions: 9,961, time: 7,148 [ms], path length: 44 [edges], g_F: 23, g_B: 21, generated: {'F': 9,711, 'B': 8,746}, MM: 2, MMPER: 3.4444444444444446%
[00:00:00:07:498] 
---------- SM_Grids/7x7_grid_with_random_blocks_8per_1 ----------
[00:00:00:19:221] Path of length 42 found: [0, 7, 14, 21, 28, 35, 42, 43, 36, 29, 22, 15, 8, 9, 2, 3, 10, 17, 16, 23, 30, 31, 24, 25, 18, 11, 4, 5, 6, 13, 12, 19, 20, 27, 26, 33, 32, 39, 46, 47, 40, 41, 48]
[00:00:00:19:221] ! Unidirectional s-t. expansions: 27,277, time: 19,221 [ms], path length: 42 [edges], generated: 48,487
[00:00:00:34:608] Path of length 42 found: [48, 41, 34, 27, 20, 13, 6, 5, 4, 3, 2, 9, 8, 15, 22, 23, 16, 17, 10, 11, 12, 19, 18, 25, 26, 33, 40, 47, 46, 39, 32, 31, 30, 29, 36, 43, 42, 35, 28, 21, 14, 7, 0]
[00:00:00:34:608] ! Unidirectional t-s. expansions: 53,243, time: 34,608 [ms], path length: 42 [edges], generated: 91,643
[00:00:00:26:325] Path of length 42 found: [0, 7, 14, 21, 28, 35, 42, 43, 36, 29, 22, 15, 16, 23, 30, 31, 38, 39, 46, 47, 40, 33, 26, 19, 12, 11, 18, 25, 24, 17, 10, 9, 2, 3, 4, 5, 6, 13, 20, 27, 34, 41, 48]
[00:00:00:26:624] ! Bidirectional. expansions: 41,534, time: 26,325 [ms], path length: 42 [edges], g_F: 22, g_B: 20, generated: {'F': 41,166, 'B': 39,559}, MM: 2, MMPER: 3.6511627906976747%
[00:00:00:26:624] 
---------- SM_Grids/7x7_grid_with_random_blocks_8per_2 ----------
[00:00:00:05:205] Path of length 44 found: [0, 7, 14, 21, 28, 35, 36, 43, 44, 37, 30, 29, 22, 15, 8, 9, 2, 3, 10, 17, 16, 23, 24, 31, 38, 45, 46, 39, 32, 33, 26, 19, 18, 11, 4, 5, 12, 13, 20, 27, 34, 41, 40, 47, 48]
[00:00:00:05:205] ! Unidirectional s-t. expansions: 7,818, time: 5,205 [ms], path length: 44 [edges], generated: 13,602
[00:00:00:09:799] Path of length 44 found: [48, 41, 34, 27, 20, 13, 6, 5, 4, 3, 2, 9, 8, 15, 22, 29, 30, 37, 38, 31, 24, 23, 16, 17, 10, 11, 18, 19, 26, 33, 32, 39, 40, 47, 46, 45, 44, 43, 36, 35, 28, 21, 14, 7, 0]
[00:00:00:09:799] ! Unidirectional t-s. expansions: 14,939, time: 9,799 [ms], path length: 44 [edges], generated: 25,218
[00:00:00:13:510] Path of length 44 found: [0, 7, 14, 21, 28, 35, 36, 43, 44, 37, 38, 45, 46, 47, 40, 39, 32, 33, 26, 19, 12, 11, 10, 17, 16, 23, 24, 31, 30, 29, 22, 15, 8, 9, 2, 3, 4, 5, 6, 13, 20, 27, 34, 41, 48]
[00:00:00:13:808] ! Bidirectional. expansions: 20,122, time: 13,510 [ms], path length: 44 [edges], g_F: 23, g_B: 21, generated: {'F': 19,512, 'B': 18,724}, MM: 2, MMPER: 3.4444444444444446%
[00:00:00:13:808] 
---------- SM_Grids/7x7_grid_with_random_blocks_8per_3 ----------
[00:00:00:16:144] Path of length 44 found: [0, 7, 14, 21, 28, 35, 42, 43, 44, 37, 30, 29, 22, 23, 16, 9, 8, 1, 2, 3, 10, 17, 24, 31, 38, 45, 46, 39, 32, 25, 18, 11, 4, 5, 6, 13, 12, 19, 20, 27, 26, 33, 40, 47, 48]
[00:00:00:16:144] ! Unidirectional s-t. expansions: 31,512, time: 16,144 [ms], path length: 44 [edges], generated: 48,560
[00:00:00:00:753] Path of length 44 found: [48, 41, 40, 47, 46, 39, 32, 33, 26, 27, 20, 13, 6, 5, 4, 3, 2, 1, 8, 9, 16, 17, 10, 11, 12, 19, 18, 25, 24, 23, 22, 29, 30, 31, 38, 37, 44, 43, 42, 35, 28, 21, 14, 7, 0]
[00:00:00:00:753] ! Unidirectional t-s. expansions: 1,015, time: 753 [ms], path length: 44 [edges], generated: 1,820
[00:00:00:01:764] Path of length 44 found: [0, 7, 14, 21, 28, 35, 42, 43, 44, 45, 38, 37, 30, 29, 22, 23, 16, 17, 24, 25, 18, 19, 12, 11, 10, 9, 8, 1, 2, 3, 4, 5, 6, 13, 20, 27, 26, 33, 32, 39, 46, 47, 40, 41, 48]
[00:00:00:02:062] ! Bidirectional. expansions: 2,554, time: 1,764 [ms], path length: 44 [edges], g_F: 23, g_B: 21, generated: {'F': 2,330, 'B': 2,428}, MM: 2, MMPER: 3.4444444444444446%
[00:00:00:02:062] 
---------- SM_Grids/7x7_grid_with_random_blocks_8per_4 ----------
[00:00:00:00:484] Path of length 44 found: [0, 7, 14, 21, 28, 35, 42, 43, 36, 29, 22, 15, 8, 1, 2, 9, 16, 23, 30, 37, 38, 45, 46, 39, 32, 31, 24, 25, 18, 11, 4, 5, 6, 13, 12, 19, 20, 27, 26, 33, 34, 41, 40, 47, 48]
[00:00:00:00:484] ! Unidirectional s-t. expansions: 621, time: 484 [ms], path length: 44 [edges], generated: 1,030
[00:00:00:01:713] Path of length 44 found: [48, 41, 34, 27, 20, 13, 6, 5, 4, 11, 10, 9, 2, 1, 8, 15, 16, 23, 22, 29, 30, 31, 24, 25, 18, 19, 26, 33, 32, 39, 40, 47, 46, 45, 38, 37, 36, 43, 42, 35, 28, 21, 14, 7, 0]
[00:00:00:01:713] ! Unidirectional t-s. expansions: 2,168, time: 1,713 [ms], path length: 44 [edges], generated: 3,671
[00:00:00:02:412] Path of length 44 found: [0, 7, 14, 21, 28, 35, 42, 43, 36, 29, 22, 23, 16, 15, 8, 1, 2, 9, 10, 11, 4, 5, 12, 13, 20, 19, 18, 25, 24, 31, 30, 37, 38, 45, 46, 47, 40, 39, 32, 33, 26, 27, 34, 41, 48]
[00:00:00:02:708] ! Bidirectional. expansions: 3,192, time: 2,412 [ms], path length: 44 [edges], g_F: 23, g_B: 21, generated: {'F': 2,785, 'B': 2,823}, MM: 2, MMPER: 3.4444444444444446%
[00:00:00:02:708] 
---------- SM_Grids/7x7_grid_with_random_blocks_8per_5 ----------
[00:00:00:01:080] Path of length 44 found: [0, 7, 14, 21, 28, 35, 42, 43, 36, 29, 22, 15, 8, 1, 2, 9, 10, 17, 24, 23, 30, 37, 44, 45, 46, 39, 38, 31, 32, 25, 18, 11, 12, 5, 6, 13, 20, 19, 26, 27, 34, 33, 40, 41, 48]
[00:00:00:01:081] ! Unidirectional s-t. expansions: 1,390, time: 1,080 [ms], path length: 44 [edges], generated: 2,330
[00:00:00:05:725] Path of length 44 found: [48, 41, 34, 27, 20, 13, 6, 5, 12, 11, 18, 19, 26, 25, 32, 33, 40, 39, 46, 45, 38, 31, 30, 29, 36, 37, 44, 43, 42, 35, 28, 21, 14, 15, 22, 23, 24, 17, 10, 3, 2, 9, 8, 1, 0]
[00:00:00:05:725] ! Unidirectional t-s. expansions: 9,889, time: 5,725 [ms], path length: 44 [edges], generated: 15,616
[00:00:00:02:844] Path of length 44 found: [0, 7, 14, 21, 28, 35, 42, 43, 36, 29, 22, 15, 8, 1, 2, 9, 10, 17, 24, 23, 30, 31, 38, 37, 44, 45, 46, 39, 40, 33, 32, 25, 26, 19, 18, 11, 12, 5, 6, 13, 20, 27, 34, 41, 48]
[00:00:00:03:158] ! Bidirectional. expansions: 4,024, time: 2,844 [ms], path length: 44 [edges], g_F: 23, g_B: 21, generated: {'F': 3,614, 'B': 3,712}, MM: 2, MMPER: 3.4444444444444446%
[00:00:00:03:159] 
---------- SM_Grids/7x7_grid_with_random_blocks_8per_6 ----------
[00:00:00:07:130] Path of length 44 found: [0, 1, 8, 15, 14, 21, 28, 35, 42, 43, 36, 29, 22, 23, 30, 37, 44, 45, 46, 39, 38, 31, 24, 17, 16, 9, 2, 3, 4, 11, 18, 25, 26, 19, 12, 5, 6, 13, 20, 27, 34, 33, 40, 47, 48]
[00:00:00:07:130] ! Unidirectional s-t. expansions: 12,640, time: 7,130 [ms], path length: 44 [edges], generated: 20,130
[00:00:00:02:718] Path of length 44 found: [48, 41, 34, 27, 20, 13, 6, 5, 4, 3, 2, 9, 16, 23, 22, 29, 36, 37, 30, 31, 24, 17, 18, 11, 12, 19, 26, 33, 40, 47, 46, 39, 38, 45, 44, 43, 42, 35, 28, 21, 14, 15, 8, 1, 0]
[00:00:00:02:719] ! Unidirectional t-s. expansions: 3,556, time: 2,719 [ms], path length: 44 [edges], generated: 6,085
[00:00:00:06:473] Path of length 44 found: [0, 1, 8, 15, 14, 21, 28, 35, 42, 43, 36, 29, 22, 23, 30, 37, 44, 45, 38, 39, 46, 47, 40, 33, 26, 19, 12, 11, 18, 25, 24, 17, 16, 9, 2, 3, 4, 5, 6, 13, 20, 27, 34, 41, 48]
[00:00:00:06:769] ! Bidirectional. expansions: 9,953, time: 6,473 [ms], path length: 44 [edges], g_F: 23, g_B: 21, generated: {'F': 9,147, 'B': 9,089}, MM: 2, MMPER: 3.4444444444444446%
[00:00:00:06:769] 
---------- SM_Grids/7x7_grid_with_random_blocks_8per_7 ----------
[00:00:01:07:488] Valid states checked so far: 200,000, Expansions: 119,086, Global best: 43
[00:00:01:12:983] Path of length 42 found: [0, 7, 14, 21, 28, 35, 42, 43, 36, 29, 22, 15, 8, 1, 2, 9, 16, 23, 30, 37, 44, 45, 46, 39, 38, 31, 24, 17, 10, 3, 4, 5, 12, 11, 18, 19, 26, 25, 32, 33, 40, 47, 48]
[00:00:01:12:983] ! Unidirectional s-t. expansions: 129,857, time: 72,983 [ms], path length: 42 [edges], generated: 217,483
[00:00:00:13:669] Path of length 42 found: [48, 41, 40, 47, 46, 39, 32, 33, 26, 19, 12, 5, 4, 3, 2, 9, 16, 17, 10, 11, 18, 25, 24, 23, 22, 29, 36, 37, 30, 31, 38, 45, 44, 43, 42, 35, 28, 21, 14, 15, 8, 1, 0]
[00:00:00:13:669] ! Unidirectional t-s. expansions: 21,733, time: 13,669 [ms], path length: 42 [edges], generated: 38,651
[00:00:00:20:039] Path of length 42 found: [0, 7, 14, 21, 28, 35, 42, 43, 36, 29, 22, 15, 16, 23, 30, 37, 44, 45, 38, 31, 24, 17, 18, 11, 10, 9, 8, 1, 2, 3, 4, 5, 12, 19, 26, 33, 32, 39, 46, 47, 40, 41, 48]
[00:00:00:20:335] ! Bidirectional. expansions: 32,768, time: 20,039 [ms], path length: 42 [edges], g_F: 22, g_B: 20, generated: {'F': 32,573, 'B': 32,532}, MM: 2, MMPER: 3.6511627906976747%
[00:00:00:20:335] 
---------- SM_Grids/7x7_grid_with_random_blocks_8per_8 ----------
[00:00:00:59:895] Path of length 42 found: [0, 7, 8, 1, 2, 9, 16, 15, 22, 21, 28, 35, 42, 43, 44, 37, 38, 45, 46, 39, 32, 31, 24, 17, 10, 3, 4, 11, 18, 25, 26, 19, 12, 5, 6, 13, 20, 27, 34, 33, 40, 47, 48]
[00:00:00:59:895] ! Unidirectional s-t. expansions: 87,390, time: 59,895 [ms], path length: 42 [edges], generated: 155,342
[00:00:01:18:290] Valid states checked so far: 200,000, Expansions: 119,144, Global best: 43
[00:00:01:52:282] Path of length 42 found: [48, 41, 34, 27, 20, 13, 6, 5, 4, 3, 2, 9, 16, 23, 24, 17, 10, 11, 12, 19, 18, 25, 26, 33, 32, 31, 38, 39, 40, 47, 46, 45, 44, 43, 42, 35, 28, 21, 22, 15, 8, 1, 0]
[00:00:01:52:282] ! Unidirectional t-s. expansions: 174,649, time: 112,282 [ms], path length: 42 [edges], generated: 294,280
[00:00:01:51:272] Path of length 42 found: [0, 7, 8, 1, 2, 9, 16, 15, 22, 21, 28, 35, 42, 43, 44, 37, 38, 45, 46, 47, 40, 33, 32, 31, 24, 25, 26, 19, 12, 11, 18, 17, 10, 3, 4, 5, 6, 13, 20, 27, 34, 41, 48]
[00:00:01:51:592] ! Bidirectional. expansions: 159,790, time: 111,272 [ms], path length: 42 [edges], g_F: 22, g_B: 20, generated: {'F': 151,235, 'B': 146,529}, MM: 2, MMPER: 3.6511627906976747%
[00:00:01:51:592] 
---------- SM_Grids/7x7_grid_with_random_blocks_8per_9 ----------
[00:00:00:07:549] Path of length 44 found: [0, 7, 14, 21, 28, 35, 42, 43, 36, 29, 22, 15, 8, 1, 2, 9, 16, 23, 30, 37, 44, 45, 46, 39, 38, 31, 32, 25, 18, 17, 10, 3, 4, 11, 12, 5, 6, 13, 20, 27, 26, 33, 40, 41, 48]
[00:00:00:07:549] ! Unidirectional s-t. expansions: 11,976, time: 7,549 [ms], path length: 44 [edges], generated: 19,458
[00:00:00:01:554] Path of length 44 found: [48, 41, 34, 27, 20, 13, 6, 5, 12, 11, 4, 3, 2, 1, 8, 15, 22, 29, 36, 37, 30, 23, 16, 9, 10, 17, 18, 25, 26, 33, 40, 39, 32, 31, 38, 45, 44, 43, 42, 35, 28, 21, 14, 7, 0]
[00:00:00:01:554] ! Unidirectional t-s. expansions: 2,121, time: 1,554 [ms], path length: 44 [edges], generated: 3,597
[00:00:00:06:321] Path of length 44 found: [0, 7, 14, 21, 28, 35, 42, 43, 36, 29, 22, 15, 16, 23, 30, 31, 38, 37, 44, 45, 46, 39, 32, 33, 26, 25, 18, 17, 10, 9, 8, 1, 2, 3, 4, 11, 12, 5, 6, 13, 20, 27, 34, 41, 48]
[00:00:00:06:617] ! Bidirectional. expansions: 9,339, time: 6,321 [ms], path length: 44 [edges], g_F: 23, g_B: 21, generated: {'F': 8,227, 'B': 8,349}, MM: 2, MMPER: 3.4444444444444446%
[00:00:00:06:617] average expansions: (31,554, 30,447, 29,324, 0)
[00:00:00:06:617] average time: (19,245, 19,524, 19,811, 0)
[00:00:00:06:617] XIDA: 30,447 , 19,245 (expansions , time[ms])
[00:00:00:06:617] BiXIDA: 29,324 , 19,811 (expansions , time[ms])

