--------------------------
date: SM_Grids
number_of_graphs: 10
graph_type: grid
size_of_graphs: [8, 8]
heuristic: bcc_heuristic
snake: False
run_uni: True
run_bi: True
run_multi: False
solution_vertices: []
algorithms: ['IDA']
lookahead: -1
bsd: False
cube_first_dims: 4
cube_buffer_dim: None
backward_sym_generation: False
sym_coil: False
prefix_set: None

---------- SM_Grids/8x8_grid_with_random_blocks_16per_0 ----------
[00:00:00:00:921] Path of length 44 found: [0, 1, 9, 10, 2, 3, 11, 19, 18, 26, 25, 24, 32, 40, 48, 49, 41, 33, 34, 42, 50, 51, 43, 35, 36, 28, 20, 12, 13, 5, 6, 7, 15, 14, 22, 23, 31, 30, 29, 37, 38, 46, 47, 55, 63]
[00:00:00:00:921] ! Unidirectional s-t. expansions: 1,101, time: 921 [ms], path length: 44 [edges], generated: 1,883
[00:00:00:00:348] Path of length 44 found: [63, 55, 47, 46, 38, 39, 31, 23, 15, 7, 6, 5, 13, 14, 22, 30, 29, 37, 36, 44, 43, 35, 34, 33, 41, 42, 50, 49, 48, 40, 32, 24, 25, 26, 18, 19, 20, 12, 11, 3, 2, 10, 9, 1, 0]
[00:00:00:00:348] ! Unidirectional t-s. expansions: 288, time: 348 [ms], path length: 44 [edges], generated: 503
[00:00:00:01:253] Path of length 44 found: [0, 1, 9, 10, 2, 3, 11, 19, 18, 26, 25, 24, 32, 40, 48, 49, 41, 33, 34, 42, 50, 51, 43, 35, 36, 37, 29, 28, 20, 12, 13, 5, 6, 7, 15, 14, 22, 23, 31, 39, 38, 46, 47, 55, 63]
[00:00:00:01:711] ! Bidirectional. expansions: 1,620, time: 1,253 [ms], path length: 44 [edges], g_F: 23, g_B: 21, generated: {'F': 1,500, 'B': 1,344}, MM: 2, MMPER: 3.4444444444444446%
[00:00:00:01:711] 
---------- SM_Grids/8x8_grid_with_random_blocks_16per_1 ----------
[00:00:00:00:086] Path of length 44 found: [0, 8, 16, 24, 32, 33, 25, 26, 18, 10, 2, 3, 4, 12, 11, 19, 27, 35, 34, 42, 43, 44, 36, 28, 20, 21, 29, 30, 22, 14, 15, 23, 31, 39, 38, 46, 47, 55, 54, 53, 52, 60, 61, 62, 63]
[00:00:00:00:086] ! Unidirectional s-t. expansions: 69, time: 86 [ms], path length: 44 [edges], generated: 119
[00:00:00:06:723] Path of length 44 found: [63, 62, 61, 60, 52, 53, 54, 55, 47, 46, 38, 39, 31, 23, 15, 14, 22, 30, 29, 21, 20, 12, 4, 3, 2, 10, 11, 19, 18, 26, 34, 35, 27, 28, 36, 44, 43, 42, 41, 33, 25, 24, 16, 8, 0]
[00:00:00:06:723] ! Unidirectional t-s. expansions: 6,115, time: 6,723 [ms], path length: 44 [edges], generated: 11,408
[00:00:00:01:731] Path of length 44 found: [0, 8, 16, 24, 32, 33, 25, 26, 18, 10, 2, 3, 4, 12, 11, 19, 27, 35, 34, 42, 43, 44, 36, 28, 20, 21, 29, 30, 22, 14, 15, 23, 31, 39, 38, 46, 47, 55, 54, 53, 52, 60, 61, 62, 63]
[00:00:00:02:159] ! Bidirectional. expansions: 1,560, time: 1,731 [ms], path length: 44 [edges], g_F: 23, g_B: 21, generated: {'F': 1,522, 'B': 1,316}, MM: 2, MMPER: 3.4444444444444446%
[00:00:00:02:159] 
---------- SM_Grids/8x8_grid_with_random_blocks_16per_2 ----------
[00:00:00:04:363] Path of length 44 found: [0, 8, 16, 24, 32, 40, 48, 56, 57, 49, 41, 33, 34, 26, 18, 10, 2, 3, 11, 19, 27, 28, 20, 21, 29, 30, 38, 46, 47, 55, 54, 53, 45, 44, 43, 42, 50, 58, 59, 51, 52, 60, 61, 62, 63]
[00:00:00:04:363] ! Unidirectional s-t. expansions: 4,448, time: 4,363 [ms], path length: 44 [edges], generated: 8,031
[00:00:00:16:964] Path of length 44 found: [63, 55, 47, 46, 38, 30, 29, 21, 20, 19, 11, 3, 2, 10, 18, 26, 27, 28, 36, 44, 45, 53, 54, 62, 61, 60, 52, 51, 43, 42, 34, 33, 41, 49, 50, 58, 57, 56, 48, 40, 32, 24, 16, 8, 0]
[00:00:00:16:965] ! Unidirectional t-s. expansions: 18,628, time: 16,964 [ms], path length: 44 [edges], generated: 30,668
[00:00:00:04:503] Path of length 44 found: [0, 8, 16, 24, 32, 40, 48, 56, 57, 49, 41, 33, 34, 42, 43, 51, 50, 58, 59, 60, 61, 53, 45, 44, 36, 28, 27, 26, 18, 10, 2, 3, 11, 19, 20, 21, 29, 30, 38, 46, 47, 55, 54, 62, 63]
[00:00:00:04:941] ! Bidirectional. expansions: 4,557, time: 4,503 [ms], path length: 44 [edges], g_F: 23, g_B: 21, generated: {'F': 4,212, 'B': 4,285}, MM: 2, MMPER: 3.4444444444444446%
[00:00:00:04:941] 
---------- SM_Grids/8x8_grid_with_random_blocks_16per_3 ----------
[00:00:00:14:758] Path of length 44 found: [0, 8, 16, 24, 25, 17, 18, 10, 11, 19, 27, 26, 34, 33, 41, 49, 50, 42, 43, 35, 36, 28, 29, 21, 20, 12, 13, 14, 15, 23, 31, 30, 38, 39, 47, 46, 45, 44, 52, 60, 61, 53, 54, 62, 63]
[00:00:00:14:758] ! Unidirectional s-t. expansions: 17,150, time: 14,758 [ms], path length: 44 [edges], generated: 30,483
[00:00:00:47:955] Path of length 44 found: [63, 55, 47, 39, 31, 23, 15, 14, 13, 12, 11, 10, 18, 26, 34, 42, 43, 35, 36, 28, 27, 19, 20, 21, 29, 30, 38, 46, 45, 53, 54, 62, 61, 60, 52, 51, 50, 49, 41, 33, 25, 17, 16, 8, 0]
[00:00:00:47:955] ! Unidirectional t-s. expansions: 60,350, time: 47,955 [ms], path length: 44 [edges], generated: 104,408
[00:00:00:22:984] Path of length 44 found: [0, 8, 16, 24, 25, 17, 18, 10, 11, 19, 27, 26, 34, 33, 41, 49, 50, 42, 43, 35, 36, 44, 52, 60, 61, 62, 54, 53, 45, 46, 38, 30, 29, 21, 20, 12, 13, 14, 15, 23, 31, 39, 47, 55, 63]
[00:00:00:23:440] ! Bidirectional. expansions: 25,921, time: 22,984 [ms], path length: 44 [edges], g_F: 23, g_B: 21, generated: {'F': 26,109, 'B': 25,227}, MM: 2, MMPER: 3.4444444444444446%
[00:00:00:23:440] 
---------- SM_Grids/8x8_grid_with_random_blocks_16per_4 ----------
[00:00:00:00:862] Path of length 48 found: [0, 1, 9, 8, 16, 17, 25, 33, 32, 40, 48, 56, 57, 49, 41, 42, 50, 51, 52, 60, 61, 53, 45, 44, 36, 28, 27, 35, 34, 26, 18, 10, 11, 3, 4, 12, 13, 14, 22, 30, 29, 37, 38, 39, 47, 46, 54, 62, 63]
[00:00:00:00:863] ! Unidirectional s-t. expansions: 958, time: 862 [ms], path length: 48 [edges], generated: 1,615
[00:00:00:02:415] Path of length 48 found: [63, 55, 47, 39, 38, 30, 22, 14, 13, 12, 4, 3, 11, 10, 18, 26, 34, 35, 27, 28, 29, 37, 36, 44, 45, 46, 54, 62, 61, 53, 52, 51, 50, 42, 41, 49, 57, 56, 48, 40, 32, 33, 25, 17, 16, 8, 9, 1, 0]
[00:00:00:02:415] ! Unidirectional t-s. expansions: 2,044, time: 2,415 [ms], path length: 48 [edges], generated: 3,670
[00:00:00:02:466] Path of length 48 found: [0, 1, 9, 8, 16, 17, 25, 33, 32, 40, 48, 56, 57, 49, 41, 42, 50, 51, 52, 60, 61, 62, 54, 46, 45, 44, 36, 37, 29, 28, 27, 35, 34, 26, 18, 10, 11, 3, 4, 12, 13, 14, 22, 30, 38, 39, 47, 55, 63]
[00:00:00:02:883] ! Bidirectional. expansions: 2,138, time: 2,466 [ms], path length: 48 [edges], g_F: 25, g_B: 23, generated: {'F': 1,784, 'B': 1,973}, MM: 2, MMPER: 3.0816326530612246%
[00:00:00:02:883] 
---------- SM_Grids/8x8_grid_with_random_blocks_16per_5 ----------
[00:00:00:03:002] Path of length 50 found: [0, 8, 16, 24, 32, 33, 34, 26, 25, 17, 9, 1, 2, 10, 11, 19, 20, 12, 4, 5, 6, 14, 15, 23, 22, 30, 29, 28, 36, 35, 43, 51, 50, 49, 48, 56, 57, 58, 59, 60, 61, 53, 52, 44, 45, 46, 38, 39, 47, 55, 63]
[00:00:00:03:003] ! Unidirectional s-t. expansions: 2,879, time: 3,003 [ms], path length: 50 [edges], generated: 4,867
[00:00:00:03:577] Path of length 50 found: [63, 55, 47, 39, 38, 46, 54, 53, 45, 44, 52, 60, 59, 58, 57, 56, 48, 49, 50, 51, 43, 35, 36, 28, 29, 30, 31, 23, 15, 14, 6, 5, 4, 12, 20, 19, 11, 3, 2, 10, 9, 17, 25, 26, 34, 33, 32, 24, 16, 8, 0]
[00:00:00:03:577] ! Unidirectional t-s. expansions: 3,209, time: 3,577 [ms], path length: 50 [edges], generated: 5,432
[00:00:00:05:966] Path of length 50 found: [0, 8, 16, 24, 32, 33, 34, 26, 25, 17, 9, 1, 2, 10, 11, 19, 20, 12, 4, 5, 6, 14, 15, 23, 22, 30, 29, 28, 36, 35, 43, 51, 50, 49, 48, 56, 57, 58, 59, 60, 52, 44, 45, 53, 54, 46, 38, 39, 47, 55, 63]
[00:00:00:06:378] ! Bidirectional. expansions: 5,477, time: 5,966 [ms], path length: 50 [edges], g_F: 26, g_B: 24, generated: {'F': 4,706, 'B': 4,760}, MM: 2, MMPER: 2.9215686274509802%
[00:00:00:06:378] 
---------- SM_Grids/8x8_grid_with_random_blocks_16per_6 ----------
[00:00:00:00:314] Path of length 48 found: [0, 1, 9, 8, 16, 24, 32, 40, 48, 49, 50, 42, 41, 33, 25, 17, 18, 10, 11, 19, 27, 26, 34, 35, 36, 44, 52, 53, 45, 37, 29, 21, 13, 5, 6, 7, 15, 14, 22, 23, 31, 30, 38, 46, 47, 55, 54, 62, 63]
[00:00:00:00:314] ! Unidirectional s-t. expansions: 261, time: 314 [ms], path length: 48 [edges], generated: 440
[00:00:00:00:104] Path of length 48 found: [63, 62, 54, 55, 47, 46, 38, 30, 31, 23, 15, 7, 6, 5, 13, 14, 22, 21, 29, 37, 45, 53, 52, 44, 36, 35, 27, 19, 11, 10, 18, 17, 25, 26, 34, 33, 41, 42, 50, 49, 48, 40, 32, 24, 16, 8, 9, 1, 0]
[00:00:00:00:105] ! Unidirectional t-s. expansions: 83, time: 105 [ms], path length: 48 [edges], generated: 141
[00:00:00:00:341] Path of length 48 found: [0, 1, 9, 8, 16, 24, 32, 40, 48, 49, 50, 42, 41, 33, 25, 17, 18, 10, 11, 19, 27, 26, 34, 35, 36, 44, 52, 53, 45, 37, 29, 21, 22, 14, 13, 5, 6, 7, 15, 23, 31, 30, 38, 46, 47, 55, 54, 62, 63]
[00:00:00:00:758] ! Bidirectional. expansions: 335, time: 341 [ms], path length: 48 [edges], g_F: 25, g_B: 23, generated: {'F': 302, 'B': 278}, MM: 2, MMPER: 3.0816326530612246%
[00:00:00:00:759] 
---------- SM_Grids/8x8_grid_with_random_blocks_16per_7 ----------
[00:00:00:46:898] Path of length 48 found: [0, 8, 16, 24, 32, 40, 48, 56, 57, 49, 41, 33, 34, 26, 18, 17, 9, 10, 2, 3, 11, 19, 27, 28, 20, 12, 13, 14, 6, 7, 15, 23, 31, 30, 38, 37, 45, 44, 43, 42, 50, 58, 59, 60, 61, 53, 54, 55, 63]
[00:00:00:46:898] ! Unidirectional s-t. expansions: 50,891, time: 46,898 [ms], path length: 48 [edges], generated: 86,251
[00:00:00:21:573] Path of length 48 found: [63, 55, 54, 46, 38, 30, 31, 23, 15, 7, 6, 14, 13, 21, 20, 12, 11, 3, 2, 10, 9, 17, 18, 19, 27, 26, 34, 35, 43, 44, 45, 53, 61, 60, 59, 51, 50, 42, 41, 49, 57, 56, 48, 40, 32, 24, 16, 8, 0]
[00:00:00:21:573] ! Unidirectional t-s. expansions: 23,245, time: 21,573 [ms], path length: 48 [edges], generated: 40,866
[00:00:00:43:166] Path of length 48 found: [0, 8, 16, 24, 32, 40, 48, 56, 57, 49, 41, 33, 34, 42, 50, 58, 59, 60, 61, 53, 45, 44, 43, 35, 27, 26, 18, 17, 9, 10, 2, 3, 11, 12, 20, 21, 13, 14, 6, 7, 15, 23, 31, 30, 38, 46, 54, 55, 63]
[00:00:00:43:583] ! Bidirectional. expansions: 53,073, time: 43,166 [ms], path length: 48 [edges], g_F: 25, g_B: 23, generated: {'F': 47,226, 'B': 48,898}, MM: 2, MMPER: 3.0816326530612246%
[00:00:00:43:583] 
---------- SM_Grids/8x8_grid_with_random_blocks_16per_8 ----------
[00:00:00:04:364] Path of length 50 found: [0, 8, 16, 17, 9, 1, 2, 10, 18, 19, 11, 3, 4, 5, 6, 7, 15, 23, 22, 14, 13, 12, 20, 21, 29, 28, 36, 35, 34, 33, 32, 40, 48, 56, 57, 49, 41, 42, 50, 51, 59, 60, 61, 53, 45, 37, 38, 46, 54, 62, 63]
[00:00:00:04:364] ! Unidirectional s-t. expansions: 4,366, time: 4,364 [ms], path length: 50 [edges], generated: 7,256
[00:00:00:00:377] Path of length 50 found: [63, 62, 54, 46, 38, 37, 45, 53, 61, 60, 59, 51, 43, 42, 50, 49, 57, 56, 48, 40, 32, 33, 34, 35, 36, 28, 29, 21, 13, 14, 22, 23, 15, 7, 6, 5, 4, 3, 2, 1, 9, 10, 11, 12, 20, 19, 18, 17, 16, 8, 0]
[00:00:00:00:377] ! Unidirectional t-s. expansions: 391, time: 377 [ms], path length: 50 [edges], generated: 669
[00:00:00:02:902] Path of length 50 found: [0, 8, 16, 17, 9, 1, 2, 3, 4, 5, 13, 14, 6, 7, 15, 23, 22, 21, 29, 37, 36, 28, 20, 12, 11, 10, 18, 26, 34, 35, 43, 42, 41, 33, 32, 40, 48, 56, 57, 49, 50, 51, 59, 60, 61, 53, 45, 46, 54, 62, 63]
[00:00:00:03:318] ! Bidirectional. expansions: 3,146, time: 2,902 [ms], path length: 50 [edges], g_F: 26, g_B: 24, generated: {'F': 2,878, 'B': 2,633}, MM: 2, MMPER: 2.9215686274509802%
[00:00:00:03:318] 
---------- SM_Grids/8x8_grid_with_random_blocks_16per_9 ----------
[00:00:00:01:549] Path of length 46 found: [0, 8, 16, 24, 32, 33, 25, 17, 9, 1, 2, 3, 11, 12, 4, 5, 6, 7, 15, 14, 13, 21, 20, 28, 27, 26, 34, 42, 50, 58, 59, 51, 43, 44, 36, 37, 38, 30, 31, 39, 47, 55, 54, 53, 61, 62, 63]
[00:00:00:01:550] ! Unidirectional s-t. expansions: 1,420, time: 1,549 [ms], path length: 46 [edges], generated: 2,463
[00:00:00:00:704] Path of length 46 found: [63, 62, 61, 53, 54, 55, 47, 39, 31, 30, 38, 37, 45, 44, 52, 51, 59, 58, 50, 42, 41, 33, 32, 24, 16, 8, 9, 17, 25, 26, 27, 28, 20, 21, 13, 14, 15, 7, 6, 5, 4, 12, 11, 3, 2, 1, 0]
[00:00:00:00:705] ! Unidirectional t-s. expansions: 555, time: 704 [ms], path length: 46 [edges], generated: 1,057
[00:00:00:02:623] Path of length 46 found: [0, 8, 16, 24, 32, 33, 25, 17, 9, 1, 2, 3, 11, 12, 4, 5, 6, 7, 15, 14, 13, 21, 20, 28, 27, 26, 34, 42, 50, 58, 59, 51, 52, 44, 45, 37, 38, 30, 31, 39, 47, 55, 54, 53, 61, 62, 63]
[00:00:00:03:038] ! Bidirectional. expansions: 2,548, time: 2,623 [ms], path length: 46 [edges], g_F: 24, g_B: 22, generated: {'F': 2,005, 'B': 2,259}, MM: 2, MMPER: 3.25531914893617%
[00:00:00:03:038] average expansions: (8,354, 11,491, 10,038, 0)
[00:00:00:03:038] average time: (7,712, 10,074, 8,794, 0)
[00:00:00:03:038] XIDA: 8,354 , 7,712 (expansions , time[ms])
[00:00:00:03:038] BiXIDA: 10,038 , 8,794 (expansions , time[ms])

