--------------------------
date: SM_Grids
number_of_graphs: 10
graph_type: grid
size_of_graphs: [7, 8]
heuristic: bcc_heuristic
snake: False
run_uni: True
run_bi: True
run_multi: False
solution_vertices: []
algorithms: ['IDA']
lookahead: -1
bsd: False
cube_first_dims: 4
cube_buffer_dim: None
backward_sym_generation: False
sym_coil: False
prefix_set: None

---------- SM_Grids/7x8_grid_with_random_blocks_8per_0 ----------
[00:00:01:30:460] Valid states checked so far: 200,000, Expansions: 119,240, Global best: 40
[00:00:02:50:089] Valid states checked so far: 400,000, Expansions: 243,357, Global best: 40
[00:00:04:16:422] Valid states checked so far: 600,000, Expansions: 364,803, Global best: 40
[00:00:05:38:743] Valid states checked so far: 800,000, Expansions: 487,790, Global best: 40
[00:00:07:03:040] Valid states checked so far: 1,000,000, Expansions: 610,281, Global best: 40
[00:00:08:07:871] Path of length 47 found: [0, 8, 16, 24, 32, 33, 25, 17, 9, 1, 2, 10, 18, 26, 34, 42, 50, 51, 52, 53, 45, 44, 36, 35, 27, 19, 11, 3, 4, 12, 20, 28, 29, 37, 38, 30, 22, 21, 13, 5, 6, 14, 15, 23, 31, 39, 47, 55]
[00:00:08:07:872] ! Unidirectional s-t. expansions: 703,259, time: 487,871 [ms], path length: 47 [edges], generated: 1,148,272
[00:00:01:39:049] Valid states checked so far: 200,000, Expansions: 111,380, Global best: 48
[00:00:03:08:895] Valid states checked so far: 400,000, Expansions: 223,346, Global best: 48
[00:00:04:13:699] Path of length 47 found: [55, 47, 39, 31, 23, 15, 7, 6, 5, 4, 3, 2, 10, 18, 19, 11, 12, 20, 28, 27, 35, 36, 37, 29, 21, 13, 14, 22, 30, 38, 46, 45, 44, 52, 51, 50, 42, 34, 26, 25, 33, 32, 24, 16, 17, 9, 1, 0]
[00:00:04:13:699] ! Unidirectional t-s. expansions: 307,432, time: 253,699 [ms], path length: 47 [edges], generated: 546,497
[00:00:07:27:685] Path of length 47 found: [0, 8, 16, 24, 32, 33, 25, 17, 9, 1, 2, 10, 18, 26, 34, 42, 50, 51, 52, 44, 45, 46, 38, 30, 29, 21, 22, 14, 13, 12, 20, 28, 36, 35, 27, 19, 11, 3, 4, 5, 6, 7, 15, 23, 31, 39, 47, 55]
[00:00:07:28:079] ! Bidirectional. expansions: 595,034, time: 447,685 [ms], path length: 47 [edges], g_F: 24, g_B: 23, generated: {'F': 548,873, 'B': 578,468}, MM: 1, MMPER: 1.0833333333333335%
[00:00:07:28:080] 
---------- SM_Grids/7x8_grid_with_random_blocks_8per_1 ----------
[00:00:00:11:816] Path of length 49 found: [0, 1, 9, 17, 16, 24, 32, 40, 48, 49, 41, 42, 34, 33, 25, 26, 18, 19, 27, 28, 20, 12, 11, 3, 4, 5, 13, 21, 29, 30, 22, 14, 6, 7, 15, 23, 31, 39, 38, 37, 36, 44, 43, 51, 52, 53, 45, 46, 54, 55]
[00:00:00:11:816] ! Unidirectional s-t. expansions: 14,482, time: 11,816 [ms], path length: 49 [edges], generated: 25,696
[00:00:01:28:815] Path of length 49 found: [55, 47, 39, 31, 23, 15, 7, 6, 5, 4, 3, 11, 19, 18, 26, 27, 28, 20, 12, 13, 14, 22, 21, 29, 30, 38, 37, 36, 44, 45, 46, 54, 53, 52, 51, 43, 42, 34, 33, 41, 49, 48, 40, 32, 24, 16, 17, 9, 1, 0]
[00:00:01:28:815] ! Unidirectional t-s. expansions: 107,309, time: 88,815 [ms], path length: 49 [edges], generated: 180,577
[00:00:00:36:605] Path of length 49 found: [0, 1, 9, 17, 16, 24, 32, 40, 48, 49, 41, 33, 25, 26, 34, 42, 43, 51, 52, 44, 36, 37, 45, 53, 54, 46, 38, 30, 29, 21, 22, 14, 13, 12, 20, 28, 27, 19, 11, 3, 4, 5, 6, 7, 15, 23, 31, 39, 47, 55]
[00:00:00:36:975] ! Bidirectional. expansions: 44,784, time: 36,605 [ms], path length: 49 [edges], g_F: 25, g_B: 24, generated: {'F': 42,667, 'B': 39,225}, MM: 1, MMPER: 1.0%
[00:00:00:36:975] 
---------- SM_Grids/7x8_grid_with_random_blocks_8per_2 ----------
[00:00:00:36:965] Path of length 47 found: [0, 8, 16, 24, 32, 40, 41, 49, 50, 42, 34, 33, 25, 17, 9, 1, 2, 3, 11, 10, 18, 26, 27, 19, 20, 12, 13, 21, 29, 28, 36, 35, 43, 51, 52, 44, 45, 37, 38, 30, 22, 23, 31, 39, 47, 46, 54, 55]
[00:00:00:36:965] ! Unidirectional s-t. expansions: 42,128, time: 36,965 [ms], path length: 47 [edges], generated: 75,977
[00:00:01:21:383] Valid states checked so far: 200,000, Expansions: 119,243, Global best: 48
[00:00:02:02:550] Path of length 47 found: [55, 47, 39, 31, 23, 22, 21, 13, 12, 11, 3, 2, 10, 18, 26, 25, 33, 34, 42, 43, 35, 27, 19, 20, 28, 36, 44, 45, 37, 29, 30, 38, 46, 54, 53, 52, 51, 50, 49, 41, 40, 32, 24, 16, 17, 9, 1, 0]
[00:00:02:02:550] ! Unidirectional t-s. expansions: 179,476, time: 122,550 [ms], path length: 47 [edges], generated: 301,696
[00:00:01:49:558] Path of length 47 found: [0, 8, 16, 24, 32, 40, 41, 49, 50, 42, 34, 33, 25, 26, 27, 35, 43, 51, 52, 44, 45, 53, 54, 46, 38, 30, 29, 37, 36, 28, 20, 19, 18, 17, 9, 1, 2, 3, 11, 12, 13, 21, 22, 23, 31, 39, 47, 55]
[00:00:01:49:961] ! Bidirectional. expansions: 137,170, time: 109,558 [ms], path length: 47 [edges], g_F: 24, g_B: 23, generated: {'F': 133,507, 'B': 133,811}, MM: 1, MMPER: 1.0833333333333335%
[00:00:01:49:961] 
---------- SM_Grids/7x8_grid_with_random_blocks_8per_3 ----------
[00:00:00:07:986] Path of length 49 found: [0, 8, 16, 24, 32, 40, 48, 49, 41, 33, 34, 42, 50, 51, 43, 35, 27, 26, 18, 17, 9, 1, 2, 10, 11, 3, 4, 12, 20, 28, 36, 44, 45, 37, 29, 21, 13, 5, 6, 7, 15, 14, 22, 23, 31, 39, 38, 46, 47, 55]
[00:00:00:07:987] ! Unidirectional s-t. expansions: 8,717, time: 7,986 [ms], path length: 49 [edges], generated: 14,979
[00:00:00:39:498] Path of length 49 found: [55, 47, 39, 31, 23, 15, 7, 6, 5, 4, 3, 2, 10, 18, 26, 27, 19, 11, 12, 13, 14, 22, 21, 20, 28, 29, 37, 38, 46, 45, 44, 36, 35, 34, 33, 41, 42, 43, 51, 50, 49, 48, 40, 32, 24, 16, 17, 9, 1, 0]
[00:00:00:39:498] ! Unidirectional t-s. expansions: 55,887, time: 39,498 [ms], path length: 49 [edges], generated: 92,378
[00:00:00:32:650] Path of length 49 found: [0, 8, 16, 24, 32, 40, 48, 49, 41, 33, 34, 42, 50, 51, 43, 44, 45, 46, 38, 37, 36, 35, 27, 26, 18, 17, 9, 1, 2, 3, 11, 19, 20, 28, 29, 21, 22, 14, 13, 12, 4, 5, 6, 7, 15, 23, 31, 39, 47, 55]
[00:00:00:33:015] ! Bidirectional. expansions: 42,888, time: 32,650 [ms], path length: 49 [edges], g_F: 25, g_B: 24, generated: {'F': 39,295, 'B': 40,535}, MM: 1, MMPER: 1.0%
[00:00:00:33:015] 
---------- SM_Grids/7x8_grid_with_random_blocks_8per_4 ----------
[00:00:00:20:023] Path of length 49 found: [0, 8, 16, 24, 32, 40, 48, 49, 41, 33, 25, 17, 9, 1, 2, 10, 11, 19, 27, 26, 34, 42, 50, 51, 43, 35, 36, 28, 20, 21, 13, 5, 6, 7, 15, 14, 22, 23, 31, 30, 29, 37, 45, 44, 52, 53, 54, 46, 47, 55]
[00:00:00:20:023] ! Unidirectional s-t. expansions: 26,458, time: 20,023 [ms], path length: 49 [edges], generated: 46,509
[00:00:00:05:885] Path of length 49 found: [55, 47, 39, 31, 23, 15, 7, 6, 5, 13, 14, 22, 30, 29, 21, 20, 19, 11, 10, 2, 1, 9, 17, 25, 33, 41, 42, 34, 26, 27, 28, 36, 35, 43, 44, 45, 46, 54, 53, 52, 51, 50, 49, 48, 40, 32, 24, 16, 8, 0]
[00:00:00:05:885] ! Unidirectional t-s. expansions: 6,189, time: 5,885 [ms], path length: 49 [edges], generated: 10,476
[00:00:00:15:517] Path of length 49 found: [0, 8, 16, 24, 32, 40, 48, 49, 41, 42, 50, 51, 43, 44, 52, 53, 54, 46, 45, 37, 36, 28, 27, 35, 34, 33, 25, 17, 9, 1, 2, 10, 11, 19, 20, 21, 29, 30, 22, 14, 13, 5, 6, 7, 15, 23, 31, 39, 47, 55]
[00:00:00:15:887] ! Bidirectional. expansions: 18,384, time: 15,517 [ms], path length: 49 [edges], g_F: 25, g_B: 24, generated: {'F': 16,362, 'B': 17,227}, MM: 1, MMPER: 1.0%
[00:00:00:15:887] 
---------- SM_Grids/7x8_grid_with_random_blocks_8per_5 ----------
[00:00:00:11:712] Path of length 49 found: [0, 8, 16, 24, 32, 40, 48, 49, 41, 33, 34, 26, 25, 17, 9, 1, 2, 10, 18, 19, 27, 28, 36, 44, 43, 51, 52, 53, 45, 37, 38, 30, 22, 21, 13, 12, 11, 3, 4, 5, 6, 14, 15, 23, 31, 39, 47, 46, 54, 55]
[00:00:00:11:712] ! Unidirectional s-t. expansions: 12,214, time: 11,712 [ms], path length: 49 [edges], generated: 20,865
[00:00:00:08:160] Path of length 49 found: [55, 47, 39, 38, 30, 31, 23, 15, 7, 6, 14, 22, 21, 13, 5, 4, 12, 11, 3, 2, 10, 18, 19, 27, 28, 36, 37, 45, 46, 54, 53, 52, 44, 43, 51, 50, 49, 48, 40, 41, 33, 34, 26, 25, 24, 16, 17, 9, 1, 0]
[00:00:00:08:160] ! Unidirectional t-s. expansions: 9,180, time: 8,160 [ms], path length: 49 [edges], generated: 15,544
[00:00:00:40:914] Path of length 49 found: [0, 8, 16, 24, 32, 40, 48, 49, 41, 33, 34, 26, 25, 17, 9, 1, 2, 3, 4, 5, 6, 7, 15, 23, 22, 21, 13, 12, 11, 10, 18, 19, 27, 28, 36, 44, 43, 51, 52, 53, 54, 46, 45, 37, 38, 30, 31, 39, 47, 55]
[00:00:00:41:288] ! Bidirectional. expansions: 38,493, time: 40,915 [ms], path length: 49 [edges], g_F: 25, g_B: 24, generated: {'F': 35,685, 'B': 35,926}, MM: 1, MMPER: 1.0%
[00:00:00:41:288] 
---------- SM_Grids/7x8_grid_with_random_blocks_8per_6 ----------
[00:00:00:25:019] Path of length 49 found: [0, 8, 16, 24, 32, 40, 48, 49, 41, 33, 25, 17, 9, 1, 2, 10, 18, 26, 34, 42, 50, 51, 43, 35, 27, 19, 11, 12, 20, 28, 36, 44, 45, 53, 54, 46, 38, 37, 29, 21, 22, 14, 6, 7, 15, 23, 31, 39, 47, 55]
[00:00:00:25:019] ! Unidirectional s-t. expansions: 30,867, time: 25,019 [ms], path length: 49 [edges], generated: 53,570
[00:00:00:11:783] Path of length 49 found: [55, 47, 39, 31, 23, 15, 7, 6, 14, 22, 21, 20, 12, 11, 10, 2, 1, 9, 17, 25, 33, 41, 42, 34, 26, 18, 19, 27, 35, 36, 28, 29, 30, 38, 46, 54, 53, 45, 44, 43, 51, 50, 49, 48, 40, 32, 24, 16, 8, 0]
[00:00:00:11:783] ! Unidirectional t-s. expansions: 13,188, time: 11,783 [ms], path length: 49 [edges], generated: 23,496
[00:00:00:44:213] Path of length 49 found: [0, 8, 16, 24, 32, 40, 48, 49, 41, 33, 25, 17, 9, 1, 2, 10, 18, 26, 34, 42, 50, 51, 43, 35, 36, 37, 45, 53, 54, 46, 38, 30, 29, 28, 27, 19, 11, 12, 20, 21, 22, 14, 6, 7, 15, 23, 31, 39, 47, 55]
[00:00:00:44:586] ! Bidirectional. expansions: 56,944, time: 44,213 [ms], path length: 49 [edges], g_F: 25, g_B: 24, generated: {'F': 50,401, 'B': 53,442}, MM: 1, MMPER: 1.0%
[00:00:00:44:586] 
---------- SM_Grids/7x8_grid_with_random_blocks_8per_7 ----------
[00:00:00:00:052] Path of length 51 found: [0, 1, 9, 17, 16, 24, 32, 40, 48, 49, 41, 33, 25, 26, 18, 10, 2, 3, 11, 19, 20, 12, 4, 5, 13, 21, 29, 28, 36, 35, 34, 42, 43, 51, 52, 53, 45, 37, 38, 30, 22, 14, 6, 7, 15, 23, 31, 39, 47, 46, 54, 55]
[00:00:00:00:052] ! Unidirectional s-t. expansions: 50, time: 52 [ms], path length: 51 [edges], generated: 82
[00:00:00:00:050] Path of length 51 found: [55, 47, 39, 31, 23, 15, 7, 6, 5, 4, 3, 2, 10, 18, 26, 25, 33, 34, 35, 36, 28, 20, 19, 11, 12, 13, 14, 22, 21, 29, 30, 38, 37, 45, 46, 54, 53, 52, 51, 43, 42, 41, 49, 48, 40, 32, 24, 16, 17, 9, 1, 0]
[00:00:00:00:050] ! Unidirectional t-s. expansions: 50, time: 50 [ms], path length: 51 [edges], generated: 82
[00:00:00:00:056] Path of length 51 found: [0, 1, 9, 17, 16, 24, 32, 40, 48, 49, 41, 33, 25, 26, 18, 19, 20, 28, 36, 35, 34, 42, 43, 51, 52, 53, 54, 46, 45, 37, 38, 30, 29, 21, 22, 14, 13, 12, 11, 10, 2, 3, 4, 5, 6, 7, 15, 23, 31, 39, 47, 55]
[00:00:00:00:417] ! Bidirectional. expansions: 57, time: 56 [ms], path length: 51 [edges], g_F: 26, g_B: 25, generated: {'F': 49, 'B': 54}, MM: 1, MMPER: 0.9230769230769231%
[00:00:00:00:417] 
---------- SM_Grids/7x8_grid_with_random_blocks_8per_8 ----------
[00:00:00:00:056] Path of length 51 found: [0, 8, 16, 24, 32, 40, 48, 49, 41, 33, 25, 17, 9, 1, 2, 10, 18, 26, 27, 35, 34, 42, 43, 51, 52, 44, 45, 53, 54, 46, 38, 37, 29, 30, 22, 14, 13, 12, 20, 19, 11, 3, 4, 5, 6, 7, 15, 23, 31, 39, 47, 55]
[00:00:00:00:057] ! Unidirectional s-t. expansions: 53, time: 57 [ms], path length: 51 [edges], generated: 88
[00:00:00:00:056] Path of length 51 found: [55, 47, 39, 31, 23, 15, 7, 6, 5, 4, 3, 2, 1, 9, 17, 25, 33, 34, 35, 27, 26, 18, 10, 11, 19, 20, 12, 13, 14, 22, 30, 29, 37, 38, 46, 54, 53, 45, 44, 52, 51, 43, 42, 41, 49, 48, 40, 32, 24, 16, 8, 0]
[00:00:00:00:056] ! Unidirectional t-s. expansions: 57, time: 56 [ms], path length: 51 [edges], generated: 95
[00:00:00:00:057] Path of length 51 found: [0, 8, 16, 24, 32, 40, 48, 49, 41, 33, 25, 17, 18, 26, 27, 35, 34, 42, 43, 51, 52, 44, 45, 53, 54, 46, 38, 37, 29, 30, 22, 14, 13, 12, 20, 19, 11, 10, 9, 1, 2, 3, 4, 5, 6, 7, 15, 23, 31, 39, 47, 55]
[00:00:00:00:421] ! Bidirectional. expansions: 57, time: 57 [ms], path length: 51 [edges], g_F: 26, g_B: 25, generated: {'F': 54, 'B': 52}, MM: 1, MMPER: 0.9230769230769231%
[00:00:00:00:421] 
---------- SM_Grids/7x8_grid_with_random_blocks_8per_9 ----------
[00:00:01:23:567] Path of length 49 found: [0, 1, 9, 8, 16, 24, 32, 40, 41, 49, 50, 42, 34, 33, 25, 17, 18, 10, 11, 3, 4, 12, 20, 19, 27, 35, 43, 51, 52, 44, 36, 28, 29, 30, 22, 14, 13, 5, 6, 7, 15, 23, 31, 39, 38, 37, 45, 46, 54, 55]
[00:00:01:23:568] ! Unidirectional s-t. expansions: 124,530, time: 83,567 [ms], path length: 49 [edges], generated: 199,220
[00:00:01:15:829] Path of length 49 found: [55, 54, 46, 47, 39, 31, 23, 15, 7, 6, 5, 4, 3, 11, 10, 18, 26, 25, 33, 34, 42, 43, 35, 27, 19, 20, 12, 13, 14, 22, 30, 38, 37, 29, 28, 36, 44, 52, 51, 50, 49, 41, 40, 32, 24, 16, 17, 9, 1, 0]
[00:00:01:15:830] ! Unidirectional t-s. expansions: 112,624, time: 75,830 [ms], path length: 49 [edges], generated: 179,299
[00:00:00:29:809] Path of length 49 found: [0, 1, 9, 8, 16, 24, 32, 40, 41, 49, 50, 42, 43, 51, 52, 44, 36, 35, 27, 26, 34, 33, 25, 17, 18, 10, 11, 3, 4, 12, 20, 28, 29, 37, 38, 30, 22, 14, 13, 5, 6, 7, 15, 23, 31, 39, 47, 46, 54, 55]
[00:00:00:30:178] ! Bidirectional. expansions: 34,476, time: 29,809 [ms], path length: 49 [edges], g_F: 25, g_B: 24, generated: {'F': 32,596, 'B': 31,921}, MM: 1, MMPER: 1.0%
[00:00:00:30:178] average expansions: (96,276, 79,139, 96,829, 0)
[00:00:00:30:178] average time: (68,507, 60,633, 75,706, 0)
[00:00:00:30:178] XIDA: 79,139 , 60,633 (expansions , time[ms])
[00:00:00:30:178] BiXIDA: 96,829 , 75,706 (expansions , time[ms])

