--------------------------
date: SM_Grids
number_of_graphs: 10
graph_type: grid
size_of_graphs: [7, 8]
heuristic: bcc_heuristic
snake: False
run_uni: True
run_bi: True
run_multi: False
solution_vertices: []
algorithms: ['IDA']
lookahead: -1
bsd: False
cube_first_dims: 4
cube_buffer_dim: None
backward_sym_generation: False
sym_coil: False
prefix_set: None

---------- SM_Grids/7x8_grid_with_random_blocks_16per_0 ----------
[00:00:00:00:761] Path of length 43 found: [0, 1, 2, 3, 4, 5, 13, 12, 20, 19, 18, 17, 25, 24, 32, 33, 41, 40, 48, 49, 50, 42, 43, 51, 52, 44, 36, 35, 27, 28, 29, 30, 22, 14, 15, 23, 31, 39, 47, 46, 45, 53, 54, 55]
[00:00:00:00:761] ! Unidirectional s-t. expansions: 1,001, time: 761 [ms], path length: 43 [edges], generated: 1,778
[00:00:00:08:034] Path of length 43 found: [55, 47, 39, 31, 23, 15, 14, 22, 30, 29, 28, 27, 35, 43, 44, 36, 37, 45, 46, 54, 53, 52, 51, 50, 42, 41, 49, 48, 40, 32, 24, 25, 26, 18, 19, 20, 12, 13, 5, 4, 3, 2, 1, 0]
[00:00:00:08:035] ! Unidirectional t-s. expansions: 10,017, time: 8,035 [ms], path length: 43 [edges], generated: 16,951
[00:00:00:02:115] Path of length 43 found: [0, 1, 2, 3, 4, 5, 13, 12, 20, 19, 18, 17, 25, 24, 32, 33, 41, 40, 48, 49, 50, 51, 52, 53, 54, 46, 45, 37, 36, 44, 43, 35, 27, 28, 29, 30, 22, 14, 15, 23, 31, 39, 47, 55]
[00:00:00:02:559] ! Bidirectional. expansions: 2,691, time: 2,116 [ms], path length: 43 [edges], g_F: 22, g_B: 21, generated: {'F': 2,446, 'B': 2,438}, MM: 1, MMPER: 1.272727272727273%
[00:00:00:02:559] 
---------- SM_Grids/7x8_grid_with_random_blocks_16per_1 ----------
[00:00:00:00:039] Path of length 39 found: [0, 1, 9, 8, 16, 17, 25, 26, 18, 10, 11, 19, 27, 35, 34, 42, 43, 51, 52, 44, 36, 28, 20, 12, 13, 14, 22, 21, 29, 37, 45, 53, 54, 46, 38, 30, 31, 39, 47, 55]
[00:00:00:00:040] ! Unidirectional s-t. expansions: 38, time: 39 [ms], path length: 39 [edges], generated: 68
[00:00:00:00:038] Path of length 39 found: [55, 47, 39, 31, 30, 22, 14, 13, 12, 11, 10, 18, 19, 27, 35, 36, 28, 20, 21, 29, 37, 38, 46, 54, 53, 45, 44, 52, 51, 43, 42, 34, 26, 25, 17, 16, 8, 9, 1, 0]
[00:00:00:00:039] ! Unidirectional t-s. expansions: 38, time: 38 [ms], path length: 39 [edges], generated: 68
[00:00:00:00:041] Path of length 39 found: [0, 1, 9, 8, 16, 17, 25, 26, 18, 10, 11, 19, 27, 35, 34, 42, 43, 51, 52, 53, 54, 46, 38, 37, 45, 44, 36, 28, 29, 21, 20, 12, 13, 14, 22, 30, 31, 39, 47, 55]
[00:00:00:00:421] ! Bidirectional. expansions: 38, time: 41 [ms], path length: 39 [edges], g_F: 20, g_B: 19, generated: {'F': 35, 'B': 39}, MM: 1, MMPER: 1.5%
[00:00:00:00:421] 
---------- SM_Grids/7x8_grid_with_random_blocks_16per_2 ----------
[00:00:00:00:874] Path of length 43 found: [0, 8, 16, 24, 32, 40, 48, 49, 50, 51, 52, 44, 43, 35, 27, 26, 34, 33, 25, 17, 9, 1, 2, 3, 11, 12, 4, 5, 13, 14, 6, 7, 15, 23, 22, 21, 20, 28, 29, 37, 38, 39, 47, 55]
[00:00:00:00:874] ! Unidirectional s-t. expansions: 1,001, time: 874 [ms], path length: 43 [edges], generated: 1,718
[00:00:00:00:394] Path of length 43 found: [55, 47, 39, 38, 37, 29, 21, 13, 14, 22, 23, 15, 7, 6, 5, 4, 3, 11, 12, 20, 28, 27, 26, 18, 17, 25, 33, 34, 35, 43, 44, 52, 51, 50, 49, 41, 40, 32, 24, 16, 8, 9, 1, 0]
[00:00:00:00:394] ! Unidirectional t-s. expansions: 428, time: 394 [ms], path length: 43 [edges], generated: 736
[00:00:00:00:975] Path of length 43 found: [0, 8, 16, 24, 32, 40, 48, 49, 50, 51, 52, 44, 43, 35, 27, 26, 34, 33, 25, 17, 9, 1, 2, 3, 11, 12, 4, 5, 6, 7, 15, 23, 22, 14, 13, 21, 20, 28, 29, 37, 38, 39, 47, 55]
[00:00:00:01:386] ! Bidirectional. expansions: 1,151, time: 975 [ms], path length: 43 [edges], g_F: 22, g_B: 21, generated: {'F': 951, 'B': 1,029}, MM: 1, MMPER: 1.272727272727273%
[00:00:00:01:387] 
---------- SM_Grids/7x8_grid_with_random_blocks_16per_3 ----------
[00:00:00:04:246] Path of length 43 found: [0, 1, 9, 17, 16, 24, 32, 40, 48, 49, 41, 33, 34, 42, 50, 51, 43, 44, 52, 53, 45, 46, 38, 30, 22, 21, 29, 28, 27, 19, 18, 10, 2, 3, 11, 12, 13, 14, 15, 23, 31, 39, 47, 55]
[00:00:00:04:246] ! Unidirectional s-t. expansions: 4,450, time: 4,246 [ms], path length: 43 [edges], generated: 7,934
[00:00:00:04:966] Path of length 43 found: [55, 47, 39, 31, 23, 15, 14, 13, 12, 4, 3, 2, 10, 11, 19, 27, 28, 20, 21, 29, 30, 38, 46, 45, 53, 52, 44, 43, 51, 50, 42, 34, 33, 41, 49, 48, 40, 32, 24, 16, 17, 9, 1, 0]
[00:00:00:04:966] ! Unidirectional t-s. expansions: 6,230, time: 4,966 [ms], path length: 43 [edges], generated: 10,960
[00:00:00:13:576] Path of length 43 found: [0, 1, 9, 17, 16, 24, 32, 40, 48, 49, 41, 33, 34, 42, 50, 51, 52, 53, 45, 44, 36, 28, 27, 19, 18, 10, 2, 3, 4, 12, 13, 21, 29, 30, 22, 14, 15, 23, 31, 39, 38, 46, 47, 55]
[00:00:00:13:954] ! Bidirectional. expansions: 16,009, time: 13,576 [ms], path length: 43 [edges], g_F: 22, g_B: 21, generated: {'F': 14,350, 'B': 15,753}, MM: 1, MMPER: 1.272727272727273%
[00:00:00:13:954] 
---------- SM_Grids/7x8_grid_with_random_blocks_16per_4 ----------
[00:00:00:00:040] Path of length 47 found: [0, 8, 16, 24, 32, 40, 48, 49, 41, 33, 25, 17, 9, 1, 2, 3, 11, 19, 18, 26, 34, 42, 50, 51, 43, 35, 36, 28, 20, 12, 13, 5, 6, 14, 22, 30, 31, 39, 38, 37, 45, 44, 52, 53, 54, 46, 47, 55]
[00:00:00:00:040] ! Unidirectional s-t. expansions: 46, time: 40 [ms], path length: 47 [edges], generated: 72
[00:00:00:00:040] Path of length 47 found: [55, 47, 39, 31, 30, 22, 14, 6, 5, 13, 12, 11, 3, 2, 1, 9, 17, 25, 33, 41, 42, 34, 26, 18, 19, 20, 28, 36, 35, 43, 44, 45, 37, 38, 46, 54, 53, 52, 51, 50, 49, 48, 40, 32, 24, 16, 8, 0]
[00:00:00:00:040] ! Unidirectional t-s. expansions: 46, time: 40 [ms], path length: 47 [edges], generated: 72
[00:00:00:00:041] Path of length 47 found: [0, 8, 16, 24, 32, 40, 48, 49, 41, 33, 25, 17, 9, 1, 2, 3, 11, 19, 18, 26, 34, 42, 50, 51, 52, 53, 54, 46, 38, 37, 45, 44, 43, 35, 36, 28, 20, 12, 13, 5, 6, 14, 22, 30, 31, 39, 47, 55]
[00:00:00:00:418] ! Bidirectional. expansions: 47, time: 41 [ms], path length: 47 [edges], g_F: 24, g_B: 23, generated: {'F': 40, 'B': 38}, MM: 1, MMPER: 1.0833333333333335%
[00:00:00:00:418] 
---------- SM_Grids/7x8_grid_with_random_blocks_16per_5 ----------
[00:00:00:03:686] Path of length 45 found: [0, 8, 16, 17, 9, 1, 2, 10, 18, 26, 34, 33, 32, 40, 41, 49, 50, 42, 43, 35, 27, 19, 11, 3, 4, 12, 20, 28, 29, 21, 13, 5, 6, 14, 15, 23, 31, 30, 38, 37, 45, 44, 52, 53, 54, 55]
[00:00:00:03:686] ! Unidirectional s-t. expansions: 4,091, time: 3,686 [ms], path length: 45 [edges], generated: 6,944
[00:00:00:00:597] Path of length 45 found: [55, 54, 53, 52, 44, 45, 37, 29, 30, 38, 39, 31, 23, 15, 7, 6, 14, 13, 5, 4, 3, 2, 1, 9, 10, 11, 12, 20, 28, 27, 35, 43, 42, 50, 49, 41, 40, 32, 33, 34, 26, 18, 17, 16, 8, 0]
[00:00:00:00:597] ! Unidirectional t-s. expansions: 683, time: 597 [ms], path length: 45 [edges], generated: 1,220
[00:00:00:02:174] Path of length 45 found: [0, 8, 16, 17, 9, 1, 2, 10, 18, 26, 34, 33, 32, 40, 41, 49, 50, 42, 43, 35, 27, 28, 20, 19, 11, 3, 4, 5, 13, 14, 6, 7, 15, 23, 31, 39, 38, 30, 29, 37, 45, 44, 52, 53, 54, 55]
[00:00:00:02:548] ! Bidirectional. expansions: 2,634, time: 2,174 [ms], path length: 45 [edges], g_F: 23, g_B: 22, generated: {'F': 2,238, 'B': 2,272}, MM: 1, MMPER: 1.1739130434782608%
[00:00:00:02:548] 
---------- SM_Grids/7x8_grid_with_random_blocks_16per_6 ----------
[00:00:00:00:042] Path of length 45 found: [0, 1, 9, 17, 16, 24, 32, 33, 25, 26, 34, 35, 27, 19, 18, 10, 2, 3, 11, 12, 4, 5, 13, 14, 6, 7, 15, 23, 31, 30, 29, 21, 20, 28, 36, 44, 43, 51, 52, 53, 45, 37, 38, 46, 54, 55]
[00:00:00:00:043] ! Unidirectional s-t. expansions: 44, time: 42 [ms], path length: 45 [edges], generated: 74
[00:00:00:00:094] Path of length 45 found: [55, 54, 46, 38, 30, 31, 23, 15, 7, 6, 14, 13, 5, 4, 3, 2, 10, 18, 19, 11, 12, 20, 21, 29, 37, 45, 53, 52, 51, 43, 44, 36, 28, 27, 35, 34, 26, 25, 33, 32, 24, 16, 17, 9, 1, 0]
[00:00:00:00:094] ! Unidirectional t-s. expansions: 65, time: 94 [ms], path length: 45 [edges], generated: 113
[00:00:00:00:041] Path of length 45 found: [0, 1, 9, 17, 16, 24, 32, 33, 25, 26, 34, 35, 27, 28, 36, 44, 43, 51, 52, 53, 45, 37, 29, 21, 20, 12, 11, 19, 18, 10, 2, 3, 4, 5, 13, 14, 6, 7, 15, 23, 31, 30, 38, 46, 54, 55]
[00:00:00:00:415] ! Bidirectional. expansions: 44, time: 41 [ms], path length: 45 [edges], g_F: 23, g_B: 22, generated: {'F': 43, 'B': 40}, MM: 1, MMPER: 1.1739130434782608%
[00:00:00:00:416] 
---------- SM_Grids/7x8_grid_with_random_blocks_16per_7 ----------
[00:00:00:00:040] Path of length 47 found: [0, 1, 9, 8, 16, 17, 25, 24, 32, 40, 48, 49, 41, 33, 34, 42, 50, 51, 43, 44, 52, 53, 45, 37, 36, 28, 27, 19, 11, 3, 4, 12, 20, 21, 13, 14, 6, 7, 15, 23, 22, 30, 38, 39, 47, 46, 54, 55]
[00:00:00:00:040] ! Unidirectional s-t. expansions: 46, time: 40 [ms], path length: 47 [edges], generated: 70
[00:00:00:00:040] Path of length 47 found: [55, 47, 39, 38, 30, 22, 23, 15, 7, 6, 14, 13, 21, 20, 12, 4, 3, 11, 19, 27, 28, 36, 37, 45, 46, 54, 53, 52, 44, 43, 51, 50, 42, 34, 33, 41, 49, 48, 40, 32, 24, 25, 17, 16, 8, 9, 1, 0]
[00:00:00:00:040] ! Unidirectional t-s. expansions: 46, time: 40 [ms], path length: 47 [edges], generated: 70
[00:00:00:00:040] Path of length 47 found: [0, 1, 9, 8, 16, 17, 25, 24, 32, 40, 48, 49, 41, 33, 34, 42, 50, 51, 43, 44, 52, 53, 54, 46, 45, 37, 36, 28, 27, 19, 11, 3, 4, 12, 20, 21, 13, 14, 6, 7, 15, 23, 22, 30, 38, 39, 47, 55]
[00:00:00:00:415] ! Bidirectional. expansions: 46, time: 40 [ms], path length: 47 [edges], g_F: 24, g_B: 23, generated: {'F': 37, 'B': 35}, MM: 1, MMPER: 1.0833333333333335%
[00:00:00:00:415] 
---------- SM_Grids/7x8_grid_with_random_blocks_16per_8 ----------
[00:00:00:03:075] Path of length 43 found: [0, 8, 16, 17, 9, 10, 2, 3, 4, 12, 20, 19, 18, 26, 25, 33, 32, 40, 41, 42, 50, 51, 43, 35, 36, 28, 29, 21, 13, 5, 6, 7, 15, 23, 31, 30, 38, 37, 45, 53, 54, 46, 47, 55]
[00:00:00:03:075] ! Unidirectional s-t. expansions: 3,656, time: 3,075 [ms], path length: 43 [edges], generated: 6,420
[00:00:00:06:900] Path of length 43 found: [55, 47, 39, 31, 23, 15, 7, 6, 5, 4, 3, 2, 10, 18, 19, 20, 12, 13, 21, 29, 28, 36, 37, 38, 46, 54, 53, 45, 44, 43, 51, 50, 42, 41, 40, 32, 33, 34, 26, 25, 17, 9, 8, 0]
[00:00:00:06:900] ! Unidirectional t-s. expansions: 8,442, time: 6,900 [ms], path length: 43 [edges], generated: 13,969
[00:00:00:07:834] Path of length 43 found: [0, 8, 16, 17, 9, 10, 2, 3, 4, 12, 20, 19, 18, 26, 25, 33, 32, 40, 41, 42, 34, 35, 43, 44, 45, 53, 54, 46, 38, 37, 36, 28, 29, 21, 13, 5, 6, 7, 15, 23, 31, 39, 47, 55]
[00:00:00:08:239] ! Bidirectional. expansions: 10,141, time: 7,834 [ms], path length: 43 [edges], g_F: 22, g_B: 21, generated: {'F': 8,804, 'B': 8,984}, MM: 1, MMPER: 1.272727272727273%
[00:00:00:08:240] 
---------- SM_Grids/7x8_grid_with_random_blocks_16per_9 ----------
[00:00:00:00:270] Path of length 45 found: [0, 8, 16, 24, 25, 17, 9, 1, 2, 10, 18, 19, 20, 28, 27, 26, 34, 35, 43, 42, 41, 49, 50, 51, 52, 44, 45, 37, 38, 30, 22, 14, 13, 12, 4, 5, 6, 7, 15, 23, 31, 39, 47, 46, 54, 55]
[00:00:00:00:270] ! Unidirectional s-t. expansions: 263, time: 270 [ms], path length: 45 [edges], generated: 443
[00:00:00:00:303] Path of length 45 found: [55, 54, 46, 47, 39, 31, 23, 15, 7, 6, 5, 4, 3, 2, 10, 18, 19, 27, 28, 20, 12, 13, 14, 22, 30, 38, 37, 45, 44, 52, 51, 50, 49, 41, 42, 43, 35, 34, 26, 25, 24, 16, 17, 9, 1, 0]
[00:00:00:00:304] ! Unidirectional t-s. expansions: 392, time: 304 [ms], path length: 45 [edges], generated: 622
[00:00:00:00:433] Path of length 45 found: [0, 8, 16, 24, 25, 17, 18, 10, 9, 1, 2, 3, 4, 5, 6, 7, 15, 23, 22, 14, 13, 12, 20, 19, 27, 26, 34, 35, 43, 42, 41, 49, 50, 51, 52, 44, 45, 37, 38, 30, 31, 39, 47, 46, 54, 55]
[00:00:00:00:811] ! Bidirectional. expansions: 510, time: 433 [ms], path length: 45 [edges], g_F: 23, g_B: 22, generated: {'F': 441, 'B': 399}, MM: 1, MMPER: 1.1739130434782608%
[00:00:00:00:812] average expansions: (1,464, 2,639, 3,331, 0)
[00:00:00:00:812] average time: (1,307, 2,141, 2,727, 0)
[00:00:00:00:812] XIDA: 1,464 , 1,307 (expansions , time[ms])
[00:00:00:00:812] BiXIDA: 3,331 , 2,727 (expansions , time[ms])

