--------------------------
date: SM_Grids
number_of_graphs: 10
graph_type: grid
size_of_graphs: [8, 8]
heuristic: bcc_heuristic
snake: False
run_uni: True
run_bi: True
run_multi: False
solution_vertices: []
algorithms: ['IDA']
lookahead: -1
bsd: False
cube_first_dims: 4
cube_buffer_dim: None
backward_sym_generation: False
sym_coil: False
prefix_set: None

---------- SM_Grids/8x8_grid_with_random_blocks_12per_0 ----------
[00:00:00:13:426] Path of length 52 found: [0, 8, 16, 24, 25, 17, 9, 1, 2, 10, 18, 26, 34, 33, 41, 40, 48, 56, 57, 58, 50, 42, 43, 35, 27, 19, 11, 3, 4, 12, 20, 21, 13, 14, 22, 30, 31, 39, 47, 55, 54, 53, 45, 37, 36, 44, 52, 51, 59, 60, 61, 62, 63]
[00:00:00:13:426] ! Unidirectional s-t. expansions: 14,676, time: 13,426 [ms], path length: 52 [edges], generated: 24,058
[00:00:00:18:426] Path of length 52 found: [63, 55, 47, 39, 31, 30, 22, 14, 13, 21, 20, 12, 4, 3, 2, 10, 11, 19, 18, 26, 34, 42, 50, 51, 43, 35, 27, 28, 36, 37, 45, 44, 52, 53, 54, 62, 61, 60, 59, 58, 57, 56, 48, 40, 41, 33, 25, 24, 16, 17, 9, 1, 0]
[00:00:00:18:426] ! Unidirectional t-s. expansions: 24,333, time: 18,426 [ms], path length: 52 [edges], generated: 38,100
[00:00:00:16:086] Path of length 52 found: [0, 8, 16, 24, 25, 17, 9, 1, 2, 10, 18, 26, 34, 33, 41, 40, 48, 56, 57, 58, 59, 60, 61, 62, 54, 53, 45, 44, 52, 51, 50, 42, 43, 35, 36, 28, 27, 19, 11, 3, 4, 12, 20, 21, 13, 14, 22, 30, 31, 39, 47, 55, 63]
[00:00:00:16:532] ! Bidirectional. expansions: 16,900, time: 16,086 [ms], path length: 52 [edges], g_F: 27, g_B: 25, generated: {'F': 15,448, 'B': 15,561}, MM: 2, MMPER: 2.7735849056603774%
[00:00:00:16:533] 
---------- SM_Grids/8x8_grid_with_random_blocks_12per_1 ----------
[00:00:00:01:592] Path of length 52 found: [0, 8, 16, 24, 32, 33, 25, 17, 9, 1, 2, 10, 11, 3, 4, 12, 13, 5, 6, 7, 15, 14, 22, 21, 20, 19, 27, 26, 34, 42, 41, 49, 50, 58, 59, 51, 52, 60, 61, 53, 45, 44, 36, 28, 29, 37, 38, 39, 47, 46, 54, 62, 63]
[00:00:00:01:593] ! Unidirectional s-t. expansions: 1,684, time: 1,592 [ms], path length: 52 [edges], generated: 2,789
[00:00:00:01:068] Path of length 52 found: [63, 55, 47, 39, 38, 37, 29, 21, 22, 14, 15, 7, 6, 5, 13, 12, 4, 3, 11, 10, 2, 1, 9, 17, 25, 26, 27, 19, 20, 28, 36, 44, 52, 53, 45, 46, 54, 62, 61, 60, 59, 51, 50, 49, 41, 42, 34, 33, 32, 24, 16, 8, 0]
[00:00:00:01:068] ! Unidirectional t-s. expansions: 865, time: 1,068 [ms], path length: 52 [edges], generated: 1,493
[00:00:00:06:311] Path of length 52 found: [0, 8, 16, 24, 32, 33, 25, 17, 9, 1, 2, 10, 11, 3, 4, 12, 13, 5, 6, 7, 15, 14, 22, 21, 20, 19, 27, 26, 34, 42, 41, 49, 50, 51, 59, 60, 61, 62, 54, 46, 45, 53, 52, 44, 36, 28, 29, 37, 38, 39, 47, 55, 63]
[00:00:00:06:734] ! Bidirectional. expansions: 5,364, time: 6,311 [ms], path length: 52 [edges], g_F: 27, g_B: 25, generated: {'F': 4,628, 'B': 4,887}, MM: 2, MMPER: 2.7735849056603774%
[00:00:00:06:734] 
---------- SM_Grids/8x8_grid_with_random_blocks_12per_2 ----------
[00:00:00:26:833] Path of length 50 found: [0, 8, 16, 24, 32, 33, 25, 17, 9, 1, 2, 10, 18, 19, 27, 28, 20, 12, 11, 3, 4, 5, 13, 21, 22, 14, 15, 23, 31, 30, 29, 37, 36, 44, 43, 42, 50, 49, 57, 58, 59, 51, 52, 60, 61, 62, 54, 46, 47, 55, 63]
[00:00:00:26:833] ! Unidirectional s-t. expansions: 24,872, time: 26,833 [ms], path length: 50 [edges], generated: 44,842
[00:00:00:07:102] Path of length 50 found: [63, 55, 47, 46, 54, 62, 61, 60, 52, 44, 43, 51, 59, 58, 57, 49, 50, 42, 34, 33, 32, 24, 25, 17, 16, 8, 9, 10, 18, 19, 27, 28, 36, 37, 38, 30, 29, 21, 22, 23, 15, 14, 13, 5, 4, 12, 11, 3, 2, 1, 0]
[00:00:00:07:102] ! Unidirectional t-s. expansions: 6,831, time: 7,102 [ms], path length: 50 [edges], generated: 12,775
[00:00:00:28:555] Path of length 50 found: [0, 8, 16, 24, 32, 33, 25, 17, 9, 1, 2, 10, 18, 19, 27, 28, 20, 12, 11, 3, 4, 5, 13, 14, 15, 23, 22, 21, 29, 30, 38, 37, 36, 44, 43, 42, 50, 49, 57, 58, 59, 51, 52, 60, 61, 62, 54, 46, 47, 55, 63]
[00:00:00:28:979] ! Bidirectional. expansions: 28,196, time: 28,555 [ms], path length: 50 [edges], g_F: 26, g_B: 24, generated: {'F': 27,334, 'B': 25,730}, MM: 2, MMPER: 2.9215686274509802%
[00:00:00:28:979] 
---------- SM_Grids/8x8_grid_with_random_blocks_12per_3 ----------
[00:00:00:07:181] Path of length 54 found: [0, 8, 16, 24, 32, 33, 41, 49, 48, 56, 57, 58, 50, 51, 59, 60, 52, 44, 43, 35, 36, 37, 29, 30, 22, 14, 13, 12, 20, 19, 27, 26, 25, 17, 18, 10, 9, 1, 2, 3, 4, 5, 6, 7, 15, 23, 31, 39, 38, 46, 47, 55, 54, 62, 63]
[00:00:00:07:181] ! Unidirectional s-t. expansions: 7,276, time: 7,181 [ms], path length: 54 [edges], generated: 12,013
[00:00:00:06:212] Path of length 54 found: [63, 55, 47, 39, 31, 23, 15, 7, 6, 5, 4, 3, 2, 1, 9, 10, 18, 17, 25, 26, 27, 19, 20, 12, 13, 14, 22, 30, 29, 37, 38, 46, 54, 62, 61, 60, 52, 44, 36, 35, 43, 51, 59, 58, 57, 56, 48, 49, 41, 33, 32, 24, 16, 8, 0]
[00:00:00:06:212] ! Unidirectional t-s. expansions: 5,441, time: 6,212 [ms], path length: 54 [edges], generated: 9,107
[00:00:00:22:364] Path of length 54 found: [0, 8, 16, 24, 32, 33, 41, 49, 48, 56, 57, 58, 50, 51, 59, 60, 61, 62, 54, 46, 45, 44, 43, 35, 36, 37, 29, 30, 22, 14, 13, 12, 20, 19, 27, 26, 25, 17, 18, 10, 9, 1, 2, 3, 4, 5, 6, 7, 15, 23, 31, 39, 47, 55, 63]
[00:00:00:22:799] ! Bidirectional. expansions: 21,881, time: 22,364 [ms], path length: 54 [edges], g_F: 28, g_B: 26, generated: {'F': 18,316, 'B': 19,140}, MM: 2, MMPER: 2.6363636363636362%
[00:00:00:22:799] 
---------- SM_Grids/8x8_grid_with_random_blocks_12per_4 ----------
[00:00:00:00:148] Path of length 54 found: [0, 8, 16, 24, 25, 17, 9, 10, 18, 26, 34, 33, 41, 49, 48, 56, 57, 58, 50, 42, 43, 51, 59, 60, 52, 44, 36, 35, 27, 19, 11, 12, 4, 5, 6, 14, 13, 21, 20, 28, 29, 37, 38, 30, 22, 23, 31, 39, 47, 55, 54, 53, 61, 62, 63]
[00:00:00:00:149] ! Unidirectional s-t. expansions: 109, time: 149 [ms], path length: 54 [edges], generated: 192
[00:00:00:00:058] Path of length 54 found: [63, 55, 47, 39, 31, 23, 22, 14, 6, 5, 4, 12, 13, 21, 20, 19, 11, 10, 9, 17, 18, 26, 34, 42, 50, 51, 43, 35, 27, 28, 29, 30, 38, 37, 36, 44, 52, 53, 54, 62, 61, 60, 59, 58, 57, 56, 48, 49, 41, 33, 25, 24, 16, 8, 0]
[00:00:00:00:058] ! Unidirectional t-s. expansions: 53, time: 58 [ms], path length: 54 [edges], generated: 90
[00:00:00:00:101] Path of length 54 found: [0, 8, 16, 24, 25, 17, 9, 10, 11, 19, 18, 26, 27, 35, 34, 33, 41, 49, 48, 56, 57, 58, 50, 42, 43, 51, 59, 60, 61, 62, 54, 53, 52, 44, 36, 37, 38, 30, 29, 28, 20, 21, 13, 12, 4, 5, 6, 14, 22, 23, 31, 39, 47, 55, 63]
[00:00:00:00:527] ! Bidirectional. expansions: 84, time: 101 [ms], path length: 54 [edges], g_F: 28, g_B: 26, generated: {'F': 77, 'B': 89}, MM: 2, MMPER: 2.6363636363636362%
[00:00:00:00:527] 
---------- SM_Grids/8x8_grid_with_random_blocks_12per_5 ----------
[00:00:00:18:711] Path of length 52 found: [0, 8, 16, 24, 32, 40, 41, 33, 25, 17, 9, 1, 2, 3, 11, 19, 27, 35, 34, 42, 50, 58, 59, 51, 43, 44, 52, 60, 61, 53, 45, 37, 29, 28, 20, 21, 13, 12, 4, 5, 6, 14, 15, 23, 22, 30, 31, 39, 38, 46, 47, 55, 63]
[00:00:00:18:711] ! Unidirectional s-t. expansions: 17,701, time: 18,711 [ms], path length: 52 [edges], generated: 31,438
[00:00:00:08:685] Path of length 52 found: [63, 55, 47, 39, 31, 23, 15, 14, 6, 5, 4, 3, 2, 1, 9, 17, 18, 19, 27, 28, 20, 12, 13, 21, 22, 30, 29, 37, 38, 46, 45, 44, 52, 53, 61, 60, 59, 58, 50, 51, 43, 35, 34, 42, 41, 40, 32, 33, 25, 24, 16, 8, 0]
[00:00:00:08:686] ! Unidirectional t-s. expansions: 9,328, time: 8,685 [ms], path length: 52 [edges], generated: 15,629
[00:00:00:08:619] Path of length 52 found: [0, 8, 16, 24, 25, 33, 32, 40, 41, 42, 34, 35, 27, 28, 20, 12, 11, 19, 18, 17, 9, 1, 2, 3, 4, 5, 13, 14, 15, 23, 31, 39, 47, 46, 38, 30, 22, 21, 29, 37, 45, 44, 43, 51, 50, 58, 59, 60, 52, 53, 61, 62, 63]
[00:00:00:09:078] ! Bidirectional. expansions: 8,359, time: 8,619 [ms], path length: 52 [edges], g_F: 27, g_B: 25, generated: {'F': 7,674, 'B': 7,915}, MM: 2, MMPER: 2.7735849056603774%
[00:00:00:09:078] 
---------- SM_Grids/8x8_grid_with_random_blocks_12per_6 ----------
[00:00:00:26:393] Path of length 52 found: [0, 8, 16, 24, 32, 40, 48, 49, 41, 42, 50, 51, 59, 60, 61, 53, 45, 44, 43, 35, 34, 26, 25, 17, 9, 1, 2, 10, 18, 19, 27, 28, 20, 12, 11, 3, 4, 5, 13, 14, 6, 7, 15, 23, 22, 21, 29, 37, 38, 46, 54, 62, 63]
[00:00:00:26:393] ! Unidirectional s-t. expansions: 31,333, time: 26,393 [ms], path length: 52 [edges], generated: 50,585
[00:00:00:21:077] Path of length 52 found: [63, 62, 54, 46, 38, 37, 29, 21, 13, 14, 22, 23, 15, 7, 6, 5, 4, 3, 2, 1, 9, 17, 25, 26, 18, 10, 11, 12, 20, 19, 27, 28, 36, 35, 34, 42, 43, 44, 45, 53, 61, 60, 59, 51, 50, 49, 41, 40, 32, 24, 16, 8, 0]
[00:00:00:21:077] ! Unidirectional t-s. expansions: 24,863, time: 21,077 [ms], path length: 52 [edges], generated: 41,690
[00:00:00:35:118] Path of length 52 found: [0, 8, 16, 17, 9, 1, 2, 3, 4, 5, 6, 7, 15, 23, 22, 14, 13, 12, 11, 10, 18, 26, 25, 24, 32, 40, 48, 49, 50, 51, 59, 60, 61, 53, 45, 44, 43, 42, 34, 35, 36, 28, 27, 19, 20, 21, 29, 37, 38, 46, 54, 62, 63]
[00:00:00:35:533] ! Bidirectional. expansions: 36,697, time: 35,118 [ms], path length: 52 [edges], g_F: 27, g_B: 25, generated: {'F': 33,475, 'B': 34,685}, MM: 2, MMPER: 2.7735849056603774%
[00:00:00:35:533] 
---------- SM_Grids/8x8_grid_with_random_blocks_12per_7 ----------
[00:00:01:41:395] Valid states checked so far: 200,000, Expansions: 114,569, Global best: 53
[00:00:03:17:405] Valid states checked so far: 400,000, Expansions: 230,371, Global best: 53
[00:00:04:23:513] Path of length 52 found: [0, 8, 16, 24, 32, 40, 48, 56, 57, 58, 59, 60, 61, 53, 52, 44, 45, 37, 36, 28, 27, 26, 34, 35, 43, 42, 41, 33, 25, 17, 9, 10, 18, 19, 20, 12, 13, 5, 6, 7, 15, 14, 22, 23, 31, 30, 38, 39, 47, 46, 54, 62, 63]
[00:00:04:23:513] ! Unidirectional s-t. expansions: 309,131, time: 263,513 [ms], path length: 52 [edges], generated: 533,155
[00:00:01:48:421] Valid states checked so far: 200,000, Expansions: 119,046, Global best: 41
[00:00:03:32:064] Valid states checked so far: 400,000, Expansions: 237,373, Global best: 41
[00:00:04:08:664] Path of length 52 found: [63, 55, 47, 39, 31, 23, 15, 7, 6, 5, 13, 12, 20, 21, 22, 30, 38, 37, 36, 28, 27, 19, 18, 10, 9, 17, 25, 26, 34, 35, 43, 44, 52, 53, 45, 46, 54, 62, 61, 60, 59, 58, 57, 56, 48, 49, 41, 33, 32, 24, 16, 8, 0]
[00:00:04:08:665] ! Unidirectional t-s. expansions: 278,223, time: 248,664 [ms], path length: 52 [edges], generated: 471,138
[00:00:09:12:939] Path of length 52 found: [0, 8, 16, 24, 32, 40, 48, 56, 57, 58, 59, 60, 52, 44, 43, 35, 34, 42, 41, 33, 25, 17, 9, 10, 18, 26, 27, 28, 36, 37, 45, 53, 61, 62, 54, 46, 38, 30, 22, 21, 20, 12, 13, 5, 6, 7, 15, 23, 31, 39, 47, 55, 63]
[00:00:09:13:388] ! Bidirectional. expansions: 586,162, time: 552,939 [ms], path length: 52 [edges], g_F: 27, g_B: 25, generated: {'F': 518,704, 'B': 539,085}, MM: 2, MMPER: 2.7735849056603774%
[00:00:09:13:388] 
---------- SM_Grids/8x8_grid_with_random_blocks_12per_8 ----------
[00:00:00:07:499] Path of length 54 found: [0, 8, 16, 24, 32, 33, 41, 49, 48, 56, 57, 58, 59, 60, 52, 53, 45, 37, 29, 21, 13, 12, 20, 19, 27, 28, 36, 44, 43, 35, 34, 26, 25, 17, 18, 10, 9, 1, 2, 3, 4, 5, 6, 7, 15, 14, 22, 23, 31, 30, 38, 46, 47, 55, 63]
[00:00:00:07:501] ! Unidirectional s-t. expansions: 8,474, time: 7,499 [ms], path length: 54 [edges], generated: 13,953
[00:00:00:05:273] Path of length 54 found: [63, 55, 47, 39, 31, 23, 15, 7, 6, 5, 4, 3, 2, 1, 9, 10, 18, 17, 25, 26, 34, 35, 43, 44, 36, 28, 27, 19, 20, 12, 13, 14, 22, 21, 29, 30, 38, 37, 45, 53, 52, 60, 59, 58, 57, 56, 48, 49, 41, 33, 32, 24, 16, 8, 0]
[00:00:00:05:274] ! Unidirectional t-s. expansions: 5,465, time: 5,273 [ms], path length: 54 [edges], generated: 9,514
[00:00:00:07:655] Path of length 54 found: [0, 8, 16, 17, 25, 24, 32, 33, 41, 49, 48, 56, 57, 58, 59, 60, 52, 53, 45, 46, 38, 37, 29, 30, 22, 14, 13, 12, 20, 19, 27, 28, 36, 44, 43, 35, 34, 26, 18, 10, 9, 1, 2, 3, 4, 5, 6, 7, 15, 23, 31, 39, 47, 55, 63]
[00:00:00:08:097] ! Bidirectional. expansions: 7,757, time: 7,655 [ms], path length: 54 [edges], g_F: 28, g_B: 26, generated: {'F': 6,898, 'B': 7,148}, MM: 2, MMPER: 2.6363636363636362%
[00:00:00:08:097] 
---------- SM_Grids/8x8_grid_with_random_blocks_12per_9 ----------
[00:00:01:45:108] Valid states checked so far: 200,000, Expansions: 117,370, Global best: 43
[00:00:01:51:870] Path of length 52 found: [0, 8, 9, 1, 2, 10, 18, 26, 25, 24, 32, 40, 48, 56, 57, 49, 41, 33, 34, 35, 43, 51, 50, 58, 59, 60, 52, 53, 45, 37, 36, 28, 27, 19, 11, 12, 20, 21, 13, 5, 6, 7, 15, 23, 31, 30, 38, 46, 47, 55, 54, 62, 63]
[00:00:01:51:871] ! Unidirectional s-t. expansions: 124,817, time: 111,870 [ms], path length: 52 [edges], generated: 212,749
[00:00:01:52:107] Valid states checked so far: 200,000, Expansions: 115,954, Global best: 0
[00:00:03:11:261] Path of length 52 found: [63, 55, 47, 46, 38, 30, 31, 23, 15, 7, 6, 5, 4, 12, 13, 21, 20, 19, 11, 10, 18, 26, 25, 33, 34, 35, 27, 28, 36, 37, 45, 53, 54, 62, 61, 60, 52, 51, 59, 58, 50, 49, 57, 56, 48, 40, 32, 24, 16, 8, 9, 1, 0]
[00:00:03:11:261] ! Unidirectional t-s. expansions: 202,704, time: 191,261 [ms], path length: 52 [edges], generated: 347,584
[00:00:03:46:013] Path of length 52 found: [0, 8, 9, 1, 2, 10, 18, 26, 27, 19, 20, 28, 36, 35, 34, 33, 25, 24, 32, 40, 41, 49, 48, 56, 57, 58, 50, 51, 52, 60, 61, 62, 54, 53, 45, 37, 29, 21, 13, 12, 4, 5, 6, 7, 15, 23, 31, 30, 38, 46, 47, 55, 63]
[00:00:03:46:440] ! Bidirectional. expansions: 255,606, time: 226,013 [ms], path length: 52 [edges], g_F: 27, g_B: 25, generated: {'F': 236,268, 'B': 223,908}, MM: 2, MMPER: 2.7735849056603774%
[00:00:03:46:440] average expansions: (54,007, 55,811, 96,701, 0)
[00:00:03:46:440] average time: (47,717, 50,783, 90,376, 0)
[00:00:03:46:440] XIDA: 54,007 , 47,717 (expansions , time[ms])
[00:00:03:46:440] BiXIDA: 96,701 , 90,376 (expansions , time[ms])

