--------------------------
date: SM_Grids
number_of_graphs: 10
graph_type: grid
size_of_graphs: [8, 8]
heuristic: bcc_heuristic
snake: False
run_uni: True
run_bi: True
run_multi: False
solution_vertices: []
algorithms: ['A']
lookahead: -1
bsd: False
cube_first_dims: 4
cube_buffer_dim: None
backward_sym_generation: False
sym_coil: False
prefix_set: None

---------- SM_Grids/8x8_grid_with_random_blocks_12per_0 ----------
[00:00:00:11:163] Expansion 10,000: state None, f=53, g=31
[00:00:00:16:444] Path of length 52 found: [0, 1, 2, 10, 18, 17, 9, 8, 16, 24, 25, 26, 27, 35, 43, 44, 52, 51, 50, 42, 34, 33, 41, 40, 48, 56, 57, 58, 59, 60, 61, 62, 54, 53, 45, 37, 36, 28, 20, 19, 11, 3, 4, 12, 13, 21, 22, 30, 31, 39, 47, 55, 63]
[00:00:00:16:445] ! Unidirectional s-t. expansions: 14,633, time: 16,444 [ms], path length: 52 [edges], generated: 23,981
[00:00:00:09:595] Expansion 10,000: state None, f=53, g=40
[00:00:00:18:784] Expansion 20,000: state None, f=53, g=28
[00:00:00:23:315] Path of length 52 found: [63, 62, 61, 60, 59, 58, 57, 56, 48, 40, 41, 42, 50, 51, 52, 53, 54, 55, 47, 39, 31, 30, 22, 14, 13, 21, 20, 28, 36, 37, 45, 44, 43, 35, 34, 33, 25, 24, 16, 17, 18, 26, 27, 19, 11, 12, 4, 3, 2, 10, 9, 1, 0]
[00:00:00:23:316] ! Unidirectional t-s. expansions: 24,319, time: 23,315 [ms], path length: 52 [edges], generated: 38,073
[00:00:00:10:126] Expansion 10,000: F [0, 8, 9, 1, 2, 3, 4, 12, 11, 10], B [63, 62, 61, 60, 59, 51, 43, 42, 50], f=53, g=17
[00:00:00:16:281] Path of length 52 found: [0, 8, 16, 24, 25, 33, 41, 40, 48, 56, 57, 58, 59, 60, 61, 62, 54, 53, 52, 51, 50, 42, 34, 26, 18, 17, 9, 1, 2, 3, 4, 12, 11, 19, 27, 35, 43, 44, 45, 37, 36, 28, 20, 21, 13, 14, 22, 30, 31, 39, 47, 55, 63]
[00:00:00:16:752] ! Bidirectional. expansions: 16,848, time: 16,281 [ms], path length: 52 [edges], g_F: 27, g_B: 25, generated: {'F': 15,400, 'B': 15,506}, MM: 2, MMPER: 2.7735849056603774%
[00:00:00:16:752] 
---------- SM_Grids/8x8_grid_with_random_blocks_12per_1 ----------
[00:00:00:02:047] Path of length 52 found: [0, 1, 2, 10, 11, 3, 4, 5, 6, 7, 15, 14, 22, 21, 13, 12, 20, 19, 27, 26, 25, 17, 9, 8, 16, 24, 32, 33, 34, 42, 41, 49, 50, 58, 59, 51, 52, 60, 61, 53, 45, 44, 36, 28, 29, 37, 38, 39, 47, 46, 54, 62, 63]
[00:00:00:02:049] ! Unidirectional s-t. expansions: 1,634, time: 2,047 [ms], path length: 52 [edges], generated: 2,704
[00:00:00:01:298] Path of length 52 found: [63, 62, 61, 53, 54, 55, 47, 39, 38, 46, 45, 37, 29, 21, 22, 14, 15, 7, 6, 5, 13, 12, 4, 3, 11, 10, 2, 1, 9, 17, 25, 26, 27, 19, 20, 28, 36, 44, 52, 60, 59, 51, 50, 49, 41, 42, 34, 33, 32, 24, 16, 8, 0]
[00:00:00:01:300] ! Unidirectional t-s. expansions: 728, time: 1,299 [ms], path length: 52 [edges], generated: 1,265
[00:00:00:05:872] Path of length 52 found: [0, 8, 16, 24, 32, 33, 25, 17, 9, 1, 2, 10, 11, 3, 4, 12, 13, 5, 6, 7, 15, 14, 22, 21, 29, 37, 38, 39, 47, 55, 54, 53, 45, 44, 36, 28, 20, 19, 27, 26, 34, 42, 41, 49, 50, 58, 59, 51, 52, 60, 61, 62, 63]
[00:00:00:06:318] ! Bidirectional. expansions: 5,269, time: 5,872 [ms], path length: 52 [edges], g_F: 27, g_B: 25, generated: {'F': 4,544, 'B': 4,802}, MM: 2, MMPER: 2.7735849056603774%
[00:00:00:06:318] 
---------- SM_Grids/8x8_grid_with_random_blocks_12per_2 ----------
[00:00:00:13:660] Expansion 10,000: state None, f=51, g=16
[00:00:00:19:448] Path of length 50 found: [0, 1, 2, 3, 11, 12, 4, 5, 13, 14, 15, 23, 31, 30, 22, 21, 20, 28, 27, 19, 18, 10, 9, 8, 16, 17, 25, 24, 32, 33, 34, 42, 50, 49, 57, 58, 59, 60, 52, 51, 43, 44, 36, 37, 45, 46, 47, 55, 54, 62, 63]
[00:00:00:19:450] ! Unidirectional s-t. expansions: 13,348, time: 19,448 [ms], path length: 50 [edges], generated: 24,082
[00:00:00:08:400] Path of length 50 found: [63, 62, 54, 55, 47, 46, 38, 30, 31, 23, 15, 14, 22, 21, 20, 12, 13, 5, 4, 3, 11, 10, 2, 1, 9, 17, 18, 19, 27, 28, 29, 37, 45, 44, 52, 60, 59, 58, 57, 49, 50, 51, 43, 42, 34, 33, 25, 24, 16, 8, 0]
[00:00:00:08:401] ! Unidirectional t-s. expansions: 5,212, time: 8,400 [ms], path length: 50 [edges], generated: 9,694
[00:00:00:09:109] Expansion 10,000: F [0, 1, 2, 3, 4, 5, 13, 12, 11, 10, 9, 8, 16, 24, 32, 33, 25, 17], B [63, 55, 54, 62, 61, 60, 59, 58, 57, 49, 50, 42, 43, 51, 52, 44, 45, 46], f=51, g=34
[00:00:00:17:741] Expansion 20,000: F [0, 1, 2, 3, 11, 12, 13, 14, 15, 23, 31, 30], B [63, 55, 47, 46, 54, 62, 61, 60, 52, 51, 59, 58], f=51, g=22
[00:00:00:21:039] Path of length 50 found: [0, 1, 9, 8, 16, 17, 25, 24, 32, 33, 34, 42, 50, 49, 57, 58, 59, 60, 52, 51, 43, 44, 45, 37, 29, 28, 27, 19, 18, 10, 2, 3, 11, 12, 4, 5, 13, 21, 22, 14, 15, 23, 31, 30, 38, 46, 47, 55, 54, 62, 63]
[00:00:00:21:514] ! Bidirectional. expansions: 22,759, time: 21,039 [ms], path length: 50 [edges], g_F: 26, g_B: 24, generated: {'F': 21,944, 'B': 20,858}, MM: 2, MMPER: 2.9215686274509802%
[00:00:00:21:515] 
---------- SM_Grids/8x8_grid_with_random_blocks_12per_3 ----------
[00:00:00:06:392] Path of length 54 found: [0, 1, 2, 3, 4, 5, 6, 7, 15, 23, 22, 14, 13, 12, 20, 19, 27, 26, 25, 17, 18, 10, 9, 8, 16, 24, 32, 33, 41, 49, 48, 56, 57, 58, 50, 51, 59, 60, 61, 62, 54, 46, 45, 44, 43, 35, 36, 37, 29, 30, 38, 39, 47, 55, 63]
[00:00:00:06:395] ! Unidirectional s-t. expansions: 4,632, time: 6,393 [ms], path length: 54 [edges], generated: 7,669
[00:00:00:07:419] Path of length 54 found: [63, 55, 47, 39, 31, 23, 15, 7, 6, 5, 4, 3, 2, 1, 9, 10, 18, 17, 25, 26, 27, 19, 20, 12, 13, 14, 22, 30, 29, 37, 38, 46, 54, 62, 61, 60, 52, 44, 36, 35, 43, 51, 59, 58, 57, 56, 48, 49, 41, 33, 32, 24, 16, 8, 0]
[00:00:00:07:420] ! Unidirectional t-s. expansions: 4,750, time: 7,419 [ms], path length: 54 [edges], generated: 7,986
[00:00:00:08:457] Expansion 10,000: F [0, 1, 2, 3, 4, 5, 6, 7, 15, 14, 13, 12, 20, 19, 18, 10, 9, 8], B [63, 55, 47, 39, 31, 23, 22, 30, 38, 37, 45, 46, 54, 62, 61, 60, 52], f=55, g=33
[00:00:00:18:318] Path of length 54 found: [0, 8, 16, 17, 18, 10, 9, 1, 2, 3, 4, 5, 13, 12, 20, 19, 27, 26, 25, 24, 32, 33, 41, 49, 48, 56, 57, 58, 50, 51, 43, 35, 36, 37, 29, 30, 22, 14, 6, 7, 15, 23, 31, 39, 47, 46, 45, 44, 52, 60, 61, 62, 54, 55, 63]
[00:00:00:18:800] ! Bidirectional. expansions: 19,418, time: 18,318 [ms], path length: 54 [edges], g_F: 28, g_B: 26, generated: {'F': 16,299, 'B': 16,835}, MM: 2, MMPER: 2.6363636363636362%
[00:00:00:18:800] 
---------- SM_Grids/8x8_grid_with_random_blocks_12per_4 ----------
[00:00:00:00:140] Path of length 54 found: [0, 8, 16, 24, 25, 17, 9, 10, 18, 26, 34, 33, 41, 49, 48, 56, 57, 58, 50, 42, 43, 51, 59, 60, 52, 44, 36, 35, 27, 19, 11, 12, 4, 5, 6, 14, 13, 21, 20, 28, 29, 37, 38, 30, 22, 23, 31, 39, 47, 55, 54, 53, 61, 62, 63]
[00:00:00:00:141] ! Unidirectional s-t. expansions: 111, time: 141 [ms], path length: 54 [edges], generated: 193
[00:00:00:00:076] Path of length 54 found: [63, 55, 47, 39, 31, 23, 22, 14, 6, 5, 4, 12, 13, 21, 20, 19, 11, 10, 9, 17, 18, 26, 34, 42, 50, 51, 43, 35, 27, 28, 29, 30, 38, 37, 36, 44, 52, 53, 54, 62, 61, 60, 59, 58, 57, 56, 48, 49, 41, 33, 25, 24, 16, 8, 0]
[00:00:00:00:076] ! Unidirectional t-s. expansions: 55, time: 76 [ms], path length: 54 [edges], generated: 91
[00:00:00:00:103] Path of length 54 found: [0, 8, 16, 24, 25, 17, 9, 10, 11, 19, 18, 26, 27, 35, 34, 33, 41, 49, 48, 56, 57, 58, 50, 42, 43, 51, 59, 60, 61, 62, 54, 53, 52, 44, 36, 37, 38, 30, 29, 28, 20, 21, 13, 12, 4, 5, 6, 14, 22, 23, 31, 39, 47, 55, 63]
[00:00:00:00:548] ! Bidirectional. expansions: 85, time: 103 [ms], path length: 54 [edges], g_F: 28, g_B: 26, generated: {'F': 77, 'B': 89}, MM: 2, MMPER: 2.6363636363636362%
[00:00:00:00:549] 
---------- SM_Grids/8x8_grid_with_random_blocks_12per_5 ----------
[00:00:00:13:834] Expansion 10,000: state None, f=53, g=16
[00:00:00:20:996] Path of length 52 found: [0, 1, 2, 3, 4, 5, 6, 14, 15, 23, 22, 30, 31, 39, 38, 37, 29, 28, 20, 21, 13, 12, 11, 19, 18, 17, 9, 8, 16, 24, 25, 33, 32, 40, 41, 42, 34, 35, 43, 44, 52, 51, 50, 58, 59, 60, 61, 53, 45, 46, 47, 55, 63]
[00:00:00:20:999] ! Unidirectional s-t. expansions: 15,333, time: 20,998 [ms], path length: 52 [edges], generated: 27,174
[00:00:00:12:048] Path of length 52 found: [63, 55, 47, 46, 45, 53, 61, 60, 59, 58, 50, 51, 52, 44, 43, 35, 34, 42, 41, 40, 32, 33, 25, 24, 16, 8, 9, 17, 18, 19, 27, 28, 29, 37, 38, 39, 31, 30, 22, 23, 15, 14, 6, 5, 13, 21, 20, 12, 4, 3, 2, 1, 0]
[00:00:00:12:050] ! Unidirectional t-s. expansions: 9,235, time: 12,049 [ms], path length: 52 [edges], generated: 15,465
[00:00:00:08:756] Path of length 52 found: [0, 8, 16, 24, 25, 33, 32, 40, 41, 42, 34, 35, 27, 28, 20, 12, 11, 19, 18, 17, 9, 1, 2, 3, 4, 5, 13, 14, 15, 23, 31, 39, 47, 46, 38, 30, 22, 21, 29, 37, 45, 44, 43, 51, 50, 58, 59, 60, 52, 53, 61, 62, 63]
[00:00:00:09:209] ! Bidirectional. expansions: 8,356, time: 8,756 [ms], path length: 52 [edges], g_F: 27, g_B: 25, generated: {'F': 7,670, 'B': 7,911}, MM: 2, MMPER: 2.7735849056603774%
[00:00:00:09:209] 
---------- SM_Grids/8x8_grid_with_random_blocks_12per_6 ----------
[00:00:00:10:348] Expansion 10,000: state None, f=53, g=33
[00:00:00:20:969] Expansion 20,000: state None, f=53, g=25
[00:00:00:31:286] Expansion 30,000: state None, f=53, g=36
[00:00:00:32:613] Path of length 52 found: [0, 1, 2, 3, 4, 5, 6, 7, 15, 23, 22, 14, 13, 21, 20, 12, 11, 19, 18, 10, 9, 8, 16, 17, 25, 24, 32, 40, 48, 49, 41, 42, 50, 51, 59, 60, 61, 53, 45, 44, 43, 35, 34, 26, 27, 28, 36, 37, 38, 46, 54, 62, 63]
[00:00:00:32:615] ! Unidirectional s-t. expansions: 31,289, time: 32,614 [ms], path length: 52 [edges], generated: 50,505
[00:00:00:11:975] Expansion 10,000: state None, f=53, g=19
[00:00:00:22:623] Expansion 20,000: state None, f=53, g=33
[00:00:00:28:098] Path of length 52 found: [63, 62, 54, 46, 38, 37, 36, 28, 29, 21, 22, 23, 15, 7, 6, 14, 13, 5, 4, 3, 11, 12, 20, 19, 27, 26, 34, 35, 43, 44, 45, 53, 61, 60, 59, 51, 50, 42, 41, 49, 48, 40, 32, 24, 25, 17, 16, 8, 9, 10, 2, 1, 0]
[00:00:00:28:099] ! Unidirectional t-s. expansions: 24,819, time: 28,098 [ms], path length: 52 [edges], generated: 41,611
[00:00:00:08:686] Expansion 10,000: F [0, 8, 9, 1, 2, 10, 11, 3, 4, 5, 6, 7, 15, 23, 22, 14, 13, 12, 20, 21], B [63, 62, 54, 46, 38, 37, 36, 44, 45, 53, 61, 60, 59, 51, 43, 35, 34, 42, 50], f=53, g=37
[00:00:00:17:263] Expansion 20,000: F [0, 1, 2, 10, 9, 8, 16, 17, 25, 24, 32, 40], B [63, 62, 54, 46, 38, 37, 36, 28, 29, 21, 20, 12], f=53, g=22
[00:00:00:25:173] Expansion 30,000: F [0, 1, 2, 3, 11, 19, 27, 28], B [63, 62, 54, 53, 61, 60, 59, 51], f=53, g=14
[00:00:00:30:348] Path of length 52 found: [0, 8, 16, 17, 9, 1, 2, 3, 4, 5, 6, 7, 15, 23, 22, 14, 13, 12, 11, 10, 18, 26, 25, 24, 32, 40, 48, 49, 50, 51, 59, 60, 61, 53, 45, 44, 43, 42, 34, 35, 36, 28, 27, 19, 20, 21, 29, 37, 38, 46, 54, 62, 63]
[00:00:00:30:807] ! Bidirectional. expansions: 36,697, time: 30,348 [ms], path length: 52 [edges], g_F: 27, g_B: 25, generated: {'F': 33,473, 'B': 34,685}, MM: 2, MMPER: 2.7735849056603774%
[00:00:00:30:807] 
---------- SM_Grids/8x8_grid_with_random_blocks_12per_7 ----------
[00:00:00:16:789] Expansion 10,000: state None, f=54, g=11
[00:00:00:31:134] Expansion 20,000: state None, f=54, g=26
[00:00:00:40:044] Expansion 30,000: state None, f=53, g=36
[00:00:00:50:284] Expansion 40,000: state None, f=53, g=28
[00:00:01:00:177] Expansion 50,000: state None, f=53, g=37
[00:00:01:10:671] Expansion 60,000: state None, f=53, g=42
[00:00:01:21:391] Expansion 70,000: state None, f=53, g=33
[00:00:01:30:966] Expansion 80,000: state None, f=53, g=40
[00:00:01:41:857] Expansion 90,000: state None, f=53, g=31
[00:00:01:51:493] Expansion 100,000: state None, f=53, g=21
[00:00:02:02:641] Expansion 110,000: state None, f=53, g=39
[00:00:02:13:384] Expansion 120,000: state None, f=53, g=31
[00:00:02:23:794] Expansion 130,000: state None, f=53, g=32
[00:00:02:36:695] Path of length 52 found: [0, 8, 9, 10, 18, 19, 27, 28, 36, 35, 43, 42, 41, 33, 34, 26, 25, 17, 16, 24, 32, 40, 48, 56, 57, 58, 59, 60, 61, 53, 52, 44, 45, 37, 38, 30, 22, 21, 20, 12, 13, 5, 6, 14, 15, 23, 31, 39, 47, 46, 54, 62, 63]
[00:00:02:36:697] ! Unidirectional s-t. expansions: 137,530, time: 156,695 [ms], path length: 52 [edges], generated: 233,491
[00:00:00:12:485] Expansion 10,000: state None, f=54, g=34
[00:00:00:24:626] Expansion 20,000: state None, f=54, g=29
[00:00:00:48:152] Expansion 30,000: state None, f=54, g=18
[00:00:00:57:695] Expansion 40,000: state None, f=53, g=37
[00:00:01:08:432] Expansion 50,000: state None, f=53, g=34
[00:00:01:20:470] Expansion 60,000: state None, f=53, g=35
[00:00:01:32:712] Expansion 70,000: state None, f=53, g=42
[00:00:01:43:070] Expansion 80,000: state None, f=53, g=44
[00:00:01:55:206] Expansion 90,000: state None, f=53, g=46
[00:00:02:04:690] Expansion 100,000: state None, f=53, g=20
[00:00:02:18:300] Expansion 110,000: state None, f=53, g=26
[00:00:02:28:483] Expansion 120,000: state None, f=53, g=36
[00:00:02:38:054] Expansion 130,000: state None, f=53, g=28
[00:00:02:51:111] Expansion 140,000: state None, f=53, g=27
[00:00:03:01:691] Path of length 52 found: [63, 55, 47, 39, 31, 23, 15, 7, 6, 5, 13, 12, 20, 21, 22, 30, 38, 46, 54, 62, 61, 60, 59, 58, 57, 56, 48, 49, 41, 40, 32, 24, 16, 17, 25, 33, 34, 42, 43, 44, 52, 53, 45, 37, 36, 28, 27, 19, 18, 10, 9, 8, 0]
[00:00:03:01:693] ! Unidirectional t-s. expansions: 146,821, time: 181,691 [ms], path length: 52 [edges], generated: 245,434
[00:00:00:12:349] Expansion 10,000: F [0, 8, 16, 24, 32, 33, 25, 17, 9, 10, 18, 26, 34, 42, 41, 40], B [63, 62, 61, 53, 54, 55, 47, 46, 45, 37, 38, 39, 31, 30, 22], f=55, g=29
[00:00:00:22:093] Expansion 20,000: F [0, 8, 16, 24, 32, 33, 25, 17, 9, 10, 18, 19, 27, 26, 34, 42, 41, 40, 48], B [63, 55, 47, 39, 38, 30, 31, 23, 22, 14, 15, 7, 6, 5, 13, 21, 20, 28, 36], f=54, g=36
[00:00:00:29:869] Expansion 30,000: F [0, 8, 16, 17, 9, 10, 18, 19, 27, 35, 34, 26, 25, 24, 32, 33, 41], B [63, 55, 54, 62, 61, 53, 45, 46, 47, 39, 31, 23, 15, 14, 6, 5], f=54, g=31
[00:00:00:38:093] Expansion 40,000: F [0, 8, 16, 17, 9, 10, 18, 26, 25, 24, 32, 40, 41, 49, 48], B [63, 62, 54, 55, 47, 46, 38, 39, 31, 30, 22, 23, 15, 7, 6], f=54, g=28
[00:00:00:46:861] Expansion 50,000: F [0, 8, 16, 24, 32, 40, 41, 49, 48, 56, 57, 58, 59, 60, 52, 44, 43, 42, 34], B [63, 62, 61, 53, 54, 55, 47, 46, 45, 37, 38, 30, 31, 23, 22, 14, 15, 7, 6], f=54, g=36
[00:00:00:55:630] Expansion 60,000: F [0, 8, 16, 24, 25, 17, 9, 10, 18, 19, 20, 21, 13, 5], B [63, 62, 54, 55, 47, 46, 45, 44, 52, 53, 61, 60, 59], f=54, g=25
[00:00:01:24:056] Expansion 70,000: F [0, 8, 16, 24, 32, 33, 25, 17, 9, 10, 18, 19, 27, 26, 34, 35, 36, 28, 20, 12, 13], B [63, 62, 61, 60, 59, 58, 57, 56, 48, 40, 41, 42, 43, 44, 52, 53, 54, 55, 47, 46], f=54, g=39
[00:00:01:33:495] Expansion 80,000: F [0, 8, 9, 10, 18, 19, 20, 12, 13, 5, 6, 7, 15, 14, 22, 23], B [63, 62, 61, 53, 45, 44, 52, 60, 59, 58, 57, 56, 48, 49, 41, 40], f=54, g=30
[00:00:01:44:625] Expansion 90,000: F [0, 8, 9, 10, 18, 26, 27, 35, 34, 33, 25, 17, 16, 24, 32, 40, 48], B [63, 62, 54, 55, 47, 46, 45, 37, 38, 39, 31, 30, 22, 23, 15, 7, 6], f=54, g=32
[00:00:01:55:227] Expansion 100,000: F [0, 8, 9, 17, 16, 24, 25, 26, 18, 19, 27, 35, 34, 42], B [63, 55, 47, 46, 45, 37, 38, 39, 31, 30, 22, 23, 15, 7], f=54, g=26
[00:00:01:55:228] Expansions: 100,000. Checks - state_vs_state: 156, prefix: 179,398
[00:00:01:55:228] Expansions: 100,000. Checks - state_vs_state: 156, prefix: 179,399
[00:00:02:02:248] Expansion 110,000: F [0, 8, 16, 17, 9, 10, 18, 19, 27, 26, 25, 24, 32, 33, 34, 35, 43, 42, 41, 40, 48], B [63, 62, 54, 55, 47, 46, 45, 37, 38, 39, 31, 30, 22, 23, 15, 7, 6, 5, 13, 21, 20], f=53, g=40
[00:00:02:07:226] Expansion 120,000: F [0, 8, 16, 24, 32, 33, 25, 17, 9, 10, 18, 19, 27, 26, 34, 42, 41, 40, 48, 56], B [63, 62, 61, 53, 45, 46, 54, 55, 47, 39, 31, 23, 15, 7, 6, 5, 13, 14, 22], f=53, g=37
[00:00:02:12:338] Expansion 130,000: F [0, 8, 9, 10, 18, 17, 16, 24, 32, 33, 25, 26, 34, 35, 36, 28, 27, 19, 20, 21, 22], B [63, 62, 61, 60, 59, 58, 57, 56, 48, 49, 41, 42, 43, 44, 52, 53, 54, 55, 47, 46], f=53, g=39
[00:00:02:19:360] Expansion 140,000: F [0, 8, 16, 24, 32, 40, 41, 49, 48, 56, 57, 58, 59, 60, 52, 44, 36, 35, 43], B [63, 55, 54, 62, 61, 53, 45, 37, 38, 46, 47, 39, 31, 23, 15, 7, 6, 14], f=53, g=35
[00:00:02:24:950] Expansion 150,000: F [0, 8, 9, 10, 18, 17, 16, 24, 32, 40, 41, 49, 48, 56, 57, 58, 59, 60, 61], B [63, 62, 54, 55, 47, 46, 38, 39, 31, 23, 22, 14, 15, 7, 6, 5, 13, 12, 20], f=53, g=36
[00:00:02:30:956] Expansion 160,000: F [0, 8, 16, 24, 32, 33, 34, 26, 25, 17, 9, 10, 18, 19, 20, 12, 13, 21, 22, 14, 6], B [63, 55, 47, 46, 54, 62, 61, 53, 52, 60, 59, 58, 57, 49, 48, 40, 41, 42, 43, 35], f=53, g=39
[00:00:02:36:731] Expansion 170,000: F [0, 8, 16, 24, 25, 17, 9, 10, 18, 19, 27, 35, 36, 28, 20, 12, 13, 5, 6, 7, 15, 14, 22], B [63, 55, 47, 46, 54, 62, 61, 60, 59, 58, 57, 56, 48, 49, 41, 40, 32, 33, 34, 42, 43, 44, 52], f=53, g=44
[00:00:02:42:751] Expansion 180,000: F [0, 8, 9, 10, 18, 26, 25, 17, 16, 24, 32, 40, 48, 56, 57, 58, 59, 60], B [63, 55, 54, 62, 61, 53, 45, 37, 38, 46, 47, 39, 31, 30, 22, 14, 15, 7], f=53, g=34
[00:00:02:51:285] Expansion 190,000: F [0, 8, 9, 10, 18, 17, 16, 24, 32, 40, 48, 56, 57, 58, 59, 60, 61], B [63, 62, 54, 55, 47, 46, 38, 39, 31, 30, 22, 23, 15, 7, 6, 5, 13], f=53, g=32
[00:00:02:57:913] Expansion 200,000: F [0, 8, 16, 17, 9, 10, 18, 19, 27, 35, 43, 42, 41, 33, 34, 26, 25, 24, 32, 40, 48], B [63, 62, 54, 55, 47, 39, 31, 23, 22, 14, 15, 7, 6, 5, 13, 21, 20, 28, 36, 37], f=53, g=39
[00:00:02:57:913] Expansions: 200,000. Checks - state_vs_state: 488, prefix: 357,465
[00:00:02:57:913] Expansions: 200,000. Checks - state_vs_state: 488, prefix: 357,466
[00:00:03:04:348] Expansion 210,000: F [0, 8, 16, 17, 9, 10, 18, 19, 27, 26, 34, 35, 43, 42, 41, 33, 25, 24], B [63, 55, 47, 46, 38, 30, 31, 23, 22, 14, 15, 7, 6, 5, 13, 21, 20], f=53, g=33
[00:00:03:11:098] Expansion 220,000: F [0, 8, 16, 24, 25, 17, 9, 10, 18, 26, 27, 19, 20, 12, 13, 5, 6, 7], B [63, 55, 54, 62, 61, 60, 59, 58, 57, 56, 48, 49, 41, 40, 32, 33, 34], f=53, g=33
[00:00:03:17:499] Expansion 230,000: F [0, 8, 16, 24, 25, 17, 9, 10, 18, 26, 27, 28, 20, 12, 13, 21, 22], B [63, 62, 61, 60, 59, 58, 57, 56, 48, 49, 41, 40, 32, 33, 34, 42], f=53, g=31
[00:00:03:26:464] Expansion 240,000: F [0, 8, 16, 24, 32, 40, 41, 49, 48, 56, 57, 58, 59, 60, 52, 53, 45], B [63, 62, 54, 55, 47, 39, 31, 23, 15, 7, 6, 5, 13, 12, 20, 21, 22], f=53, g=32
[00:00:03:33:812] Expansion 250,000: F [0, 8, 16, 24, 25, 17, 9, 10, 18, 26, 34, 42, 41, 33, 32, 40, 48], B [63, 55, 47, 39, 31, 30, 22, 23, 15, 7, 6, 14, 13, 12, 20, 19], f=53, g=31
[00:00:03:41:101] Expansion 260,000: F [0, 8, 16, 17, 9, 10, 18, 19, 27, 28, 20, 21, 13, 5, 6, 7, 15], B [63, 62, 61, 53, 45, 44, 52, 60, 59, 58, 57, 56, 48, 40, 32, 24, 25], f=53, g=32
[00:00:03:48:513] Expansion 270,000: F [0, 8, 16, 24, 32, 40, 48, 56, 57, 58, 59, 60, 52, 44, 36, 28, 27, 35], B [63, 62, 61, 53, 45, 37, 38, 46, 54, 55, 47, 39, 31, 23, 15, 7, 6, 5], f=53, g=34
[00:00:03:55:827] Expansion 280,000: F [0, 8, 9, 10, 18, 19, 20, 21, 13, 5, 6, 7, 15, 14, 22, 23, 31], B [63, 55, 47, 46, 54, 62, 61, 60, 59, 58, 57, 56, 48, 40, 41, 33], f=53, g=31
[00:00:04:03:512] Expansion 290,000: F [0, 8, 9, 10, 18, 19, 27, 35, 36, 28, 20, 12, 13, 14], B [63, 62, 61, 60, 59, 58, 57, 56, 48, 49, 41, 40, 32], f=53, g=25
[00:00:04:13:670] Expansion 300,000: F [0, 8, 16, 24, 25, 17, 9, 10, 18, 26, 27, 28, 20, 21, 22, 14, 13, 5, 6, 7, 15], B [63, 62, 54, 55, 47, 46, 45, 44, 52, 53, 61, 60, 59, 58, 57, 56, 48, 49, 41, 40], f=53, g=39
[00:00:04:13:670] Expansions: 300,000. Checks - state_vs_state: 948, prefix: 536,604
[00:00:04:20:938] Expansion 310,000: F [0, 8, 16, 17, 9, 10, 18, 19, 27, 35, 43, 42, 34, 33, 25], B [63, 55, 47, 46, 45, 37, 38, 30, 31, 23, 22, 14, 15, 7, 6], f=53, g=28
[00:00:04:29:599] Expansion 320,000: F [0, 8, 16, 24, 32, 40, 41, 49, 48, 56, 57, 58, 59, 60, 52, 53, 61, 62, 54, 46, 45], B [63, 55, 47, 39, 31, 23, 15, 7, 6, 5, 13, 21, 22, 30, 38, 37, 36, 28, 20, 19], f=53, g=39
[00:00:04:37:126] Expansion 330,000: F [0, 8, 16, 17, 9, 10, 18, 19, 27, 28, 20, 21, 13, 5, 6, 7, 15, 14, 22, 23], B [63, 62, 61, 60, 59, 58, 57, 56, 48, 49, 41, 33, 32, 24, 25, 26, 34, 42, 43, 35], f=53, g=38
[00:00:04:44:592] Expansion 340,000: F [0, 8, 9, 10, 18, 19, 27, 28, 20, 21, 13, 5, 6, 7, 15, 14, 22, 23, 31], B [63, 55, 54, 62, 61, 53, 52, 60, 59, 58, 57, 49, 48, 40, 32, 24, 16, 17, 25], f=53, g=36
[00:00:04:52:011] Expansion 350,000: F [0, 8, 9, 10, 18, 19, 20, 28, 36, 35, 27, 26, 34, 33, 25], B [63, 55, 47, 39, 31, 23, 15, 7, 6, 5, 13, 14, 22, 30, 38], f=53, g=28
[00:00:05:03:807] Expansion 360,000: F [0, 8, 9, 17, 16, 24, 25, 26, 18, 19, 27, 35, 34, 33], B [63, 62, 61, 53, 54, 55, 47, 46, 45, 37, 38, 30, 31, 23], f=53, g=26
[00:00:05:11:915] Expansion 370,000: F [0, 8, 9, 10, 18, 19, 27, 28, 20, 12, 13, 5, 6], B [63, 62, 61, 60, 59, 58, 57, 56, 48, 40, 41, 33], f=53, g=23
[00:00:05:20:343] Expansion 380,000: F [0, 8, 9, 17, 16, 24, 25, 26, 18, 19, 20, 28, 27, 35, 36, 37, 38, 30, 22, 21, 13, 5, 6], B [63, 55, 54, 62, 61, 53, 52, 60, 59, 58, 57, 56, 48, 49, 41, 40, 32, 33, 34, 42, 43, 44], f=53, g=43
[00:00:05:30:470] Expansion 390,000: F [0, 8, 16, 17, 9, 10, 18, 19, 20, 28, 27, 35, 43, 42, 41, 33, 34, 26, 25, 24, 32, 40, 48], B [63, 55, 47, 39, 31, 23, 15, 7, 6, 14, 13, 21, 22, 30, 38, 37, 36, 44, 45, 46, 54, 62], f=53, g=43
[00:00:05:39:068] Expansion 400,000: F [0, 8, 9, 10, 18, 19, 20, 21, 22, 14, 13, 5, 6, 7, 15, 23, 31, 30, 38], B [63, 62, 61, 53, 52, 60, 59, 58, 57, 49, 48, 40, 32, 24, 16, 17, 25, 26, 27], f=53, g=36
[00:00:05:39:068] Expansions: 400,000. Checks - state_vs_state: 1,333, prefix: 718,603
[00:00:05:39:069] Expansions: 400,000. Checks - state_vs_state: 1,333, prefix: 718,604
[00:00:05:39:069] Expansions: 400,000. Checks - state_vs_state: 1,333, prefix: 718,605
[00:00:05:47:906] Expansion 410,000: F [0, 8, 16, 17, 9, 10, 18, 26, 27, 35, 43, 42, 34, 33, 25, 24, 32], B [63, 62, 54, 55, 47, 39, 38, 30, 31, 23, 22, 14, 15, 7, 6, 5], f=53, g=31
[00:00:05:57:877] Expansion 420,000: F [0, 8, 16, 24, 32, 40, 41, 49, 57, 58, 59, 60, 61], B [63, 62, 54, 55, 47, 39, 31, 30, 22, 23, 15, 7], f=53, g=23
[00:00:06:08:172] Expansion 430,000: F [0, 8, 9, 10, 18, 17, 25, 33, 32, 40, 48], B [63, 55, 47, 46, 54, 62, 61, 53, 45, 44], f=53, g=19
[00:00:06:23:525] Expansion 440,000: F [0, 8, 16, 24, 25, 17, 18, 19, 27, 26, 34, 42, 41], B [63, 62, 61, 53, 45, 46, 54, 55, 47, 39, 31, 23, 15], f=53, g=24
[00:00:06:34:074] Expansion 450,000: F [0, 8, 16, 24, 25, 17, 9, 10, 18, 19, 27], B [63, 62, 54, 46, 45, 44, 52, 53, 61, 60], f=53, g=19
[00:00:06:45:638] Expansion 460,000: F [0, 8, 9, 17, 25, 24, 32, 33, 34, 26, 18, 19, 27, 35], B [63, 55, 47, 39, 38, 30, 31, 23, 15, 7, 6, 5, 13], f=53, g=25
[00:00:07:03:468] Path of length 52 found: [0, 8, 16, 24, 32, 40, 41, 49, 48, 56, 57, 58, 59, 60, 52, 44, 43, 42, 34, 33, 25, 17, 9, 10, 18, 26, 27, 28, 36, 37, 38, 30, 22, 21, 20, 12, 13, 5, 6, 7, 15, 23, 31, 39, 47, 46, 45, 53, 61, 62, 54, 55, 63]
[00:00:07:04:521] ! Bidirectional. expansions: 467,157, time: 423,491 [ms], path length: 52 [edges], g_F: 27, g_B: 25, generated: {'F': 410,948, 'B': 432,468}, MM: 2, MMPER: 2.7735849056603774%
[00:00:07:04:521] 
---------- SM_Grids/8x8_grid_with_random_blocks_12per_8 ----------
[00:00:00:09:020] Path of length 54 found: [0, 1, 2, 3, 4, 5, 6, 7, 15, 23, 31, 30, 29, 21, 22, 14, 13, 12, 20, 28, 36, 44, 43, 35, 34, 26, 27, 19, 18, 10, 9, 8, 16, 17, 25, 24, 32, 33, 41, 49, 48, 56, 57, 58, 59, 60, 52, 53, 45, 37, 38, 46, 47, 55, 63]
[00:00:00:09:022] ! Unidirectional s-t. expansions: 8,426, time: 9,020 [ms], path length: 54 [edges], generated: 13,871
[00:00:00:06:550] Path of length 54 found: [63, 55, 47, 46, 45, 53, 52, 60, 59, 58, 57, 56, 48, 49, 41, 33, 32, 24, 25, 17, 16, 8, 9, 10, 18, 19, 20, 21, 22, 30, 29, 28, 27, 26, 34, 35, 43, 44, 36, 37, 38, 39, 31, 23, 15, 7, 6, 14, 13, 5, 4, 3, 2, 1, 0]
[00:00:00:06:554] ! Unidirectional t-s. expansions: 5,418, time: 6,552 [ms], path length: 54 [edges], generated: 9,433
[00:00:00:16:310] Path of length 54 found: [0, 8, 16, 17, 25, 24, 32, 33, 41, 49, 48, 56, 57, 58, 59, 60, 52, 53, 45, 46, 38, 37, 29, 30, 22, 14, 13, 12, 20, 19, 27, 28, 36, 44, 43, 35, 34, 26, 18, 10, 9, 1, 2, 3, 4, 5, 6, 7, 15, 23, 31, 39, 47, 55, 63]
[00:00:00:17:079] ! Bidirectional. expansions: 7,757, time: 16,310 [ms], path length: 54 [edges], g_F: 28, g_B: 26, generated: {'F': 6,896, 'B': 7,148}, MM: 2, MMPER: 2.6363636363636362%
[00:00:00:17:079] 
---------- SM_Grids/8x8_grid_with_random_blocks_12per_9 ----------
[00:00:00:14:996] Expansion 10,000: state None, f=54, g=27
[00:00:00:25:939] Expansion 20,000: state None, f=53, g=36
[00:00:00:34:095] Expansion 30,000: state None, f=53, g=40
[00:00:00:43:343] Expansion 40,000: state None, f=53, g=29
[00:00:00:53:318] Expansion 50,000: state None, f=53, g=39
[00:00:01:03:879] Expansion 60,000: state None, f=53, g=42
[00:00:01:14:688] Expansion 70,000: state None, f=53, g=36
[00:00:01:25:612] Expansion 80,000: state None, f=53, g=17
[00:00:01:37:172] Path of length 52 found: [0, 1, 2, 10, 9, 8, 16, 24, 32, 40, 48, 56, 57, 58, 50, 49, 41, 33, 25, 26, 18, 19, 11, 12, 4, 5, 6, 7, 15, 23, 31, 30, 38, 46, 47, 55, 54, 53, 45, 37, 29, 21, 20, 28, 27, 35, 43, 51, 59, 60, 61, 62, 63]
[00:00:01:37:174] ! Unidirectional s-t. expansions: 87,139, time: 97,172 [ms], path length: 52 [edges], generated: 146,952
[00:00:00:13:182] Expansion 10,000: state None, f=54, g=29
[00:00:00:32:651] Expansion 20,000: state None, f=54, g=27
[00:00:00:45:429] Expansion 30,000: state None, f=53, g=41
[00:00:00:55:177] Expansion 40,000: state None, f=53, g=37
[00:00:01:05:187] Expansion 50,000: state None, f=53, g=39
[00:00:01:15:804] Expansion 60,000: state None, f=53, g=31
[00:00:01:27:696] Expansion 70,000: state None, f=53, g=41
[00:00:01:39:591] Expansion 80,000: state None, f=53, g=18
[00:00:01:55:210] Expansion 90,000: state None, f=53, g=12
[00:00:02:05:961] Path of length 52 found: [63, 62, 61, 60, 59, 58, 50, 49, 57, 56, 48, 40, 41, 33, 32, 24, 25, 26, 34, 35, 43, 51, 52, 53, 54, 55, 47, 46, 45, 37, 38, 30, 31, 23, 15, 7, 6, 5, 4, 12, 13, 21, 29, 28, 20, 19, 11, 10, 2, 1, 9, 8, 0]
[00:00:02:05:963] ! Unidirectional t-s. expansions: 96,939, time: 125,961 [ms], path length: 52 [edges], generated: 164,435
[00:00:00:10:328] Expansion 10,000: F [0, 1, 2, 10, 9, 8, 16, 24, 32, 40, 48, 56, 57, 58, 50, 49, 41, 33, 34, 26], B [63, 62, 54, 55, 47, 46, 38, 30, 31, 23, 15, 7, 6, 5, 4, 12, 13, 21, 29], f=54, g=37
[00:00:00:17:505] Expansion 20,000: F [0, 1, 2, 10, 9, 8, 16, 24, 32, 40, 48, 56, 57, 49, 50, 58, 59], B [63, 55, 47, 46, 38, 37, 29, 30, 31, 23, 15, 7, 6, 5, 4, 12], f=54, g=31
[00:00:00:37:720] Expansion 30,000: F [0, 8, 9, 1, 2, 10, 18, 26, 34, 33, 25, 24, 32, 40, 41, 49, 48, 56], B [63, 62, 61, 60, 52, 53, 54, 55, 47, 46, 38, 37, 29, 30, 31, 23, 15, 7], f=54, g=34
[00:00:00:46:983] Expansion 40,000: F [0, 8, 9, 1, 2, 10, 11, 19, 20, 12], B [63, 62, 54, 55, 47, 46, 38, 37, 45, 53], f=54, g=18
[00:00:00:55:325] Expansion 50,000: F [0, 8, 9, 1, 2, 10, 11, 19, 18, 26, 34, 33, 25, 24, 32, 40, 41, 49, 48, 56, 57, 58, 59, 60, 52], B [63, 55, 47, 46, 54, 62, 61, 53, 45, 37, 38, 30, 31, 23, 15, 7, 6, 5, 4, 12, 20, 21, 29, 28], f=53, g=47
[00:00:00:59:478] Expansion 60,000: F [0, 1, 2, 10, 9, 8, 16, 24, 32, 40, 48, 56, 57, 58, 50, 49, 41, 33, 25, 26, 27], B [63, 62, 54, 55, 47, 46, 45, 53, 61, 60, 52, 51, 43, 35, 36, 28, 29, 37, 38, 30], f=53, g=39
[00:00:01:04:405] Expansion 70,000: F [0, 1, 2, 10, 9, 8, 16, 24, 25, 33, 32, 40, 48, 56, 57, 49, 50, 58, 59, 60, 52, 51, 43, 35], B [63, 62, 61, 53, 54, 55, 47, 46, 45, 37, 29, 30, 31, 23, 15, 7, 6, 5, 13, 21, 20, 12, 11, 19], f=53, g=46
[00:00:01:09:444] Expansion 80,000: F [0, 1, 9, 8, 16, 24, 25, 26, 34, 33, 32, 40, 41, 49, 48, 56, 57, 58, 59, 51], B [63, 62, 61, 60, 52, 53, 54, 55, 47, 46, 45, 37, 29, 30, 31, 23, 15, 7, 6], f=53, g=37
[00:00:01:15:895] Expansion 90,000: F [0, 1, 9, 8, 16, 24, 32, 33, 25, 26, 18, 10, 11, 19, 27, 28, 36, 35, 43, 51], B [63, 62, 54, 55, 47, 46, 38, 30, 31, 23, 15, 7, 6, 5, 4, 12, 13, 21, 29], f=53, g=37
[00:00:01:21:767] Expansion 100,000: F [0, 1, 9, 8, 16, 24, 32, 40, 48, 56, 57, 58, 50, 49, 41, 33, 25, 26, 27], B [63, 55, 47, 46, 45, 53, 54, 62, 61, 60, 59, 51, 43, 35, 36, 28, 20, 21, 29], f=53, g=36
[00:00:01:21:767] Expansions: 100,000. Checks - state_vs_state: 542, prefix: 182,130
[00:00:01:21:768] Expansions: 100,000. Checks - state_vs_state: 542, prefix: 182,131
[00:00:01:21:768] Expansions: 100,000. Checks - state_vs_state: 542, prefix: 182,132
[00:00:01:28:117] Expansion 110,000: F [0, 1, 2, 10, 9, 8, 16, 24, 25, 26, 27, 19, 11, 12, 4, 5], B [63, 62, 54, 55, 47, 46, 45, 53, 61, 60, 52, 51, 59, 58, 57], f=53, g=29
[00:00:01:34:618] Expansion 120,000: F [0, 1, 2, 10, 9, 8, 16, 24, 32, 33, 34, 26, 18, 19, 20, 21, 13, 12, 4, 5, 6], B [63, 62, 54, 55, 47, 46, 38, 37, 45, 53, 61, 60, 59, 58, 57, 56, 48, 40, 41, 49], f=53, g=39
[00:00:01:41:003] Expansion 130,000: F [0, 1, 9, 8, 16, 24, 32, 40, 41, 49, 48, 56, 57, 58, 59, 60, 52, 51, 43, 35, 34], B [63, 55, 54, 62, 61, 53, 45, 46, 38, 37, 36, 28, 27, 19, 20, 21, 29, 30, 31, 23, 15], f=53, g=40
[00:00:01:49:633] Expansion 140,000: F [0, 1, 9, 8, 16, 24, 25, 26, 18, 10, 11, 19, 20, 21, 13, 12, 4, 5, 6], B [63, 55, 47, 46, 54, 62, 61, 53, 52, 60, 59, 51, 50, 58, 57, 56, 48, 49, 41], f=53, g=36
[00:00:01:57:401] Expansion 150,000: F [0, 8, 9, 1, 2, 10, 18, 26, 27, 19, 11, 12, 20], B [63, 55, 47, 46, 54, 62, 61, 53, 52, 60, 59, 51], f=53, g=23
[00:00:02:05:416] Expansion 160,000: F [0, 8, 9, 1, 2, 10, 11, 12, 13, 5, 6, 7, 15, 23, 31, 30, 29, 21, 20], B [63, 55, 47, 46, 54, 62, 61, 53, 45, 37, 36, 28, 27, 35, 43, 51, 52, 60, 59], f=53, g=36
[00:00:02:13:114] Expansion 170,000: F [0, 8, 9, 1, 2, 10, 11, 12, 4, 5, 6, 7, 15, 23, 31], B [63, 62, 61, 60, 52, 51, 59, 58, 50, 49, 57, 56, 48, 40], f=53, g=27
[00:00:02:21:605] Expansion 180,000: F [0, 8, 9, 1, 2, 10, 11, 19, 18, 26, 25, 24, 32, 40, 48, 56, 57, 58, 50, 49, 41], B [63, 55, 54, 62, 61, 60, 59, 51, 52, 53, 45, 46, 38, 30, 31, 23, 15, 7, 6, 5], f=53, g=39
[00:00:02:30:551] Expansion 190,000: F [0, 1, 2, 10, 9, 8, 16, 24, 32, 40], B [63, 62, 54, 53, 52, 60, 59, 58, 50], f=53, g=17
[00:00:02:42:133] Path of length 52 found: [0, 8, 9, 1, 2, 10, 11, 19, 18, 26, 34, 33, 25, 24, 32, 40, 41, 49, 48, 56, 57, 58, 50, 51, 43, 35, 27, 28, 20, 21, 13, 12, 4, 5, 6, 7, 15, 23, 31, 30, 38, 37, 45, 53, 52, 60, 61, 62, 54, 46, 47, 55, 63]
[00:00:02:42:745] ! Bidirectional. expansions: 199,112, time: 162,133 [ms], path length: 52 [edges], g_F: 27, g_B: 25, generated: {'F': 183,126, 'B': 174,722}, MM: 2, MMPER: 2.7735849056603774%
[00:00:02:42:746] average expansions: (31,408, 31,830, 78,346, 0)
[00:00:02:42:746] average time: (36,097, 39,486, 70,265, 0)
[00:00:02:42:746] XA*: 31,408 , 36,097 (expansions , time[ms])
[00:00:02:42:746] BiXA*: 78,346 , 70,265 (expansions , time[ms])

