--------------------------
date: SM_Grids
number_of_graphs: 10
graph_type: grid
size_of_graphs: [8, 8]
heuristic: bcc_heuristic
snake: False
run_uni: True
run_bi: True
run_multi: False
solution_vertices: []
algorithms: ['IDA']
lookahead: 3
bsd: False
cube_first_dims: 4
cube_buffer_dim: None
backward_sym_generation: False
sym_coil: False
prefix_set: None

---------- SM_Grids/8x8_grid_with_random_blocks_12per_0 ----------
[00:00:00:17:548] Path of length 52 found: [0, 8, 16, 24, 25, 17, 9, 1, 2, 10, 18, 26, 34, 33, 41, 40, 48, 56, 57, 58, 50, 42, 43, 35, 27, 19, 11, 3, 4, 12, 20, 21, 13, 14, 22, 30, 31, 39, 47, 55, 54, 53, 45, 37, 36, 44, 52, 51, 59, 60, 61, 62, 63]
[00:00:00:17:549] ! Unidirectional s-t. expansions: 4,870, time: 17,549 [ms], path length: 52 [edges], generated: 48,373
[00:00:00:21:666] Path of length 52 found: [63, 55, 47, 39, 31, 30, 22, 14, 13, 21, 20, 12, 4, 3, 2, 1, 9, 10, 11, 19, 18, 26, 34, 42, 50, 51, 43, 35, 27, 28, 36, 37, 45, 44, 52, 53, 54, 62, 61, 60, 59, 58, 57, 56, 48, 40, 41, 33, 25, 17, 16, 8, 0]
[00:00:00:21:667] ! Unidirectional t-s. expansions: 8,067, time: 21,666 [ms], path length: 52 [edges], generated: 71,538
[00:00:03:52:068] Path of length 52 found: [0, 8, 16, 24, 25, 17, 9, 1, 2, 10, 18, 26, 34, 33, 41, 40, 48, 56, 57, 58, 50, 42, 43, 51, 59, 60, 61, 62, 54, 53, 52, 44, 45, 37, 36, 35, 27, 19, 11, 3, 4, 12, 20, 21, 13, 14, 22, 30, 31, 39, 47, 55, 63]
[00:00:03:52:586] ! Bidirectional. expansions: 65,205, time: 232,068 [ms], path length: 52 [edges], g_F: 33, g_B: 19, generated: {'F': 289,597, 'B': 214,129}, MM: 14, MMPER: 25.41509433962264%
[00:00:03:52:587] 
---------- SM_Grids/8x8_grid_with_random_blocks_12per_1 ----------
[00:00:00:02:058] Path of length 52 found: [0, 8, 16, 24, 32, 33, 25, 17, 9, 1, 2, 10, 11, 3, 4, 12, 13, 5, 6, 7, 15, 14, 22, 21, 20, 19, 27, 26, 34, 42, 41, 49, 50, 58, 59, 51, 52, 60, 61, 53, 45, 44, 36, 28, 29, 37, 38, 39, 47, 46, 54, 62, 63]
[00:00:00:02:058] ! Unidirectional s-t. expansions: 561, time: 2,058 [ms], path length: 52 [edges], generated: 5,658
[00:00:00:01:494] Path of length 52 found: [63, 55, 47, 39, 38, 37, 29, 21, 22, 14, 15, 7, 6, 5, 13, 12, 4, 3, 11, 10, 2, 1, 9, 17, 25, 26, 27, 19, 20, 28, 36, 44, 52, 53, 45, 46, 54, 62, 61, 60, 59, 51, 50, 49, 41, 42, 34, 33, 32, 24, 16, 8, 0]
[00:00:00:01:495] ! Unidirectional t-s. expansions: 290, time: 1,495 [ms], path length: 52 [edges], generated: 3,083
[00:00:01:30:540] Path of length 52 found: [0, 8, 16, 24, 32, 33, 25, 17, 9, 1, 2, 10, 11, 3, 4, 12, 13, 5, 6, 7, 15, 14, 22, 21, 20, 19, 27, 26, 34, 42, 41, 49, 50, 58, 59, 60, 61, 62, 54, 46, 45, 53, 52, 44, 36, 28, 29, 37, 38, 39, 47, 55, 63]
[00:00:01:31:005] ! Bidirectional. expansions: 14,615, time: 90,540 [ms], path length: 52 [edges], g_F: 34, g_B: 18, generated: {'F': 72,302, 'B': 56,517}, MM: 16, MMPER: 29.18867924528302%
[00:00:01:31:005] 
---------- SM_Grids/8x8_grid_with_random_blocks_12per_2 ----------
[00:00:00:36:257] Path of length 50 found: [0, 8, 16, 24, 32, 33, 25, 17, 9, 1, 2, 10, 18, 19, 27, 28, 20, 12, 11, 3, 4, 5, 13, 21, 22, 14, 15, 23, 31, 30, 29, 37, 36, 44, 43, 42, 50, 49, 57, 58, 59, 51, 52, 60, 61, 62, 54, 46, 47, 55, 63]
[00:00:00:36:257] ! Unidirectional s-t. expansions: 8,304, time: 36,257 [ms], path length: 50 [edges], generated: 90,547
[00:00:00:10:044] Path of length 50 found: [63, 55, 47, 46, 54, 62, 61, 60, 52, 44, 43, 51, 59, 58, 57, 49, 50, 42, 34, 33, 32, 24, 25, 17, 16, 8, 9, 10, 18, 19, 27, 28, 36, 37, 29, 30, 31, 23, 15, 14, 22, 21, 20, 12, 13, 5, 4, 3, 2, 1, 0]
[00:00:00:10:045] ! Unidirectional t-s. expansions: 2,272, time: 10,045 [ms], path length: 50 [edges], generated: 26,966
[00:00:03:53:599] Path of length 50 found: [0, 8, 16, 24, 32, 33, 25, 17, 9, 1, 2, 10, 18, 19, 27, 28, 29, 21, 20, 12, 11, 3, 4, 5, 13, 14, 15, 23, 22, 30, 38, 37, 36, 44, 43, 42, 50, 49, 57, 58, 59, 51, 52, 60, 61, 62, 54, 46, 47, 55, 63]
[00:00:03:54:035] ! Bidirectional. expansions: 42,016, time: 233,599 [ms], path length: 50 [edges], g_F: 28, g_B: 22, generated: {'F': 240,390, 'B': 171,211}, MM: 6, MMPER: 10.764705882352942%
[00:00:03:54:035] 
---------- SM_Grids/8x8_grid_with_random_blocks_12per_3 ----------
[00:00:00:08:643] Path of length 54 found: [0, 8, 16, 24, 32, 33, 41, 49, 48, 56, 57, 58, 50, 51, 59, 60, 52, 44, 43, 35, 36, 37, 29, 30, 22, 14, 13, 12, 20, 19, 27, 26, 25, 17, 18, 10, 9, 1, 2, 3, 4, 5, 6, 7, 15, 23, 31, 39, 38, 46, 47, 55, 54, 62, 63]
[00:00:00:08:644] ! Unidirectional s-t. expansions: 2,404, time: 8,644 [ms], path length: 54 [edges], generated: 22,707
[00:00:00:07:990] Path of length 54 found: [63, 55, 47, 39, 31, 23, 15, 7, 6, 5, 4, 3, 2, 1, 9, 10, 18, 17, 25, 26, 27, 19, 20, 12, 13, 14, 22, 30, 29, 37, 38, 46, 54, 62, 61, 60, 52, 44, 36, 35, 43, 51, 59, 58, 57, 56, 48, 49, 41, 33, 32, 24, 16, 8, 0]
[00:00:00:07:990] ! Unidirectional t-s. expansions: 1,816, time: 7,990 [ms], path length: 54 [edges], generated: 17,408
[00:00:02:43:992] Path of length 54 found: [0, 8, 16, 17, 18, 10, 9, 1, 2, 3, 4, 5, 6, 7, 15, 14, 13, 12, 20, 19, 27, 26, 25, 24, 32, 33, 41, 49, 48, 56, 57, 58, 50, 51, 52, 60, 61, 62, 54, 46, 45, 44, 43, 35, 36, 37, 38, 30, 22, 23, 31, 39, 47, 55, 63]
[00:00:02:44:419] ! Bidirectional. expansions: 29,052, time: 163,992 [ms], path length: 54 [edges], g_F: 33, g_B: 21, generated: {'F': 140,756, 'B': 102,319}, MM: 12, MMPER: 20.818181818181817%
[00:00:02:44:420] 
---------- SM_Grids/8x8_grid_with_random_blocks_12per_4 ----------
[00:00:00:00:168] Path of length 54 found: [0, 8, 16, 24, 25, 17, 9, 10, 18, 26, 34, 33, 41, 49, 48, 56, 57, 58, 50, 42, 43, 51, 59, 60, 52, 44, 36, 35, 27, 19, 11, 12, 4, 5, 6, 14, 13, 21, 20, 28, 29, 37, 38, 30, 22, 23, 31, 39, 47, 55, 54, 53, 61, 62, 63]
[00:00:00:00:168] ! Unidirectional s-t. expansions: 37, time: 168 [ms], path length: 54 [edges], generated: 397
[00:00:00:00:112] Path of length 54 found: [63, 55, 47, 39, 31, 23, 22, 14, 6, 5, 4, 12, 13, 21, 20, 19, 11, 10, 9, 17, 18, 26, 34, 42, 50, 51, 43, 35, 27, 28, 29, 30, 38, 37, 36, 44, 52, 53, 54, 62, 61, 60, 59, 58, 57, 56, 48, 49, 41, 33, 25, 24, 16, 8, 0]
[00:00:00:00:112] ! Unidirectional t-s. expansions: 18, time: 112 [ms], path length: 54 [edges], generated: 226
[00:00:00:01:253] Path of length 54 found: [0, 8, 16, 24, 25, 17, 9, 10, 18, 26, 34, 33, 41, 49, 48, 56, 57, 58, 50, 42, 43, 51, 59, 60, 61, 62, 54, 53, 52, 44, 36, 35, 27, 28, 20, 19, 11, 12, 4, 5, 6, 14, 13, 21, 29, 37, 38, 30, 22, 23, 31, 39, 47, 55, 63]
[00:00:00:01:722] ! Bidirectional. expansions: 239, time: 1,253 [ms], path length: 54 [edges], g_F: 30, g_B: 24, generated: {'F': 1,309, 'B': 1,041}, MM: 6, MMPER: 9.909090909090908%
[00:00:00:01:723] 
---------- SM_Grids/8x8_grid_with_random_blocks_12per_5 ----------
[00:00:00:25:275] Path of length 52 found: [0, 8, 16, 24, 32, 40, 41, 33, 25, 17, 9, 1, 2, 3, 11, 19, 27, 35, 34, 42, 50, 58, 59, 51, 43, 44, 52, 60, 61, 53, 45, 37, 29, 28, 20, 21, 13, 12, 4, 5, 6, 14, 15, 23, 22, 30, 31, 39, 38, 46, 47, 55, 63]
[00:00:00:25:275] ! Unidirectional s-t. expansions: 5,912, time: 25,275 [ms], path length: 52 [edges], generated: 63,463
[00:00:00:11:207] Path of length 52 found: [63, 55, 47, 39, 31, 23, 15, 14, 6, 5, 4, 3, 2, 1, 9, 17, 25, 33, 34, 35, 27, 28, 20, 19, 11, 12, 13, 21, 22, 30, 29, 37, 38, 46, 45, 44, 43, 51, 52, 53, 61, 60, 59, 58, 50, 42, 41, 40, 32, 24, 16, 8, 0]
[00:00:00:11:208] ! Unidirectional t-s. expansions: 3,097, time: 11,208 [ms], path length: 52 [edges], generated: 30,368
[00:00:02:54:539] Path of length 52 found: [0, 8, 16, 24, 25, 33, 32, 40, 41, 42, 34, 35, 43, 51, 50, 58, 59, 60, 61, 53, 52, 44, 45, 46, 38, 37, 29, 21, 13, 12, 20, 28, 27, 19, 18, 17, 9, 1, 2, 3, 4, 5, 6, 14, 15, 23, 22, 30, 31, 39, 47, 55, 63]
[00:00:02:54:971] ! Bidirectional. expansions: 31,359, time: 174,540 [ms], path length: 52 [edges], g_F: 32, g_B: 20, generated: {'F': 165,963, 'B': 124,810}, MM: 12, MMPER: 21.641509433962263%
[00:00:02:54:971] 
---------- SM_Grids/8x8_grid_with_random_blocks_12per_6 ----------
[00:00:00:31:258] Path of length 52 found: [0, 8, 16, 24, 32, 40, 48, 49, 41, 42, 50, 51, 59, 60, 61, 53, 45, 44, 43, 35, 34, 26, 25, 17, 9, 1, 2, 10, 18, 19, 27, 28, 20, 12, 11, 3, 4, 5, 13, 14, 6, 7, 15, 23, 22, 21, 29, 37, 38, 46, 54, 62, 63]
[00:00:00:31:258] ! Unidirectional s-t. expansions: 10,300, time: 31,258 [ms], path length: 52 [edges], generated: 92,623
[00:00:00:25:328] Path of length 52 found: [63, 62, 54, 46, 38, 37, 29, 21, 13, 14, 22, 23, 15, 7, 6, 5, 4, 3, 2, 1, 9, 17, 25, 26, 18, 10, 11, 12, 20, 19, 27, 28, 36, 35, 34, 42, 43, 44, 45, 53, 61, 60, 59, 51, 50, 49, 41, 40, 32, 24, 16, 8, 0]
[00:00:00:25:328] ! Unidirectional t-s. expansions: 8,415, time: 25,328 [ms], path length: 52 [edges], generated: 78,087
[00:00:07:22:817] Path of length 52 found: [0, 8, 16, 24, 32, 40, 48, 49, 41, 42, 50, 51, 59, 60, 61, 53, 45, 44, 43, 35, 34, 26, 25, 17, 9, 1, 2, 10, 18, 19, 27, 28, 20, 12, 11, 3, 4, 5, 6, 7, 15, 23, 22, 14, 13, 21, 29, 37, 38, 46, 54, 62, 63]
[00:00:07:23:251] ! Bidirectional. expansions: 126,350, time: 442,817 [ms], path length: 52 [edges], g_F: 32, g_B: 20, generated: {'F': 592,976, 'B': 459,390}, MM: 12, MMPER: 21.641509433962263%
[00:00:07:23:251] 
---------- SM_Grids/8x8_grid_with_random_blocks_12per_7 ----------
[00:00:01:11:812] Valid states checked so far: 200,000, Expansions: 18,256, Global best: 53
[00:00:02:10:435] Valid states checked so far: 400,000, Expansions: 38,196, Global best: 53
[00:00:03:09:185] Valid states checked so far: 600,000, Expansions: 58,048, Global best: 53
[00:00:04:10:892] Valid states checked so far: 800,000, Expansions: 77,402, Global best: 53
[00:00:05:13:052] Valid states checked so far: 1,000,000, Expansions: 97,664, Global best: 53
[00:00:05:29:865] Path of length 52 found: [0, 8, 16, 24, 32, 40, 48, 56, 57, 58, 59, 60, 52, 44, 45, 37, 36, 28, 27, 26, 34, 35, 43, 42, 41, 33, 25, 17, 9, 10, 18, 19, 20, 12, 13, 5, 6, 7, 15, 14, 22, 23, 31, 30, 38, 39, 47, 46, 54, 53, 61, 62, 63]
[00:00:05:29:866] ! Unidirectional s-t. expansions: 102,142, time: 329,866 [ms], path length: 52 [edges], generated: 1,048,011
[00:00:01:16:176] Valid states checked so far: 200,000, Expansions: 18,579, Global best: 47
[00:00:02:21:493] Valid states checked so far: 400,000, Expansions: 39,639, Global best: 47
[00:00:03:27:620] Valid states checked so far: 600,000, Expansions: 59,634, Global best: 47
[00:00:04:32:501] Valid states checked so far: 800,000, Expansions: 79,737, Global best: 47
[00:00:05:15:938] Path of length 52 found: [63, 55, 47, 39, 31, 23, 15, 7, 6, 5, 13, 12, 20, 21, 22, 30, 38, 37, 36, 28, 27, 19, 18, 10, 9, 17, 25, 26, 34, 35, 43, 44, 52, 53, 45, 46, 54, 62, 61, 60, 59, 58, 57, 56, 48, 49, 41, 33, 32, 24, 16, 8, 0]
[00:00:05:15:939] ! Unidirectional t-s. expansions: 91,851, time: 315,939 [ms], path length: 52 [edges], generated: 924,320
[00:01:09:11:137] Path of length 52 found: [0, 8, 16, 24, 32, 40, 41, 49, 48, 56, 57, 58, 59, 60, 52, 44, 36, 35, 43, 42, 34, 33, 25, 17, 9, 10, 18, 26, 27, 19, 20, 12, 13, 5, 6, 7, 15, 23, 22, 30, 31, 39, 38, 37, 45, 53, 61, 62, 54, 46, 47, 55, 63]
[00:01:09:11:568] ! Bidirectional. expansions: 967,309, time: 4,151,137 [ms], path length: 52 [edges], g_F: 31, g_B: 21, generated: {'F': 4,626,144, 'B': 3,497,846}, MM: 10, MMPER: 17.867924528301888%
[00:01:09:11:568] 
---------- SM_Grids/8x8_grid_with_random_blocks_12per_8 ----------
[00:00:00:10:309] Path of length 54 found: [0, 8, 16, 24, 32, 33, 41, 49, 48, 56, 57, 58, 59, 60, 52, 53, 45, 37, 29, 21, 13, 12, 20, 19, 27, 28, 36, 44, 43, 35, 34, 26, 25, 17, 18, 10, 9, 1, 2, 3, 4, 5, 6, 7, 15, 14, 22, 23, 31, 30, 38, 46, 47, 55, 63]
[00:00:00:10:310] ! Unidirectional s-t. expansions: 2,774, time: 10,309 [ms], path length: 54 [edges], generated: 28,759
[00:00:00:07:710] Path of length 54 found: [63, 55, 47, 39, 31, 23, 15, 7, 6, 5, 4, 3, 2, 1, 9, 10, 18, 17, 25, 26, 34, 35, 43, 44, 36, 28, 27, 19, 20, 12, 13, 14, 22, 21, 29, 30, 38, 37, 45, 53, 52, 60, 59, 58, 57, 56, 48, 49, 41, 33, 32, 24, 16, 8, 0]
[00:00:00:07:711] ! Unidirectional t-s. expansions: 1,843, time: 7,710 [ms], path length: 54 [edges], generated: 20,845
[00:00:02:57:404] Path of length 54 found: [0, 8, 16, 24, 32, 33, 41, 49, 48, 56, 57, 58, 59, 60, 52, 53, 45, 46, 38, 30, 22, 14, 13, 12, 20, 19, 27, 28, 29, 37, 36, 44, 43, 35, 34, 26, 25, 17, 18, 10, 9, 1, 2, 3, 4, 5, 6, 7, 15, 23, 31, 39, 47, 55, 63]
[00:00:02:57:836] ! Bidirectional. expansions: 37,097, time: 177,404 [ms], path length: 54 [edges], g_F: 32, g_B: 22, generated: {'F': 187,705, 'B': 139,754}, MM: 10, MMPER: 17.181818181818183%
[00:00:02:57:836] 
---------- SM_Grids/8x8_grid_with_random_blocks_12per_9 ----------
[00:00:01:11:312] Valid states checked so far: 200,000, Expansions: 20,210, Global best: 49
[00:00:02:17:574] Valid states checked so far: 400,000, Expansions: 41,515, Global best: 49
[00:00:02:20:032] Path of length 52 found: [0, 1, 2, 10, 9, 8, 16, 24, 32, 40, 48, 56, 57, 49, 41, 33, 25, 26, 18, 19, 11, 12, 4, 5, 6, 7, 15, 23, 31, 30, 29, 21, 20, 28, 27, 35, 43, 51, 50, 58, 59, 60, 52, 53, 45, 37, 38, 46, 47, 55, 54, 62, 63]
[00:00:02:20:032] ! Unidirectional s-t. expansions: 41,984, time: 140,032 [ms], path length: 52 [edges], generated: 404,928
[00:00:01:22:395] Valid states checked so far: 200,000, Expansions: 18,907, Global best: 47
[00:00:02:33:741] Valid states checked so far: 400,000, Expansions: 40,414, Global best: 47
[00:00:03:45:195] Valid states checked so far: 600,000, Expansions: 62,173, Global best: 47
[00:00:04:05:910] Path of length 52 found: [63, 55, 47, 46, 38, 30, 31, 23, 15, 7, 6, 5, 4, 12, 13, 21, 20, 19, 11, 10, 18, 26, 25, 33, 34, 35, 27, 28, 36, 37, 45, 53, 54, 62, 61, 60, 52, 51, 59, 58, 50, 49, 57, 56, 48, 40, 32, 24, 16, 8, 9, 1, 0]
[00:00:04:05:910] ! Unidirectional t-s. expansions: 66,959, time: 245,910 [ms], path length: 52 [edges], generated: 645,985
[00:00:22:19:655] Path of length 52 found: [0, 8, 9, 1, 2, 10, 11, 19, 18, 26, 25, 24, 32, 40, 48, 56, 57, 58, 59, 51, 50, 49, 41, 33, 34, 35, 27, 28, 20, 21, 13, 12, 4, 5, 6, 7, 15, 23, 31, 30, 38, 37, 45, 53, 52, 60, 61, 62, 54, 46, 47, 55, 63]
[00:00:22:20:091] ! Bidirectional. expansions: 317,371, time: 1,339,655 [ms], path length: 52 [edges], g_F: 28, g_B: 24, generated: {'F': 1,478,246, 'B': 1,098,480}, MM: 4, MMPER: 6.547169811320755%
[00:00:22:20:092] average expansions: (17,929, 18,463, 163,061, 0)
[00:00:22:20:092] average time: (60,142, 64,740, 700,700, 0)
[00:00:22:20:092] XIDA: 17,929 , 60,142 (expansions , time[ms])
[00:00:22:20:092] BiXIDA: 163,061 , 700,700 (expansions , time[ms])

