--------------------------
date: SM_Grids
number_of_graphs: 10
graph_type: grid
size_of_graphs: [8, 8]
heuristic: bcc_heuristic
snake: False
run_uni: True
run_bi: True
run_multi: False
solution_vertices: []
algorithms: ['IDA']
lookahead: 3
bsd: False
cube_first_dims: 4
cube_buffer_dim: None
backward_sym_generation: False
sym_coil: False
prefix_set: None

---------- SM_Grids/8x8_grid_with_random_blocks_20per_0 ----------
[00:00:00:02:071] Path of length 44 found: [0, 1, 9, 10, 2, 3, 4, 12, 20, 28, 29, 21, 13, 5, 6, 7, 15, 14, 22, 30, 31, 39, 38, 37, 36, 35, 34, 26, 25, 17, 16, 24, 32, 40, 48, 49, 41, 42, 43, 44, 52, 53, 61, 62, 63]
[00:00:00:02:071] ! Unidirectional s-t. expansions: 678, time: 2,071 [ms], path length: 44 [edges], generated: 6,143
[00:00:00:00:619] Path of length 44 found: [63, 62, 61, 53, 52, 44, 43, 42, 50, 49, 41, 40, 32, 24, 16, 17, 25, 26, 34, 35, 36, 28, 20, 12, 13, 21, 29, 37, 38, 39, 31, 30, 22, 23, 15, 7, 6, 5, 4, 3, 2, 10, 9, 1, 0]
[00:00:00:00:619] ! Unidirectional t-s. expansions: 195, time: 619 [ms], path length: 44 [edges], generated: 2,019
[00:00:00:06:735] Path of length 44 found: [0, 1, 9, 10, 2, 3, 4, 12, 20, 28, 29, 21, 13, 5, 6, 7, 15, 14, 22, 23, 31, 30, 38, 37, 36, 35, 34, 26, 25, 17, 16, 24, 32, 40, 41, 49, 50, 42, 43, 44, 52, 53, 61, 62, 63]
[00:00:00:07:183] ! Bidirectional. expansions: 2,079, time: 6,735 [ms], path length: 44 [edges], g_F: 29, g_B: 15, generated: {'F': 10,126, 'B': 5,570}, MM: 14, MMPER: 30.11111111111111%
[00:00:00:07:183] 
---------- SM_Grids/8x8_grid_with_random_blocks_20per_1 ----------
[00:00:00:23:218] Path of length 38 found: [0, 8, 16, 24, 25, 17, 9, 1, 2, 3, 11, 10, 18, 26, 34, 33, 41, 40, 48, 56, 57, 49, 50, 42, 43, 35, 27, 19, 20, 28, 29, 30, 31, 39, 47, 46, 54, 62, 63]
[00:00:00:23:218] ! Unidirectional s-t. expansions: 7,170, time: 23,218 [ms], path length: 38 [edges], generated: 66,249
[00:00:00:03:407] Path of length 38 found: [63, 62, 54, 55, 47, 39, 31, 30, 29, 21, 20, 28, 27, 19, 11, 3, 2, 10, 18, 26, 34, 35, 43, 51, 50, 49, 57, 56, 48, 40, 41, 33, 25, 24, 16, 17, 9, 1, 0]
[00:00:00:03:408] ! Unidirectional t-s. expansions: 1,112, time: 3,407 [ms], path length: 38 [edges], generated: 11,288
[00:00:00:33:095] Path of length 38 found: [0, 8, 16, 24, 25, 17, 9, 1, 2, 3, 11, 10, 18, 26, 34, 33, 41, 40, 48, 56, 57, 49, 50, 42, 43, 35, 27, 19, 20, 21, 29, 30, 31, 39, 47, 55, 54, 62, 63]
[00:00:00:33:546] ! Bidirectional. expansions: 7,420, time: 33,095 [ms], path length: 38 [edges], g_F: 23, g_B: 15, generated: {'F': 36,949, 'B': 28,128}, MM: 8, MMPER: 19.512820512820515%
[00:00:00:33:546] 
---------- SM_Grids/8x8_grid_with_random_blocks_20per_2 ----------
[00:00:00:01:142] Path of length 48 found: [0, 8, 16, 17, 9, 1, 2, 3, 4, 12, 20, 19, 18, 26, 34, 33, 41, 40, 48, 56, 57, 49, 50, 58, 59, 60, 61, 53, 45, 37, 36, 28, 29, 21, 13, 5, 6, 14, 15, 23, 22, 30, 31, 39, 38, 46, 54, 62, 63]
[00:00:00:01:142] ! Unidirectional s-t. expansions: 321, time: 1,142 [ms], path length: 48 [edges], generated: 3,222
[00:00:00:01:377] Path of length 48 found: [63, 62, 54, 46, 47, 39, 31, 23, 15, 14, 6, 5, 13, 21, 22, 30, 29, 28, 36, 37, 45, 53, 61, 60, 59, 58, 50, 49, 57, 56, 48, 40, 41, 33, 34, 26, 18, 19, 20, 12, 4, 3, 2, 1, 9, 17, 16, 8, 0]
[00:00:00:01:378] ! Unidirectional t-s. expansions: 339, time: 1,377 [ms], path length: 48 [edges], generated: 3,102
[00:00:00:06:345] Path of length 48 found: [0, 8, 16, 17, 9, 1, 2, 3, 4, 12, 13, 5, 6, 14, 15, 23, 22, 21, 29, 30, 31, 39, 47, 46, 38, 37, 36, 28, 20, 19, 18, 26, 34, 33, 41, 40, 48, 56, 57, 49, 50, 58, 59, 60, 61, 53, 54, 62, 63]
[00:00:00:06:797] ! Bidirectional. expansions: 1,530, time: 6,345 [ms], path length: 48 [edges], g_F: 25, g_B: 23, generated: {'F': 7,447, 'B': 4,983}, MM: 2, MMPER: 3.0816326530612246%
[00:00:00:06:797] 
---------- SM_Grids/8x8_grid_with_random_blocks_20per_3 ----------
[00:00:00:00:947] Path of length 46 found: [0, 1, 9, 8, 16, 24, 32, 40, 41, 49, 57, 58, 50, 51, 43, 35, 34, 26, 27, 19, 18, 10, 11, 3, 4, 12, 13, 5, 6, 7, 15, 23, 22, 30, 31, 39, 38, 37, 36, 44, 45, 53, 52, 60, 61, 62, 63]
[00:00:00:00:948] ! Unidirectional s-t. expansions: 237, time: 947 [ms], path length: 46 [edges], generated: 2,335
[00:00:00:00:963] Path of length 46 found: [63, 62, 61, 60, 52, 53, 45, 37, 29, 30, 38, 39, 31, 23, 15, 7, 6, 5, 13, 12, 4, 3, 11, 10, 18, 19, 27, 26, 34, 35, 36, 44, 43, 51, 50, 58, 57, 49, 41, 40, 32, 24, 16, 8, 9, 1, 0]
[00:00:00:00:963] ! Unidirectional t-s. expansions: 291, time: 963 [ms], path length: 46 [edges], generated: 2,411
[00:00:00:05:625] Path of length 46 found: [0, 1, 9, 10, 18, 17, 16, 24, 32, 40, 41, 49, 57, 58, 50, 51, 43, 44, 36, 35, 34, 26, 27, 19, 20, 12, 11, 3, 4, 5, 6, 7, 15, 23, 31, 39, 38, 30, 29, 37, 45, 53, 52, 60, 61, 62, 63]
[00:00:00:06:044] ! Bidirectional. expansions: 1,143, time: 5,625 [ms], path length: 46 [edges], g_F: 28, g_B: 18, generated: {'F': 5,376, 'B': 3,904}, MM: 10, MMPER: 20.27659574468085%
[00:00:00:06:044] 
---------- SM_Grids/8x8_grid_with_random_blocks_20per_4 ----------
[00:00:00:53:459] Path of length 44 found: [0, 8, 16, 24, 32, 40, 48, 49, 57, 58, 59, 51, 43, 44, 36, 28, 20, 19, 27, 26, 34, 33, 25, 17, 18, 10, 9, 1, 2, 3, 4, 5, 6, 7, 15, 23, 22, 21, 29, 37, 45, 46, 54, 62, 63]
[00:00:00:53:460] ! Unidirectional s-t. expansions: 24,777, time: 53,459 [ms], path length: 44 [edges], generated: 176,505
[00:00:00:16:368] Path of length 44 found: [63, 55, 54, 46, 38, 37, 45, 44, 43, 51, 59, 58, 57, 49, 48, 40, 32, 24, 16, 8, 9, 17, 25, 33, 34, 26, 18, 10, 11, 19, 27, 28, 20, 21, 22, 23, 15, 7, 6, 5, 4, 3, 2, 1, 0]
[00:00:00:16:368] ! Unidirectional t-s. expansions: 4,960, time: 16,368 [ms], path length: 44 [edges], generated: 51,573
[00:00:02:23:154] Path of length 44 found: [0, 8, 16, 24, 25, 17, 9, 1, 2, 10, 18, 19, 11, 3, 4, 5, 6, 7, 15, 23, 22, 21, 20, 28, 27, 26, 34, 33, 32, 40, 48, 49, 57, 58, 59, 51, 43, 44, 45, 37, 38, 46, 54, 55, 63]
[00:00:02:23:582] ! Bidirectional. expansions: 43,008, time: 143,154 [ms], path length: 44 [edges], g_F: 28, g_B: 16, generated: {'F': 200,212, 'B': 127,996}, MM: 12, MMPER: 25.666666666666668%
[00:00:02:23:582] 
---------- SM_Grids/8x8_grid_with_random_blocks_20per_5 ----------
[00:00:00:04:507] Path of length 46 found: [0, 1, 9, 8, 16, 24, 32, 40, 48, 49, 57, 58, 59, 51, 50, 42, 41, 33, 25, 17, 18, 26, 34, 35, 36, 28, 20, 12, 13, 14, 15, 23, 22, 21, 29, 37, 45, 53, 61, 62, 54, 46, 38, 39, 47, 55, 63]
[00:00:00:04:507] ! Unidirectional s-t. expansions: 1,304, time: 4,507 [ms], path length: 46 [edges], generated: 13,712
[00:00:00:02:074] Path of length 46 found: [63, 55, 47, 39, 31, 23, 15, 14, 22, 21, 13, 12, 20, 28, 29, 37, 45, 46, 54, 62, 61, 53, 52, 51, 59, 58, 57, 49, 48, 40, 32, 24, 25, 33, 41, 42, 43, 35, 34, 26, 18, 17, 16, 8, 9, 1, 0]
[00:00:00:02:074] ! Unidirectional t-s. expansions: 512, time: 2,074 [ms], path length: 46 [edges], generated: 6,131
[00:00:01:19:740] Path of length 46 found: [0, 1, 9, 8, 16, 24, 32, 40, 48, 49, 57, 58, 50, 42, 41, 33, 25, 17, 18, 26, 34, 35, 43, 51, 52, 53, 61, 62, 54, 46, 38, 37, 29, 28, 20, 12, 13, 21, 22, 14, 15, 23, 31, 39, 47, 55, 63]
[00:00:01:20:111] ! Bidirectional. expansions: 18,823, time: 79,740 [ms], path length: 46 [edges], g_F: 28, g_B: 18, generated: {'F': 93,850, 'B': 66,918}, MM: 10, MMPER: 20.27659574468085%
[00:00:01:20:111] 
---------- SM_Grids/8x8_grid_with_random_blocks_20per_6 ----------
[00:00:00:01:616] Path of length 46 found: [0, 1, 9, 8, 16, 17, 18, 10, 11, 19, 27, 28, 20, 21, 13, 12, 4, 5, 6, 14, 15, 23, 31, 39, 38, 37, 36, 44, 45, 53, 52, 51, 43, 42, 50, 49, 48, 56, 57, 58, 59, 60, 61, 62, 54, 55, 63]
[00:00:00:01:616] ! Unidirectional s-t. expansions: 514, time: 1,616 [ms], path length: 46 [edges], generated: 4,438
[00:00:00:02:715] Path of length 46 found: [63, 55, 47, 39, 31, 23, 15, 14, 6, 5, 4, 12, 13, 21, 29, 37, 45, 53, 54, 62, 61, 60, 52, 51, 59, 58, 57, 56, 48, 49, 50, 42, 43, 44, 36, 28, 20, 19, 27, 26, 18, 10, 9, 17, 16, 8, 0]
[00:00:00:02:715] ! Unidirectional t-s. expansions: 1,070, time: 2,715 [ms], path length: 46 [edges], generated: 10,076
[00:00:00:19:553] Path of length 46 found: [0, 8, 16, 17, 9, 10, 18, 26, 27, 28, 36, 44, 45, 37, 29, 21, 20, 19, 11, 12, 4, 5, 13, 14, 15, 23, 31, 39, 47, 55, 54, 53, 52, 51, 43, 42, 50, 49, 48, 56, 57, 58, 59, 60, 61, 62, 63]
[00:00:00:19:929] ! Bidirectional. expansions: 5,069, time: 19,553 [ms], path length: 46 [edges], g_F: 24, g_B: 22, generated: {'F': 21,785, 'B': 16,795}, MM: 2, MMPER: 3.25531914893617%
[00:00:00:19:929] 
---------- SM_Grids/8x8_grid_with_random_blocks_20per_7 ----------
[00:00:00:04:109] Path of length 42 found: [0, 8, 16, 24, 32, 40, 41, 33, 25, 17, 9, 1, 2, 3, 11, 19, 18, 26, 34, 42, 50, 51, 43, 35, 27, 28, 20, 12, 4, 5, 6, 14, 15, 23, 31, 30, 38, 39, 47, 55, 54, 62, 63]
[00:00:00:04:110] ! Unidirectional s-t. expansions: 1,233, time: 4,109 [ms], path length: 42 [edges], generated: 11,088
[00:00:00:00:446] Path of length 42 found: [63, 62, 54, 55, 47, 39, 38, 30, 31, 23, 15, 7, 6, 5, 4, 3, 2, 1, 9, 17, 25, 33, 34, 26, 18, 19, 11, 12, 20, 28, 27, 35, 43, 51, 50, 42, 41, 40, 32, 24, 16, 8, 0]
[00:00:00:00:446] ! Unidirectional t-s. expansions: 140, time: 446 [ms], path length: 42 [edges], generated: 1,543
[00:00:00:08:854] Path of length 42 found: [0, 8, 16, 24, 25, 17, 9, 1, 2, 3, 11, 19, 18, 26, 34, 33, 32, 40, 41, 42, 50, 51, 43, 35, 27, 28, 20, 12, 4, 5, 6, 7, 15, 23, 31, 30, 38, 39, 47, 55, 54, 62, 63]
[00:00:00:09:223] ! Bidirectional. expansions: 2,237, time: 8,854 [ms], path length: 42 [edges], g_F: 24, g_B: 18, generated: {'F': 9,654, 'B': 7,100}, MM: 6, MMPER: 12.953488372093023%
[00:00:00:09:224] 
---------- SM_Grids/8x8_grid_with_random_blocks_20per_8 ----------
[00:00:00:00:234] Path of length 48 found: [0, 8, 16, 24, 32, 33, 25, 17, 9, 10, 2, 3, 11, 19, 20, 12, 4, 5, 13, 14, 6, 7, 15, 23, 22, 21, 29, 28, 27, 35, 36, 44, 52, 51, 50, 42, 41, 49, 57, 58, 59, 60, 61, 53, 45, 46, 47, 55, 63]
[00:00:00:00:234] ! Unidirectional s-t. expansions: 89, time: 234 [ms], path length: 48 [edges], generated: 734
[00:00:00:00:059] Path of length 48 found: [63, 55, 47, 46, 45, 53, 61, 60, 59, 58, 57, 49, 41, 42, 50, 51, 52, 44, 36, 35, 27, 19, 11, 12, 20, 28, 29, 21, 13, 14, 22, 23, 15, 7, 6, 5, 4, 3, 2, 10, 9, 17, 25, 33, 32, 24, 16, 8, 0]
[00:00:00:00:060] ! Unidirectional t-s. expansions: 18, time: 60 [ms], path length: 48 [edges], generated: 158
[00:00:00:00:205] Path of length 48 found: [0, 8, 16, 24, 32, 33, 25, 17, 9, 10, 2, 3, 11, 19, 20, 12, 4, 5, 13, 14, 6, 7, 15, 23, 22, 21, 29, 28, 27, 35, 36, 44, 52, 51, 50, 42, 41, 49, 57, 58, 59, 60, 61, 53, 45, 46, 47, 55, 63]
[00:00:00:00:574] ! Bidirectional. expansions: 63, time: 205 [ms], path length: 48 [edges], g_F: 29, g_B: 19, generated: {'F': 277, 'B': 171}, MM: 10, MMPER: 19.408163265306122%
[00:00:00:00:575] 
---------- SM_Grids/8x8_grid_with_random_blocks_20per_9 ----------
[00:00:00:00:055] Path of length 36 found: [0, 8, 9, 1, 2, 10, 18, 26, 34, 35, 27, 28, 36, 44, 45, 37, 29, 21, 13, 5, 6, 7, 15, 14, 22, 23, 31, 30, 38, 39, 47, 55, 54, 53, 61, 62, 63]
[00:00:00:00:055] ! Unidirectional s-t. expansions: 13, time: 55 [ms], path length: 36 [edges], generated: 127
[00:00:00:00:182] Path of length 36 found: [63, 62, 61, 53, 54, 55, 47, 39, 31, 23, 15, 7, 6, 5, 13, 14, 22, 21, 29, 30, 38, 37, 45, 44, 36, 28, 27, 35, 34, 26, 18, 10, 2, 1, 9, 8, 0]
[00:00:00:00:182] ! Unidirectional t-s. expansions: 46, time: 182 [ms], path length: 36 [edges], generated: 518
[00:00:00:00:291] Path of length 36 found: [0, 8, 9, 1, 2, 10, 18, 26, 34, 35, 27, 28, 36, 44, 45, 37, 38, 30, 29, 21, 22, 14, 13, 5, 6, 7, 15, 23, 31, 39, 47, 55, 54, 53, 61, 62, 63]
[00:00:00:00:661] ! Bidirectional. expansions: 58, time: 291 [ms], path length: 36 [edges], g_F: 19, g_B: 17, generated: {'F': 293, 'B': 208}, MM: 2, MMPER: 4.405405405405405%
[00:00:00:00:661] average expansions: (3,634, 868, 8,143, 0)
[00:00:00:00:661] average time: (9,136, 2,821, 30,360, 0)
[00:00:00:00:661] XIDA: 868 , 2,821 (expansions , time[ms])
[00:00:00:00:661] BiXIDA: 8,143 , 30,360 (expansions , time[ms])

