--------------------------
date: SM_Grids
number_of_graphs: 10
graph_type: grid
size_of_graphs: [7, 8]
heuristic: bcc_heuristic
snake: False
run_uni: True
run_bi: True
run_multi: False
solution_vertices: []
algorithms: ['IDA']
lookahead: 1
bsd: False
cube_first_dims: 4
cube_buffer_dim: None
backward_sym_generation: False
sym_coil: False
prefix_set: None

---------- SM_Grids/7x8_grid_with_random_blocks_16per_0 ----------
[00:00:00:00:984] Path of length 43 found: [0, 1, 2, 3, 4, 5, 13, 12, 20, 19, 18, 17, 25, 24, 32, 33, 41, 40, 48, 49, 50, 42, 43, 51, 52, 44, 36, 35, 27, 28, 29, 30, 22, 14, 15, 23, 31, 39, 47, 46, 45, 53, 54, 55]
[00:00:00:00:985] ! Unidirectional s-t. expansions: 1,001, time: 984 [ms], path length: 43 [edges], generated: 1,778
[00:00:00:09:552] Path of length 43 found: [55, 47, 39, 31, 23, 15, 14, 22, 30, 29, 28, 27, 35, 43, 44, 36, 37, 45, 46, 54, 53, 52, 51, 50, 42, 41, 49, 48, 40, 32, 24, 25, 26, 18, 19, 20, 12, 13, 5, 4, 3, 2, 1, 0]
[00:00:00:09:552] ! Unidirectional t-s. expansions: 10,017, time: 9,552 [ms], path length: 43 [edges], generated: 16,951
[00:00:00:19:395] Path of length 43 found: [0, 1, 2, 3, 4, 5, 13, 12, 20, 19, 27, 26, 18, 17, 25, 24, 32, 40, 48, 49, 41, 42, 50, 51, 43, 44, 52, 53, 54, 46, 45, 37, 36, 28, 29, 30, 22, 14, 15, 23, 31, 39, 47, 55]
[00:00:00:20:068] ! Bidirectional. expansions: 10,329, time: 19,395 [ms], path length: 43 [edges], g_F: 16, g_B: 27, generated: {'F': 5,340, 'B': 12,372}, MM: 11, MMPER: 24.0%
[00:00:00:20:068] 
---------- SM_Grids/7x8_grid_with_random_blocks_16per_1 ----------
[00:00:00:00:047] Path of length 39 found: [0, 1, 9, 8, 16, 17, 25, 26, 18, 10, 11, 19, 27, 35, 34, 42, 43, 51, 52, 44, 36, 28, 20, 12, 13, 14, 22, 21, 29, 37, 45, 53, 54, 46, 38, 30, 31, 39, 47, 55]
[00:00:00:00:047] ! Unidirectional s-t. expansions: 38, time: 47 [ms], path length: 39 [edges], generated: 68
[00:00:00:00:043] Path of length 39 found: [55, 47, 39, 31, 30, 22, 14, 13, 12, 11, 10, 18, 19, 27, 35, 36, 28, 20, 21, 29, 37, 38, 46, 54, 53, 45, 44, 52, 51, 43, 42, 34, 26, 25, 17, 16, 8, 9, 1, 0]
[00:00:00:00:043] ! Unidirectional t-s. expansions: 38, time: 43 [ms], path length: 39 [edges], generated: 68
[00:00:00:00:102] Path of length 39 found: [0, 1, 9, 8, 16, 17, 25, 26, 18, 10, 11, 19, 27, 35, 34, 42, 43, 51, 52, 44, 45, 53, 54, 46, 38, 37, 36, 28, 29, 21, 20, 12, 13, 14, 22, 30, 31, 39, 47, 55]
[00:00:00:00:582] ! Bidirectional. expansions: 38, time: 102 [ms], path length: 39 [edges], g_F: 33, g_B: 6, generated: {'F': 60, 'B': 12}, MM: 27, MMPER: 66.5%
[00:00:00:00:582] 
---------- SM_Grids/7x8_grid_with_random_blocks_16per_2 ----------
[00:00:00:01:134] Path of length 43 found: [0, 8, 16, 24, 32, 40, 48, 49, 50, 51, 52, 44, 43, 35, 27, 26, 34, 33, 25, 17, 9, 1, 2, 3, 11, 12, 4, 5, 13, 14, 6, 7, 15, 23, 22, 21, 20, 28, 29, 37, 38, 39, 47, 55]
[00:00:00:01:134] ! Unidirectional s-t. expansions: 1,001, time: 1,134 [ms], path length: 43 [edges], generated: 1,718
[00:00:00:00:460] Path of length 43 found: [55, 47, 39, 38, 37, 29, 21, 13, 14, 22, 23, 15, 7, 6, 5, 4, 3, 11, 12, 20, 28, 27, 26, 18, 17, 25, 33, 34, 35, 43, 44, 52, 51, 50, 49, 41, 40, 32, 24, 16, 8, 9, 1, 0]
[00:00:00:00:460] ! Unidirectional t-s. expansions: 428, time: 460 [ms], path length: 43 [edges], generated: 736
[00:00:00:03:999] Path of length 43 found: [0, 8, 16, 24, 32, 33, 41, 40, 48, 49, 50, 51, 52, 44, 43, 35, 34, 26, 18, 17, 9, 1, 2, 3, 11, 12, 4, 5, 6, 7, 15, 23, 22, 14, 13, 21, 20, 28, 29, 37, 38, 39, 47, 55]
[00:00:00:04:478] ! Bidirectional. expansions: 1,707, time: 4,000 [ms], path length: 43 [edges], g_F: 19, g_B: 24, generated: {'F': 988, 'B': 1,990}, MM: 5, MMPER: 10.363636363636363%
[00:00:00:04:479] 
---------- SM_Grids/7x8_grid_with_random_blocks_16per_3 ----------
[00:00:00:05:003] Path of length 43 found: [0, 1, 9, 17, 16, 24, 32, 40, 48, 49, 41, 33, 34, 42, 50, 51, 43, 44, 52, 53, 45, 46, 38, 30, 22, 21, 29, 28, 27, 19, 18, 10, 2, 3, 11, 12, 13, 14, 15, 23, 31, 39, 47, 55]
[00:00:00:05:003] ! Unidirectional s-t. expansions: 4,450, time: 5,003 [ms], path length: 43 [edges], generated: 7,934
[00:00:00:06:164] Path of length 43 found: [55, 47, 39, 31, 23, 15, 14, 13, 12, 4, 3, 2, 10, 11, 19, 27, 28, 20, 21, 29, 30, 38, 46, 45, 53, 52, 44, 43, 51, 50, 42, 34, 33, 41, 49, 48, 40, 32, 24, 16, 17, 9, 1, 0]
[00:00:00:06:165] ! Unidirectional t-s. expansions: 6,230, time: 6,164 [ms], path length: 43 [edges], generated: 10,960
[00:00:01:03:935] Path of length 43 found: [0, 1, 9, 17, 16, 24, 32, 40, 48, 49, 41, 33, 34, 42, 50, 51, 43, 44, 52, 53, 45, 46, 38, 30, 22, 21, 20, 28, 27, 19, 18, 10, 2, 3, 4, 12, 13, 14, 15, 23, 31, 39, 47, 55]
[00:00:01:04:415] ! Bidirectional. expansions: 30,615, time: 63,936 [ms], path length: 43 [edges], g_F: 25, g_B: 18, generated: {'F': 32,851, 'B': 24,521}, MM: 7, MMPER: 14.909090909090908%
[00:00:01:04:415] 
---------- SM_Grids/7x8_grid_with_random_blocks_16per_4 ----------
[00:00:00:00:055] Path of length 47 found: [0, 8, 16, 24, 32, 40, 48, 49, 41, 33, 25, 17, 9, 1, 2, 3, 11, 19, 18, 26, 34, 42, 50, 51, 43, 35, 36, 28, 20, 12, 13, 5, 6, 14, 22, 30, 31, 39, 38, 37, 45, 44, 52, 53, 54, 46, 47, 55]
[00:00:00:00:056] ! Unidirectional s-t. expansions: 46, time: 56 [ms], path length: 47 [edges], generated: 72
[00:00:00:00:053] Path of length 47 found: [55, 47, 39, 31, 30, 22, 14, 6, 5, 13, 12, 11, 3, 2, 1, 9, 17, 25, 33, 41, 42, 34, 26, 18, 19, 20, 28, 36, 35, 43, 44, 45, 37, 38, 46, 54, 53, 52, 51, 50, 49, 48, 40, 32, 24, 16, 8, 0]
[00:00:00:00:053] ! Unidirectional t-s. expansions: 46, time: 53 [ms], path length: 47 [edges], generated: 72
[00:00:00:00:113] Path of length 47 found: [0, 8, 16, 24, 32, 40, 48, 49, 41, 33, 25, 17, 9, 1, 2, 3, 11, 19, 18, 26, 34, 42, 50, 51, 52, 53, 54, 46, 38, 37, 45, 44, 43, 35, 36, 28, 20, 12, 13, 5, 6, 14, 22, 30, 31, 39, 47, 55]
[00:00:00:00:773] ! Bidirectional. expansions: 53, time: 113 [ms], path length: 47 [edges], g_F: 34, g_B: 13, generated: {'F': 71, 'B': 20}, MM: 21, MMPER: 42.75%
[00:00:00:00:773] 
---------- SM_Grids/7x8_grid_with_random_blocks_16per_5 ----------
[00:00:00:05:059] Path of length 45 found: [0, 8, 16, 17, 9, 1, 2, 10, 18, 26, 34, 33, 32, 40, 41, 49, 50, 42, 43, 35, 27, 19, 11, 3, 4, 12, 20, 28, 29, 21, 13, 5, 6, 14, 15, 23, 31, 30, 38, 37, 45, 44, 52, 53, 54, 55]
[00:00:00:05:059] ! Unidirectional s-t. expansions: 4,091, time: 5,059 [ms], path length: 45 [edges], generated: 6,944
[00:00:00:00:802] Path of length 45 found: [55, 54, 53, 52, 44, 45, 37, 29, 30, 38, 39, 31, 23, 15, 7, 6, 14, 13, 5, 4, 3, 2, 1, 9, 10, 11, 12, 20, 28, 27, 35, 43, 42, 50, 49, 41, 40, 32, 33, 34, 26, 18, 17, 16, 8, 0]
[00:00:00:00:803] ! Unidirectional t-s. expansions: 683, time: 802 [ms], path length: 45 [edges], generated: 1,220
[00:00:00:12:022] Path of length 45 found: [0, 8, 16, 17, 9, 1, 2, 10, 18, 26, 34, 33, 32, 40, 41, 49, 50, 42, 43, 35, 27, 19, 11, 3, 4, 12, 20, 21, 13, 5, 6, 14, 15, 23, 31, 39, 38, 30, 29, 37, 45, 44, 52, 53, 54, 55]
[00:00:00:12:508] ! Bidirectional. expansions: 5,431, time: 12,022 [ms], path length: 45 [edges], g_F: 32, g_B: 13, generated: {'F': 6,132, 'B': 3,034}, MM: 19, MMPER: 40.30434782608695%
[00:00:00:12:508] 
---------- SM_Grids/7x8_grid_with_random_blocks_16per_6 ----------
[00:00:00:00:054] Path of length 45 found: [0, 1, 9, 17, 16, 24, 32, 33, 25, 26, 34, 35, 27, 19, 18, 10, 2, 3, 11, 12, 4, 5, 13, 14, 6, 7, 15, 23, 31, 30, 29, 21, 20, 28, 36, 44, 43, 51, 52, 53, 45, 37, 38, 46, 54, 55]
[00:00:00:00:054] ! Unidirectional s-t. expansions: 44, time: 54 [ms], path length: 45 [edges], generated: 74
[00:00:00:00:075] Path of length 45 found: [55, 54, 46, 38, 30, 31, 23, 15, 7, 6, 14, 13, 5, 4, 3, 2, 10, 18, 19, 11, 12, 20, 21, 29, 37, 45, 53, 52, 51, 43, 44, 36, 28, 27, 35, 34, 26, 25, 33, 32, 24, 16, 17, 9, 1, 0]
[00:00:00:00:075] ! Unidirectional t-s. expansions: 65, time: 75 [ms], path length: 45 [edges], generated: 113
[00:00:00:00:125] Path of length 45 found: [0, 1, 9, 17, 16, 24, 32, 33, 25, 26, 34, 35, 27, 28, 36, 44, 43, 51, 52, 53, 45, 37, 29, 21, 20, 12, 11, 19, 18, 10, 2, 3, 4, 5, 13, 14, 6, 7, 15, 23, 31, 30, 38, 46, 54, 55]
[00:00:00:00:789] ! Bidirectional. expansions: 61, time: 125 [ms], path length: 45 [edges], g_F: 17, g_B: 28, generated: {'F': 57, 'B': 59}, MM: 11, MMPER: 22.91304347826087%
[00:00:00:00:790] 
---------- SM_Grids/7x8_grid_with_random_blocks_16per_7 ----------
[00:00:00:00:053] Path of length 47 found: [0, 1, 9, 8, 16, 17, 25, 24, 32, 40, 48, 49, 41, 33, 34, 42, 50, 51, 43, 44, 52, 53, 45, 37, 36, 28, 27, 19, 11, 3, 4, 12, 20, 21, 13, 14, 6, 7, 15, 23, 22, 30, 38, 39, 47, 46, 54, 55]
[00:00:00:00:054] ! Unidirectional s-t. expansions: 46, time: 53 [ms], path length: 47 [edges], generated: 70
[00:00:00:00:051] Path of length 47 found: [55, 47, 39, 38, 30, 22, 23, 15, 7, 6, 14, 13, 21, 20, 12, 4, 3, 11, 19, 27, 28, 36, 37, 45, 46, 54, 53, 52, 44, 43, 51, 50, 42, 34, 33, 41, 49, 48, 40, 32, 24, 25, 17, 16, 8, 9, 1, 0]
[00:00:00:00:052] ! Unidirectional t-s. expansions: 46, time: 51 [ms], path length: 47 [edges], generated: 70
[00:00:00:00:104] Path of length 47 found: [0, 1, 9, 8, 16, 17, 25, 24, 32, 40, 48, 49, 41, 33, 34, 42, 50, 51, 43, 44, 52, 53, 54, 46, 45, 37, 36, 28, 27, 19, 11, 3, 4, 12, 20, 21, 13, 14, 6, 7, 15, 23, 22, 30, 38, 39, 47, 55]
[00:00:00:00:592] ! Bidirectional. expansions: 46, time: 104 [ms], path length: 47 [edges], g_F: 40, g_B: 7, generated: {'F': 63, 'B': 13}, MM: 33, MMPER: 67.75%
[00:00:00:00:592] 
---------- SM_Grids/7x8_grid_with_random_blocks_16per_8 ----------
[00:00:00:04:429] Path of length 43 found: [0, 8, 16, 17, 9, 10, 2, 3, 4, 12, 20, 19, 18, 26, 25, 33, 32, 40, 41, 42, 50, 51, 43, 35, 36, 28, 29, 21, 13, 5, 6, 7, 15, 23, 31, 30, 38, 37, 45, 53, 54, 46, 47, 55]
[00:00:00:04:429] ! Unidirectional s-t. expansions: 3,656, time: 4,429 [ms], path length: 43 [edges], generated: 6,420
[00:00:00:09:984] Path of length 43 found: [55, 47, 39, 31, 23, 15, 7, 6, 5, 4, 3, 2, 10, 18, 19, 20, 12, 13, 21, 29, 28, 36, 37, 38, 46, 54, 53, 45, 44, 43, 51, 50, 42, 41, 40, 32, 33, 34, 26, 25, 17, 9, 8, 0]
[00:00:00:09:985] ! Unidirectional t-s. expansions: 8,442, time: 9,985 [ms], path length: 43 [edges], generated: 13,969
[00:00:00:31:128] Path of length 43 found: [0, 8, 16, 17, 9, 10, 2, 3, 4, 12, 20, 19, 18, 26, 34, 33, 32, 40, 41, 42, 50, 51, 43, 35, 36, 44, 45, 53, 54, 46, 38, 30, 29, 21, 13, 5, 6, 7, 15, 23, 31, 39, 47, 55]
[00:00:00:31:602] ! Bidirectional. expansions: 14,408, time: 31,129 [ms], path length: 43 [edges], g_F: 32, g_B: 11, generated: {'F': 15,268, 'B': 10,047}, MM: 21, MMPER: 46.72727272727273%
[00:00:00:31:602] 
---------- SM_Grids/7x8_grid_with_random_blocks_16per_9 ----------
[00:00:00:00:532] Path of length 45 found: [0, 8, 16, 24, 25, 17, 9, 1, 2, 10, 18, 19, 20, 28, 27, 26, 34, 35, 43, 42, 41, 49, 50, 51, 52, 44, 45, 37, 38, 30, 22, 14, 13, 12, 4, 5, 6, 7, 15, 23, 31, 39, 47, 46, 54, 55]
[00:00:00:00:532] ! Unidirectional s-t. expansions: 263, time: 532 [ms], path length: 45 [edges], generated: 443
[00:00:00:00:388] Path of length 45 found: [55, 54, 46, 47, 39, 31, 23, 15, 7, 6, 5, 4, 3, 2, 10, 18, 19, 27, 28, 20, 12, 13, 14, 22, 30, 38, 37, 45, 44, 52, 51, 50, 49, 41, 42, 43, 35, 34, 26, 25, 24, 16, 17, 9, 1, 0]
[00:00:00:00:388] ! Unidirectional t-s. expansions: 392, time: 388 [ms], path length: 45 [edges], generated: 622
[00:00:00:01:326] Path of length 45 found: [0, 1, 2, 3, 4, 12, 20, 28, 27, 19, 18, 10, 9, 8, 16, 24, 25, 26, 34, 35, 43, 42, 41, 49, 50, 51, 52, 44, 45, 37, 38, 30, 22, 14, 13, 5, 6, 7, 15, 23, 31, 39, 47, 46, 54, 55]
[00:00:00:01:788] ! Bidirectional. expansions: 625, time: 1,326 [ms], path length: 45 [edges], g_F: 16, g_B: 29, generated: {'F': 335, 'B': 702}, MM: 13, MMPER: 27.26086956521739%
[00:00:00:01:788] average expansions: (1,464, 2,639, 6,331, 0)
[00:00:00:01:789] average time: (1,735, 2,757, 13,225, 0)
[00:00:00:01:789] XIDA: 1,464 , 1,735 (expansions , time[ms])
[00:00:00:01:789] BiXIDA: 6,331 , 13,225 (expansions , time[ms])

