--------------------------
date: SM_Grids
number_of_graphs: 10
graph_type: grid
size_of_graphs: [7, 7]
heuristic: bcc_heuristic
snake: False
run_uni: True
run_bi: True
run_multi: False
solution_vertices: []
algorithms: ['IDA']
lookahead: 1
bsd: False
cube_first_dims: 4
cube_buffer_dim: None
backward_sym_generation: False
sym_coil: False
prefix_set: None

---------- SM_Grids/7x7_grid_with_random_blocks_8per_0 ----------
[00:00:00:02:744] Path of length 44 found: [0, 7, 8, 1, 2, 9, 16, 15, 22, 21, 28, 35, 42, 43, 36, 29, 30, 37, 44, 45, 46, 39, 38, 31, 32, 25, 18, 17, 10, 3, 4, 11, 12, 5, 6, 13, 20, 19, 26, 27, 34, 33, 40, 47, 48]
[00:00:00:02:744] ! Unidirectional s-t. expansions: 5,058, time: 2,744 [ms], path length: 44 [edges], generated: 8,588
[00:00:00:12:671] Path of length 44 found: [48, 41, 34, 27, 20, 13, 6, 5, 4, 3, 2, 9, 16, 17, 10, 11, 12, 19, 18, 25, 26, 33, 32, 31, 30, 29, 36, 37, 38, 39, 40, 47, 46, 45, 44, 43, 42, 35, 28, 21, 22, 15, 8, 1, 0]
[00:00:00:12:671] ! Unidirectional t-s. expansions: 21,160, time: 12,671 [ms], path length: 44 [edges], generated: 33,903
[00:00:00:24:305] Path of length 44 found: [0, 7, 8, 1, 2, 9, 16, 15, 22, 21, 28, 35, 42, 43, 44, 37, 36, 29, 30, 31, 38, 45, 46, 47, 40, 33, 32, 25, 26, 19, 18, 17, 10, 3, 4, 11, 12, 5, 6, 13, 20, 27, 34, 41, 48]
[00:00:00:24:644] ! Bidirectional. expansions: 14,745, time: 24,305 [ms], path length: 44 [edges], g_F: 26, g_B: 18, generated: {'F': 15,500, 'B': 11,258}, MM: 8, MMPER: 16.77777777777778%
[00:00:00:24:644] 
---------- SM_Grids/7x7_grid_with_random_blocks_8per_1 ----------
[00:00:00:19:888] Path of length 42 found: [0, 7, 14, 21, 28, 35, 42, 43, 36, 29, 22, 15, 8, 9, 2, 3, 10, 17, 16, 23, 30, 31, 24, 25, 18, 11, 4, 5, 6, 13, 12, 19, 20, 27, 26, 33, 32, 39, 46, 47, 40, 41, 48]
[00:00:00:19:888] ! Unidirectional s-t. expansions: 27,277, time: 19,888 [ms], path length: 42 [edges], generated: 48,487
[00:00:00:37:953] Path of length 42 found: [48, 41, 34, 27, 20, 13, 6, 5, 4, 3, 2, 9, 8, 15, 22, 23, 16, 17, 10, 11, 12, 19, 18, 25, 26, 33, 40, 47, 46, 39, 32, 31, 30, 29, 36, 43, 42, 35, 28, 21, 14, 7, 0]
[00:00:00:37:953] ! Unidirectional t-s. expansions: 53,243, time: 37,953 [ms], path length: 42 [edges], generated: 91,643
[00:00:01:44:536] Path of length 42 found: [0, 7, 14, 21, 28, 35, 42, 43, 36, 29, 30, 31, 38, 39, 46, 47, 40, 33, 26, 25, 18, 19, 12, 11, 10, 17, 16, 23, 22, 15, 8, 9, 2, 3, 4, 5, 6, 13, 20, 27, 34, 41, 48]
[00:00:01:44:865] ! Bidirectional. expansions: 69,415, time: 104,536 [ms], path length: 42 [edges], g_F: 19, g_B: 23, generated: {'F': 67,890, 'B': 57,825}, MM: 4, MMPER: 8.30232558139535%
[00:00:01:44:865] 
---------- SM_Grids/7x7_grid_with_random_blocks_8per_2 ----------
[00:00:00:05:854] Path of length 44 found: [0, 7, 14, 21, 28, 35, 36, 43, 44, 37, 30, 29, 22, 15, 8, 9, 2, 3, 10, 17, 16, 23, 24, 31, 38, 45, 46, 39, 32, 33, 26, 19, 18, 11, 4, 5, 12, 13, 20, 27, 34, 41, 40, 47, 48]
[00:00:00:05:854] ! Unidirectional s-t. expansions: 7,818, time: 5,854 [ms], path length: 44 [edges], generated: 13,602
[00:00:00:11:171] Path of length 44 found: [48, 41, 34, 27, 20, 13, 6, 5, 4, 3, 2, 9, 8, 15, 22, 29, 30, 37, 38, 31, 24, 23, 16, 17, 10, 11, 18, 19, 26, 33, 32, 39, 40, 47, 46, 45, 44, 43, 36, 35, 28, 21, 14, 7, 0]
[00:00:00:11:171] ! Unidirectional t-s. expansions: 14,939, time: 11,171 [ms], path length: 44 [edges], generated: 25,218
[00:00:00:48:203] Path of length 44 found: [0, 7, 14, 21, 28, 35, 36, 43, 44, 37, 30, 29, 22, 23, 24, 31, 38, 45, 46, 47, 40, 39, 32, 33, 26, 19, 12, 11, 10, 17, 16, 15, 8, 9, 2, 3, 4, 5, 6, 13, 20, 27, 34, 41, 48]
[00:00:00:48:533] ! Bidirectional. expansions: 29,369, time: 48,203 [ms], path length: 44 [edges], g_F: 27, g_B: 17, generated: {'F': 29,727, 'B': 24,969}, MM: 10, MMPER: 21.22222222222222%
[00:00:00:48:533] 
---------- SM_Grids/7x7_grid_with_random_blocks_8per_3 ----------
[00:00:00:17:944] Path of length 44 found: [0, 7, 14, 21, 28, 35, 42, 43, 44, 37, 30, 29, 22, 23, 16, 9, 8, 1, 2, 3, 10, 17, 24, 31, 38, 45, 46, 39, 32, 25, 18, 11, 4, 5, 6, 13, 12, 19, 20, 27, 26, 33, 40, 47, 48]
[00:00:00:17:944] ! Unidirectional s-t. expansions: 31,512, time: 17,944 [ms], path length: 44 [edges], generated: 48,560
[00:00:00:00:852] Path of length 44 found: [48, 41, 40, 47, 46, 39, 32, 33, 26, 27, 20, 13, 6, 5, 4, 3, 2, 1, 8, 9, 16, 17, 10, 11, 12, 19, 18, 25, 24, 23, 22, 29, 30, 31, 38, 37, 44, 43, 42, 35, 28, 21, 14, 7, 0]
[00:00:00:00:853] ! Unidirectional t-s. expansions: 1,015, time: 853 [ms], path length: 44 [edges], generated: 1,820
[00:00:00:11:841] Path of length 44 found: [0, 7, 14, 21, 22, 29, 28, 35, 42, 43, 44, 45, 38, 31, 30, 23, 16, 17, 24, 25, 18, 19, 12, 11, 10, 9, 8, 1, 2, 3, 4, 5, 6, 13, 20, 27, 26, 33, 32, 39, 46, 47, 40, 41, 48]
[00:00:00:12:165] ! Bidirectional. expansions: 7,296, time: 11,841 [ms], path length: 44 [edges], g_F: 14, g_B: 30, generated: {'F': 8,363, 'B': 3,874}, MM: 16, MMPER: 34.55555555555556%
[00:00:00:12:166] 
---------- SM_Grids/7x7_grid_with_random_blocks_8per_4 ----------
[00:00:00:00:565] Path of length 44 found: [0, 7, 14, 21, 28, 35, 42, 43, 36, 29, 22, 15, 8, 1, 2, 9, 16, 23, 30, 37, 38, 45, 46, 39, 32, 31, 24, 25, 18, 11, 4, 5, 6, 13, 12, 19, 20, 27, 26, 33, 34, 41, 40, 47, 48]
[00:00:00:00:566] ! Unidirectional s-t. expansions: 621, time: 566 [ms], path length: 44 [edges], generated: 1,030
[00:00:00:01:901] Path of length 44 found: [48, 41, 34, 27, 20, 13, 6, 5, 4, 11, 10, 9, 2, 1, 8, 15, 16, 23, 22, 29, 30, 31, 24, 25, 18, 19, 26, 33, 32, 39, 40, 47, 46, 45, 38, 37, 36, 43, 42, 35, 28, 21, 14, 7, 0]
[00:00:00:01:901] ! Unidirectional t-s. expansions: 2,168, time: 1,901 [ms], path length: 44 [edges], generated: 3,671
[00:00:00:11:872] Path of length 44 found: [0, 7, 14, 21, 28, 35, 42, 43, 36, 29, 22, 23, 16, 15, 8, 1, 2, 9, 10, 11, 4, 5, 6, 13, 12, 19, 18, 25, 24, 31, 30, 37, 38, 45, 46, 47, 40, 39, 32, 33, 26, 27, 34, 41, 48]
[00:00:00:12:203] ! Bidirectional. expansions: 6,408, time: 11,872 [ms], path length: 44 [edges], g_F: 25, g_B: 19, generated: {'F': 5,102, 'B': 6,045}, MM: 6, MMPER: 12.333333333333334%
[00:00:00:12:203] 
---------- SM_Grids/7x7_grid_with_random_blocks_8per_5 ----------
[00:00:00:01:225] Path of length 44 found: [0, 7, 14, 21, 28, 35, 42, 43, 36, 29, 22, 15, 8, 1, 2, 9, 10, 17, 24, 23, 30, 37, 44, 45, 46, 39, 38, 31, 32, 25, 18, 11, 12, 5, 6, 13, 20, 19, 26, 27, 34, 33, 40, 41, 48]
[00:00:00:01:225] ! Unidirectional s-t. expansions: 1,390, time: 1,225 [ms], path length: 44 [edges], generated: 2,330
[00:00:00:06:372] Path of length 44 found: [48, 41, 34, 27, 20, 13, 6, 5, 12, 11, 18, 19, 26, 25, 32, 33, 40, 39, 46, 45, 38, 31, 30, 29, 36, 37, 44, 43, 42, 35, 28, 21, 14, 15, 22, 23, 24, 17, 10, 3, 2, 9, 8, 1, 0]
[00:00:00:06:372] ! Unidirectional t-s. expansions: 9,889, time: 6,372 [ms], path length: 44 [edges], generated: 15,616
[00:00:00:26:807] Path of length 44 found: [0, 7, 14, 21, 28, 35, 42, 43, 36, 29, 22, 15, 8, 1, 2, 9, 10, 17, 24, 23, 30, 31, 38, 37, 44, 45, 46, 39, 40, 33, 32, 25, 26, 19, 18, 11, 12, 5, 6, 13, 20, 27, 34, 41, 48]
[00:00:00:27:128] ! Bidirectional. expansions: 17,269, time: 26,807 [ms], path length: 44 [edges], g_F: 16, g_B: 28, generated: {'F': 8,424, 'B': 21,002}, MM: 12, MMPER: 25.666666666666668%
[00:00:00:27:128] 
---------- SM_Grids/7x7_grid_with_random_blocks_8per_6 ----------
[00:00:00:07:784] Path of length 44 found: [0, 1, 8, 15, 14, 21, 28, 35, 42, 43, 36, 29, 22, 23, 30, 37, 44, 45, 46, 39, 38, 31, 24, 17, 16, 9, 2, 3, 4, 11, 18, 25, 26, 19, 12, 5, 6, 13, 20, 27, 34, 33, 40, 47, 48]
[00:00:00:07:784] ! Unidirectional s-t. expansions: 12,640, time: 7,784 [ms], path length: 44 [edges], generated: 20,130
[00:00:00:03:072] Path of length 44 found: [48, 41, 34, 27, 20, 13, 6, 5, 4, 3, 2, 9, 16, 23, 22, 29, 36, 37, 30, 31, 24, 17, 18, 11, 12, 19, 26, 33, 40, 47, 46, 39, 38, 45, 44, 43, 42, 35, 28, 21, 14, 15, 8, 1, 0]
[00:00:00:03:072] ! Unidirectional t-s. expansions: 3,556, time: 3,072 [ms], path length: 44 [edges], generated: 6,085
[00:00:00:25:776] Path of length 44 found: [0, 1, 8, 15, 14, 21, 28, 35, 42, 43, 36, 29, 22, 23, 30, 31, 38, 37, 44, 45, 46, 39, 40, 33, 26, 19, 12, 11, 18, 25, 24, 17, 16, 9, 2, 3, 4, 5, 6, 13, 20, 27, 34, 41, 48]
[00:00:00:26:122] ! Bidirectional. expansions: 16,072, time: 25,776 [ms], path length: 44 [edges], g_F: 22, g_B: 22, generated: {'F': 14,927, 'B': 13,942}, MM: 0, MMPER: -1.0%
[00:00:00:26:122] 
---------- SM_Grids/7x7_grid_with_random_blocks_8per_7 ----------
[00:00:01:14:966] Valid states checked so far: 200,000, Expansions: 119,086, Global best: 43
[00:00:01:21:330] Path of length 42 found: [0, 7, 14, 21, 28, 35, 42, 43, 36, 29, 22, 15, 8, 1, 2, 9, 16, 23, 30, 37, 44, 45, 46, 39, 38, 31, 24, 17, 10, 3, 4, 5, 12, 11, 18, 19, 26, 25, 32, 33, 40, 47, 48]
[00:00:01:21:331] ! Unidirectional s-t. expansions: 129,857, time: 81,330 [ms], path length: 42 [edges], generated: 217,483
[00:00:00:15:238] Path of length 42 found: [48, 41, 40, 47, 46, 39, 32, 33, 26, 19, 12, 5, 4, 3, 2, 9, 16, 17, 10, 11, 18, 25, 24, 23, 22, 29, 36, 37, 30, 31, 38, 45, 44, 43, 42, 35, 28, 21, 14, 15, 8, 1, 0]
[00:00:00:15:238] ! Unidirectional t-s. expansions: 21,733, time: 15,238 [ms], path length: 42 [edges], generated: 38,651
[00:00:01:31:745] Path of length 42 found: [0, 7, 14, 21, 28, 35, 42, 43, 36, 29, 22, 15, 8, 1, 2, 9, 16, 23, 30, 37, 44, 45, 38, 31, 24, 17, 10, 3, 4, 5, 12, 11, 18, 25, 26, 33, 32, 39, 46, 47, 40, 41, 48]
[00:00:01:32:064] ! Bidirectional. expansions: 58,950, time: 91,745 [ms], path length: 42 [edges], g_F: 32, g_B: 10, generated: {'F': 51,482, 'B': 58,571}, MM: 22, MMPER: 50.16279069767442%
[00:00:01:32:064] 
---------- SM_Grids/7x7_grid_with_random_blocks_8per_8 ----------
[00:00:01:06:335] Path of length 42 found: [0, 7, 8, 1, 2, 9, 16, 15, 22, 21, 28, 35, 42, 43, 44, 37, 38, 45, 46, 39, 32, 31, 24, 17, 10, 3, 4, 11, 18, 25, 26, 19, 12, 5, 6, 13, 20, 27, 34, 33, 40, 47, 48]
[00:00:01:06:335] ! Unidirectional s-t. expansions: 87,390, time: 66,335 [ms], path length: 42 [edges], generated: 155,342
[00:00:01:26:819] Valid states checked so far: 200,000, Expansions: 119,144, Global best: 43
[00:00:02:04:575] Path of length 42 found: [48, 41, 34, 27, 20, 13, 6, 5, 4, 3, 2, 9, 16, 23, 24, 17, 10, 11, 12, 19, 18, 25, 26, 33, 32, 31, 38, 39, 40, 47, 46, 45, 44, 43, 42, 35, 28, 21, 22, 15, 8, 1, 0]
[00:00:02:04:575] ! Unidirectional t-s. expansions: 174,649, time: 124,575 [ms], path length: 42 [edges], generated: 294,280
[00:00:12:27:355] Path of length 42 found: [0, 7, 8, 15, 22, 21, 28, 35, 42, 43, 44, 37, 38, 45, 46, 47, 40, 39, 32, 33, 26, 25, 18, 19, 12, 11, 10, 17, 24, 23, 16, 9, 2, 3, 4, 5, 6, 13, 20, 27, 34, 41, 48]
[00:00:12:27:680] ! Bidirectional. expansions: 458,516, time: 747,355 [ms], path length: 42 [edges], g_F: 6, g_B: 36, generated: {'F': 563,153, 'B': 279,905}, MM: 30, MMPER: 68.76744186046511%
[00:00:12:27:681] 
---------- SM_Grids/7x7_grid_with_random_blocks_8per_9 ----------
[00:00:00:08:619] Path of length 44 found: [0, 7, 14, 21, 28, 35, 42, 43, 36, 29, 22, 15, 8, 1, 2, 9, 16, 23, 30, 37, 44, 45, 46, 39, 38, 31, 32, 25, 18, 17, 10, 3, 4, 11, 12, 5, 6, 13, 20, 27, 26, 33, 40, 41, 48]
[00:00:00:08:619] ! Unidirectional s-t. expansions: 11,976, time: 8,619 [ms], path length: 44 [edges], generated: 19,458
[00:00:00:01:759] Path of length 44 found: [48, 41, 34, 27, 20, 13, 6, 5, 12, 11, 4, 3, 2, 1, 8, 15, 22, 29, 36, 37, 30, 23, 16, 9, 10, 17, 18, 25, 26, 33, 40, 39, 32, 31, 38, 45, 44, 43, 42, 35, 28, 21, 14, 7, 0]
[00:00:00:01:759] ! Unidirectional t-s. expansions: 2,121, time: 1,759 [ms], path length: 44 [edges], generated: 3,597
[00:00:00:38:978] Path of length 44 found: [0, 7, 14, 21, 28, 35, 42, 43, 36, 29, 30, 23, 22, 15, 8, 1, 2, 9, 16, 17, 18, 11, 10, 3, 4, 5, 12, 13, 20, 27, 26, 25, 32, 31, 38, 37, 44, 45, 46, 39, 40, 33, 34, 41, 48]
[00:00:00:39:303] ! Bidirectional. expansions: 23,429, time: 38,978 [ms], path length: 44 [edges], g_F: 27, g_B: 17, generated: {'F': 19,350, 'B': 20,971}, MM: 10, MMPER: 21.22222222222222%
[00:00:00:39:303] average expansions: (31,554, 30,447, 70,147, 0)
[00:00:00:39:303] average time: (21,229, 21,556, 113,142, 0)
[00:00:00:39:303] XIDA: 30,447 , 21,229 (expansions , time[ms])
[00:00:00:39:304] BiXIDA: 70,147 , 113,142 (expansions , time[ms])

