--------------------------
date: SM_Grids
number_of_graphs: 10
graph_type: grid
size_of_graphs: [8, 8]
heuristic: bcc_heuristic
snake: False
run_uni: True
run_bi: True
run_multi: False
solution_vertices: []
algorithms: ['IDA']
lookahead: 1
bsd: False
cube_first_dims: 4
cube_buffer_dim: None
backward_sym_generation: False
sym_coil: False
prefix_set: None

---------- SM_Grids/8x8_grid_with_random_blocks_20per_0 ----------
[00:00:00:02:103] Path of length 44 found: [0, 1, 9, 10, 2, 3, 4, 12, 20, 28, 29, 21, 13, 5, 6, 7, 15, 14, 22, 23, 31, 30, 38, 37, 36, 35, 34, 26, 25, 17, 16, 24, 32, 40, 48, 49, 41, 42, 43, 44, 52, 53, 61, 62, 63]
[00:00:00:02:103] ! Unidirectional s-t. expansions: 2,116, time: 2,103 [ms], path length: 44 [edges], generated: 3,409
[00:00:00:00:528] Path of length 44 found: [63, 62, 61, 53, 52, 44, 43, 42, 50, 49, 41, 40, 32, 24, 16, 17, 25, 26, 34, 35, 36, 28, 20, 12, 13, 21, 29, 37, 38, 39, 31, 30, 22, 23, 15, 7, 6, 5, 4, 3, 2, 10, 9, 1, 0]
[00:00:00:00:528] ! Unidirectional t-s. expansions: 560, time: 528 [ms], path length: 44 [edges], generated: 980
[00:00:00:06:281] Path of length 44 found: [0, 1, 9, 10, 2, 3, 4, 12, 20, 28, 29, 21, 13, 5, 6, 7, 15, 14, 22, 23, 31, 30, 38, 37, 36, 35, 34, 26, 25, 17, 16, 24, 32, 40, 48, 49, 50, 42, 43, 44, 52, 53, 61, 62, 63]
[00:00:00:06:810] ! Bidirectional. expansions: 3,106, time: 6,281 [ms], path length: 44 [edges], g_F: 35, g_B: 9, generated: {'F': 3,000, 'B': 1,872}, MM: 26, MMPER: 56.77777777777778%
[00:00:00:06:810] 
---------- SM_Grids/8x8_grid_with_random_blocks_20per_1 ----------
[00:00:00:23:106] Path of length 38 found: [0, 8, 16, 24, 25, 17, 9, 1, 2, 3, 11, 10, 18, 26, 34, 33, 41, 40, 48, 56, 57, 49, 50, 42, 43, 35, 27, 19, 20, 28, 29, 30, 31, 39, 47, 46, 54, 62, 63]
[00:00:00:23:107] ! Unidirectional s-t. expansions: 20,966, time: 23,106 [ms], path length: 38 [edges], generated: 36,805
[00:00:00:03:202] Path of length 38 found: [63, 62, 54, 55, 47, 39, 31, 30, 29, 21, 20, 28, 27, 19, 11, 3, 2, 10, 18, 26, 34, 35, 43, 51, 50, 49, 57, 56, 48, 40, 41, 33, 25, 24, 16, 17, 9, 1, 0]
[00:00:00:03:202] ! Unidirectional t-s. expansions: 3,286, time: 3,202 [ms], path length: 38 [edges], generated: 5,881
[00:00:01:32:998] Path of length 38 found: [0, 8, 16, 24, 25, 17, 9, 1, 2, 3, 11, 10, 18, 26, 34, 33, 41, 40, 48, 56, 57, 49, 50, 42, 43, 35, 27, 19, 20, 28, 29, 30, 31, 39, 47, 55, 54, 62, 63]
[00:00:01:33:498] ! Bidirectional. expansions: 43,123, time: 92,998 [ms], path length: 38 [edges], g_F: 32, g_B: 6, generated: {'F': 64,102, 'B': 10,254}, MM: 26, MMPER: 65.66666666666667%
[00:00:01:33:499] 
---------- SM_Grids/8x8_grid_with_random_blocks_20per_2 ----------
[00:00:00:01:131] Path of length 48 found: [0, 8, 16, 17, 9, 1, 2, 3, 4, 12, 20, 19, 18, 26, 34, 33, 41, 40, 48, 56, 57, 49, 50, 58, 59, 60, 61, 53, 45, 37, 36, 28, 29, 21, 13, 5, 6, 14, 15, 23, 22, 30, 31, 39, 38, 46, 54, 62, 63]
[00:00:00:01:131] ! Unidirectional s-t. expansions: 971, time: 1,131 [ms], path length: 48 [edges], generated: 1,686
[00:00:00:01:303] Path of length 48 found: [63, 62, 54, 46, 47, 39, 31, 23, 15, 14, 6, 5, 13, 21, 22, 30, 29, 28, 36, 37, 45, 53, 61, 60, 59, 58, 50, 49, 57, 56, 48, 40, 41, 33, 34, 26, 18, 19, 20, 12, 4, 3, 2, 1, 9, 17, 16, 8, 0]
[00:00:00:01:303] ! Unidirectional t-s. expansions: 1,042, time: 1,303 [ms], path length: 48 [edges], generated: 1,681
[00:00:00:06:888] Path of length 48 found: [0, 8, 16, 17, 9, 1, 2, 3, 4, 12, 20, 19, 18, 26, 34, 33, 41, 40, 48, 56, 57, 49, 50, 58, 59, 60, 61, 53, 45, 37, 36, 28, 29, 30, 22, 21, 13, 5, 6, 14, 15, 23, 31, 39, 47, 46, 54, 62, 63]
[00:00:00:07:366] ! Bidirectional. expansions: 3,129, time: 6,888 [ms], path length: 48 [edges], g_F: 30, g_B: 18, generated: {'F': 2,937, 'B': 2,340}, MM: 12, MMPER: 23.489795918367346%
[00:00:00:07:366] 
---------- SM_Grids/8x8_grid_with_random_blocks_20per_3 ----------
[00:00:00:00:895] Path of length 46 found: [0, 1, 9, 8, 16, 24, 32, 40, 41, 49, 57, 58, 50, 51, 43, 35, 34, 26, 27, 19, 18, 10, 11, 3, 4, 12, 13, 5, 6, 7, 15, 23, 22, 30, 31, 39, 38, 37, 36, 44, 45, 53, 52, 60, 61, 62, 63]
[00:00:00:00:896] ! Unidirectional s-t. expansions: 720, time: 896 [ms], path length: 46 [edges], generated: 1,230
[00:00:00:00:950] Path of length 46 found: [63, 62, 61, 60, 52, 53, 45, 37, 29, 30, 38, 39, 31, 23, 15, 7, 6, 5, 13, 12, 4, 3, 11, 10, 18, 19, 27, 26, 34, 35, 36, 44, 43, 51, 50, 58, 57, 49, 41, 40, 32, 24, 16, 17, 9, 1, 0]
[00:00:00:00:951] ! Unidirectional t-s. expansions: 882, time: 951 [ms], path length: 46 [edges], generated: 1,435
[00:00:00:04:428] Path of length 46 found: [0, 1, 9, 8, 16, 24, 32, 40, 41, 49, 57, 58, 50, 51, 43, 44, 36, 35, 34, 26, 27, 19, 18, 10, 11, 3, 4, 12, 13, 5, 6, 7, 15, 23, 31, 39, 38, 30, 29, 37, 45, 53, 52, 60, 61, 62, 63]
[00:00:00:04:914] ! Bidirectional. expansions: 1,815, time: 4,429 [ms], path length: 46 [edges], g_F: 21, g_B: 25, generated: {'F': 1,034, 'B': 2,080}, MM: 4, MMPER: 7.51063829787234%
[00:00:00:04:914] 
---------- SM_Grids/8x8_grid_with_random_blocks_20per_4 ----------
[00:00:01:02:983] Path of length 44 found: [0, 8, 16, 24, 32, 40, 48, 49, 57, 58, 59, 51, 43, 44, 36, 28, 20, 19, 27, 26, 34, 33, 25, 17, 18, 10, 9, 1, 2, 3, 4, 5, 6, 7, 15, 23, 22, 21, 29, 37, 45, 46, 54, 62, 63]
[00:00:01:02:983] ! Unidirectional s-t. expansions: 70,741, time: 62,983 [ms], path length: 44 [edges], generated: 112,041
[00:00:00:15:355] Path of length 44 found: [63, 55, 54, 46, 38, 37, 45, 44, 43, 51, 59, 58, 57, 49, 48, 40, 41, 33, 32, 24, 16, 8, 9, 17, 25, 26, 18, 10, 11, 19, 27, 28, 20, 21, 22, 23, 15, 7, 6, 5, 4, 3, 2, 1, 0]
[00:00:00:15:355] ! Unidirectional t-s. expansions: 14,918, time: 15,355 [ms], path length: 44 [edges], generated: 27,129
[00:00:02:45:671] Path of length 44 found: [0, 8, 16, 24, 32, 40, 48, 49, 57, 58, 59, 51, 43, 44, 36, 28, 20, 19, 11, 10, 18, 26, 34, 33, 25, 17, 9, 1, 2, 3, 4, 5, 6, 7, 15, 23, 22, 21, 29, 37, 38, 46, 54, 55, 63]
[00:00:02:46:104] ! Bidirectional. expansions: 82,987, time: 165,671 [ms], path length: 44 [edges], g_F: 17, g_B: 27, generated: {'F': 84,681, 'B': 57,489}, MM: 10, MMPER: 21.22222222222222%
[00:00:02:46:104] 
---------- SM_Grids/8x8_grid_with_random_blocks_20per_5 ----------
[00:00:00:04:163] Path of length 46 found: [0, 1, 9, 8, 16, 24, 32, 40, 48, 49, 57, 58, 59, 51, 50, 42, 41, 33, 25, 17, 18, 26, 34, 35, 36, 28, 20, 12, 13, 21, 22, 14, 15, 23, 31, 39, 38, 37, 45, 53, 61, 62, 54, 46, 47, 55, 63]
[00:00:00:04:163] ! Unidirectional s-t. expansions: 3,904, time: 4,163 [ms], path length: 46 [edges], generated: 7,098
[00:00:00:01:816] Path of length 46 found: [63, 55, 47, 39, 31, 23, 15, 14, 22, 21, 13, 12, 20, 28, 29, 37, 38, 46, 54, 62, 61, 53, 52, 51, 59, 58, 57, 49, 48, 40, 32, 24, 25, 33, 41, 42, 43, 35, 34, 26, 18, 17, 16, 8, 9, 1, 0]
[00:00:00:01:816] ! Unidirectional t-s. expansions: 1,657, time: 1,816 [ms], path length: 46 [edges], generated: 3,097
[00:00:00:41:332] Path of length 46 found: [0, 1, 9, 8, 16, 24, 32, 40, 48, 49, 57, 58, 50, 42, 41, 33, 25, 17, 18, 26, 34, 35, 43, 51, 52, 53, 61, 62, 54, 46, 38, 37, 29, 28, 20, 12, 13, 21, 22, 14, 15, 23, 31, 39, 47, 55, 63]
[00:00:00:41:760] ! Bidirectional. expansions: 20,013, time: 41,332 [ms], path length: 46 [edges], g_F: 33, g_B: 13, generated: {'F': 20,846, 'B': 14,635}, MM: 20, MMPER: 41.5531914893617%
[00:00:00:41:760] 
---------- SM_Grids/8x8_grid_with_random_blocks_20per_6 ----------
[00:00:00:01:658] Path of length 46 found: [0, 1, 9, 8, 16, 17, 18, 10, 11, 19, 27, 28, 20, 21, 13, 12, 4, 5, 6, 14, 15, 23, 31, 39, 38, 37, 36, 44, 45, 53, 52, 51, 43, 42, 50, 49, 48, 56, 57, 58, 59, 60, 61, 62, 54, 55, 63]
[00:00:00:01:659] ! Unidirectional s-t. expansions: 1,586, time: 1,658 [ms], path length: 46 [edges], generated: 2,596
[00:00:00:02:680] Path of length 46 found: [63, 55, 47, 39, 31, 23, 15, 14, 6, 5, 4, 12, 13, 21, 29, 37, 45, 53, 54, 62, 61, 60, 52, 51, 59, 58, 57, 56, 48, 49, 50, 42, 43, 44, 36, 28, 20, 19, 27, 26, 18, 10, 9, 17, 16, 8, 0]
[00:00:00:02:680] ! Unidirectional t-s. expansions: 3,085, time: 2,680 [ms], path length: 46 [edges], generated: 5,083
[00:00:00:12:126] Path of length 46 found: [0, 1, 9, 8, 16, 17, 18, 10, 11, 19, 27, 28, 36, 44, 43, 42, 50, 49, 48, 56, 57, 58, 59, 51, 52, 60, 61, 62, 54, 53, 45, 37, 29, 21, 20, 12, 4, 5, 13, 14, 15, 23, 31, 39, 47, 55, 63]
[00:00:00:12:578] ! Bidirectional. expansions: 6,058, time: 12,126 [ms], path length: 46 [edges], g_F: 39, g_B: 7, generated: {'F': 8,580, 'B': 1,832}, MM: 32, MMPER: 67.08510638297872%
[00:00:00:12:578] 
---------- SM_Grids/8x8_grid_with_random_blocks_20per_7 ----------
[00:00:00:03:890] Path of length 42 found: [0, 8, 16, 24, 32, 40, 41, 33, 25, 17, 9, 1, 2, 3, 11, 19, 18, 26, 34, 42, 50, 51, 43, 35, 27, 28, 20, 12, 4, 5, 6, 14, 15, 23, 31, 30, 38, 39, 47, 55, 54, 62, 63]
[00:00:00:03:890] ! Unidirectional s-t. expansions: 3,569, time: 3,890 [ms], path length: 42 [edges], generated: 5,947
[00:00:00:00:424] Path of length 42 found: [63, 62, 54, 55, 47, 39, 38, 30, 31, 23, 15, 7, 6, 5, 4, 3, 2, 1, 9, 17, 25, 33, 34, 26, 18, 19, 11, 12, 20, 28, 27, 35, 43, 51, 50, 42, 41, 40, 32, 24, 16, 8, 0]
[00:00:00:00:424] ! Unidirectional t-s. expansions: 410, time: 424 [ms], path length: 42 [edges], generated: 747
[00:00:00:13:133] Path of length 42 found: [0, 8, 16, 24, 32, 40, 41, 33, 25, 17, 9, 1, 2, 3, 11, 19, 18, 26, 34, 42, 50, 51, 43, 35, 27, 28, 20, 12, 4, 5, 6, 14, 15, 23, 31, 30, 38, 39, 47, 55, 54, 62, 63]
[00:00:00:13:586] ! Bidirectional. expansions: 6,505, time: 13,133 [ms], path length: 42 [edges], g_F: 32, g_B: 10, generated: {'F': 6,476, 'B': 3,698}, MM: 22, MMPER: 50.16279069767442%
[00:00:00:13:586] 
---------- SM_Grids/8x8_grid_with_random_blocks_20per_8 ----------
[00:00:00:00:241] Path of length 48 found: [0, 8, 16, 24, 32, 33, 25, 17, 9, 10, 2, 3, 11, 19, 20, 12, 4, 5, 13, 14, 6, 7, 15, 23, 22, 21, 29, 28, 27, 35, 36, 44, 52, 51, 50, 42, 41, 49, 57, 58, 59, 60, 61, 53, 45, 46, 47, 55, 63]
[00:00:00:00:242] ! Unidirectional s-t. expansions: 264, time: 241 [ms], path length: 48 [edges], generated: 413
[00:00:00:00:054] Path of length 48 found: [63, 55, 47, 46, 45, 53, 61, 60, 59, 58, 57, 49, 41, 42, 50, 51, 52, 44, 36, 35, 27, 19, 11, 12, 20, 28, 29, 21, 13, 14, 22, 23, 15, 7, 6, 5, 4, 3, 2, 10, 9, 17, 25, 33, 32, 24, 16, 8, 0]
[00:00:00:00:054] ! Unidirectional t-s. expansions: 51, time: 54 [ms], path length: 48 [edges], generated: 81
[00:00:00:00:526] Path of length 48 found: [0, 8, 16, 24, 32, 33, 25, 17, 9, 10, 2, 3, 11, 19, 20, 12, 4, 5, 13, 14, 6, 7, 15, 23, 22, 21, 29, 28, 27, 35, 36, 44, 52, 51, 50, 42, 41, 49, 57, 58, 59, 60, 61, 53, 45, 46, 47, 55, 63]
[00:00:00:00:949] ! Bidirectional. expansions: 264, time: 526 [ms], path length: 48 [edges], g_F: 48, g_B: 0, generated: {'F': 406, 'B': 6}, MM: 48, MMPER: 96.95918367346938%
[00:00:00:00:950] 
---------- SM_Grids/8x8_grid_with_random_blocks_20per_9 ----------
[00:00:00:00:049] Path of length 36 found: [0, 8, 9, 1, 2, 10, 18, 26, 34, 35, 27, 28, 36, 44, 45, 37, 29, 21, 13, 5, 6, 7, 15, 14, 22, 23, 31, 30, 38, 39, 47, 55, 54, 53, 61, 62, 63]
[00:00:00:00:049] ! Unidirectional s-t. expansions: 38, time: 49 [ms], path length: 36 [edges], generated: 65
[00:00:00:00:176] Path of length 36 found: [63, 62, 61, 53, 54, 55, 47, 39, 31, 23, 15, 7, 6, 5, 13, 14, 22, 21, 29, 30, 38, 37, 45, 44, 36, 28, 27, 35, 34, 26, 18, 17, 9, 10, 2, 1, 0]
[00:00:00:00:176] ! Unidirectional t-s. expansions: 166, time: 176 [ms], path length: 36 [edges], generated: 282
[00:00:00:00:591] Path of length 36 found: [0, 8, 9, 1, 2, 10, 18, 26, 34, 35, 27, 28, 36, 44, 45, 37, 38, 30, 29, 21, 22, 14, 13, 5, 6, 7, 15, 23, 31, 39, 47, 55, 54, 53, 61, 62, 63]
[00:00:00:01:015] ! Bidirectional. expansions: 226, time: 592 [ms], path length: 36 [edges], g_F: 4, g_B: 32, generated: {'F': 178, 'B': 210}, MM: 28, MMPER: 74.67567567567568%
[00:00:00:01:015] average expansions: (10,488, 2,606, 16,723, 0)
[00:00:00:01:015] average time: (10,022, 2,649, 34,398, 0)
[00:00:00:01:015] XIDA: 2,606 , 2,649 (expansions , time[ms])
[00:00:00:01:015] BiXIDA: 16,723 , 34,398 (expansions , time[ms])

