--------------------------
date: SM_Grids
number_of_graphs: 10
graph_type: grid
size_of_graphs: [7, 8]
heuristic: bcc_heuristic
snake: False
run_uni: True
run_bi: True
run_multi: False
solution_vertices: []
algorithms: ['IDA']
lookahead: 1
bsd: False
cube_first_dims: 4
cube_buffer_dim: None
backward_sym_generation: False
sym_coil: False
prefix_set: None

---------- SM_Grids/7x8_grid_with_random_blocks_12per_0 ----------
[00:00:00:14:569] Path of length 47 found: [0, 1, 2, 10, 18, 17, 16, 24, 32, 40, 48, 49, 41, 33, 25, 26, 34, 42, 50, 51, 43, 44, 45, 37, 29, 21, 13, 12, 20, 28, 27, 19, 11, 3, 4, 5, 6, 7, 15, 14, 22, 23, 31, 30, 38, 46, 47, 55]
[00:00:00:14:570] ! Unidirectional s-t. expansions: 20,370, time: 14,569 [ms], path length: 47 [edges], generated: 33,010
[00:00:00:04:604] Path of length 47 found: [55, 47, 39, 31, 23, 15, 7, 6, 5, 4, 3, 11, 19, 27, 28, 20, 12, 13, 14, 22, 21, 29, 30, 38, 37, 45, 44, 43, 51, 50, 42, 34, 26, 25, 33, 41, 49, 48, 40, 32, 24, 16, 17, 18, 10, 2, 1, 0]
[00:00:00:04:604] ! Unidirectional t-s. expansions: 5,634, time: 4,604 [ms], path length: 47 [edges], generated: 9,683
[00:00:00:44:902] Path of length 47 found: [0, 1, 2, 10, 18, 17, 16, 24, 32, 40, 48, 49, 41, 33, 25, 26, 34, 42, 50, 51, 43, 44, 45, 37, 38, 30, 29, 21, 22, 14, 13, 12, 20, 28, 27, 19, 11, 3, 4, 5, 6, 7, 15, 23, 31, 39, 47, 55]
[00:00:00:45:366] ! Bidirectional. expansions: 23,459, time: 44,902 [ms], path length: 47 [edges], g_F: 24, g_B: 23, generated: {'F': 27,491, 'B': 12,814}, MM: 1, MMPER: 1.0833333333333335%
[00:00:00:45:366] 
---------- SM_Grids/7x8_grid_with_random_blocks_12per_1 ----------
[00:00:00:05:299] Path of length 47 found: [0, 8, 16, 24, 32, 40, 41, 33, 25, 17, 9, 10, 2, 3, 11, 19, 18, 26, 34, 42, 50, 51, 43, 35, 27, 28, 20, 21, 13, 12, 4, 5, 6, 14, 15, 23, 22, 30, 38, 37, 36, 44, 45, 53, 54, 46, 47, 55]
[00:00:00:05:299] ! Unidirectional s-t. expansions: 5,636, time: 5,299 [ms], path length: 47 [edges], generated: 9,258
[00:00:00:00:072] Path of length 47 found: [55, 47, 39, 38, 46, 54, 53, 45, 37, 36, 44, 43, 51, 50, 42, 34, 35, 27, 28, 20, 12, 13, 21, 22, 23, 15, 14, 6, 5, 4, 3, 2, 10, 11, 19, 18, 26, 25, 33, 41, 40, 32, 24, 16, 17, 9, 8, 0]
[00:00:00:00:072] ! Unidirectional t-s. expansions: 57, time: 72 [ms], path length: 47 [edges], generated: 98
[00:00:00:09:089] Path of length 47 found: [0, 8, 16, 24, 32, 40, 41, 33, 25, 26, 18, 17, 9, 10, 2, 3, 4, 5, 6, 14, 15, 23, 22, 21, 13, 12, 11, 19, 20, 28, 27, 35, 34, 42, 50, 51, 43, 44, 36, 37, 45, 53, 54, 46, 38, 39, 47, 55]
[00:00:00:09:516] ! Bidirectional. expansions: 3,627, time: 9,090 [ms], path length: 47 [edges], g_F: 28, g_B: 19, generated: {'F': 5,837, 'B': 749}, MM: 9, MMPER: 17.75%
[00:00:00:09:516] 
---------- SM_Grids/7x8_grid_with_random_blocks_12per_2 ----------
[00:00:00:11:813] Path of length 45 found: [0, 8, 16, 24, 32, 40, 48, 49, 41, 33, 34, 26, 18, 17, 9, 1, 2, 10, 11, 3, 4, 5, 13, 21, 22, 14, 6, 7, 15, 23, 31, 39, 38, 37, 29, 28, 20, 19, 27, 35, 43, 44, 52, 53, 54, 55]
[00:00:00:11:814] ! Unidirectional s-t. expansions: 11,812, time: 11,814 [ms], path length: 45 [edges], generated: 19,751
[00:00:00:01:258] Path of length 45 found: [55, 47, 39, 31, 23, 15, 7, 6, 5, 13, 14, 22, 21, 29, 37, 45, 53, 52, 44, 43, 35, 36, 28, 20, 19, 27, 26, 34, 33, 41, 49, 48, 40, 32, 24, 16, 8, 9, 17, 18, 10, 11, 3, 2, 1, 0]
[00:00:00:01:258] ! Unidirectional t-s. expansions: 921, time: 1,258 [ms], path length: 45 [edges], generated: 1,666
[00:00:00:25:131] Path of length 45 found: [0, 8, 16, 24, 32, 40, 48, 49, 41, 33, 34, 26, 18, 17, 9, 1, 2, 10, 11, 3, 4, 5, 13, 21, 22, 14, 6, 7, 15, 23, 31, 39, 38, 37, 29, 28, 20, 19, 27, 35, 43, 44, 52, 53, 54, 55]
[00:00:00:25:559] ! Bidirectional. expansions: 12,019, time: 25,132 [ms], path length: 45 [edges], g_F: 43, g_B: 2, generated: {'F': 15,793, 'B': 4,233}, MM: 41, MMPER: 88.1304347826087%
[00:00:00:25:559] 
---------- SM_Grids/7x8_grid_with_random_blocks_12per_3 ----------
[00:00:00:49:026] Path of length 45 found: [0, 8, 16, 24, 32, 33, 25, 17, 9, 1, 2, 10, 11, 3, 4, 5, 6, 14, 22, 21, 20, 19, 27, 26, 34, 42, 41, 49, 50, 51, 43, 35, 36, 44, 52, 53, 45, 37, 29, 30, 31, 39, 38, 46, 47, 55]
[00:00:00:49:027] ! Unidirectional s-t. expansions: 53,973, time: 49,026 [ms], path length: 45 [edges], generated: 93,857
[00:00:00:58:993] Path of length 45 found: [55, 47, 39, 31, 30, 22, 14, 6, 5, 4, 3, 2, 10, 11, 12, 20, 19, 27, 35, 43, 44, 36, 28, 29, 37, 38, 46, 45, 53, 52, 51, 50, 49, 41, 42, 34, 26, 25, 33, 32, 24, 16, 17, 9, 1, 0]
[00:00:00:58:994] ! Unidirectional t-s. expansions: 68,741, time: 58,994 [ms], path length: 45 [edges], generated: 114,264
[00:00:02:58:306] Path of length 45 found: [0, 8, 16, 24, 32, 33, 25, 17, 9, 1, 2, 10, 11, 19, 27, 26, 34, 42, 41, 49, 50, 51, 43, 35, 36, 44, 52, 53, 45, 46, 38, 37, 29, 21, 20, 12, 4, 5, 6, 14, 22, 30, 31, 39, 47, 55]
[00:00:02:58:701] ! Bidirectional. expansions: 108,175, time: 178,306 [ms], path length: 45 [edges], g_F: 34, g_B: 11, generated: {'F': 100,581, 'B': 97,111}, MM: 23, MMPER: 49.0%
[00:00:02:58:701] 
---------- SM_Grids/7x8_grid_with_random_blocks_12per_4 ----------
[00:00:00:30:781] Path of length 45 found: [0, 1, 2, 10, 9, 17, 16, 24, 25, 33, 32, 40, 48, 49, 41, 42, 34, 35, 43, 51, 52, 53, 45, 37, 36, 28, 27, 19, 11, 12, 20, 21, 13, 5, 6, 7, 15, 23, 22, 30, 31, 39, 38, 46, 54, 55]
[00:00:00:30:781] ! Unidirectional s-t. expansions: 38,319, time: 30,781 [ms], path length: 45 [edges], generated: 66,489
[00:00:01:02:627] Path of length 45 found: [55, 47, 39, 31, 23, 15, 7, 6, 5, 4, 12, 13, 21, 22, 30, 38, 37, 45, 46, 54, 53, 52, 51, 43, 42, 50, 49, 48, 40, 32, 24, 16, 17, 25, 33, 34, 35, 36, 28, 20, 19, 11, 10, 2, 1, 0]
[00:00:01:02:628] ! Unidirectional t-s. expansions: 80,346, time: 62,627 [ms], path length: 45 [edges], generated: 133,205
[00:00:03:48:661] Path of length 45 found: [0, 1, 2, 10, 9, 17, 18, 19, 27, 28, 36, 35, 34, 33, 25, 24, 32, 40, 48, 49, 41, 42, 50, 51, 52, 53, 54, 46, 45, 37, 38, 30, 22, 21, 13, 12, 4, 5, 6, 7, 15, 23, 31, 39, 47, 55]
[00:00:03:49:127] ! Bidirectional. expansions: 128,079, time: 228,661 [ms], path length: 45 [edges], g_F: 23, g_B: 22, generated: {'F': 135,720, 'B': 89,142}, MM: 1, MMPER: 1.1739130434782608%
[00:00:03:49:127] 
---------- SM_Grids/7x8_grid_with_random_blocks_12per_5 ----------
[00:00:00:52:818] Path of length 45 found: [0, 8, 16, 17, 9, 1, 2, 10, 18, 26, 25, 33, 32, 40, 48, 49, 50, 51, 52, 53, 45, 46, 38, 30, 29, 21, 13, 12, 20, 28, 36, 35, 27, 19, 11, 3, 4, 5, 6, 14, 22, 23, 31, 39, 47, 55]
[00:00:00:52:818] ! Unidirectional s-t. expansions: 53,731, time: 52,818 [ms], path length: 45 [edges], generated: 96,042
[00:00:00:13:418] Path of length 45 found: [55, 47, 39, 31, 23, 22, 14, 6, 5, 4, 3, 2, 1, 9, 10, 18, 26, 34, 35, 36, 28, 27, 19, 11, 12, 20, 21, 29, 30, 38, 46, 45, 53, 52, 51, 50, 49, 48, 40, 32, 33, 25, 17, 16, 8, 0]
[00:00:00:13:418] ! Unidirectional t-s. expansions: 15,451, time: 13,418 [ms], path length: 45 [edges], generated: 26,229
[00:00:03:48:569] Path of length 45 found: [0, 8, 16, 17, 9, 1, 2, 10, 18, 26, 27, 19, 11, 3, 4, 12, 20, 28, 36, 35, 34, 33, 32, 40, 48, 49, 50, 51, 52, 53, 45, 46, 38, 30, 29, 21, 13, 5, 6, 14, 22, 23, 31, 39, 47, 55]
[00:00:03:48:973] ! Bidirectional. expansions: 125,057, time: 228,569 [ms], path length: 45 [edges], g_F: 25, g_B: 20, generated: {'F': 147,948, 'B': 74,838}, MM: 5, MMPER: 9.869565217391305%
[00:00:03:48:973] 
---------- SM_Grids/7x8_grid_with_random_blocks_12per_6 ----------
[00:00:00:00:054] Path of length 47 found: [0, 8, 9, 17, 18, 10, 2, 3, 11, 19, 27, 26, 34, 33, 32, 40, 48, 49, 41, 42, 50, 51, 43, 35, 36, 28, 20, 21, 29, 37, 45, 44, 52, 53, 54, 46, 38, 30, 22, 14, 6, 7, 15, 23, 31, 39, 47, 55]
[00:00:00:00:054] ! Unidirectional s-t. expansions: 46, time: 54 [ms], path length: 47 [edges], generated: 77
[00:00:00:00:099] Path of length 47 found: [55, 47, 39, 31, 23, 15, 7, 6, 14, 22, 21, 20, 28, 36, 35, 43, 44, 45, 37, 29, 30, 38, 46, 54, 53, 52, 51, 50, 42, 41, 49, 48, 40, 32, 33, 34, 26, 27, 19, 11, 3, 2, 10, 18, 17, 9, 8, 0]
[00:00:00:00:099] ! Unidirectional t-s. expansions: 92, time: 99 [ms], path length: 47 [edges], generated: 157
[00:00:00:00:107] Path of length 47 found: [0, 8, 9, 17, 18, 10, 2, 3, 11, 19, 27, 26, 34, 33, 32, 40, 48, 49, 41, 42, 50, 51, 43, 35, 36, 28, 20, 21, 29, 37, 45, 44, 52, 53, 54, 46, 38, 30, 22, 14, 6, 7, 15, 23, 31, 39, 47, 55]
[00:00:00:00:515] ! Bidirectional. expansions: 46, time: 107 [ms], path length: 47 [edges], g_F: 40, g_B: 7, generated: {'F': 68, 'B': 13}, MM: 33, MMPER: 67.75%
[00:00:00:00:515] 
---------- SM_Grids/7x8_grid_with_random_blocks_12per_7 ----------
[00:00:00:00:064] Path of length 47 found: [0, 8, 9, 1, 2, 10, 18, 17, 25, 33, 41, 49, 50, 42, 34, 26, 27, 35, 43, 51, 52, 44, 36, 28, 20, 19, 11, 3, 4, 12, 13, 5, 6, 14, 15, 23, 31, 30, 29, 37, 45, 53, 54, 46, 38, 39, 47, 55]
[00:00:00:00:064] ! Unidirectional s-t. expansions: 60, time: 64 [ms], path length: 47 [edges], generated: 103
[00:00:00:00:293] Path of length 47 found: [55, 47, 39, 31, 23, 15, 14, 6, 5, 13, 12, 4, 3, 11, 19, 20, 28, 27, 26, 34, 42, 43, 35, 36, 44, 45, 37, 29, 30, 38, 46, 54, 53, 52, 51, 50, 49, 41, 33, 25, 17, 18, 10, 2, 1, 9, 8, 0]
[00:00:00:00:293] ! Unidirectional t-s. expansions: 354, time: 293 [ms], path length: 47 [edges], generated: 633
[00:00:00:00:105] Path of length 47 found: [0, 8, 9, 1, 2, 10, 18, 17, 25, 33, 41, 49, 50, 51, 52, 44, 45, 53, 54, 46, 38, 30, 29, 37, 36, 35, 43, 42, 34, 26, 27, 28, 20, 19, 11, 3, 4, 12, 13, 5, 6, 14, 15, 23, 31, 39, 47, 55]
[00:00:00:00:727] ! Bidirectional. expansions: 46, time: 105 [ms], path length: 47 [edges], g_F: 23, g_B: 24, generated: {'F': 46, 'B': 48}, MM: 1, MMPER: 1.0833333333333335%
[00:00:00:00:727] 
---------- SM_Grids/7x8_grid_with_random_blocks_12per_8 ----------
[00:00:00:09:130] Path of length 47 found: [0, 8, 16, 24, 32, 33, 34, 26, 18, 17, 9, 1, 2, 10, 11, 3, 4, 12, 20, 19, 27, 35, 43, 42, 50, 51, 52, 44, 36, 28, 29, 21, 13, 5, 6, 7, 15, 14, 22, 30, 31, 39, 47, 46, 45, 53, 54, 55]
[00:00:00:09:131] ! Unidirectional s-t. expansions: 10,105, time: 9,131 [ms], path length: 47 [edges], generated: 17,949
[00:00:00:29:212] Path of length 47 found: [55, 47, 39, 31, 30, 22, 14, 15, 7, 6, 5, 4, 3, 2, 10, 18, 26, 27, 19, 11, 12, 13, 21, 20, 28, 29, 37, 36, 35, 43, 44, 45, 46, 54, 53, 52, 51, 50, 42, 34, 33, 32, 24, 16, 17, 9, 1, 0]
[00:00:00:29:213] ! Unidirectional t-s. expansions: 39,986, time: 29,212 [ms], path length: 47 [edges], generated: 65,447
[00:00:01:41:810] Path of length 47 found: [0, 8, 16, 24, 32, 33, 34, 42, 50, 51, 43, 35, 36, 44, 52, 53, 54, 46, 45, 37, 29, 28, 27, 26, 18, 10, 9, 1, 2, 3, 11, 19, 20, 21, 13, 12, 4, 5, 6, 7, 15, 14, 22, 30, 31, 39, 47, 55]
[00:00:01:42:190] ! Bidirectional. expansions: 62,319, time: 101,810 [ms], path length: 47 [edges], g_F: 26, g_B: 21, generated: {'F': 41,208, 'B': 68,929}, MM: 5, MMPER: 9.416666666666666%
[00:00:01:42:190] 
---------- SM_Grids/7x8_grid_with_random_blocks_12per_9 ----------
[00:00:00:00:783] Path of length 47 found: [0, 8, 16, 24, 32, 40, 48, 49, 41, 33, 25, 17, 18, 10, 2, 3, 11, 19, 27, 26, 34, 42, 50, 51, 43, 35, 36, 28, 29, 21, 20, 12, 13, 5, 6, 7, 15, 14, 22, 23, 31, 30, 38, 39, 47, 46, 54, 55]
[00:00:00:00:783] ! Unidirectional s-t. expansions: 594, time: 783 [ms], path length: 47 [edges], generated: 1,031
[00:00:00:00:537] Path of length 47 found: [55, 54, 46, 47, 39, 38, 30, 31, 23, 15, 7, 6, 5, 13, 14, 22, 21, 29, 28, 20, 12, 11, 3, 2, 10, 18, 19, 27, 26, 25, 33, 41, 42, 34, 35, 36, 44, 43, 51, 50, 49, 48, 40, 32, 24, 16, 8, 0]
[00:00:00:00:537] ! Unidirectional t-s. expansions: 751, time: 537 [ms], path length: 47 [edges], generated: 1,277
[00:00:00:02:973] Path of length 47 found: [0, 8, 16, 24, 32, 40, 48, 49, 41, 33, 25, 17, 18, 10, 2, 3, 11, 19, 27, 26, 34, 42, 50, 51, 43, 35, 36, 28, 29, 21, 20, 12, 13, 5, 6, 7, 15, 14, 22, 23, 31, 30, 38, 39, 47, 46, 54, 55]
[00:00:00:03:357] ! Bidirectional. expansions: 1,738, time: 2,973 [ms], path length: 47 [edges], g_F: 26, g_B: 21, generated: {'F': 949, 'B': 2,054}, MM: 5, MMPER: 9.416666666666666%
[00:00:00:03:358] average expansions: (19,465, 21,233, 46,456, 0)
[00:00:00:03:358] average time: (17,434, 17,111, 81,966, 0)
[00:00:00:03:358] XIDA: 19,465 , 17,111 (expansions , time[ms])
[00:00:00:03:358] BiXIDA: 46,456 , 81,966 (expansions , time[ms])

