--------------------------
date: SM_Grids
number_of_graphs: 10
graph_type: grid
size_of_graphs: [8, 8]
heuristic: bcc_heuristic
snake: False
run_uni: True
run_bi: True
run_multi: False
solution_vertices: []
algorithms: ['IDA']
lookahead: 1
bsd: False
cube_first_dims: 4
cube_buffer_dim: None
backward_sym_generation: False
sym_coil: False
prefix_set: None

---------- SM_Grids/8x8_grid_with_random_blocks_12per_0 ----------
[00:00:00:13:662] Path of length 52 found: [0, 8, 16, 24, 25, 17, 9, 1, 2, 10, 18, 26, 34, 33, 41, 40, 48, 56, 57, 58, 50, 42, 43, 35, 27, 19, 11, 3, 4, 12, 20, 21, 13, 14, 22, 30, 31, 39, 47, 55, 54, 53, 45, 37, 36, 44, 52, 51, 59, 60, 61, 62, 63]
[00:00:00:13:662] ! Unidirectional s-t. expansions: 14,676, time: 13,662 [ms], path length: 52 [edges], generated: 24,058
[00:00:00:18:741] Path of length 52 found: [63, 55, 47, 39, 31, 30, 22, 14, 13, 21, 20, 12, 4, 3, 2, 10, 11, 19, 18, 26, 34, 42, 50, 51, 43, 35, 27, 28, 36, 37, 45, 44, 52, 53, 54, 62, 61, 60, 59, 58, 57, 56, 48, 40, 41, 33, 25, 24, 16, 17, 9, 1, 0]
[00:00:00:18:742] ! Unidirectional t-s. expansions: 24,333, time: 18,741 [ms], path length: 52 [edges], generated: 38,100
[00:00:01:30:845] Path of length 52 found: [0, 8, 16, 24, 25, 17, 9, 1, 2, 3, 4, 12, 11, 10, 18, 26, 34, 33, 41, 40, 48, 56, 57, 58, 50, 42, 43, 51, 59, 60, 61, 62, 54, 53, 52, 44, 45, 37, 36, 35, 27, 19, 20, 21, 13, 14, 22, 30, 31, 39, 47, 55, 63]
[00:00:01:31:305] ! Bidirectional. expansions: 41,814, time: 90,845 [ms], path length: 52 [edges], g_F: 42, g_B: 10, generated: {'F': 43,460, 'B': 29,965}, MM: 32, MMPER: 59.37735849056604%
[00:00:01:31:305] 
---------- SM_Grids/8x8_grid_with_random_blocks_12per_1 ----------
[00:00:00:01:590] Path of length 52 found: [0, 8, 16, 24, 32, 33, 25, 17, 9, 1, 2, 10, 11, 3, 4, 12, 13, 5, 6, 7, 15, 14, 22, 21, 20, 19, 27, 26, 34, 42, 41, 49, 50, 58, 59, 51, 52, 60, 61, 53, 45, 44, 36, 28, 29, 37, 38, 39, 47, 46, 54, 62, 63]
[00:00:00:01:590] ! Unidirectional s-t. expansions: 1,684, time: 1,590 [ms], path length: 52 [edges], generated: 2,789
[00:00:00:01:101] Path of length 52 found: [63, 55, 47, 39, 38, 37, 29, 21, 22, 14, 15, 7, 6, 5, 13, 12, 4, 3, 11, 10, 2, 1, 9, 17, 25, 26, 27, 19, 20, 28, 36, 44, 52, 53, 45, 46, 54, 62, 61, 60, 59, 51, 50, 49, 41, 42, 34, 33, 32, 24, 16, 8, 0]
[00:00:00:01:102] ! Unidirectional t-s. expansions: 865, time: 1,101 [ms], path length: 52 [edges], generated: 1,493
[00:00:00:18:583] Path of length 52 found: [0, 8, 16, 24, 32, 33, 25, 17, 9, 1, 2, 10, 11, 3, 4, 12, 13, 5, 6, 7, 15, 14, 22, 21, 29, 37, 45, 44, 36, 28, 20, 19, 27, 26, 34, 42, 41, 49, 50, 58, 59, 51, 52, 60, 61, 53, 54, 46, 38, 39, 47, 55, 63]
[00:00:00:19:015] ! Bidirectional. expansions: 7,668, time: 18,583 [ms], path length: 52 [edges], g_F: 46, g_B: 6, generated: {'F': 7,591, 'B': 6,046}, MM: 40, MMPER: 74.47169811320755%
[00:00:00:19:015] 
---------- SM_Grids/8x8_grid_with_random_blocks_12per_2 ----------
[00:00:00:27:639] Path of length 50 found: [0, 8, 16, 24, 32, 33, 25, 17, 9, 1, 2, 10, 18, 19, 27, 28, 20, 12, 11, 3, 4, 5, 13, 21, 22, 14, 15, 23, 31, 30, 29, 37, 36, 44, 43, 42, 50, 49, 57, 58, 59, 51, 52, 60, 61, 62, 54, 46, 47, 55, 63]
[00:00:00:27:640] ! Unidirectional s-t. expansions: 24,872, time: 27,639 [ms], path length: 50 [edges], generated: 44,842
[00:00:00:07:266] Path of length 50 found: [63, 55, 47, 46, 54, 62, 61, 60, 52, 44, 43, 51, 59, 58, 57, 49, 50, 42, 34, 33, 32, 24, 25, 17, 16, 8, 9, 10, 18, 19, 27, 28, 36, 37, 38, 30, 29, 21, 22, 23, 15, 14, 13, 5, 4, 12, 11, 3, 2, 1, 0]
[00:00:00:07:266] ! Unidirectional t-s. expansions: 6,831, time: 7,266 [ms], path length: 50 [edges], generated: 12,775
[00:00:02:08:565] Path of length 50 found: [0, 8, 16, 24, 32, 33, 25, 17, 9, 1, 2, 10, 18, 19, 27, 28, 20, 12, 11, 3, 4, 5, 13, 21, 22, 14, 15, 23, 31, 30, 29, 37, 36, 44, 43, 42, 50, 49, 57, 58, 59, 51, 52, 60, 61, 62, 54, 46, 47, 55, 63]
[00:00:02:08:984] ! Bidirectional. expansions: 57,639, time: 128,565 [ms], path length: 50 [edges], g_F: 33, g_B: 17, generated: {'F': 62,893, 'B': 41,636}, MM: 16, MMPER: 30.372549019607842%
[00:00:02:08:984] 
---------- SM_Grids/8x8_grid_with_random_blocks_12per_3 ----------
[00:00:00:07:185] Path of length 54 found: [0, 8, 16, 24, 32, 33, 41, 49, 48, 56, 57, 58, 50, 51, 59, 60, 52, 44, 43, 35, 36, 37, 29, 30, 22, 14, 13, 12, 20, 19, 27, 26, 25, 17, 18, 10, 9, 1, 2, 3, 4, 5, 6, 7, 15, 23, 31, 39, 38, 46, 47, 55, 54, 62, 63]
[00:00:00:07:185] ! Unidirectional s-t. expansions: 7,276, time: 7,185 [ms], path length: 54 [edges], generated: 12,013
[00:00:00:06:314] Path of length 54 found: [63, 55, 47, 39, 31, 23, 15, 7, 6, 5, 4, 3, 2, 1, 9, 10, 18, 17, 25, 26, 27, 19, 20, 12, 13, 14, 22, 30, 29, 37, 38, 46, 54, 62, 61, 60, 52, 44, 36, 35, 43, 51, 59, 58, 57, 56, 48, 49, 41, 33, 32, 24, 16, 8, 0]
[00:00:00:06:314] ! Unidirectional t-s. expansions: 5,441, time: 6,314 [ms], path length: 54 [edges], generated: 9,107
[00:00:01:48:459] Path of length 54 found: [0, 8, 16, 24, 32, 33, 41, 49, 48, 56, 57, 58, 59, 60, 61, 62, 54, 46, 45, 44, 52, 51, 43, 35, 36, 37, 29, 30, 22, 14, 13, 12, 20, 19, 27, 26, 25, 17, 18, 10, 9, 1, 2, 3, 4, 5, 6, 7, 15, 23, 31, 39, 47, 55, 63]
[00:00:01:48:891] ! Bidirectional. expansions: 46,185, time: 108,459 [ms], path length: 54 [edges], g_F: 27, g_B: 27, generated: {'F': 42,482, 'B': 35,792}, MM: 0, MMPER: -1.0%
[00:00:01:48:892] 
---------- SM_Grids/8x8_grid_with_random_blocks_12per_4 ----------
[00:00:00:00:117] Path of length 54 found: [0, 8, 16, 24, 25, 17, 9, 10, 18, 26, 34, 33, 41, 49, 48, 56, 57, 58, 50, 42, 43, 51, 59, 60, 52, 44, 36, 35, 27, 19, 11, 12, 4, 5, 6, 14, 13, 21, 20, 28, 29, 37, 38, 30, 22, 23, 31, 39, 47, 55, 54, 53, 61, 62, 63]
[00:00:00:00:117] ! Unidirectional s-t. expansions: 109, time: 117 [ms], path length: 54 [edges], generated: 192
[00:00:00:00:059] Path of length 54 found: [63, 55, 47, 39, 31, 23, 22, 14, 6, 5, 4, 12, 13, 21, 20, 19, 11, 10, 9, 17, 18, 26, 34, 42, 50, 51, 43, 35, 27, 28, 29, 30, 38, 37, 36, 44, 52, 53, 54, 62, 61, 60, 59, 58, 57, 56, 48, 49, 41, 33, 25, 24, 16, 8, 0]
[00:00:00:00:059] ! Unidirectional t-s. expansions: 53, time: 59 [ms], path length: 54 [edges], generated: 90
[00:00:00:00:765] Path of length 54 found: [0, 8, 16, 24, 25, 17, 9, 10, 11, 19, 18, 26, 27, 35, 34, 33, 41, 49, 48, 56, 57, 58, 50, 42, 43, 51, 59, 60, 61, 62, 54, 53, 52, 44, 36, 37, 38, 30, 29, 28, 20, 21, 13, 12, 4, 5, 6, 14, 22, 23, 31, 39, 47, 55, 63]
[00:00:00:01:226] ! Bidirectional. expansions: 403, time: 765 [ms], path length: 54 [edges], g_F: 46, g_B: 8, generated: {'F': 577, 'B': 133}, MM: 38, MMPER: 68.0909090909091%
[00:00:00:01:226] 
---------- SM_Grids/8x8_grid_with_random_blocks_12per_5 ----------
[00:00:00:18:876] Path of length 52 found: [0, 8, 16, 24, 32, 40, 41, 33, 25, 17, 9, 1, 2, 3, 11, 19, 27, 35, 34, 42, 50, 58, 59, 51, 43, 44, 52, 60, 61, 53, 45, 37, 29, 28, 20, 21, 13, 12, 4, 5, 6, 14, 15, 23, 22, 30, 31, 39, 38, 46, 47, 55, 63]
[00:00:00:18:876] ! Unidirectional s-t. expansions: 17,701, time: 18,876 [ms], path length: 52 [edges], generated: 31,438
[00:00:00:08:836] Path of length 52 found: [63, 55, 47, 39, 31, 23, 15, 14, 6, 5, 4, 3, 2, 1, 9, 17, 18, 19, 27, 28, 20, 12, 13, 21, 22, 30, 29, 37, 38, 46, 45, 44, 52, 53, 61, 60, 59, 58, 50, 51, 43, 35, 34, 42, 41, 40, 32, 33, 25, 24, 16, 8, 0]
[00:00:00:08:837] ! Unidirectional t-s. expansions: 9,328, time: 8,836 [ms], path length: 52 [edges], generated: 15,629
[00:00:01:00:731] Path of length 52 found: [0, 8, 16, 24, 25, 33, 32, 40, 41, 42, 34, 35, 43, 51, 50, 58, 59, 60, 61, 53, 52, 44, 45, 37, 29, 21, 20, 28, 27, 19, 18, 17, 9, 1, 2, 3, 11, 12, 4, 5, 13, 14, 15, 23, 22, 30, 31, 39, 38, 46, 47, 55, 63]
[00:00:01:01:239] ! Bidirectional. expansions: 28,227, time: 60,731 [ms], path length: 52 [edges], g_F: 41, g_B: 11, generated: {'F': 26,887, 'B': 22,995}, MM: 30, MMPER: 55.60377358490566%
[00:00:01:01:239] 
---------- SM_Grids/8x8_grid_with_random_blocks_12per_6 ----------
[00:00:00:26:828] Path of length 52 found: [0, 8, 16, 24, 32, 40, 48, 49, 41, 42, 50, 51, 59, 60, 61, 53, 45, 44, 43, 35, 34, 26, 25, 17, 9, 1, 2, 10, 18, 19, 27, 28, 20, 12, 11, 3, 4, 5, 13, 14, 6, 7, 15, 23, 22, 21, 29, 37, 38, 46, 54, 62, 63]
[00:00:00:26:828] ! Unidirectional s-t. expansions: 31,333, time: 26,828 [ms], path length: 52 [edges], generated: 50,585
[00:00:00:21:453] Path of length 52 found: [63, 62, 54, 46, 38, 37, 29, 21, 13, 14, 22, 23, 15, 7, 6, 5, 4, 3, 2, 1, 9, 17, 25, 26, 18, 10, 11, 12, 20, 19, 27, 28, 36, 35, 34, 42, 43, 44, 45, 53, 61, 60, 59, 51, 50, 49, 41, 40, 32, 24, 16, 8, 0]
[00:00:00:21:454] ! Unidirectional t-s. expansions: 24,863, time: 21,453 [ms], path length: 52 [edges], generated: 41,690
[00:00:02:32:713] Path of length 52 found: [0, 8, 16, 24, 32, 40, 48, 49, 41, 42, 50, 51, 59, 60, 61, 53, 45, 44, 43, 35, 34, 26, 25, 17, 9, 1, 2, 3, 4, 5, 13, 14, 6, 7, 15, 23, 22, 21, 20, 12, 11, 10, 18, 19, 27, 28, 36, 37, 38, 46, 54, 62, 63]
[00:00:02:33:201] ! Bidirectional. expansions: 81,723, time: 152,713 [ms], path length: 52 [edges], g_F: 47, g_B: 5, generated: {'F': 94,712, 'B': 51,089}, MM: 42, MMPER: 78.24528301886792%
[00:00:02:33:201] 
---------- SM_Grids/8x8_grid_with_random_blocks_12per_7 ----------
[00:00:01:43:082] Valid states checked so far: 200,000, Expansions: 114,569, Global best: 53
[00:00:03:20:075] Valid states checked so far: 400,000, Expansions: 230,371, Global best: 53
[00:00:04:27:318] Path of length 52 found: [0, 8, 16, 24, 32, 40, 48, 56, 57, 58, 59, 60, 61, 53, 52, 44, 45, 37, 36, 28, 27, 26, 34, 35, 43, 42, 41, 33, 25, 17, 9, 10, 18, 19, 20, 12, 13, 5, 6, 7, 15, 14, 22, 23, 31, 30, 38, 39, 47, 46, 54, 62, 63]
[00:00:04:27:318] ! Unidirectional s-t. expansions: 309,131, time: 267,318 [ms], path length: 52 [edges], generated: 533,155
[00:00:01:49:730] Valid states checked so far: 200,000, Expansions: 119,046, Global best: 41
[00:00:03:33:532] Valid states checked so far: 400,000, Expansions: 237,373, Global best: 41
[00:00:04:11:071] Path of length 52 found: [63, 55, 47, 39, 31, 23, 15, 7, 6, 5, 13, 12, 20, 21, 22, 30, 38, 37, 36, 28, 27, 19, 18, 10, 9, 17, 25, 26, 34, 35, 43, 44, 52, 53, 45, 46, 54, 62, 61, 60, 59, 58, 57, 56, 48, 49, 41, 33, 32, 24, 16, 8, 0]
[00:00:04:11:072] ! Unidirectional t-s. expansions: 278,223, time: 251,071 [ms], path length: 52 [edges], generated: 471,138
[00:00:37:43:024] Path of length 52 found: [0, 8, 16, 24, 32, 40, 48, 56, 57, 58, 59, 60, 52, 44, 45, 53, 61, 62, 54, 46, 38, 37, 36, 28, 27, 26, 34, 35, 43, 42, 41, 33, 25, 17, 9, 10, 18, 19, 20, 12, 13, 5, 6, 7, 15, 14, 22, 23, 31, 39, 47, 55, 63]
[00:00:37:43:439] ! Bidirectional. expansions: 1,188,727, time: 2,263,024 [ms], path length: 52 [edges], g_F: 40, g_B: 12, generated: {'F': 1,389,690, 'B': 758,432}, MM: 28, MMPER: 51.83018867924528%
[00:00:37:43:440] 
---------- SM_Grids/8x8_grid_with_random_blocks_12per_8 ----------
[00:00:00:07:383] Path of length 54 found: [0, 8, 16, 24, 32, 33, 41, 49, 48, 56, 57, 58, 59, 60, 52, 53, 45, 37, 29, 21, 13, 12, 20, 19, 27, 28, 36, 44, 43, 35, 34, 26, 25, 17, 18, 10, 9, 1, 2, 3, 4, 5, 6, 7, 15, 14, 22, 23, 31, 30, 38, 46, 47, 55, 63]
[00:00:00:07:384] ! Unidirectional s-t. expansions: 8,474, time: 7,383 [ms], path length: 54 [edges], generated: 13,953
[00:00:00:05:441] Path of length 54 found: [63, 55, 47, 39, 31, 23, 15, 7, 6, 5, 4, 3, 2, 1, 9, 10, 18, 17, 25, 26, 34, 35, 43, 44, 36, 28, 27, 19, 20, 12, 13, 14, 22, 21, 29, 30, 38, 37, 45, 53, 52, 60, 59, 58, 57, 56, 48, 49, 41, 33, 32, 24, 16, 8, 0]
[00:00:00:05:441] ! Unidirectional t-s. expansions: 5,465, time: 5,441 [ms], path length: 54 [edges], generated: 9,514
[00:00:00:28:310] Path of length 54 found: [0, 8, 16, 24, 32, 33, 41, 49, 48, 56, 57, 58, 59, 60, 52, 53, 45, 37, 29, 21, 13, 12, 20, 19, 27, 28, 36, 44, 43, 35, 34, 26, 25, 17, 18, 10, 9, 1, 2, 3, 4, 5, 6, 7, 15, 14, 22, 23, 31, 30, 38, 46, 47, 55, 63]
[00:00:00:28:723] ! Bidirectional. expansions: 15,034, time: 28,310 [ms], path length: 54 [edges], g_F: 52, g_B: 2, generated: {'F': 12,838, 'B': 12,801}, MM: 50, MMPER: 89.9090909090909%
[00:00:00:28:724] 
---------- SM_Grids/8x8_grid_with_random_blocks_12per_9 ----------
[00:00:01:46:476] Valid states checked so far: 200,000, Expansions: 117,370, Global best: 43
[00:00:01:53:481] Path of length 52 found: [0, 8, 9, 1, 2, 10, 18, 26, 25, 24, 32, 40, 48, 56, 57, 49, 41, 33, 34, 35, 43, 51, 50, 58, 59, 60, 52, 53, 45, 37, 36, 28, 27, 19, 11, 12, 20, 21, 13, 5, 6, 7, 15, 23, 31, 30, 38, 46, 47, 55, 54, 62, 63]
[00:00:01:53:482] ! Unidirectional s-t. expansions: 124,817, time: 113,481 [ms], path length: 52 [edges], generated: 212,749
[00:00:01:53:780] Valid states checked so far: 200,000, Expansions: 115,954, Global best: 0
[00:00:03:13:462] Path of length 52 found: [63, 55, 47, 46, 38, 30, 31, 23, 15, 7, 6, 5, 4, 12, 13, 21, 20, 19, 11, 10, 18, 26, 25, 33, 34, 35, 27, 28, 36, 37, 45, 53, 54, 62, 61, 60, 52, 51, 59, 58, 50, 49, 57, 56, 48, 40, 32, 24, 16, 8, 9, 1, 0]
[00:00:03:13:462] ! Unidirectional t-s. expansions: 202,704, time: 193,462 [ms], path length: 52 [edges], generated: 347,584
[00:00:15:18:902] Path of length 52 found: [0, 8, 9, 1, 2, 10, 11, 19, 18, 26, 25, 24, 32, 33, 41, 40, 48, 56, 57, 49, 50, 58, 59, 60, 61, 62, 54, 53, 52, 51, 43, 35, 36, 37, 29, 28, 20, 21, 13, 12, 4, 5, 6, 7, 15, 23, 31, 30, 38, 46, 47, 55, 63]
[00:00:15:19:318] ! Bidirectional. expansions: 468,245, time: 918,902 [ms], path length: 52 [edges], g_F: 9, g_B: 43, generated: {'F': 349,688, 'B': 479,504}, MM: 34, MMPER: 63.15094339622641%
[00:00:15:19:318] average expansions: (54,007, 55,811, 193,566, 0)
[00:00:15:19:318] average time: (48,408, 51,374, 377,090, 0)
[00:00:15:19:318] XIDA: 54,007 , 48,408 (expansions , time[ms])
[00:00:15:19:318] BiXIDA: 193,566 , 377,090 (expansions , time[ms])

