--------------------------
date: SM_Grids
number_of_graphs: 10
graph_type: grid
size_of_graphs: [9, 9]
heuristic: bcc_heuristic
snake: True
run_uni: True
run_bi: True
run_multi: False
solution_vertices: []
algorithms: ['IDA']
lookahead: 3
bsd: False
cube_first_dims: 4
cube_buffer_dim: None
backward_sym_generation: False
sym_coil: False
prefix_set: None

---------- SM_Grids/9x9_grid_with_random_blocks_12per_0 ----------
[00:00:02:35:010] Path of length 46 found: [0, 1, 2, 3, 4, 5, 6, 7, 8, 17, 26, 35, 44, 53, 52, 51, 42, 33, 24, 23, 22, 21, 20, 19, 18, 27, 36, 45, 54, 63, 72, 73, 74, 65, 56, 47, 48, 49, 58, 67, 76, 77, 78, 69, 70, 71, 80]
[00:00:02:35:010] ! Unidirectional s-t. expansions: 7,012, time: 155,010 [ms], path length: 46 [edges], generated: 85,110
[00:00:00:56:886] Path of length 46 found: [80, 71, 70, 69, 78, 77, 76, 67, 58, 49, 48, 47, 56, 65, 74, 73, 72, 63, 54, 45, 36, 27, 28, 29, 20, 21, 22, 23, 24, 33, 42, 51, 52, 53, 44, 35, 26, 17, 8, 7, 6, 5, 4, 3, 2, 1, 0]
[00:00:00:56:887] ! Unidirectional t-s. expansions: 3,666, time: 56,886 [ms], path length: 46 [edges], generated: 31,219
[00:00:01:18:382] Path of length 46 found: [0, 1, 2, 3, 4, 5, 6, 7, 8, 17, 26, 35, 44, 53, 52, 51, 42, 33, 24, 23, 22, 21, 20, 19, 18, 27, 36, 45, 54, 63, 72, 73, 74, 65, 56, 47, 48, 49, 58, 67, 76, 77, 78, 69, 70, 71, 80]
[00:00:01:19:001] ! Bidirectional. expansions: 1,972, time: 78,382 [ms], path length: 46 [edges], g_F: 26, g_B: 20, generated: {'F': 11,022, 'B': 7,099}, MM: 6, MMPER: 11.76595744680851%
[00:00:01:19:001] 
---------- SM_Grids/9x9_grid_with_random_blocks_12per_1 ----------
[00:00:01:54:496] Path of length 46 found: [0, 9, 10, 19, 20, 29, 30, 39, 40, 49, 58, 57, 56, 47, 46, 45, 54, 63, 72, 73, 74, 75, 76, 77, 68, 69, 60, 51, 42, 33, 32, 23, 22, 13, 4, 5, 6, 15, 16, 25, 26, 35, 44, 53, 62, 71, 80]
[00:00:01:54:496] ! Unidirectional s-t. expansions: 6,869, time: 114,496 [ms], path length: 46 [edges], generated: 65,164
[00:00:01:45:746] Path of length 46 found: [80, 71, 62, 53, 44, 35, 26, 17, 8, 7, 6, 5, 4, 13, 22, 23, 32, 33, 42, 51, 60, 69, 68, 77, 76, 75, 74, 73, 72, 63, 54, 45, 46, 47, 56, 57, 58, 49, 40, 39, 30, 29, 20, 11, 2, 1, 0]
[00:00:01:45:747] ! Unidirectional t-s. expansions: 5,449, time: 105,746 [ms], path length: 46 [edges], generated: 57,347
[00:00:04:53:756] Path of length 46 found: [0, 9, 10, 19, 20, 21, 12, 3, 4, 5, 6, 15, 16, 25, 26, 35, 44, 53, 62, 61, 60, 51, 42, 33, 32, 31, 40, 39, 38, 37, 46, 45, 54, 63, 72, 73, 74, 65, 56, 57, 58, 67, 68, 77, 78, 79, 80]
[00:00:04:54:384] ! Bidirectional. expansions: 11,798, time: 293,756 [ms], path length: 46 [edges], g_F: 24, g_B: 22, generated: {'F': 47,967, 'B': 37,638}, MM: 2, MMPER: 3.25531914893617%
[00:00:04:54:385] 
---------- SM_Grids/9x9_grid_with_random_blocks_12per_2 ----------
[00:00:02:27:383] Path of length 44 found: [0, 9, 18, 27, 28, 29, 20, 11, 12, 13, 22, 31, 40, 39, 48, 47, 46, 55, 64, 73, 74, 75, 66, 67, 58, 59, 50, 51, 42, 33, 24, 15, 6, 7, 8, 17, 26, 35, 44, 53, 62, 61, 70, 79, 80]
[00:00:02:27:384] ! Unidirectional s-t. expansions: 7,866, time: 147,383 [ms], path length: 44 [edges], generated: 80,431
[00:00:02:12:214] Path of length 44 found: [80, 71, 62, 53, 44, 43, 42, 33, 24, 25, 26, 17, 8, 7, 6, 5, 14, 13, 22, 31, 40, 39, 48, 57, 58, 59, 60, 69, 78, 77, 76, 75, 74, 65, 64, 55, 46, 37, 28, 29, 20, 11, 2, 1, 0]
[00:00:02:12:215] ! Unidirectional t-s. expansions: 8,162, time: 132,214 [ms], path length: 44 [edges], generated: 75,799
[00:00:05:50:288] Path of length 44 found: [0, 1, 2, 11, 20, 19, 28, 37, 38, 47, 56, 55, 64, 73, 74, 75, 76, 77, 78, 69, 60, 59, 50, 49, 40, 31, 22, 13, 14, 5, 6, 7, 8, 17, 26, 25, 24, 33, 42, 43, 44, 53, 62, 71, 80]
[00:00:05:50:875] ! Bidirectional. expansions: 8,241, time: 350,288 [ms], path length: 44 [edges], g_F: 18, g_B: 26, generated: {'F': 45,271, 'B': 34,710}, MM: 8, MMPER: 16.77777777777778%
[00:00:05:50:876] 
---------- SM_Grids/9x9_grid_with_random_blocks_12per_3 ----------
[00:00:01:16:759] Path of length 46 found: [0, 1, 10, 19, 28, 37, 46, 45, 54, 63, 72, 73, 74, 75, 76, 67, 58, 57, 48, 39, 40, 31, 22, 21, 12, 3, 4, 5, 6, 7, 8, 17, 26, 25, 24, 33, 42, 43, 44, 53, 62, 61, 60, 69, 78, 79, 80]
[00:00:01:16:759] ! Unidirectional s-t. expansions: 4,341, time: 76,759 [ms], path length: 46 [edges], generated: 44,495
[00:00:02:43:158] Path of length 46 found: [80, 71, 62, 53, 44, 43, 42, 51, 60, 69, 68, 77, 76, 75, 74, 73, 64, 63, 54, 45, 46, 47, 56, 57, 58, 49, 40, 31, 32, 23, 24, 25, 26, 17, 8, 7, 6, 5, 4, 3, 12, 21, 20, 19, 10, 1, 0]
[00:00:02:43:159] ! Unidirectional t-s. expansions: 8,945, time: 163,159 [ms], path length: 46 [edges], generated: 87,305
[00:00:04:16:208] Path of length 46 found: [0, 1, 10, 19, 28, 37, 46, 45, 54, 63, 72, 73, 74, 75, 76, 67, 58, 57, 48, 39, 40, 41, 42, 33, 24, 23, 22, 21, 12, 3, 4, 5, 6, 7, 8, 17, 26, 35, 44, 53, 62, 61, 60, 69, 78, 79, 80]
[00:00:04:16:796] ! Bidirectional. expansions: 8,681, time: 256,209 [ms], path length: 46 [edges], g_F: 24, g_B: 22, generated: {'F': 39,889, 'B': 30,921}, MM: 2, MMPER: 3.25531914893617%
[00:00:04:16:796] 
---------- SM_Grids/9x9_grid_with_random_blocks_12per_4 ----------
[00:00:00:49:116] Path of length 46 found: [0, 9, 10, 11, 2, 3, 4, 5, 6, 15, 16, 25, 26, 35, 44, 53, 62, 61, 60, 51, 42, 33, 32, 23, 22, 21, 30, 39, 38, 37, 36, 45, 54, 63, 72, 73, 74, 65, 56, 57, 58, 67, 68, 77, 78, 79, 80]
[00:00:00:49:116] ! Unidirectional s-t. expansions: 2,313, time: 49,116 [ms], path length: 46 [edges], generated: 25,839
[00:00:00:27:534] Path of length 46 found: [80, 79, 78, 77, 68, 67, 58, 57, 56, 65, 74, 73, 72, 63, 54, 45, 36, 37, 38, 39, 30, 21, 22, 23, 32, 41, 50, 51, 60, 61, 62, 53, 44, 35, 26, 17, 16, 15, 6, 5, 4, 3, 2, 11, 10, 9, 0]
[00:00:00:27:534] ! Unidirectional t-s. expansions: 1,438, time: 27,534 [ms], path length: 46 [edges], generated: 14,211
[00:00:01:50:264] Path of length 46 found: [0, 9, 18, 27, 28, 37, 46, 45, 54, 63, 72, 73, 74, 65, 56, 57, 48, 39, 40, 41, 32, 23, 22, 21, 20, 11, 2, 3, 4, 5, 6, 15, 16, 17, 26, 35, 44, 53, 52, 61, 60, 59, 68, 77, 78, 79, 80]
[00:00:01:50:840] ! Bidirectional. expansions: 2,856, time: 110,264 [ms], path length: 46 [edges], g_F: 22, g_B: 24, generated: {'F': 16,020, 'B': 11,284}, MM: 2, MMPER: 3.25531914893617%
[00:00:01:50:840] 
---------- SM_Grids/9x9_grid_with_random_blocks_12per_5 ----------
[00:00:00:28:456] Path of length 40 found: [0, 1, 2, 3, 4, 13, 14, 23, 24, 33, 42, 43, 44, 53, 62, 61, 60, 59, 50, 49, 40, 31, 30, 21, 20, 19, 18, 27, 36, 45, 46, 47, 56, 65, 66, 67, 76, 77, 78, 79, 80]
[00:00:00:28:456] ! Unidirectional s-t. expansions: 1,216, time: 28,456 [ms], path length: 40 [edges], generated: 13,753
[00:00:00:17:525] Path of length 40 found: [80, 71, 62, 53, 44, 43, 42, 33, 24, 23, 14, 13, 4, 3, 2, 11, 20, 21, 30, 31, 40, 49, 50, 59, 60, 69, 78, 77, 76, 67, 66, 57, 56, 47, 38, 37, 28, 27, 18, 9, 0]
[00:00:00:17:525] ! Unidirectional t-s. expansions: 719, time: 17,525 [ms], path length: 40 [edges], generated: 8,887
[00:00:01:22:075] Path of length 40 found: [0, 9, 18, 27, 28, 37, 46, 47, 56, 65, 66, 67, 76, 77, 78, 69, 60, 59, 50, 49, 40, 31, 30, 21, 20, 11, 2, 3, 4, 13, 14, 23, 24, 33, 42, 43, 44, 53, 62, 71, 80]
[00:00:01:22:709] ! Bidirectional. expansions: 1,592, time: 82,075 [ms], path length: 40 [edges], g_F: 27, g_B: 13, generated: {'F': 8,703, 'B': 7,078}, MM: 14, MMPER: 33.146341463414636%
[00:00:01:22:709] 
---------- SM_Grids/9x9_grid_with_random_blocks_12per_6 ----------
[00:00:01:58:291] Path of length 48 found: [0, 1, 10, 19, 18, 27, 36, 37, 38, 39, 48, 57, 56, 55, 54, 63, 72, 73, 74, 75, 76, 67, 68, 59, 50, 41, 42, 33, 24, 23, 22, 21, 12, 3, 4, 5, 6, 7, 16, 17, 26, 35, 44, 53, 62, 61, 70, 79, 80]
[00:00:01:58:291] ! Unidirectional s-t. expansions: 5,538, time: 118,291 [ms], path length: 48 [edges], generated: 55,628
[00:00:00:46:214] Path of length 48 found: [80, 71, 62, 53, 44, 35, 26, 17, 8, 7, 6, 5, 4, 3, 12, 21, 22, 23, 24, 33, 42, 41, 50, 59, 60, 69, 78, 77, 76, 75, 74, 73, 72, 63, 54, 55, 56, 57, 48, 39, 38, 37, 36, 27, 18, 19, 10, 1, 0]
[00:00:00:46:214] ! Unidirectional t-s. expansions: 2,583, time: 46,214 [ms], path length: 48 [edges], generated: 22,632
[00:00:02:38:536] Path of length 48 found: [0, 1, 10, 19, 18, 27, 36, 37, 38, 39, 48, 57, 56, 55, 54, 63, 72, 73, 74, 75, 76, 77, 78, 69, 60, 59, 50, 41, 42, 33, 24, 23, 22, 21, 12, 3, 4, 5, 6, 7, 8, 17, 26, 35, 44, 53, 62, 71, 80]
[00:00:02:39:129] ! Bidirectional. expansions: 4,038, time: 158,536 [ms], path length: 48 [edges], g_F: 29, g_B: 19, generated: {'F': 19,951, 'B': 14,068}, MM: 10, MMPER: 19.408163265306122%
[00:00:02:39:129] 
---------- SM_Grids/9x9_grid_with_random_blocks_12per_7 ----------
[00:00:02:59:871] Path of length 44 found: [0, 9, 18, 27, 36, 45, 54, 63, 64, 73, 74, 75, 76, 77, 68, 59, 58, 57, 56, 47, 38, 39, 40, 31, 22, 21, 20, 11, 2, 3, 4, 5, 6, 7, 16, 25, 24, 33, 42, 51, 52, 53, 62, 71, 80]
[00:00:02:59:871] ! Unidirectional s-t. expansions: 8,957, time: 179,871 [ms], path length: 44 [edges], generated: 93,618
[00:00:04:42:843] Path of length 44 found: [80, 71, 62, 53, 52, 51, 42, 33, 34, 25, 16, 7, 6, 5, 4, 3, 2, 11, 20, 21, 22, 31, 40, 39, 38, 47, 56, 57, 58, 59, 68, 77, 76, 75, 74, 73, 64, 63, 54, 45, 36, 27, 18, 9, 0]
[00:00:04:42:844] ! Unidirectional t-s. expansions: 14,572, time: 282,843 [ms], path length: 44 [edges], generated: 150,529
[00:00:08:02:522] Path of length 44 found: [0, 9, 18, 27, 36, 45, 54, 63, 64, 73, 74, 75, 76, 77, 68, 59, 58, 57, 56, 47, 38, 39, 40, 31, 22, 21, 20, 11, 2, 3, 4, 5, 6, 7, 16, 25, 34, 33, 42, 51, 52, 61, 70, 79, 80]
[00:00:08:03:160] ! Bidirectional. expansions: 11,978, time: 482,522 [ms], path length: 44 [edges], g_F: 25, g_B: 19, generated: {'F': 67,383, 'B': 50,854}, MM: 6, MMPER: 12.333333333333334%
[00:00:08:03:160] 
---------- SM_Grids/9x9_grid_with_random_blocks_12per_8 ----------
[00:00:00:20:768] Path of length 48 found: [0, 9, 18, 19, 20, 11, 2, 3, 4, 13, 22, 31, 32, 33, 24, 15, 6, 7, 8, 17, 26, 35, 44, 53, 62, 61, 60, 51, 50, 49, 48, 47, 38, 37, 36, 45, 54, 63, 72, 73, 74, 75, 66, 67, 68, 77, 78, 79, 80]
[00:00:00:20:768] ! Unidirectional s-t. expansions: 1,046, time: 20,768 [ms], path length: 48 [edges], generated: 9,364
[00:00:01:12:700] Path of length 48 found: [80, 79, 78, 77, 68, 67, 66, 75, 74, 73, 72, 63, 54, 45, 36, 37, 38, 47, 48, 49, 40, 31, 22, 23, 24, 33, 42, 51, 60, 61, 62, 53, 44, 35, 26, 17, 8, 7, 6, 5, 4, 3, 2, 11, 20, 19, 18, 9, 0]
[00:00:01:12:700] ! Unidirectional t-s. expansions: 4,120, time: 72,700 [ms], path length: 48 [edges], generated: 37,085
[00:00:02:33:705] Path of length 48 found: [0, 9, 18, 19, 20, 11, 2, 3, 4, 13, 22, 31, 32, 33, 24, 15, 6, 7, 8, 17, 26, 35, 44, 53, 62, 61, 60, 51, 50, 49, 48, 47, 38, 37, 36, 45, 54, 63, 72, 73, 74, 75, 66, 67, 68, 77, 78, 79, 80]
[00:00:02:34:302] ! Bidirectional. expansions: 4,829, time: 153,705 [ms], path length: 48 [edges], g_F: 25, g_B: 23, generated: {'F': 20,191, 'B': 17,059}, MM: 2, MMPER: 3.0816326530612246%
[00:00:02:34:302] 
---------- SM_Grids/9x9_grid_with_random_blocks_12per_9 ----------
[00:00:03:56:474] Path of length 44 found: [0, 1, 2, 11, 20, 19, 18, 27, 36, 37, 46, 55, 54, 63, 72, 73, 74, 75, 76, 77, 78, 69, 60, 59, 58, 57, 48, 39, 40, 31, 22, 13, 14, 15, 16, 17, 26, 35, 34, 43, 52, 53, 62, 71, 80]
[00:00:03:56:475] ! Unidirectional s-t. expansions: 11,721, time: 236,474 [ms], path length: 44 [edges], generated: 129,085
[00:00:04:30:613] Path of length 44 found: [80, 71, 62, 53, 52, 43, 34, 35, 26, 17, 16, 15, 14, 23, 22, 31, 40, 41, 50, 59, 60, 69, 78, 77, 76, 75, 74, 73, 72, 63, 54, 55, 56, 47, 38, 37, 36, 27, 18, 19, 20, 11, 2, 1, 0]
[00:00:04:30:613] ! Unidirectional t-s. expansions: 17,528, time: 270,613 [ms], path length: 44 [edges], generated: 153,717
[00:00:12:31:595] Path of length 44 found: [0, 1, 2, 11, 20, 19, 18, 27, 36, 37, 38, 39, 40, 31, 22, 13, 14, 15, 16, 17, 26, 35, 34, 43, 52, 51, 50, 59, 58, 57, 56, 55, 54, 63, 72, 73, 74, 75, 76, 77, 78, 69, 70, 71, 80]
[00:00:12:32:166] ! Bidirectional. expansions: 24,863, time: 751,595 [ms], path length: 44 [edges], g_F: 24, g_B: 20, generated: {'F': 118,071, 'B': 80,560}, MM: 4, MMPER: 7.888888888888889%
[00:00:12:32:166] average expansions: (5,688, 6,718, 8,085, 0)
[00:00:12:32:166] average time: (112,662, 117,543, 271,733, 0)
[00:00:12:32:166] XIDA: 5,688 , 112,662 (expansions , time[ms])
[00:00:12:32:166] BiXIDA: 8,085 , 271,733 (expansions , time[ms])

