--------------------------
date: SM_Grids
number_of_graphs: 10
graph_type: grid
size_of_graphs: [9, 9]
heuristic: bcc_heuristic
snake: True
run_uni: True
run_bi: True
run_multi: False
solution_vertices: []
algorithms: ['IDA']
lookahead: 2
bsd: False
cube_first_dims: 4
cube_buffer_dim: None
backward_sym_generation: False
sym_coil: False
prefix_set: None

---------- SM_Grids/9x9_grid_with_random_blocks_16per_0 ----------
[00:00:00:31:767] Path of length 40 found: [0, 1, 2, 3, 4, 13, 14, 23, 24, 25, 26, 35, 44, 43, 42, 41, 40, 39, 30, 21, 20, 19, 28, 37, 46, 45, 54, 63, 72, 73, 74, 65, 56, 57, 58, 59, 60, 61, 70, 79, 80]
[00:00:00:31:768] ! Unidirectional s-t. expansions: 4,152, time: 31,767 [ms], path length: 40 [edges], generated: 17,463
[00:00:02:22:044] Path of length 40 found: [80, 79, 70, 61, 62, 53, 44, 35, 26, 25, 24, 23, 14, 5, 4, 3, 12, 21, 30, 39, 40, 41, 50, 59, 58, 67, 66, 75, 74, 73, 72, 63, 54, 45, 46, 37, 28, 19, 10, 1, 0]
[00:00:02:22:045] ! Unidirectional t-s. expansions: 20,248, time: 142,045 [ms], path length: 40 [edges], generated: 90,839
[00:00:01:00:757] Path of length 40 found: [0, 1, 2, 3, 4, 13, 14, 23, 24, 25, 26, 35, 44, 43, 42, 41, 40, 39, 30, 21, 20, 19, 28, 37, 46, 45, 54, 63, 72, 73, 74, 75, 66, 67, 68, 59, 60, 61, 70, 79, 80]
[00:00:01:01:311] ! Bidirectional. expansions: 9,597, time: 60,757 [ms], path length: 40 [edges], g_F: 20, g_B: 20, generated: {'F': 17,337, 'B': 16,602}, MM: 0, MMPER: -1.0%
[00:00:01:01:311] 
---------- SM_Grids/9x9_grid_with_random_blocks_16per_1 ----------
[00:00:03:08:060] Path of length 34 found: [0, 1, 2, 11, 20, 19, 18, 27, 36, 45, 54, 55, 56, 47, 38, 39, 30, 31, 22, 13, 4, 5, 6, 15, 24, 33, 42, 41, 50, 59, 68, 69, 70, 71, 80]
[00:00:03:08:060] ! Unidirectional s-t. expansions: 25,632, time: 188,060 [ms], path length: 34 [edges], generated: 120,727
[00:00:00:20:207] Path of length 34 found: [80, 71, 62, 53, 44, 43, 42, 51, 50, 49, 48, 47, 56, 55, 54, 45, 36, 27, 18, 19, 20, 29, 30, 31, 32, 23, 24, 15, 6, 5, 4, 3, 2, 1, 0]
[00:00:00:20:207] ! Unidirectional t-s. expansions: 1,859, time: 20,207 [ms], path length: 34 [edges], generated: 10,204
[00:00:01:01:471] Path of length 34 found: [0, 1, 2, 11, 12, 13, 4, 5, 6, 15, 24, 23, 32, 31, 30, 29, 28, 27, 36, 45, 54, 55, 56, 47, 48, 49, 50, 51, 42, 43, 44, 53, 62, 71, 80]
[00:00:01:02:005] ! Bidirectional. expansions: 5,696, time: 61,471 [ms], path length: 34 [edges], g_F: 17, g_B: 17, generated: {'F': 10,367, 'B': 11,622}, MM: 0, MMPER: -1.0%
[00:00:01:02:005] 
---------- SM_Grids/9x9_grid_with_random_blocks_16per_2 ----------
[00:00:00:42:934] Path of length 44 found: [0, 9, 18, 19, 20, 11, 12, 13, 22, 31, 32, 33, 24, 15, 6, 7, 8, 17, 26, 35, 44, 43, 52, 51, 60, 59, 58, 49, 48, 39, 38, 37, 36, 45, 54, 63, 72, 73, 74, 75, 76, 77, 78, 79, 80]
[00:00:00:42:934] ! Unidirectional s-t. expansions: 5,015, time: 42,934 [ms], path length: 44 [edges], generated: 23,290
[00:00:00:58:587] Path of length 44 found: [80, 79, 78, 77, 76, 75, 66, 65, 64, 55, 54, 45, 36, 37, 38, 39, 48, 49, 58, 59, 60, 61, 52, 43, 44, 35, 26, 17, 8, 7, 6, 15, 24, 33, 32, 31, 22, 13, 12, 11, 20, 19, 18, 9, 0]
[00:00:00:58:587] ! Unidirectional t-s. expansions: 6,732, time: 58,587 [ms], path length: 44 [edges], generated: 28,165
[00:00:00:45:346] Path of length 44 found: [0, 9, 18, 19, 20, 11, 12, 13, 22, 31, 32, 33, 24, 15, 6, 7, 8, 17, 26, 35, 44, 43, 52, 51, 60, 59, 58, 49, 48, 39, 38, 37, 36, 45, 54, 55, 64, 65, 66, 75, 76, 77, 78, 79, 80]
[00:00:00:45:916] ! Bidirectional. expansions: 6,262, time: 45,346 [ms], path length: 44 [edges], g_F: 22, g_B: 22, generated: {'F': 10,005, 'B': 10,500}, MM: 0, MMPER: -1.0%
[00:00:00:45:916] 
---------- SM_Grids/9x9_grid_with_random_blocks_16per_3 ----------
[00:00:00:12:218] Path of length 42 found: [0, 9, 10, 11, 20, 21, 30, 39, 38, 37, 46, 55, 56, 65, 74, 75, 76, 67, 58, 49, 50, 41, 42, 33, 24, 23, 14, 5, 6, 7, 16, 17, 26, 35, 44, 53, 52, 61, 60, 69, 78, 79, 80]
[00:00:00:12:218] ! Unidirectional s-t. expansions: 1,189, time: 12,218 [ms], path length: 42 [edges], generated: 6,484
[00:00:00:32:481] Path of length 42 found: [80, 79, 78, 69, 60, 61, 62, 53, 44, 35, 26, 17, 16, 7, 6, 5, 14, 23, 24, 33, 42, 41, 50, 49, 58, 67, 76, 75, 74, 65, 56, 55, 46, 37, 38, 39, 30, 21, 20, 11, 10, 1, 0]
[00:00:00:32:482] ! Unidirectional t-s. expansions: 3,254, time: 32,481 [ms], path length: 42 [edges], generated: 15,406
[00:00:00:33:240] Path of length 42 found: [0, 9, 10, 11, 20, 21, 30, 39, 38, 37, 46, 55, 56, 65, 74, 75, 76, 67, 58, 49, 50, 41, 42, 33, 24, 23, 14, 5, 6, 7, 16, 17, 26, 35, 44, 53, 62, 61, 60, 69, 78, 79, 80]
[00:00:00:33:782] ! Bidirectional. expansions: 4,478, time: 33,240 [ms], path length: 42 [edges], g_F: 21, g_B: 21, generated: {'F': 7,229, 'B': 7,954}, MM: 0, MMPER: -1.0%
[00:00:00:33:782] 
---------- SM_Grids/9x9_grid_with_random_blocks_16per_4 ----------
[00:00:01:20:288] Path of length 44 found: [0, 9, 18, 19, 20, 11, 2, 3, 4, 13, 14, 15, 6, 7, 8, 17, 26, 35, 44, 43, 42, 41, 40, 49, 48, 47, 38, 37, 36, 45, 54, 55, 64, 65, 74, 75, 76, 67, 68, 59, 60, 61, 70, 71, 80]
[00:00:01:20:288] ! Unidirectional s-t. expansions: 9,913, time: 80,288 [ms], path length: 44 [edges], generated: 42,778
[00:00:00:59:625] Path of length 44 found: [80, 71, 62, 61, 60, 69, 78, 77, 76, 67, 66, 65, 56, 55, 46, 45, 36, 27, 18, 19, 20, 29, 38, 39, 48, 49, 50, 41, 42, 43, 44, 35, 26, 17, 8, 7, 6, 15, 14, 13, 4, 3, 2, 1, 0]
[00:00:00:59:626] ! Unidirectional t-s. expansions: 7,384, time: 59,626 [ms], path length: 44 [edges], generated: 33,326
[00:00:00:46:325] Path of length 44 found: [0, 9, 18, 19, 20, 11, 2, 3, 4, 13, 14, 15, 6, 7, 8, 17, 26, 35, 44, 43, 42, 41, 40, 49, 48, 47, 38, 37, 36, 45, 54, 55, 64, 65, 66, 67, 76, 77, 78, 69, 60, 61, 62, 71, 80]
[00:00:00:46:883] ! Bidirectional. expansions: 6,127, time: 46,325 [ms], path length: 44 [edges], g_F: 22, g_B: 22, generated: {'F': 10,592, 'B': 9,905}, MM: 0, MMPER: -1.0%
[00:00:00:46:884] 
---------- SM_Grids/9x9_grid_with_random_blocks_16per_5 ----------
[00:00:02:32:769] Path of length 40 found: [0, 1, 2, 3, 4, 13, 22, 23, 24, 25, 26, 35, 44, 43, 52, 51, 50, 41, 40, 39, 30, 29, 20, 19, 18, 27, 36, 45, 54, 63, 72, 73, 74, 65, 66, 67, 68, 69, 70, 71, 80]
[00:00:02:32:769] ! Unidirectional s-t. expansions: 20,377, time: 152,769 [ms], path length: 40 [edges], generated: 94,910
[00:00:00:35:187] Path of length 40 found: [80, 71, 70, 69, 68, 67, 66, 75, 74, 73, 72, 63, 54, 45, 36, 27, 18, 19, 20, 29, 38, 47, 48, 49, 50, 51, 52, 53, 44, 35, 26, 25, 24, 23, 22, 13, 4, 3, 2, 1, 0]
[00:00:00:35:187] ! Unidirectional t-s. expansions: 4,242, time: 35,187 [ms], path length: 40 [edges], generated: 19,570
[00:00:00:25:763] Path of length 40 found: [0, 1, 2, 3, 12, 13, 22, 23, 24, 25, 34, 35, 44, 53, 52, 51, 50, 41, 40, 39, 30, 29, 20, 19, 18, 27, 36, 45, 54, 63, 72, 73, 74, 65, 66, 67, 68, 69, 70, 71, 80]
[00:00:00:26:288] ! Bidirectional. expansions: 3,882, time: 25,764 [ms], path length: 40 [edges], g_F: 20, g_B: 20, generated: {'F': 6,779, 'B': 7,265}, MM: 0, MMPER: -1.0%
[00:00:00:26:288] 
---------- SM_Grids/9x9_grid_with_random_blocks_16per_6 ----------
[00:00:00:14:514] Path of length 46 found: [0, 1, 2, 3, 4, 13, 14, 15, 6, 7, 8, 17, 26, 35, 44, 53, 52, 51, 42, 33, 32, 31, 30, 21, 20, 19, 18, 27, 36, 45, 54, 63, 64, 65, 56, 47, 48, 49, 58, 67, 76, 77, 78, 69, 70, 71, 80]
[00:00:00:14:514] ! Unidirectional s-t. expansions: 1,865, time: 14,514 [ms], path length: 46 [edges], generated: 7,374
[00:00:00:20:111] Path of length 46 found: [80, 71, 70, 69, 78, 77, 76, 67, 58, 49, 48, 47, 56, 65, 64, 63, 54, 45, 36, 27, 18, 19, 20, 21, 30, 31, 32, 41, 42, 51, 52, 53, 44, 35, 26, 17, 8, 7, 6, 15, 14, 13, 4, 3, 2, 1, 0]
[00:00:00:20:112] ! Unidirectional t-s. expansions: 2,468, time: 20,112 [ms], path length: 46 [edges], generated: 10,685
[00:00:00:18:569] Path of length 46 found: [0, 1, 2, 3, 4, 13, 14, 15, 6, 7, 8, 17, 26, 35, 44, 53, 52, 51, 42, 33, 32, 31, 30, 21, 20, 19, 18, 27, 36, 45, 54, 63, 64, 65, 56, 47, 48, 49, 58, 67, 76, 77, 78, 69, 70, 71, 80]
[00:00:00:19:089] ! Bidirectional. expansions: 2,295, time: 18,570 [ms], path length: 46 [edges], g_F: 23, g_B: 23, generated: {'F': 3,861, 'B': 3,756}, MM: 0, MMPER: -1.0%
[00:00:00:19:090] 
---------- SM_Grids/9x9_grid_with_random_blocks_16per_7 ----------
[00:00:00:50:898] Path of length 42 found: [0, 9, 10, 11, 2, 3, 4, 5, 6, 15, 16, 25, 34, 43, 52, 51, 50, 41, 32, 23, 22, 21, 30, 29, 28, 27, 36, 45, 54, 63, 72, 73, 74, 65, 56, 57, 58, 67, 68, 77, 78, 79, 80]
[00:00:00:50:899] ! Unidirectional s-t. expansions: 5,292, time: 50,898 [ms], path length: 42 [edges], generated: 27,148
[00:00:01:09:895] Path of length 42 found: [80, 79, 78, 77, 68, 59, 60, 51, 52, 43, 34, 25, 16, 15, 6, 5, 4, 3, 12, 21, 22, 23, 32, 41, 40, 49, 48, 57, 56, 65, 74, 73, 72, 63, 54, 45, 36, 27, 28, 19, 10, 9, 0]
[00:00:01:09:895] ! Unidirectional t-s. expansions: 7,569, time: 69,895 [ms], path length: 42 [edges], generated: 36,487
[00:00:00:40:948] Path of length 42 found: [0, 9, 10, 11, 2, 3, 4, 5, 6, 15, 16, 25, 34, 43, 52, 51, 50, 41, 32, 23, 22, 21, 30, 29, 28, 27, 36, 45, 54, 63, 72, 73, 74, 65, 56, 57, 58, 67, 68, 77, 78, 79, 80]
[00:00:00:41:474] ! Bidirectional. expansions: 4,800, time: 40,948 [ms], path length: 42 [edges], g_F: 21, g_B: 21, generated: {'F': 8,423, 'B': 8,965}, MM: 0, MMPER: -1.0%
[00:00:00:41:474] 
---------- SM_Grids/9x9_grid_with_random_blocks_16per_8 ----------
[00:00:00:58:751] Path of length 44 found: [0, 9, 18, 19, 28, 37, 36, 45, 54, 63, 72, 73, 74, 65, 56, 47, 48, 39, 40, 41, 32, 23, 22, 13, 4, 5, 6, 7, 8, 17, 26, 35, 44, 53, 52, 61, 60, 59, 58, 67, 76, 77, 78, 79, 80]
[00:00:00:58:752] ! Unidirectional s-t. expansions: 6,805, time: 58,751 [ms], path length: 44 [edges], generated: 29,522
[00:00:00:16:715] Path of length 44 found: [80, 79, 78, 69, 60, 61, 52, 53, 44, 35, 34, 25, 16, 7, 6, 5, 4, 13, 22, 23, 32, 41, 40, 39, 48, 57, 58, 67, 76, 75, 74, 73, 72, 63, 54, 55, 46, 37, 36, 27, 18, 19, 10, 1, 0]
[00:00:00:16:715] ! Unidirectional t-s. expansions: 1,951, time: 16,715 [ms], path length: 44 [edges], generated: 8,228
[00:00:00:55:417] Path of length 44 found: [0, 9, 18, 19, 28, 37, 36, 45, 54, 63, 72, 73, 74, 65, 56, 47, 48, 39, 40, 41, 32, 23, 22, 13, 4, 5, 6, 7, 16, 25, 34, 35, 44, 53, 52, 61, 60, 59, 58, 67, 76, 77, 78, 79, 80]
[00:00:00:55:936] ! Bidirectional. expansions: 8,394, time: 55,417 [ms], path length: 44 [edges], g_F: 22, g_B: 22, generated: {'F': 14,560, 'B': 12,784}, MM: 0, MMPER: -1.0%
[00:00:00:55:936] 
---------- SM_Grids/9x9_grid_with_random_blocks_16per_9 ----------
[00:00:00:59:864] Path of length 40 found: [0, 1, 10, 19, 28, 29, 30, 21, 12, 13, 4, 5, 6, 7, 8, 17, 26, 25, 24, 23, 32, 41, 40, 49, 48, 47, 46, 45, 54, 63, 64, 65, 66, 67, 76, 77, 78, 69, 70, 71, 80]
[00:00:00:59:864] ! Unidirectional s-t. expansions: 9,417, time: 59,864 [ms], path length: 40 [edges], generated: 37,227
[00:00:01:22:626] Path of length 40 found: [80, 71, 70, 61, 60, 59, 68, 67, 66, 65, 64, 63, 54, 45, 46, 47, 48, 49, 40, 41, 32, 33, 34, 25, 26, 17, 8, 7, 6, 5, 4, 13, 22, 21, 30, 29, 28, 27, 18, 9, 0]
[00:00:01:22:627] ! Unidirectional t-s. expansions: 10,689, time: 82,626 [ms], path length: 40 [edges], generated: 48,209
[00:00:00:46:316] Path of length 40 found: [0, 1, 10, 19, 28, 29, 30, 21, 12, 13, 4, 5, 6, 7, 8, 17, 26, 25, 24, 23, 32, 41, 40, 49, 48, 47, 46, 45, 54, 63, 64, 65, 66, 67, 68, 59, 60, 61, 70, 71, 80]
[00:00:00:46:869] ! Bidirectional. expansions: 4,837, time: 46,316 [ms], path length: 40 [edges], g_F: 20, g_B: 20, generated: {'F': 9,328, 'B': 8,174}, MM: 0, MMPER: -1.0%
[00:00:00:46:869] average expansions: (8,966, 6,640, 5,637, 0)
[00:00:00:46:869] average time: (69,206, 53,748, 43,415, 0)
[00:00:00:46:869] XIDA: 6,640 , 53,748 (expansions , time[ms])
[00:00:00:46:869] BiXIDA: 5,637 , 43,415 (expansions , time[ms])

