--------------------------
date: SM_Grids
number_of_graphs: 10
graph_type: grid
size_of_graphs: [9, 9]
heuristic: bcc_heuristic
snake: True
run_uni: True
run_bi: True
run_multi: False
solution_vertices: []
algorithms: ['IDA']
lookahead: 2
bsd: False
cube_first_dims: 4
cube_buffer_dim: None
backward_sym_generation: False
sym_coil: False
prefix_set: None

---------- SM_Grids/9x9_grid_with_random_blocks_8per_0 ----------
[00:00:03:28:166] Path of length 48 found: [0, 9, 18, 27, 36, 37, 46, 55, 54, 63, 72, 73, 74, 75, 66, 57, 48, 49, 50, 41, 42, 33, 24, 23, 22, 31, 30, 29, 20, 11, 2, 3, 4, 5, 6, 7, 16, 17, 26, 35, 44, 53, 52, 61, 60, 69, 78, 79, 80]
[00:00:03:28:166] ! Unidirectional s-t. expansions: 21,525, time: 208,166 [ms], path length: 48 [edges], generated: 104,506
[00:00:05:06:813] Path of length 48 found: [80, 79, 78, 77, 76, 75, 74, 73, 72, 63, 54, 55, 56, 57, 48, 49, 50, 59, 60, 61, 62, 53, 44, 43, 42, 33, 24, 25, 26, 17, 8, 7, 6, 5, 14, 13, 22, 31, 30, 29, 38, 37, 36, 27, 18, 19, 10, 1, 0]
[00:00:05:06:813] ! Unidirectional t-s. expansions: 33,971, time: 306,813 [ms], path length: 48 [edges], generated: 159,688
[00:00:05:33:256] Path of length 48 found: [0, 1, 2, 3, 12, 13, 14, 5, 6, 7, 8, 17, 26, 25, 34, 43, 44, 53, 62, 61, 60, 51, 50, 41, 40, 39, 30, 29, 20, 19, 18, 27, 36, 37, 46, 55, 54, 63, 72, 73, 74, 75, 66, 67, 68, 77, 78, 79, 80]
[00:00:05:33:785] ! Bidirectional. expansions: 46,842, time: 333,257 [ms], path length: 48 [edges], g_F: 24, g_B: 24, generated: {'F': 81,299, 'B': 79,374}, MM: 0, MMPER: -1.0%
[00:00:05:33:786] 
---------- SM_Grids/9x9_grid_with_random_blocks_8per_1 ----------
[00:00:04:14:328] Path of length 44 found: [0, 9, 18, 27, 36, 45, 46, 47, 48, 57, 66, 75, 76, 77, 78, 69, 60, 59, 50, 41, 40, 31, 30, 29, 20, 11, 2, 3, 4, 13, 14, 15, 6, 7, 8, 17, 26, 25, 34, 43, 52, 53, 62, 71, 80]
[00:00:04:14:329] ! Unidirectional s-t. expansions: 30,185, time: 254,328 [ms], path length: 44 [edges], generated: 148,514
[00:00:06:17:761] Valid states checked so far: 200,000, Expansions: 41,598, Global best: 45
[00:00:07:05:541] Path of length 44 found: [80, 79, 70, 61, 62, 53, 44, 43, 42, 51, 50, 59, 68, 77, 76, 75, 66, 57, 48, 47, 46, 37, 36, 27, 18, 19, 20, 29, 30, 31, 32, 23, 24, 25, 26, 17, 8, 7, 6, 5, 4, 3, 2, 1, 0]
[00:00:07:05:541] ! Unidirectional t-s. expansions: 47,155, time: 425,541 [ms], path length: 44 [edges], generated: 226,640
[00:00:04:09:830] Path of length 44 found: [0, 1, 2, 3, 12, 13, 22, 31, 30, 29, 20, 19, 18, 27, 36, 45, 46, 47, 48, 57, 66, 75, 76, 77, 78, 69, 60, 59, 50, 41, 42, 33, 24, 15, 6, 7, 8, 17, 26, 35, 44, 53, 62, 71, 80]
[00:00:04:10:313] ! Bidirectional. expansions: 27,970, time: 249,831 [ms], path length: 44 [edges], g_F: 22, g_B: 22, generated: {'F': 51,323, 'B': 54,356}, MM: 0, MMPER: -1.0%
[00:00:04:10:313] 
---------- SM_Grids/9x9_grid_with_random_blocks_8per_2 ----------
[00:00:02:58:235] Path of length 48 found: [0, 9, 18, 27, 36, 37, 38, 39, 48, 57, 56, 55, 54, 63, 72, 73, 74, 75, 76, 67, 68, 59, 50, 51, 42, 33, 32, 31, 22, 21, 20, 11, 2, 3, 4, 5, 6, 7, 16, 25, 26, 35, 44, 53, 62, 61, 70, 79, 80]
[00:00:02:58:235] ! Unidirectional s-t. expansions: 18,658, time: 178,235 [ms], path length: 48 [edges], generated: 92,843
[00:00:03:56:985] Path of length 48 found: [80, 71, 70, 69, 78, 77, 76, 67, 58, 49, 48, 47, 56, 65, 74, 73, 72, 63, 54, 45, 36, 37, 28, 29, 30, 21, 22, 23, 32, 41, 42, 51, 52, 53, 44, 35, 26, 25, 16, 7, 6, 5, 4, 3, 2, 11, 10, 9, 0]
[00:00:03:56:985] ! Unidirectional t-s. expansions: 22,474, time: 236,985 [ms], path length: 48 [edges], generated: 117,552
[00:00:03:36:310] Path of length 48 found: [0, 9, 10, 11, 2, 3, 4, 5, 6, 7, 16, 25, 34, 35, 44, 53, 52, 51, 42, 41, 32, 23, 22, 21, 30, 29, 28, 27, 36, 45, 54, 63, 72, 73, 74, 65, 56, 47, 48, 49, 58, 67, 76, 77, 78, 69, 70, 71, 80]
[00:00:03:36:929] ! Bidirectional. expansions: 22,642, time: 216,310 [ms], path length: 48 [edges], g_F: 24, g_B: 24, generated: {'F': 40,977, 'B': 40,346}, MM: 0, MMPER: -1.0%
[00:00:03:36:929] 
---------- SM_Grids/9x9_grid_with_random_blocks_8per_3 ----------
[00:00:07:59:627] Valid states checked so far: 200,000, Expansions: 41,979, Global best: 47
[00:00:11:35:873] Path of length 46 found: [0, 1, 10, 19, 18, 27, 36, 37, 38, 29, 30, 21, 12, 3, 4, 5, 6, 7, 16, 25, 24, 33, 32, 41, 40, 49, 48, 57, 56, 55, 54, 63, 72, 73, 74, 75, 76, 67, 68, 59, 60, 51, 52, 53, 62, 71, 80]
[00:00:11:35:874] ! Unidirectional s-t. expansions: 67,175, time: 695,874 [ms], path length: 46 [edges], generated: 315,136
[00:00:06:27:011] Valid states checked so far: 200,000, Expansions: 39,793, Global best: 39
[00:00:11:19:550] Path of length 46 found: [80, 71, 62, 53, 44, 35, 34, 33, 24, 15, 6, 5, 4, 3, 2, 11, 20, 21, 30, 31, 40, 41, 50, 51, 60, 69, 78, 77, 76, 67, 58, 57, 56, 65, 74, 73, 72, 63, 54, 45, 46, 37, 28, 27, 18, 9, 0]
[00:00:11:19:550] ! Unidirectional t-s. expansions: 74,466, time: 679,550 [ms], path length: 46 [edges], generated: 369,608
[00:00:10:11:175] Path of length 46 found: [0, 1, 2, 3, 12, 13, 14, 5, 6, 7, 16, 25, 34, 35, 44, 53, 52, 51, 50, 41, 32, 31, 30, 29, 20, 19, 18, 27, 36, 45, 54, 63, 72, 73, 74, 65, 56, 57, 58, 67, 76, 77, 78, 69, 70, 71, 80]
[00:00:10:11:706] ! Bidirectional. expansions: 74,027, time: 611,175 [ms], path length: 46 [edges], g_F: 23, g_B: 23, generated: {'F': 132,454, 'B': 129,475}, MM: 0, MMPER: -1.0%
[00:00:10:11:706] 
---------- SM_Grids/9x9_grid_with_random_blocks_8per_4 ----------
[00:00:03:38:420] Path of length 48 found: [0, 1, 2, 3, 12, 21, 20, 19, 18, 27, 36, 37, 38, 47, 56, 55, 54, 63, 72, 73, 74, 75, 76, 77, 78, 69, 60, 59, 58, 49, 40, 41, 42, 33, 24, 23, 14, 5, 6, 7, 16, 17, 26, 35, 44, 53, 62, 71, 80]
[00:00:03:38:420] ! Unidirectional s-t. expansions: 21,017, time: 218,420 [ms], path length: 48 [edges], generated: 101,509
[00:00:02:26:974] Path of length 48 found: [80, 71, 62, 53, 44, 43, 34, 25, 26, 17, 8, 7, 6, 5, 14, 23, 32, 41, 50, 51, 60, 69, 78, 77, 76, 75, 74, 73, 72, 63, 54, 55, 56, 57, 48, 39, 38, 37, 36, 27, 18, 19, 20, 21, 12, 3, 2, 1, 0]
[00:00:02:26:974] ! Unidirectional t-s. expansions: 13,633, time: 146,974 [ms], path length: 48 [edges], generated: 69,637
[00:00:02:06:338] Path of length 48 found: [0, 1, 2, 3, 12, 21, 20, 19, 18, 27, 36, 37, 38, 47, 56, 55, 54, 63, 72, 73, 74, 75, 76, 77, 78, 69, 60, 59, 58, 49, 40, 41, 32, 23, 14, 5, 6, 7, 8, 17, 26, 25, 34, 43, 44, 53, 62, 71, 80]
[00:00:02:06:885] ! Bidirectional. expansions: 14,184, time: 126,338 [ms], path length: 48 [edges], g_F: 24, g_B: 24, generated: {'F': 24,863, 'B': 23,480}, MM: 0, MMPER: -1.0%
[00:00:02:06:885] 
---------- SM_Grids/9x9_grid_with_random_blocks_8per_5 ----------
[00:00:01:33:373] Path of length 48 found: [0, 9, 18, 27, 28, 37, 46, 45, 54, 63, 64, 65, 74, 75, 76, 77, 68, 59, 58, 57, 48, 39, 40, 41, 42, 33, 24, 23, 22, 21, 20, 11, 2, 3, 4, 5, 6, 7, 16, 17, 26, 35, 44, 53, 52, 61, 70, 79, 80]
[00:00:01:33:373] ! Unidirectional s-t. expansions: 8,954, time: 93,373 [ms], path length: 48 [edges], generated: 44,261
[00:00:02:58:567] Path of length 48 found: [80, 71, 70, 61, 52, 53, 44, 35, 26, 17, 8, 7, 6, 5, 4, 3, 2, 11, 20, 21, 22, 23, 24, 33, 42, 41, 40, 39, 48, 57, 58, 59, 68, 77, 76, 75, 74, 65, 64, 63, 54, 45, 46, 37, 28, 27, 18, 9, 0]
[00:00:02:58:568] ! Unidirectional t-s. expansions: 14,986, time: 178,568 [ms], path length: 48 [edges], generated: 78,832
[00:00:02:45:050] Path of length 48 found: [0, 9, 18, 27, 28, 37, 46, 45, 54, 63, 64, 65, 74, 75, 76, 77, 68, 59, 58, 57, 48, 39, 40, 41, 42, 33, 24, 23, 22, 21, 20, 11, 2, 3, 4, 5, 6, 7, 8, 17, 26, 35, 44, 53, 52, 61, 70, 71, 80]
[00:00:02:45:585] ! Bidirectional. expansions: 18,105, time: 165,050 [ms], path length: 48 [edges], g_F: 24, g_B: 24, generated: {'F': 32,305, 'B': 31,501}, MM: 0, MMPER: -1.0%
[00:00:02:45:585] 
---------- SM_Grids/9x9_grid_with_random_blocks_8per_6 ----------
[00:00:03:14:073] Path of length 48 found: [0, 9, 18, 27, 36, 37, 38, 29, 20, 11, 2, 3, 4, 13, 22, 23, 24, 15, 6, 7, 8, 17, 26, 35, 34, 43, 42, 41, 40, 49, 48, 57, 56, 55, 54, 63, 72, 73, 74, 75, 76, 67, 68, 59, 60, 61, 70, 79, 80]
[00:00:03:14:073] ! Unidirectional s-t. expansions: 18,574, time: 194,073 [ms], path length: 48 [edges], generated: 87,877
[00:00:03:39:515] Path of length 48 found: [80, 79, 70, 61, 60, 59, 68, 67, 76, 75, 74, 73, 72, 63, 54, 55, 56, 57, 48, 49, 40, 41, 42, 43, 34, 35, 26, 17, 8, 7, 6, 15, 24, 23, 22, 13, 4, 3, 2, 11, 20, 29, 38, 37, 36, 27, 18, 9, 0]
[00:00:03:39:516] ! Unidirectional t-s. expansions: 19,197, time: 219,516 [ms], path length: 48 [edges], generated: 98,815
[00:00:04:14:049] Path of length 48 found: [0, 9, 18, 27, 36, 37, 38, 29, 20, 11, 2, 3, 4, 13, 22, 23, 24, 15, 6, 7, 8, 17, 26, 35, 34, 43, 42, 41, 40, 49, 48, 57, 56, 55, 54, 63, 72, 73, 74, 75, 76, 67, 68, 69, 60, 61, 62, 71, 80]
[00:00:04:14:579] ! Bidirectional. expansions: 31,084, time: 254,050 [ms], path length: 48 [edges], g_F: 24, g_B: 24, generated: {'F': 53,965, 'B': 49,229}, MM: 0, MMPER: -1.0%
[00:00:04:14:579] 
---------- SM_Grids/9x9_grid_with_random_blocks_8per_7 ----------
[00:00:06:14:801] Path of length 48 found: [0, 9, 10, 11, 2, 3, 4, 13, 14, 15, 6, 7, 8, 17, 26, 25, 34, 43, 44, 53, 62, 61, 60, 51, 50, 41, 32, 31, 30, 39, 38, 37, 36, 45, 54, 63, 72, 73, 74, 65, 56, 57, 58, 67, 76, 77, 78, 79, 80]
[00:00:06:14:802] ! Unidirectional s-t. expansions: 32,590, time: 374,801 [ms], path length: 48 [edges], generated: 177,665
[00:00:03:09:735] Path of length 48 found: [80, 79, 78, 77, 68, 67, 58, 57, 56, 65, 74, 73, 72, 63, 54, 45, 46, 37, 38, 29, 30, 31, 40, 41, 50, 51, 60, 61, 62, 53, 44, 43, 34, 25, 26, 17, 8, 7, 6, 15, 14, 13, 4, 3, 2, 11, 10, 9, 0]
[00:00:03:09:735] ! Unidirectional t-s. expansions: 20,291, time: 189,735 [ms], path length: 48 [edges], generated: 94,514
[00:00:04:40:052] Path of length 48 found: [0, 9, 10, 11, 2, 3, 4, 13, 14, 15, 6, 7, 8, 17, 26, 25, 34, 43, 44, 53, 62, 61, 60, 51, 50, 41, 40, 39, 38, 29, 28, 27, 36, 45, 54, 63, 72, 73, 74, 65, 56, 57, 58, 67, 68, 77, 78, 79, 80]
[00:00:04:40:583] ! Bidirectional. expansions: 32,181, time: 280,052 [ms], path length: 48 [edges], g_F: 24, g_B: 24, generated: {'F': 52,906, 'B': 58,872}, MM: 0, MMPER: -1.0%
[00:00:04:40:584] 
---------- SM_Grids/9x9_grid_with_random_blocks_8per_8 ----------
[00:00:00:59:270] Path of length 50 found: [0, 1, 2, 3, 4, 13, 22, 23, 24, 15, 6, 7, 8, 17, 26, 35, 34, 43, 42, 41, 50, 49, 48, 39, 30, 29, 20, 19, 18, 27, 36, 37, 46, 55, 54, 63, 72, 73, 74, 65, 66, 67, 76, 77, 78, 69, 60, 61, 62, 71, 80]
[00:00:00:59:271] ! Unidirectional s-t. expansions: 5,420, time: 59,270 [ms], path length: 50 [edges], generated: 25,479
[00:00:00:54:960] Path of length 50 found: [80, 71, 62, 53, 52, 43, 42, 33, 24, 25, 26, 17, 8, 7, 6, 5, 14, 13, 22, 31, 30, 39, 48, 49, 50, 59, 60, 69, 78, 77, 76, 67, 66, 65, 74, 73, 72, 63, 54, 55, 46, 37, 36, 27, 18, 19, 20, 11, 2, 1, 0]
[00:00:00:54:960] ! Unidirectional t-s. expansions: 5,147, time: 54,960 [ms], path length: 50 [edges], generated: 22,778
[00:00:01:03:054] Path of length 50 found: [0, 9, 18, 27, 36, 37, 46, 55, 54, 63, 72, 73, 74, 65, 66, 67, 76, 77, 78, 69, 60, 59, 50, 49, 48, 39, 30, 29, 20, 11, 2, 3, 4, 13, 22, 23, 24, 15, 6, 7, 8, 17, 26, 35, 34, 43, 52, 53, 62, 71, 80]
[00:00:01:03:603] ! Bidirectional. expansions: 5,927, time: 63,054 [ms], path length: 50 [edges], g_F: 25, g_B: 25, generated: {'F': 10,486, 'B': 10,287}, MM: 0, MMPER: -1.0%
[00:00:01:03:604] 
---------- SM_Grids/9x9_grid_with_random_blocks_8per_9 ----------
[00:00:06:59:950] Valid states checked so far: 200,000, Expansions: 39,438, Global best: 47
[00:00:07:44:935] Path of length 46 found: [0, 9, 18, 27, 36, 45, 54, 55, 64, 73, 74, 75, 66, 67, 68, 59, 60, 51, 42, 33, 24, 23, 22, 31, 40, 49, 48, 47, 38, 29, 20, 11, 2, 3, 4, 5, 6, 7, 16, 17, 26, 35, 44, 53, 62, 71, 80]
[00:00:07:44:935] ! Unidirectional s-t. expansions: 44,297, time: 464,935 [ms], path length: 46 [edges], generated: 224,234
[00:00:02:30:925] Path of length 46 found: [80, 79, 78, 77, 68, 59, 58, 57, 66, 75, 74, 73, 64, 55, 46, 45, 36, 27, 18, 19, 20, 29, 38, 39, 40, 31, 22, 23, 24, 33, 42, 51, 52, 53, 44, 35, 26, 17, 8, 7, 6, 5, 4, 3, 2, 1, 0]
[00:00:02:30:925] ! Unidirectional t-s. expansions: 13,997, time: 150,925 [ms], path length: 46 [edges], generated: 75,438
[00:00:02:22:908] Path of length 46 found: [0, 9, 18, 19, 20, 11, 2, 3, 4, 5, 6, 7, 8, 17, 26, 35, 44, 53, 52, 51, 42, 33, 24, 23, 22, 31, 30, 39, 38, 37, 36, 45, 54, 55, 64, 73, 74, 75, 66, 57, 58, 59, 68, 77, 78, 79, 80]
[00:00:02:23:463] ! Bidirectional. expansions: 15,794, time: 142,908 [ms], path length: 46 [edges], g_F: 23, g_B: 23, generated: {'F': 28,790, 'B': 28,272}, MM: 0, MMPER: -1.0%
[00:00:02:23:464] average expansions: (26,840, 26,532, 28,876, 0)
[00:00:02:23:464] average time: (274,148, 258,957, 244,202, 0)
[00:00:02:23:464] XIDA: 26,532 , 258,957 (expansions , time[ms])
[00:00:02:23:464] BiXIDA: 28,876 , 244,202 (expansions , time[ms])

