--------------------------
date: SM_Grids
number_of_graphs: 10
graph_type: grid
size_of_graphs: [8, 8]
heuristic: bcc_heuristic
snake: False
run_uni: True
run_bi: True
run_multi: False
solution_vertices: []
algorithms: ['IDA']
lookahead: 2
bsd: False
cube_first_dims: 4
cube_buffer_dim: None
backward_sym_generation: False
sym_coil: False
prefix_set: None

---------- SM_Grids/8x8_grid_with_random_blocks_16per_0 ----------
[00:00:00:00:936] Path of length 44 found: [0, 1, 9, 10, 2, 3, 11, 19, 18, 26, 25, 24, 32, 40, 48, 49, 41, 33, 34, 42, 50, 51, 43, 35, 36, 28, 20, 12, 13, 5, 6, 7, 15, 14, 22, 23, 31, 30, 29, 37, 38, 46, 47, 55, 63]
[00:00:00:00:936] ! Unidirectional s-t. expansions: 568, time: 936 [ms], path length: 44 [edges], generated: 2,766
[00:00:00:00:383] Path of length 44 found: [63, 55, 47, 46, 38, 39, 31, 23, 15, 7, 6, 5, 13, 14, 22, 30, 29, 37, 36, 44, 43, 35, 34, 33, 41, 42, 50, 49, 48, 40, 32, 24, 25, 26, 18, 19, 20, 12, 11, 3, 2, 10, 9, 1, 0]
[00:00:00:00:383] ! Unidirectional t-s. expansions: 152, time: 383 [ms], path length: 44 [edges], generated: 786
[00:00:00:02:300] Path of length 44 found: [0, 1, 9, 10, 2, 3, 11, 19, 18, 26, 25, 24, 32, 40, 48, 49, 41, 33, 34, 42, 50, 51, 43, 35, 36, 37, 29, 28, 20, 12, 13, 5, 6, 7, 15, 14, 22, 23, 31, 39, 38, 46, 47, 55, 63]
[00:00:00:02:741] ! Bidirectional. expansions: 2,553, time: 2,300 [ms], path length: 44 [edges], g_F: 22, g_B: 22, generated: {'F': 4,795, 'B': 4,169}, MM: 0, MMPER: -1.0%
[00:00:00:02:741] 
---------- SM_Grids/8x8_grid_with_random_blocks_16per_1 ----------
[00:00:00:00:077] Path of length 44 found: [0, 8, 16, 24, 32, 33, 25, 26, 18, 10, 2, 3, 4, 12, 11, 19, 27, 35, 34, 42, 43, 44, 36, 28, 20, 21, 29, 30, 22, 14, 15, 23, 31, 39, 38, 46, 47, 55, 54, 53, 52, 60, 61, 62, 63]
[00:00:00:00:077] ! Unidirectional s-t. expansions: 35, time: 77 [ms], path length: 44 [edges], generated: 135
[00:00:00:06:051] Path of length 44 found: [63, 62, 61, 60, 52, 53, 54, 55, 47, 46, 38, 39, 31, 23, 15, 14, 22, 30, 29, 21, 20, 12, 4, 3, 2, 10, 11, 19, 18, 26, 34, 35, 27, 28, 36, 44, 43, 42, 41, 33, 25, 24, 16, 8, 0]
[00:00:00:06:051] ! Unidirectional t-s. expansions: 2,856, time: 6,051 [ms], path length: 44 [edges], generated: 13,790
[00:00:00:01:501] Path of length 44 found: [0, 8, 16, 24, 32, 33, 25, 26, 18, 10, 2, 3, 4, 12, 11, 19, 27, 35, 34, 42, 43, 44, 36, 28, 20, 21, 29, 30, 22, 14, 15, 23, 31, 39, 38, 46, 47, 55, 54, 53, 52, 60, 61, 62, 63]
[00:00:00:01:973] ! Bidirectional. expansions: 1,126, time: 1,502 [ms], path length: 44 [edges], g_F: 22, g_B: 22, generated: {'F': 2,237, 'B': 1,901}, MM: 0, MMPER: -1.0%
[00:00:00:01:973] 
---------- SM_Grids/8x8_grid_with_random_blocks_16per_2 ----------
[00:00:00:04:126] Path of length 44 found: [0, 8, 16, 24, 32, 40, 48, 56, 57, 49, 41, 33, 34, 26, 18, 10, 2, 3, 11, 19, 27, 28, 20, 21, 29, 30, 38, 46, 47, 55, 54, 53, 45, 44, 43, 42, 50, 58, 59, 51, 52, 60, 61, 62, 63]
[00:00:00:04:126] ! Unidirectional s-t. expansions: 2,095, time: 4,126 [ms], path length: 44 [edges], generated: 10,413
[00:00:00:16:207] Path of length 44 found: [63, 55, 47, 46, 38, 30, 29, 21, 20, 19, 11, 3, 2, 10, 18, 26, 27, 28, 36, 44, 45, 53, 54, 62, 61, 60, 52, 51, 43, 42, 34, 33, 41, 49, 50, 58, 57, 56, 48, 40, 32, 24, 16, 8, 0]
[00:00:00:16:207] ! Unidirectional t-s. expansions: 9,584, time: 16,207 [ms], path length: 44 [edges], generated: 41,625
[00:00:00:12:547] Path of length 44 found: [0, 8, 16, 24, 32, 40, 48, 56, 57, 49, 41, 33, 34, 42, 43, 51, 50, 58, 59, 60, 61, 53, 45, 44, 36, 28, 27, 26, 18, 10, 2, 3, 11, 19, 20, 21, 29, 30, 38, 46, 47, 55, 54, 62, 63]
[00:00:00:12:970] ! Bidirectional. expansions: 12,696, time: 12,547 [ms], path length: 44 [edges], g_F: 22, g_B: 22, generated: {'F': 23,644, 'B': 23,111}, MM: 0, MMPER: -1.0%
[00:00:00:12:970] 
---------- SM_Grids/8x8_grid_with_random_blocks_16per_3 ----------
[00:00:00:15:527] Path of length 44 found: [0, 8, 16, 24, 25, 17, 18, 10, 11, 19, 27, 26, 34, 33, 41, 49, 50, 42, 43, 35, 36, 28, 29, 21, 20, 12, 13, 14, 15, 23, 31, 30, 38, 39, 47, 46, 45, 44, 52, 60, 61, 53, 54, 62, 63]
[00:00:00:15:527] ! Unidirectional s-t. expansions: 8,950, time: 15,527 [ms], path length: 44 [edges], generated: 46,438
[00:00:00:46:642] Path of length 44 found: [63, 55, 47, 39, 31, 23, 15, 14, 13, 12, 11, 10, 18, 26, 34, 42, 43, 35, 36, 28, 27, 19, 20, 21, 29, 30, 38, 46, 45, 53, 54, 62, 61, 60, 52, 51, 50, 49, 41, 33, 25, 17, 16, 8, 0]
[00:00:00:46:642] ! Unidirectional t-s. expansions: 31,152, time: 46,642 [ms], path length: 44 [edges], generated: 143,194
[00:00:01:23:041] Path of length 44 found: [0, 8, 16, 24, 25, 17, 18, 10, 11, 19, 27, 26, 34, 33, 41, 49, 50, 42, 43, 35, 36, 44, 52, 60, 61, 62, 54, 53, 45, 46, 38, 30, 29, 21, 20, 12, 13, 14, 15, 23, 31, 39, 47, 55, 63]
[00:00:01:23:458] ! Bidirectional. expansions: 96,962, time: 83,041 [ms], path length: 44 [edges], g_F: 22, g_B: 22, generated: {'F': 188,129, 'B': 182,782}, MM: 0, MMPER: -1.0%
[00:00:01:23:458] 
---------- SM_Grids/8x8_grid_with_random_blocks_16per_4 ----------
[00:00:00:00:876] Path of length 48 found: [0, 1, 9, 8, 16, 17, 25, 33, 32, 40, 48, 56, 57, 49, 41, 42, 50, 51, 52, 60, 61, 53, 45, 44, 36, 37, 29, 28, 27, 35, 34, 26, 18, 10, 11, 3, 4, 12, 13, 14, 22, 30, 38, 39, 47, 46, 54, 62, 63]
[00:00:00:00:876] ! Unidirectional s-t. expansions: 460, time: 876 [ms], path length: 48 [edges], generated: 2,305
[00:00:00:02:402] Path of length 48 found: [63, 55, 47, 39, 38, 30, 22, 14, 13, 12, 4, 3, 11, 10, 18, 26, 34, 35, 27, 28, 29, 37, 36, 44, 45, 46, 54, 62, 61, 53, 52, 51, 50, 42, 41, 49, 57, 56, 48, 40, 32, 33, 25, 17, 16, 8, 9, 1, 0]
[00:00:00:02:402] ! Unidirectional t-s. expansions: 977, time: 2,402 [ms], path length: 48 [edges], generated: 4,855
[00:00:00:05:702] Path of length 48 found: [0, 1, 9, 8, 16, 17, 25, 33, 32, 40, 48, 56, 57, 49, 41, 42, 50, 51, 52, 60, 61, 62, 54, 46, 45, 44, 36, 37, 29, 28, 27, 35, 34, 26, 18, 10, 11, 3, 4, 12, 13, 14, 22, 30, 38, 39, 47, 55, 63]
[00:00:00:06:110] ! Bidirectional. expansions: 4,546, time: 5,702 [ms], path length: 48 [edges], g_F: 24, g_B: 24, generated: {'F': 7,965, 'B': 8,241}, MM: 0, MMPER: -1.0%
[00:00:00:06:110] 
---------- SM_Grids/8x8_grid_with_random_blocks_16per_5 ----------
[00:00:00:02:772] Path of length 50 found: [0, 8, 16, 24, 32, 33, 34, 26, 25, 17, 9, 1, 2, 10, 11, 19, 20, 12, 4, 5, 6, 14, 15, 23, 22, 30, 29, 28, 36, 35, 43, 51, 50, 49, 48, 56, 57, 58, 59, 60, 61, 53, 52, 44, 45, 46, 38, 39, 47, 55, 63]
[00:00:00:02:772] ! Unidirectional s-t. expansions: 1,416, time: 2,772 [ms], path length: 50 [edges], generated: 6,086
[00:00:00:03:028] Path of length 50 found: [63, 55, 47, 39, 38, 46, 54, 53, 45, 44, 52, 60, 59, 58, 57, 56, 48, 49, 50, 51, 43, 35, 36, 28, 29, 30, 31, 23, 15, 14, 6, 5, 4, 12, 20, 19, 11, 3, 2, 10, 9, 17, 25, 26, 34, 33, 32, 24, 16, 8, 0]
[00:00:00:03:029] ! Unidirectional t-s. expansions: 1,455, time: 3,028 [ms], path length: 50 [edges], generated: 6,538
[00:00:00:08:760] Path of length 50 found: [0, 8, 16, 24, 32, 33, 34, 26, 25, 17, 9, 1, 2, 10, 11, 19, 20, 12, 4, 5, 6, 14, 15, 23, 22, 30, 29, 28, 36, 35, 43, 51, 50, 49, 48, 56, 57, 58, 59, 60, 52, 44, 45, 53, 54, 46, 38, 39, 47, 55, 63]
[00:00:00:09:205] ! Bidirectional. expansions: 7,259, time: 8,760 [ms], path length: 50 [edges], g_F: 25, g_B: 25, generated: {'F': 12,499, 'B': 12,162}, MM: 0, MMPER: -1.0%
[00:00:00:09:205] 
---------- SM_Grids/8x8_grid_with_random_blocks_16per_6 ----------
[00:00:00:00:290] Path of length 48 found: [0, 1, 9, 8, 16, 24, 32, 40, 48, 49, 50, 42, 41, 33, 25, 17, 18, 10, 11, 19, 27, 26, 34, 35, 36, 44, 52, 53, 45, 37, 29, 21, 13, 5, 6, 7, 15, 14, 22, 23, 31, 30, 38, 46, 47, 55, 54, 62, 63]
[00:00:00:00:291] ! Unidirectional s-t. expansions: 128, time: 290 [ms], path length: 48 [edges], generated: 620
[00:00:00:00:115] Path of length 48 found: [63, 62, 54, 55, 47, 46, 38, 30, 31, 23, 15, 7, 6, 5, 13, 14, 22, 21, 29, 37, 45, 53, 52, 44, 36, 35, 27, 19, 11, 10, 18, 17, 25, 26, 34, 33, 41, 42, 50, 49, 48, 40, 32, 24, 16, 8, 9, 1, 0]
[00:00:00:00:115] ! Unidirectional t-s. expansions: 42, time: 115 [ms], path length: 48 [edges], generated: 210
[00:00:00:00:941] Path of length 48 found: [0, 1, 9, 8, 16, 24, 32, 40, 48, 49, 50, 42, 41, 33, 25, 17, 18, 10, 11, 19, 27, 26, 34, 35, 36, 44, 52, 53, 45, 37, 29, 21, 22, 14, 13, 5, 6, 7, 15, 23, 31, 30, 38, 46, 47, 55, 54, 62, 63]
[00:00:00:01:397] ! Bidirectional. expansions: 754, time: 941 [ms], path length: 48 [edges], g_F: 24, g_B: 24, generated: {'F': 1,382, 'B': 1,205}, MM: 0, MMPER: -1.0%
[00:00:00:01:398] 
---------- SM_Grids/8x8_grid_with_random_blocks_16per_7 ----------
[00:00:00:48:012] Path of length 48 found: [0, 8, 16, 24, 32, 40, 48, 56, 57, 49, 41, 33, 34, 26, 18, 17, 9, 10, 2, 3, 11, 19, 27, 28, 20, 12, 13, 14, 6, 7, 15, 23, 31, 30, 38, 37, 45, 44, 43, 42, 50, 58, 59, 60, 61, 53, 54, 55, 63]
[00:00:00:48:012] ! Unidirectional s-t. expansions: 26,677, time: 48,012 [ms], path length: 48 [edges], generated: 122,024
[00:00:00:22:417] Path of length 48 found: [63, 55, 54, 46, 38, 30, 31, 23, 15, 7, 6, 14, 13, 21, 20, 12, 11, 3, 2, 10, 9, 17, 18, 19, 27, 26, 34, 35, 43, 44, 45, 53, 61, 60, 59, 51, 50, 42, 41, 49, 57, 56, 48, 40, 32, 24, 16, 8, 0]
[00:00:00:22:417] ! Unidirectional t-s. expansions: 12,206, time: 22,417 [ms], path length: 48 [edges], generated: 61,751
[00:00:00:58:042] Path of length 48 found: [0, 8, 16, 24, 32, 40, 48, 56, 57, 49, 41, 33, 34, 42, 50, 58, 59, 60, 61, 53, 45, 44, 43, 35, 27, 26, 18, 17, 9, 10, 2, 3, 11, 12, 20, 21, 13, 14, 6, 7, 15, 23, 31, 30, 38, 46, 54, 55, 63]
[00:00:00:58:454] ! Bidirectional. expansions: 69,228, time: 58,042 [ms], path length: 48 [edges], g_F: 24, g_B: 24, generated: {'F': 119,922, 'B': 125,421}, MM: 0, MMPER: -1.0%
[00:00:00:58:454] 
---------- SM_Grids/8x8_grid_with_random_blocks_16per_8 ----------
[00:00:00:04:087] Path of length 50 found: [0, 8, 16, 17, 9, 1, 2, 10, 18, 19, 11, 3, 4, 5, 6, 7, 15, 23, 22, 14, 13, 12, 20, 21, 29, 28, 36, 35, 34, 33, 32, 40, 48, 56, 57, 49, 41, 42, 50, 51, 59, 60, 61, 53, 45, 37, 38, 46, 54, 62, 63]
[00:00:00:04:088] ! Unidirectional s-t. expansions: 2,050, time: 4,087 [ms], path length: 50 [edges], generated: 9,385
[00:00:00:00:359] Path of length 50 found: [63, 62, 54, 46, 38, 37, 45, 53, 61, 60, 59, 51, 43, 42, 50, 49, 57, 56, 48, 40, 32, 33, 34, 35, 36, 28, 29, 21, 13, 14, 22, 23, 15, 7, 6, 5, 4, 3, 2, 1, 9, 10, 11, 12, 20, 19, 18, 17, 16, 8, 0]
[00:00:00:00:359] ! Unidirectional t-s. expansions: 204, time: 359 [ms], path length: 50 [edges], generated: 975
[00:00:00:06:327] Path of length 50 found: [0, 8, 16, 17, 9, 1, 2, 3, 4, 5, 13, 14, 6, 7, 15, 23, 22, 21, 29, 37, 36, 28, 20, 12, 11, 10, 18, 26, 34, 35, 43, 42, 41, 33, 32, 40, 48, 56, 57, 49, 50, 51, 59, 60, 61, 53, 45, 46, 54, 62, 63]
[00:00:00:06:736] ! Bidirectional. expansions: 6,752, time: 6,327 [ms], path length: 50 [edges], g_F: 25, g_B: 25, generated: {'F': 11,977, 'B': 10,852}, MM: 0, MMPER: -1.0%
[00:00:00:06:736] 
---------- SM_Grids/8x8_grid_with_random_blocks_16per_9 ----------
[00:00:00:01:340] Path of length 46 found: [0, 8, 16, 24, 32, 33, 25, 17, 9, 1, 2, 3, 11, 12, 4, 5, 6, 7, 15, 14, 13, 21, 20, 28, 27, 26, 34, 42, 50, 58, 59, 51, 43, 44, 36, 37, 38, 30, 31, 39, 47, 55, 54, 53, 61, 62, 63]
[00:00:00:01:340] ! Unidirectional s-t. expansions: 687, time: 1,340 [ms], path length: 46 [edges], generated: 2,836
[00:00:00:00:541] Path of length 46 found: [63, 62, 61, 53, 54, 55, 47, 39, 31, 30, 38, 37, 45, 44, 52, 51, 59, 58, 50, 42, 41, 33, 32, 24, 16, 8, 9, 17, 25, 26, 27, 28, 20, 21, 13, 14, 15, 7, 6, 5, 4, 12, 11, 3, 2, 1, 0]
[00:00:00:00:541] ! Unidirectional t-s. expansions: 237, time: 541 [ms], path length: 46 [edges], generated: 1,096
[00:00:00:03:002] Path of length 46 found: [0, 8, 16, 24, 32, 33, 25, 17, 9, 1, 2, 3, 11, 12, 4, 5, 6, 7, 15, 14, 13, 21, 20, 28, 27, 26, 34, 42, 50, 58, 59, 51, 52, 44, 45, 37, 38, 30, 31, 39, 47, 55, 54, 53, 61, 62, 63]
[00:00:00:03:411] ! Bidirectional. expansions: 2,744, time: 3,002 [ms], path length: 46 [edges], g_F: 23, g_B: 23, generated: {'F': 4,284, 'B': 5,036}, MM: 0, MMPER: -1.0%
[00:00:00:03:411] average expansions: (4,307, 5,886, 20,462, 0)
[00:00:00:03:411] average time: (7,804, 9,814, 18,216, 0)
[00:00:00:03:411] XIDA: 4,307 , 7,804 (expansions , time[ms])
[00:00:00:03:411] BiXIDA: 20,462 , 18,216 (expansions , time[ms])

