--------------------------
date: SM_Grids
number_of_graphs: 10
graph_type: grid
size_of_graphs: [9, 9]
heuristic: bcc_heuristic
snake: True
run_uni: True
run_bi: True
run_multi: False
solution_vertices: []
algorithms: ['IDA']
lookahead: 2
bsd: False
cube_first_dims: 4
cube_buffer_dim: None
backward_sym_generation: False
sym_coil: False
prefix_set: None

---------- SM_Grids/9x9_grid_with_random_blocks_12per_0 ----------
[00:00:01:10:465] Path of length 46 found: [0, 1, 2, 3, 4, 5, 6, 7, 16, 17, 26, 35, 44, 53, 52, 51, 42, 33, 24, 23, 22, 21, 20, 19, 18, 27, 36, 45, 54, 63, 72, 73, 74, 65, 56, 47, 48, 49, 58, 67, 76, 77, 78, 69, 70, 71, 80]
[00:00:01:10:465] ! Unidirectional s-t. expansions: 6,918, time: 70,465 [ms], path length: 46 [edges], generated: 35,152
[00:00:00:44:321] Path of length 46 found: [80, 71, 70, 69, 78, 77, 76, 67, 58, 49, 48, 47, 56, 65, 74, 73, 72, 63, 54, 45, 36, 27, 18, 19, 20, 21, 22, 23, 24, 33, 42, 51, 52, 53, 44, 35, 26, 17, 8, 7, 6, 5, 4, 3, 2, 1, 0]
[00:00:00:44:321] ! Unidirectional t-s. expansions: 5,221, time: 44,321 [ms], path length: 46 [edges], generated: 22,520
[00:00:00:19:538] Path of length 46 found: [0, 1, 2, 3, 4, 5, 6, 7, 16, 17, 26, 35, 44, 53, 52, 51, 42, 33, 24, 23, 22, 21, 20, 19, 18, 27, 36, 45, 54, 63, 72, 73, 74, 65, 56, 47, 48, 49, 58, 67, 76, 77, 78, 69, 70, 71, 80]
[00:00:00:20:092] ! Bidirectional. expansions: 2,316, time: 19,538 [ms], path length: 46 [edges], g_F: 23, g_B: 23, generated: {'F': 3,843, 'B': 4,047}, MM: 0, MMPER: -1.0%
[00:00:00:20:092] 
---------- SM_Grids/9x9_grid_with_random_blocks_12per_1 ----------
[00:00:01:23:990] Path of length 46 found: [0, 9, 10, 19, 20, 29, 30, 39, 40, 49, 58, 57, 56, 47, 46, 45, 54, 63, 72, 73, 74, 75, 76, 77, 68, 69, 60, 51, 42, 33, 32, 23, 22, 13, 4, 5, 6, 15, 16, 25, 26, 35, 44, 53, 62, 71, 80]
[00:00:01:23:990] ! Unidirectional s-t. expansions: 9,290, time: 83,990 [ms], path length: 46 [edges], generated: 44,413
[00:00:01:16:671] Path of length 46 found: [80, 71, 62, 53, 44, 35, 26, 17, 8, 7, 6, 5, 4, 13, 22, 23, 32, 33, 42, 51, 60, 69, 78, 77, 76, 75, 74, 73, 72, 63, 54, 45, 46, 47, 56, 57, 58, 49, 40, 39, 30, 29, 20, 11, 2, 1, 0]
[00:00:01:16:671] ! Unidirectional t-s. expansions: 7,901, time: 76,671 [ms], path length: 46 [edges], generated: 38,704
[00:00:01:28:309] Path of length 46 found: [0, 9, 10, 19, 20, 21, 12, 3, 4, 5, 6, 15, 16, 25, 26, 35, 44, 43, 42, 33, 32, 31, 40, 39, 38, 37, 46, 45, 54, 63, 72, 73, 74, 65, 56, 57, 58, 67, 76, 77, 78, 69, 60, 61, 62, 71, 80]
[00:00:01:28:841] ! Bidirectional. expansions: 13,879, time: 88,309 [ms], path length: 46 [edges], g_F: 23, g_B: 23, generated: {'F': 21,778, 'B': 21,179}, MM: 0, MMPER: -1.0%
[00:00:01:28:842] 
---------- SM_Grids/9x9_grid_with_random_blocks_12per_2 ----------
[00:00:01:50:948] Path of length 44 found: [0, 9, 18, 27, 28, 29, 20, 11, 12, 13, 22, 31, 40, 39, 48, 47, 46, 55, 64, 73, 74, 75, 66, 67, 58, 59, 50, 51, 42, 33, 24, 15, 6, 7, 8, 17, 26, 35, 44, 53, 62, 61, 70, 79, 80]
[00:00:01:50:948] ! Unidirectional s-t. expansions: 11,456, time: 110,948 [ms], path length: 44 [edges], generated: 56,829
[00:00:01:44:446] Path of length 44 found: [80, 71, 62, 53, 44, 43, 42, 33, 24, 25, 26, 17, 8, 7, 6, 5, 14, 13, 22, 31, 40, 39, 48, 57, 58, 59, 60, 69, 78, 77, 76, 75, 74, 65, 64, 55, 46, 37, 28, 29, 20, 11, 2, 1, 0]
[00:00:01:44:446] ! Unidirectional t-s. expansions: 11,665, time: 104,446 [ms], path length: 44 [edges], generated: 53,873
[00:00:01:44:019] Path of length 44 found: [0, 9, 10, 11, 20, 29, 28, 37, 46, 55, 64, 73, 74, 75, 76, 77, 78, 69, 60, 59, 58, 57, 48, 39, 40, 31, 22, 13, 14, 5, 6, 7, 8, 17, 26, 25, 24, 33, 42, 43, 44, 53, 62, 71, 80]
[00:00:01:44:548] ! Bidirectional. expansions: 10,440, time: 104,019 [ms], path length: 44 [edges], g_F: 22, g_B: 22, generated: {'F': 20,005, 'B': 18,812}, MM: 0, MMPER: -1.0%
[00:00:01:44:548] 
---------- SM_Grids/9x9_grid_with_random_blocks_12per_3 ----------
[00:00:00:56:334] Path of length 46 found: [0, 1, 10, 19, 28, 37, 46, 45, 54, 63, 72, 73, 74, 75, 76, 67, 58, 57, 48, 39, 40, 31, 22, 21, 12, 3, 4, 5, 6, 7, 8, 17, 26, 25, 24, 33, 42, 43, 44, 53, 62, 61, 60, 69, 78, 79, 80]
[00:00:00:56:334] ! Unidirectional s-t. expansions: 6,353, time: 56,334 [ms], path length: 46 [edges], generated: 30,138
[00:00:02:22:187] Path of length 46 found: [80, 71, 62, 53, 44, 43, 42, 51, 60, 69, 68, 77, 76, 75, 74, 73, 72, 63, 54, 45, 46, 47, 56, 57, 58, 49, 40, 31, 32, 23, 24, 25, 26, 17, 8, 7, 6, 5, 4, 3, 12, 21, 20, 19, 10, 1, 0]
[00:00:02:22:187] ! Unidirectional t-s. expansions: 15,288, time: 142,187 [ms], path length: 46 [edges], generated: 72,606
[00:00:01:17:079] Path of length 46 found: [0, 1, 10, 19, 28, 37, 46, 45, 54, 63, 72, 73, 74, 75, 76, 67, 58, 57, 48, 39, 40, 41, 42, 33, 24, 23, 22, 21, 12, 3, 4, 5, 6, 7, 8, 17, 26, 35, 44, 53, 62, 61, 60, 69, 78, 79, 80]
[00:00:01:17:611] ! Bidirectional. expansions: 10,471, time: 77,079 [ms], path length: 46 [edges], g_F: 23, g_B: 23, generated: {'F': 17,722, 'B': 17,913}, MM: 0, MMPER: -1.0%
[00:00:01:17:611] 
---------- SM_Grids/9x9_grid_with_random_blocks_12per_4 ----------
[00:00:00:38:253] Path of length 46 found: [0, 9, 10, 11, 2, 3, 4, 5, 6, 15, 16, 25, 26, 35, 44, 53, 62, 61, 60, 51, 42, 33, 32, 23, 22, 21, 30, 39, 38, 37, 36, 45, 54, 63, 72, 73, 74, 65, 56, 57, 58, 67, 68, 77, 78, 79, 80]
[00:00:00:38:253] ! Unidirectional s-t. expansions: 3,613, time: 38,253 [ms], path length: 46 [edges], generated: 18,626
[00:00:00:21:670] Path of length 46 found: [80, 79, 78, 77, 68, 67, 58, 57, 56, 65, 74, 73, 72, 63, 54, 45, 46, 37, 38, 39, 30, 21, 22, 23, 32, 41, 50, 51, 60, 61, 62, 53, 44, 35, 26, 17, 16, 15, 6, 5, 4, 3, 2, 11, 10, 9, 0]
[00:00:00:21:670] ! Unidirectional t-s. expansions: 2,157, time: 21,670 [ms], path length: 46 [edges], generated: 10,019
[00:00:00:30:494] Path of length 46 found: [0, 9, 10, 11, 2, 3, 4, 5, 6, 15, 16, 25, 26, 35, 44, 53, 62, 61, 60, 51, 42, 33, 32, 23, 22, 21, 30, 39, 38, 37, 36, 45, 54, 63, 72, 73, 74, 65, 56, 57, 58, 67, 68, 77, 78, 79, 80]
[00:00:00:31:047] ! Bidirectional. expansions: 3,343, time: 30,494 [ms], path length: 46 [edges], g_F: 23, g_B: 23, generated: {'F': 5,972, 'B': 6,031}, MM: 0, MMPER: -1.0%
[00:00:00:31:047] 
---------- SM_Grids/9x9_grid_with_random_blocks_12per_5 ----------
[00:00:00:17:783] Path of length 40 found: [0, 9, 18, 27, 36, 45, 46, 47, 56, 65, 66, 67, 76, 77, 78, 69, 60, 59, 50, 49, 40, 39, 30, 29, 20, 11, 2, 3, 4, 13, 22, 23, 32, 33, 42, 43, 52, 53, 62, 71, 80]
[00:00:00:17:783] ! Unidirectional s-t. expansions: 1,601, time: 17,783 [ms], path length: 40 [edges], generated: 8,228
[00:00:00:12:196] Path of length 40 found: [80, 71, 62, 53, 44, 43, 42, 33, 24, 23, 14, 13, 4, 3, 2, 11, 20, 21, 30, 31, 40, 49, 50, 59, 60, 69, 78, 77, 76, 67, 66, 57, 56, 47, 38, 37, 28, 27, 18, 9, 0]
[00:00:00:12:196] ! Unidirectional t-s. expansions: 1,108, time: 12,196 [ms], path length: 40 [edges], generated: 5,849
[00:00:00:16:466] Path of length 40 found: [0, 9, 18, 27, 36, 45, 46, 47, 56, 65, 66, 67, 76, 77, 78, 69, 60, 59, 50, 49, 40, 39, 30, 29, 20, 11, 2, 3, 4, 13, 14, 23, 24, 33, 42, 43, 44, 53, 62, 71, 80]
[00:00:00:17:028] ! Bidirectional. expansions: 1,452, time: 16,466 [ms], path length: 40 [edges], g_F: 20, g_B: 20, generated: {'F': 2,717, 'B': 2,688}, MM: 0, MMPER: -1.0%
[00:00:00:17:029] 
---------- SM_Grids/9x9_grid_with_random_blocks_12per_6 ----------
[00:00:01:01:042] Path of length 48 found: [0, 1, 10, 19, 18, 27, 36, 37, 38, 39, 48, 57, 56, 55, 54, 63, 72, 73, 74, 75, 76, 67, 68, 59, 50, 51, 42, 33, 32, 23, 22, 21, 12, 3, 4, 5, 6, 15, 16, 25, 26, 35, 44, 53, 62, 61, 70, 79, 80]
[00:00:01:01:042] ! Unidirectional s-t. expansions: 6,140, time: 61,042 [ms], path length: 48 [edges], generated: 29,891
[00:00:00:31:867] Path of length 48 found: [80, 79, 70, 61, 62, 53, 44, 35, 26, 17, 8, 7, 6, 5, 4, 3, 12, 21, 22, 23, 24, 33, 42, 41, 50, 59, 68, 77, 76, 75, 74, 73, 72, 63, 54, 55, 56, 57, 48, 39, 38, 37, 36, 27, 18, 19, 10, 1, 0]
[00:00:00:31:868] ! Unidirectional t-s. expansions: 3,684, time: 31,867 [ms], path length: 48 [edges], generated: 16,064
[00:00:00:35:777] Path of length 48 found: [0, 1, 10, 19, 18, 27, 36, 37, 38, 39, 48, 57, 56, 55, 54, 63, 72, 73, 74, 75, 76, 77, 78, 69, 60, 59, 50, 41, 42, 33, 24, 23, 22, 21, 12, 3, 4, 5, 6, 7, 8, 17, 26, 35, 44, 53, 62, 71, 80]
[00:00:00:36:287] ! Bidirectional. expansions: 4,081, time: 35,777 [ms], path length: 48 [edges], g_F: 24, g_B: 24, generated: {'F': 6,575, 'B': 7,167}, MM: 0, MMPER: -1.0%
[00:00:00:36:288] 
---------- SM_Grids/9x9_grid_with_random_blocks_12per_7 ----------
[00:00:01:57:231] Path of length 44 found: [0, 9, 18, 27, 36, 45, 54, 63, 64, 73, 74, 75, 76, 77, 68, 59, 58, 57, 56, 47, 38, 39, 40, 31, 22, 21, 20, 11, 2, 3, 4, 5, 6, 15, 16, 25, 34, 33, 42, 51, 52, 53, 62, 71, 80]
[00:00:01:57:231] ! Unidirectional s-t. expansions: 12,779, time: 117,231 [ms], path length: 44 [edges], generated: 62,784
[00:00:02:38:853] Path of length 44 found: [80, 79, 70, 61, 52, 51, 42, 33, 34, 25, 16, 7, 6, 5, 4, 3, 2, 11, 20, 21, 22, 31, 40, 39, 38, 47, 56, 57, 58, 59, 68, 77, 76, 75, 74, 73, 64, 63, 54, 45, 36, 27, 18, 9, 0]
[00:00:02:38:854] ! Unidirectional t-s. expansions: 16,698, time: 158,853 [ms], path length: 44 [edges], generated: 85,494
[00:00:01:55:605] Path of length 44 found: [0, 9, 18, 27, 36, 45, 54, 63, 64, 73, 74, 75, 76, 77, 68, 59, 58, 57, 56, 47, 38, 39, 40, 31, 22, 21, 20, 11, 2, 3, 4, 5, 6, 7, 16, 25, 34, 33, 42, 51, 52, 61, 70, 79, 80]
[00:00:01:56:103] ! Bidirectional. expansions: 13,925, time: 115,605 [ms], path length: 44 [edges], g_F: 22, g_B: 22, generated: {'F': 24,429, 'B': 27,088}, MM: 0, MMPER: -1.0%
[00:00:01:56:104] 
---------- SM_Grids/9x9_grid_with_random_blocks_12per_8 ----------
[00:00:00:18:238] Path of length 48 found: [0, 9, 18, 19, 20, 11, 2, 3, 4, 13, 22, 31, 32, 33, 24, 15, 6, 7, 8, 17, 26, 35, 44, 53, 62, 61, 60, 51, 50, 49, 48, 47, 38, 37, 36, 45, 54, 63, 72, 73, 74, 75, 66, 67, 68, 77, 78, 79, 80]
[00:00:00:18:238] ! Unidirectional s-t. expansions: 2,049, time: 18,238 [ms], path length: 48 [edges], generated: 9,189
[00:00:00:44:423] Path of length 48 found: [80, 79, 78, 77, 68, 67, 66, 75, 74, 73, 72, 63, 54, 45, 36, 37, 38, 47, 48, 49, 40, 31, 22, 23, 24, 33, 42, 51, 60, 61, 62, 53, 44, 35, 26, 17, 8, 7, 6, 5, 4, 3, 2, 11, 20, 19, 18, 9, 0]
[00:00:00:44:424] ! Unidirectional t-s. expansions: 5,194, time: 44,423 [ms], path length: 48 [edges], generated: 22,818
[00:00:00:28:577] Path of length 48 found: [0, 9, 18, 19, 20, 11, 2, 3, 4, 13, 22, 31, 32, 33, 24, 15, 6, 7, 8, 17, 26, 35, 44, 53, 62, 61, 60, 51, 50, 49, 48, 47, 38, 37, 36, 45, 54, 63, 72, 73, 74, 75, 66, 67, 68, 77, 78, 79, 80]
[00:00:00:29:044] ! Bidirectional. expansions: 3,939, time: 28,577 [ms], path length: 48 [edges], g_F: 24, g_B: 24, generated: {'F': 6,655, 'B': 6,494}, MM: 0, MMPER: -1.0%
[00:00:00:29:044] 
---------- SM_Grids/9x9_grid_with_random_blocks_12per_9 ----------
[00:00:03:15:845] Path of length 44 found: [0, 1, 2, 11, 20, 19, 18, 27, 36, 45, 54, 63, 72, 73, 74, 75, 76, 77, 78, 69, 60, 59, 58, 57, 56, 47, 38, 39, 40, 31, 22, 13, 14, 15, 16, 17, 26, 35, 34, 43, 52, 53, 62, 71, 80]
[00:00:03:15:845] ! Unidirectional s-t. expansions: 22,395, time: 195,845 [ms], path length: 44 [edges], generated: 118,328
[00:00:02:54:871] Path of length 44 found: [80, 71, 62, 53, 52, 43, 34, 35, 26, 17, 16, 15, 14, 23, 22, 31, 40, 41, 50, 59, 60, 69, 78, 77, 76, 75, 74, 73, 72, 63, 54, 55, 56, 47, 38, 37, 36, 27, 18, 19, 20, 11, 2, 1, 0]
[00:00:02:54:871] ! Unidirectional t-s. expansions: 23,483, time: 174,871 [ms], path length: 44 [edges], generated: 107,210
[00:00:03:12:010] Path of length 44 found: [0, 1, 2, 11, 20, 19, 18, 27, 36, 37, 38, 39, 40, 31, 22, 13, 14, 15, 16, 17, 26, 35, 34, 43, 52, 51, 50, 59, 58, 57, 56, 55, 54, 63, 72, 73, 74, 75, 76, 77, 78, 69, 70, 71, 80]
[00:00:03:12:475] ! Bidirectional. expansions: 27,089, time: 192,010 [ms], path length: 44 [edges], g_F: 22, g_B: 22, generated: {'F': 44,958, 'B': 45,054}, MM: 0, MMPER: -1.0%
[00:00:03:12:475] average expansions: (8,259, 9,240, 9,094, 0)
[00:00:03:12:475] average time: (77,013, 81,150, 70,787, 0)
[00:00:03:12:476] XIDA: 8,259 , 77,013 (expansions , time[ms])
[00:00:03:12:476] BiXIDA: 9,094 , 70,787 (expansions , time[ms])

