--------------------------
date: SM_Grids
number_of_graphs: 10
graph_type: grid
size_of_graphs: [9, 9]
heuristic: bcc_heuristic
snake: True
run_uni: True
run_bi: True
run_multi: False
solution_vertices: []
algorithms: ['IDA']
lookahead: 3
bsd: False
cube_first_dims: 4
cube_buffer_dim: None
backward_sym_generation: False
sym_coil: False
prefix_set: None

---------- SM_Grids/9x9_grid_with_random_blocks_8per_0 ----------
[00:00:04:37:782] Path of length 48 found: [0, 9, 18, 27, 36, 37, 46, 55, 54, 63, 72, 73, 74, 75, 66, 57, 48, 49, 50, 41, 42, 33, 24, 23, 22, 31, 30, 29, 20, 11, 2, 3, 4, 5, 6, 7, 16, 17, 26, 35, 44, 53, 52, 61, 60, 69, 78, 79, 80]
[00:00:04:37:783] ! Unidirectional s-t. expansions: 15,263, time: 277,782 [ms], path length: 48 [edges], generated: 161,014
[00:00:05:33:916] Valid states checked so far: 200,000, Expansions: 19,886, Global best: 49
[00:00:06:09:317] Path of length 48 found: [80, 79, 78, 77, 76, 75, 74, 73, 72, 63, 54, 55, 56, 57, 48, 49, 50, 59, 60, 61, 62, 53, 44, 43, 42, 33, 24, 25, 26, 17, 8, 7, 6, 5, 4, 13, 22, 31, 30, 29, 38, 37, 36, 27, 18, 19, 10, 1, 0]
[00:00:06:09:317] ! Unidirectional t-s. expansions: 22,121, time: 369,317 [ms], path length: 48 [edges], generated: 223,098
[00:00:16:57:787] Path of length 48 found: [0, 9, 18, 27, 36, 37, 46, 55, 54, 63, 72, 73, 74, 75, 66, 57, 48, 49, 40, 31, 30, 29, 20, 11, 2, 3, 4, 5, 6, 7, 8, 17, 26, 25, 24, 33, 42, 43, 44, 53, 62, 61, 60, 59, 68, 77, 78, 79, 80]
[00:00:16:58:268] ! Bidirectional. expansions: 38,376, time: 1,017,787 [ms], path length: 48 [edges], g_F: 26, g_B: 22, generated: {'F': 181,689, 'B': 143,528}, MM: 4, MMPER: 7.163265306122449%
[00:00:16:58:268] 
---------- SM_Grids/9x9_grid_with_random_blocks_8per_1 ----------
[00:00:04:34:216] Valid states checked so far: 200,000, Expansions: 19,050, Global best: 41
[00:00:04:58:496] Path of length 44 found: [0, 9, 18, 27, 36, 45, 46, 47, 48, 57, 66, 75, 76, 77, 78, 69, 60, 59, 50, 41, 40, 31, 30, 29, 20, 11, 2, 3, 4, 13, 14, 15, 6, 7, 8, 17, 26, 25, 34, 43, 52, 53, 62, 71, 80]
[00:00:04:58:496] ! Unidirectional s-t. expansions: 20,636, time: 298,496 [ms], path length: 44 [edges], generated: 217,436
[00:00:05:07:621] Valid states checked so far: 200,000, Expansions: 18,831, Global best: 31
[00:00:08:37:154] Path of length 44 found: [80, 79, 70, 61, 62, 53, 44, 43, 42, 51, 50, 59, 68, 77, 76, 75, 66, 57, 48, 47, 46, 37, 36, 27, 18, 19, 20, 29, 30, 31, 32, 23, 24, 25, 26, 17, 8, 7, 6, 5, 4, 3, 2, 1, 0]
[00:00:08:37:154] ! Unidirectional t-s. expansions: 33,933, time: 517,154 [ms], path length: 44 [edges], generated: 350,550
[00:00:13:34:551] Path of length 44 found: [0, 1, 2, 3, 4, 5, 6, 7, 8, 17, 26, 25, 24, 23, 22, 31, 30, 29, 20, 19, 18, 27, 36, 45, 46, 47, 48, 57, 66, 75, 76, 77, 78, 69, 60, 59, 50, 41, 42, 43, 44, 53, 62, 71, 80]
[00:00:13:35:015] ! Bidirectional. expansions: 25,816, time: 814,551 [ms], path length: 44 [edges], g_F: 28, g_B: 16, generated: {'F': 153,701, 'B': 106,133}, MM: 12, MMPER: 25.666666666666668%
[00:00:13:35:015] 
---------- SM_Grids/9x9_grid_with_random_blocks_8per_2 ----------
[00:00:03:08:023] Path of length 48 found: [0, 9, 18, 27, 36, 37, 38, 39, 48, 57, 56, 55, 54, 63, 72, 73, 74, 75, 76, 67, 68, 59, 50, 51, 42, 33, 32, 31, 22, 21, 20, 11, 2, 3, 4, 5, 6, 7, 16, 25, 26, 35, 44, 53, 62, 61, 70, 79, 80]
[00:00:03:08:024] ! Unidirectional s-t. expansions: 11,851, time: 188,024 [ms], path length: 48 [edges], generated: 119,810
[00:00:04:41:392] Path of length 48 found: [80, 71, 70, 69, 78, 77, 76, 67, 58, 49, 48, 47, 56, 65, 74, 73, 72, 63, 54, 45, 36, 37, 28, 29, 30, 21, 22, 23, 32, 41, 42, 51, 52, 53, 44, 35, 26, 25, 16, 7, 6, 5, 4, 3, 2, 11, 10, 9, 0]
[00:00:04:41:393] ! Unidirectional t-s. expansions: 14,919, time: 281,392 [ms], path length: 48 [edges], generated: 172,265
[00:00:09:17:366] Path of length 48 found: [0, 9, 10, 11, 2, 3, 4, 5, 6, 7, 16, 25, 34, 35, 44, 53, 52, 51, 42, 41, 32, 23, 22, 21, 30, 29, 28, 27, 36, 45, 54, 63, 72, 73, 74, 65, 56, 47, 48, 49, 58, 67, 76, 77, 78, 69, 70, 71, 80]
[00:00:09:17:849] ! Bidirectional. expansions: 17,542, time: 557,366 [ms], path length: 48 [edges], g_F: 24, g_B: 24, generated: {'F': 92,673, 'B': 73,163}, MM: 0, MMPER: -1.0%
[00:00:09:17:849] 
---------- SM_Grids/9x9_grid_with_random_blocks_8per_3 ----------
[00:00:05:09:463] Valid states checked so far: 200,000, Expansions: 19,893, Global best: 41
[00:00:09:46:375] Valid states checked so far: 400,000, Expansions: 40,472, Global best: 47
[00:00:11:28:199] Path of length 46 found: [0, 1, 10, 19, 18, 27, 36, 37, 38, 29, 30, 21, 12, 3, 4, 5, 6, 7, 16, 25, 24, 33, 32, 41, 40, 49, 48, 57, 56, 55, 54, 63, 72, 73, 74, 75, 76, 67, 68, 59, 60, 51, 52, 53, 62, 71, 80]
[00:00:11:28:200] ! Unidirectional s-t. expansions: 47,952, time: 688,199 [ms], path length: 46 [edges], generated: 472,329
[00:00:04:54:752] Valid states checked so far: 200,000, Expansions: 18,912, Global best: 41
[00:00:09:08:622] Valid states checked so far: 400,000, Expansions: 39,131, Global best: 45
[00:00:11:37:036] Path of length 46 found: [80, 71, 62, 53, 44, 35, 34, 33, 24, 15, 6, 5, 4, 3, 2, 11, 20, 21, 30, 31, 40, 41, 50, 51, 60, 69, 78, 77, 76, 67, 58, 57, 56, 65, 74, 73, 72, 63, 54, 45, 46, 37, 28, 27, 18, 9, 0]
[00:00:11:37:036] ! Unidirectional t-s. expansions: 50,644, time: 697,036 [ms], path length: 46 [edges], generated: 513,460
[00:00:29:08:613] Path of length 46 found: [0, 1, 2, 3, 12, 13, 14, 5, 6, 7, 16, 25, 34, 35, 44, 53, 52, 51, 50, 41, 32, 31, 30, 29, 20, 19, 18, 27, 36, 45, 54, 63, 72, 73, 74, 65, 56, 57, 58, 67, 76, 77, 78, 69, 70, 71, 80]
[00:00:29:09:075] ! Bidirectional. expansions: 65,192, time: 1,748,613 [ms], path length: 46 [edges], g_F: 24, g_B: 22, generated: {'F': 333,896, 'B': 247,396}, MM: 2, MMPER: 3.25531914893617%
[00:00:29:09:075] 
---------- SM_Grids/9x9_grid_with_random_blocks_8per_4 ----------
[00:00:03:07:333] Path of length 48 found: [0, 1, 2, 3, 12, 21, 20, 19, 18, 27, 36, 37, 38, 47, 56, 55, 54, 63, 72, 73, 74, 75, 76, 77, 78, 69, 60, 59, 58, 49, 40, 41, 32, 23, 14, 5, 6, 7, 8, 17, 26, 25, 34, 43, 44, 53, 62, 71, 80]
[00:00:03:07:334] ! Unidirectional s-t. expansions: 11,190, time: 187,333 [ms], path length: 48 [edges], generated: 114,999
[00:00:02:35:820] Path of length 48 found: [80, 71, 62, 53, 44, 43, 34, 25, 26, 17, 8, 7, 6, 5, 14, 23, 32, 41, 50, 51, 60, 69, 78, 77, 76, 75, 74, 73, 72, 63, 54, 55, 56, 57, 48, 39, 38, 37, 36, 27, 18, 19, 20, 21, 12, 3, 2, 1, 0]
[00:00:02:35:820] ! Unidirectional t-s. expansions: 8,902, time: 155,820 [ms], path length: 48 [edges], generated: 101,572
[00:00:06:01:196] Path of length 48 found: [0, 1, 2, 3, 12, 21, 20, 19, 28, 27, 36, 45, 54, 63, 64, 73, 74, 75, 76, 77, 78, 69, 60, 59, 58, 57, 56, 47, 38, 39, 40, 41, 42, 33, 24, 23, 14, 5, 6, 7, 8, 17, 26, 35, 44, 53, 62, 71, 80]
[00:00:06:01:651] ! Bidirectional. expansions: 12,295, time: 361,196 [ms], path length: 48 [edges], g_F: 28, g_B: 20, generated: {'F': 59,264, 'B': 45,330}, MM: 8, MMPER: 15.326530612244898%
[00:00:06:01:651] 
---------- SM_Grids/9x9_grid_with_random_blocks_8per_5 ----------
[00:00:01:45:460] Path of length 48 found: [0, 9, 18, 27, 28, 37, 46, 45, 54, 63, 64, 65, 74, 75, 76, 77, 68, 59, 58, 57, 48, 39, 40, 41, 42, 33, 24, 23, 22, 21, 20, 11, 2, 3, 4, 5, 6, 7, 16, 17, 26, 35, 44, 53, 52, 61, 70, 79, 80]
[00:00:01:45:461] ! Unidirectional s-t. expansions: 6,345, time: 105,460 [ms], path length: 48 [edges], generated: 67,156
[00:00:02:43:862] Path of length 48 found: [80, 71, 70, 61, 52, 53, 44, 35, 26, 17, 8, 7, 6, 5, 4, 3, 2, 11, 20, 21, 22, 23, 24, 33, 42, 41, 40, 39, 48, 57, 58, 59, 68, 77, 76, 75, 74, 65, 64, 63, 54, 45, 46, 37, 28, 27, 18, 9, 0]
[00:00:02:43:862] ! Unidirectional t-s. expansions: 8,116, time: 163,862 [ms], path length: 48 [edges], generated: 96,947
[00:00:07:43:220] Path of length 48 found: [0, 9, 18, 27, 28, 37, 46, 45, 54, 63, 64, 65, 74, 75, 76, 77, 68, 59, 58, 57, 48, 39, 40, 41, 42, 33, 24, 23, 22, 21, 20, 11, 2, 3, 4, 5, 6, 7, 8, 17, 26, 35, 44, 53, 52, 61, 70, 71, 80]
[00:00:07:43:705] ! Bidirectional. expansions: 15,437, time: 463,220 [ms], path length: 48 [edges], g_F: 26, g_B: 22, generated: {'F': 75,421, 'B': 63,879}, MM: 4, MMPER: 7.163265306122449%
[00:00:07:43:705] 
---------- SM_Grids/9x9_grid_with_random_blocks_8per_6 ----------
[00:00:03:15:861] Path of length 48 found: [0, 1, 2, 3, 12, 13, 22, 23, 24, 15, 6, 7, 8, 17, 26, 35, 34, 43, 42, 41, 50, 49, 48, 39, 30, 29, 20, 19, 18, 27, 36, 37, 46, 55, 54, 63, 72, 73, 74, 75, 66, 67, 68, 69, 60, 61, 62, 71, 80]
[00:00:03:15:861] ! Unidirectional s-t. expansions: 11,804, time: 195,861 [ms], path length: 48 [edges], generated: 125,545
[00:00:03:40:713] Path of length 48 found: [80, 79, 78, 69, 60, 61, 52, 43, 34, 35, 26, 17, 8, 7, 6, 15, 14, 13, 4, 3, 2, 11, 20, 21, 30, 31, 32, 41, 50, 49, 58, 67, 66, 75, 74, 73, 72, 63, 54, 55, 56, 47, 38, 37, 28, 27, 18, 9, 0]
[00:00:03:40:713] ! Unidirectional t-s. expansions: 11,475, time: 220,713 [ms], path length: 48 [edges], generated: 135,330
[00:00:11:34:893] Path of length 48 found: [0, 9, 18, 27, 36, 37, 38, 29, 20, 11, 2, 3, 4, 13, 22, 23, 24, 15, 6, 7, 8, 17, 26, 35, 34, 43, 42, 41, 40, 49, 48, 57, 56, 55, 54, 63, 72, 73, 74, 75, 76, 67, 68, 69, 60, 61, 62, 71, 80]
[00:00:11:35:377] ! Bidirectional. expansions: 27,042, time: 694,893 [ms], path length: 48 [edges], g_F: 27, g_B: 21, generated: {'F': 119,099, 'B': 100,008}, MM: 6, MMPER: 11.244897959183673%
[00:00:11:35:378] 
---------- SM_Grids/9x9_grid_with_random_blocks_8per_7 ----------
[00:00:05:16:047] Valid states checked so far: 200,000, Expansions: 16,624, Global best: 45
[00:00:06:19:564] Path of length 48 found: [0, 9, 10, 11, 2, 3, 4, 13, 14, 15, 6, 7, 8, 17, 26, 25, 34, 43, 44, 53, 62, 61, 60, 51, 50, 41, 32, 31, 30, 39, 38, 37, 36, 45, 54, 63, 72, 73, 74, 65, 56, 57, 58, 67, 76, 77, 78, 79, 80]
[00:00:06:19:564] ! Unidirectional s-t. expansions: 20,022, time: 379,564 [ms], path length: 48 [edges], generated: 242,633
[00:00:03:14:250] Path of length 48 found: [80, 79, 78, 77, 68, 67, 58, 57, 56, 65, 74, 73, 72, 63, 54, 45, 36, 37, 38, 29, 30, 31, 40, 41, 50, 51, 60, 61, 62, 53, 44, 43, 34, 25, 26, 17, 8, 7, 6, 15, 14, 13, 4, 3, 2, 11, 10, 9, 0]
[00:00:03:14:250] ! Unidirectional t-s. expansions: 13,907, time: 194,250 [ms], path length: 48 [edges], generated: 129,595
[00:00:13:11:970] Path of length 48 found: [0, 9, 10, 11, 2, 3, 4, 13, 14, 15, 6, 7, 8, 17, 26, 25, 34, 43, 44, 53, 62, 61, 60, 51, 50, 41, 32, 31, 30, 29, 28, 27, 36, 45, 54, 63, 72, 73, 74, 65, 56, 57, 58, 67, 68, 77, 78, 79, 80]
[00:00:13:12:424] ! Bidirectional. expansions: 26,494, time: 791,970 [ms], path length: 48 [edges], g_F: 28, g_B: 20, generated: {'F': 135,434, 'B': 100,514}, MM: 8, MMPER: 15.326530612244898%
[00:00:13:12:424] 
---------- SM_Grids/9x9_grid_with_random_blocks_8per_8 ----------
[00:00:00:45:769] Path of length 50 found: [0, 1, 2, 11, 20, 19, 18, 27, 36, 37, 46, 55, 54, 63, 72, 73, 74, 65, 66, 67, 76, 77, 78, 69, 60, 59, 50, 49, 48, 39, 30, 31, 22, 13, 4, 5, 6, 7, 8, 17, 26, 25, 24, 33, 42, 43, 52, 53, 62, 71, 80]
[00:00:00:45:769] ! Unidirectional s-t. expansions: 2,675, time: 45,769 [ms], path length: 50 [edges], generated: 26,262
[00:00:01:00:066] Path of length 50 found: [80, 71, 62, 53, 44, 43, 42, 33, 24, 25, 26, 17, 8, 7, 6, 5, 4, 13, 22, 31, 30, 39, 48, 49, 50, 59, 60, 69, 78, 77, 76, 67, 66, 65, 74, 73, 72, 63, 54, 55, 46, 37, 36, 27, 18, 19, 20, 11, 2, 1, 0]
[00:00:01:00:066] ! Unidirectional t-s. expansions: 3,744, time: 60,066 [ms], path length: 50 [edges], generated: 34,833
[00:00:03:17:416] Path of length 50 found: [0, 9, 18, 27, 36, 37, 46, 55, 54, 63, 72, 73, 74, 65, 66, 67, 76, 77, 78, 69, 60, 59, 50, 49, 48, 39, 30, 29, 20, 11, 2, 3, 4, 13, 22, 23, 24, 15, 6, 7, 8, 17, 26, 35, 34, 43, 52, 53, 62, 71, 80]
[00:00:03:17:895] ! Bidirectional. expansions: 5,272, time: 197,416 [ms], path length: 50 [edges], g_F: 29, g_B: 21, generated: {'F': 25,929, 'B': 22,431}, MM: 8, MMPER: 14.686274509803921%
[00:00:03:17:895] 
---------- SM_Grids/9x9_grid_with_random_blocks_8per_9 ----------
[00:00:05:17:454] Valid states checked so far: 200,000, Expansions: 17,845, Global best: 47
[00:00:08:00:933] Path of length 46 found: [0, 9, 18, 27, 36, 45, 54, 55, 64, 73, 74, 75, 66, 67, 68, 59, 60, 51, 42, 33, 24, 23, 22, 31, 40, 49, 48, 47, 38, 29, 20, 11, 2, 3, 4, 5, 6, 7, 16, 17, 26, 35, 44, 53, 62, 71, 80]
[00:00:08:00:933] ! Unidirectional s-t. expansions: 28,824, time: 480,933 [ms], path length: 46 [edges], generated: 315,519
[00:00:02:38:541] Path of length 46 found: [80, 79, 78, 77, 68, 59, 58, 57, 66, 75, 74, 73, 64, 55, 46, 45, 36, 27, 18, 19, 20, 29, 38, 39, 40, 31, 22, 23, 24, 33, 42, 51, 52, 53, 44, 35, 26, 17, 8, 7, 6, 5, 4, 3, 2, 1, 0]
[00:00:02:38:541] ! Unidirectional t-s. expansions: 9,000, time: 158,541 [ms], path length: 46 [edges], generated: 107,839
[00:00:07:02:285] Path of length 46 found: [0, 9, 18, 19, 20, 11, 2, 3, 4, 5, 6, 7, 16, 17, 26, 35, 44, 53, 52, 51, 42, 33, 24, 23, 22, 31, 30, 39, 38, 37, 36, 45, 54, 55, 64, 73, 74, 75, 66, 57, 58, 59, 68, 77, 78, 79, 80]
[00:00:07:02:743] ! Bidirectional. expansions: 14,074, time: 422,286 [ms], path length: 46 [edges], g_F: 27, g_B: 19, generated: {'F': 78,084, 'B': 56,320}, MM: 8, MMPER: 16.02127659574468%
[00:00:07:02:743] average expansions: (17,656, 17,676, 24,754, 0)
[00:00:07:02:743] average time: (284,742, 281,815, 706,930, 0)
[00:00:07:02:743] XIDA: 17,656 , 281,815 (expansions , time[ms])
[00:00:07:02:743] BiXIDA: 24,754 , 706,930 (expansions , time[ms])

