--------------------------
date: SM_Grids
number_of_graphs: 10
graph_type: grid
size_of_graphs: [9, 9]
heuristic: bcc_heuristic
snake: True
run_uni: True
run_bi: True
run_multi: False
solution_vertices: []
algorithms: ['A']
lookahead: 3
bsd: False
cube_first_dims: 4
cube_buffer_dim: None
backward_sym_generation: False
sym_coil: False
prefix_set: None

---------- SM_Grids/9x9_grid_with_random_blocks_12per_0 ----------
[00:00:00:27:976] Path of length 46 found: [0, 1, 2, 3, 4, 5, 6, 7, 16, 17, 26, 35, 44, 53, 52, 51, 42, 33, 24, 23, 22, 21, 20, 19, 18, 27, 36, 45, 54, 63, 72, 73, 74, 65, 56, 47, 48, 49, 58, 67, 76, 77, 78, 69, 70, 71, 80]
[00:00:00:27:977] ! Unidirectional s-t. expansions: 5,505, time: 27,976 [ms], path length: 46 [edges], generated: 10,180
[00:00:00:23:556] Path of length 46 found: [80, 71, 70, 69, 78, 77, 76, 67, 58, 49, 48, 47, 56, 65, 74, 73, 72, 63, 54, 45, 36, 27, 28, 29, 20, 21, 22, 23, 24, 33, 42, 51, 52, 53, 44, 35, 26, 17, 8, 7, 6, 5, 4, 3, 2, 1, 0]
[00:00:00:23:557] ! Unidirectional t-s. expansions: 4,965, time: 23,556 [ms], path length: 46 [edges], generated: 8,138
[00:00:00:26:144] Path of length 46 found: [0, 1, 2, 3, 4, 5, 6, 7, 8, 17, 26, 35, 44, 53, 52, 51, 42, 33, 24, 23, 22, 21, 20, 19, 18, 27, 36, 45, 54, 63, 72, 73, 74, 65, 56, 47, 48, 49, 58, 67, 76, 77, 78, 69, 70, 71, 80]
[00:00:00:26:783] ! Bidirectional. expansions: 815, time: 26,144 [ms], path length: 46 [edges], g_F: 26, g_B: 20, generated: {'F': 4,460, 'B': 2,855}, MM: 6, MMPER: 11.76595744680851%
[00:00:00:26:784] 
---------- SM_Grids/9x9_grid_with_random_blocks_12per_1 ----------
[00:00:00:41:547] Path of length 46 found: [0, 9, 10, 11, 2, 3, 4, 5, 6, 15, 16, 25, 26, 35, 44, 53, 62, 61, 60, 51, 42, 33, 32, 23, 22, 21, 30, 29, 38, 37, 46, 45, 54, 63, 72, 73, 74, 65, 56, 57, 58, 67, 76, 77, 78, 79, 80]
[00:00:00:41:549] ! Unidirectional s-t. expansions: 9,277, time: 41,547 [ms], path length: 46 [edges], generated: 15,732
[00:00:00:33:271] Path of length 46 found: [80, 71, 62, 53, 44, 35, 26, 17, 8, 7, 6, 5, 4, 13, 22, 23, 32, 33, 42, 51, 60, 69, 78, 77, 76, 75, 74, 73, 72, 63, 54, 45, 46, 47, 56, 57, 58, 49, 40, 39, 30, 29, 20, 11, 2, 1, 0]
[00:00:00:33:272] ! Unidirectional t-s. expansions: 6,579, time: 33,271 [ms], path length: 46 [edges], generated: 11,422
[00:00:02:03:647] Path of length 46 found: [0, 9, 10, 11, 2, 3, 4, 5, 6, 15, 16, 25, 26, 35, 44, 53, 62, 61, 60, 51, 42, 33, 32, 23, 22, 21, 30, 29, 38, 37, 46, 45, 54, 63, 72, 73, 74, 65, 56, 57, 58, 67, 68, 77, 78, 79, 80]
[00:00:02:04:248] ! Bidirectional. expansions: 6,489, time: 123,647 [ms], path length: 46 [edges], g_F: 25, g_B: 21, generated: {'F': 25,445, 'B': 19,858}, MM: 4, MMPER: 7.51063829787234%
[00:00:02:04:248] 
---------- SM_Grids/9x9_grid_with_random_blocks_12per_2 ----------
[00:00:00:48:299] Expansion 10,000: state None, f=45, g=16
[00:00:00:52:207] Path of length 44 found: [0, 9, 18, 27, 28, 29, 20, 11, 12, 13, 22, 31, 40, 39, 48, 47, 46, 55, 64, 73, 74, 75, 66, 67, 58, 59, 50, 51, 42, 33, 24, 15, 6, 7, 8, 17, 26, 35, 44, 53, 62, 61, 70, 79, 80]
[00:00:00:52:208] ! Unidirectional s-t. expansions: 10,777, time: 52,207 [ms], path length: 44 [edges], generated: 18,738
[00:00:00:48:607] Expansion 10,000: state None, f=45, g=12
[00:00:00:49:413] Path of length 44 found: [80, 79, 78, 69, 60, 61, 62, 53, 44, 43, 42, 33, 24, 25, 26, 17, 8, 7, 6, 5, 14, 13, 22, 31, 40, 39, 48, 57, 58, 67, 76, 75, 74, 65, 64, 55, 46, 37, 28, 29, 20, 11, 2, 1, 0]
[00:00:00:49:417] ! Unidirectional t-s. expansions: 10,170, time: 49,415 [ms], path length: 44 [edges], generated: 16,977
[00:00:01:52:568] Path of length 44 found: [0, 9, 18, 27, 28, 29, 20, 11, 12, 13, 22, 31, 40, 39, 48, 47, 46, 55, 64, 73, 74, 75, 76, 67, 58, 59, 50, 51, 42, 33, 24, 15, 6, 7, 8, 17, 26, 35, 44, 53, 62, 61, 70, 79, 80]
[00:00:01:53:163] ! Bidirectional. expansions: 3,272, time: 112,568 [ms], path length: 44 [edges], g_F: 20, g_B: 24, generated: {'F': 18,497, 'B': 12,916}, MM: 4, MMPER: 7.888888888888889%
[00:00:01:53:164] 
---------- SM_Grids/9x9_grid_with_random_blocks_12per_3 ----------
[00:00:00:28:131] Path of length 46 found: [0, 1, 2, 3, 12, 21, 20, 19, 28, 37, 46, 45, 54, 63, 72, 73, 74, 75, 76, 67, 58, 57, 48, 39, 40, 31, 32, 23, 14, 5, 6, 7, 8, 17, 26, 25, 34, 43, 44, 53, 62, 61, 60, 69, 78, 79, 80]
[00:00:00:28:133] ! Unidirectional s-t. expansions: 6,221, time: 28,131 [ms], path length: 46 [edges], generated: 10,671
[00:00:00:48:255] Expansion 10,000: state None, f=47, g=14
[00:00:00:51:625] Path of length 46 found: [80, 71, 62, 53, 44, 43, 42, 51, 60, 69, 68, 77, 76, 75, 74, 73, 72, 63, 54, 45, 46, 47, 56, 57, 58, 49, 40, 31, 32, 23, 24, 25, 26, 17, 8, 7, 6, 5, 4, 3, 12, 21, 20, 19, 10, 1, 0]
[00:00:00:51:628] ! Unidirectional t-s. expansions: 10,624, time: 51,627 [ms], path length: 46 [edges], generated: 18,287
[00:00:01:41:983] Path of length 46 found: [0, 1, 2, 3, 12, 21, 20, 19, 28, 37, 46, 45, 54, 63, 72, 73, 74, 75, 76, 67, 58, 57, 48, 39, 40, 41, 42, 33, 24, 23, 14, 5, 6, 7, 8, 17, 26, 35, 44, 53, 62, 61, 60, 69, 78, 79, 80]
[00:00:01:42:578] ! Bidirectional. expansions: 4,359, time: 101,985 [ms], path length: 46 [edges], g_F: 27, g_B: 19, generated: {'F': 19,884, 'B': 14,875}, MM: 8, MMPER: 16.02127659574468%
[00:00:01:42:579] 
---------- SM_Grids/9x9_grid_with_random_blocks_12per_4 ----------
[00:00:00:15:116] Path of length 46 found: [0, 9, 18, 27, 28, 37, 46, 45, 54, 63, 72, 73, 74, 65, 56, 57, 48, 49, 40, 41, 32, 23, 22, 21, 20, 11, 2, 3, 4, 5, 6, 15, 16, 25, 26, 35, 44, 43, 52, 51, 60, 59, 68, 77, 78, 79, 80]
[00:00:00:15:117] ! Unidirectional s-t. expansions: 2,961, time: 15,116 [ms], path length: 46 [edges], generated: 5,340
[00:00:00:09:705] Path of length 46 found: [80, 79, 78, 77, 68, 59, 60, 61, 52, 53, 44, 35, 26, 17, 16, 15, 6, 5, 4, 3, 2, 11, 20, 21, 22, 23, 32, 41, 40, 49, 48, 57, 56, 65, 74, 73, 72, 63, 54, 45, 46, 37, 28, 27, 18, 9, 0]
[00:00:00:09:706] ! Unidirectional t-s. expansions: 1,882, time: 9,705 [ms], path length: 46 [edges], generated: 3,145
[00:00:00:39:269] Path of length 46 found: [0, 9, 18, 27, 28, 37, 46, 45, 54, 63, 72, 73, 74, 65, 56, 57, 48, 39, 40, 41, 32, 23, 22, 21, 20, 11, 2, 3, 4, 5, 6, 15, 16, 17, 26, 35, 44, 53, 52, 61, 60, 59, 68, 77, 78, 79, 80]
[00:00:00:39:814] ! Bidirectional. expansions: 1,322, time: 39,270 [ms], path length: 46 [edges], g_F: 22, g_B: 24, generated: {'F': 7,100, 'B': 4,955}, MM: 2, MMPER: 3.25531914893617%
[00:00:00:39:814] 
---------- SM_Grids/9x9_grid_with_random_blocks_12per_5 ----------
[00:00:00:07:505] Path of length 40 found: [0, 9, 18, 27, 36, 45, 46, 47, 56, 65, 66, 67, 76, 77, 78, 69, 60, 59, 50, 49, 40, 39, 30, 29, 20, 11, 2, 3, 4, 13, 22, 23, 32, 33, 42, 43, 52, 53, 62, 71, 80]
[00:00:00:07:506] ! Unidirectional s-t. expansions: 1,377, time: 7,505 [ms], path length: 40 [edges], generated: 2,458
[00:00:00:06:696] Path of length 40 found: [80, 71, 62, 53, 44, 43, 42, 33, 24, 23, 14, 13, 4, 3, 2, 11, 20, 21, 30, 31, 40, 49, 50, 59, 60, 69, 78, 77, 76, 67, 66, 57, 56, 47, 38, 37, 28, 27, 18, 9, 0]
[00:00:00:06:697] ! Unidirectional t-s. expansions: 1,230, time: 6,696 [ms], path length: 40 [edges], generated: 2,195
[00:00:00:28:332] Path of length 40 found: [0, 1, 2, 3, 4, 13, 14, 23, 24, 33, 42, 43, 44, 53, 62, 61, 60, 59, 50, 49, 40, 31, 30, 29, 20, 19, 18, 27, 36, 45, 46, 47, 56, 57, 66, 67, 76, 77, 78, 79, 80]
[00:00:00:28:863] ! Bidirectional. expansions: 707, time: 28,332 [ms], path length: 40 [edges], g_F: 22, g_B: 18, generated: {'F': 3,915, 'B': 2,991}, MM: 4, MMPER: 8.75609756097561%
[00:00:00:28:863] 
---------- SM_Grids/9x9_grid_with_random_blocks_12per_6 ----------
[00:00:00:29:164] Path of length 48 found: [0, 1, 10, 19, 18, 27, 36, 37, 38, 39, 48, 57, 56, 55, 54, 63, 72, 73, 74, 75, 76, 67, 68, 59, 50, 51, 42, 33, 32, 23, 22, 21, 12, 3, 4, 5, 6, 15, 16, 25, 26, 35, 44, 53, 62, 61, 70, 79, 80]
[00:00:00:29:165] ! Unidirectional s-t. expansions: 5,747, time: 29,164 [ms], path length: 48 [edges], generated: 10,055
[00:00:00:20:867] Path of length 48 found: [80, 71, 62, 53, 44, 35, 26, 17, 16, 7, 6, 5, 4, 3, 12, 21, 22, 23, 24, 33, 42, 41, 50, 59, 60, 69, 78, 77, 76, 75, 74, 73, 72, 63, 54, 55, 56, 57, 48, 39, 38, 37, 36, 27, 18, 19, 10, 1, 0]
[00:00:00:20:869] ! Unidirectional t-s. expansions: 4,072, time: 20,868 [ms], path length: 48 [edges], generated: 6,542
[00:00:00:56:563] Path of length 48 found: [0, 1, 10, 19, 18, 27, 36, 37, 38, 39, 48, 57, 56, 55, 54, 63, 72, 73, 74, 75, 76, 67, 68, 59, 50, 51, 42, 33, 24, 23, 22, 21, 12, 3, 4, 5, 6, 7, 16, 17, 26, 35, 44, 53, 62, 61, 70, 79, 80]
[00:00:00:57:113] ! Bidirectional. expansions: 1,738, time: 56,563 [ms], path length: 48 [edges], g_F: 29, g_B: 19, generated: {'F': 8,821, 'B': 6,285}, MM: 10, MMPER: 19.408163265306122%
[00:00:00:57:113] 
---------- SM_Grids/9x9_grid_with_random_blocks_12per_7 ----------
[00:00:00:47:781] Expansion 10,000: state None, f=45, g=16
[00:00:00:52:942] Path of length 44 found: [0, 9, 18, 27, 36, 45, 54, 63, 64, 73, 74, 75, 76, 77, 68, 59, 58, 57, 56, 47, 38, 39, 40, 31, 22, 21, 20, 11, 2, 3, 4, 5, 6, 7, 16, 25, 24, 33, 42, 51, 52, 53, 62, 71, 80]
[00:00:00:52:944] ! Unidirectional s-t. expansions: 11,092, time: 52,942 [ms], path length: 44 [edges], generated: 19,234
[00:00:00:53:811] Expansion 10,000: state None, f=45, g=25
[00:00:01:24:033] Path of length 44 found: [80, 71, 62, 53, 52, 51, 42, 41, 40, 31, 22, 23, 24, 25, 16, 7, 6, 5, 4, 3, 2, 11, 20, 29, 38, 47, 48, 57, 58, 59, 68, 77, 76, 75, 74, 65, 64, 55, 54, 45, 36, 27, 18, 9, 0]
[00:00:01:24:034] ! Unidirectional t-s. expansions: 16,618, time: 84,033 [ms], path length: 44 [edges], generated: 29,289
[00:00:02:43:881] Path of length 44 found: [0, 9, 18, 27, 36, 45, 54, 63, 64, 73, 74, 75, 76, 77, 68, 59, 58, 57, 56, 47, 38, 39, 40, 31, 22, 21, 20, 11, 2, 3, 4, 5, 6, 7, 16, 25, 34, 33, 42, 51, 52, 53, 62, 71, 80]
[00:00:02:44:506] ! Bidirectional. expansions: 5,277, time: 163,881 [ms], path length: 44 [edges], g_F: 23, g_B: 21, generated: {'F': 29,355, 'B': 22,145}, MM: 2, MMPER: 3.4444444444444446%
[00:00:02:44:506] 
---------- SM_Grids/9x9_grid_with_random_blocks_12per_8 ----------
[00:00:00:08:403] Path of length 48 found: [0, 9, 18, 19, 20, 11, 2, 3, 4, 13, 22, 31, 32, 33, 24, 15, 6, 7, 8, 17, 26, 35, 44, 53, 62, 61, 60, 51, 50, 49, 48, 47, 38, 37, 36, 45, 54, 63, 72, 73, 74, 75, 66, 67, 68, 77, 78, 79, 80]
[00:00:00:08:406] ! Unidirectional s-t. expansions: 1,622, time: 8,403 [ms], path length: 48 [edges], generated: 2,585
[00:00:00:17:595] Path of length 48 found: [80, 79, 78, 77, 68, 67, 66, 75, 74, 73, 72, 63, 54, 45, 36, 37, 38, 47, 48, 49, 40, 41, 42, 51, 60, 61, 62, 53, 44, 35, 26, 17, 8, 7, 6, 15, 24, 23, 22, 13, 4, 3, 2, 11, 20, 19, 18, 9, 0]
[00:00:00:17:595] ! Unidirectional t-s. expansions: 3,577, time: 17,595 [ms], path length: 48 [edges], generated: 5,824
[00:00:00:36:148] Path of length 48 found: [0, 9, 18, 19, 20, 11, 2, 3, 4, 13, 14, 15, 6, 7, 8, 17, 26, 35, 44, 53, 62, 61, 60, 51, 42, 33, 32, 31, 40, 49, 48, 47, 38, 37, 36, 45, 54, 63, 72, 73, 74, 75, 66, 67, 68, 77, 78, 79, 80]
[00:00:00:36:708] ! Bidirectional. expansions: 1,284, time: 36,148 [ms], path length: 48 [edges], g_F: 26, g_B: 22, generated: {'F': 5,359, 'B': 4,539}, MM: 4, MMPER: 7.163265306122449%
[00:00:00:36:709] 
---------- SM_Grids/9x9_grid_with_random_blocks_12per_9 ----------
[00:00:00:49:972] Expansion 10,000: state None, f=45, g=18
[00:00:00:59:734] Path of length 44 found: [0, 1, 2, 11, 20, 19, 18, 27, 36, 37, 38, 47, 56, 55, 54, 63, 72, 73, 74, 75, 76, 77, 78, 69, 60, 59, 50, 41, 40, 31, 22, 13, 14, 15, 16, 17, 26, 35, 34, 43, 52, 53, 62, 71, 80]
[00:00:00:59:736] ! Unidirectional s-t. expansions: 11,894, time: 59,734 [ms], path length: 44 [edges], generated: 21,980
[00:00:00:47:592] Expansion 10,000: state None, f=46, g=22
[00:00:01:27:499] Expansion 20,000: state None, f=45, g=20
[00:00:01:43:394] Path of length 44 found: [80, 71, 62, 53, 52, 43, 34, 35, 26, 17, 16, 15, 14, 23, 22, 31, 40, 39, 48, 57, 58, 59, 60, 69, 78, 77, 76, 75, 74, 73, 72, 63, 54, 55, 46, 37, 36, 27, 18, 19, 20, 11, 2, 1, 0]
[00:00:01:43:396] ! Unidirectional t-s. expansions: 23,730, time: 103,394 [ms], path length: 44 [edges], generated: 38,965
[00:00:03:46:289] Expansion 10,000: F [0, 9, 18, 19, 28, 29, 38, 47, 56, 55], B [80, 71, 62, 61, 52, 43, 44, 35, 26, 25], f=45, g=18
[00:00:04:26:121] Path of length 44 found: [0, 1, 2, 11, 20, 19, 18, 27, 36, 37, 38, 39, 40, 31, 22, 13, 14, 15, 16, 17, 26, 35, 34, 43, 52, 51, 50, 59, 58, 57, 56, 55, 54, 63, 72, 73, 74, 75, 76, 77, 78, 69, 70, 71, 80]
[00:00:04:26:775] ! Bidirectional. expansions: 11,758, time: 266,121 [ms], path length: 44 [edges], g_F: 24, g_B: 20, generated: {'F': 55,233, 'B': 35,555}, MM: 4, MMPER: 7.888888888888889%
[00:00:04:26:775] average expansions: (6,647, 8,345, 3,702, 0)
[00:00:04:26:775] average time: (32,272, 40,016, 95,466, 0)
[00:00:04:26:776] XA*: 6,647 , 32,272 (expansions , time[ms])
[00:00:04:26:776] BiXA*: 3,702 , 95,466 (expansions , time[ms])

