--------------------------
date: SM_Grids
number_of_graphs: 10
graph_type: grid
size_of_graphs: [8, 9]
heuristic: bcc_heuristic
snake: True
run_uni: True
run_bi: True
run_multi: False
solution_vertices: []
algorithms: ['IDA']
lookahead: 1
bsd: False
cube_first_dims: 4
cube_buffer_dim: None
backward_sym_generation: False
sym_coil: False
prefix_set: None

---------- SM_Grids/8x9_grid_with_random_blocks_8per_0 ----------
[00:00:00:50:093] Path of length 43 found: [0, 9, 18, 27, 36, 45, 54, 63, 64, 65, 56, 47, 38, 39, 30, 21, 20, 11, 2, 3, 4, 13, 14, 15, 6, 7, 8, 17, 26, 25, 34, 33, 32, 41, 50, 49, 58, 67, 68, 69, 60, 61, 62, 71]
[00:00:00:50:093] ! Unidirectional s-t. expansions: 10,324, time: 50,093 [ms], path length: 43 [edges], generated: 16,766
[00:00:00:40:246] Path of length 43 found: [71, 62, 61, 60, 69, 68, 67, 58, 49, 50, 41, 42, 43, 34, 25, 26, 17, 8, 7, 6, 5, 14, 23, 22, 31, 30, 39, 38, 47, 56, 65, 64, 63, 54, 45, 36, 27, 18, 19, 20, 11, 2, 1, 0]
[00:00:00:40:246] ! Unidirectional t-s. expansions: 7,702, time: 40,246 [ms], path length: 43 [edges], generated: 13,253
[00:00:02:57:733] Path of length 43 found: [0, 9, 18, 27, 36, 45, 54, 63, 64, 65, 56, 47, 38, 39, 30, 21, 20, 11, 2, 3, 4, 13, 14, 15, 6, 7, 8, 17, 26, 25, 34, 33, 32, 41, 50, 49, 58, 67, 68, 69, 60, 61, 62, 71]
[00:00:02:58:236] ! Bidirectional. expansions: 15,349, time: 177,733 [ms], path length: 43 [edges], g_F: 42, g_B: 1, generated: {'F': 12,372, 'B': 13,805}, MM: 41, MMPER: 92.18181818181819%
[00:00:02:58:236] 
---------- SM_Grids/8x9_grid_with_random_blocks_8per_1 ----------
[00:00:02:02:822] Path of length 43 found: [0, 9, 18, 27, 36, 45, 54, 63, 64, 65, 56, 47, 38, 39, 30, 21, 20, 11, 2, 3, 4, 13, 14, 15, 6, 7, 8, 17, 26, 25, 34, 33, 32, 41, 50, 49, 58, 67, 68, 69, 60, 61, 62, 71]
[00:00:02:02:823] ! Unidirectional s-t. expansions: 25,578, time: 122,822 [ms], path length: 43 [edges], generated: 42,789
[00:00:01:55:705] Path of length 43 found: [71, 62, 61, 60, 69, 68, 67, 58, 49, 50, 41, 42, 43, 44, 35, 26, 17, 8, 7, 6, 15, 24, 23, 22, 31, 30, 39, 38, 47, 56, 65, 64, 63, 54, 45, 36, 27, 18, 19, 20, 11, 2, 1, 0]
[00:00:01:55:705] ! Unidirectional t-s. expansions: 21,334, time: 115,705 [ms], path length: 43 [edges], generated: 38,983
[00:00:05:45:742] Path of length 43 found: [0, 9, 18, 27, 36, 45, 54, 63, 64, 65, 56, 47, 38, 39, 30, 21, 20, 11, 2, 3, 4, 13, 14, 15, 6, 7, 8, 17, 26, 25, 34, 33, 32, 41, 50, 49, 58, 67, 68, 69, 60, 61, 62, 71]
[00:00:05:46:229] ! Bidirectional. expansions: 34,228, time: 345,742 [ms], path length: 43 [edges], g_F: 30, g_B: 13, generated: {'F': 31,596, 'B': 28,302}, MM: 17, MMPER: 37.63636363636363%
[00:00:05:46:229] 
---------- SM_Grids/8x9_grid_with_random_blocks_8per_2 ----------
[00:00:02:05:494] Path of length 37 found: [0, 9, 18, 19, 20, 11, 2, 3, 4, 13, 22, 31, 30, 39, 38, 47, 56, 57, 58, 49, 50, 41, 42, 33, 24, 15, 6, 7, 8, 17, 26, 35, 44, 53, 52, 61, 70, 71]
[00:00:02:05:494] ! Unidirectional s-t. expansions: 21,555, time: 125,494 [ms], path length: 37 [edges], generated: 43,144
[00:00:01:52:335] Path of length 37 found: [71, 70, 61, 52, 53, 44, 35, 26, 17, 8, 7, 6, 15, 24, 33, 42, 41, 50, 59, 58, 57, 56, 47, 38, 39, 30, 31, 22, 13, 4, 3, 2, 11, 20, 19, 18, 9, 0]
[00:00:01:52:335] ! Unidirectional t-s. expansions: 20,825, time: 112,335 [ms], path length: 37 [edges], generated: 38,319
[00:00:08:28:495] Path of length 37 found: [0, 1, 2, 11, 20, 19, 18, 27, 36, 37, 38, 47, 56, 57, 58, 49, 40, 41, 32, 23, 22, 13, 4, 5, 6, 7, 8, 17, 26, 35, 44, 53, 52, 51, 60, 69, 70, 71]
[00:00:08:28:967] ! Bidirectional. expansions: 45,992, time: 508,496 [ms], path length: 37 [edges], g_F: 20, g_B: 17, generated: {'F': 46,508, 'B': 39,971}, MM: 3, MMPER: 6.894736842105263%
[00:00:08:28:968] 
---------- SM_Grids/8x9_grid_with_random_blocks_8per_3 ----------
[00:00:01:35:821] Path of length 41 found: [0, 1, 2, 3, 12, 13, 14, 5, 6, 7, 16, 25, 24, 33, 32, 31, 40, 49, 48, 47, 38, 29, 20, 19, 18, 27, 36, 45, 54, 63, 64, 65, 66, 67, 68, 59, 60, 51, 52, 53, 62, 71]
[00:00:01:35:821] ! Unidirectional s-t. expansions: 18,265, time: 95,821 [ms], path length: 41 [edges], generated: 32,227
[00:00:01:04:295] Path of length 41 found: [71, 62, 53, 52, 51, 60, 59, 68, 67, 66, 65, 64, 63, 54, 45, 36, 27, 18, 19, 20, 29, 38, 47, 48, 49, 40, 41, 32, 33, 24, 25, 16, 7, 6, 5, 14, 13, 12, 3, 2, 1, 0]
[00:00:01:04:295] ! Unidirectional t-s. expansions: 12,790, time: 64,295 [ms], path length: 41 [edges], generated: 23,043
[00:00:06:36:515] Path of length 41 found: [0, 1, 2, 3, 12, 13, 14, 5, 6, 7, 16, 25, 24, 33, 32, 31, 40, 49, 48, 47, 38, 29, 20, 19, 18, 27, 36, 45, 54, 55, 64, 65, 66, 67, 68, 59, 60, 51, 52, 53, 62, 71]
[00:00:06:36:966] ! Bidirectional. expansions: 41,857, time: 396,516 [ms], path length: 41 [edges], g_F: 26, g_B: 15, generated: {'F': 37,580, 'B': 37,772}, MM: 11, MMPER: 25.19047619047619%
[00:00:06:36:966] 
---------- SM_Grids/8x9_grid_with_random_blocks_8per_4 ----------
[00:00:04:36:708] Path of length 39 found: [0, 9, 18, 19, 28, 29, 38, 47, 46, 45, 54, 63, 64, 65, 66, 57, 58, 49, 50, 41, 32, 31, 22, 21, 12, 3, 4, 5, 14, 15, 16, 17, 26, 35, 34, 43, 52, 61, 70, 71]
[00:00:04:36:708] ! Unidirectional s-t. expansions: 57,213, time: 276,708 [ms], path length: 39 [edges], generated: 107,586
[00:00:04:00:759] Path of length 39 found: [71, 70, 69, 60, 59, 58, 49, 48, 47, 56, 65, 64, 63, 54, 45, 36, 37, 28, 29, 20, 21, 22, 31, 32, 41, 42, 43, 34, 35, 26, 17, 16, 15, 14, 5, 4, 3, 2, 1, 0]
[00:00:04:00:760] ! Unidirectional t-s. expansions: 52,745, time: 240,760 [ms], path length: 39 [edges], generated: 98,646
[00:00:19:04:881] Path of length 39 found: [0, 9, 18, 19, 20, 11, 2, 3, 4, 13, 14, 15, 16, 17, 26, 35, 34, 43, 42, 41, 32, 31, 30, 39, 48, 47, 46, 45, 54, 63, 64, 65, 66, 67, 58, 59, 60, 69, 70, 71]
[00:00:19:05:305] ! Bidirectional. expansions: 131,963, time: 1,144,881 [ms], path length: 39 [edges], g_F: 28, g_B: 11, generated: {'F': 133,603, 'B': 109,338}, MM: 17, MMPER: 41.5%
[00:00:19:05:305] 
---------- SM_Grids/8x9_grid_with_random_blocks_8per_5 ----------
[00:00:00:49:702] Path of length 43 found: [0, 9, 18, 19, 20, 11, 2, 3, 4, 5, 6, 7, 16, 17, 26, 35, 44, 43, 42, 33, 24, 23, 22, 31, 40, 49, 48, 47, 38, 37, 36, 45, 54, 63, 64, 65, 66, 67, 68, 59, 60, 61, 70, 71]
[00:00:00:49:702] ! Unidirectional s-t. expansions: 9,656, time: 49,702 [ms], path length: 43 [edges], generated: 16,676
[00:00:00:48:481] Path of length 43 found: [71, 70, 61, 60, 59, 68, 67, 66, 65, 64, 63, 54, 45, 36, 37, 38, 47, 48, 49, 40, 31, 32, 33, 42, 43, 44, 35, 26, 17, 8, 7, 6, 15, 14, 13, 4, 3, 2, 11, 20, 19, 18, 9, 0]
[00:00:00:48:482] ! Unidirectional t-s. expansions: 8,832, time: 48,481 [ms], path length: 43 [edges], generated: 16,659
[00:00:03:46:082] Path of length 43 found: [0, 9, 18, 19, 20, 11, 2, 3, 4, 13, 14, 15, 6, 7, 8, 17, 26, 35, 44, 43, 42, 33, 32, 31, 40, 49, 48, 47, 38, 37, 36, 45, 54, 63, 64, 65, 66, 67, 68, 59, 60, 61, 70, 71]
[00:00:03:46:510] ! Bidirectional. expansions: 22,476, time: 226,082 [ms], path length: 43 [edges], g_F: 21, g_B: 22, generated: {'F': 15,793, 'B': 23,076}, MM: 1, MMPER: 1.272727272727273%
[00:00:03:46:511] 
---------- SM_Grids/8x9_grid_with_random_blocks_8per_6 ----------
[00:00:03:10:789] Path of length 39 found: [0, 1, 2, 3, 12, 13, 14, 5, 6, 7, 16, 25, 24, 33, 32, 41, 40, 39, 30, 29, 20, 19, 18, 27, 36, 37, 46, 55, 64, 65, 66, 57, 58, 59, 60, 51, 52, 53, 62, 71]
[00:00:03:10:789] ! Unidirectional s-t. expansions: 34,742, time: 190,789 [ms], path length: 39 [edges], generated: 65,167
[00:00:03:30:415] Path of length 39 found: [71, 70, 69, 60, 51, 52, 53, 44, 35, 34, 25, 16, 7, 6, 5, 14, 23, 22, 31, 30, 39, 48, 49, 58, 67, 66, 65, 64, 55, 46, 37, 36, 27, 18, 19, 20, 11, 2, 1, 0]
[00:00:03:30:416] ! Unidirectional t-s. expansions: 37,340, time: 210,415 [ms], path length: 39 [edges], generated: 71,218
[00:00:15:00:656] Path of length 39 found: [0, 1, 2, 11, 20, 19, 18, 27, 36, 37, 46, 55, 64, 65, 66, 67, 58, 49, 48, 39, 30, 31, 22, 13, 4, 5, 6, 15, 24, 33, 34, 35, 44, 53, 52, 51, 60, 69, 70, 71]
[00:00:15:01:134] ! Bidirectional. expansions: 79,193, time: 900,656 [ms], path length: 39 [edges], g_F: 27, g_B: 12, generated: {'F': 87,018, 'B': 62,606}, MM: 15, MMPER: 36.5%
[00:00:15:01:134] 
---------- SM_Grids/8x9_grid_with_random_blocks_8per_7 ----------
[00:00:05:32:157] Path of length 39 found: [0, 9, 18, 27, 28, 29, 20, 11, 2, 3, 4, 5, 6, 7, 8, 17, 26, 25, 24, 23, 22, 31, 40, 39, 48, 47, 46, 45, 54, 63, 64, 65, 66, 67, 58, 59, 60, 61, 70, 71]
[00:00:05:32:157] ! Unidirectional s-t. expansions: 74,556, time: 332,157 [ms], path length: 39 [edges], generated: 126,877
[00:00:07:27:385] Path of length 39 found: [71, 62, 61, 52, 43, 44, 35, 26, 17, 8, 7, 6, 5, 4, 13, 22, 23, 32, 41, 50, 59, 68, 67, 66, 65, 64, 63, 54, 45, 46, 47, 48, 39, 30, 29, 28, 27, 18, 9, 0]
[00:00:07:27:386] ! Unidirectional t-s. expansions: 102,509, time: 447,386 [ms], path length: 39 [edges], generated: 174,352
[00:00:20:56:593] Path of length 39 found: [0, 1, 2, 3, 12, 13, 14, 5, 6, 7, 8, 17, 26, 25, 24, 33, 32, 41, 50, 49, 48, 39, 30, 29, 28, 37, 46, 45, 54, 63, 64, 65, 66, 67, 68, 69, 60, 61, 62, 71]
[00:00:20:57:086] ! Bidirectional. expansions: 132,832, time: 1,256,593 [ms], path length: 39 [edges], g_F: 25, g_B: 14, generated: {'F': 104,617, 'B': 127,338}, MM: 11, MMPER: 26.5%
[00:00:20:57:086] 
---------- SM_Grids/8x9_grid_with_random_blocks_8per_8 ----------
[00:00:01:20:255] Path of length 43 found: [0, 9, 18, 27, 36, 45, 54, 63, 64, 65, 56, 47, 38, 39, 30, 21, 20, 11, 2, 3, 4, 13, 14, 15, 6, 7, 8, 17, 26, 25, 34, 33, 32, 41, 50, 49, 58, 67, 68, 69, 60, 61, 62, 71]
[00:00:01:20:256] ! Unidirectional s-t. expansions: 15,441, time: 80,256 [ms], path length: 43 [edges], generated: 25,597
[00:00:01:29:681] Path of length 43 found: [71, 62, 53, 44, 35, 26, 17, 8, 7, 6, 15, 24, 33, 32, 41, 50, 51, 60, 69, 68, 67, 58, 57, 56, 65, 64, 63, 54, 45, 36, 37, 38, 29, 30, 21, 22, 13, 4, 3, 2, 11, 10, 9, 0]
[00:00:01:29:681] ! Unidirectional t-s. expansions: 16,910, time: 89,681 [ms], path length: 43 [edges], generated: 28,389
[00:00:07:02:255] Path of length 43 found: [0, 9, 18, 27, 36, 45, 54, 63, 64, 65, 56, 57, 58, 67, 68, 69, 60, 51, 50, 41, 40, 39, 38, 29, 20, 11, 2, 3, 4, 13, 14, 15, 6, 7, 8, 17, 26, 25, 34, 43, 44, 53, 62, 71]
[00:00:07:02:741] ! Bidirectional. expansions: 40,071, time: 422,255 [ms], path length: 43 [edges], g_F: 21, g_B: 22, generated: {'F': 32,638, 'B': 34,228}, MM: 1, MMPER: 1.272727272727273%
[00:00:07:02:741] 
---------- SM_Grids/8x9_grid_with_random_blocks_8per_9 ----------
[00:00:08:10:773] Path of length 39 found: [0, 9, 18, 27, 28, 37, 46, 45, 54, 63, 64, 65, 56, 57, 48, 49, 40, 41, 32, 23, 22, 21, 20, 11, 2, 3, 4, 5, 6, 7, 16, 25, 34, 35, 44, 53, 52, 61, 70, 71]
[00:00:08:10:774] ! Unidirectional s-t. expansions: 97,688, time: 490,773 [ms], path length: 39 [edges], generated: 171,772
[00:00:05:50:275] Path of length 39 found: [71, 70, 61, 52, 53, 44, 35, 34, 25, 16, 7, 6, 5, 14, 23, 32, 31, 40, 49, 50, 59, 68, 67, 66, 57, 56, 55, 54, 45, 36, 27, 18, 19, 20, 21, 12, 3, 2, 1, 0]
[00:00:05:50:276] ! Unidirectional t-s. expansions: 70,178, time: 350,275 [ms], path length: 39 [edges], generated: 124,633
[00:00:26:23:428] Path of length 39 found: [0, 9, 18, 27, 28, 37, 46, 45, 54, 63, 64, 65, 56, 57, 58, 59, 50, 41, 40, 31, 30, 21, 20, 11, 2, 3, 4, 13, 14, 15, 24, 25, 34, 35, 44, 53, 52, 61, 70, 71]
[00:00:26:23:990] ! Bidirectional. expansions: 169,158, time: 1,583,428 [ms], path length: 39 [edges], g_F: 31, g_B: 8, generated: {'F': 199,856, 'B': 102,564}, MM: 23, MMPER: 56.5%
[00:00:26:23:990] average expansions: (36,502, 35,116, 71,312, 0)
[00:00:26:23:990] average time: (181,462, 171,958, 696,238, 0)
[00:00:26:23:990] XIDA: 35,116 , 171,958 (expansions , time[ms])
[00:00:26:23:990] BiXIDA: 71,312 , 696,238 (expansions , time[ms])

