--------------------------
date: mazes
number_of_graphs: 10
graph_type: maze
size_of_graphs: [13, 13]
heuristic: bcc_heuristic
snake: False
run_uni: True
run_bi: True
run_multi: False
solution_vertices: []
algorithms: ['DFBnB']
lookahead: 1
bsd: False
cube_first_dims: 4
cube_buffer_dim: None
backward_sym_generation: False
sym_coil: False
prefix_set: None

---------- mazes/13x13_maze_with_1_open_diamonds_0 ----------
[00:00:01:38:151] Path of length 92 found: [0, 1, 2, 3, 4, 17, 30, 31, 32, 19, 6, 7, 8, 9, 10, 11, 12, 25, 38, 37, 36, 49, 62, 61, 60, 59, 58, 57, 56, 55, 54, 41, 28, 27, 26, 39, 52, 65, 78, 79, 80, 81, 82, 83, 84, 85, 86, 87, 88, 89, 90, 103, 116, 115, 114, 113, 112, 111, 110, 109, 108, 107, 106, 105, 118, 131, 130, 143, 156, 157, 158, 159, 146, 145, 132, 119, 120, 133, 134, 135, 136, 137, 150, 163, 164, 165, 152, 139, 140, 141, 142, 155, 168]
[00:00:01:38:151] ! Unidirectional s-t. expansions: 46,642, time: 98,151 [ms], path length: 92 [edges], generated: 69,372
[00:00:04:43:541] Valid states checked so far: 200,000, Expansions: 141,564, Global best: 93
[00:00:06:30:443] Path of length 92 found: [168, 155, 142, 141, 140, 139, 152, 165, 164, 163, 150, 137, 136, 135, 134, 133, 120, 119, 132, 145, 146, 159, 158, 157, 156, 143, 130, 131, 118, 105, 106, 107, 108, 109, 110, 111, 112, 113, 114, 115, 116, 103, 90, 89, 88, 87, 86, 85, 84, 83, 82, 81, 80, 79, 78, 65, 52, 39, 26, 27, 28, 41, 54, 55, 56, 57, 58, 59, 60, 61, 62, 63, 64, 51, 38, 25, 12, 11, 10, 9, 8, 7, 6, 19, 32, 31, 30, 17, 4, 3, 2, 1, 0]
[00:00:06:30:444] ! Unidirectional t-s. expansions: 193,448, time: 390,443 [ms], path length: 92 [edges], generated: 273,187
[00:00:00:00:001] Expansions: 0. Checks - state_vs_state: 0, state_vs_prefix: 0, prefix_vs_prefix: 1
[00:00:07:23:642] Expansions: 100,000. Checks - state_vs_state: 0, state_vs_prefix: 0, prefix_vs_prefix: 415,052
[00:00:07:23:643] Expansions: 100,000. Checks - state_vs_state: 0, state_vs_prefix: 0, prefix_vs_prefix: 415,053
[00:00:07:23:643] Expansions: 100,000. Checks - state_vs_state: 0, state_vs_prefix: 0, prefix_vs_prefix: 415,054
[00:00:07:23:645] Expansions: 100,000. Checks - state_vs_state: 0, state_vs_prefix: 0, prefix_vs_prefix: 415,055
[00:00:07:23:645] Expansions: 100,000. Checks - state_vs_state: 0, state_vs_prefix: 0, prefix_vs_prefix: 415,056
[00:00:12:53:737] Path of length 92 found: [0, 1, 2, 3, 4, 17, 30, 31, 32, 19, 6, 7, 8, 9, 10, 11, 12, 25, 38, 51, 64, 63, 62, 61, 60, 59, 58, 57, 56, 55, 54, 41, 28, 27, 26, 39, 52, 65, 78, 79, 80, 81, 82, 83, 84, 85, 86, 87, 88, 89, 90, 103, 116, 115, 114, 113, 112, 111, 110, 109, 108, 107, 106, 105, 118, 131, 130, 143, 156, 157, 158, 159, 146, 145, 132, 119, 120, 133, 134, 135, 136, 137, 150, 163, 164, 165, 152, 139, 140, 141, 142, 155, 168]
[00:00:12:53:738] ! Bidirectional. expansions: 171,072, time: 773,737 [ms], path length: 92 [edges], g_F: 10, g_B: 82, generated: {'F': 47,207, 'B': 202,878}, MM: 72, MMPER: 76.41935483870968%
[00:00:12:53:738] 
---------- mazes/13x13_maze_with_1_open_diamonds_1 ----------
[00:00:02:28:335] Path of length 90 found: [0, 13, 26, 39, 52, 53, 54, 41, 28, 15, 2, 3, 4, 17, 16, 29, 30, 43, 42, 55, 56, 57, 58, 45, 32, 19, 6, 7, 8, 9, 10, 11, 12, 25, 38, 37, 36, 49, 62, 61, 74, 87, 88, 89, 90, 103, 116, 115, 114, 113, 112, 99, 86, 85, 84, 83, 82, 81, 80, 79, 92, 105, 106, 107, 108, 109, 122, 135, 134, 133, 132, 131, 130, 143, 156, 157, 158, 159, 160, 161, 162, 163, 164, 165, 152, 139, 140, 141, 142, 155, 168]
[00:00:02:28:335] ! Unidirectional s-t. expansions: 69,255, time: 148,335 [ms], path length: 90 [edges], generated: 93,477
[00:00:00:04:603] Path of length 90 found: [168, 155, 142, 141, 140, 139, 152, 165, 164, 163, 162, 161, 160, 159, 158, 157, 156, 143, 130, 131, 132, 133, 134, 135, 122, 109, 108, 107, 106, 105, 92, 79, 80, 81, 82, 83, 84, 85, 86, 99, 112, 113, 114, 115, 116, 103, 90, 89, 88, 87, 74, 61, 62, 63, 64, 51, 38, 25, 12, 11, 10, 9, 8, 7, 6, 19, 32, 45, 58, 57, 56, 43, 30, 17, 4, 3, 2, 15, 16, 29, 28, 41, 42, 55, 54, 53, 52, 39, 26, 13, 0]
[00:00:00:04:603] ! Unidirectional t-s. expansions: 2,432, time: 4,603 [ms], path length: 90 [edges], generated: 3,756
[00:00:00:00:001] Expansions: 0. Checks - state_vs_state: 0, state_vs_prefix: 0, prefix_vs_prefix: 1
[00:00:07:20:819] Path of length 90 found: [0, 13, 26, 39, 52, 53, 54, 41, 28, 15, 2, 3, 4, 17, 16, 29, 30, 43, 42, 55, 56, 57, 58, 45, 32, 19, 6, 7, 8, 9, 10, 11, 12, 25, 38, 51, 64, 63, 62, 61, 74, 87, 88, 89, 90, 103, 116, 115, 114, 113, 112, 99, 86, 85, 84, 83, 82, 81, 80, 79, 92, 105, 106, 107, 108, 109, 122, 135, 134, 133, 132, 131, 130, 143, 156, 157, 158, 159, 160, 161, 162, 163, 164, 165, 152, 139, 140, 141, 142, 155, 168]
[00:00:07:20:820] ! Bidirectional. expansions: 93,788, time: 440,819 [ms], path length: 90 [edges], g_F: 26, g_B: 64, generated: {'F': 75,918, 'B': 49,540}, MM: 38, MMPER: 40.75824175824176%
[00:00:07:20:820] 
---------- mazes/13x13_maze_with_1_open_diamonds_2 ----------
[00:00:01:21:954] Path of length 92 found: [0, 1, 2, 3, 4, 17, 30, 43, 56, 55, 54, 41, 28, 27, 26, 39, 52, 65, 78, 79, 80, 81, 82, 83, 70, 57, 58, 45, 32, 19, 6, 7, 8, 9, 10, 11, 12, 25, 38, 37, 36, 49, 62, 61, 60, 59, 72, 71, 84, 85, 98, 99, 86, 87, 88, 89, 90, 103, 116, 115, 114, 113, 112, 111, 110, 97, 96, 109, 122, 135, 134, 133, 132, 131, 130, 143, 156, 157, 158, 159, 160, 161, 162, 163, 164, 165, 152, 139, 140, 141, 142, 155, 168]
[00:00:01:21:955] ! Unidirectional s-t. expansions: 39,298, time: 81,954 [ms], path length: 92 [edges], generated: 58,863
[00:00:01:41:450] Path of length 92 found: [168, 155, 142, 141, 140, 139, 152, 165, 164, 163, 162, 161, 160, 159, 158, 157, 156, 143, 130, 131, 132, 133, 134, 135, 122, 109, 108, 107, 106, 105, 92, 79, 78, 65, 52, 39, 26, 27, 28, 41, 54, 55, 56, 57, 70, 83, 96, 97, 110, 111, 98, 99, 112, 113, 114, 115, 116, 103, 90, 89, 88, 87, 86, 85, 84, 71, 72, 59, 60, 61, 62, 63, 64, 51, 38, 25, 12, 11, 10, 9, 8, 7, 6, 19, 32, 31, 30, 17, 4, 3, 2, 1, 0]
[00:00:01:41:451] ! Unidirectional t-s. expansions: 56,093, time: 101,450 [ms], path length: 92 [edges], generated: 79,445
[00:00:00:00:001] Expansions: 0. Checks - state_vs_state: 0, state_vs_prefix: 0, prefix_vs_prefix: 1
[00:00:04:31:349] Path of length 92 found: [0, 1, 2, 3, 4, 17, 30, 43, 56, 55, 54, 41, 28, 27, 26, 39, 52, 65, 78, 79, 80, 81, 82, 83, 70, 57, 58, 45, 32, 19, 6, 7, 8, 9, 10, 11, 12, 25, 38, 51, 64, 63, 62, 61, 60, 59, 72, 71, 84, 85, 86, 87, 88, 89, 90, 103, 116, 115, 114, 113, 112, 99, 98, 111, 110, 97, 96, 109, 122, 135, 134, 133, 132, 131, 130, 143, 156, 157, 158, 159, 160, 161, 162, 163, 164, 165, 152, 139, 140, 141, 142, 155, 168]
[00:00:04:31:349] ! Bidirectional. expansions: 64,349, time: 271,349 [ms], path length: 92 [edges], g_F: 30, g_B: 62, generated: {'F': 55,124, 'B': 39,689}, MM: 32, MMPER: 33.40860215053763%
[00:00:04:31:349] 
---------- mazes/13x13_maze_with_1_open_diamonds_3 ----------
[00:00:00:49:956] Path of length 90 found: [0, 1, 2, 3, 4, 17, 30, 43, 56, 55, 54, 41, 28, 27, 26, 39, 52, 65, 78, 79, 80, 81, 82, 83, 84, 71, 58, 45, 32, 19, 6, 7, 8, 9, 10, 11, 12, 25, 38, 37, 36, 49, 62, 61, 74, 87, 86, 85, 98, 99, 100, 101, 88, 89, 90, 103, 102, 115, 116, 129, 142, 141, 140, 139, 126, 113, 112, 111, 110, 109, 122, 135, 134, 133, 132, 131, 130, 143, 156, 157, 158, 159, 160, 161, 162, 163, 164, 165, 166, 167, 168]
[00:00:00:49:957] ! Unidirectional s-t. expansions: 24,142, time: 49,956 [ms], path length: 90 [edges], generated: 37,033
[00:00:02:20:903] Path of length 90 found: [168, 167, 166, 165, 164, 163, 162, 161, 160, 159, 158, 157, 156, 143, 130, 131, 132, 133, 134, 135, 122, 109, 108, 107, 106, 105, 92, 79, 78, 65, 52, 39, 26, 27, 28, 41, 54, 55, 56, 57, 58, 71, 84, 85, 98, 111, 112, 99, 100, 113, 126, 139, 140, 141, 142, 129, 116, 103, 90, 89, 102, 115, 114, 101, 88, 87, 74, 61, 62, 63, 64, 51, 38, 25, 12, 11, 10, 9, 8, 7, 6, 19, 32, 31, 30, 17, 4, 3, 2, 1, 0]
[00:00:02:20:903] ! Unidirectional t-s. expansions: 73,434, time: 140,903 [ms], path length: 90 [edges], generated: 105,048
[00:00:00:00:001] Expansions: 0. Checks - state_vs_state: 0, state_vs_prefix: 0, prefix_vs_prefix: 1
[00:00:04:54:290] Path of length 90 found: [0, 1, 2, 3, 4, 17, 30, 43, 56, 55, 54, 41, 28, 27, 26, 39, 52, 65, 78, 79, 80, 81, 82, 83, 84, 71, 58, 45, 32, 19, 6, 7, 8, 9, 10, 11, 12, 25, 38, 51, 64, 63, 62, 61, 74, 87, 88, 101, 114, 115, 102, 89, 90, 103, 116, 129, 142, 141, 140, 139, 126, 113, 112, 99, 86, 85, 98, 111, 110, 109, 122, 135, 134, 133, 132, 131, 130, 143, 156, 157, 158, 159, 160, 161, 162, 163, 164, 165, 166, 167, 168]
[00:00:04:54:291] ! Bidirectional. expansions: 67,795, time: 294,290 [ms], path length: 90 [edges], g_F: 30, g_B: 60, generated: {'F': 21,171, 'B': 73,437}, MM: 30, MMPER: 31.967032967032964%
[00:00:04:54:292] 
---------- mazes/13x13_maze_with_1_open_diamonds_4 ----------
[00:00:01:32:432] Path of length 92 found: [0, 1, 2, 3, 4, 17, 30, 43, 56, 55, 54, 41, 28, 27, 26, 39, 52, 65, 78, 79, 80, 81, 82, 95, 108, 107, 106, 119, 132, 131, 130, 143, 156, 157, 158, 159, 160, 161, 162, 163, 150, 137, 136, 135, 134, 133, 120, 121, 122, 109, 110, 111, 112, 99, 86, 85, 84, 71, 58, 45, 32, 19, 6, 7, 8, 9, 10, 11, 12, 25, 38, 37, 36, 49, 62, 61, 74, 87, 88, 89, 90, 103, 116, 129, 142, 141, 140, 139, 152, 165, 166, 167, 168]
[00:00:01:32:432] ! Unidirectional s-t. expansions: 45,371, time: 92,432 [ms], path length: 92 [edges], generated: 69,074
[00:00:03:53:885] Path of length 92 found: [168, 167, 166, 165, 152, 139, 140, 141, 142, 129, 116, 103, 90, 89, 88, 87, 74, 61, 62, 63, 64, 51, 38, 25, 12, 11, 10, 9, 8, 7, 6, 19, 32, 45, 58, 71, 84, 85, 86, 99, 112, 111, 110, 109, 122, 123, 136, 137, 150, 163, 162, 161, 160, 159, 158, 157, 156, 143, 130, 131, 132, 119, 106, 107, 120, 133, 134, 121, 108, 95, 82, 81, 80, 79, 78, 65, 52, 39, 26, 27, 28, 41, 54, 55, 56, 43, 30, 17, 4, 3, 2, 1, 0]
[00:00:03:53:885] ! Unidirectional t-s. expansions: 114,947, time: 233,885 [ms], path length: 92 [edges], generated: 164,885
[00:00:00:00:001] Expansions: 0. Checks - state_vs_state: 0, state_vs_prefix: 0, prefix_vs_prefix: 1
[00:00:07:11:884] Expansions: 100,000. Checks - state_vs_state: 174, state_vs_prefix: 0, prefix_vs_prefix: 419,081
[00:00:07:11:885] Expansions: 100,000. Checks - state_vs_state: 174, state_vs_prefix: 0, prefix_vs_prefix: 419,082
[00:00:07:11:886] Expansions: 100,000. Checks - state_vs_state: 174, state_vs_prefix: 0, prefix_vs_prefix: 419,083
[00:00:07:11:888] Expansions: 100,000. Checks - state_vs_state: 174, state_vs_prefix: 0, prefix_vs_prefix: 419,084
[00:00:07:11:888] Expansions: 100,000. Checks - state_vs_state: 174, state_vs_prefix: 0, prefix_vs_prefix: 419,085
[00:00:08:52:992] Path of length 92 found: [0, 1, 2, 3, 4, 17, 30, 43, 56, 55, 54, 41, 28, 27, 26, 39, 52, 65, 78, 79, 80, 81, 82, 95, 108, 107, 106, 119, 132, 131, 130, 143, 156, 157, 158, 159, 160, 161, 162, 163, 150, 137, 136, 135, 134, 133, 120, 121, 122, 109, 110, 111, 112, 99, 86, 85, 84, 71, 58, 45, 32, 19, 6, 7, 8, 9, 10, 11, 12, 25, 38, 51, 64, 63, 62, 61, 74, 87, 88, 89, 90, 103, 116, 129, 142, 141, 140, 139, 152, 165, 166, 167, 168]
[00:00:08:52:993] ! Bidirectional. expansions: 120,717, time: 532,992 [ms], path length: 92 [edges], g_F: 62, g_B: 30, generated: {'F': 42,356, 'B': 134,815}, MM: 32, MMPER: 33.40860215053763%
[00:00:08:52:993] 
---------- mazes/13x13_maze_with_1_open_diamonds_5 ----------
[00:00:01:41:483] Path of length 92 found: [0, 1, 2, 3, 4, 17, 30, 43, 56, 55, 54, 41, 28, 27, 26, 39, 52, 65, 78, 79, 80, 81, 94, 107, 106, 105, 118, 131, 130, 143, 156, 157, 158, 159, 160, 161, 162, 163, 150, 137, 136, 135, 134, 133, 132, 119, 120, 121, 108, 109, 110, 111, 112, 99, 86, 85, 84, 71, 58, 45, 32, 19, 6, 7, 8, 9, 10, 11, 12, 25, 38, 37, 36, 49, 62, 61, 74, 87, 88, 89, 90, 103, 116, 129, 142, 141, 140, 139, 152, 165, 166, 167, 168]
[00:00:01:41:483] ! Unidirectional s-t. expansions: 50,100, time: 101,483 [ms], path length: 92 [edges], generated: 74,947
[00:00:03:39:359] Path of length 92 found: [168, 167, 166, 165, 152, 139, 140, 141, 142, 129, 116, 103, 90, 89, 88, 87, 74, 61, 62, 63, 64, 51, 38, 25, 12, 11, 10, 9, 8, 7, 6, 19, 32, 45, 58, 71, 84, 85, 86, 99, 112, 111, 110, 109, 108, 121, 122, 135, 136, 137, 150, 163, 162, 161, 160, 159, 158, 157, 156, 143, 130, 131, 118, 105, 106, 119, 132, 133, 120, 107, 94, 81, 80, 79, 78, 65, 52, 39, 26, 27, 28, 41, 54, 55, 56, 43, 30, 17, 4, 3, 2, 1, 0]
[00:00:03:39:360] ! Unidirectional t-s. expansions: 108,336, time: 219,359 [ms], path length: 92 [edges], generated: 156,535
[00:00:00:00:001] Expansions: 0. Checks - state_vs_state: 0, state_vs_prefix: 0, prefix_vs_prefix: 1
[00:00:07:00:059] Expansions: 100,000. Checks - state_vs_state: 168, state_vs_prefix: 0, prefix_vs_prefix: 413,286
[00:00:07:00:060] Expansions: 100,000. Checks - state_vs_state: 168, state_vs_prefix: 0, prefix_vs_prefix: 413,287
[00:00:07:00:060] Expansions: 100,000. Checks - state_vs_state: 168, state_vs_prefix: 0, prefix_vs_prefix: 413,288
[00:00:07:00:062] Expansions: 100,000. Checks - state_vs_state: 168, state_vs_prefix: 0, prefix_vs_prefix: 413,289
[00:00:07:00:062] Expansions: 100,000. Checks - state_vs_state: 168, state_vs_prefix: 0, prefix_vs_prefix: 413,290
[00:00:08:05:108] Path of length 92 found: [0, 1, 2, 3, 4, 17, 30, 43, 56, 55, 54, 41, 28, 27, 26, 39, 52, 65, 78, 79, 80, 81, 94, 107, 106, 105, 118, 131, 130, 143, 156, 157, 158, 159, 160, 161, 162, 163, 150, 137, 136, 135, 134, 133, 132, 119, 120, 121, 108, 109, 110, 111, 112, 99, 86, 85, 84, 71, 58, 45, 32, 19, 6, 7, 8, 9, 10, 11, 12, 25, 38, 51, 64, 63, 62, 61, 74, 87, 88, 89, 90, 103, 116, 129, 142, 141, 140, 139, 152, 165, 166, 167, 168]
[00:00:08:05:109] ! Bidirectional. expansions: 113,279, time: 485,108 [ms], path length: 92 [edges], g_F: 62, g_B: 30, generated: {'F': 42,530, 'B': 123,148}, MM: 32, MMPER: 33.40860215053763%
[00:00:08:05:109] 
---------- mazes/13x13_maze_with_1_open_diamonds_6 ----------
[00:00:00:46:751] Path of length 92 found: [0, 1, 2, 3, 4, 17, 30, 43, 56, 55, 54, 41, 28, 27, 26, 39, 52, 65, 78, 79, 80, 81, 82, 83, 84, 71, 58, 45, 32, 19, 6, 7, 8, 9, 10, 11, 12, 25, 38, 51, 64, 63, 62, 49, 36, 35, 34, 47, 60, 59, 72, 85, 86, 73, 74, 87, 88, 89, 90, 103, 116, 115, 114, 113, 112, 111, 110, 109, 122, 135, 134, 133, 132, 131, 130, 143, 156, 157, 158, 159, 160, 161, 162, 163, 164, 165, 152, 139, 140, 141, 142, 155, 168]
[00:00:00:46:752] ! Unidirectional s-t. expansions: 23,574, time: 46,751 [ms], path length: 92 [edges], generated: 34,724
[00:00:00:30:194] Path of length 92 found: [168, 155, 142, 141, 140, 139, 152, 165, 164, 163, 162, 161, 160, 159, 158, 157, 156, 143, 130, 131, 132, 133, 134, 135, 122, 109, 108, 107, 106, 105, 92, 79, 78, 65, 52, 39, 26, 27, 28, 41, 54, 55, 56, 57, 58, 71, 84, 85, 72, 73, 86, 99, 112, 113, 114, 115, 116, 103, 90, 89, 88, 87, 74, 61, 60, 47, 34, 35, 36, 49, 62, 63, 64, 51, 38, 25, 12, 11, 10, 9, 8, 7, 6, 19, 32, 31, 30, 17, 4, 3, 2, 1, 0]
[00:00:00:30:194] ! Unidirectional t-s. expansions: 18,264, time: 30,194 [ms], path length: 92 [edges], generated: 26,493
[00:00:00:00:001] Expansions: 0. Checks - state_vs_state: 0, state_vs_prefix: 0, prefix_vs_prefix: 1
[00:00:03:26:244] Path of length 92 found: [0, 1, 2, 3, 4, 17, 30, 43, 56, 55, 54, 41, 28, 27, 26, 39, 52, 65, 78, 79, 80, 81, 82, 83, 84, 71, 58, 45, 32, 19, 6, 7, 8, 9, 10, 11, 12, 25, 38, 51, 64, 63, 62, 49, 36, 35, 34, 47, 60, 59, 72, 85, 86, 87, 74, 75, 88, 89, 90, 103, 116, 115, 114, 113, 112, 111, 110, 109, 122, 135, 134, 133, 132, 131, 130, 143, 156, 157, 158, 159, 160, 161, 162, 163, 164, 165, 152, 139, 140, 141, 142, 155, 168]
[00:00:03:26:245] ! Bidirectional. expansions: 48,382, time: 206,245 [ms], path length: 92 [edges], g_F: 44, g_B: 48, generated: {'F': 57,673, 'B': 11,566}, MM: 4, MMPER: 3.301075268817204%
[00:00:03:26:245] 
---------- mazes/13x13_maze_with_1_open_diamonds_7 ----------
[00:00:01:00:587] Path of length 94 found: [0, 1, 2, 3, 4, 17, 30, 31, 32, 19, 6, 7, 20, 21, 8, 9, 10, 11, 12, 25, 38, 51, 64, 63, 62, 49, 36, 35, 34, 33, 46, 47, 60, 61, 74, 87, 88, 89, 90, 103, 116, 115, 114, 113, 112, 99, 86, 85, 84, 71, 58, 57, 56, 55, 54, 41, 28, 27, 26, 39, 52, 65, 78, 79, 92, 105, 106, 107, 108, 109, 122, 135, 134, 133, 132, 131, 130, 143, 156, 157, 158, 159, 160, 161, 162, 163, 164, 165, 152, 139, 140, 141, 142, 155, 168]
[00:00:01:00:587] ! Unidirectional s-t. expansions: 30,636, time: 60,587 [ms], path length: 94 [edges], generated: 42,639
[00:00:00:09:413] Path of length 94 found: [168, 155, 142, 141, 140, 139, 152, 165, 164, 163, 162, 161, 160, 159, 158, 157, 156, 143, 130, 131, 132, 133, 134, 135, 122, 109, 108, 107, 106, 105, 92, 79, 78, 65, 52, 39, 26, 27, 28, 41, 54, 55, 56, 57, 58, 71, 84, 85, 86, 99, 112, 113, 114, 115, 116, 103, 90, 89, 88, 87, 74, 61, 60, 59, 46, 47, 34, 35, 36, 49, 62, 63, 64, 51, 38, 25, 12, 11, 10, 9, 8, 21, 20, 7, 6, 19, 32, 31, 30, 17, 4, 3, 2, 1, 0]
[00:00:00:09:413] ! Unidirectional t-s. expansions: 6,520, time: 9,413 [ms], path length: 94 [edges], generated: 10,752
[00:00:00:00:001] Expansions: 0. Checks - state_vs_state: 0, state_vs_prefix: 0, prefix_vs_prefix: 1
[00:00:05:14:673] Path of length 94 found: [0, 1, 2, 3, 4, 17, 30, 31, 32, 19, 6, 7, 20, 21, 8, 9, 10, 11, 12, 25, 38, 51, 64, 63, 62, 49, 36, 35, 34, 33, 46, 47, 60, 61, 74, 87, 88, 89, 90, 103, 116, 115, 114, 113, 112, 99, 86, 85, 84, 71, 58, 57, 56, 55, 54, 41, 28, 27, 26, 39, 52, 65, 78, 79, 92, 105, 106, 107, 108, 109, 122, 135, 134, 133, 132, 131, 130, 143, 156, 157, 158, 159, 160, 161, 162, 163, 164, 165, 152, 139, 140, 141, 142, 155, 168]
[00:00:05:14:674] ! Bidirectional. expansions: 71,807, time: 314,673 [ms], path length: 94 [edges], g_F: 60, g_B: 34, generated: {'F': 87,578, 'B': 10,828}, MM: 26, MMPER: 26.36842105263158%
[00:00:05:14:674] 
---------- mazes/13x13_maze_with_1_open_diamonds_8 ----------
[00:00:01:01:354] Path of length 94 found: [0, 1, 2, 3, 4, 17, 30, 31, 32, 19, 6, 7, 20, 21, 8, 9, 10, 11, 12, 25, 38, 51, 64, 63, 62, 49, 36, 35, 34, 33, 46, 47, 60, 61, 74, 87, 88, 89, 90, 103, 116, 115, 114, 113, 112, 99, 86, 85, 84, 71, 58, 57, 56, 55, 54, 41, 28, 27, 26, 39, 52, 65, 78, 79, 92, 105, 106, 107, 108, 109, 122, 135, 134, 133, 132, 131, 130, 143, 156, 157, 158, 159, 160, 161, 162, 163, 164, 165, 152, 139, 140, 141, 142, 155, 168]
[00:00:01:01:355] ! Unidirectional s-t. expansions: 30,636, time: 61,355 [ms], path length: 94 [edges], generated: 42,639
[00:00:00:09:590] Path of length 94 found: [168, 155, 142, 141, 140, 139, 152, 165, 164, 163, 162, 161, 160, 159, 158, 157, 156, 143, 130, 131, 132, 133, 134, 135, 122, 109, 108, 107, 106, 105, 92, 79, 78, 65, 52, 39, 26, 27, 28, 41, 54, 55, 56, 57, 58, 71, 84, 85, 86, 99, 112, 113, 114, 115, 116, 103, 90, 89, 88, 87, 74, 61, 60, 59, 46, 47, 34, 35, 36, 49, 62, 63, 64, 51, 38, 25, 12, 11, 10, 9, 8, 21, 20, 7, 6, 19, 32, 31, 30, 17, 4, 3, 2, 1, 0]
[00:00:00:09:590] ! Unidirectional t-s. expansions: 6,520, time: 9,590 [ms], path length: 94 [edges], generated: 10,752
[00:00:00:00:001] Expansions: 0. Checks - state_vs_state: 0, state_vs_prefix: 0, prefix_vs_prefix: 1
[00:00:05:11:514] Path of length 94 found: [0, 1, 2, 3, 4, 17, 30, 31, 32, 19, 6, 7, 20, 21, 8, 9, 10, 11, 12, 25, 38, 51, 64, 63, 62, 49, 36, 35, 34, 33, 46, 47, 60, 61, 74, 87, 88, 89, 90, 103, 116, 115, 114, 113, 112, 99, 86, 85, 84, 71, 58, 57, 56, 55, 54, 41, 28, 27, 26, 39, 52, 65, 78, 79, 92, 105, 106, 107, 108, 109, 122, 135, 134, 133, 132, 131, 130, 143, 156, 157, 158, 159, 160, 161, 162, 163, 164, 165, 152, 139, 140, 141, 142, 155, 168]
[00:00:05:11:516] ! Bidirectional. expansions: 71,807, time: 311,515 [ms], path length: 94 [edges], g_F: 60, g_B: 34, generated: {'F': 87,578, 'B': 10,828}, MM: 26, MMPER: 26.36842105263158%
[00:00:05:11:516] 
---------- mazes/13x13_maze_with_1_open_diamonds_9 ----------
[00:00:01:32:764] Path of length 92 found: [0, 1, 2, 3, 4, 17, 30, 43, 56, 55, 54, 41, 28, 27, 26, 39, 52, 65, 78, 79, 92, 105, 106, 107, 108, 109, 122, 135, 134, 133, 132, 131, 130, 143, 156, 157, 158, 159, 160, 161, 162, 163, 150, 137, 136, 123, 110, 111, 124, 125, 126, 113, 112, 99, 98, 85, 84, 71, 58, 45, 32, 19, 6, 7, 8, 9, 10, 11, 12, 25, 38, 37, 36, 49, 62, 61, 74, 87, 88, 89, 90, 103, 116, 129, 142, 141, 140, 139, 152, 165, 166, 167, 168]
[00:00:01:32:764] ! Unidirectional s-t. expansions: 52,354, time: 92,764 [ms], path length: 92 [edges], generated: 78,887
[00:00:04:14:043] Valid states checked so far: 200,000, Expansions: 143,780, Global best: 93
[00:00:08:27:291] Path of length 92 found: [168, 167, 166, 165, 152, 139, 140, 141, 142, 129, 116, 103, 90, 89, 88, 87, 74, 61, 62, 63, 64, 51, 38, 25, 12, 11, 10, 9, 8, 7, 6, 19, 32, 45, 58, 71, 84, 85, 86, 99, 98, 111, 112, 113, 126, 125, 138, 137, 150, 163, 162, 161, 160, 159, 158, 157, 156, 143, 130, 131, 132, 133, 134, 135, 136, 123, 110, 109, 108, 107, 106, 105, 92, 79, 78, 65, 52, 39, 26, 27, 28, 41, 54, 55, 56, 43, 30, 17, 4, 3, 2, 1, 0]
[00:00:08:27:292] ! Unidirectional t-s. expansions: 283,435, time: 507,291 [ms], path length: 92 [edges], generated: 394,440
[00:00:00:00:001] Expansions: 0. Checks - state_vs_state: 0, state_vs_prefix: 0, prefix_vs_prefix: 1
[00:00:06:26:488] Expansions: 100,000. Checks - state_vs_state: 12, state_vs_prefix: 0, prefix_vs_prefix: 395,301
[00:00:06:26:489] Expansions: 100,000. Checks - state_vs_state: 12, state_vs_prefix: 0, prefix_vs_prefix: 395,302
[00:00:06:26:489] Expansions: 100,000. Checks - state_vs_state: 12, state_vs_prefix: 0, prefix_vs_prefix: 395,303
[00:00:06:26:490] Expansions: 100,000. Checks - state_vs_state: 12, state_vs_prefix: 0, prefix_vs_prefix: 395,304
[00:00:12:56:022] Expansions: 200,000. Checks - state_vs_state: 12, state_vs_prefix: 0, prefix_vs_prefix: 810,771
[00:00:12:56:024] Expansions: 200,000. Checks - state_vs_state: 12, state_vs_prefix: 0, prefix_vs_prefix: 810,772
[00:00:12:56:025] Expansions: 200,000. Checks - state_vs_state: 12, state_vs_prefix: 0, prefix_vs_prefix: 810,773
[00:00:18:35:888] Path of length 92 found: [0, 1, 2, 3, 4, 17, 30, 43, 56, 55, 54, 41, 28, 27, 26, 39, 52, 65, 78, 79, 92, 105, 106, 107, 108, 109, 122, 135, 134, 133, 132, 131, 130, 143, 156, 157, 158, 159, 160, 161, 162, 163, 150, 137, 136, 123, 110, 111, 124, 125, 126, 113, 112, 99, 86, 85, 84, 71, 58, 45, 32, 19, 6, 7, 8, 9, 10, 11, 12, 25, 38, 51, 64, 63, 62, 61, 74, 87, 88, 89, 90, 103, 116, 129, 142, 141, 140, 139, 152, 165, 166, 167, 168]
[00:00:18:35:890] ! Bidirectional. expansions: 283,664, time: 1,115,889 [ms], path length: 92 [edges], g_F: 62, g_B: 30, generated: {'F': 115,843, 'B': 285,216}, MM: 32, MMPER: 33.40860215053763%
[00:00:18:35:890] average expansions: (41,201, 86,343, 110,666, 0)
[00:00:18:35:890] average time: (83,377, 164,713, 474,662, 0)
[00:00:18:35:890] XDFBnB: 41,201 , 83,377 (expansions , time[ms])
[00:00:18:35:890] BiXDFBnB: 110,666 , 474,662 (expansions , time[ms])

