--------------------------
date: SM_Grids
number_of_graphs: 10
graph_type: grid
size_of_graphs: [7, 8]
heuristic: bcc_heuristic
snake: False
run_uni: True
run_bi: True
run_multi: False
solution_vertices: []
algorithms: ['A']
lookahead: 2
bsd: False
cube_first_dims: 4
cube_buffer_dim: None
backward_sym_generation: False
sym_coil: False
prefix_set: None

---------- SM_Grids/7x8_grid_with_random_blocks_16per_0 ----------
[00:00:00:00:924] Path of length 43 found: [0, 1, 2, 3, 4, 5, 13, 12, 20, 28, 29, 30, 22, 14, 15, 23, 31, 39, 47, 46, 45, 37, 36, 35, 27, 19, 18, 17, 25, 24, 32, 33, 41, 40, 48, 49, 50, 42, 43, 51, 52, 53, 54, 55]
[00:00:00:00:926] ! Unidirectional s-t. expansions: 858, time: 925 [ms], path length: 43 [edges], generated: 1,524
[00:00:00:05:941] Path of length 43 found: [55, 54, 53, 52, 51, 50, 49, 48, 40, 32, 24, 25, 33, 41, 42, 43, 35, 27, 26, 18, 19, 20, 28, 29, 37, 36, 44, 45, 46, 47, 39, 31, 30, 22, 23, 15, 14, 13, 5, 4, 3, 2, 1, 0]
[00:00:00:05:942] ! Unidirectional t-s. expansions: 5,105, time: 5,942 [ms], path length: 43 [edges], generated: 8,591
[00:00:00:01:196] Path of length 43 found: [0, 1, 2, 3, 4, 5, 13, 12, 20, 28, 29, 30, 22, 14, 15, 23, 31, 39, 47, 46, 45, 37, 36, 35, 27, 26, 18, 17, 25, 24, 32, 33, 41, 40, 48, 49, 50, 42, 43, 51, 52, 53, 54, 55]
[00:00:00:01:605] ! Bidirectional. expansions: 1,161, time: 1,196 [ms], path length: 43 [edges], g_F: 22, g_B: 21, generated: {'F': 2,080, 'B': 2,095}, MM: 1, MMPER: 1.272727272727273%
[00:00:00:01:605] 
---------- SM_Grids/7x8_grid_with_random_blocks_16per_1 ----------
[00:00:00:00:054] Path of length 39 found: [0, 1, 9, 8, 16, 17, 25, 26, 18, 10, 11, 19, 27, 35, 34, 42, 43, 51, 52, 44, 36, 28, 20, 12, 13, 14, 22, 21, 29, 37, 45, 53, 54, 46, 38, 30, 31, 39, 47, 55]
[00:00:00:00:054] ! Unidirectional s-t. expansions: 40, time: 54 [ms], path length: 39 [edges], generated: 69
[00:00:00:00:056] Path of length 39 found: [55, 47, 39, 31, 30, 22, 14, 13, 12, 11, 10, 18, 19, 27, 35, 36, 28, 20, 21, 29, 37, 38, 46, 54, 53, 45, 44, 52, 51, 43, 42, 34, 26, 25, 17, 16, 8, 9, 1, 0]
[00:00:00:00:056] ! Unidirectional t-s. expansions: 40, time: 56 [ms], path length: 39 [edges], generated: 69
[00:00:00:00:030] Path of length 39 found: [0, 1, 9, 8, 16, 17, 25, 26, 18, 10, 11, 19, 27, 35, 34, 42, 43, 51, 52, 53, 54, 46, 38, 37, 45, 44, 36, 28, 29, 21, 20, 12, 13, 14, 22, 30, 31, 39, 47, 55]
[00:00:00:00:407] ! Bidirectional. expansions: 20, time: 30 [ms], path length: 39 [edges], g_F: 20, g_B: 19, generated: {'F': 35, 'B': 39}, MM: 1, MMPER: 1.5%
[00:00:00:00:407] 
---------- SM_Grids/7x8_grid_with_random_blocks_16per_2 ----------
[00:00:00:00:703] Path of length 43 found: [0, 1, 9, 8, 16, 24, 25, 17, 18, 26, 34, 33, 41, 40, 48, 49, 50, 51, 52, 44, 43, 35, 27, 28, 20, 12, 11, 3, 4, 5, 13, 14, 6, 7, 15, 23, 22, 21, 29, 37, 38, 39, 47, 55]
[00:00:00:00:703] ! Unidirectional s-t. expansions: 700, time: 703 [ms], path length: 43 [edges], generated: 1,191
[00:00:00:00:799] Path of length 43 found: [55, 47, 39, 38, 37, 29, 28, 20, 21, 22, 23, 15, 7, 6, 14, 13, 5, 4, 12, 11, 3, 2, 1, 9, 17, 18, 26, 27, 35, 43, 44, 52, 51, 50, 49, 48, 40, 41, 33, 25, 24, 16, 8, 0]
[00:00:00:00:799] ! Unidirectional t-s. expansions: 238, time: 799 [ms], path length: 43 [edges], generated: 419
[00:00:00:00:513] Path of length 43 found: [0, 8, 16, 24, 32, 33, 41, 40, 48, 49, 50, 51, 52, 44, 43, 35, 27, 26, 18, 17, 9, 1, 2, 3, 11, 12, 4, 5, 6, 7, 15, 23, 22, 14, 13, 21, 20, 28, 29, 37, 38, 39, 47, 55]
[00:00:00:00:899] ! Bidirectional. expansions: 437, time: 513 [ms], path length: 43 [edges], g_F: 22, g_B: 21, generated: {'F': 703, 'B': 788}, MM: 1, MMPER: 1.272727272727273%
[00:00:00:00:899] 
---------- SM_Grids/7x8_grid_with_random_blocks_16per_3 ----------
[00:00:00:03:923] Path of length 43 found: [0, 1, 2, 3, 4, 12, 11, 19, 18, 10, 9, 17, 16, 24, 32, 33, 34, 42, 41, 40, 48, 49, 50, 51, 43, 44, 52, 53, 45, 46, 38, 30, 29, 28, 20, 21, 13, 14, 22, 23, 31, 39, 47, 55]
[00:00:00:03:924] ! Unidirectional s-t. expansions: 2,972, time: 3,923 [ms], path length: 43 [edges], generated: 5,207
[00:00:00:04:550] Path of length 43 found: [55, 47, 46, 38, 39, 31, 30, 29, 21, 22, 23, 15, 14, 13, 12, 4, 3, 11, 19, 27, 28, 36, 44, 45, 53, 52, 51, 43, 42, 34, 33, 41, 49, 48, 40, 32, 24, 16, 17, 18, 10, 2, 1, 0]
[00:00:00:04:551] ! Unidirectional t-s. expansions: 3,810, time: 4,550 [ms], path length: 43 [edges], generated: 6,659
[00:00:00:07:116] Path of length 43 found: [0, 1, 9, 17, 16, 24, 32, 40, 48, 49, 41, 33, 34, 42, 50, 51, 52, 53, 45, 44, 36, 28, 27, 19, 18, 10, 2, 3, 4, 12, 13, 21, 29, 30, 22, 14, 15, 23, 31, 39, 38, 46, 47, 55]
[00:00:00:07:509] ! Bidirectional. expansions: 5,856, time: 7,116 [ms], path length: 43 [edges], g_F: 22, g_B: 21, generated: {'F': 10,428, 'B': 11,161}, MM: 1, MMPER: 1.272727272727273%
[00:00:00:07:509] 
---------- SM_Grids/7x8_grid_with_random_blocks_16per_4 ----------
[00:00:00:00:050] Path of length 47 found: [0, 8, 16, 24, 32, 40, 48, 49, 41, 33, 25, 17, 9, 1, 2, 3, 11, 19, 18, 26, 34, 42, 50, 51, 43, 35, 36, 28, 20, 12, 13, 5, 6, 14, 22, 30, 31, 39, 38, 37, 45, 44, 52, 53, 54, 46, 47, 55]
[00:00:00:00:050] ! Unidirectional s-t. expansions: 48, time: 50 [ms], path length: 47 [edges], generated: 73
[00:00:00:00:050] Path of length 47 found: [55, 47, 39, 31, 30, 22, 14, 6, 5, 13, 12, 11, 3, 2, 1, 9, 17, 25, 33, 41, 42, 34, 26, 18, 19, 20, 28, 36, 35, 43, 44, 45, 37, 38, 46, 54, 53, 52, 51, 50, 49, 48, 40, 32, 24, 16, 8, 0]
[00:00:00:00:050] ! Unidirectional t-s. expansions: 48, time: 50 [ms], path length: 47 [edges], generated: 73
[00:00:00:00:030] Path of length 47 found: [0, 8, 16, 24, 32, 40, 48, 49, 41, 33, 25, 17, 9, 1, 2, 3, 11, 19, 18, 26, 34, 42, 50, 51, 52, 53, 54, 46, 38, 37, 45, 44, 43, 35, 36, 28, 20, 12, 13, 5, 6, 14, 22, 30, 31, 39, 47, 55]
[00:00:00:00:403] ! Bidirectional. expansions: 25, time: 30 [ms], path length: 47 [edges], g_F: 24, g_B: 23, generated: {'F': 40, 'B': 40}, MM: 1, MMPER: 1.0833333333333335%
[00:00:00:00:403] 
---------- SM_Grids/7x8_grid_with_random_blocks_16per_5 ----------
[00:00:00:02:675] Path of length 45 found: [0, 1, 2, 3, 4, 12, 20, 19, 11, 10, 9, 8, 16, 17, 18, 26, 34, 33, 32, 40, 41, 49, 50, 42, 43, 35, 27, 28, 29, 21, 13, 5, 6, 14, 15, 23, 31, 30, 38, 37, 45, 44, 52, 53, 54, 55]
[00:00:00:02:675] ! Unidirectional s-t. expansions: 1,996, time: 2,675 [ms], path length: 45 [edges], generated: 3,442
[00:00:00:00:930] Path of length 45 found: [55, 54, 53, 52, 44, 45, 37, 29, 30, 38, 39, 31, 23, 15, 7, 6, 14, 13, 5, 4, 12, 20, 28, 27, 35, 43, 42, 50, 49, 41, 40, 32, 33, 34, 26, 18, 19, 11, 3, 2, 10, 9, 17, 16, 8, 0]
[00:00:00:00:930] ! Unidirectional t-s. expansions: 622, time: 930 [ms], path length: 45 [edges], generated: 1,119
[00:00:00:01:135] Path of length 45 found: [0, 8, 16, 17, 9, 1, 2, 10, 18, 26, 34, 33, 32, 40, 41, 49, 50, 42, 43, 35, 27, 28, 20, 19, 11, 3, 4, 5, 13, 14, 6, 7, 15, 23, 31, 39, 38, 30, 29, 37, 45, 44, 52, 53, 54, 55]
[00:00:00:01:509] ! Bidirectional. expansions: 1,116, time: 1,135 [ms], path length: 45 [edges], g_F: 23, g_B: 22, generated: {'F': 1,969, 'B': 1,860}, MM: 1, MMPER: 1.1739130434782608%
[00:00:00:01:509] 
---------- SM_Grids/7x8_grid_with_random_blocks_16per_6 ----------
[00:00:00:00:050] Path of length 45 found: [0, 1, 9, 17, 16, 24, 32, 33, 25, 26, 34, 35, 27, 19, 18, 10, 2, 3, 11, 12, 4, 5, 13, 14, 6, 7, 15, 23, 31, 30, 29, 21, 20, 28, 36, 44, 43, 51, 52, 53, 45, 37, 38, 46, 54, 55]
[00:00:00:00:051] ! Unidirectional s-t. expansions: 46, time: 50 [ms], path length: 45 [edges], generated: 75
[00:00:00:00:075] Path of length 45 found: [55, 54, 46, 38, 30, 31, 23, 15, 7, 6, 14, 13, 5, 4, 3, 2, 10, 18, 19, 11, 12, 20, 21, 29, 37, 45, 53, 52, 51, 43, 44, 36, 28, 27, 35, 34, 26, 25, 33, 32, 24, 16, 17, 9, 1, 0]
[00:00:00:00:075] ! Unidirectional t-s. expansions: 67, time: 75 [ms], path length: 45 [edges], generated: 114
[00:00:00:00:032] Path of length 45 found: [0, 1, 9, 17, 16, 24, 32, 33, 25, 26, 34, 35, 27, 28, 36, 44, 43, 51, 52, 53, 45, 37, 29, 21, 20, 12, 11, 19, 18, 10, 2, 3, 4, 5, 13, 14, 6, 7, 15, 23, 31, 30, 38, 46, 54, 55]
[00:00:00:00:402] ! Bidirectional. expansions: 23, time: 32 [ms], path length: 45 [edges], g_F: 23, g_B: 22, generated: {'F': 43, 'B': 40}, MM: 1, MMPER: 1.1739130434782608%
[00:00:00:00:403] 
---------- SM_Grids/7x8_grid_with_random_blocks_16per_7 ----------
[00:00:00:00:147] Path of length 47 found: [0, 1, 9, 8, 16, 17, 25, 24, 32, 40, 48, 49, 41, 33, 34, 42, 50, 51, 43, 44, 52, 53, 45, 37, 36, 28, 27, 19, 11, 3, 4, 12, 20, 21, 13, 14, 6, 7, 15, 23, 22, 30, 38, 39, 47, 46, 54, 55]
[00:00:00:00:147] ! Unidirectional s-t. expansions: 48, time: 147 [ms], path length: 47 [edges], generated: 71
[00:00:00:00:046] Path of length 47 found: [55, 47, 39, 38, 30, 22, 23, 15, 7, 6, 14, 13, 21, 20, 12, 4, 3, 11, 19, 27, 28, 36, 37, 45, 46, 54, 53, 52, 44, 43, 51, 50, 42, 34, 33, 41, 49, 48, 40, 32, 24, 25, 17, 16, 8, 9, 1, 0]
[00:00:00:00:047] ! Unidirectional t-s. expansions: 48, time: 46 [ms], path length: 47 [edges], generated: 71
[00:00:00:00:025] Path of length 47 found: [0, 1, 9, 8, 16, 17, 25, 24, 32, 40, 48, 49, 41, 33, 34, 42, 50, 51, 43, 44, 52, 53, 54, 46, 45, 37, 36, 28, 27, 19, 11, 3, 4, 12, 20, 21, 13, 14, 6, 7, 15, 23, 22, 30, 38, 39, 47, 55]
[00:00:00:00:401] ! Bidirectional. expansions: 24, time: 25 [ms], path length: 47 [edges], g_F: 24, g_B: 23, generated: {'F': 37, 'B': 35}, MM: 1, MMPER: 1.0833333333333335%
[00:00:00:00:401] 
---------- SM_Grids/7x8_grid_with_random_blocks_16per_8 ----------
[00:00:00:03:270] Path of length 43 found: [0, 8, 16, 17, 9, 10, 2, 3, 4, 5, 6, 7, 15, 23, 31, 39, 47, 46, 38, 30, 29, 21, 13, 12, 20, 19, 18, 26, 25, 33, 32, 40, 41, 42, 50, 51, 43, 35, 36, 44, 45, 53, 54, 55]
[00:00:00:03:271] ! Unidirectional s-t. expansions: 2,813, time: 3,270 [ms], path length: 43 [edges], generated: 4,925
[00:00:00:05:485] Path of length 43 found: [55, 54, 53, 45, 46, 47, 39, 38, 30, 31, 23, 15, 7, 6, 5, 13, 12, 4, 3, 2, 10, 18, 19, 20, 21, 29, 28, 36, 44, 43, 51, 50, 42, 41, 40, 32, 33, 34, 26, 25, 17, 9, 8, 0]
[00:00:00:05:486] ! Unidirectional t-s. expansions: 4,723, time: 5,485 [ms], path length: 43 [edges], generated: 7,821
[00:00:00:03:611] Path of length 43 found: [0, 8, 16, 17, 9, 10, 2, 3, 4, 12, 13, 5, 6, 7, 15, 23, 31, 39, 47, 46, 38, 30, 29, 28, 20, 19, 18, 26, 25, 33, 32, 40, 41, 42, 50, 51, 43, 35, 36, 44, 45, 53, 54, 55]
[00:00:00:04:511] ! Bidirectional. expansions: 3,738, time: 3,611 [ms], path length: 43 [edges], g_F: 22, g_B: 21, generated: {'F': 6,483, 'B': 6,593}, MM: 1, MMPER: 1.272727272727273%
[00:00:00:04:511] 
---------- SM_Grids/7x8_grid_with_random_blocks_16per_9 ----------
[00:00:00:00:295] Path of length 45 found: [0, 8, 16, 24, 25, 26, 34, 35, 43, 42, 41, 49, 50, 51, 52, 44, 45, 37, 38, 30, 22, 14, 13, 12, 20, 28, 27, 19, 18, 17, 9, 1, 2, 3, 4, 5, 6, 7, 15, 23, 31, 39, 47, 46, 54, 55]
[00:00:00:00:295] ! Unidirectional s-t. expansions: 219, time: 295 [ms], path length: 45 [edges], generated: 362
[00:00:00:00:407] Path of length 45 found: [55, 54, 46, 47, 39, 38, 37, 45, 44, 52, 51, 50, 49, 41, 42, 43, 35, 34, 26, 25, 24, 16, 17, 18, 19, 27, 28, 20, 12, 13, 14, 22, 30, 31, 23, 15, 7, 6, 5, 4, 3, 2, 10, 9, 1, 0]
[00:00:00:00:407] ! Unidirectional t-s. expansions: 379, time: 407 [ms], path length: 45 [edges], generated: 596
[00:00:00:00:273] Path of length 45 found: [0, 8, 16, 24, 25, 17, 18, 10, 9, 1, 2, 3, 4, 5, 6, 7, 15, 23, 22, 14, 13, 12, 20, 19, 27, 26, 34, 35, 43, 42, 41, 49, 50, 51, 52, 44, 45, 37, 38, 30, 31, 39, 47, 46, 54, 55]
[00:00:00:00:658] ! Bidirectional. expansions: 260, time: 273 [ms], path length: 45 [edges], g_F: 23, g_B: 22, generated: {'F': 439, 'B': 410}, MM: 1, MMPER: 1.1739130434782608%
[00:00:00:00:658] average expansions: (974, 1,508, 1,266, 0)
[00:00:00:00:658] average time: (1,209, 1,834, 1,396, 0)
[00:00:00:00:658] XA*: 974 , 1,209 (expansions , time[ms])
[00:00:00:00:658] BiXA*: 1,266 , 1,396 (expansions , time[ms])

