--------------------------
date: SM_Grids
number_of_graphs: 10
graph_type: grid
size_of_graphs: [8, 8]
heuristic: bcc_heuristic
snake: False
run_uni: True
run_bi: True
run_multi: False
solution_vertices: []
algorithms: ['A']
lookahead: 2
bsd: False
cube_first_dims: 4
cube_buffer_dim: None
backward_sym_generation: False
sym_coil: False
prefix_set: None

---------- SM_Grids/8x8_grid_with_random_blocks_12per_0 ----------
[00:00:00:11:624] Expansion 10,000: state None, f=53, g=31
[00:00:00:17:165] Path of length 52 found: [0, 1, 2, 10, 18, 17, 9, 8, 16, 24, 25, 26, 27, 35, 43, 44, 52, 51, 50, 42, 34, 33, 41, 40, 48, 56, 57, 58, 59, 60, 61, 62, 54, 53, 45, 37, 36, 28, 20, 19, 11, 3, 4, 12, 13, 21, 22, 30, 31, 39, 47, 55, 63]
[00:00:00:17:167] ! Unidirectional s-t. expansions: 14,633, time: 17,165 [ms], path length: 52 [edges], generated: 23,981
[00:00:00:10:978] Expansion 10,000: state None, f=53, g=40
[00:00:00:20:792] Expansion 20,000: state None, f=53, g=28
[00:00:00:25:764] Path of length 52 found: [63, 62, 61, 60, 59, 58, 57, 56, 48, 40, 41, 42, 50, 51, 52, 53, 54, 55, 47, 39, 31, 30, 22, 14, 13, 21, 20, 28, 36, 37, 45, 44, 43, 35, 34, 33, 25, 24, 16, 17, 18, 26, 27, 19, 11, 12, 4, 3, 2, 10, 9, 1, 0]
[00:00:00:25:766] ! Unidirectional t-s. expansions: 24,319, time: 25,764 [ms], path length: 52 [edges], generated: 38,073
[00:00:00:12:911] Path of length 52 found: [0, 8, 16, 24, 25, 33, 41, 40, 48, 56, 57, 58, 59, 60, 61, 62, 54, 53, 52, 51, 50, 42, 34, 26, 18, 10, 9, 1, 2, 3, 4, 12, 11, 19, 27, 35, 43, 44, 45, 37, 36, 28, 20, 21, 13, 14, 22, 30, 31, 39, 47, 55, 63]
[00:00:00:13:409] ! Bidirectional. expansions: 8,381, time: 12,911 [ms], path length: 52 [edges], g_F: 26, g_B: 26, generated: {'F': 15,402, 'B': 15,522}, MM: 0, MMPER: -1.0%
[00:00:00:13:410] 
---------- SM_Grids/8x8_grid_with_random_blocks_12per_1 ----------
[00:00:00:02:162] Path of length 52 found: [0, 1, 2, 10, 11, 3, 4, 5, 6, 7, 15, 14, 22, 21, 13, 12, 20, 19, 27, 26, 25, 17, 9, 8, 16, 24, 32, 33, 34, 42, 41, 49, 50, 58, 59, 51, 52, 60, 61, 53, 45, 44, 36, 28, 29, 37, 38, 39, 47, 46, 54, 62, 63]
[00:00:00:02:164] ! Unidirectional s-t. expansions: 1,634, time: 2,162 [ms], path length: 52 [edges], generated: 2,704
[00:00:00:01:358] Path of length 52 found: [63, 62, 61, 53, 54, 55, 47, 39, 38, 46, 45, 37, 29, 21, 22, 14, 15, 7, 6, 5, 13, 12, 4, 3, 11, 10, 2, 1, 9, 17, 25, 26, 27, 19, 20, 28, 36, 44, 52, 60, 59, 51, 50, 49, 41, 42, 34, 33, 32, 24, 16, 8, 0]
[00:00:00:01:358] ! Unidirectional t-s. expansions: 728, time: 1,358 [ms], path length: 52 [edges], generated: 1,265
[00:00:00:04:381] Path of length 52 found: [0, 8, 16, 24, 32, 33, 25, 17, 9, 1, 2, 10, 11, 3, 4, 12, 13, 5, 6, 7, 15, 14, 22, 21, 29, 37, 38, 39, 47, 55, 54, 53, 45, 44, 36, 28, 20, 19, 27, 26, 34, 42, 41, 49, 50, 58, 59, 51, 52, 60, 61, 62, 63]
[00:00:00:04:814] ! Bidirectional. expansions: 2,630, time: 4,381 [ms], path length: 52 [edges], g_F: 26, g_B: 26, generated: {'F': 4,544, 'B': 4,705}, MM: 0, MMPER: -1.0%
[00:00:00:04:814] 
---------- SM_Grids/8x8_grid_with_random_blocks_12per_2 ----------
[00:00:00:14:244] Expansion 10,000: state None, f=51, g=16
[00:00:00:20:165] Path of length 50 found: [0, 1, 2, 3, 11, 12, 4, 5, 13, 14, 15, 23, 31, 30, 22, 21, 20, 28, 27, 19, 18, 10, 9, 8, 16, 17, 25, 24, 32, 33, 34, 42, 50, 49, 57, 58, 59, 60, 52, 51, 43, 44, 36, 37, 45, 46, 47, 55, 54, 62, 63]
[00:00:00:20:168] ! Unidirectional s-t. expansions: 13,348, time: 20,166 [ms], path length: 50 [edges], generated: 24,082
[00:00:00:09:313] Path of length 50 found: [63, 62, 54, 55, 47, 46, 38, 30, 31, 23, 15, 14, 22, 21, 20, 12, 13, 5, 4, 3, 11, 10, 2, 1, 9, 17, 18, 19, 27, 28, 29, 37, 45, 44, 52, 60, 59, 58, 57, 49, 50, 51, 43, 42, 34, 33, 25, 24, 16, 8, 0]
[00:00:00:09:315] ! Unidirectional t-s. expansions: 5,212, time: 9,314 [ms], path length: 50 [edges], generated: 9,694
[00:00:00:13:501] Expansion 10,000: F [0, 8, 16, 24, 32, 33, 25, 17, 18, 10, 9, 1, 2, 3, 11, 12, 4, 5, 13, 21], B [63, 55, 54, 62, 61, 60, 52, 51, 59, 58, 57, 49, 50, 42, 43, 44, 36, 37, 45, 46], f=51, g=38
[00:00:00:15:992] Path of length 50 found: [0, 1, 9, 8, 16, 17, 25, 24, 32, 33, 34, 42, 50, 49, 57, 58, 59, 60, 52, 51, 43, 44, 45, 37, 29, 28, 27, 19, 18, 10, 2, 3, 11, 12, 4, 5, 13, 21, 22, 14, 15, 23, 31, 30, 38, 46, 47, 55, 54, 62, 63]
[00:00:00:16:474] ! Bidirectional. expansions: 11,258, time: 15,992 [ms], path length: 50 [edges], g_F: 25, g_B: 25, generated: {'F': 21,944, 'B': 20,695}, MM: 0, MMPER: -1.0%
[00:00:00:16:474] 
---------- SM_Grids/8x8_grid_with_random_blocks_12per_3 ----------
[00:00:00:06:533] Path of length 54 found: [0, 1, 2, 3, 4, 5, 6, 7, 15, 23, 22, 14, 13, 12, 20, 19, 27, 26, 25, 17, 18, 10, 9, 8, 16, 24, 32, 33, 41, 49, 48, 56, 57, 58, 50, 51, 59, 60, 61, 62, 54, 46, 45, 44, 43, 35, 36, 37, 29, 30, 38, 39, 47, 55, 63]
[00:00:00:06:535] ! Unidirectional s-t. expansions: 4,632, time: 6,534 [ms], path length: 54 [edges], generated: 7,669
[00:00:00:07:813] Path of length 54 found: [63, 55, 47, 39, 31, 23, 15, 7, 6, 5, 4, 3, 2, 1, 9, 10, 18, 17, 25, 26, 27, 19, 20, 12, 13, 14, 22, 30, 29, 37, 38, 46, 54, 62, 61, 60, 52, 44, 36, 35, 43, 51, 59, 58, 57, 56, 48, 49, 41, 33, 32, 24, 16, 8, 0]
[00:00:00:07:813] ! Unidirectional t-s. expansions: 4,750, time: 7,813 [ms], path length: 54 [edges], generated: 7,986
[00:00:00:13:363] Path of length 54 found: [0, 8, 16, 17, 18, 10, 9, 1, 2, 3, 4, 12, 20, 19, 27, 26, 25, 24, 32, 33, 41, 49, 48, 56, 57, 58, 50, 51, 43, 35, 36, 37, 29, 30, 22, 14, 13, 5, 6, 7, 15, 23, 31, 39, 47, 46, 45, 44, 52, 60, 61, 62, 54, 55, 63]
[00:00:00:13:856] ! Bidirectional. expansions: 9,712, time: 13,363 [ms], path length: 54 [edges], g_F: 27, g_B: 27, generated: {'F': 16,299, 'B': 16,898}, MM: 0, MMPER: -1.0%
[00:00:00:13:856] 
---------- SM_Grids/8x8_grid_with_random_blocks_12per_4 ----------
[00:00:00:00:155] Path of length 54 found: [0, 8, 16, 24, 25, 17, 9, 10, 18, 26, 34, 33, 41, 49, 48, 56, 57, 58, 50, 42, 43, 51, 59, 60, 52, 44, 36, 35, 27, 19, 11, 12, 4, 5, 6, 14, 13, 21, 20, 28, 29, 37, 38, 30, 22, 23, 31, 39, 47, 55, 54, 53, 61, 62, 63]
[00:00:00:00:156] ! Unidirectional s-t. expansions: 111, time: 155 [ms], path length: 54 [edges], generated: 193
[00:00:00:00:080] Path of length 54 found: [63, 55, 47, 39, 31, 23, 22, 14, 6, 5, 4, 12, 13, 21, 20, 19, 11, 10, 9, 17, 18, 26, 34, 42, 50, 51, 43, 35, 27, 28, 29, 30, 38, 37, 36, 44, 52, 53, 54, 62, 61, 60, 59, 58, 57, 56, 48, 49, 41, 33, 25, 24, 16, 8, 0]
[00:00:00:00:080] ! Unidirectional t-s. expansions: 55, time: 80 [ms], path length: 54 [edges], generated: 91
[00:00:00:00:409] Path of length 54 found: [0, 8, 16, 24, 25, 17, 9, 10, 11, 19, 18, 26, 27, 35, 34, 33, 41, 49, 48, 56, 57, 58, 50, 42, 43, 51, 59, 60, 61, 62, 54, 53, 52, 44, 36, 37, 38, 30, 29, 28, 20, 21, 13, 12, 4, 5, 6, 14, 22, 23, 31, 39, 47, 55, 63]
[00:00:00:00:846] ! Bidirectional. expansions: 40, time: 409 [ms], path length: 54 [edges], g_F: 27, g_B: 27, generated: {'F': 77, 'B': 73}, MM: 0, MMPER: -1.0%
[00:00:00:00:847] 
---------- SM_Grids/8x8_grid_with_random_blocks_12per_5 ----------
[00:00:00:14:670] Expansion 10,000: state None, f=53, g=16
[00:00:00:22:192] Path of length 52 found: [0, 1, 2, 3, 4, 5, 6, 14, 15, 23, 22, 30, 31, 39, 38, 37, 29, 28, 20, 21, 13, 12, 11, 19, 18, 17, 9, 8, 16, 24, 25, 33, 32, 40, 41, 42, 34, 35, 43, 44, 52, 51, 50, 58, 59, 60, 61, 53, 45, 46, 47, 55, 63]
[00:00:00:22:194] ! Unidirectional s-t. expansions: 15,333, time: 22,193 [ms], path length: 52 [edges], generated: 27,174
[00:00:00:13:136] Path of length 52 found: [63, 55, 47, 46, 45, 53, 61, 60, 59, 58, 50, 51, 52, 44, 43, 35, 34, 42, 41, 40, 32, 33, 25, 24, 16, 8, 9, 17, 18, 19, 27, 28, 29, 37, 38, 39, 31, 30, 22, 23, 15, 14, 6, 5, 13, 21, 20, 12, 4, 3, 2, 1, 0]
[00:00:00:13:137] ! Unidirectional t-s. expansions: 9,235, time: 13,136 [ms], path length: 52 [edges], generated: 15,465
[00:00:00:05:633] Path of length 52 found: [0, 8, 16, 24, 25, 33, 32, 40, 41, 42, 34, 35, 27, 28, 20, 12, 11, 19, 18, 17, 9, 1, 2, 3, 4, 5, 13, 14, 15, 23, 31, 39, 47, 46, 38, 30, 22, 21, 29, 37, 45, 44, 43, 51, 50, 58, 59, 60, 52, 53, 61, 62, 63]
[00:00:00:06:086] ! Bidirectional. expansions: 4,347, time: 5,634 [ms], path length: 52 [edges], g_F: 26, g_B: 26, generated: {'F': 7,806, 'B': 8,279}, MM: 0, MMPER: -1.0%
[00:00:00:06:086] 
---------- SM_Grids/8x8_grid_with_random_blocks_12per_6 ----------
[00:00:00:12:248] Expansion 10,000: state None, f=53, g=33
[00:00:00:23:369] Expansion 20,000: state None, f=53, g=25
[00:00:00:34:288] Expansion 30,000: state None, f=53, g=36
[00:00:00:35:723] Path of length 52 found: [0, 1, 2, 3, 4, 5, 6, 7, 15, 23, 22, 14, 13, 21, 20, 12, 11, 19, 18, 10, 9, 8, 16, 17, 25, 24, 32, 40, 48, 49, 41, 42, 50, 51, 59, 60, 61, 53, 45, 44, 43, 35, 34, 26, 27, 28, 36, 37, 38, 46, 54, 62, 63]
[00:00:00:35:725] ! Unidirectional s-t. expansions: 31,289, time: 35,723 [ms], path length: 52 [edges], generated: 50,505
[00:00:00:13:173] Expansion 10,000: state None, f=53, g=19
[00:00:00:24:163] Expansion 20,000: state None, f=53, g=33
[00:00:00:30:012] Path of length 52 found: [63, 62, 54, 46, 38, 37, 36, 28, 29, 21, 22, 23, 15, 7, 6, 14, 13, 5, 4, 3, 11, 12, 20, 19, 27, 26, 34, 35, 43, 44, 45, 53, 61, 60, 59, 51, 50, 42, 41, 49, 48, 40, 32, 24, 25, 17, 16, 8, 9, 10, 2, 1, 0]
[00:00:00:30:013] ! Unidirectional t-s. expansions: 24,819, time: 30,012 [ms], path length: 52 [edges], generated: 41,611
[00:00:00:12:391] Expansion 10,000: F [0, 1, 2, 10, 9, 8, 16, 24, 32, 40, 48], B [63, 62, 54, 46, 38, 37, 36, 28, 29, 21, 20], f=53, g=20
[00:00:00:25:240] Path of length 52 found: [0, 8, 16, 17, 9, 1, 2, 3, 4, 5, 6, 7, 15, 23, 22, 14, 13, 12, 11, 10, 18, 26, 25, 24, 32, 40, 48, 49, 50, 51, 59, 60, 61, 53, 45, 44, 43, 42, 34, 35, 36, 28, 27, 19, 20, 21, 29, 37, 38, 46, 54, 62, 63]
[00:00:00:25:709] ! Bidirectional. expansions: 18,789, time: 25,240 [ms], path length: 52 [edges], g_F: 26, g_B: 26, generated: {'F': 34,227, 'B': 34,900}, MM: 0, MMPER: -1.0%
[00:00:00:25:709] 
---------- SM_Grids/8x8_grid_with_random_blocks_12per_7 ----------
[00:00:00:14:859] Expansion 10,000: state None, f=54, g=11
[00:00:00:29:455] Expansion 20,000: state None, f=54, g=26
[00:00:00:38:480] Expansion 30,000: state None, f=53, g=36
[00:00:00:48:845] Expansion 40,000: state None, f=53, g=28
[00:00:00:59:061] Expansion 50,000: state None, f=53, g=37
[00:00:01:09:933] Expansion 60,000: state None, f=53, g=42
[00:00:01:19:548] Expansion 70,000: state None, f=53, g=33
[00:00:01:30:943] Expansion 80,000: state None, f=53, g=40
[00:00:01:40:741] Expansion 90,000: state None, f=53, g=31
[00:00:01:52:484] Expansion 100,000: state None, f=53, g=21
[00:00:02:02:164] Expansion 110,000: state None, f=53, g=39
[00:00:02:15:382] Expansion 120,000: state None, f=53, g=31
[00:00:02:25:714] Expansion 130,000: state None, f=53, g=32
[00:00:02:36:821] Path of length 52 found: [0, 8, 9, 10, 18, 19, 27, 28, 36, 35, 43, 42, 41, 33, 34, 26, 25, 17, 16, 24, 32, 40, 48, 56, 57, 58, 59, 60, 61, 53, 52, 44, 45, 37, 38, 30, 22, 21, 20, 12, 13, 5, 6, 14, 15, 23, 31, 39, 47, 46, 54, 62, 63]
[00:00:02:36:823] ! Unidirectional s-t. expansions: 137,530, time: 156,821 [ms], path length: 52 [edges], generated: 233,491
[00:00:00:27:225] Expansion 10,000: state None, f=54, g=34
[00:00:00:40:947] Expansion 20,000: state None, f=54, g=29
[00:00:00:55:635] Expansion 30,000: state None, f=54, g=18
[00:00:01:06:738] Expansion 40,000: state None, f=53, g=37
[00:00:01:18:333] Expansion 50,000: state None, f=53, g=34
[00:00:01:31:339] Expansion 60,000: state None, f=53, g=35
[00:00:01:42:010] Expansion 70,000: state None, f=53, g=42
[00:00:01:55:455] Expansion 80,000: state None, f=53, g=44
[00:00:02:05:833] Expansion 90,000: state None, f=53, g=46
[00:00:02:18:892] Expansion 100,000: state None, f=53, g=20
[00:00:02:29:991] Expansion 110,000: state None, f=53, g=26
[00:00:02:44:094] Expansion 120,000: state None, f=53, g=36
[00:00:02:53:599] Expansion 130,000: state None, f=53, g=28
[00:00:03:03:907] Expansion 140,000: state None, f=53, g=27
[00:00:03:19:506] Path of length 52 found: [63, 55, 47, 39, 31, 23, 15, 7, 6, 5, 13, 12, 20, 21, 22, 30, 38, 46, 54, 62, 61, 60, 59, 58, 57, 56, 48, 49, 41, 40, 32, 24, 16, 17, 25, 33, 34, 42, 43, 44, 52, 53, 45, 37, 36, 28, 27, 19, 18, 10, 9, 8, 0]
[00:00:03:19:508] ! Unidirectional t-s. expansions: 146,821, time: 199,506 [ms], path length: 52 [edges], generated: 245,434
[00:00:00:16:718] Expansion 10,000: F [0, 8, 16, 17, 9, 10, 18, 19, 27, 35, 43, 42, 41, 33, 34, 26, 25, 24, 32, 40], B [63, 55, 47, 39, 38, 30, 31, 23, 22, 14, 15, 7, 6, 5, 13, 12, 20, 28, 36, 37], f=54, g=38
[00:00:00:28:847] Expansion 20,000: F [0, 8, 9, 10, 18, 17, 16, 24, 32, 33, 25, 26, 34, 35, 43, 42, 41, 40, 48], B [63, 62, 61, 53, 54, 55, 47, 46, 38, 39, 31, 30, 22, 14, 15, 7, 6, 5, 13], f=54, g=36
[00:00:00:42:197] Expansion 30,000: F [0, 8, 9, 10, 18, 19, 27, 26, 25, 17, 16, 24, 32, 33, 34, 35, 36], B [63, 62, 61, 53, 52, 60, 59, 58, 57, 56, 48, 40, 41, 42, 43, 44, 45], f=54, g=32
[00:00:00:56:418] Expansion 40,000: F [0, 8, 9, 10, 18, 19, 27, 28, 36, 37, 38], B [63, 62, 61, 60, 59, 58, 57, 56, 48, 40, 32], f=54, g=20
[00:00:01:14:009] Expansion 50,000: F [0, 8, 9, 10, 18, 19, 27, 35, 43, 42, 41, 33], B [63, 62, 54, 46, 47, 39, 38, 30, 31, 23, 22, 14], f=54, g=22
[00:00:01:45:292] Expansion 60,000: F [0, 8, 9, 10, 18, 19, 27, 35, 43, 42, 34, 26, 25, 17, 16, 24, 32, 33, 41, 49, 48], B [63, 55, 47, 46, 54, 62, 61, 53, 45, 37, 38, 30, 31, 23, 22, 14, 15, 7, 6, 5, 13], f=53, g=40
[00:00:01:53:107] Expansion 70,000: F [0, 8, 16, 24, 32, 33, 34, 26, 25, 17, 9, 10, 18, 19, 20, 12, 13, 21, 22, 14], B [63, 55, 47, 46, 54, 62, 61, 60, 59, 58, 57, 56, 48, 40, 41, 42, 43, 35, 27, 28], f=53, g=38
[00:00:02:02:611] Expansion 80,000: F [0, 8, 16, 17, 9, 10, 18, 19, 27, 35, 43, 42, 41, 33, 34, 26, 25, 24, 32], B [63, 55, 47, 46, 45, 37, 38, 39, 31, 23, 22, 14, 15, 7, 6, 5, 13, 12, 20], f=53, g=36
[00:00:02:11:455] Expansion 90,000: F [0, 8, 16, 17, 9, 10, 18, 26, 25, 24, 32, 33, 34, 35, 43, 42, 41], B [63, 55, 47, 46, 38, 39, 31, 30, 22, 23, 15, 7, 6, 5, 13, 12, 20], f=53, g=32
[00:00:02:22:570] Expansion 100,000: F [0, 8, 9, 10, 18, 17, 16, 24, 25, 26, 34, 33, 32, 40, 48, 49], B [63, 55, 47, 46, 54, 62, 61, 53, 45, 37, 38, 30, 31, 23, 22, 14], f=53, g=30
[00:00:02:22:570] Expansions: 100,000. Checks - state_vs_state: 3,943, prefix: 326,719
[00:00:02:22:571] Expansions: 100,000. Checks - state_vs_state: 3,943, prefix: 326,720
[00:00:02:22:571] Expansions: 100,000. Checks - state_vs_state: 3,943, prefix: 326,721
[00:00:02:22:571] Expansions: 100,000. Checks - state_vs_state: 3,943, prefix: 326,722
[00:00:02:22:572] Expansions: 100,000. Checks - state_vs_state: 3,943, prefix: 326,723
[00:00:02:22:572] Expansions: 100,000. Checks - state_vs_state: 3,943, prefix: 326,724
[00:00:02:31:597] Expansion 110,000: F [0, 8, 16, 17, 9, 10, 18, 19, 20, 21, 13, 5, 6, 7, 15, 14], B [63, 62, 61, 53, 52, 60, 59, 58, 57, 56, 48, 49, 41, 40, 32, 33], f=53, g=30
[00:00:02:41:547] Expansion 120,000: F [0, 8, 9, 10, 18, 17, 16, 24, 32, 40, 48, 56, 57, 58, 59, 60, 52, 53, 61, 62, 54], B [63, 55, 47, 39, 38, 30, 31, 23, 15, 7, 6, 5, 13, 14, 22, 21, 20, 19, 27, 28, 36], f=53, g=40
[00:00:02:54:297] Expansion 130,000: F [0, 8, 9, 10, 18, 19, 27, 35, 36, 28, 20, 21, 13, 5, 6, 7, 15, 14, 22, 23], B [63, 55, 47, 46, 54, 62, 61, 53, 52, 60, 59, 58, 57, 49, 48, 40, 41, 33, 32, 24], f=53, g=38
[00:00:03:04:568] Expansion 140,000: F [0, 8, 9, 10, 18, 19, 20, 12, 13, 5, 6, 7, 15, 23, 22], B [63, 55, 47, 46, 54, 62, 61, 53, 52, 60, 59, 58, 57, 56, 48], f=53, g=28
[00:00:03:14:768] Expansion 150,000: F [0, 8, 16, 24, 32, 40, 48, 49, 57, 58, 59, 60, 52, 44, 43, 42, 41, 33, 34], B [63, 62, 61, 53, 54, 55, 47, 39, 31, 23, 15, 7, 6, 14, 13, 12, 20, 21, 22], f=53, g=36
[00:00:03:29:713] Expansion 160,000: F [0, 8, 16, 17, 9, 10, 18, 19, 20, 12, 13, 21, 22, 14, 6, 7, 15, 23, 31], B [63, 55, 47, 46, 54, 62, 61, 60, 59, 58, 57, 49, 48, 40, 41, 42, 43, 35, 34], f=53, g=36
[00:00:03:40:805] Expansion 170,000: F [0, 8, 16, 17, 9, 10, 18, 19, 20, 21, 22, 14, 13, 5, 6, 7, 15, 23, 31], B [63, 55, 54, 62, 61, 60, 59, 58, 57, 56, 48, 40, 32, 24, 25, 33, 41, 42, 43], f=53, g=36
[00:00:03:51:297] Expansion 180,000: F [0, 8, 9, 10, 18, 19, 20, 28, 36, 44, 43, 42, 41, 33, 34, 35, 27, 26, 25, 17, 16], B [63, 55, 47, 39, 31, 23, 15, 7, 6, 5, 13, 21, 22, 30, 38, 37, 45, 46, 54, 62, 61], f=53, g=40
[00:00:04:08:087] Expansion 190,000: F [0, 8, 16, 17, 9, 10, 18, 26, 25, 33, 34, 42, 41, 40], B [63, 62, 61, 53, 54, 55, 47, 39, 31, 23, 15, 7, 6, 5], f=53, g=26
[00:00:04:20:716] Expansion 200,000: F [0, 8, 9, 10, 18, 19, 20, 21, 22, 14, 13, 5, 6, 7, 15, 23, 31, 30, 38, 39, 47], B [63, 55, 54, 62, 61, 60, 59, 58, 57, 49, 48, 40, 32, 24, 16, 17, 25, 26, 27, 28, 36], f=53, g=40
[00:00:04:20:716] Expansions: 200,000. Checks - state_vs_state: 8,422, prefix: 658,689
[00:00:04:20:716] Expansions: 200,000. Checks - state_vs_state: 8,422, prefix: 658,690
[00:00:04:20:716] Expansions: 200,000. Checks - state_vs_state: 8,422, prefix: 658,691
[00:00:04:20:717] Expansions: 200,000. Checks - state_vs_state: 8,422, prefix: 658,692
[00:00:04:20:717] Expansions: 200,000. Checks - state_vs_state: 8,422, prefix: 658,693
[00:00:04:20:717] Expansions: 200,000. Checks - state_vs_state: 8,422, prefix: 658,694
[00:00:04:35:745] Expansion 210,000: F [0, 8, 9, 10, 18, 26, 27, 28, 36, 35, 34, 33, 25, 17, 16, 24, 32], B [63, 55, 47, 39, 31, 23, 15, 14, 6, 5, 13, 12, 20, 21, 22, 30, 38], f=53, g=32
[00:00:04:52:193] Expansion 220,000: F [0, 8, 16, 17, 18, 26, 34, 33, 25, 24, 32, 40], B [63, 62, 54, 55, 47, 46, 45, 37, 38, 39, 31, 30], f=53, g=22
[00:00:05:15:325] Expansion 230,000: F [0, 8, 9, 17, 18, 26, 25, 24, 32, 40], B [63, 62, 61, 53, 54, 55, 47, 46, 45, 44], f=53, g=18
[00:00:05:26:385] Path of length 52 found: [0, 8, 16, 24, 32, 40, 41, 49, 48, 56, 57, 58, 59, 60, 52, 44, 43, 42, 34, 33, 25, 17, 9, 10, 18, 26, 27, 28, 36, 37, 38, 30, 22, 21, 20, 12, 13, 5, 6, 7, 15, 23, 31, 39, 47, 46, 45, 53, 61, 62, 54, 55, 63]
[00:00:05:27:593] ! Bidirectional. expansions: 230,743, time: 326,394 [ms], path length: 52 [edges], g_F: 26, g_B: 26, generated: {'F': 410,948, 'B': 428,312}, MM: 0, MMPER: -1.0%
[00:00:05:27:593] 
---------- SM_Grids/8x8_grid_with_random_blocks_12per_8 ----------
[00:00:00:09:345] Path of length 54 found: [0, 1, 2, 3, 4, 5, 6, 7, 15, 23, 31, 30, 29, 21, 22, 14, 13, 12, 20, 28, 36, 44, 43, 35, 34, 26, 27, 19, 18, 10, 9, 8, 16, 17, 25, 24, 32, 33, 41, 49, 48, 56, 57, 58, 59, 60, 52, 53, 45, 37, 38, 46, 47, 55, 63]
[00:00:00:09:347] ! Unidirectional s-t. expansions: 8,426, time: 9,345 [ms], path length: 54 [edges], generated: 13,871
[00:00:00:06:814] Path of length 54 found: [63, 55, 47, 46, 45, 53, 52, 60, 59, 58, 57, 56, 48, 49, 41, 33, 32, 24, 25, 17, 16, 8, 9, 10, 18, 19, 20, 21, 22, 30, 29, 28, 27, 26, 34, 35, 43, 44, 36, 37, 38, 39, 31, 23, 15, 7, 6, 14, 13, 5, 4, 3, 2, 1, 0]
[00:00:00:06:817] ! Unidirectional t-s. expansions: 5,418, time: 6,816 [ms], path length: 54 [edges], generated: 9,433
[00:00:00:04:815] Path of length 54 found: [0, 8, 16, 17, 25, 24, 32, 33, 41, 49, 48, 56, 57, 58, 59, 60, 52, 53, 45, 46, 38, 37, 29, 30, 22, 14, 13, 12, 20, 19, 27, 28, 36, 44, 43, 35, 34, 26, 18, 10, 9, 1, 2, 3, 4, 5, 6, 7, 15, 23, 31, 39, 47, 55, 63]
[00:00:00:05:264] ! Bidirectional. expansions: 3,951, time: 4,816 [ms], path length: 54 [edges], g_F: 27, g_B: 27, generated: {'F': 6,959, 'B': 7,361}, MM: 0, MMPER: -1.0%
[00:00:00:05:264] 
---------- SM_Grids/8x8_grid_with_random_blocks_12per_9 ----------
[00:00:00:27:586] Expansion 10,000: state None, f=54, g=27
[00:00:00:39:500] Expansion 20,000: state None, f=53, g=36
[00:00:00:48:534] Expansion 30,000: state None, f=53, g=40
[00:00:00:58:631] Expansion 40,000: state None, f=53, g=29
[00:00:01:09:593] Expansion 50,000: state None, f=53, g=39
[00:00:01:21:200] Expansion 60,000: state None, f=53, g=42
[00:00:01:33:628] Expansion 70,000: state None, f=53, g=36
[00:00:01:45:410] Expansion 80,000: state None, f=53, g=17
[00:00:01:59:279] Path of length 52 found: [0, 1, 2, 10, 9, 8, 16, 24, 32, 40, 48, 56, 57, 58, 50, 49, 41, 33, 25, 26, 18, 19, 11, 12, 4, 5, 6, 7, 15, 23, 31, 30, 38, 46, 47, 55, 54, 53, 45, 37, 29, 21, 20, 28, 27, 35, 43, 51, 59, 60, 61, 62, 63]
[00:00:01:59:282] ! Unidirectional s-t. expansions: 87,139, time: 119,279 [ms], path length: 52 [edges], generated: 146,952
[00:00:00:13:883] Expansion 10,000: state None, f=54, g=29
[00:00:00:39:054] Expansion 20,000: state None, f=54, g=27
[00:00:00:53:413] Expansion 30,000: state None, f=53, g=41
[00:00:01:03:818] Expansion 40,000: state None, f=53, g=37
[00:00:01:14:838] Expansion 50,000: state None, f=53, g=39
[00:00:01:24:201] Expansion 60,000: state None, f=53, g=31
[00:00:01:36:629] Expansion 70,000: state None, f=53, g=41
[00:00:01:52:398] Expansion 80,000: state None, f=53, g=18
[00:00:02:06:613] Expansion 90,000: state None, f=53, g=12
[00:00:02:22:125] Path of length 52 found: [63, 62, 61, 60, 59, 58, 50, 49, 57, 56, 48, 40, 41, 33, 32, 24, 25, 26, 34, 35, 43, 51, 52, 53, 54, 55, 47, 46, 45, 37, 38, 30, 31, 23, 15, 7, 6, 5, 4, 12, 13, 21, 29, 28, 20, 19, 11, 10, 2, 1, 9, 8, 0]
[00:00:02:22:128] ! Unidirectional t-s. expansions: 96,939, time: 142,125 [ms], path length: 52 [edges], generated: 164,435
[00:00:00:13:385] Expansion 10,000: F [0, 1, 9, 8, 16, 24, 32, 40, 41, 49, 48, 56, 57, 58, 50, 51], B [63, 55, 47, 46, 38, 30, 31, 23, 15, 7, 6, 5, 4, 12, 11, 10], f=54, g=30
[00:00:00:26:486] Expansion 20,000: F [0, 8, 9, 1, 2, 10, 11, 19, 20, 21, 13, 12, 4], B [63, 62, 61, 60, 59, 58, 50, 49, 57, 56, 48, 40, 41], f=54, g=24
[00:00:00:35:017] Expansion 30,000: F [0, 1, 2, 10, 9, 8, 16, 24, 25, 33, 41, 40, 48, 56, 57, 49, 50, 58, 59, 60, 61, 53, 52, 51, 43, 35, 34], B [63, 62, 54, 55, 47, 46, 45, 37, 38, 30, 31, 23, 15, 7, 6, 5, 13, 21, 29, 28, 20, 12, 11, 19, 18, 26, 27], f=53, g=52
[00:00:00:41:629] Expansion 40,000: F [0, 1, 2, 10, 9, 8, 16, 24, 25, 26, 18, 19, 20, 21, 13, 12, 4, 5, 6, 7, 15, 23, 31, 30], B [63, 55, 47, 46, 54, 62, 61, 53, 52, 60, 59, 58, 57, 56, 48, 40, 32, 33, 41, 49, 50, 51, 43, 35], f=53, g=46
[00:00:00:49:622] Expansion 50,000: F [0, 1, 9, 8, 16, 24, 25, 33, 32, 40, 41, 49, 48, 56, 57, 58, 50, 51, 43, 35], B [63, 55, 47, 46, 54, 62, 61, 60, 52, 53, 45, 37, 29, 30, 31, 23, 15, 7, 6, 5], f=53, g=38
[00:00:00:58:734] Expansion 60,000: F [0, 1, 2, 10, 9, 8, 16, 24, 32, 40, 41, 33, 34, 26, 27, 28, 20], B [63, 55, 47, 46, 54, 62, 61, 53, 52, 60, 59, 58, 57, 56, 48, 49, 50], f=53, g=32
[00:00:01:24:490] Expansion 70,000: F [0, 1, 2, 10, 9, 8, 16, 24, 25, 26, 27, 35, 36, 28, 29], B [63, 55, 47, 46, 54, 62, 61, 60, 59, 58, 57, 56, 48, 40, 32], f=53, g=28
[00:00:01:34:152] Expansion 80,000: F [0, 8, 9, 1, 2, 10, 18, 26, 25, 24, 32, 33, 41, 40, 48, 56, 57, 49, 50], B [63, 55, 54, 62, 61, 60, 52, 53, 45, 46, 38, 37, 29, 30, 31, 23, 15, 7, 6], f=53, g=36
[00:00:01:44:845] Expansion 90,000: F [0, 1, 9, 8, 16, 24, 25, 26, 34, 33, 41, 40, 48, 56, 57], B [63, 55, 54, 62, 61, 60, 52, 53, 45, 46, 38, 37, 36, 28, 20], f=53, g=28
[00:00:01:59:237] Expansion 100,000: F [0, 8, 9, 10, 18, 26, 25, 24, 32, 40], B [63, 55, 47, 46, 54, 62, 61, 53, 45, 37], f=53, g=18
[00:00:01:59:238] Expansions: 100,000. Checks - state_vs_state: 7,631, prefix: 322,135
[00:00:01:59:238] Expansions: 100,000. Checks - state_vs_state: 7,631, prefix: 322,136
[00:00:01:59:239] Expansions: 100,000. Checks - state_vs_state: 7,631, prefix: 322,137
[00:00:01:59:239] Expansions: 100,000. Checks - state_vs_state: 7,631, prefix: 322,138
[00:00:01:59:240] Expansions: 100,000. Checks - state_vs_state: 7,631, prefix: 322,139
[00:00:01:59:240] Expansions: 100,000. Checks - state_vs_state: 7,631, prefix: 322,140
[00:00:02:06:411] Path of length 52 found: [0, 8, 9, 1, 2, 10, 11, 19, 18, 26, 34, 33, 25, 24, 32, 40, 41, 49, 48, 56, 57, 58, 50, 51, 43, 35, 27, 28, 20, 21, 13, 12, 4, 5, 6, 7, 15, 23, 31, 30, 38, 37, 45, 53, 52, 60, 61, 62, 54, 46, 47, 55, 63]
[00:00:02:07:299] ! Bidirectional. expansions: 103,259, time: 126,411 [ms], path length: 52 [edges], g_F: 26, g_B: 26, generated: {'F': 188,392, 'B': 183,235}, MM: 0, MMPER: -1.0%
[00:00:02:07:300] average expansions: (31,408, 31,830, 39,311, 0)
[00:00:02:07:300] average time: (38,954, 43,592, 53,555, 0)
[00:00:02:07:300] XA*: 31,408 , 38,954 (expansions , time[ms])
[00:00:02:07:300] BiXA*: 39,311 , 53,555 (expansions , time[ms])

