--------------------------
date: SM_Grids
number_of_graphs: 10
graph_type: grid
size_of_graphs: [8, 8]
heuristic: bcc_heuristic
snake: False
run_uni: True
run_bi: True
run_multi: False
solution_vertices: []
algorithms: ['A']
lookahead: 2
bsd: False
cube_first_dims: 4
cube_buffer_dim: None
backward_sym_generation: False
sym_coil: False
prefix_set: None

---------- SM_Grids/8x8_grid_with_random_blocks_20per_0 ----------
[00:00:00:02:255] Path of length 44 found: [0, 1, 9, 10, 2, 3, 4, 5, 6, 7, 15, 23, 31, 39, 38, 30, 29, 21, 22, 14, 13, 12, 20, 28, 36, 35, 34, 26, 25, 17, 16, 24, 32, 40, 48, 49, 41, 42, 43, 44, 52, 53, 61, 62, 63]
[00:00:00:02:256] ! Unidirectional s-t. expansions: 1,596, time: 2,256 [ms], path length: 44 [edges], generated: 2,553
[00:00:00:00:499] Path of length 44 found: [63, 62, 61, 53, 52, 44, 43, 42, 50, 49, 41, 40, 32, 24, 16, 17, 25, 26, 34, 35, 36, 37, 38, 39, 31, 30, 29, 28, 20, 21, 22, 23, 15, 7, 6, 14, 13, 5, 4, 3, 2, 10, 9, 1, 0]
[00:00:00:00:499] ! Unidirectional t-s. expansions: 511, time: 499 [ms], path length: 44 [edges], generated: 894
[00:00:00:00:335] Path of length 44 found: [0, 1, 9, 10, 2, 3, 4, 12, 20, 28, 29, 21, 13, 5, 6, 7, 15, 14, 22, 23, 31, 30, 38, 37, 36, 35, 34, 26, 25, 17, 16, 24, 32, 40, 41, 49, 50, 42, 43, 44, 52, 53, 61, 62, 63]
[00:00:00:01:558] ! Bidirectional. expansions: 428, time: 335 [ms], path length: 44 [edges], g_F: 22, g_B: 22, generated: {'F': 769, 'B': 601}, MM: 0, MMPER: -1.0%
[00:00:00:01:559] 
---------- SM_Grids/8x8_grid_with_random_blocks_20per_1 ----------
[00:00:00:14:416] Path of length 38 found: [0, 8, 16, 24, 25, 33, 34, 42, 41, 40, 48, 56, 57, 49, 50, 51, 43, 35, 27, 26, 18, 17, 9, 1, 2, 10, 11, 19, 20, 28, 29, 30, 31, 39, 47, 46, 54, 62, 63]
[00:00:00:14:420] ! Unidirectional s-t. expansions: 7,742, time: 14,416 [ms], path length: 38 [edges], generated: 13,505
[00:00:00:06:948] Path of length 38 found: [63, 62, 54, 55, 47, 39, 31, 30, 29, 21, 20, 28, 27, 35, 43, 51, 50, 49, 57, 56, 48, 40, 41, 42, 34, 33, 25, 24, 16, 17, 18, 19, 11, 3, 2, 10, 9, 1, 0]
[00:00:00:06:951] ! Unidirectional t-s. expansions: 2,850, time: 6,948 [ms], path length: 38 [edges], generated: 5,039
[00:00:00:02:602] Path of length 38 found: [0, 8, 16, 24, 25, 33, 41, 40, 48, 56, 57, 49, 50, 51, 43, 35, 34, 26, 18, 10, 9, 1, 2, 3, 11, 19, 27, 28, 20, 21, 29, 30, 31, 39, 47, 55, 54, 62, 63]
[00:00:00:03:191] ! Bidirectional. expansions: 2,006, time: 2,602 [ms], path length: 38 [edges], g_F: 19, g_B: 19, generated: {'F': 3,960, 'B': 4,068}, MM: 0, MMPER: -1.0%
[00:00:00:03:191] 
---------- SM_Grids/8x8_grid_with_random_blocks_20per_2 ----------
[00:00:00:02:759] Path of length 48 found: [0, 8, 16, 17, 9, 1, 2, 3, 4, 12, 20, 19, 18, 26, 34, 33, 41, 40, 48, 56, 57, 49, 50, 58, 59, 60, 61, 53, 45, 37, 36, 28, 29, 30, 22, 21, 13, 5, 6, 14, 15, 23, 31, 39, 38, 46, 54, 62, 63]
[00:00:00:02:760] ! Unidirectional s-t. expansions: 739, time: 2,760 [ms], path length: 48 [edges], generated: 1,295
[00:00:00:01:906] Path of length 48 found: [63, 62, 61, 60, 59, 58, 50, 49, 57, 56, 48, 40, 41, 33, 34, 26, 18, 19, 20, 12, 13, 21, 29, 28, 36, 37, 45, 53, 54, 46, 47, 39, 38, 30, 31, 23, 15, 14, 6, 5, 4, 3, 2, 1, 9, 17, 16, 8, 0]
[00:00:00:01:906] ! Unidirectional t-s. expansions: 888, time: 1,906 [ms], path length: 48 [edges], generated: 1,438
[00:00:00:00:539] Path of length 48 found: [0, 8, 16, 17, 9, 1, 2, 3, 4, 12, 13, 5, 6, 14, 15, 23, 22, 21, 29, 30, 31, 39, 47, 46, 38, 37, 36, 28, 20, 19, 18, 26, 34, 33, 41, 40, 48, 56, 57, 49, 50, 58, 59, 60, 61, 53, 54, 62, 63]
[00:00:00:01:080] ! Bidirectional. expansions: 483, time: 539 [ms], path length: 48 [edges], g_F: 24, g_B: 24, generated: {'F': 921, 'B': 767}, MM: 0, MMPER: -1.0%
[00:00:00:01:081] 
---------- SM_Grids/8x8_grid_with_random_blocks_20per_3 ----------
[00:00:00:01:340] Path of length 46 found: [0, 1, 9, 10, 18, 17, 16, 24, 32, 40, 41, 49, 57, 58, 50, 51, 43, 44, 36, 35, 34, 26, 27, 19, 20, 12, 11, 3, 4, 5, 6, 7, 15, 23, 22, 30, 31, 39, 38, 37, 45, 53, 52, 60, 61, 62, 63]
[00:00:00:01:340] ! Unidirectional s-t. expansions: 505, time: 1,340 [ms], path length: 46 [edges], generated: 852
[00:00:00:01:112] Path of length 46 found: [63, 62, 61, 60, 52, 53, 45, 37, 29, 30, 38, 39, 31, 23, 15, 7, 6, 5, 13, 12, 4, 3, 11, 19, 27, 26, 34, 35, 36, 44, 43, 51, 50, 58, 57, 49, 41, 40, 32, 24, 16, 17, 18, 10, 9, 1, 0]
[00:00:00:01:112] ! Unidirectional t-s. expansions: 665, time: 1,112 [ms], path length: 46 [edges], generated: 1,066
[00:00:00:00:650] Path of length 46 found: [0, 1, 9, 10, 18, 17, 16, 24, 32, 40, 41, 49, 57, 58, 50, 51, 43, 35, 34, 26, 27, 19, 11, 3, 4, 12, 13, 5, 6, 7, 15, 23, 31, 39, 38, 30, 29, 37, 36, 44, 45, 53, 52, 60, 61, 62, 63]
[00:00:00:01:545] ! Bidirectional. expansions: 486, time: 650 [ms], path length: 46 [edges], g_F: 23, g_B: 23, generated: {'F': 796, 'B': 859}, MM: 0, MMPER: -1.0%
[00:00:00:01:545] 
---------- SM_Grids/8x8_grid_with_random_blocks_20per_4 ----------
[00:00:00:16:178] Expansion 10,000: state None, f=46, g=16
[00:00:00:32:444] Path of length 44 found: [0, 1, 2, 3, 4, 5, 6, 7, 15, 23, 22, 21, 20, 28, 27, 26, 34, 33, 25, 17, 18, 19, 11, 10, 9, 8, 16, 24, 32, 40, 48, 49, 57, 58, 59, 51, 43, 44, 36, 37, 45, 46, 54, 62, 63]
[00:00:00:32:448] ! Unidirectional s-t. expansions: 19,979, time: 32,444 [ms], path length: 44 [edges], generated: 32,155
[00:00:00:22:838] Expansion 10,000: state None, f=45, g=16
[00:00:00:28:869] Path of length 44 found: [63, 55, 54, 46, 38, 37, 29, 21, 22, 23, 15, 7, 6, 5, 4, 3, 11, 10, 2, 1, 9, 17, 18, 26, 27, 19, 20, 28, 36, 44, 43, 51, 59, 58, 57, 49, 48, 40, 41, 33, 25, 24, 16, 8, 0]
[00:00:00:28:873] ! Unidirectional t-s. expansions: 12,922, time: 28,869 [ms], path length: 44 [edges], generated: 23,624
[00:00:00:15:848] Expansion 10,000: F [0, 8, 16, 24, 25, 17, 18, 19, 11, 10, 9, 1, 2, 3, 4, 5, 6, 7, 15], B [63, 62, 54, 46, 38, 37, 36, 44, 43, 51, 59, 58, 57, 49, 48, 40, 41, 33, 34], f=45, g=36
[00:00:00:23:151] Path of length 44 found: [0, 8, 9, 1, 2, 10, 11, 3, 4, 5, 6, 7, 15, 23, 22, 21, 20, 19, 27, 26, 18, 17, 16, 24, 32, 33, 41, 40, 48, 49, 57, 58, 59, 51, 43, 44, 36, 28, 29, 37, 38, 46, 54, 55, 63]
[00:00:00:23:776] ! Bidirectional. expansions: 17,586, time: 23,151 [ms], path length: 44 [edges], g_F: 22, g_B: 22, generated: {'F': 28,350, 'B': 30,714}, MM: 0, MMPER: -1.0%
[00:00:00:23:777] 
---------- SM_Grids/8x8_grid_with_random_blocks_20per_5 ----------
[00:00:00:05:073] Path of length 46 found: [0, 1, 9, 8, 16, 17, 18, 26, 34, 35, 43, 42, 41, 33, 25, 24, 32, 40, 48, 49, 57, 58, 59, 51, 52, 53, 61, 62, 54, 46, 45, 37, 36, 28, 29, 21, 20, 12, 13, 14, 22, 23, 31, 39, 47, 55, 63]
[00:00:00:05:078] ! Unidirectional s-t. expansions: 1,852, time: 5,073 [ms], path length: 46 [edges], generated: 3,330
[00:00:00:02:645] Path of length 46 found: [63, 62, 61, 53, 54, 55, 47, 46, 45, 37, 38, 39, 31, 23, 15, 14, 22, 21, 13, 12, 20, 28, 36, 35, 34, 26, 18, 17, 25, 33, 41, 42, 43, 51, 59, 58, 50, 49, 48, 40, 32, 24, 16, 8, 9, 1, 0]
[00:00:00:02:646] ! Unidirectional t-s. expansions: 890, time: 2,645 [ms], path length: 46 [edges], generated: 1,644
[00:00:00:07:054] Path of length 46 found: [0, 1, 9, 8, 16, 24, 32, 33, 25, 17, 18, 26, 34, 35, 43, 42, 41, 40, 48, 49, 57, 58, 50, 51, 52, 53, 61, 62, 54, 46, 38, 37, 36, 28, 20, 12, 13, 21, 22, 14, 15, 23, 31, 39, 47, 55, 63]
[00:00:00:07:656] ! Bidirectional. expansions: 4,133, time: 7,054 [ms], path length: 46 [edges], g_F: 23, g_B: 23, generated: {'F': 7,371, 'B': 7,435}, MM: 0, MMPER: -1.0%
[00:00:00:07:656] 
---------- SM_Grids/8x8_grid_with_random_blocks_20per_6 ----------
[00:00:00:02:340] Path of length 46 found: [0, 1, 9, 8, 16, 17, 18, 10, 11, 19, 27, 28, 36, 44, 52, 51, 43, 42, 50, 49, 48, 56, 57, 58, 59, 60, 61, 62, 54, 53, 45, 37, 29, 21, 20, 12, 4, 5, 13, 14, 15, 23, 31, 39, 47, 55, 63]
[00:00:00:02:340] ! Unidirectional s-t. expansions: 1,158, time: 2,340 [ms], path length: 46 [edges], generated: 1,878
[00:00:00:03:540] Path of length 46 found: [63, 55, 47, 39, 31, 23, 15, 14, 6, 5, 4, 12, 13, 21, 29, 37, 45, 53, 54, 62, 61, 60, 59, 58, 57, 56, 48, 49, 50, 42, 43, 51, 52, 44, 36, 28, 20, 19, 27, 26, 18, 10, 9, 17, 16, 8, 0]
[00:00:00:03:541] ! Unidirectional t-s. expansions: 2,014, time: 3,540 [ms], path length: 46 [edges], generated: 3,321
[00:00:00:02:555] Path of length 46 found: [0, 1, 9, 8, 16, 17, 18, 10, 11, 19, 27, 28, 36, 44, 45, 37, 29, 21, 20, 12, 4, 5, 13, 14, 15, 23, 31, 39, 47, 55, 54, 53, 52, 51, 43, 42, 50, 49, 48, 56, 57, 58, 59, 60, 61, 62, 63]
[00:00:00:03:105] ! Bidirectional. expansions: 1,249, time: 2,555 [ms], path length: 46 [edges], g_F: 23, g_B: 23, generated: {'F': 2,235, 'B': 2,135}, MM: 0, MMPER: -1.0%
[00:00:00:03:105] 
---------- SM_Grids/8x8_grid_with_random_blocks_20per_7 ----------
[00:00:00:03:631] Path of length 42 found: [0, 8, 9, 1, 2, 3, 11, 19, 27, 26, 18, 17, 25, 24, 32, 40, 41, 33, 34, 42, 50, 51, 43, 35, 36, 28, 20, 12, 4, 5, 6, 14, 15, 23, 31, 30, 38, 39, 47, 55, 54, 62, 63]
[00:00:00:03:632] ! Unidirectional s-t. expansions: 1,718, time: 3,631 [ms], path length: 42 [edges], generated: 2,854
[00:00:00:00:625] Path of length 42 found: [63, 62, 54, 55, 47, 39, 38, 30, 31, 23, 15, 7, 6, 5, 4, 12, 20, 19, 11, 3, 2, 1, 9, 17, 18, 26, 27, 28, 36, 35, 43, 51, 50, 42, 34, 33, 41, 40, 32, 24, 16, 8, 0]
[00:00:00:00:626] ! Unidirectional t-s. expansions: 356, time: 626 [ms], path length: 42 [edges], generated: 657
[00:00:00:00:763] Path of length 42 found: [0, 8, 16, 24, 32, 40, 41, 33, 34, 42, 50, 51, 43, 35, 36, 28, 20, 12, 11, 19, 18, 26, 25, 17, 9, 1, 2, 3, 4, 5, 6, 7, 15, 23, 31, 30, 38, 39, 47, 55, 54, 62, 63]
[00:00:00:02:415] ! Bidirectional. expansions: 555, time: 763 [ms], path length: 42 [edges], g_F: 21, g_B: 21, generated: {'F': 1,042, 'B': 963}, MM: 0, MMPER: -1.0%
[00:00:00:02:416] 
---------- SM_Grids/8x8_grid_with_random_blocks_20per_8 ----------
[00:00:00:00:277] Path of length 48 found: [0, 8, 16, 24, 32, 33, 25, 17, 9, 10, 2, 3, 4, 5, 6, 7, 15, 23, 22, 14, 13, 21, 29, 28, 20, 12, 11, 19, 27, 35, 36, 44, 52, 51, 50, 42, 41, 49, 57, 58, 59, 60, 61, 53, 45, 46, 47, 55, 63]
[00:00:00:00:278] ! Unidirectional s-t. expansions: 223, time: 277 [ms], path length: 48 [edges], generated: 347
[00:00:00:00:069] Path of length 48 found: [63, 55, 47, 46, 45, 53, 61, 60, 59, 58, 57, 49, 41, 42, 50, 51, 52, 44, 36, 35, 27, 19, 11, 12, 20, 28, 29, 21, 13, 14, 22, 23, 15, 7, 6, 5, 4, 3, 2, 10, 9, 17, 25, 33, 32, 24, 16, 8, 0]
[00:00:00:00:070] ! Unidirectional t-s. expansions: 52, time: 69 [ms], path length: 48 [edges], generated: 80
[00:00:00:00:034] Path of length 48 found: [0, 8, 16, 24, 32, 33, 25, 17, 9, 10, 2, 3, 11, 19, 20, 12, 4, 5, 13, 14, 6, 7, 15, 23, 22, 21, 29, 28, 27, 35, 36, 44, 52, 51, 50, 42, 41, 49, 57, 58, 59, 60, 61, 53, 45, 46, 47, 55, 63]
[00:00:00:00:566] ! Bidirectional. expansions: 26, time: 34 [ms], path length: 48 [edges], g_F: 24, g_B: 24, generated: {'F': 41, 'B': 42}, MM: 0, MMPER: -1.0%
[00:00:00:00:567] 
---------- SM_Grids/8x8_grid_with_random_blocks_20per_9 ----------
[00:00:00:00:065] Path of length 36 found: [0, 8, 9, 1, 2, 10, 18, 26, 34, 35, 27, 28, 36, 44, 45, 37, 29, 21, 13, 5, 6, 7, 15, 14, 22, 23, 31, 30, 38, 39, 47, 55, 54, 53, 61, 62, 63]
[00:00:00:00:066] ! Unidirectional s-t. expansions: 44, time: 66 [ms], path length: 36 [edges], generated: 66
[00:00:00:00:178] Path of length 36 found: [63, 62, 61, 53, 54, 55, 47, 39, 38, 30, 31, 23, 22, 14, 15, 7, 6, 5, 13, 21, 29, 37, 45, 44, 36, 28, 27, 35, 34, 26, 18, 17, 9, 10, 2, 1, 0]
[00:00:00:00:179] ! Unidirectional t-s. expansions: 108, time: 179 [ms], path length: 36 [edges], generated: 178
[00:00:00:00:428] Path of length 36 found: [0, 8, 9, 1, 2, 10, 18, 26, 34, 35, 27, 28, 36, 44, 45, 37, 38, 30, 29, 21, 22, 14, 13, 5, 6, 7, 15, 23, 31, 39, 47, 55, 54, 53, 61, 62, 63]
[00:00:00:01:033] ! Bidirectional. expansions: 20, time: 428 [ms], path length: 36 [edges], g_F: 18, g_B: 18, generated: {'F': 35, 'B': 32}, MM: 0, MMPER: -1.0%
[00:00:00:01:033] average expansions: (3,556, 2,126, 2,697, 0)
[00:00:00:01:033] average time: (6,460, 4,639, 3,811, 0)
[00:00:00:01:033] XA*: 2,126 , 4,639 (expansions , time[ms])
[00:00:00:01:033] BiXA*: 2,697 , 3,811 (expansions , time[ms])

