--------------------------
date: mazes
number_of_graphs: 10
graph_type: maze
size_of_graphs: [13, 13]
heuristic: bcc_heuristic
snake: False
run_uni: True
run_bi: True
run_multi: False
solution_vertices: []
algorithms: ['XMM']
lookahead: 4
bsd: False
cube_first_dims: 4
cube_buffer_dim: None
backward_sym_generation: False
sym_coil: False
prefix_set: None

---------- mazes/13x13_maze_with_1_open_diamonds_0 ----------
[00:00:00:23:745] Expansion 10,000: state None, f=97, g=35
[00:00:00:46:258] Expansion 20,000: state None, f=95, g=20
[00:00:01:06:729] Expansion 30,000: state None, f=93, g=30
[00:00:01:10:631] Path of length 92 found: [0, 1, 2, 3, 4, 17, 30, 31, 32, 19, 6, 7, 8, 9, 10, 11, 12, 25, 38, 37, 36, 49, 62, 61, 60, 59, 58, 57, 56, 55, 54, 41, 28, 27, 26, 39, 52, 65, 78, 79, 80, 81, 82, 83, 84, 85, 86, 87, 88, 89, 90, 103, 116, 115, 114, 113, 112, 111, 110, 109, 122, 135, 134, 133, 132, 119, 120, 107, 106, 105, 118, 131, 130, 143, 156, 157, 144, 145, 146, 159, 160, 161, 162, 163, 164, 165, 152, 139, 140, 141, 142, 155, 168]
[00:00:01:10:633] ! Unidirectional s-t. expansions: 31,360, time: 70,631 [ms], path length: 92 [edges], generated: 47,235
[00:00:00:28:424] Expansion 10,000: state None, f=101, g=28
[00:00:00:51:882] Expansion 20,000: state None, f=99, g=45
[00:00:01:12:558] Expansion 30,000: state None, f=98, g=33
[00:00:01:34:607] Expansion 40,000: state None, f=97, g=38
[00:00:01:54:537] Expansion 50,000: state None, f=96, g=42
[00:00:02:17:265] Expansion 60,000: state None, f=95, g=60
[00:00:02:38:709] Expansion 70,000: state None, f=95, g=23
[00:00:02:56:231] Expansion 80,000: state None, f=94, g=43
[00:00:03:18:818] Expansion 90,000: state None, f=94, g=31
[00:00:03:36:600] Expansion 100,000: state None, f=93, g=45
[00:00:03:58:838] Path of length 92 found: [168, 155, 142, 141, 140, 139, 152, 165, 164, 163, 150, 137, 136, 135, 134, 133, 146, 159, 158, 157, 156, 143, 130, 131, 144, 145, 132, 119, 118, 105, 106, 107, 108, 109, 110, 111, 112, 113, 114, 115, 116, 103, 90, 89, 88, 87, 86, 85, 84, 83, 82, 81, 80, 79, 78, 65, 52, 39, 26, 27, 28, 41, 54, 55, 56, 57, 58, 59, 60, 61, 62, 63, 64, 51, 38, 25, 12, 11, 10, 9, 8, 7, 6, 19, 32, 31, 30, 17, 4, 3, 2, 1, 0]
[00:00:03:58:840] ! Unidirectional t-s. expansions: 108,294, time: 238,838 [ms], path length: 92 [edges], generated: 154,445
[00:00:00:50:461] Expansion 20,000: f=100, g=43
[00:00:01:55:236] Expansion 40,000: f=97, g=41
[00:00:02:44:336] Expansion 60,000: f=96, g=30
[00:00:03:32:983] Expansion 80,000: f=94, g=28
[00:00:04:20:209] Path of length 92 found: [0, 1, 2, 3, 4, 17, 30, 31, 32, 19, 6, 7, 8, 9, 10, 11, 12, 25, 38, 37, 36, 49, 62, 61, 60, 59, 58, 57, 56, 55, 54, 41, 28, 27, 26, 39, 52, 65, 78, 79, 80, 81, 82, 83, 84, 85, 86, 87, 88, 89, 90, 103, 116, 115, 114, 113, 112, 111, 110, 109, 108, 107, 106, 105, 118, 119, 132, 145, 144, 131, 130, 143, 156, 157, 158, 159, 146, 133, 134, 135, 136, 137, 150, 163, 164, 165, 152, 139, 140, 141, 142, 155, 168]
[00:00:04:20:214] ! Bidirectional. expansions: 98,880, time: 260,210 [ms], path length: 92 [edges], g_F: 41, g_B: 51, generated: 139,473, MM: 10, MMPER: 9.75268817204301%
[00:00:04:20:217] 
---------- mazes/13x13_maze_with_1_open_diamonds_1 ----------
[00:00:00:48:197] Expansion 10,000: state None, f=98, g=40
[00:00:01:13:614] Expansion 20,000: state None, f=95, g=36
[00:00:01:34:507] Expansion 30,000: state None, f=93, g=35
[00:00:01:58:474] Expansion 40,000: state None, f=92, g=23
[00:00:02:15:655] Expansion 50,000: state None, f=91, g=30
[00:00:02:18:865] Path of length 90 found: [0, 1, 2, 15, 28, 27, 26, 39, 52, 53, 54, 41, 42, 29, 16, 3, 4, 17, 30, 43, 56, 57, 58, 45, 32, 19, 6, 7, 8, 9, 10, 11, 12, 25, 38, 37, 36, 49, 62, 61, 74, 87, 88, 89, 90, 103, 116, 115, 114, 113, 112, 99, 86, 85, 84, 83, 82, 81, 80, 79, 92, 105, 106, 107, 108, 109, 122, 135, 134, 133, 132, 131, 130, 143, 156, 157, 158, 159, 160, 161, 162, 163, 164, 165, 152, 139, 140, 141, 142, 155, 168]
[00:00:02:18:868] ! Unidirectional s-t. expansions: 51,200, time: 138,865 [ms], path length: 90 [edges], generated: 69,643
[00:00:00:14:162] Path of length 90 found: [168, 155, 142, 141, 140, 139, 152, 165, 164, 163, 162, 161, 160, 159, 158, 157, 156, 143, 130, 131, 132, 133, 134, 135, 122, 109, 108, 107, 106, 105, 92, 79, 80, 81, 82, 83, 84, 85, 86, 99, 112, 113, 114, 115, 116, 103, 90, 89, 88, 87, 74, 61, 62, 63, 64, 51, 38, 25, 12, 11, 10, 9, 8, 7, 6, 19, 32, 45, 58, 57, 56, 43, 30, 17, 4, 3, 16, 29, 42, 55, 54, 53, 52, 39, 26, 27, 28, 15, 2, 1, 0]
[00:00:00:14:167] ! Unidirectional t-s. expansions: 1,607, time: 14,162 [ms], path length: 90 [edges], generated: 2,500
[00:00:00:54:014] Expansion 20,000: f=95, g=22
[00:00:01:39:748] Expansion 40,000: f=91, g=22
[00:00:01:41:631] Path of length 90 found: [0, 1, 2, 15, 28, 27, 26, 39, 52, 53, 54, 41, 42, 29, 16, 3, 4, 17, 30, 43, 56, 57, 58, 45, 32, 19, 6, 7, 8, 9, 10, 11, 12, 25, 38, 37, 36, 49, 62, 61, 74, 87, 88, 89, 90, 103, 116, 115, 114, 113, 112, 99, 86, 85, 84, 83, 82, 81, 80, 79, 92, 105, 106, 107, 108, 109, 122, 135, 134, 133, 132, 131, 130, 143, 156, 157, 158, 159, 160, 161, 162, 163, 164, 165, 152, 139, 140, 141, 142, 155, 168]
[00:00:01:41:637] ! Bidirectional. expansions: 40,772, time: 101,631 [ms], path length: 90 [edges], g_F: 39, g_B: 51, generated: 56,015, MM: 12, MMPER: 12.186813186813186%
[00:00:01:41:638] 
---------- mazes/13x13_maze_with_1_open_diamonds_2 ----------
[00:00:00:28:366] Expansion 10,000: state None, f=96, g=47
[00:00:00:48:352] Expansion 20,000: state None, f=94, g=34
[00:00:01:08:469] Path of length 92 found: [0, 1, 2, 3, 4, 17, 30, 43, 56, 55, 54, 41, 28, 27, 26, 39, 52, 65, 78, 79, 80, 81, 82, 83, 70, 57, 58, 45, 32, 19, 6, 7, 8, 9, 10, 11, 12, 25, 38, 37, 36, 49, 62, 61, 60, 59, 72, 71, 84, 85, 86, 87, 88, 89, 90, 103, 116, 115, 114, 113, 112, 99, 98, 111, 110, 97, 96, 109, 122, 135, 134, 133, 132, 131, 130, 143, 156, 157, 158, 159, 160, 161, 162, 163, 164, 165, 152, 139, 140, 141, 142, 155, 168]
[00:00:01:08:472] ! Unidirectional s-t. expansions: 29,438, time: 68,469 [ms], path length: 92 [edges], generated: 44,753
[00:00:00:24:232] Expansion 10,000: state None, f=96, g=49
[00:00:00:41:577] Expansion 20,000: state None, f=94, g=44
[00:00:00:51:904] Path of length 92 found: [168, 155, 142, 141, 140, 139, 152, 165, 164, 163, 162, 161, 160, 159, 158, 157, 156, 143, 130, 131, 132, 133, 134, 135, 122, 109, 110, 111, 112, 113, 114, 115, 116, 103, 90, 89, 88, 87, 86, 99, 98, 85, 72, 59, 60, 61, 62, 63, 64, 51, 38, 25, 12, 11, 10, 9, 8, 7, 6, 19, 32, 45, 58, 57, 70, 71, 84, 97, 96, 83, 82, 81, 80, 79, 78, 65, 52, 39, 26, 27, 28, 41, 54, 55, 56, 43, 30, 17, 4, 3, 2, 1, 0]
[00:00:00:51:909] ! Unidirectional t-s. expansions: 25,254, time: 51,904 [ms], path length: 92 [edges], generated: 36,149
[00:00:00:58:246] Expansion 20,000: f=93, g=40
[00:00:01:33:662] Path of length 92 found: [168, 155, 142, 141, 140, 139, 152, 165, 164, 163, 162, 161, 160, 159, 158, 157, 156, 143, 130, 131, 132, 133, 134, 135, 122, 109, 108, 107, 106, 105, 92, 79, 78, 65, 52, 39, 26, 27, 28, 41, 54, 55, 56, 57, 70, 83, 84, 97, 110, 111, 112, 113, 114, 115, 116, 103, 90, 89, 88, 87, 86, 99, 98, 85, 72, 71, 58, 59, 60, 61, 62, 49, 36, 37, 38, 25, 12, 11, 10, 9, 8, 7, 6, 19, 32, 31, 30, 17, 4, 3, 2, 1, 0]
[00:00:01:33:665] ! Bidirectional. expansions: 33,114, time: 93,662 [ms], path length: 92 [edges], g_F: 44, g_B: 48, generated: 52,422, MM: 4, MMPER: 3.301075268817204%
[00:00:01:33:666] 
---------- mazes/13x13_maze_with_1_open_diamonds_3 ----------
[00:00:00:28:974] Expansion 10,000: state None, f=92, g=56
[00:00:00:48:953] Expansion 20,000: state None, f=91, g=34
[00:00:00:50:934] Path of length 90 found: [0, 1, 2, 3, 4, 17, 30, 31, 32, 19, 6, 7, 8, 9, 10, 11, 12, 25, 38, 37, 36, 49, 62, 61, 60, 59, 58, 57, 56, 55, 54, 41, 28, 27, 26, 39, 52, 65, 78, 79, 80, 81, 82, 83, 84, 85, 86, 87, 88, 89, 90, 103, 116, 129, 142, 141, 140, 139, 126, 113, 114, 115, 102, 101, 100, 99, 98, 111, 110, 109, 122, 135, 134, 133, 132, 131, 130, 143, 156, 157, 158, 159, 160, 161, 162, 163, 164, 165, 166, 167, 168]
[00:00:00:50:936] ! Unidirectional s-t. expansions: 20,438, time: 50,935 [ms], path length: 90 [edges], generated: 31,641
[00:00:00:26:948] Expansion 10,000: state None, f=98, g=58
[00:00:00:48:495] Expansion 20,000: state None, f=95, g=59
[00:00:01:06:943] Expansion 30,000: state None, f=93, g=58
[00:00:01:25:716] Expansion 40,000: state None, f=92, g=39
[00:00:01:45:125] Path of length 90 found: [168, 167, 166, 165, 164, 163, 162, 161, 160, 159, 158, 157, 156, 143, 130, 131, 132, 133, 134, 135, 122, 109, 110, 111, 98, 85, 86, 99, 112, 113, 126, 139, 140, 141, 142, 129, 116, 115, 114, 101, 102, 103, 90, 89, 88, 87, 74, 61, 62, 63, 64, 51, 38, 25, 12, 11, 10, 9, 8, 7, 6, 19, 32, 45, 58, 71, 84, 83, 82, 81, 80, 79, 78, 65, 52, 39, 26, 27, 28, 41, 54, 55, 56, 43, 30, 17, 4, 3, 2, 1, 0]
[00:00:01:45:127] ! Unidirectional t-s. expansions: 49,827, time: 105,125 [ms], path length: 90 [edges], generated: 71,852
[00:00:00:58:297] Expansion 20,000: f=95, g=35
[00:00:01:50:905] Expansion 40,000: f=89, g=43
[00:00:02:04:161] Path of length 90 found: [168, 167, 166, 165, 164, 163, 162, 161, 160, 159, 158, 157, 156, 143, 130, 131, 132, 133, 134, 135, 122, 109, 110, 111, 112, 113, 126, 139, 140, 141, 142, 129, 116, 115, 114, 101, 102, 103, 90, 89, 88, 87, 100, 99, 98, 85, 84, 83, 82, 81, 80, 79, 78, 65, 52, 39, 26, 27, 28, 41, 54, 55, 56, 57, 58, 59, 60, 61, 62, 49, 36, 37, 38, 25, 12, 11, 10, 9, 8, 7, 6, 19, 32, 31, 30, 17, 4, 3, 2, 1, 0]
[00:00:02:04:164] ! Bidirectional. expansions: 44,405, time: 124,161 [ms], path length: 90 [edges], g_F: 50, g_B: 40, generated: 66,725, MM: 10, MMPER: 9.989010989010989%
[00:00:02:04:166] 
---------- mazes/13x13_maze_with_1_open_diamonds_4 ----------
[00:00:00:33:467] Expansion 10,000: state None, f=97, g=59
[00:00:00:55:806] Expansion 20,000: state None, f=95, g=25
[00:00:01:14:964] Expansion 30,000: state None, f=93, g=51
[00:00:01:23:656] Path of length 92 found: [0, 1, 2, 3, 4, 17, 30, 31, 32, 19, 6, 7, 8, 9, 10, 11, 12, 25, 38, 37, 36, 49, 62, 61, 60, 59, 58, 57, 56, 55, 54, 41, 28, 27, 26, 39, 52, 65, 78, 79, 80, 81, 82, 83, 84, 85, 86, 87, 88, 89, 90, 103, 116, 115, 114, 113, 112, 111, 110, 109, 108, 107, 106, 119, 132, 131, 130, 143, 156, 157, 158, 159, 160, 147, 134, 133, 120, 121, 122, 123, 136, 137, 150, 163, 164, 165, 152, 139, 140, 141, 142, 155, 168]
[00:00:01:23:658] ! Unidirectional s-t. expansions: 33,578, time: 83,656 [ms], path length: 92 [edges], generated: 51,823
[00:00:00:31:900] Expansion 10,000: state None, f=101, g=32
[00:00:00:55:951] Expansion 20,000: state None, f=99, g=33
[00:00:01:17:759] Expansion 30,000: state None, f=97, g=50
[00:00:01:38:689] Expansion 40,000: state None, f=96, g=45
[00:00:02:00:280] Expansion 50,000: state None, f=95, g=38
[00:00:02:19:321] Expansion 60,000: state None, f=94, g=63
[00:00:02:40:351] Expansion 70,000: state None, f=93, g=77
[00:00:03:01:917] Expansion 80,000: state None, f=93, g=34
[00:00:03:08:258] Path of length 92 found: [168, 167, 166, 165, 152, 139, 140, 141, 142, 129, 116, 103, 90, 89, 88, 87, 74, 61, 62, 63, 64, 51, 38, 25, 12, 11, 10, 9, 8, 7, 6, 19, 32, 45, 58, 71, 84, 85, 86, 99, 112, 111, 110, 123, 136, 137, 150, 163, 162, 161, 160, 159, 158, 157, 156, 143, 130, 131, 132, 119, 106, 107, 120, 133, 134, 135, 122, 109, 108, 95, 82, 81, 80, 79, 78, 65, 52, 39, 26, 27, 28, 41, 54, 55, 56, 43, 30, 17, 4, 3, 2, 1, 0]
[00:00:03:08:260] ! Unidirectional t-s. expansions: 82,439, time: 188,258 [ms], path length: 92 [edges], generated: 118,601
[00:00:01:04:160] Expansion 20,000: f=99, g=44
[00:00:01:54:638] Expansion 40,000: f=96, g=40
[00:00:02:46:227] Expansion 60,000: f=94, g=17
[00:00:03:37:645] Expansion 80,000: f=92, g=39
[00:00:04:06:403] Path of length 92 found: [0, 1, 2, 3, 4, 17, 30, 31, 32, 19, 6, 7, 8, 9, 10, 11, 12, 25, 38, 37, 36, 49, 62, 61, 60, 59, 58, 57, 56, 55, 54, 41, 28, 27, 26, 39, 52, 65, 78, 79, 92, 105, 106, 107, 120, 121, 122, 109, 108, 95, 82, 83, 84, 85, 86, 87, 88, 89, 90, 103, 116, 115, 114, 113, 112, 111, 110, 123, 136, 135, 134, 133, 132, 131, 130, 143, 156, 157, 158, 159, 160, 161, 162, 163, 164, 165, 152, 139, 140, 141, 142, 155, 168]
[00:00:04:06:407] ! Bidirectional. expansions: 90,131, time: 246,403 [ms], path length: 92 [edges], g_F: 41, g_B: 51, generated: 130,932, MM: 10, MMPER: 9.75268817204301%
[00:00:04:06:409] 
---------- mazes/13x13_maze_with_1_open_diamonds_5 ----------
[00:00:00:22:785] Expansion 10,000: state None, f=98, g=46
[00:00:01:04:139] Expansion 20,000: state None, f=95, g=60
[00:00:01:25:059] Expansion 30,000: state None, f=93, g=71
[00:00:01:41:204] Path of length 92 found: [0, 1, 2, 3, 4, 17, 30, 31, 32, 19, 6, 7, 8, 9, 10, 11, 12, 25, 38, 37, 36, 49, 62, 61, 60, 59, 58, 57, 56, 55, 54, 41, 28, 27, 26, 39, 52, 65, 78, 79, 80, 81, 82, 83, 84, 85, 86, 87, 88, 89, 90, 103, 116, 115, 114, 113, 112, 111, 110, 109, 108, 107, 106, 105, 118, 131, 130, 143, 156, 157, 158, 159, 146, 133, 132, 119, 120, 121, 122, 135, 136, 137, 150, 163, 164, 165, 152, 139, 140, 141, 142, 155, 168]
[00:00:01:41:206] ! Unidirectional s-t. expansions: 36,899, time: 101,204 [ms], path length: 92 [edges], generated: 55,900
[00:00:00:32:732] Expansion 10,000: state None, f=100, g=50
[00:00:00:55:631] Expansion 20,000: state None, f=98, g=49
[00:00:01:18:875] Expansion 30,000: state None, f=97, g=24
[00:00:01:40:622] Expansion 40,000: state None, f=96, g=31
[00:00:02:02:729] Expansion 50,000: state None, f=95, g=17
[00:00:02:22:557] Expansion 60,000: state None, f=94, g=42
[00:00:02:45:299] Expansion 70,000: state None, f=93, g=50
[00:00:03:02:872] Path of length 92 found: [168, 167, 166, 165, 152, 139, 140, 141, 142, 129, 116, 103, 90, 89, 88, 87, 74, 61, 62, 63, 64, 51, 38, 25, 12, 11, 10, 9, 8, 7, 6, 19, 32, 45, 58, 71, 84, 85, 86, 99, 112, 111, 110, 109, 122, 135, 136, 137, 150, 163, 162, 161, 160, 159, 158, 157, 156, 143, 130, 131, 118, 105, 106, 119, 132, 133, 134, 121, 108, 107, 94, 81, 80, 79, 78, 65, 52, 39, 26, 27, 28, 41, 54, 55, 56, 43, 30, 17, 4, 3, 2, 1, 0]
[00:00:03:02:875] ! Unidirectional t-s. expansions: 77,684, time: 182,873 [ms], path length: 92 [edges], generated: 112,634
[00:00:01:06:567] Expansion 20,000: f=99, g=35
[00:00:01:58:382] Expansion 40,000: f=96, g=33
[00:00:02:50:471] Expansion 60,000: f=94, g=32
[00:00:03:41:321] Expansion 80,000: f=92, g=26
[00:00:04:20:459] Path of length 92 found: [0, 1, 2, 3, 4, 17, 30, 31, 32, 19, 6, 7, 8, 9, 10, 11, 12, 25, 38, 37, 36, 49, 62, 61, 60, 59, 58, 57, 56, 55, 54, 41, 28, 27, 26, 39, 52, 65, 78, 79, 92, 105, 106, 119, 120, 121, 108, 107, 94, 81, 82, 83, 84, 85, 86, 87, 88, 89, 90, 103, 116, 115, 114, 113, 112, 111, 110, 109, 122, 135, 134, 133, 132, 131, 130, 143, 156, 157, 158, 159, 160, 161, 162, 163, 164, 165, 152, 139, 140, 141, 142, 155, 168]
[00:00:04:20:474] ! Bidirectional. expansions: 94,093, time: 260,470 [ms], path length: 92 [edges], g_F: 41, g_B: 51, generated: 136,532, MM: 10, MMPER: 9.75268817204301%
[00:00:04:20:475] 
---------- mazes/13x13_maze_with_1_open_diamonds_6 ----------
[00:00:00:43:386] Expansion 10,000: state None, f=95, g=31
[00:00:01:02:054] Path of length 92 found: [0, 1, 2, 3, 4, 17, 30, 43, 56, 55, 54, 41, 28, 27, 26, 39, 52, 65, 78, 79, 80, 81, 82, 83, 84, 71, 58, 45, 32, 19, 6, 7, 8, 9, 10, 11, 12, 25, 38, 51, 64, 63, 62, 49, 36, 35, 34, 47, 60, 59, 72, 85, 86, 73, 74, 87, 88, 89, 90, 103, 116, 115, 114, 113, 112, 111, 110, 109, 122, 135, 134, 133, 132, 131, 130, 143, 156, 157, 158, 159, 160, 161, 162, 163, 164, 165, 152, 139, 140, 141, 142, 155, 168]
[00:00:01:02:058] ! Unidirectional s-t. expansions: 19,096, time: 62,054 [ms], path length: 92 [edges], generated: 28,635
[00:00:00:18:689] Path of length 92 found: [168, 155, 142, 141, 140, 139, 152, 165, 164, 163, 162, 161, 160, 159, 158, 157, 156, 143, 130, 131, 132, 133, 134, 135, 122, 109, 110, 111, 112, 113, 114, 115, 116, 103, 90, 89, 88, 75, 74, 87, 86, 73, 60, 47, 34, 35, 36, 49, 62, 63, 64, 51, 38, 25, 12, 11, 10, 9, 8, 7, 6, 19, 32, 45, 58, 59, 72, 85, 84, 83, 82, 81, 80, 79, 78, 65, 52, 39, 26, 27, 28, 41, 54, 55, 56, 43, 30, 17, 4, 3, 2, 1, 0]
[00:00:00:18:692] ! Unidirectional t-s. expansions: 7,299, time: 18,689 [ms], path length: 92 [edges], generated: 10,743
[00:00:00:52:891] Expansion 20,000: f=91, g=34
[00:00:00:55:477] Path of length 92 found: [168, 155, 142, 141, 140, 139, 152, 165, 164, 163, 162, 161, 160, 159, 158, 157, 156, 143, 130, 131, 132, 133, 134, 135, 122, 109, 110, 111, 112, 113, 114, 115, 116, 103, 90, 89, 88, 75, 74, 87, 86, 85, 72, 73, 60, 47, 34, 35, 36, 49, 62, 63, 64, 51, 38, 25, 12, 11, 10, 9, 8, 7, 6, 19, 32, 45, 58, 71, 84, 83, 82, 81, 80, 79, 78, 65, 52, 39, 26, 27, 28, 41, 54, 55, 56, 43, 30, 17, 4, 3, 2, 1, 0]
[00:00:00:55:482] ! Bidirectional. expansions: 20,895, time: 55,479 [ms], path length: 92 [edges], g_F: 43, g_B: 49, generated: 32,347, MM: 6, MMPER: 5.451612903225806%
[00:00:00:55:485] 
---------- mazes/13x13_maze_with_1_open_diamonds_7 ----------
[00:00:00:27:225] Expansion 10,000: state None, f=97, g=44
[00:00:00:49:867] Expansion 20,000: state None, f=95, g=19
[00:00:00:51:190] Path of length 94 found: [0, 1, 2, 3, 4, 17, 30, 31, 32, 19, 6, 7, 8, 9, 10, 11, 12, 25, 38, 51, 64, 63, 62, 49, 36, 35, 34, 21, 20, 33, 46, 47, 60, 61, 74, 87, 88, 89, 90, 103, 116, 115, 114, 113, 112, 99, 86, 85, 84, 71, 58, 57, 56, 55, 54, 41, 28, 27, 26, 39, 52, 65, 78, 79, 92, 105, 106, 107, 108, 109, 122, 135, 134, 133, 132, 131, 130, 143, 156, 157, 158, 159, 160, 161, 162, 163, 164, 165, 152, 139, 140, 141, 142, 155, 168]
[00:00:00:51:193] ! Unidirectional s-t. expansions: 20,475, time: 51,190 [ms], path length: 94 [edges], generated: 28,904
[00:00:00:02:603] Path of length 94 found: [168, 155, 142, 141, 140, 139, 152, 165, 164, 163, 162, 161, 160, 159, 158, 157, 156, 143, 130, 131, 132, 133, 134, 135, 122, 109, 108, 107, 106, 105, 92, 79, 78, 65, 52, 39, 26, 27, 28, 41, 54, 55, 56, 57, 58, 71, 84, 85, 86, 99, 112, 113, 114, 115, 116, 103, 90, 89, 88, 87, 74, 61, 60, 59, 46, 47, 34, 35, 36, 49, 62, 63, 64, 51, 38, 25, 12, 11, 10, 9, 8, 21, 20, 7, 6, 19, 32, 31, 30, 17, 4, 3, 2, 1, 0]
[00:00:00:02:603] ! Unidirectional t-s. expansions: 1,663, time: 2,603 [ms], path length: 94 [edges], generated: 2,602
[00:00:00:46:728] Path of length 94 found: [168, 155, 142, 141, 140, 139, 152, 165, 164, 163, 162, 161, 160, 159, 158, 157, 156, 143, 130, 131, 132, 133, 134, 135, 122, 109, 108, 107, 106, 105, 92, 79, 78, 65, 52, 39, 26, 27, 28, 41, 54, 55, 56, 57, 58, 71, 84, 85, 86, 99, 112, 113, 114, 115, 116, 103, 90, 89, 88, 87, 74, 61, 60, 47, 46, 33, 20, 21, 34, 35, 36, 49, 62, 63, 64, 51, 38, 25, 12, 11, 10, 9, 8, 7, 6, 19, 32, 31, 30, 17, 4, 3, 2, 1, 0]
[00:00:00:46:737] ! Bidirectional. expansions: 17,115, time: 46,729 [ms], path length: 94 [edges], g_F: 44, g_B: 50, generated: 24,388, MM: 6, MMPER: 5.315789473684211%
[00:00:00:46:741] 
---------- mazes/13x13_maze_with_1_open_diamonds_8 ----------
[00:00:00:26:756] Expansion 10,000: state None, f=97, g=44
[00:00:00:49:241] Expansion 20,000: state None, f=95, g=19
[00:00:00:50:563] Path of length 94 found: [0, 1, 2, 3, 4, 17, 30, 31, 32, 19, 6, 7, 8, 9, 10, 11, 12, 25, 38, 51, 64, 63, 62, 49, 36, 35, 34, 21, 20, 33, 46, 47, 60, 61, 74, 87, 88, 89, 90, 103, 116, 115, 114, 113, 112, 99, 86, 85, 84, 71, 58, 57, 56, 55, 54, 41, 28, 27, 26, 39, 52, 65, 78, 79, 92, 105, 106, 107, 108, 109, 122, 135, 134, 133, 132, 131, 130, 143, 156, 157, 158, 159, 160, 161, 162, 163, 164, 165, 152, 139, 140, 141, 142, 155, 168]
[00:00:00:50:564] ! Unidirectional s-t. expansions: 20,475, time: 50,563 [ms], path length: 94 [edges], generated: 28,904
[00:00:00:02:556] Path of length 94 found: [168, 155, 142, 141, 140, 139, 152, 165, 164, 163, 162, 161, 160, 159, 158, 157, 156, 143, 130, 131, 132, 133, 134, 135, 122, 109, 108, 107, 106, 105, 92, 79, 78, 65, 52, 39, 26, 27, 28, 41, 54, 55, 56, 57, 58, 71, 84, 85, 86, 99, 112, 113, 114, 115, 116, 103, 90, 89, 88, 87, 74, 61, 60, 59, 46, 47, 34, 35, 36, 49, 62, 63, 64, 51, 38, 25, 12, 11, 10, 9, 8, 21, 20, 7, 6, 19, 32, 31, 30, 17, 4, 3, 2, 1, 0]
[00:00:00:02:557] ! Unidirectional t-s. expansions: 1,663, time: 2,556 [ms], path length: 94 [edges], generated: 2,602
[00:00:00:46:423] Path of length 94 found: [168, 155, 142, 141, 140, 139, 152, 165, 164, 163, 162, 161, 160, 159, 158, 157, 156, 143, 130, 131, 132, 133, 134, 135, 122, 109, 108, 107, 106, 105, 92, 79, 78, 65, 52, 39, 26, 27, 28, 41, 54, 55, 56, 57, 58, 71, 84, 85, 86, 99, 112, 113, 114, 115, 116, 103, 90, 89, 88, 87, 74, 61, 60, 47, 46, 33, 20, 21, 34, 35, 36, 49, 62, 63, 64, 51, 38, 25, 12, 11, 10, 9, 8, 7, 6, 19, 32, 31, 30, 17, 4, 3, 2, 1, 0]
[00:00:00:46:427] ! Bidirectional. expansions: 17,115, time: 46,423 [ms], path length: 94 [edges], g_F: 44, g_B: 50, generated: 24,388, MM: 6, MMPER: 5.315789473684211%
[00:00:00:46:429] 
---------- mazes/13x13_maze_with_1_open_diamonds_9 ----------
[00:00:00:26:614] Expansion 10,000: state None, f=96, g=74
[00:00:00:45:420] Expansion 20,000: state None, f=95, g=42
[00:00:01:00:482] Expansion 30,000: state None, f=94, g=57
[00:00:01:16:965] Expansion 40,000: state None, f=93, g=60
[00:00:01:31:461] Path of length 92 found: [0, 1, 2, 3, 4, 17, 30, 31, 32, 19, 6, 7, 8, 9, 10, 11, 12, 25, 38, 37, 36, 49, 62, 61, 74, 87, 88, 89, 90, 103, 116, 115, 114, 113, 126, 125, 112, 111, 98, 99, 86, 85, 84, 71, 58, 57, 56, 55, 54, 41, 28, 27, 26, 39, 52, 65, 78, 79, 92, 105, 106, 107, 108, 109, 110, 123, 124, 137, 136, 135, 134, 133, 132, 131, 130, 143, 156, 157, 158, 159, 160, 161, 162, 163, 164, 165, 152, 139, 140, 141, 142, 155, 168]
[00:00:01:31:463] ! Unidirectional s-t. expansions: 46,531, time: 91,461 [ms], path length: 92 [edges], generated: 70,258
[00:00:00:29:436] Expansion 10,000: state None, f=105, g=30
[00:00:00:50:553] Expansion 20,000: state None, f=103, g=54
[00:00:01:10:100] Expansion 30,000: state None, f=102, g=42
[00:00:01:32:404] Expansion 40,000: state None, f=101, g=48
[00:00:01:52:845] Expansion 50,000: state None, f=100, g=42
[00:00:02:12:034] Expansion 60,000: state None, f=99, g=56
[00:00:02:32:727] Expansion 70,000: state None, f=98, g=59
[00:00:02:54:213] Expansion 80,000: state None, f=98, g=36
[00:00:03:12:452] Expansion 90,000: state None, f=97, g=53
[00:00:03:29:637] Expansion 100,000: state None, f=96, g=57
[00:00:03:48:017] Expansion 110,000: state None, f=96, g=49
[00:00:04:07:172] Expansion 120,000: state None, f=95, g=69
[00:00:04:25:916] Expansion 130,000: state None, f=95, g=51
[00:00:04:43:701] Expansion 140,000: state None, f=94, g=75
[00:00:04:56:176] Expansion 150,000: state None, f=94, g=65
[00:00:05:11:463] Expansion 160,000: state None, f=94, g=60
[00:00:05:36:374] Expansion 170,000: state None, f=94, g=32
[00:00:05:51:612] Expansion 180,000: state None, f=93, g=63
[00:00:06:07:352] Expansion 190,000: state None, f=93, g=50
[00:00:06:26:968] Path of length 92 found: [168, 155, 142, 141, 140, 139, 152, 165, 164, 163, 162, 161, 160, 159, 158, 157, 156, 143, 130, 131, 132, 133, 134, 135, 122, 109, 110, 123, 136, 137, 138, 125, 124, 111, 98, 85, 86, 99, 112, 113, 114, 115, 116, 103, 90, 89, 88, 87, 74, 61, 62, 63, 64, 51, 38, 25, 12, 11, 10, 9, 8, 7, 6, 19, 32, 45, 58, 71, 84, 83, 82, 81, 80, 79, 78, 65, 52, 39, 26, 27, 28, 41, 54, 55, 56, 43, 30, 17, 4, 3, 2, 1, 0]
[00:00:06:26:971] ! Unidirectional t-s. expansions: 198,275, time: 386,970 [ms], path length: 92 [edges], generated: 276,295
[00:00:01:15:107] Expansion 20,000: f=103, g=49
[00:00:02:04:517] Expansion 40,000: f=100, g=43
[00:00:02:53:230] Expansion 60,000: f=98, g=33
[00:00:03:42:972] Expansion 80,000: f=95, g=46
[00:00:04:35:325] Expansion 100,000: f=93, g=34
[00:00:05:30:040] Expansion 120,000: f=90, g=43
[00:00:06:21:602] Expansion 140,000: f=89, g=28
[00:00:06:29:336] Path of length 92 found: [0, 1, 2, 3, 4, 17, 30, 31, 32, 19, 6, 7, 8, 9, 10, 11, 12, 25, 38, 37, 36, 49, 62, 61, 60, 59, 58, 57, 56, 55, 54, 41, 28, 27, 26, 39, 52, 65, 78, 79, 92, 105, 106, 107, 108, 109, 110, 123, 124, 111, 112, 99, 98, 85, 86, 87, 88, 89, 90, 103, 116, 115, 114, 113, 126, 125, 138, 137, 136, 135, 134, 133, 132, 131, 130, 143, 156, 157, 158, 159, 160, 161, 162, 163, 164, 165, 152, 139, 140, 141, 142, 155, 168]
[00:00:06:29:344] ! Bidirectional. expansions: 142,516, time: 389,340 [ms], path length: 92 [edges], g_F: 38, g_B: 54, generated: 202,647, MM: 16, MMPER: 16.204301075268816%
[00:00:06:29:350] average expansions: (30,949, 55,400, 59,904, 0)
[00:00:06:29:356] average time: (76,903, 119,198, 162,451, 0)
[00:00:06:29:362] XA*: 30,949 , 76,903 (expansions , time[ms])
[00:00:06:29:368] XMM: 59,904 , 162,451 (expansions , time[ms])

