--------------------------
date: mazes
number_of_graphs: 10
graph_type: maze
size_of_graphs: [13, 13]
heuristic: bcc_heuristic
snake: False
run_uni: True
run_bi: True
run_multi: False
solution_vertices: []
algorithms: ['DFBnB']
lookahead: 1
bsd: False
cube_first_dims: 4
cube_buffer_dim: None
backward_sym_generation: False
sym_coil: False
prefix_set: None

---------- mazes/13x13_maze_with_1_open_diamonds_0 ----------
[00:00:01:34:329] Path of length 92 found: [0, 1, 2, 3, 4, 17, 30, 31, 32, 19, 6, 7, 8, 9, 10, 11, 12, 25, 38, 37, 36, 49, 62, 61, 60, 59, 58, 57, 56, 55, 54, 41, 28, 27, 26, 39, 52, 65, 78, 79, 80, 81, 82, 83, 84, 85, 86, 87, 88, 89, 90, 103, 116, 115, 114, 113, 112, 111, 110, 109, 108, 107, 106, 105, 118, 131, 130, 143, 156, 157, 158, 159, 146, 145, 132, 119, 120, 133, 134, 135, 136, 137, 150, 163, 164, 165, 152, 139, 140, 141, 142, 155, 168]
[00:00:01:34:330] ! Unidirectional s-t. expansions: 46,642, time: 94,329 [ms], path length: 92 [edges], generated: 69,372
[00:00:04:50:931] Valid states checked so far: 200,000, Expansions: 141,564, Global best: 93
[00:00:06:42:058] Path of length 92 found: [168, 155, 142, 141, 140, 139, 152, 165, 164, 163, 150, 137, 136, 135, 134, 133, 120, 119, 132, 145, 146, 159, 158, 157, 156, 143, 130, 131, 118, 105, 106, 107, 108, 109, 110, 111, 112, 113, 114, 115, 116, 103, 90, 89, 88, 87, 86, 85, 84, 83, 82, 81, 80, 79, 78, 65, 52, 39, 26, 27, 28, 41, 54, 55, 56, 57, 58, 59, 60, 61, 62, 63, 64, 51, 38, 25, 12, 11, 10, 9, 8, 7, 6, 19, 32, 31, 30, 17, 4, 3, 2, 1, 0]
[00:00:06:42:059] ! Unidirectional t-s. expansions: 193,448, time: 402,058 [ms], path length: 92 [edges], generated: 273,187
[00:00:00:00:001] Expansions: 0. Checks - state_vs_state: 0, state_vs_prefix: 0, prefix_vs_prefix: 1
[00:00:07:25:909] Expansions: 100,000. Checks - state_vs_state: 0, state_vs_prefix: 0, prefix_vs_prefix: 415,052
[00:00:07:25:910] Expansions: 100,000. Checks - state_vs_state: 0, state_vs_prefix: 0, prefix_vs_prefix: 415,053
[00:00:07:25:910] Expansions: 100,000. Checks - state_vs_state: 0, state_vs_prefix: 0, prefix_vs_prefix: 415,054
[00:00:07:25:912] Expansions: 100,000. Checks - state_vs_state: 0, state_vs_prefix: 0, prefix_vs_prefix: 415,055
[00:00:07:25:912] Expansions: 100,000. Checks - state_vs_state: 0, state_vs_prefix: 0, prefix_vs_prefix: 415,056
[00:00:12:46:742] Path of length 92 found: [0, 1, 2, 3, 4, 17, 30, 31, 32, 19, 6, 7, 8, 9, 10, 11, 12, 25, 38, 51, 64, 63, 62, 61, 60, 59, 58, 57, 56, 55, 54, 41, 28, 27, 26, 39, 52, 65, 78, 79, 80, 81, 82, 83, 84, 85, 86, 87, 88, 89, 90, 103, 116, 115, 114, 113, 112, 111, 110, 109, 108, 107, 106, 105, 118, 131, 130, 143, 156, 157, 158, 159, 146, 145, 132, 119, 120, 133, 134, 135, 136, 137, 150, 163, 164, 165, 152, 139, 140, 141, 142, 155, 168]
[00:00:12:46:744] ! Bidirectional. expansions: 171,072, time: 766,742 [ms], path length: 92 [edges], g_F: 10, g_B: 82, generated: {'F': 47,207, 'B': 202,878}, MM: 72, MMPER: 76.41935483870968%
[00:00:12:46:744] 
---------- mazes/13x13_maze_with_1_open_diamonds_1 ----------
[00:00:02:22:051] Path of length 90 found: [0, 13, 26, 39, 52, 53, 54, 41, 28, 15, 2, 3, 4, 17, 16, 29, 30, 43, 42, 55, 56, 57, 58, 45, 32, 19, 6, 7, 8, 9, 10, 11, 12, 25, 38, 37, 36, 49, 62, 61, 74, 87, 88, 89, 90, 103, 116, 115, 114, 113, 112, 99, 86, 85, 84, 83, 82, 81, 80, 79, 92, 105, 106, 107, 108, 109, 122, 135, 134, 133, 132, 131, 130, 143, 156, 157, 158, 159, 160, 161, 162, 163, 164, 165, 152, 139, 140, 141, 142, 155, 168]
[00:00:02:22:051] ! Unidirectional s-t. expansions: 69,255, time: 142,051 [ms], path length: 90 [edges], generated: 93,477
[00:00:00:04:328] Path of length 90 found: [168, 155, 142, 141, 140, 139, 152, 165, 164, 163, 162, 161, 160, 159, 158, 157, 156, 143, 130, 131, 132, 133, 134, 135, 122, 109, 108, 107, 106, 105, 92, 79, 80, 81, 82, 83, 84, 85, 86, 99, 112, 113, 114, 115, 116, 103, 90, 89, 88, 87, 74, 61, 62, 63, 64, 51, 38, 25, 12, 11, 10, 9, 8, 7, 6, 19, 32, 45, 58, 57, 56, 43, 30, 17, 4, 3, 2, 15, 16, 29, 28, 41, 42, 55, 54, 53, 52, 39, 26, 13, 0]
[00:00:00:04:329] ! Unidirectional t-s. expansions: 2,432, time: 4,328 [ms], path length: 90 [edges], generated: 3,756
[00:00:00:00:001] Expansions: 0. Checks - state_vs_state: 0, state_vs_prefix: 0, prefix_vs_prefix: 1
[00:00:07:04:678] Path of length 90 found: [0, 13, 26, 39, 52, 53, 54, 41, 28, 15, 2, 3, 4, 17, 16, 29, 30, 43, 42, 55, 56, 57, 58, 45, 32, 19, 6, 7, 8, 9, 10, 11, 12, 25, 38, 51, 64, 63, 62, 61, 74, 87, 88, 89, 90, 103, 116, 115, 114, 113, 112, 99, 86, 85, 84, 83, 82, 81, 80, 79, 92, 105, 106, 107, 108, 109, 122, 135, 134, 133, 132, 131, 130, 143, 156, 157, 158, 159, 160, 161, 162, 163, 164, 165, 152, 139, 140, 141, 142, 155, 168]
[00:00:07:04:679] ! Bidirectional. expansions: 93,788, time: 424,679 [ms], path length: 90 [edges], g_F: 26, g_B: 64, generated: {'F': 75,918, 'B': 49,540}, MM: 38, MMPER: 40.75824175824176%
[00:00:07:04:679] 
---------- mazes/13x13_maze_with_1_open_diamonds_2 ----------
[00:00:01:18:802] Path of length 92 found: [0, 1, 2, 3, 4, 17, 30, 43, 56, 55, 54, 41, 28, 27, 26, 39, 52, 65, 78, 79, 80, 81, 82, 83, 70, 57, 58, 45, 32, 19, 6, 7, 8, 9, 10, 11, 12, 25, 38, 37, 36, 49, 62, 61, 60, 59, 72, 71, 84, 85, 98, 99, 86, 87, 88, 89, 90, 103, 116, 115, 114, 113, 112, 111, 110, 97, 96, 109, 122, 135, 134, 133, 132, 131, 130, 143, 156, 157, 158, 159, 160, 161, 162, 163, 164, 165, 152, 139, 140, 141, 142, 155, 168]
[00:00:01:18:803] ! Unidirectional s-t. expansions: 39,298, time: 78,802 [ms], path length: 92 [edges], generated: 58,863
[00:00:01:35:687] Path of length 92 found: [168, 155, 142, 141, 140, 139, 152, 165, 164, 163, 162, 161, 160, 159, 158, 157, 156, 143, 130, 131, 132, 133, 134, 135, 122, 109, 108, 107, 106, 105, 92, 79, 78, 65, 52, 39, 26, 27, 28, 41, 54, 55, 56, 57, 70, 83, 96, 97, 110, 111, 98, 99, 112, 113, 114, 115, 116, 103, 90, 89, 88, 87, 86, 85, 84, 71, 72, 59, 60, 61, 62, 63, 64, 51, 38, 25, 12, 11, 10, 9, 8, 7, 6, 19, 32, 31, 30, 17, 4, 3, 2, 1, 0]
[00:00:01:35:687] ! Unidirectional t-s. expansions: 56,093, time: 95,687 [ms], path length: 92 [edges], generated: 79,445
[00:00:00:00:001] Expansions: 0. Checks - state_vs_state: 0, state_vs_prefix: 0, prefix_vs_prefix: 1
[00:00:04:15:715] Path of length 92 found: [0, 1, 2, 3, 4, 17, 30, 43, 56, 55, 54, 41, 28, 27, 26, 39, 52, 65, 78, 79, 80, 81, 82, 83, 70, 57, 58, 45, 32, 19, 6, 7, 8, 9, 10, 11, 12, 25, 38, 51, 64, 63, 62, 61, 60, 59, 72, 71, 84, 85, 86, 87, 88, 89, 90, 103, 116, 115, 114, 113, 112, 99, 98, 111, 110, 97, 96, 109, 122, 135, 134, 133, 132, 131, 130, 143, 156, 157, 158, 159, 160, 161, 162, 163, 164, 165, 152, 139, 140, 141, 142, 155, 168]
[00:00:04:15:715] ! Bidirectional. expansions: 64,349, time: 255,715 [ms], path length: 92 [edges], g_F: 30, g_B: 62, generated: {'F': 55,124, 'B': 39,689}, MM: 32, MMPER: 33.40860215053763%
[00:00:04:15:716] 
---------- mazes/13x13_maze_with_1_open_diamonds_3 ----------
[00:00:00:46:801] Path of length 90 found: [0, 1, 2, 3, 4, 17, 30, 43, 56, 55, 54, 41, 28, 27, 26, 39, 52, 65, 78, 79, 80, 81, 82, 83, 84, 71, 58, 45, 32, 19, 6, 7, 8, 9, 10, 11, 12, 25, 38, 37, 36, 49, 62, 61, 74, 87, 86, 85, 98, 99, 100, 101, 88, 89, 90, 103, 102, 115, 116, 129, 142, 141, 140, 139, 126, 113, 112, 111, 110, 109, 122, 135, 134, 133, 132, 131, 130, 143, 156, 157, 158, 159, 160, 161, 162, 163, 164, 165, 166, 167, 168]
[00:00:00:46:801] ! Unidirectional s-t. expansions: 24,142, time: 46,801 [ms], path length: 90 [edges], generated: 37,033
[00:00:02:12:263] Path of length 90 found: [168, 167, 166, 165, 164, 163, 162, 161, 160, 159, 158, 157, 156, 143, 130, 131, 132, 133, 134, 135, 122, 109, 108, 107, 106, 105, 92, 79, 78, 65, 52, 39, 26, 27, 28, 41, 54, 55, 56, 57, 58, 71, 84, 85, 98, 111, 112, 99, 100, 113, 126, 139, 140, 141, 142, 129, 116, 103, 90, 89, 102, 115, 114, 101, 88, 87, 74, 61, 62, 63, 64, 51, 38, 25, 12, 11, 10, 9, 8, 7, 6, 19, 32, 31, 30, 17, 4, 3, 2, 1, 0]
[00:00:02:12:263] ! Unidirectional t-s. expansions: 73,434, time: 132,263 [ms], path length: 90 [edges], generated: 105,048
[00:00:00:00:001] Expansions: 0. Checks - state_vs_state: 0, state_vs_prefix: 0, prefix_vs_prefix: 1
[00:00:04:39:511] Path of length 90 found: [0, 1, 2, 3, 4, 17, 30, 43, 56, 55, 54, 41, 28, 27, 26, 39, 52, 65, 78, 79, 80, 81, 82, 83, 84, 71, 58, 45, 32, 19, 6, 7, 8, 9, 10, 11, 12, 25, 38, 51, 64, 63, 62, 61, 74, 87, 88, 101, 114, 115, 102, 89, 90, 103, 116, 129, 142, 141, 140, 139, 126, 113, 112, 99, 86, 85, 98, 111, 110, 109, 122, 135, 134, 133, 132, 131, 130, 143, 156, 157, 158, 159, 160, 161, 162, 163, 164, 165, 166, 167, 168]
[00:00:04:39:511] ! Bidirectional. expansions: 67,795, time: 279,511 [ms], path length: 90 [edges], g_F: 30, g_B: 60, generated: {'F': 21,171, 'B': 73,437}, MM: 30, MMPER: 31.967032967032964%
[00:00:04:39:512] 
---------- mazes/13x13_maze_with_1_open_diamonds_4 ----------
[00:00:01:28:476] Path of length 92 found: [0, 1, 2, 3, 4, 17, 30, 43, 56, 55, 54, 41, 28, 27, 26, 39, 52, 65, 78, 79, 80, 81, 82, 95, 108, 107, 106, 119, 132, 131, 130, 143, 156, 157, 158, 159, 160, 161, 162, 163, 150, 137, 136, 135, 134, 133, 120, 121, 122, 109, 110, 111, 112, 99, 86, 85, 84, 71, 58, 45, 32, 19, 6, 7, 8, 9, 10, 11, 12, 25, 38, 37, 36, 49, 62, 61, 74, 87, 88, 89, 90, 103, 116, 129, 142, 141, 140, 139, 152, 165, 166, 167, 168]
[00:00:01:28:477] ! Unidirectional s-t. expansions: 45,371, time: 88,476 [ms], path length: 92 [edges], generated: 69,074
[00:00:03:45:476] Path of length 92 found: [168, 167, 166, 165, 152, 139, 140, 141, 142, 129, 116, 103, 90, 89, 88, 87, 74, 61, 62, 63, 64, 51, 38, 25, 12, 11, 10, 9, 8, 7, 6, 19, 32, 45, 58, 71, 84, 85, 86, 99, 112, 111, 110, 109, 122, 123, 136, 137, 150, 163, 162, 161, 160, 159, 158, 157, 156, 143, 130, 131, 132, 119, 106, 107, 120, 133, 134, 121, 108, 95, 82, 81, 80, 79, 78, 65, 52, 39, 26, 27, 28, 41, 54, 55, 56, 43, 30, 17, 4, 3, 2, 1, 0]
[00:00:03:45:476] ! Unidirectional t-s. expansions: 114,947, time: 225,476 [ms], path length: 92 [edges], generated: 164,885
[00:00:00:00:001] Expansions: 0. Checks - state_vs_state: 0, state_vs_prefix: 0, prefix_vs_prefix: 1
[00:00:07:19:091] Expansions: 100,000. Checks - state_vs_state: 174, state_vs_prefix: 0, prefix_vs_prefix: 419,081
[00:00:07:19:092] Expansions: 100,000. Checks - state_vs_state: 174, state_vs_prefix: 0, prefix_vs_prefix: 419,082
[00:00:07:19:093] Expansions: 100,000. Checks - state_vs_state: 174, state_vs_prefix: 0, prefix_vs_prefix: 419,083
[00:00:07:19:095] Expansions: 100,000. Checks - state_vs_state: 174, state_vs_prefix: 0, prefix_vs_prefix: 419,084
[00:00:07:19:096] Expansions: 100,000. Checks - state_vs_state: 174, state_vs_prefix: 0, prefix_vs_prefix: 419,085
[00:00:09:02:744] Path of length 92 found: [0, 1, 2, 3, 4, 17, 30, 43, 56, 55, 54, 41, 28, 27, 26, 39, 52, 65, 78, 79, 80, 81, 82, 95, 108, 107, 106, 119, 132, 131, 130, 143, 156, 157, 158, 159, 160, 161, 162, 163, 150, 137, 136, 135, 134, 133, 120, 121, 122, 109, 110, 111, 112, 99, 86, 85, 84, 71, 58, 45, 32, 19, 6, 7, 8, 9, 10, 11, 12, 25, 38, 51, 64, 63, 62, 61, 74, 87, 88, 89, 90, 103, 116, 129, 142, 141, 140, 139, 152, 165, 166, 167, 168]
[00:00:09:02:745] ! Bidirectional. expansions: 120,717, time: 542,744 [ms], path length: 92 [edges], g_F: 62, g_B: 30, generated: {'F': 42,356, 'B': 134,815}, MM: 32, MMPER: 33.40860215053763%
[00:00:09:02:745] 
---------- mazes/13x13_maze_with_1_open_diamonds_5 ----------
[00:00:01:43:167] Path of length 92 found: [0, 1, 2, 3, 4, 17, 30, 43, 56, 55, 54, 41, 28, 27, 26, 39, 52, 65, 78, 79, 80, 81, 94, 107, 106, 105, 118, 131, 130, 143, 156, 157, 158, 159, 160, 161, 162, 163, 150, 137, 136, 135, 134, 133, 132, 119, 120, 121, 108, 109, 110, 111, 112, 99, 86, 85, 84, 71, 58, 45, 32, 19, 6, 7, 8, 9, 10, 11, 12, 25, 38, 37, 36, 49, 62, 61, 74, 87, 88, 89, 90, 103, 116, 129, 142, 141, 140, 139, 152, 165, 166, 167, 168]
[00:00:01:43:167] ! Unidirectional s-t. expansions: 50,100, time: 103,167 [ms], path length: 92 [edges], generated: 74,947
[00:00:03:40:161] Path of length 92 found: [168, 167, 166, 165, 152, 139, 140, 141, 142, 129, 116, 103, 90, 89, 88, 87, 74, 61, 62, 63, 64, 51, 38, 25, 12, 11, 10, 9, 8, 7, 6, 19, 32, 45, 58, 71, 84, 85, 86, 99, 112, 111, 110, 109, 108, 121, 122, 135, 136, 137, 150, 163, 162, 161, 160, 159, 158, 157, 156, 143, 130, 131, 118, 105, 106, 119, 132, 133, 120, 107, 94, 81, 80, 79, 78, 65, 52, 39, 26, 27, 28, 41, 54, 55, 56, 43, 30, 17, 4, 3, 2, 1, 0]
[00:00:03:40:162] ! Unidirectional t-s. expansions: 108,336, time: 220,162 [ms], path length: 92 [edges], generated: 156,535
[00:00:00:00:001] Expansions: 0. Checks - state_vs_state: 0, state_vs_prefix: 0, prefix_vs_prefix: 1
[00:00:07:01:397] Expansions: 100,000. Checks - state_vs_state: 168, state_vs_prefix: 0, prefix_vs_prefix: 413,286
[00:00:07:01:397] Expansions: 100,000. Checks - state_vs_state: 168, state_vs_prefix: 0, prefix_vs_prefix: 413,287
[00:00:07:01:398] Expansions: 100,000. Checks - state_vs_state: 168, state_vs_prefix: 0, prefix_vs_prefix: 413,288
[00:00:07:01:400] Expansions: 100,000. Checks - state_vs_state: 168, state_vs_prefix: 0, prefix_vs_prefix: 413,289
[00:00:07:01:400] Expansions: 100,000. Checks - state_vs_state: 168, state_vs_prefix: 0, prefix_vs_prefix: 413,290
[00:00:08:05:887] Path of length 92 found: [0, 1, 2, 3, 4, 17, 30, 43, 56, 55, 54, 41, 28, 27, 26, 39, 52, 65, 78, 79, 80, 81, 94, 107, 106, 105, 118, 131, 130, 143, 156, 157, 158, 159, 160, 161, 162, 163, 150, 137, 136, 135, 134, 133, 132, 119, 120, 121, 108, 109, 110, 111, 112, 99, 86, 85, 84, 71, 58, 45, 32, 19, 6, 7, 8, 9, 10, 11, 12, 25, 38, 51, 64, 63, 62, 61, 74, 87, 88, 89, 90, 103, 116, 129, 142, 141, 140, 139, 152, 165, 166, 167, 168]
[00:00:08:05:888] ! Bidirectional. expansions: 113,279, time: 485,887 [ms], path length: 92 [edges], g_F: 62, g_B: 30, generated: {'F': 42,530, 'B': 123,148}, MM: 32, MMPER: 33.40860215053763%
[00:00:08:05:888] 
---------- mazes/13x13_maze_with_1_open_diamonds_6 ----------
[00:00:00:46:737] Path of length 92 found: [0, 1, 2, 3, 4, 17, 30, 43, 56, 55, 54, 41, 28, 27, 26, 39, 52, 65, 78, 79, 80, 81, 82, 83, 84, 71, 58, 45, 32, 19, 6, 7, 8, 9, 10, 11, 12, 25, 38, 51, 64, 63, 62, 49, 36, 35, 34, 47, 60, 59, 72, 85, 86, 73, 74, 87, 88, 89, 90, 103, 116, 115, 114, 113, 112, 111, 110, 109, 122, 135, 134, 133, 132, 131, 130, 143, 156, 157, 158, 159, 160, 161, 162, 163, 164, 165, 152, 139, 140, 141, 142, 155, 168]
[00:00:00:46:738] ! Unidirectional s-t. expansions: 23,574, time: 46,738 [ms], path length: 92 [edges], generated: 34,724
[00:00:00:30:412] Path of length 92 found: [168, 155, 142, 141, 140, 139, 152, 165, 164, 163, 162, 161, 160, 159, 158, 157, 156, 143, 130, 131, 132, 133, 134, 135, 122, 109, 108, 107, 106, 105, 92, 79, 78, 65, 52, 39, 26, 27, 28, 41, 54, 55, 56, 57, 58, 71, 84, 85, 72, 73, 86, 99, 112, 113, 114, 115, 116, 103, 90, 89, 88, 87, 74, 61, 60, 47, 34, 35, 36, 49, 62, 63, 64, 51, 38, 25, 12, 11, 10, 9, 8, 7, 6, 19, 32, 31, 30, 17, 4, 3, 2, 1, 0]
[00:00:00:30:412] ! Unidirectional t-s. expansions: 18,264, time: 30,412 [ms], path length: 92 [edges], generated: 26,493
[00:00:00:00:001] Expansions: 0. Checks - state_vs_state: 0, state_vs_prefix: 0, prefix_vs_prefix: 1
[00:00:03:25:135] Path of length 92 found: [0, 1, 2, 3, 4, 17, 30, 43, 56, 55, 54, 41, 28, 27, 26, 39, 52, 65, 78, 79, 80, 81, 82, 83, 84, 71, 58, 45, 32, 19, 6, 7, 8, 9, 10, 11, 12, 25, 38, 51, 64, 63, 62, 49, 36, 35, 34, 47, 60, 59, 72, 85, 86, 87, 74, 75, 88, 89, 90, 103, 116, 115, 114, 113, 112, 111, 110, 109, 122, 135, 134, 133, 132, 131, 130, 143, 156, 157, 158, 159, 160, 161, 162, 163, 164, 165, 152, 139, 140, 141, 142, 155, 168]
[00:00:03:25:136] ! Bidirectional. expansions: 48,382, time: 205,135 [ms], path length: 92 [edges], g_F: 44, g_B: 48, generated: {'F': 57,673, 'B': 11,566}, MM: 4, MMPER: 3.301075268817204%
[00:00:03:25:136] 
---------- mazes/13x13_maze_with_1_open_diamonds_7 ----------
[00:00:01:01:500] Path of length 94 found: [0, 1, 2, 3, 4, 17, 30, 31, 32, 19, 6, 7, 20, 21, 8, 9, 10, 11, 12, 25, 38, 51, 64, 63, 62, 49, 36, 35, 34, 33, 46, 47, 60, 61, 74, 87, 88, 89, 90, 103, 116, 115, 114, 113, 112, 99, 86, 85, 84, 71, 58, 57, 56, 55, 54, 41, 28, 27, 26, 39, 52, 65, 78, 79, 92, 105, 106, 107, 108, 109, 122, 135, 134, 133, 132, 131, 130, 143, 156, 157, 158, 159, 160, 161, 162, 163, 164, 165, 152, 139, 140, 141, 142, 155, 168]
[00:00:01:01:501] ! Unidirectional s-t. expansions: 30,636, time: 61,500 [ms], path length: 94 [edges], generated: 42,639
[00:00:00:09:651] Path of length 94 found: [168, 155, 142, 141, 140, 139, 152, 165, 164, 163, 162, 161, 160, 159, 158, 157, 156, 143, 130, 131, 132, 133, 134, 135, 122, 109, 108, 107, 106, 105, 92, 79, 78, 65, 52, 39, 26, 27, 28, 41, 54, 55, 56, 57, 58, 71, 84, 85, 86, 99, 112, 113, 114, 115, 116, 103, 90, 89, 88, 87, 74, 61, 60, 59, 46, 47, 34, 35, 36, 49, 62, 63, 64, 51, 38, 25, 12, 11, 10, 9, 8, 21, 20, 7, 6, 19, 32, 31, 30, 17, 4, 3, 2, 1, 0]
[00:00:00:09:652] ! Unidirectional t-s. expansions: 6,520, time: 9,651 [ms], path length: 94 [edges], generated: 10,752
[00:00:00:00:001] Expansions: 0. Checks - state_vs_state: 0, state_vs_prefix: 0, prefix_vs_prefix: 1
[00:00:05:19:606] Path of length 94 found: [0, 1, 2, 3, 4, 17, 30, 31, 32, 19, 6, 7, 20, 21, 8, 9, 10, 11, 12, 25, 38, 51, 64, 63, 62, 49, 36, 35, 34, 33, 46, 47, 60, 61, 74, 87, 88, 89, 90, 103, 116, 115, 114, 113, 112, 99, 86, 85, 84, 71, 58, 57, 56, 55, 54, 41, 28, 27, 26, 39, 52, 65, 78, 79, 92, 105, 106, 107, 108, 109, 122, 135, 134, 133, 132, 131, 130, 143, 156, 157, 158, 159, 160, 161, 162, 163, 164, 165, 152, 139, 140, 141, 142, 155, 168]
[00:00:05:19:607] ! Bidirectional. expansions: 71,807, time: 319,606 [ms], path length: 94 [edges], g_F: 60, g_B: 34, generated: {'F': 87,578, 'B': 10,828}, MM: 26, MMPER: 26.36842105263158%
[00:00:05:19:607] 
---------- mazes/13x13_maze_with_1_open_diamonds_8 ----------
[00:00:01:01:611] Path of length 94 found: [0, 1, 2, 3, 4, 17, 30, 31, 32, 19, 6, 7, 20, 21, 8, 9, 10, 11, 12, 25, 38, 51, 64, 63, 62, 49, 36, 35, 34, 33, 46, 47, 60, 61, 74, 87, 88, 89, 90, 103, 116, 115, 114, 113, 112, 99, 86, 85, 84, 71, 58, 57, 56, 55, 54, 41, 28, 27, 26, 39, 52, 65, 78, 79, 92, 105, 106, 107, 108, 109, 122, 135, 134, 133, 132, 131, 130, 143, 156, 157, 158, 159, 160, 161, 162, 163, 164, 165, 152, 139, 140, 141, 142, 155, 168]
[00:00:01:01:612] ! Unidirectional s-t. expansions: 30,636, time: 61,612 [ms], path length: 94 [edges], generated: 42,639
[00:00:00:09:692] Path of length 94 found: [168, 155, 142, 141, 140, 139, 152, 165, 164, 163, 162, 161, 160, 159, 158, 157, 156, 143, 130, 131, 132, 133, 134, 135, 122, 109, 108, 107, 106, 105, 92, 79, 78, 65, 52, 39, 26, 27, 28, 41, 54, 55, 56, 57, 58, 71, 84, 85, 86, 99, 112, 113, 114, 115, 116, 103, 90, 89, 88, 87, 74, 61, 60, 59, 46, 47, 34, 35, 36, 49, 62, 63, 64, 51, 38, 25, 12, 11, 10, 9, 8, 21, 20, 7, 6, 19, 32, 31, 30, 17, 4, 3, 2, 1, 0]
[00:00:00:09:693] ! Unidirectional t-s. expansions: 6,520, time: 9,692 [ms], path length: 94 [edges], generated: 10,752
[00:00:00:00:001] Expansions: 0. Checks - state_vs_state: 0, state_vs_prefix: 0, prefix_vs_prefix: 1
[00:00:05:21:134] Path of length 94 found: [0, 1, 2, 3, 4, 17, 30, 31, 32, 19, 6, 7, 20, 21, 8, 9, 10, 11, 12, 25, 38, 51, 64, 63, 62, 49, 36, 35, 34, 33, 46, 47, 60, 61, 74, 87, 88, 89, 90, 103, 116, 115, 114, 113, 112, 99, 86, 85, 84, 71, 58, 57, 56, 55, 54, 41, 28, 27, 26, 39, 52, 65, 78, 79, 92, 105, 106, 107, 108, 109, 122, 135, 134, 133, 132, 131, 130, 143, 156, 157, 158, 159, 160, 161, 162, 163, 164, 165, 152, 139, 140, 141, 142, 155, 168]
[00:00:05:21:135] ! Bidirectional. expansions: 71,807, time: 321,135 [ms], path length: 94 [edges], g_F: 60, g_B: 34, generated: {'F': 87,578, 'B': 10,828}, MM: 26, MMPER: 26.36842105263158%
[00:00:05:21:135] 
---------- mazes/13x13_maze_with_1_open_diamonds_9 ----------
[00:00:01:36:180] Path of length 92 found: [0, 1, 2, 3, 4, 17, 30, 43, 56, 55, 54, 41, 28, 27, 26, 39, 52, 65, 78, 79, 92, 105, 106, 107, 108, 109, 122, 135, 134, 133, 132, 131, 130, 143, 156, 157, 158, 159, 160, 161, 162, 163, 150, 137, 136, 123, 110, 111, 124, 125, 126, 113, 112, 99, 98, 85, 84, 71, 58, 45, 32, 19, 6, 7, 8, 9, 10, 11, 12, 25, 38, 37, 36, 49, 62, 61, 74, 87, 88, 89, 90, 103, 116, 129, 142, 141, 140, 139, 152, 165, 166, 167, 168]
[00:00:01:36:180] ! Unidirectional s-t. expansions: 52,354, time: 96,180 [ms], path length: 92 [edges], generated: 78,887
[00:00:04:17:299] Valid states checked so far: 200,000, Expansions: 143,780, Global best: 93
[00:00:08:37:297] Path of length 92 found: [168, 167, 166, 165, 152, 139, 140, 141, 142, 129, 116, 103, 90, 89, 88, 87, 74, 61, 62, 63, 64, 51, 38, 25, 12, 11, 10, 9, 8, 7, 6, 19, 32, 45, 58, 71, 84, 85, 86, 99, 98, 111, 112, 113, 126, 125, 138, 137, 150, 163, 162, 161, 160, 159, 158, 157, 156, 143, 130, 131, 132, 133, 134, 135, 136, 123, 110, 109, 108, 107, 106, 105, 92, 79, 78, 65, 52, 39, 26, 27, 28, 41, 54, 55, 56, 43, 30, 17, 4, 3, 2, 1, 0]
[00:00:08:37:298] ! Unidirectional t-s. expansions: 283,435, time: 517,297 [ms], path length: 92 [edges], generated: 394,440
[00:00:00:00:001] Expansions: 0. Checks - state_vs_state: 0, state_vs_prefix: 0, prefix_vs_prefix: 1
[00:00:06:38:790] Expansions: 100,000. Checks - state_vs_state: 12, state_vs_prefix: 0, prefix_vs_prefix: 395,301
[00:00:06:38:791] Expansions: 100,000. Checks - state_vs_state: 12, state_vs_prefix: 0, prefix_vs_prefix: 395,302
[00:00:06:38:791] Expansions: 100,000. Checks - state_vs_state: 12, state_vs_prefix: 0, prefix_vs_prefix: 395,303
[00:00:06:38:792] Expansions: 100,000. Checks - state_vs_state: 12, state_vs_prefix: 0, prefix_vs_prefix: 395,304
[00:00:13:23:598] Expansions: 200,000. Checks - state_vs_state: 12, state_vs_prefix: 0, prefix_vs_prefix: 810,771
[00:00:13:23:600] Expansions: 200,000. Checks - state_vs_state: 12, state_vs_prefix: 0, prefix_vs_prefix: 810,772
[00:00:13:23:601] Expansions: 200,000. Checks - state_vs_state: 12, state_vs_prefix: 0, prefix_vs_prefix: 810,773
[00:00:19:15:371] Path of length 92 found: [0, 1, 2, 3, 4, 17, 30, 43, 56, 55, 54, 41, 28, 27, 26, 39, 52, 65, 78, 79, 92, 105, 106, 107, 108, 109, 122, 135, 134, 133, 132, 131, 130, 143, 156, 157, 158, 159, 160, 161, 162, 163, 150, 137, 136, 123, 110, 111, 124, 125, 126, 113, 112, 99, 86, 85, 84, 71, 58, 45, 32, 19, 6, 7, 8, 9, 10, 11, 12, 25, 38, 51, 64, 63, 62, 61, 74, 87, 88, 89, 90, 103, 116, 129, 142, 141, 140, 139, 152, 165, 166, 167, 168]
[00:00:19:15:372] ! Bidirectional. expansions: 283,664, time: 1,155,371 [ms], path length: 92 [edges], g_F: 62, g_B: 30, generated: {'F': 115,843, 'B': 285,216}, MM: 32, MMPER: 33.40860215053763%
[00:00:19:15:372] average expansions: (41,201, 86,343, 110,666, 0)
[00:00:19:15:372] average time: (81,966, 164,703, 475,652, 0)
[00:00:19:15:372] XDFBnB: 41,201 , 81,966 (expansions , time[ms])
[00:00:19:15:372] BiXDFBnB: 110,666 , 475,652 (expansions , time[ms])

