--------------------------
date: mazes
number_of_graphs: 10
graph_type: maze
size_of_graphs: [13, 13]
heuristic: bcc_heuristic
snake: False
run_uni: True
run_bi: True
run_multi: False
solution_vertices: []
algorithms: ['A']
lookahead: 2
bsd: False
cube_first_dims: 4
cube_buffer_dim: None
backward_sym_generation: False
sym_coil: False
prefix_set: None

---------- mazes/13x13_maze_with_1_open_diamonds_0 ----------
[00:00:00:23:507] Expansion 10,000: state None, f=97, g=35
[00:00:00:45:982] Expansion 20,000: state None, f=95, g=20
[00:00:01:06:348] Expansion 30,000: state None, f=93, g=30
[00:00:01:10:164] Path of length 92 found: [0, 1, 2, 3, 4, 17, 30, 31, 32, 19, 6, 7, 8, 9, 10, 11, 12, 25, 38, 37, 36, 49, 62, 61, 60, 59, 58, 57, 56, 55, 54, 41, 28, 27, 26, 39, 52, 65, 78, 79, 80, 81, 82, 83, 84, 85, 86, 87, 88, 89, 90, 103, 116, 115, 114, 113, 112, 111, 110, 109, 122, 135, 134, 133, 132, 119, 120, 107, 106, 105, 118, 131, 130, 143, 156, 157, 144, 145, 146, 159, 160, 161, 162, 163, 164, 165, 152, 139, 140, 141, 142, 155, 168]
[00:00:01:10:165] ! Unidirectional s-t. expansions: 31,360, time: 70,164 [ms], path length: 92 [edges], generated: 47,235
[00:00:00:28:296] Expansion 10,000: state None, f=101, g=28
[00:00:00:51:534] Expansion 20,000: state None, f=99, g=45
[00:00:01:12:171] Expansion 30,000: state None, f=98, g=33
[00:00:01:34:242] Expansion 40,000: state None, f=97, g=38
[00:00:01:54:110] Expansion 50,000: state None, f=96, g=42
[00:00:02:16:600] Expansion 60,000: state None, f=95, g=60
[00:00:02:37:875] Expansion 70,000: state None, f=95, g=23
[00:00:02:55:343] Expansion 80,000: state None, f=94, g=43
[00:00:03:17:382] Expansion 90,000: state None, f=94, g=31
[00:00:03:34:884] Expansion 100,000: state None, f=93, g=45
[00:00:03:56:476] Path of length 92 found: [168, 155, 142, 141, 140, 139, 152, 165, 164, 163, 150, 137, 136, 135, 134, 133, 146, 159, 158, 157, 156, 143, 130, 131, 144, 145, 132, 119, 118, 105, 106, 107, 108, 109, 110, 111, 112, 113, 114, 115, 116, 103, 90, 89, 88, 87, 86, 85, 84, 83, 82, 81, 80, 79, 78, 65, 52, 39, 26, 27, 28, 41, 54, 55, 56, 57, 58, 59, 60, 61, 62, 63, 64, 51, 38, 25, 12, 11, 10, 9, 8, 7, 6, 19, 32, 31, 30, 17, 4, 3, 2, 1, 0]
[00:00:03:56:478] ! Unidirectional t-s. expansions: 108,294, time: 236,476 [ms], path length: 92 [edges], generated: 154,445
[00:00:00:21:436] Expansion 10,000: F [0, 1, 2, 3, 4, 17, 30, 31, 32, 19, 6, 7, 8, 9, 10, 11, 12, 25, 38, 51, 64, 63, 62, 61, 60, 59, 58, 57, 56, 55, 54, 41, 28, 27, 26, 39, 52], B [168, 155, 142, 141, 140, 139, 152, 165, 164, 163, 150, 137, 136, 135, 134, 133, 120, 119, 132, 145, 146, 159, 158, 157, 156, 143, 130, 131, 118, 105, 106, 107, 108, 109, 110, 111, 112], f=93, g=72
[00:00:00:32:332] Path of length 92 found: [0, 1, 2, 3, 4, 17, 30, 31, 32, 19, 6, 7, 8, 9, 10, 11, 12, 25, 38, 37, 36, 49, 62, 61, 60, 59, 58, 57, 56, 55, 54, 41, 28, 27, 26, 39, 52, 65, 78, 79, 80, 81, 82, 83, 84, 85, 86, 87, 88, 89, 90, 103, 116, 115, 114, 113, 112, 111, 110, 109, 108, 107, 106, 105, 118, 119, 132, 131, 130, 143, 156, 157, 144, 145, 158, 159, 146, 133, 134, 135, 136, 137, 150, 163, 164, 165, 152, 139, 140, 141, 142, 155, 168]
[00:00:00:32:347] ! Bidirectional. expansions: 15,320, time: 32,341 [ms], path length: 92 [edges], g_F: 46, g_B: 46, generated: {'F': 23,220, 'B': 25,127}, MM: 0, MMPER: -1.0%
[00:00:00:32:348] 
---------- mazes/13x13_maze_with_1_open_diamonds_1 ----------
[00:00:00:26:679] Expansion 10,000: state None, f=98, g=40
[00:00:01:06:491] Expansion 20,000: state None, f=95, g=36
[00:00:01:27:908] Expansion 30,000: state None, f=93, g=35
[00:00:01:48:853] Expansion 40,000: state None, f=92, g=23
[00:00:02:07:909] Expansion 50,000: state None, f=91, g=30
[00:00:02:11:077] Path of length 90 found: [0, 1, 2, 15, 28, 27, 26, 39, 52, 53, 54, 41, 42, 29, 16, 3, 4, 17, 30, 43, 56, 57, 58, 45, 32, 19, 6, 7, 8, 9, 10, 11, 12, 25, 38, 37, 36, 49, 62, 61, 74, 87, 88, 89, 90, 103, 116, 115, 114, 113, 112, 99, 86, 85, 84, 83, 82, 81, 80, 79, 92, 105, 106, 107, 108, 109, 122, 135, 134, 133, 132, 131, 130, 143, 156, 157, 158, 159, 160, 161, 162, 163, 164, 165, 152, 139, 140, 141, 142, 155, 168]
[00:00:02:11:082] ! Unidirectional s-t. expansions: 51,200, time: 131,079 [ms], path length: 90 [edges], generated: 69,643
[00:00:00:03:140] Path of length 90 found: [168, 155, 142, 141, 140, 139, 152, 165, 164, 163, 162, 161, 160, 159, 158, 157, 156, 143, 130, 131, 132, 133, 134, 135, 122, 109, 108, 107, 106, 105, 92, 79, 80, 81, 82, 83, 84, 85, 86, 99, 112, 113, 114, 115, 116, 103, 90, 89, 88, 87, 74, 61, 62, 63, 64, 51, 38, 25, 12, 11, 10, 9, 8, 7, 6, 19, 32, 45, 58, 57, 56, 43, 30, 17, 4, 3, 16, 29, 42, 55, 54, 53, 52, 39, 26, 27, 28, 15, 2, 1, 0]
[00:00:00:03:141] ! Unidirectional t-s. expansions: 1,607, time: 3,140 [ms], path length: 90 [edges], generated: 2,500
[00:00:00:19:710] Expansion 10,000: F [0, 1, 2, 3, 4, 17, 16, 15, 28, 41, 42, 43, 56, 55, 54, 53, 52, 65, 78, 79, 80, 81, 82, 83, 84], B [168, 155, 142, 141, 140, 139, 152, 165, 164, 163, 162, 161, 160, 159, 158, 157, 156, 143, 130, 131, 132, 133, 134, 135, 122], f=93, g=48
[00:00:00:44:709] Path of length 90 found: [0, 1, 2, 3, 4, 17, 16, 15, 28, 27, 26, 39, 52, 53, 54, 41, 42, 29, 30, 43, 56, 57, 58, 45, 32, 19, 6, 7, 8, 9, 10, 11, 12, 25, 38, 37, 36, 49, 62, 61, 74, 87, 88, 89, 90, 103, 116, 115, 114, 113, 112, 99, 86, 85, 84, 83, 82, 81, 80, 79, 92, 105, 106, 107, 108, 109, 122, 135, 134, 133, 132, 131, 130, 143, 156, 157, 158, 159, 160, 161, 162, 163, 164, 165, 152, 139, 140, 141, 142, 155, 168]
[00:00:00:44:710] ! Bidirectional. expansions: 16,230, time: 44,709 [ms], path length: 90 [edges], g_F: 45, g_B: 45, generated: {'F': 24,092, 'B': 18,658}, MM: 0, MMPER: -1.0%
[00:00:00:44:710] 
---------- mazes/13x13_maze_with_1_open_diamonds_2 ----------
[00:00:00:24:326] Expansion 10,000: state None, f=96, g=47
[00:00:00:45:203] Expansion 20,000: state None, f=94, g=34
[00:00:01:04:751] Path of length 92 found: [0, 1, 2, 3, 4, 17, 30, 43, 56, 55, 54, 41, 28, 27, 26, 39, 52, 65, 78, 79, 80, 81, 82, 83, 70, 57, 58, 45, 32, 19, 6, 7, 8, 9, 10, 11, 12, 25, 38, 37, 36, 49, 62, 61, 60, 59, 72, 71, 84, 85, 86, 87, 88, 89, 90, 103, 116, 115, 114, 113, 112, 99, 98, 111, 110, 97, 96, 109, 122, 135, 134, 133, 132, 131, 130, 143, 156, 157, 158, 159, 160, 161, 162, 163, 164, 165, 152, 139, 140, 141, 142, 155, 168]
[00:00:01:04:754] ! Unidirectional s-t. expansions: 29,438, time: 64,751 [ms], path length: 92 [edges], generated: 44,753
[00:00:00:22:373] Expansion 10,000: state None, f=96, g=49
[00:00:00:39:688] Expansion 20,000: state None, f=94, g=44
[00:00:00:49:862] Path of length 92 found: [168, 155, 142, 141, 140, 139, 152, 165, 164, 163, 162, 161, 160, 159, 158, 157, 156, 143, 130, 131, 132, 133, 134, 135, 122, 109, 110, 111, 112, 113, 114, 115, 116, 103, 90, 89, 88, 87, 86, 99, 98, 85, 72, 59, 60, 61, 62, 63, 64, 51, 38, 25, 12, 11, 10, 9, 8, 7, 6, 19, 32, 45, 58, 57, 70, 71, 84, 97, 96, 83, 82, 81, 80, 79, 78, 65, 52, 39, 26, 27, 28, 41, 54, 55, 56, 43, 30, 17, 4, 3, 2, 1, 0]
[00:00:00:49:865] ! Unidirectional t-s. expansions: 25,254, time: 49,862 [ms], path length: 92 [edges], generated: 36,149
[00:00:00:03:599] Path of length 92 found: [0, 1, 2, 3, 4, 17, 30, 31, 32, 19, 6, 7, 8, 9, 10, 11, 12, 25, 38, 37, 36, 49, 62, 61, 60, 59, 58, 71, 72, 85, 98, 99, 86, 87, 88, 89, 90, 103, 116, 115, 114, 113, 112, 111, 110, 97, 84, 83, 70, 57, 56, 55, 54, 41, 28, 27, 26, 39, 52, 65, 78, 79, 92, 105, 106, 107, 108, 109, 122, 135, 134, 133, 132, 131, 130, 143, 156, 157, 158, 159, 160, 161, 162, 163, 164, 165, 152, 139, 140, 141, 142, 155, 168]
[00:00:00:03:607] ! Bidirectional. expansions: 2,099, time: 3,603 [ms], path length: 92 [edges], g_F: 46, g_B: 46, generated: {'F': 3,540, 'B': 3,185}, MM: 0, MMPER: -1.0%
[00:00:00:03:608] 
---------- mazes/13x13_maze_with_1_open_diamonds_3 ----------
[00:00:00:26:301] Expansion 10,000: state None, f=92, g=56
[00:00:00:47:472] Expansion 20,000: state None, f=91, g=34
[00:00:00:48:690] Path of length 90 found: [0, 1, 2, 3, 4, 17, 30, 31, 32, 19, 6, 7, 8, 9, 10, 11, 12, 25, 38, 37, 36, 49, 62, 61, 60, 59, 58, 57, 56, 55, 54, 41, 28, 27, 26, 39, 52, 65, 78, 79, 80, 81, 82, 83, 84, 85, 86, 87, 88, 89, 90, 103, 116, 129, 142, 141, 140, 139, 126, 113, 114, 115, 102, 101, 100, 99, 98, 111, 110, 109, 122, 135, 134, 133, 132, 131, 130, 143, 156, 157, 158, 159, 160, 161, 162, 163, 164, 165, 166, 167, 168]
[00:00:00:48:694] ! Unidirectional s-t. expansions: 20,438, time: 48,692 [ms], path length: 90 [edges], generated: 31,641
[00:00:00:27:862] Expansion 10,000: state None, f=98, g=58
[00:00:00:49:517] Expansion 20,000: state None, f=95, g=59
[00:00:01:08:011] Expansion 30,000: state None, f=93, g=58
[00:00:01:26:438] Expansion 40,000: state None, f=92, g=39
[00:00:01:45:468] Path of length 90 found: [168, 167, 166, 165, 164, 163, 162, 161, 160, 159, 158, 157, 156, 143, 130, 131, 132, 133, 134, 135, 122, 109, 110, 111, 98, 85, 86, 99, 112, 113, 126, 139, 140, 141, 142, 129, 116, 115, 114, 101, 102, 103, 90, 89, 88, 87, 74, 61, 62, 63, 64, 51, 38, 25, 12, 11, 10, 9, 8, 7, 6, 19, 32, 45, 58, 71, 84, 83, 82, 81, 80, 79, 78, 65, 52, 39, 26, 27, 28, 41, 54, 55, 56, 43, 30, 17, 4, 3, 2, 1, 0]
[00:00:01:45:469] ! Unidirectional t-s. expansions: 49,827, time: 105,468 [ms], path length: 90 [edges], generated: 71,852
[00:00:00:29:780] Expansion 10,000: F [0, 1, 2, 3, 4, 17, 30, 31, 32, 19, 6, 7, 8, 9, 10, 11, 12, 25, 38, 51], B [168, 155, 142, 129, 116, 115, 102, 101, 100, 99, 86, 85, 98, 111, 112, 113, 126, 139, 152, 165], f=92, g=38
[00:00:00:38:942] Path of length 90 found: [0, 1, 2, 3, 4, 17, 30, 43, 56, 55, 54, 41, 28, 27, 26, 39, 52, 65, 78, 79, 80, 81, 82, 83, 84, 71, 58, 45, 32, 19, 6, 7, 8, 9, 10, 11, 12, 25, 38, 37, 36, 49, 62, 61, 74, 87, 88, 101, 114, 115, 102, 89, 90, 103, 116, 129, 142, 141, 140, 139, 126, 113, 112, 99, 86, 85, 98, 111, 110, 109, 122, 135, 134, 133, 132, 131, 130, 143, 156, 157, 158, 159, 160, 161, 162, 163, 164, 165, 166, 167, 168]
[00:00:00:38:949] ! Bidirectional. expansions: 14,236, time: 38,942 [ms], path length: 90 [edges], g_F: 45, g_B: 45, generated: {'F': 20,668, 'B': 21,092}, MM: 0, MMPER: -1.0%
[00:00:00:38:950] 
---------- mazes/13x13_maze_with_1_open_diamonds_4 ----------
[00:00:00:25:048] Expansion 10,000: state None, f=97, g=59
[00:00:00:46:205] Expansion 20,000: state None, f=95, g=25
[00:00:01:04:057] Expansion 30,000: state None, f=93, g=51
[00:00:01:12:305] Path of length 92 found: [0, 1, 2, 3, 4, 17, 30, 31, 32, 19, 6, 7, 8, 9, 10, 11, 12, 25, 38, 37, 36, 49, 62, 61, 60, 59, 58, 57, 56, 55, 54, 41, 28, 27, 26, 39, 52, 65, 78, 79, 80, 81, 82, 83, 84, 85, 86, 87, 88, 89, 90, 103, 116, 115, 114, 113, 112, 111, 110, 109, 108, 107, 106, 119, 132, 131, 130, 143, 156, 157, 158, 159, 160, 147, 134, 133, 120, 121, 122, 123, 136, 137, 150, 163, 164, 165, 152, 139, 140, 141, 142, 155, 168]
[00:00:01:12:308] ! Unidirectional s-t. expansions: 33,578, time: 72,305 [ms], path length: 92 [edges], generated: 51,823
[00:00:00:28:511] Expansion 10,000: state None, f=101, g=32
[00:00:00:52:006] Expansion 20,000: state None, f=99, g=33
[00:00:01:13:578] Expansion 30,000: state None, f=97, g=50
[00:00:01:34:106] Expansion 40,000: state None, f=96, g=45
[00:00:01:55:237] Expansion 50,000: state None, f=95, g=38
[00:00:02:12:057] Expansion 60,000: state None, f=94, g=63
[00:00:02:34:645] Expansion 70,000: state None, f=93, g=77
[00:00:02:55:081] Expansion 80,000: state None, f=93, g=34
[00:00:03:01:576] Path of length 92 found: [168, 167, 166, 165, 152, 139, 140, 141, 142, 129, 116, 103, 90, 89, 88, 87, 74, 61, 62, 63, 64, 51, 38, 25, 12, 11, 10, 9, 8, 7, 6, 19, 32, 45, 58, 71, 84, 85, 86, 99, 112, 111, 110, 123, 136, 137, 150, 163, 162, 161, 160, 159, 158, 157, 156, 143, 130, 131, 132, 119, 106, 107, 120, 133, 134, 135, 122, 109, 108, 95, 82, 81, 80, 79, 78, 65, 52, 39, 26, 27, 28, 41, 54, 55, 56, 43, 30, 17, 4, 3, 2, 1, 0]
[00:00:03:01:578] ! Unidirectional t-s. expansions: 82,439, time: 181,576 [ms], path length: 92 [edges], generated: 118,601
[00:00:00:19:653] Expansion 10,000: F [0, 1, 2, 3, 4, 17, 30, 31, 32, 19, 6, 7, 8, 9, 10, 11, 12, 25, 38, 37, 36, 49, 62, 61, 74, 87, 88, 89, 90, 103, 116, 115, 114], B [168, 155, 142, 141, 140, 139, 152, 165, 164, 163, 162, 161, 160, 159, 158, 157, 156, 143, 130, 131, 132, 133, 120, 107, 106, 105, 92, 79, 78, 65, 52, 39, 26], f=93, g=64
[00:00:00:26:010] Path of length 92 found: [0, 1, 2, 3, 4, 17, 30, 31, 32, 19, 6, 7, 8, 9, 10, 11, 12, 25, 38, 37, 36, 49, 62, 61, 60, 59, 58, 57, 56, 55, 54, 41, 28, 27, 26, 39, 52, 65, 78, 79, 92, 105, 106, 119, 120, 107, 108, 95, 82, 83, 84, 85, 86, 87, 88, 89, 90, 103, 116, 115, 114, 113, 112, 111, 110, 109, 122, 123, 136, 135, 134, 133, 132, 131, 130, 143, 156, 157, 158, 159, 160, 161, 162, 163, 164, 165, 152, 139, 140, 141, 142, 155, 168]
[00:00:00:26:015] ! Bidirectional. expansions: 13,058, time: 26,010 [ms], path length: 92 [edges], g_F: 46, g_B: 46, generated: {'F': 19,621, 'B': 20,663}, MM: 0, MMPER: -1.0%
[00:00:00:26:017] 
---------- mazes/13x13_maze_with_1_open_diamonds_5 ----------
[00:00:00:35:640] Expansion 10,000: state None, f=98, g=46
[00:00:00:56:911] Expansion 20,000: state None, f=95, g=60
[00:00:01:17:594] Expansion 30,000: state None, f=93, g=71
[00:00:01:33:300] Path of length 92 found: [0, 1, 2, 3, 4, 17, 30, 31, 32, 19, 6, 7, 8, 9, 10, 11, 12, 25, 38, 37, 36, 49, 62, 61, 60, 59, 58, 57, 56, 55, 54, 41, 28, 27, 26, 39, 52, 65, 78, 79, 80, 81, 82, 83, 84, 85, 86, 87, 88, 89, 90, 103, 116, 115, 114, 113, 112, 111, 110, 109, 108, 107, 106, 105, 118, 131, 130, 143, 156, 157, 158, 159, 146, 133, 132, 119, 120, 121, 122, 135, 136, 137, 150, 163, 164, 165, 152, 139, 140, 141, 142, 155, 168]
[00:00:01:33:302] ! Unidirectional s-t. expansions: 36,899, time: 93,300 [ms], path length: 92 [edges], generated: 55,900
[00:00:00:32:101] Expansion 10,000: state None, f=100, g=50
[00:00:00:55:371] Expansion 20,000: state None, f=98, g=49
[00:00:01:16:831] Expansion 30,000: state None, f=97, g=24
[00:00:01:39:939] Expansion 40,000: state None, f=96, g=31
[00:00:02:02:312] Expansion 50,000: state None, f=95, g=17
[00:00:02:19:557] Expansion 60,000: state None, f=94, g=42
[00:00:02:41:452] Expansion 70,000: state None, f=93, g=50
[00:00:02:58:623] Path of length 92 found: [168, 167, 166, 165, 152, 139, 140, 141, 142, 129, 116, 103, 90, 89, 88, 87, 74, 61, 62, 63, 64, 51, 38, 25, 12, 11, 10, 9, 8, 7, 6, 19, 32, 45, 58, 71, 84, 85, 86, 99, 112, 111, 110, 109, 122, 135, 136, 137, 150, 163, 162, 161, 160, 159, 158, 157, 156, 143, 130, 131, 118, 105, 106, 119, 132, 133, 134, 121, 108, 107, 94, 81, 80, 79, 78, 65, 52, 39, 26, 27, 28, 41, 54, 55, 56, 43, 30, 17, 4, 3, 2, 1, 0]
[00:00:02:58:625] ! Unidirectional t-s. expansions: 77,684, time: 178,623 [ms], path length: 92 [edges], generated: 112,634
[00:00:00:32:381] Expansion 10,000: F [0, 1, 2, 3, 4, 17, 30, 31, 32, 19, 6, 7, 8, 9, 10, 11, 12, 25, 38, 51, 64, 63, 62, 61, 74, 87, 86, 85, 84, 71, 58, 57, 56, 55], B [168, 167, 166, 165, 152, 139, 140, 141, 142, 129, 116, 115, 114, 113, 112, 111, 110, 109, 122, 135, 136, 137, 150, 163, 162, 161, 160, 159, 158, 157, 156, 143, 130, 131], f=93, g=66
[00:00:00:37:866] Path of length 92 found: [0, 1, 2, 3, 4, 17, 30, 43, 56, 55, 54, 41, 28, 27, 26, 39, 52, 65, 78, 79, 80, 81, 94, 107, 106, 105, 118, 119, 120, 133, 132, 131, 130, 143, 156, 157, 158, 159, 160, 161, 162, 163, 150, 137, 136, 135, 122, 121, 108, 109, 110, 111, 112, 99, 86, 85, 84, 71, 58, 45, 32, 19, 6, 7, 8, 9, 10, 11, 12, 25, 38, 51, 64, 63, 62, 61, 74, 87, 88, 89, 90, 103, 116, 129, 142, 141, 140, 139, 152, 165, 166, 167, 168]
[00:00:00:37:870] ! Bidirectional. expansions: 12,522, time: 37,867 [ms], path length: 92 [edges], g_F: 46, g_B: 46, generated: {'F': 19,462, 'B': 19,759}, MM: 0, MMPER: -1.0%
[00:00:00:37:870] 
---------- mazes/13x13_maze_with_1_open_diamonds_6 ----------
[00:00:00:24:125] Expansion 10,000: state None, f=95, g=31
[00:00:00:42:435] Path of length 92 found: [0, 1, 2, 3, 4, 17, 30, 43, 56, 55, 54, 41, 28, 27, 26, 39, 52, 65, 78, 79, 80, 81, 82, 83, 84, 71, 58, 45, 32, 19, 6, 7, 8, 9, 10, 11, 12, 25, 38, 51, 64, 63, 62, 49, 36, 35, 34, 47, 60, 59, 72, 85, 86, 73, 74, 87, 88, 89, 90, 103, 116, 115, 114, 113, 112, 111, 110, 109, 122, 135, 134, 133, 132, 131, 130, 143, 156, 157, 158, 159, 160, 161, 162, 163, 164, 165, 152, 139, 140, 141, 142, 155, 168]
[00:00:00:42:443] ! Unidirectional s-t. expansions: 19,096, time: 42,435 [ms], path length: 92 [edges], generated: 28,635
[00:00:00:15:140] Path of length 92 found: [168, 155, 142, 141, 140, 139, 152, 165, 164, 163, 162, 161, 160, 159, 158, 157, 156, 143, 130, 131, 132, 133, 134, 135, 122, 109, 110, 111, 112, 113, 114, 115, 116, 103, 90, 89, 88, 75, 74, 87, 86, 73, 60, 47, 34, 35, 36, 49, 62, 63, 64, 51, 38, 25, 12, 11, 10, 9, 8, 7, 6, 19, 32, 45, 58, 59, 72, 85, 84, 83, 82, 81, 80, 79, 78, 65, 52, 39, 26, 27, 28, 41, 54, 55, 56, 43, 30, 17, 4, 3, 2, 1, 0]
[00:00:00:15:143] ! Unidirectional t-s. expansions: 7,299, time: 15,141 [ms], path length: 92 [edges], generated: 10,743
[00:00:00:01:604] Path of length 92 found: [0, 1, 2, 3, 4, 17, 30, 31, 32, 19, 6, 7, 8, 9, 10, 11, 12, 25, 38, 51, 64, 63, 62, 49, 36, 35, 34, 47, 60, 61, 74, 75, 88, 89, 90, 103, 116, 115, 114, 113, 112, 99, 86, 73, 72, 85, 84, 71, 58, 57, 56, 55, 54, 41, 28, 27, 26, 39, 52, 65, 78, 79, 92, 105, 106, 107, 108, 109, 122, 135, 134, 133, 132, 131, 130, 143, 156, 157, 158, 159, 160, 161, 162, 163, 164, 165, 152, 139, 140, 141, 142, 155, 168]
[00:00:00:01:607] ! Bidirectional. expansions: 992, time: 1,604 [ms], path length: 92 [edges], g_F: 46, g_B: 46, generated: {'F': 1,638, 'B': 1,428}, MM: 0, MMPER: -1.0%
[00:00:00:01:608] 
---------- mazes/13x13_maze_with_1_open_diamonds_7 ----------
[00:00:00:24:503] Expansion 10,000: state None, f=97, g=44
[00:00:00:46:238] Expansion 20,000: state None, f=95, g=19
[00:00:00:47:532] Path of length 94 found: [0, 1, 2, 3, 4, 17, 30, 31, 32, 19, 6, 7, 8, 9, 10, 11, 12, 25, 38, 51, 64, 63, 62, 49, 36, 35, 34, 21, 20, 33, 46, 47, 60, 61, 74, 87, 88, 89, 90, 103, 116, 115, 114, 113, 112, 99, 86, 85, 84, 71, 58, 57, 56, 55, 54, 41, 28, 27, 26, 39, 52, 65, 78, 79, 92, 105, 106, 107, 108, 109, 122, 135, 134, 133, 132, 131, 130, 143, 156, 157, 158, 159, 160, 161, 162, 163, 164, 165, 152, 139, 140, 141, 142, 155, 168]
[00:00:00:47:534] ! Unidirectional s-t. expansions: 20,475, time: 47,532 [ms], path length: 94 [edges], generated: 28,904
[00:00:00:02:569] Path of length 94 found: [168, 155, 142, 141, 140, 139, 152, 165, 164, 163, 162, 161, 160, 159, 158, 157, 156, 143, 130, 131, 132, 133, 134, 135, 122, 109, 108, 107, 106, 105, 92, 79, 78, 65, 52, 39, 26, 27, 28, 41, 54, 55, 56, 57, 58, 71, 84, 85, 86, 99, 112, 113, 114, 115, 116, 103, 90, 89, 88, 87, 74, 61, 60, 59, 46, 47, 34, 35, 36, 49, 62, 63, 64, 51, 38, 25, 12, 11, 10, 9, 8, 21, 20, 7, 6, 19, 32, 31, 30, 17, 4, 3, 2, 1, 0]
[00:00:00:02:570] ! Unidirectional t-s. expansions: 1,663, time: 2,569 [ms], path length: 94 [edges], generated: 2,602
[00:00:00:03:789] Path of length 94 found: [0, 1, 2, 3, 4, 17, 30, 31, 32, 19, 6, 7, 20, 21, 8, 9, 10, 11, 12, 25, 38, 51, 64, 63, 62, 49, 36, 35, 34, 33, 46, 47, 60, 61, 74, 87, 88, 89, 90, 103, 116, 115, 114, 113, 112, 99, 86, 85, 84, 71, 58, 57, 56, 55, 54, 41, 28, 27, 26, 39, 52, 65, 78, 79, 92, 105, 106, 107, 108, 109, 122, 135, 134, 133, 132, 131, 130, 143, 156, 157, 158, 159, 160, 161, 162, 163, 164, 165, 152, 139, 140, 141, 142, 155, 168]
[00:00:00:03:790] ! Bidirectional. expansions: 2,032, time: 3,789 [ms], path length: 94 [edges], g_F: 47, g_B: 47, generated: {'F': 3,052, 'B': 2,472}, MM: 0, MMPER: -1.0%
[00:00:00:03:790] 
---------- mazes/13x13_maze_with_1_open_diamonds_8 ----------
[00:00:00:26:694] Expansion 10,000: state None, f=97, g=44
[00:00:00:48:396] Expansion 20,000: state None, f=95, g=19
[00:00:00:49:665] Path of length 94 found: [0, 1, 2, 3, 4, 17, 30, 31, 32, 19, 6, 7, 8, 9, 10, 11, 12, 25, 38, 51, 64, 63, 62, 49, 36, 35, 34, 21, 20, 33, 46, 47, 60, 61, 74, 87, 88, 89, 90, 103, 116, 115, 114, 113, 112, 99, 86, 85, 84, 71, 58, 57, 56, 55, 54, 41, 28, 27, 26, 39, 52, 65, 78, 79, 92, 105, 106, 107, 108, 109, 122, 135, 134, 133, 132, 131, 130, 143, 156, 157, 158, 159, 160, 161, 162, 163, 164, 165, 152, 139, 140, 141, 142, 155, 168]
[00:00:00:49:667] ! Unidirectional s-t. expansions: 20,475, time: 49,665 [ms], path length: 94 [edges], generated: 28,904
[00:00:00:02:573] Path of length 94 found: [168, 155, 142, 141, 140, 139, 152, 165, 164, 163, 162, 161, 160, 159, 158, 157, 156, 143, 130, 131, 132, 133, 134, 135, 122, 109, 108, 107, 106, 105, 92, 79, 78, 65, 52, 39, 26, 27, 28, 41, 54, 55, 56, 57, 58, 71, 84, 85, 86, 99, 112, 113, 114, 115, 116, 103, 90, 89, 88, 87, 74, 61, 60, 59, 46, 47, 34, 35, 36, 49, 62, 63, 64, 51, 38, 25, 12, 11, 10, 9, 8, 21, 20, 7, 6, 19, 32, 31, 30, 17, 4, 3, 2, 1, 0]
[00:00:00:02:574] ! Unidirectional t-s. expansions: 1,663, time: 2,573 [ms], path length: 94 [edges], generated: 2,602
[00:00:00:03:712] Path of length 94 found: [0, 1, 2, 3, 4, 17, 30, 31, 32, 19, 6, 7, 20, 21, 8, 9, 10, 11, 12, 25, 38, 51, 64, 63, 62, 49, 36, 35, 34, 33, 46, 47, 60, 61, 74, 87, 88, 89, 90, 103, 116, 115, 114, 113, 112, 99, 86, 85, 84, 71, 58, 57, 56, 55, 54, 41, 28, 27, 26, 39, 52, 65, 78, 79, 92, 105, 106, 107, 108, 109, 122, 135, 134, 133, 132, 131, 130, 143, 156, 157, 158, 159, 160, 161, 162, 163, 164, 165, 152, 139, 140, 141, 142, 155, 168]
[00:00:00:03:713] ! Bidirectional. expansions: 2,032, time: 3,713 [ms], path length: 94 [edges], g_F: 47, g_B: 47, generated: {'F': 3,052, 'B': 2,472}, MM: 0, MMPER: -1.0%
[00:00:00:03:714] 
---------- mazes/13x13_maze_with_1_open_diamonds_9 ----------
[00:00:00:26:678] Expansion 10,000: state None, f=96, g=74
[00:00:00:44:759] Expansion 20,000: state None, f=95, g=42
[00:00:00:59:471] Expansion 30,000: state None, f=94, g=57
[00:00:01:15:686] Expansion 40,000: state None, f=93, g=60
[00:00:01:29:999] Path of length 92 found: [0, 1, 2, 3, 4, 17, 30, 31, 32, 19, 6, 7, 8, 9, 10, 11, 12, 25, 38, 37, 36, 49, 62, 61, 74, 87, 88, 89, 90, 103, 116, 115, 114, 113, 126, 125, 112, 111, 98, 99, 86, 85, 84, 71, 58, 57, 56, 55, 54, 41, 28, 27, 26, 39, 52, 65, 78, 79, 92, 105, 106, 107, 108, 109, 110, 123, 124, 137, 136, 135, 134, 133, 132, 131, 130, 143, 156, 157, 158, 159, 160, 161, 162, 163, 164, 165, 152, 139, 140, 141, 142, 155, 168]
[00:00:01:30:001] ! Unidirectional s-t. expansions: 46,531, time: 89,999 [ms], path length: 92 [edges], generated: 70,258
[00:00:00:28:904] Expansion 10,000: state None, f=105, g=30
[00:00:00:49:860] Expansion 20,000: state None, f=103, g=54
[00:00:01:10:218] Expansion 30,000: state None, f=102, g=42
[00:00:01:30:968] Expansion 40,000: state None, f=101, g=48
[00:00:01:50:586] Expansion 50,000: state None, f=100, g=42
[00:00:02:11:795] Expansion 60,000: state None, f=99, g=56
[00:00:02:30:396] Expansion 70,000: state None, f=98, g=59
[00:00:02:51:813] Expansion 80,000: state None, f=98, g=36
[00:00:03:12:868] Expansion 90,000: state None, f=97, g=53
[00:00:03:29:315] Expansion 100,000: state None, f=96, g=57
[00:00:03:44:708] Expansion 110,000: state None, f=96, g=49
[00:00:04:07:126] Expansion 120,000: state None, f=95, g=69
[00:00:04:21:554] Expansion 130,000: state None, f=95, g=51
[00:00:04:39:231] Expansion 140,000: state None, f=94, g=75
[00:00:04:55:993] Expansion 150,000: state None, f=94, g=65
[00:00:05:11:031] Expansion 160,000: state None, f=94, g=60
[00:00:05:30:847] Expansion 170,000: state None, f=94, g=32
[00:00:05:46:358] Expansion 180,000: state None, f=93, g=63
[00:00:06:07:258] Expansion 190,000: state None, f=93, g=50
[00:00:06:26:421] Path of length 92 found: [168, 155, 142, 141, 140, 139, 152, 165, 164, 163, 162, 161, 160, 159, 158, 157, 156, 143, 130, 131, 132, 133, 134, 135, 122, 109, 110, 123, 136, 137, 138, 125, 124, 111, 98, 85, 86, 99, 112, 113, 114, 115, 116, 103, 90, 89, 88, 87, 74, 61, 62, 63, 64, 51, 38, 25, 12, 11, 10, 9, 8, 7, 6, 19, 32, 45, 58, 71, 84, 83, 82, 81, 80, 79, 78, 65, 52, 39, 26, 27, 28, 41, 54, 55, 56, 43, 30, 17, 4, 3, 2, 1, 0]
[00:00:06:26:423] ! Unidirectional t-s. expansions: 198,275, time: 386,421 [ms], path length: 92 [edges], generated: 276,295
[00:00:00:20:552] Expansion 10,000: F [0, 1, 2, 3, 4, 17, 30, 31, 32, 19, 6, 7, 8, 9, 10, 11, 12, 25, 38, 37, 36, 49, 62, 61, 74, 87, 86, 99, 98], B [168, 167, 166, 165, 164, 163, 162, 161, 160, 159, 158, 157, 156, 143, 130, 131, 132, 133, 134, 135, 122, 123, 136, 137, 138, 139, 140, 141, 142], f=96, g=56
[00:00:00:38:981] Expansion 20,000: F [0, 1, 2, 3, 4, 17, 30, 31, 32, 33, 34, 35, 36, 37, 38, 51, 64, 63, 62, 61, 60, 59, 58, 57, 56, 55, 54, 41], B [168, 155, 142, 141, 140, 139, 152, 165, 164, 163, 162, 161, 160, 159, 158, 157, 156, 143, 130, 131, 132, 133, 134, 135, 136, 123, 122, 109], f=94, g=54
[00:00:00:59:064] Path of length 92 found: [0, 1, 2, 3, 4, 17, 30, 31, 32, 19, 6, 7, 8, 9, 10, 11, 12, 25, 38, 37, 36, 49, 62, 61, 60, 59, 58, 57, 56, 55, 54, 41, 28, 27, 26, 39, 52, 65, 78, 79, 92, 105, 106, 107, 108, 109, 122, 123, 124, 111, 112, 99, 98, 85, 86, 87, 88, 89, 90, 103, 116, 115, 114, 113, 126, 125, 138, 137, 136, 135, 134, 133, 132, 131, 130, 143, 156, 157, 158, 159, 160, 161, 162, 163, 164, 165, 152, 139, 140, 141, 142, 155, 168]
[00:00:00:59:084] ! Bidirectional. expansions: 29,883, time: 59,074 [ms], path length: 92 [edges], g_F: 46, g_B: 46, generated: {'F': 48,164, 'B': 47,138}, MM: 0, MMPER: -1.0%
[00:00:00:59:094] average expansions: (30,949, 55,400, 10,840, 0)
[00:00:00:59:101] average time: (70,992, 116,185, 25,165, 0)
[00:00:00:59:107] XA*: 30,949 , 70,992 (expansions , time[ms])
[00:00:00:59:112] BiXA*: 10,840 , 25,165 (expansions , time[ms])

