--------------------------
date: mazes
number_of_graphs: 10
graph_type: maze
size_of_graphs: [13, 13]
heuristic: bcc_heuristic
snake: False
run_uni: True
run_bi: True
run_multi: False
solution_vertices: []
algorithms: ['XMM']
lookahead: -1
bsd: False
cube_first_dims: 4
cube_buffer_dim: None
backward_sym_generation: False
sym_coil: False
prefix_set: None

---------- mazes/13x13_maze_with_1_open_diamonds_0 ----------
[00:00:00:23:786] Expansion 10,000: state None, f=97, g=35
[00:00:00:46:310] Expansion 20,000: state None, f=95, g=20
[00:00:01:06:798] Expansion 30,000: state None, f=93, g=30
[00:00:01:10:717] Path of length 92 found: [0, 1, 2, 3, 4, 17, 30, 31, 32, 19, 6, 7, 8, 9, 10, 11, 12, 25, 38, 37, 36, 49, 62, 61, 60, 59, 58, 57, 56, 55, 54, 41, 28, 27, 26, 39, 52, 65, 78, 79, 80, 81, 82, 83, 84, 85, 86, 87, 88, 89, 90, 103, 116, 115, 114, 113, 112, 111, 110, 109, 122, 135, 134, 133, 132, 119, 120, 107, 106, 105, 118, 131, 130, 143, 156, 157, 144, 145, 146, 159, 160, 161, 162, 163, 164, 165, 152, 139, 140, 141, 142, 155, 168]
[00:00:01:10:718] ! Unidirectional s-t. expansions: 31,360, time: 70,717 [ms], path length: 92 [edges], generated: 47,235
[00:00:00:28:477] Expansion 10,000: state None, f=101, g=28
[00:00:00:51:796] Expansion 20,000: state None, f=99, g=45
[00:00:01:12:619] Expansion 30,000: state None, f=98, g=33
[00:00:01:34:670] Expansion 40,000: state None, f=97, g=38
[00:00:01:54:448] Expansion 50,000: state None, f=96, g=42
[00:00:02:17:290] Expansion 60,000: state None, f=95, g=60
[00:00:02:38:867] Expansion 70,000: state None, f=95, g=23
[00:00:02:56:448] Expansion 80,000: state None, f=94, g=43
[00:00:03:18:773] Expansion 90,000: state None, f=94, g=31
[00:00:03:36:180] Expansion 100,000: state None, f=93, g=45
[00:00:03:57:897] Path of length 92 found: [168, 155, 142, 141, 140, 139, 152, 165, 164, 163, 150, 137, 136, 135, 134, 133, 146, 159, 158, 157, 156, 143, 130, 131, 144, 145, 132, 119, 118, 105, 106, 107, 108, 109, 110, 111, 112, 113, 114, 115, 116, 103, 90, 89, 88, 87, 86, 85, 84, 83, 82, 81, 80, 79, 78, 65, 52, 39, 26, 27, 28, 41, 54, 55, 56, 57, 58, 59, 60, 61, 62, 63, 64, 51, 38, 25, 12, 11, 10, 9, 8, 7, 6, 19, 32, 31, 30, 17, 4, 3, 2, 1, 0]
[00:00:03:57:898] ! Unidirectional t-s. expansions: 108,294, time: 237,897 [ms], path length: 92 [edges], generated: 154,445
[00:00:00:49:560] Expansion 20,000: f=100, g=43
[00:00:01:55:001] Expansion 40,000: f=97, g=41
[00:00:02:44:335] Expansion 60,000: f=96, g=30
[00:00:03:32:757] Expansion 80,000: f=94, g=28
[00:00:04:20:376] Path of length 92 found: [0, 1, 2, 3, 4, 17, 30, 31, 32, 19, 6, 7, 8, 9, 10, 11, 12, 25, 38, 37, 36, 49, 62, 61, 60, 59, 58, 57, 56, 55, 54, 41, 28, 27, 26, 39, 52, 65, 78, 79, 80, 81, 82, 83, 84, 85, 86, 87, 88, 89, 90, 103, 116, 115, 114, 113, 112, 111, 110, 109, 108, 107, 106, 105, 118, 119, 132, 145, 144, 131, 130, 143, 156, 157, 158, 159, 146, 133, 134, 135, 136, 137, 150, 163, 164, 165, 152, 139, 140, 141, 142, 155, 168]
[00:00:04:20:381] ! Bidirectional. expansions: 98,880, time: 260,377 [ms], path length: 92 [edges], g_F: 41, g_B: 51, generated: 139,473, MM: 10, MMPER: 9.75268817204301%
[00:00:04:20:384] 
---------- mazes/13x13_maze_with_1_open_diamonds_1 ----------
[00:00:00:48:995] Expansion 10,000: state None, f=98, g=40
[00:00:01:14:332] Expansion 20,000: state None, f=95, g=36
[00:00:01:35:283] Expansion 30,000: state None, f=93, g=35
[00:00:01:59:422] Expansion 40,000: state None, f=92, g=23
[00:00:02:16:553] Expansion 50,000: state None, f=91, g=30
[00:00:02:19:809] Path of length 90 found: [0, 1, 2, 15, 28, 27, 26, 39, 52, 53, 54, 41, 42, 29, 16, 3, 4, 17, 30, 43, 56, 57, 58, 45, 32, 19, 6, 7, 8, 9, 10, 11, 12, 25, 38, 37, 36, 49, 62, 61, 74, 87, 88, 89, 90, 103, 116, 115, 114, 113, 112, 99, 86, 85, 84, 83, 82, 81, 80, 79, 92, 105, 106, 107, 108, 109, 122, 135, 134, 133, 132, 131, 130, 143, 156, 157, 158, 159, 160, 161, 162, 163, 164, 165, 152, 139, 140, 141, 142, 155, 168]
[00:00:02:19:811] ! Unidirectional s-t. expansions: 51,200, time: 139,809 [ms], path length: 90 [edges], generated: 69,643
[00:00:00:14:669] Path of length 90 found: [168, 155, 142, 141, 140, 139, 152, 165, 164, 163, 162, 161, 160, 159, 158, 157, 156, 143, 130, 131, 132, 133, 134, 135, 122, 109, 108, 107, 106, 105, 92, 79, 80, 81, 82, 83, 84, 85, 86, 99, 112, 113, 114, 115, 116, 103, 90, 89, 88, 87, 74, 61, 62, 63, 64, 51, 38, 25, 12, 11, 10, 9, 8, 7, 6, 19, 32, 45, 58, 57, 56, 43, 30, 17, 4, 3, 16, 29, 42, 55, 54, 53, 52, 39, 26, 27, 28, 15, 2, 1, 0]
[00:00:00:14:674] ! Unidirectional t-s. expansions: 1,607, time: 14,669 [ms], path length: 90 [edges], generated: 2,500
[00:00:00:53:586] Expansion 20,000: f=95, g=22
[00:00:01:38:853] Expansion 40,000: f=91, g=22
[00:00:01:40:710] Path of length 90 found: [0, 1, 2, 15, 28, 27, 26, 39, 52, 53, 54, 41, 42, 29, 16, 3, 4, 17, 30, 43, 56, 57, 58, 45, 32, 19, 6, 7, 8, 9, 10, 11, 12, 25, 38, 37, 36, 49, 62, 61, 74, 87, 88, 89, 90, 103, 116, 115, 114, 113, 112, 99, 86, 85, 84, 83, 82, 81, 80, 79, 92, 105, 106, 107, 108, 109, 122, 135, 134, 133, 132, 131, 130, 143, 156, 157, 158, 159, 160, 161, 162, 163, 164, 165, 152, 139, 140, 141, 142, 155, 168]
[00:00:01:40:714] ! Bidirectional. expansions: 40,772, time: 100,710 [ms], path length: 90 [edges], g_F: 39, g_B: 51, generated: 56,015, MM: 12, MMPER: 12.186813186813186%
[00:00:01:40:716] 
---------- mazes/13x13_maze_with_1_open_diamonds_2 ----------
[00:00:00:28:277] Expansion 10,000: state None, f=96, g=47
[00:00:00:48:070] Expansion 20,000: state None, f=94, g=34
[00:00:01:08:026] Path of length 92 found: [0, 1, 2, 3, 4, 17, 30, 43, 56, 55, 54, 41, 28, 27, 26, 39, 52, 65, 78, 79, 80, 81, 82, 83, 70, 57, 58, 45, 32, 19, 6, 7, 8, 9, 10, 11, 12, 25, 38, 37, 36, 49, 62, 61, 60, 59, 72, 71, 84, 85, 86, 87, 88, 89, 90, 103, 116, 115, 114, 113, 112, 99, 98, 111, 110, 97, 96, 109, 122, 135, 134, 133, 132, 131, 130, 143, 156, 157, 158, 159, 160, 161, 162, 163, 164, 165, 152, 139, 140, 141, 142, 155, 168]
[00:00:01:08:029] ! Unidirectional s-t. expansions: 29,438, time: 68,026 [ms], path length: 92 [edges], generated: 44,753
[00:00:00:24:221] Expansion 10,000: state None, f=96, g=49
[00:00:00:41:475] Expansion 20,000: state None, f=94, g=44
[00:00:00:51:649] Path of length 92 found: [168, 155, 142, 141, 140, 139, 152, 165, 164, 163, 162, 161, 160, 159, 158, 157, 156, 143, 130, 131, 132, 133, 134, 135, 122, 109, 110, 111, 112, 113, 114, 115, 116, 103, 90, 89, 88, 87, 86, 99, 98, 85, 72, 59, 60, 61, 62, 63, 64, 51, 38, 25, 12, 11, 10, 9, 8, 7, 6, 19, 32, 45, 58, 57, 70, 71, 84, 97, 96, 83, 82, 81, 80, 79, 78, 65, 52, 39, 26, 27, 28, 41, 54, 55, 56, 43, 30, 17, 4, 3, 2, 1, 0]
[00:00:00:51:656] ! Unidirectional t-s. expansions: 25,254, time: 51,654 [ms], path length: 92 [edges], generated: 36,149
[00:00:00:58:275] Expansion 20,000: f=93, g=40
[00:00:01:33:199] Path of length 92 found: [168, 155, 142, 141, 140, 139, 152, 165, 164, 163, 162, 161, 160, 159, 158, 157, 156, 143, 130, 131, 132, 133, 134, 135, 122, 109, 108, 107, 106, 105, 92, 79, 78, 65, 52, 39, 26, 27, 28, 41, 54, 55, 56, 57, 70, 83, 84, 97, 110, 111, 112, 113, 114, 115, 116, 103, 90, 89, 88, 87, 86, 99, 98, 85, 72, 71, 58, 59, 60, 61, 62, 49, 36, 37, 38, 25, 12, 11, 10, 9, 8, 7, 6, 19, 32, 31, 30, 17, 4, 3, 2, 1, 0]
[00:00:01:33:202] ! Bidirectional. expansions: 33,114, time: 93,199 [ms], path length: 92 [edges], g_F: 44, g_B: 48, generated: 52,422, MM: 4, MMPER: 3.301075268817204%
[00:00:01:33:204] 
---------- mazes/13x13_maze_with_1_open_diamonds_3 ----------
[00:00:00:29:189] Expansion 10,000: state None, f=92, g=56
[00:00:00:48:968] Expansion 20,000: state None, f=91, g=34
[00:00:00:50:964] Path of length 90 found: [0, 1, 2, 3, 4, 17, 30, 31, 32, 19, 6, 7, 8, 9, 10, 11, 12, 25, 38, 37, 36, 49, 62, 61, 60, 59, 58, 57, 56, 55, 54, 41, 28, 27, 26, 39, 52, 65, 78, 79, 80, 81, 82, 83, 84, 85, 86, 87, 88, 89, 90, 103, 116, 129, 142, 141, 140, 139, 126, 113, 114, 115, 102, 101, 100, 99, 98, 111, 110, 109, 122, 135, 134, 133, 132, 131, 130, 143, 156, 157, 158, 159, 160, 161, 162, 163, 164, 165, 166, 167, 168]
[00:00:00:50:966] ! Unidirectional s-t. expansions: 20,438, time: 50,965 [ms], path length: 90 [edges], generated: 31,641
[00:00:00:26:860] Expansion 10,000: state None, f=98, g=58
[00:00:00:48:130] Expansion 20,000: state None, f=95, g=59
[00:00:01:06:310] Expansion 30,000: state None, f=93, g=58
[00:00:01:24:924] Expansion 40,000: state None, f=92, g=39
[00:00:01:43:774] Path of length 90 found: [168, 167, 166, 165, 164, 163, 162, 161, 160, 159, 158, 157, 156, 143, 130, 131, 132, 133, 134, 135, 122, 109, 110, 111, 98, 85, 86, 99, 112, 113, 126, 139, 140, 141, 142, 129, 116, 115, 114, 101, 102, 103, 90, 89, 88, 87, 74, 61, 62, 63, 64, 51, 38, 25, 12, 11, 10, 9, 8, 7, 6, 19, 32, 45, 58, 71, 84, 83, 82, 81, 80, 79, 78, 65, 52, 39, 26, 27, 28, 41, 54, 55, 56, 43, 30, 17, 4, 3, 2, 1, 0]
[00:00:01:43:775] ! Unidirectional t-s. expansions: 49,827, time: 103,774 [ms], path length: 90 [edges], generated: 71,852
[00:00:00:57:762] Expansion 20,000: f=95, g=35
[00:00:01:49:652] Expansion 40,000: f=89, g=43
[00:00:02:02:864] Path of length 90 found: [168, 167, 166, 165, 164, 163, 162, 161, 160, 159, 158, 157, 156, 143, 130, 131, 132, 133, 134, 135, 122, 109, 110, 111, 112, 113, 126, 139, 140, 141, 142, 129, 116, 115, 114, 101, 102, 103, 90, 89, 88, 87, 100, 99, 98, 85, 84, 83, 82, 81, 80, 79, 78, 65, 52, 39, 26, 27, 28, 41, 54, 55, 56, 57, 58, 59, 60, 61, 62, 49, 36, 37, 38, 25, 12, 11, 10, 9, 8, 7, 6, 19, 32, 31, 30, 17, 4, 3, 2, 1, 0]
[00:00:02:02:867] ! Bidirectional. expansions: 44,405, time: 122,864 [ms], path length: 90 [edges], g_F: 50, g_B: 40, generated: 66,725, MM: 10, MMPER: 9.989010989010989%
[00:00:02:02:868] 
---------- mazes/13x13_maze_with_1_open_diamonds_4 ----------
[00:00:00:33:290] Expansion 10,000: state None, f=97, g=59
[00:00:00:55:444] Expansion 20,000: state None, f=95, g=25
[00:00:01:14:559] Expansion 30,000: state None, f=93, g=51
[00:00:01:23:154] Path of length 92 found: [0, 1, 2, 3, 4, 17, 30, 31, 32, 19, 6, 7, 8, 9, 10, 11, 12, 25, 38, 37, 36, 49, 62, 61, 60, 59, 58, 57, 56, 55, 54, 41, 28, 27, 26, 39, 52, 65, 78, 79, 80, 81, 82, 83, 84, 85, 86, 87, 88, 89, 90, 103, 116, 115, 114, 113, 112, 111, 110, 109, 108, 107, 106, 119, 132, 131, 130, 143, 156, 157, 158, 159, 160, 147, 134, 133, 120, 121, 122, 123, 136, 137, 150, 163, 164, 165, 152, 139, 140, 141, 142, 155, 168]
[00:00:01:23:156] ! Unidirectional s-t. expansions: 33,578, time: 83,154 [ms], path length: 92 [edges], generated: 51,823
[00:00:00:31:607] Expansion 10,000: state None, f=101, g=32
[00:00:00:55:511] Expansion 20,000: state None, f=99, g=33
[00:00:01:17:425] Expansion 30,000: state None, f=97, g=50
[00:00:01:38:217] Expansion 40,000: state None, f=96, g=45
[00:00:01:59:572] Expansion 50,000: state None, f=95, g=38
[00:00:02:18:405] Expansion 60,000: state None, f=94, g=63
[00:00:02:39:130] Expansion 70,000: state None, f=93, g=77
[00:00:03:00:496] Expansion 80,000: state None, f=93, g=34
[00:00:03:06:829] Path of length 92 found: [168, 167, 166, 165, 152, 139, 140, 141, 142, 129, 116, 103, 90, 89, 88, 87, 74, 61, 62, 63, 64, 51, 38, 25, 12, 11, 10, 9, 8, 7, 6, 19, 32, 45, 58, 71, 84, 85, 86, 99, 112, 111, 110, 123, 136, 137, 150, 163, 162, 161, 160, 159, 158, 157, 156, 143, 130, 131, 132, 119, 106, 107, 120, 133, 134, 135, 122, 109, 108, 95, 82, 81, 80, 79, 78, 65, 52, 39, 26, 27, 28, 41, 54, 55, 56, 43, 30, 17, 4, 3, 2, 1, 0]
[00:00:03:06:831] ! Unidirectional t-s. expansions: 82,439, time: 186,829 [ms], path length: 92 [edges], generated: 118,601
[00:00:01:05:359] Expansion 20,000: f=99, g=44
[00:00:01:55:465] Expansion 40,000: f=96, g=40
[00:00:02:46:626] Expansion 60,000: f=94, g=17
[00:00:03:37:200] Expansion 80,000: f=92, g=39
[00:00:04:05:982] Path of length 92 found: [0, 1, 2, 3, 4, 17, 30, 31, 32, 19, 6, 7, 8, 9, 10, 11, 12, 25, 38, 37, 36, 49, 62, 61, 60, 59, 58, 57, 56, 55, 54, 41, 28, 27, 26, 39, 52, 65, 78, 79, 92, 105, 106, 107, 120, 121, 122, 109, 108, 95, 82, 83, 84, 85, 86, 87, 88, 89, 90, 103, 116, 115, 114, 113, 112, 111, 110, 123, 136, 135, 134, 133, 132, 131, 130, 143, 156, 157, 158, 159, 160, 161, 162, 163, 164, 165, 152, 139, 140, 141, 142, 155, 168]
[00:00:04:05:986] ! Bidirectional. expansions: 90,131, time: 245,982 [ms], path length: 92 [edges], g_F: 41, g_B: 51, generated: 130,932, MM: 10, MMPER: 9.75268817204301%
[00:00:04:05:987] 
---------- mazes/13x13_maze_with_1_open_diamonds_5 ----------
[00:00:00:22:769] Expansion 10,000: state None, f=98, g=46
[00:00:01:03:760] Expansion 20,000: state None, f=95, g=60
[00:00:01:24:210] Expansion 30,000: state None, f=93, g=71
[00:00:01:40:181] Path of length 92 found: [0, 1, 2, 3, 4, 17, 30, 31, 32, 19, 6, 7, 8, 9, 10, 11, 12, 25, 38, 37, 36, 49, 62, 61, 60, 59, 58, 57, 56, 55, 54, 41, 28, 27, 26, 39, 52, 65, 78, 79, 80, 81, 82, 83, 84, 85, 86, 87, 88, 89, 90, 103, 116, 115, 114, 113, 112, 111, 110, 109, 108, 107, 106, 105, 118, 131, 130, 143, 156, 157, 158, 159, 146, 133, 132, 119, 120, 121, 122, 135, 136, 137, 150, 163, 164, 165, 152, 139, 140, 141, 142, 155, 168]
[00:00:01:40:184] ! Unidirectional s-t. expansions: 36,899, time: 100,181 [ms], path length: 92 [edges], generated: 55,900
[00:00:00:32:749] Expansion 10,000: state None, f=100, g=50
[00:00:00:55:688] Expansion 20,000: state None, f=98, g=49
[00:00:01:18:903] Expansion 30,000: state None, f=97, g=24
[00:00:01:40:740] Expansion 40,000: state None, f=96, g=31
[00:00:02:02:559] Expansion 50,000: state None, f=95, g=17
[00:00:02:22:065] Expansion 60,000: state None, f=94, g=42
[00:00:02:44:965] Expansion 70,000: state None, f=93, g=50
[00:00:03:02:800] Path of length 92 found: [168, 167, 166, 165, 152, 139, 140, 141, 142, 129, 116, 103, 90, 89, 88, 87, 74, 61, 62, 63, 64, 51, 38, 25, 12, 11, 10, 9, 8, 7, 6, 19, 32, 45, 58, 71, 84, 85, 86, 99, 112, 111, 110, 109, 122, 135, 136, 137, 150, 163, 162, 161, 160, 159, 158, 157, 156, 143, 130, 131, 118, 105, 106, 119, 132, 133, 134, 121, 108, 107, 94, 81, 80, 79, 78, 65, 52, 39, 26, 27, 28, 41, 54, 55, 56, 43, 30, 17, 4, 3, 2, 1, 0]
[00:00:03:02:804] ! Unidirectional t-s. expansions: 77,684, time: 182,802 [ms], path length: 92 [edges], generated: 112,634
[00:00:01:07:272] Expansion 20,000: f=99, g=35
[00:00:01:59:436] Expansion 40,000: f=96, g=33
[00:00:02:51:196] Expansion 60,000: f=94, g=32
[00:00:03:41:303] Expansion 80,000: f=92, g=26
[00:00:04:19:511] Path of length 92 found: [0, 1, 2, 3, 4, 17, 30, 31, 32, 19, 6, 7, 8, 9, 10, 11, 12, 25, 38, 37, 36, 49, 62, 61, 60, 59, 58, 57, 56, 55, 54, 41, 28, 27, 26, 39, 52, 65, 78, 79, 92, 105, 106, 119, 120, 121, 108, 107, 94, 81, 82, 83, 84, 85, 86, 87, 88, 89, 90, 103, 116, 115, 114, 113, 112, 111, 110, 109, 122, 135, 134, 133, 132, 131, 130, 143, 156, 157, 158, 159, 160, 161, 162, 163, 164, 165, 152, 139, 140, 141, 142, 155, 168]
[00:00:04:19:527] ! Bidirectional. expansions: 94,093, time: 259,523 [ms], path length: 92 [edges], g_F: 41, g_B: 51, generated: 136,532, MM: 10, MMPER: 9.75268817204301%
[00:00:04:19:529] 
---------- mazes/13x13_maze_with_1_open_diamonds_6 ----------
[00:00:00:43:801] Expansion 10,000: state None, f=95, g=31
[00:00:01:02:328] Path of length 92 found: [0, 1, 2, 3, 4, 17, 30, 43, 56, 55, 54, 41, 28, 27, 26, 39, 52, 65, 78, 79, 80, 81, 82, 83, 84, 71, 58, 45, 32, 19, 6, 7, 8, 9, 10, 11, 12, 25, 38, 51, 64, 63, 62, 49, 36, 35, 34, 47, 60, 59, 72, 85, 86, 73, 74, 87, 88, 89, 90, 103, 116, 115, 114, 113, 112, 111, 110, 109, 122, 135, 134, 133, 132, 131, 130, 143, 156, 157, 158, 159, 160, 161, 162, 163, 164, 165, 152, 139, 140, 141, 142, 155, 168]
[00:00:01:02:332] ! Unidirectional s-t. expansions: 19,096, time: 62,328 [ms], path length: 92 [edges], generated: 28,635
[00:00:00:18:604] Path of length 92 found: [168, 155, 142, 141, 140, 139, 152, 165, 164, 163, 162, 161, 160, 159, 158, 157, 156, 143, 130, 131, 132, 133, 134, 135, 122, 109, 110, 111, 112, 113, 114, 115, 116, 103, 90, 89, 88, 75, 74, 87, 86, 73, 60, 47, 34, 35, 36, 49, 62, 63, 64, 51, 38, 25, 12, 11, 10, 9, 8, 7, 6, 19, 32, 45, 58, 59, 72, 85, 84, 83, 82, 81, 80, 79, 78, 65, 52, 39, 26, 27, 28, 41, 54, 55, 56, 43, 30, 17, 4, 3, 2, 1, 0]
[00:00:00:18:607] ! Unidirectional t-s. expansions: 7,299, time: 18,604 [ms], path length: 92 [edges], generated: 10,743
[00:00:00:53:252] Expansion 20,000: f=91, g=34
[00:00:00:55:885] Path of length 92 found: [168, 155, 142, 141, 140, 139, 152, 165, 164, 163, 162, 161, 160, 159, 158, 157, 156, 143, 130, 131, 132, 133, 134, 135, 122, 109, 110, 111, 112, 113, 114, 115, 116, 103, 90, 89, 88, 75, 74, 87, 86, 85, 72, 73, 60, 47, 34, 35, 36, 49, 62, 63, 64, 51, 38, 25, 12, 11, 10, 9, 8, 7, 6, 19, 32, 45, 58, 71, 84, 83, 82, 81, 80, 79, 78, 65, 52, 39, 26, 27, 28, 41, 54, 55, 56, 43, 30, 17, 4, 3, 2, 1, 0]
[00:00:00:55:890] ! Bidirectional. expansions: 20,895, time: 55,886 [ms], path length: 92 [edges], g_F: 43, g_B: 49, generated: 32,347, MM: 6, MMPER: 5.451612903225806%
[00:00:00:55:893] 
---------- mazes/13x13_maze_with_1_open_diamonds_7 ----------
[00:00:00:27:429] Expansion 10,000: state None, f=97, g=44
[00:00:00:50:159] Expansion 20,000: state None, f=95, g=19
[00:00:00:51:487] Path of length 94 found: [0, 1, 2, 3, 4, 17, 30, 31, 32, 19, 6, 7, 8, 9, 10, 11, 12, 25, 38, 51, 64, 63, 62, 49, 36, 35, 34, 21, 20, 33, 46, 47, 60, 61, 74, 87, 88, 89, 90, 103, 116, 115, 114, 113, 112, 99, 86, 85, 84, 71, 58, 57, 56, 55, 54, 41, 28, 27, 26, 39, 52, 65, 78, 79, 92, 105, 106, 107, 108, 109, 122, 135, 134, 133, 132, 131, 130, 143, 156, 157, 158, 159, 160, 161, 162, 163, 164, 165, 152, 139, 140, 141, 142, 155, 168]
[00:00:00:51:489] ! Unidirectional s-t. expansions: 20,475, time: 51,487 [ms], path length: 94 [edges], generated: 28,904
[00:00:00:02:642] Path of length 94 found: [168, 155, 142, 141, 140, 139, 152, 165, 164, 163, 162, 161, 160, 159, 158, 157, 156, 143, 130, 131, 132, 133, 134, 135, 122, 109, 108, 107, 106, 105, 92, 79, 78, 65, 52, 39, 26, 27, 28, 41, 54, 55, 56, 57, 58, 71, 84, 85, 86, 99, 112, 113, 114, 115, 116, 103, 90, 89, 88, 87, 74, 61, 60, 59, 46, 47, 34, 35, 36, 49, 62, 63, 64, 51, 38, 25, 12, 11, 10, 9, 8, 21, 20, 7, 6, 19, 32, 31, 30, 17, 4, 3, 2, 1, 0]
[00:00:00:02:643] ! Unidirectional t-s. expansions: 1,663, time: 2,642 [ms], path length: 94 [edges], generated: 2,602
[00:00:00:46:737] Path of length 94 found: [168, 155, 142, 141, 140, 139, 152, 165, 164, 163, 162, 161, 160, 159, 158, 157, 156, 143, 130, 131, 132, 133, 134, 135, 122, 109, 108, 107, 106, 105, 92, 79, 78, 65, 52, 39, 26, 27, 28, 41, 54, 55, 56, 57, 58, 71, 84, 85, 86, 99, 112, 113, 114, 115, 116, 103, 90, 89, 88, 87, 74, 61, 60, 47, 46, 33, 20, 21, 34, 35, 36, 49, 62, 63, 64, 51, 38, 25, 12, 11, 10, 9, 8, 7, 6, 19, 32, 31, 30, 17, 4, 3, 2, 1, 0]
[00:00:00:46:749] ! Bidirectional. expansions: 17,115, time: 46,737 [ms], path length: 94 [edges], g_F: 44, g_B: 50, generated: 24,388, MM: 6, MMPER: 5.315789473684211%
[00:00:00:46:753] 
---------- mazes/13x13_maze_with_1_open_diamonds_8 ----------
[00:00:00:26:588] Expansion 10,000: state None, f=97, g=44
[00:00:00:49:059] Expansion 20,000: state None, f=95, g=19
[00:00:00:50:353] Path of length 94 found: [0, 1, 2, 3, 4, 17, 30, 31, 32, 19, 6, 7, 8, 9, 10, 11, 12, 25, 38, 51, 64, 63, 62, 49, 36, 35, 34, 21, 20, 33, 46, 47, 60, 61, 74, 87, 88, 89, 90, 103, 116, 115, 114, 113, 112, 99, 86, 85, 84, 71, 58, 57, 56, 55, 54, 41, 28, 27, 26, 39, 52, 65, 78, 79, 92, 105, 106, 107, 108, 109, 122, 135, 134, 133, 132, 131, 130, 143, 156, 157, 158, 159, 160, 161, 162, 163, 164, 165, 152, 139, 140, 141, 142, 155, 168]
[00:00:00:50:355] ! Unidirectional s-t. expansions: 20,475, time: 50,353 [ms], path length: 94 [edges], generated: 28,904
[00:00:00:02:562] Path of length 94 found: [168, 155, 142, 141, 140, 139, 152, 165, 164, 163, 162, 161, 160, 159, 158, 157, 156, 143, 130, 131, 132, 133, 134, 135, 122, 109, 108, 107, 106, 105, 92, 79, 78, 65, 52, 39, 26, 27, 28, 41, 54, 55, 56, 57, 58, 71, 84, 85, 86, 99, 112, 113, 114, 115, 116, 103, 90, 89, 88, 87, 74, 61, 60, 59, 46, 47, 34, 35, 36, 49, 62, 63, 64, 51, 38, 25, 12, 11, 10, 9, 8, 21, 20, 7, 6, 19, 32, 31, 30, 17, 4, 3, 2, 1, 0]
[00:00:00:02:563] ! Unidirectional t-s. expansions: 1,663, time: 2,562 [ms], path length: 94 [edges], generated: 2,602
[00:00:00:45:705] Path of length 94 found: [168, 155, 142, 141, 140, 139, 152, 165, 164, 163, 162, 161, 160, 159, 158, 157, 156, 143, 130, 131, 132, 133, 134, 135, 122, 109, 108, 107, 106, 105, 92, 79, 78, 65, 52, 39, 26, 27, 28, 41, 54, 55, 56, 57, 58, 71, 84, 85, 86, 99, 112, 113, 114, 115, 116, 103, 90, 89, 88, 87, 74, 61, 60, 47, 46, 33, 20, 21, 34, 35, 36, 49, 62, 63, 64, 51, 38, 25, 12, 11, 10, 9, 8, 7, 6, 19, 32, 31, 30, 17, 4, 3, 2, 1, 0]
[00:00:00:45:709] ! Bidirectional. expansions: 17,115, time: 45,705 [ms], path length: 94 [edges], g_F: 44, g_B: 50, generated: 24,388, MM: 6, MMPER: 5.315789473684211%
[00:00:00:45:711] 
---------- mazes/13x13_maze_with_1_open_diamonds_9 ----------
[00:00:00:26:111] Expansion 10,000: state None, f=96, g=74
[00:00:00:44:779] Expansion 20,000: state None, f=95, g=42
[00:00:00:59:445] Expansion 30,000: state None, f=94, g=57
[00:00:01:15:961] Expansion 40,000: state None, f=93, g=60
[00:00:01:30:341] Path of length 92 found: [0, 1, 2, 3, 4, 17, 30, 31, 32, 19, 6, 7, 8, 9, 10, 11, 12, 25, 38, 37, 36, 49, 62, 61, 74, 87, 88, 89, 90, 103, 116, 115, 114, 113, 126, 125, 112, 111, 98, 99, 86, 85, 84, 71, 58, 57, 56, 55, 54, 41, 28, 27, 26, 39, 52, 65, 78, 79, 92, 105, 106, 107, 108, 109, 110, 123, 124, 137, 136, 135, 134, 133, 132, 131, 130, 143, 156, 157, 158, 159, 160, 161, 162, 163, 164, 165, 152, 139, 140, 141, 142, 155, 168]
[00:00:01:30:343] ! Unidirectional s-t. expansions: 46,531, time: 90,341 [ms], path length: 92 [edges], generated: 70,258
[00:00:00:29:106] Expansion 10,000: state None, f=105, g=30
[00:00:00:50:372] Expansion 20,000: state None, f=103, g=54
[00:00:01:09:786] Expansion 30,000: state None, f=102, g=42
[00:00:01:31:643] Expansion 40,000: state None, f=101, g=48
[00:00:01:51:580] Expansion 50,000: state None, f=100, g=42
[00:00:02:10:284] Expansion 60,000: state None, f=99, g=56
[00:00:02:31:108] Expansion 70,000: state None, f=98, g=59
[00:00:02:52:664] Expansion 80,000: state None, f=98, g=36
[00:00:03:10:686] Expansion 90,000: state None, f=97, g=53
[00:00:03:27:531] Expansion 100,000: state None, f=96, g=57
[00:00:03:46:163] Expansion 110,000: state None, f=96, g=49
[00:00:04:05:560] Expansion 120,000: state None, f=95, g=69
[00:00:04:24:050] Expansion 130,000: state None, f=95, g=51
[00:00:04:41:554] Expansion 140,000: state None, f=94, g=75
[00:00:04:53:821] Expansion 150,000: state None, f=94, g=65
[00:00:05:09:189] Expansion 160,000: state None, f=94, g=60
[00:00:05:34:321] Expansion 170,000: state None, f=94, g=32
[00:00:05:49:628] Expansion 180,000: state None, f=93, g=63
[00:00:06:05:167] Expansion 190,000: state None, f=93, g=50
[00:00:06:24:136] Path of length 92 found: [168, 155, 142, 141, 140, 139, 152, 165, 164, 163, 162, 161, 160, 159, 158, 157, 156, 143, 130, 131, 132, 133, 134, 135, 122, 109, 110, 123, 136, 137, 138, 125, 124, 111, 98, 85, 86, 99, 112, 113, 114, 115, 116, 103, 90, 89, 88, 87, 74, 61, 62, 63, 64, 51, 38, 25, 12, 11, 10, 9, 8, 7, 6, 19, 32, 45, 58, 71, 84, 83, 82, 81, 80, 79, 78, 65, 52, 39, 26, 27, 28, 41, 54, 55, 56, 43, 30, 17, 4, 3, 2, 1, 0]
[00:00:06:24:138] ! Unidirectional t-s. expansions: 198,275, time: 384,137 [ms], path length: 92 [edges], generated: 276,295
[00:00:01:16:082] Expansion 20,000: f=103, g=49
[00:00:02:03:852] Expansion 40,000: f=100, g=43
[00:00:02:51:770] Expansion 60,000: f=98, g=33
[00:00:03:41:993] Expansion 80,000: f=95, g=46
[00:00:04:33:524] Expansion 100,000: f=93, g=34
[00:00:05:28:450] Expansion 120,000: f=90, g=43
[00:00:06:22:253] Expansion 140,000: f=89, g=28
[00:00:06:30:299] Path of length 92 found: [0, 1, 2, 3, 4, 17, 30, 31, 32, 19, 6, 7, 8, 9, 10, 11, 12, 25, 38, 37, 36, 49, 62, 61, 60, 59, 58, 57, 56, 55, 54, 41, 28, 27, 26, 39, 52, 65, 78, 79, 92, 105, 106, 107, 108, 109, 110, 123, 124, 111, 112, 99, 98, 85, 86, 87, 88, 89, 90, 103, 116, 115, 114, 113, 126, 125, 138, 137, 136, 135, 134, 133, 132, 131, 130, 143, 156, 157, 158, 159, 160, 161, 162, 163, 164, 165, 152, 139, 140, 141, 142, 155, 168]
[00:00:06:30:306] ! Bidirectional. expansions: 142,516, time: 390,302 [ms], path length: 92 [edges], g_F: 38, g_B: 54, generated: 202,647, MM: 16, MMPER: 16.204301075268816%
[00:00:06:30:312] average expansions: (30,949, 55,400, 59,904, 0)
[00:00:06:30:318] average time: (76,736, 118,557, 162,128, 0)
[00:00:06:30:324] XA*: 30,949 , 76,736 (expansions , time[ms])
[00:00:06:30:330] XMM: 59,904 , 162,128 (expansions , time[ms])

