--------------------------
date: mazes
number_of_graphs: 10
graph_type: maze
size_of_graphs: [13, 13]
heuristic: bcc_heuristic
snake: False
run_uni: True
run_bi: True
run_multi: False
solution_vertices: []
algorithms: ['DFBnB']
lookahead: 3
bsd: False
cube_first_dims: 4
cube_buffer_dim: None
backward_sym_generation: False
sym_coil: False
prefix_set: None

---------- mazes/13x13_maze_with_1_open_diamonds_0 ----------
[00:00:01:24:644] Path of length 92 found: [0, 1, 2, 3, 4, 17, 30, 31, 32, 19, 6, 7, 8, 9, 10, 11, 12, 25, 38, 37, 36, 49, 62, 61, 60, 59, 58, 57, 56, 55, 54, 41, 28, 27, 26, 39, 52, 65, 78, 79, 80, 81, 82, 83, 84, 85, 86, 87, 88, 89, 90, 103, 116, 115, 114, 113, 112, 111, 110, 109, 108, 107, 106, 105, 118, 131, 130, 143, 156, 157, 158, 159, 146, 145, 132, 119, 120, 133, 134, 135, 136, 137, 150, 163, 164, 165, 152, 139, 140, 141, 142, 155, 168]
[00:00:01:24:645] ! Unidirectional s-t. expansions: 15,831, time: 84,644 [ms], path length: 92 [edges], generated: 95,263
[00:00:02:57:687] Valid states checked so far: 200,000, Expansions: 36,094, Global best: 91
[00:00:05:19:272] Path of length 92 found: [168, 155, 142, 141, 140, 139, 152, 165, 164, 163, 150, 137, 136, 135, 134, 133, 120, 119, 132, 145, 146, 159, 158, 157, 156, 143, 130, 131, 118, 105, 106, 107, 108, 109, 110, 111, 112, 113, 114, 115, 116, 103, 90, 89, 88, 87, 86, 85, 84, 83, 82, 81, 80, 79, 78, 65, 52, 39, 26, 27, 28, 41, 54, 55, 56, 57, 58, 59, 60, 61, 62, 63, 64, 51, 38, 25, 12, 11, 10, 9, 8, 7, 6, 19, 32, 31, 30, 17, 4, 3, 2, 1, 0]
[00:00:05:19:273] ! Unidirectional t-s. expansions: 64,155, time: 319,273 [ms], path length: 92 [edges], generated: 351,817
[00:00:00:00:001] Expansions: 0. Checks - state_vs_state: 0, state_vs_prefix: 0, prefix_vs_prefix: 1
[00:00:01:09:159] Path of length 92 found: [0, 1, 2, 3, 4, 17, 30, 31, 32, 19, 6, 7, 8, 9, 10, 11, 12, 25, 38, 37, 36, 49, 62, 61, 60, 59, 58, 57, 56, 55, 54, 41, 28, 27, 26, 39, 52, 65, 78, 79, 80, 81, 82, 83, 84, 85, 86, 87, 88, 89, 90, 103, 116, 115, 114, 113, 112, 111, 110, 109, 108, 107, 106, 105, 118, 131, 130, 143, 156, 157, 158, 159, 146, 145, 132, 119, 120, 133, 134, 135, 136, 137, 150, 163, 164, 165, 152, 139, 140, 141, 142, 155, 168]
[00:00:01:09:161] ! Bidirectional. expansions: 6,894, time: 69,159 [ms], path length: 92 [edges], g_F: 55, g_B: 37, generated: {'F': 28,067, 'B': 18,972}, MM: 18, MMPER: 18.35483870967742%
[00:00:01:09:161] 
---------- mazes/13x13_maze_with_1_open_diamonds_1 ----------
[00:00:01:51:478] Path of length 90 found: [0, 1, 2, 15, 28, 27, 26, 39, 52, 53, 54, 41, 42, 29, 16, 3, 4, 17, 30, 43, 56, 57, 58, 45, 32, 19, 6, 7, 8, 9, 10, 11, 12, 25, 38, 37, 36, 49, 62, 61, 74, 87, 88, 89, 90, 103, 116, 115, 114, 113, 112, 99, 86, 85, 84, 83, 82, 81, 80, 79, 92, 105, 106, 107, 108, 109, 122, 135, 134, 133, 132, 131, 130, 143, 156, 157, 158, 159, 160, 161, 162, 163, 164, 165, 152, 139, 140, 141, 142, 155, 168]
[00:00:01:51:478] ! Unidirectional s-t. expansions: 21,921, time: 111,478 [ms], path length: 90 [edges], generated: 109,145
[00:00:00:04:003] Path of length 90 found: [168, 155, 142, 141, 140, 139, 152, 165, 164, 163, 162, 161, 160, 159, 158, 157, 156, 143, 130, 131, 132, 133, 134, 135, 122, 109, 108, 107, 106, 105, 92, 79, 80, 81, 82, 83, 84, 85, 86, 99, 112, 113, 114, 115, 116, 103, 90, 89, 88, 87, 74, 61, 62, 63, 64, 51, 38, 25, 12, 11, 10, 9, 8, 7, 6, 19, 32, 45, 58, 57, 56, 43, 30, 17, 4, 3, 16, 29, 42, 41, 54, 53, 52, 39, 26, 27, 28, 15, 2, 1, 0]
[00:00:00:04:003] ! Unidirectional t-s. expansions: 804, time: 4,003 [ms], path length: 90 [edges], generated: 5,528
[00:00:00:00:001] Expansions: 0. Checks - state_vs_state: 0, state_vs_prefix: 0, prefix_vs_prefix: 1
[00:00:02:08:876] Path of length 90 found: [0, 13, 26, 39, 52, 53, 54, 41, 28, 15, 2, 3, 4, 17, 16, 29, 30, 43, 42, 55, 56, 57, 58, 45, 32, 19, 6, 7, 8, 9, 10, 11, 12, 25, 38, 37, 36, 49, 62, 61, 74, 87, 88, 89, 90, 103, 116, 115, 114, 113, 112, 99, 86, 85, 84, 83, 82, 81, 80, 79, 92, 105, 106, 107, 108, 109, 122, 135, 134, 133, 132, 131, 130, 143, 156, 157, 158, 159, 160, 161, 162, 163, 164, 165, 152, 139, 140, 141, 142, 155, 168]
[00:00:02:08:876] ! Bidirectional. expansions: 16,430, time: 128,876 [ms], path length: 90 [edges], g_F: 54, g_B: 36, generated: {'F': 58,160, 'B': 27,707}, MM: 18, MMPER: 18.78021978021978%
[00:00:02:08:877] 
---------- mazes/13x13_maze_with_1_open_diamonds_2 ----------
[00:00:01:07:484] Path of length 92 found: [0, 1, 2, 3, 4, 17, 30, 43, 56, 55, 54, 41, 28, 27, 26, 39, 52, 65, 78, 79, 80, 81, 82, 83, 70, 57, 58, 45, 32, 19, 6, 7, 8, 9, 10, 11, 12, 25, 38, 37, 36, 49, 62, 61, 60, 59, 72, 71, 84, 85, 98, 99, 86, 87, 88, 89, 90, 103, 116, 115, 114, 113, 112, 111, 110, 97, 96, 109, 122, 135, 134, 133, 132, 131, 130, 143, 156, 157, 158, 159, 160, 161, 162, 163, 164, 165, 152, 139, 140, 141, 142, 155, 168]
[00:00:01:07:484] ! Unidirectional s-t. expansions: 12,797, time: 67,484 [ms], path length: 92 [edges], generated: 78,871
[00:00:01:19:943] Path of length 92 found: [168, 155, 142, 141, 140, 139, 152, 165, 164, 163, 162, 161, 160, 159, 158, 157, 156, 143, 130, 131, 132, 133, 134, 135, 122, 109, 108, 107, 106, 105, 92, 79, 78, 65, 52, 39, 26, 27, 28, 41, 54, 55, 56, 57, 70, 83, 96, 97, 110, 111, 98, 99, 112, 113, 114, 115, 116, 103, 90, 89, 88, 87, 86, 85, 84, 71, 72, 59, 60, 61, 62, 63, 64, 51, 38, 25, 12, 11, 10, 9, 8, 7, 6, 19, 32, 31, 30, 17, 4, 3, 2, 1, 0]
[00:00:01:19:943] ! Unidirectional t-s. expansions: 18,688, time: 79,943 [ms], path length: 92 [edges], generated: 105,262
[00:00:00:00:001] Expansions: 0. Checks - state_vs_state: 0, state_vs_prefix: 0, prefix_vs_prefix: 1
[00:00:00:20:044] Path of length 92 found: [0, 1, 2, 3, 4, 17, 30, 43, 56, 55, 54, 41, 28, 27, 26, 39, 52, 65, 78, 79, 80, 81, 82, 83, 70, 57, 58, 45, 32, 19, 6, 7, 8, 9, 10, 11, 12, 25, 38, 37, 36, 49, 62, 61, 60, 59, 72, 71, 84, 85, 86, 87, 88, 89, 90, 103, 116, 115, 114, 113, 112, 99, 98, 111, 110, 97, 96, 109, 122, 135, 134, 133, 132, 131, 130, 143, 156, 157, 158, 159, 160, 161, 162, 163, 164, 165, 152, 139, 140, 141, 142, 155, 168]
[00:00:00:20:045] ! Bidirectional. expansions: 2,489, time: 20,044 [ms], path length: 92 [edges], g_F: 56, g_B: 36, generated: {'F': 10,244, 'B': 7,132}, MM: 20, MMPER: 20.50537634408602%
[00:00:00:20:046] 
---------- mazes/13x13_maze_with_1_open_diamonds_3 ----------
[00:00:00:42:522] Path of length 90 found: [0, 1, 2, 3, 4, 17, 30, 43, 56, 55, 54, 41, 28, 27, 26, 39, 52, 65, 78, 79, 80, 81, 82, 83, 84, 71, 58, 45, 32, 19, 6, 7, 8, 9, 10, 11, 12, 25, 38, 37, 36, 49, 62, 61, 74, 87, 86, 85, 98, 99, 100, 101, 88, 89, 90, 103, 102, 115, 116, 129, 142, 141, 140, 139, 126, 113, 112, 111, 110, 109, 122, 135, 134, 133, 132, 131, 130, 143, 156, 157, 158, 159, 160, 161, 162, 163, 164, 165, 166, 167, 168]
[00:00:00:42:523] ! Unidirectional s-t. expansions: 8,105, time: 42,523 [ms], path length: 90 [edges], generated: 51,268
[00:00:01:52:224] Path of length 90 found: [168, 167, 166, 165, 164, 163, 162, 161, 160, 159, 158, 157, 156, 143, 130, 131, 132, 133, 134, 135, 122, 109, 108, 107, 106, 105, 92, 79, 78, 65, 52, 39, 26, 27, 28, 41, 54, 55, 56, 57, 58, 71, 84, 85, 98, 111, 112, 113, 126, 139, 140, 141, 142, 129, 116, 103, 90, 89, 102, 115, 114, 101, 100, 99, 86, 87, 74, 61, 62, 63, 64, 51, 38, 25, 12, 11, 10, 9, 8, 7, 6, 19, 32, 31, 30, 17, 4, 3, 2, 1, 0]
[00:00:01:52:224] ! Unidirectional t-s. expansions: 24,016, time: 112,224 [ms], path length: 90 [edges], generated: 133,446
[00:00:00:00:001] Expansions: 0. Checks - state_vs_state: 0, state_vs_prefix: 0, prefix_vs_prefix: 1
[00:00:01:14:780] Path of length 90 found: [0, 1, 2, 3, 4, 17, 30, 43, 56, 55, 54, 41, 28, 27, 26, 39, 52, 65, 78, 79, 80, 81, 82, 83, 84, 71, 58, 45, 32, 19, 6, 7, 8, 9, 10, 11, 12, 25, 38, 37, 36, 49, 62, 61, 74, 87, 100, 101, 88, 89, 90, 103, 102, 115, 116, 129, 142, 141, 140, 139, 126, 113, 112, 99, 86, 85, 98, 111, 110, 109, 122, 135, 134, 133, 132, 131, 130, 143, 156, 157, 158, 159, 160, 161, 162, 163, 164, 165, 166, 167, 168]
[00:00:01:14:781] ! Bidirectional. expansions: 7,176, time: 74,780 [ms], path length: 90 [edges], g_F: 55, g_B: 35, generated: {'F': 29,772, 'B': 20,584}, MM: 20, MMPER: 20.978021978021978%
[00:00:01:14:781] 
---------- mazes/13x13_maze_with_1_open_diamonds_4 ----------
[00:00:01:20:347] Path of length 92 found: [0, 1, 2, 3, 4, 17, 30, 43, 56, 55, 54, 41, 28, 27, 26, 39, 52, 65, 78, 79, 80, 81, 82, 95, 108, 107, 106, 119, 132, 131, 130, 143, 156, 157, 158, 159, 160, 161, 162, 163, 150, 137, 136, 135, 134, 133, 120, 121, 122, 109, 110, 111, 112, 99, 86, 85, 84, 71, 58, 45, 32, 19, 6, 7, 8, 9, 10, 11, 12, 25, 38, 37, 36, 49, 62, 61, 74, 87, 88, 89, 90, 103, 116, 129, 142, 141, 140, 139, 152, 165, 166, 167, 168]
[00:00:01:20:348] ! Unidirectional s-t. expansions: 15,233, time: 80,348 [ms], path length: 92 [edges], generated: 94,836
[00:00:02:55:110] Valid states checked so far: 200,000, Expansions: 35,649, Global best: 93
[00:00:03:09:802] Path of length 92 found: [168, 167, 166, 165, 152, 139, 140, 141, 142, 129, 116, 103, 90, 89, 88, 87, 74, 61, 62, 63, 64, 51, 38, 25, 12, 11, 10, 9, 8, 7, 6, 19, 32, 45, 58, 71, 84, 85, 86, 99, 112, 111, 110, 109, 122, 123, 136, 137, 150, 163, 162, 161, 160, 159, 158, 157, 156, 143, 130, 131, 132, 133, 134, 121, 120, 119, 106, 107, 108, 95, 82, 81, 80, 79, 78, 65, 52, 39, 26, 27, 28, 41, 54, 55, 56, 43, 30, 17, 4, 3, 2, 1, 0]
[00:00:03:09:802] ! Unidirectional t-s. expansions: 38,127, time: 189,802 [ms], path length: 92 [edges], generated: 214,728
[00:00:00:00:001] Expansions: 0. Checks - state_vs_state: 0, state_vs_prefix: 0, prefix_vs_prefix: 1
[00:00:00:59:969] Path of length 92 found: [0, 1, 2, 3, 4, 17, 30, 43, 56, 55, 54, 41, 28, 27, 26, 39, 52, 65, 78, 79, 80, 81, 82, 95, 108, 107, 106, 119, 132, 131, 130, 143, 156, 157, 158, 159, 160, 161, 162, 163, 150, 137, 136, 135, 134, 133, 120, 121, 122, 109, 110, 111, 112, 99, 86, 85, 84, 71, 58, 45, 32, 19, 6, 7, 8, 9, 10, 11, 12, 25, 38, 51, 64, 63, 62, 61, 74, 87, 88, 89, 90, 103, 116, 129, 142, 141, 140, 139, 152, 165, 166, 167, 168]
[00:00:00:59:970] ! Bidirectional. expansions: 6,881, time: 59,969 [ms], path length: 92 [edges], g_F: 55, g_B: 37, generated: {'F': 29,007, 'B': 17,245}, MM: 18, MMPER: 18.35483870967742%
[00:00:00:59:971] 
---------- mazes/13x13_maze_with_1_open_diamonds_5 ----------
[00:00:01:25:610] Path of length 92 found: [0, 1, 2, 3, 4, 17, 30, 43, 56, 55, 54, 41, 28, 27, 26, 39, 52, 65, 78, 79, 80, 81, 94, 107, 106, 105, 118, 131, 130, 143, 156, 157, 158, 159, 160, 161, 162, 163, 150, 137, 136, 135, 134, 133, 132, 119, 120, 121, 108, 109, 110, 111, 112, 99, 86, 85, 84, 71, 58, 45, 32, 19, 6, 7, 8, 9, 10, 11, 12, 25, 38, 37, 36, 49, 62, 61, 74, 87, 88, 89, 90, 103, 116, 129, 142, 141, 140, 139, 152, 165, 166, 167, 168]
[00:00:01:25:610] ! Unidirectional s-t. expansions: 16,830, time: 85,610 [ms], path length: 92 [edges], generated: 101,327
[00:00:02:56:988] Valid states checked so far: 200,000, Expansions: 35,224, Global best: 93
[00:00:03:00:974] Path of length 92 found: [168, 167, 166, 165, 152, 139, 140, 141, 142, 129, 116, 103, 90, 89, 88, 87, 74, 61, 62, 63, 64, 51, 38, 25, 12, 11, 10, 9, 8, 7, 6, 19, 32, 45, 58, 71, 84, 85, 86, 99, 112, 111, 110, 109, 108, 121, 120, 119, 132, 133, 134, 135, 136, 137, 150, 163, 162, 161, 160, 159, 158, 157, 156, 143, 130, 131, 118, 105, 106, 107, 94, 81, 80, 79, 78, 65, 52, 39, 26, 27, 28, 41, 54, 55, 56, 43, 30, 17, 4, 3, 2, 1, 0]
[00:00:03:00:974] ! Unidirectional t-s. expansions: 35,873, time: 180,974 [ms], path length: 92 [edges], generated: 204,155
[00:00:00:00:001] Expansions: 0. Checks - state_vs_state: 0, state_vs_prefix: 0, prefix_vs_prefix: 1
[00:00:01:04:103] Path of length 92 found: [0, 1, 2, 3, 4, 17, 30, 43, 56, 55, 54, 41, 28, 27, 26, 39, 52, 65, 78, 79, 80, 81, 94, 107, 106, 105, 118, 131, 130, 143, 156, 157, 158, 159, 160, 161, 162, 163, 150, 137, 136, 135, 134, 133, 132, 119, 120, 121, 108, 109, 110, 111, 112, 99, 86, 85, 84, 71, 58, 45, 32, 19, 6, 7, 8, 9, 10, 11, 12, 25, 38, 51, 64, 63, 62, 61, 74, 87, 88, 89, 90, 103, 116, 129, 142, 141, 140, 139, 152, 165, 166, 167, 168]
[00:00:01:04:104] ! Bidirectional. expansions: 7,187, time: 64,103 [ms], path length: 92 [edges], g_F: 56, g_B: 36, generated: {'F': 29,969, 'B': 18,573}, MM: 20, MMPER: 20.50537634408602%
[00:00:01:04:104] 
---------- mazes/13x13_maze_with_1_open_diamonds_6 ----------
[00:00:00:39:944] Path of length 92 found: [0, 1, 2, 3, 4, 17, 30, 43, 56, 55, 54, 41, 28, 27, 26, 39, 52, 65, 78, 79, 80, 81, 82, 83, 84, 71, 58, 45, 32, 19, 6, 7, 8, 9, 10, 11, 12, 25, 38, 51, 64, 63, 62, 49, 36, 35, 34, 47, 60, 59, 72, 85, 86, 73, 74, 87, 88, 89, 90, 103, 116, 115, 114, 113, 112, 111, 110, 109, 122, 135, 134, 133, 132, 131, 130, 143, 156, 157, 158, 159, 160, 161, 162, 163, 164, 165, 152, 139, 140, 141, 142, 155, 168]
[00:00:00:39:944] ! Unidirectional s-t. expansions: 7,737, time: 39,944 [ms], path length: 92 [edges], generated: 45,679
[00:00:00:26:018] Path of length 92 found: [168, 155, 142, 141, 140, 139, 152, 165, 164, 163, 162, 161, 160, 159, 158, 157, 156, 143, 130, 131, 132, 133, 134, 135, 122, 109, 108, 107, 106, 105, 92, 79, 78, 65, 52, 39, 26, 27, 28, 41, 54, 55, 56, 57, 58, 71, 84, 85, 72, 73, 86, 99, 112, 113, 114, 115, 116, 103, 90, 89, 88, 75, 74, 61, 60, 47, 34, 35, 36, 49, 62, 63, 64, 51, 38, 25, 12, 11, 10, 9, 8, 7, 6, 19, 32, 31, 30, 17, 4, 3, 2, 1, 0]
[00:00:00:26:019] ! Unidirectional t-s. expansions: 6,227, time: 26,018 [ms], path length: 92 [edges], generated: 36,539
[00:00:00:00:001] Expansions: 0. Checks - state_vs_state: 0, state_vs_prefix: 0, prefix_vs_prefix: 1
[00:00:00:18:571] Path of length 92 found: [0, 1, 2, 3, 4, 17, 30, 43, 56, 55, 54, 41, 28, 27, 26, 39, 52, 65, 78, 79, 80, 81, 82, 83, 84, 71, 58, 45, 32, 19, 6, 7, 8, 9, 10, 11, 12, 25, 38, 51, 64, 63, 62, 49, 36, 35, 34, 47, 60, 59, 72, 85, 86, 73, 74, 87, 88, 89, 90, 103, 116, 115, 114, 113, 112, 111, 110, 109, 122, 135, 134, 133, 132, 131, 130, 143, 156, 157, 158, 159, 160, 161, 162, 163, 164, 165, 152, 139, 140, 141, 142, 155, 168]
[00:00:00:18:572] ! Bidirectional. expansions: 2,577, time: 18,571 [ms], path length: 92 [edges], g_F: 59, g_B: 33, generated: {'F': 10,255, 'B': 5,613}, MM: 26, MMPER: 26.956989247311828%
[00:00:00:18:572] 
---------- mazes/13x13_maze_with_1_open_diamonds_7 ----------
[00:00:00:44:821] Path of length 94 found: [0, 1, 2, 3, 4, 17, 30, 31, 32, 19, 6, 7, 20, 21, 8, 9, 10, 11, 12, 25, 38, 51, 64, 63, 62, 49, 36, 35, 34, 33, 46, 59, 60, 61, 74, 87, 88, 89, 90, 103, 116, 115, 114, 113, 112, 99, 86, 85, 84, 71, 58, 57, 56, 55, 54, 41, 28, 27, 26, 39, 52, 65, 78, 79, 92, 105, 106, 107, 108, 109, 122, 135, 134, 133, 132, 131, 130, 143, 156, 157, 158, 159, 160, 161, 162, 163, 164, 165, 152, 139, 140, 141, 142, 155, 168]
[00:00:00:44:822] ! Unidirectional s-t. expansions: 8,480, time: 44,821 [ms], path length: 94 [edges], generated: 45,658
[00:00:00:08:493] Path of length 94 found: [168, 155, 142, 141, 140, 139, 152, 165, 164, 163, 162, 161, 160, 159, 158, 157, 156, 143, 130, 131, 132, 133, 134, 135, 122, 109, 108, 107, 106, 105, 92, 79, 78, 65, 52, 39, 26, 27, 28, 41, 54, 55, 56, 57, 58, 71, 84, 85, 86, 99, 112, 113, 114, 115, 116, 103, 90, 89, 88, 87, 74, 61, 60, 59, 46, 47, 34, 35, 36, 49, 62, 63, 64, 51, 38, 25, 12, 11, 10, 9, 8, 21, 20, 7, 6, 19, 32, 31, 30, 17, 4, 3, 2, 1, 0]
[00:00:00:08:493] ! Unidirectional t-s. expansions: 2,159, time: 8,493 [ms], path length: 94 [edges], generated: 15,030
[00:00:00:00:001] Expansions: 0. Checks - state_vs_state: 0, state_vs_prefix: 0, prefix_vs_prefix: 1
[00:00:00:33:674] Path of length 94 found: [0, 1, 2, 3, 4, 17, 30, 31, 32, 19, 6, 7, 20, 21, 8, 9, 10, 11, 12, 25, 38, 51, 64, 63, 62, 49, 36, 35, 34, 33, 46, 47, 60, 61, 74, 87, 88, 89, 90, 103, 116, 115, 114, 113, 112, 99, 86, 85, 84, 71, 58, 57, 56, 55, 54, 41, 28, 27, 26, 39, 52, 65, 78, 79, 92, 105, 106, 107, 108, 109, 122, 135, 134, 133, 132, 131, 130, 143, 156, 157, 158, 159, 160, 161, 162, 163, 164, 165, 152, 139, 140, 141, 142, 155, 168]
[00:00:00:33:675] ! Bidirectional. expansions: 4,636, time: 33,674 [ms], path length: 94 [edges], g_F: 59, g_B: 35, generated: {'F': 16,893, 'B': 9,179}, MM: 24, MMPER: 24.263157894736842%
[00:00:00:33:675] 
---------- mazes/13x13_maze_with_1_open_diamonds_8 ----------
[00:00:00:44:831] Path of length 94 found: [0, 1, 2, 3, 4, 17, 30, 31, 32, 19, 6, 7, 20, 21, 8, 9, 10, 11, 12, 25, 38, 51, 64, 63, 62, 49, 36, 35, 34, 33, 46, 59, 60, 61, 74, 87, 88, 89, 90, 103, 116, 115, 114, 113, 112, 99, 86, 85, 84, 71, 58, 57, 56, 55, 54, 41, 28, 27, 26, 39, 52, 65, 78, 79, 92, 105, 106, 107, 108, 109, 122, 135, 134, 133, 132, 131, 130, 143, 156, 157, 158, 159, 160, 161, 162, 163, 164, 165, 152, 139, 140, 141, 142, 155, 168]
[00:00:00:44:831] ! Unidirectional s-t. expansions: 8,480, time: 44,831 [ms], path length: 94 [edges], generated: 45,658
[00:00:00:08:561] Path of length 94 found: [168, 155, 142, 141, 140, 139, 152, 165, 164, 163, 162, 161, 160, 159, 158, 157, 156, 143, 130, 131, 132, 133, 134, 135, 122, 109, 108, 107, 106, 105, 92, 79, 78, 65, 52, 39, 26, 27, 28, 41, 54, 55, 56, 57, 58, 71, 84, 85, 86, 99, 112, 113, 114, 115, 116, 103, 90, 89, 88, 87, 74, 61, 60, 59, 46, 47, 34, 35, 36, 49, 62, 63, 64, 51, 38, 25, 12, 11, 10, 9, 8, 21, 20, 7, 6, 19, 32, 31, 30, 17, 4, 3, 2, 1, 0]
[00:00:00:08:561] ! Unidirectional t-s. expansions: 2,159, time: 8,561 [ms], path length: 94 [edges], generated: 15,030
[00:00:00:00:001] Expansions: 0. Checks - state_vs_state: 0, state_vs_prefix: 0, prefix_vs_prefix: 1
[00:00:00:33:783] Path of length 94 found: [0, 1, 2, 3, 4, 17, 30, 31, 32, 19, 6, 7, 20, 21, 8, 9, 10, 11, 12, 25, 38, 51, 64, 63, 62, 49, 36, 35, 34, 33, 46, 47, 60, 61, 74, 87, 88, 89, 90, 103, 116, 115, 114, 113, 112, 99, 86, 85, 84, 71, 58, 57, 56, 55, 54, 41, 28, 27, 26, 39, 52, 65, 78, 79, 92, 105, 106, 107, 108, 109, 122, 135, 134, 133, 132, 131, 130, 143, 156, 157, 158, 159, 160, 161, 162, 163, 164, 165, 152, 139, 140, 141, 142, 155, 168]
[00:00:00:33:783] ! Bidirectional. expansions: 4,636, time: 33,783 [ms], path length: 94 [edges], g_F: 59, g_B: 35, generated: {'F': 16,893, 'B': 9,179}, MM: 24, MMPER: 24.263157894736842%
[00:00:00:33:783] 
---------- mazes/13x13_maze_with_1_open_diamonds_9 ----------
[00:00:01:23:105] Path of length 92 found: [0, 1, 2, 3, 4, 17, 30, 43, 56, 55, 54, 41, 28, 27, 26, 39, 52, 65, 78, 79, 92, 105, 106, 107, 108, 109, 122, 135, 134, 133, 132, 131, 130, 143, 156, 157, 158, 159, 160, 161, 162, 163, 150, 137, 136, 123, 110, 111, 124, 125, 126, 113, 112, 99, 98, 85, 84, 71, 58, 45, 32, 19, 6, 7, 8, 9, 10, 11, 12, 25, 38, 37, 36, 49, 62, 61, 74, 87, 88, 89, 90, 103, 116, 129, 142, 141, 140, 139, 152, 165, 166, 167, 168]
[00:00:01:23:105] ! Unidirectional s-t. expansions: 17,401, time: 83,105 [ms], path length: 92 [edges], generated: 110,453
[00:00:02:40:881] Valid states checked so far: 200,000, Expansions: 36,908, Global best: 93
[00:00:05:25:976] Valid states checked so far: 400,000, Expansions: 74,158, Global best: 93
[00:00:07:06:846] Path of length 92 found: [168, 167, 166, 165, 152, 139, 140, 141, 142, 129, 116, 103, 90, 89, 88, 87, 86, 85, 98, 99, 112, 113, 126, 125, 138, 137, 150, 163, 162, 161, 160, 159, 158, 157, 156, 143, 130, 131, 132, 133, 134, 135, 136, 123, 124, 111, 110, 109, 108, 107, 106, 105, 92, 79, 78, 65, 52, 39, 26, 27, 28, 41, 54, 55, 56, 57, 58, 59, 60, 61, 62, 63, 64, 51, 38, 25, 12, 11, 10, 9, 8, 7, 6, 19, 32, 31, 30, 17, 4, 3, 2, 1, 0]
[00:00:07:06:847] ! Unidirectional t-s. expansions: 95,512, time: 426,846 [ms], path length: 92 [edges], generated: 516,246
[00:00:00:00:001] Expansions: 0. Checks - state_vs_state: 0, state_vs_prefix: 0, prefix_vs_prefix: 1
[00:00:01:49:974] Path of length 92 found: [0, 1, 2, 3, 4, 17, 30, 43, 56, 55, 54, 41, 28, 27, 26, 39, 52, 65, 78, 79, 92, 105, 106, 107, 108, 109, 122, 135, 134, 133, 132, 131, 130, 143, 156, 157, 158, 159, 160, 161, 162, 163, 150, 137, 136, 123, 110, 111, 124, 125, 126, 113, 112, 99, 86, 85, 84, 71, 58, 45, 32, 19, 6, 7, 8, 9, 10, 11, 12, 25, 38, 51, 64, 63, 62, 61, 74, 87, 88, 89, 90, 103, 116, 129, 142, 141, 140, 139, 152, 165, 166, 167, 168]
[00:00:01:49:976] ! Bidirectional. expansions: 12,984, time: 109,974 [ms], path length: 92 [edges], g_F: 59, g_B: 33, generated: {'F': 55,303, 'B': 35,992}, MM: 26, MMPER: 26.956989247311828%
[00:00:01:49:976] average expansions: (13,282, 28,772, 7,189, 0)
[00:00:01:49:976] average time: (68,479, 135,614, 61,293, 0)
[00:00:01:49:976] XDFBnB: 13,282 , 68,479 (expansions , time[ms])
[00:00:01:49:976] BiXDFBnB: 7,189 , 61,293 (expansions , time[ms])

