--------------------------
date: SM_Grids
number_of_graphs: 10
graph_type: grid
size_of_graphs: [8, 8]
heuristic: bcc_heuristic
snake: False
run_uni: True
run_bi: True
run_multi: False
solution_vertices: []
algorithms: ['XMM']
lookahead: 4
bsd: False
cube_first_dims: 4
cube_buffer_dim: None
backward_sym_generation: False
sym_coil: False
prefix_set: None

---------- SM_Grids/8x8_grid_with_random_blocks_16per_0 ----------
[00:00:00:00:588] Path of length 44 found: [0, 1, 9, 10, 2, 3, 11, 19, 18, 26, 34, 42, 41, 33, 25, 24, 32, 40, 48, 49, 50, 51, 43, 44, 36, 37, 29, 28, 20, 12, 13, 5, 6, 7, 15, 14, 22, 23, 31, 30, 38, 46, 47, 55, 63]
[00:00:00:00:588] ! Unidirectional s-t. expansions: 588, time: 588 [ms], path length: 44 [edges], generated: 1,011
[00:00:00:00:358] Path of length 44 found: [63, 55, 47, 46, 38, 39, 31, 30, 22, 23, 15, 7, 6, 5, 13, 12, 20, 28, 29, 37, 36, 44, 43, 35, 34, 33, 41, 42, 50, 49, 48, 40, 32, 24, 25, 26, 18, 19, 11, 3, 2, 10, 9, 1, 0]
[00:00:00:00:358] ! Unidirectional t-s. expansions: 241, time: 358 [ms], path length: 44 [edges], generated: 422
[00:00:00:00:536] Path of length 44 found: [63, 55, 47, 46, 38, 39, 31, 30, 22, 23, 15, 7, 6, 5, 13, 12, 20, 28, 29, 37, 36, 44, 43, 51, 50, 42, 34, 33, 41, 49, 48, 40, 32, 24, 25, 26, 18, 19, 11, 3, 2, 10, 9, 1, 0]
[00:00:00:00:971] ! Bidirectional. expansions: 357, time: 536 [ms], path length: 44 [edges], g_F: 21, g_B: 23, generated: 639, MM: 2, MMPER: 3.4444444444444446%
[00:00:00:00:971] 
---------- SM_Grids/8x8_grid_with_random_blocks_16per_1 ----------
[00:00:00:00:067] Path of length 44 found: [0, 8, 9, 10, 2, 3, 4, 12, 11, 19, 18, 26, 25, 24, 32, 33, 41, 42, 34, 35, 43, 44, 36, 28, 20, 21, 29, 30, 22, 14, 15, 23, 31, 39, 38, 46, 47, 55, 54, 53, 52, 60, 61, 62, 63]
[00:00:00:00:067] ! Unidirectional s-t. expansions: 51, time: 67 [ms], path length: 44 [edges], generated: 85
[00:00:00:02:750] Path of length 44 found: [63, 62, 61, 60, 52, 53, 54, 55, 47, 46, 38, 39, 31, 23, 15, 14, 22, 30, 29, 21, 20, 12, 4, 3, 2, 10, 11, 19, 18, 26, 27, 28, 36, 44, 43, 35, 34, 42, 41, 33, 25, 24, 16, 8, 0]
[00:00:00:02:751] ! Unidirectional t-s. expansions: 1,697, time: 2,750 [ms], path length: 44 [edges], generated: 3,188
[00:00:00:04:110] Path of length 44 found: [0, 8, 9, 10, 2, 3, 4, 12, 11, 19, 18, 26, 25, 24, 32, 33, 41, 42, 34, 35, 43, 44, 36, 28, 20, 21, 29, 30, 22, 14, 15, 23, 31, 39, 38, 46, 47, 55, 54, 53, 52, 60, 61, 62, 63]
[00:00:00:04:524] ! Bidirectional. expansions: 2,062, time: 4,110 [ms], path length: 44 [edges], g_F: 21, g_B: 23, generated: 3,973, MM: 2, MMPER: 3.4444444444444446%
[00:00:00:04:524] 
---------- SM_Grids/8x8_grid_with_random_blocks_16per_2 ----------
[00:00:00:05:911] Path of length 44 found: [0, 1, 2, 3, 11, 19, 20, 21, 29, 30, 38, 46, 47, 55, 54, 53, 45, 44, 36, 28, 27, 26, 18, 17, 16, 24, 32, 40, 48, 56, 57, 58, 50, 49, 41, 33, 34, 42, 43, 51, 59, 60, 61, 62, 63]
[00:00:00:05:912] ! Unidirectional s-t. expansions: 4,090, time: 5,912 [ms], path length: 44 [edges], generated: 7,383
[00:00:00:12:337] Path of length 44 found: [63, 62, 54, 55, 47, 46, 38, 30, 29, 21, 20, 28, 36, 44, 45, 53, 52, 60, 59, 58, 57, 56, 48, 49, 50, 51, 43, 42, 34, 33, 41, 40, 32, 24, 16, 17, 18, 26, 27, 19, 11, 3, 2, 1, 0]
[00:00:00:12:338] ! Unidirectional t-s. expansions: 9,625, time: 12,337 [ms], path length: 44 [edges], generated: 15,993
[00:00:00:10:697] Path of length 44 found: [0, 1, 2, 3, 11, 10, 18, 17, 16, 24, 32, 40, 48, 56, 57, 49, 41, 33, 34, 26, 27, 19, 20, 21, 29, 30, 38, 46, 47, 55, 54, 53, 45, 44, 52, 51, 43, 42, 50, 58, 59, 60, 61, 62, 63]
[00:00:00:11:113] ! Bidirectional. expansions: 5,565, time: 10,697 [ms], path length: 44 [edges], g_F: 21, g_B: 23, generated: 10,271, MM: 2, MMPER: 3.4444444444444446%
[00:00:00:11:113] 
---------- SM_Grids/8x8_grid_with_random_blocks_16per_3 ----------
[00:00:00:11:867] Expansion 10,000: state None, f=45, g=32
[00:00:00:19:772] Path of length 44 found: [0, 8, 16, 24, 25, 17, 18, 10, 11, 19, 27, 26, 34, 33, 41, 49, 50, 42, 43, 35, 36, 28, 29, 21, 20, 12, 13, 14, 15, 23, 31, 30, 38, 39, 47, 46, 45, 44, 52, 60, 61, 53, 54, 62, 63]
[00:00:00:19:774] ! Unidirectional s-t. expansions: 16,966, time: 19,772 [ms], path length: 44 [edges], generated: 30,143
[00:00:00:12:950] Expansion 10,000: state None, f=45, g=37
[00:00:00:22:628] Expansion 20,000: state None, f=45, g=37
[00:00:00:33:276] Expansion 30,000: state None, f=45, g=27
[00:00:00:40:597] Path of length 44 found: [63, 55, 47, 39, 31, 23, 15, 14, 13, 12, 11, 10, 18, 19, 27, 35, 34, 42, 43, 44, 36, 28, 20, 21, 29, 30, 38, 46, 45, 53, 54, 62, 61, 60, 52, 51, 50, 49, 41, 33, 25, 17, 16, 8, 0]
[00:00:00:40:598] ! Unidirectional t-s. expansions: 36,757, time: 40,597 [ms], path length: 44 [edges], generated: 62,846
[00:00:00:23:758] Path of length 44 found: [0, 8, 16, 24, 25, 17, 18, 10, 11, 12, 13, 14, 15, 23, 31, 30, 38, 39, 47, 55, 54, 46, 45, 44, 36, 28, 29, 21, 20, 19, 27, 35, 34, 33, 41, 49, 50, 42, 43, 51, 52, 60, 61, 62, 63]
[00:00:00:24:207] ! Bidirectional. expansions: 11,487, time: 23,759 [ms], path length: 44 [edges], g_F: 21, g_B: 23, generated: 21,635, MM: 2, MMPER: 3.4444444444444446%
[00:00:00:24:207] 
---------- SM_Grids/8x8_grid_with_random_blocks_16per_4 ----------
[00:00:00:02:776] Path of length 48 found: [0, 1, 9, 8, 16, 17, 18, 10, 11, 3, 4, 12, 13, 14, 22, 30, 38, 39, 47, 46, 45, 44, 36, 37, 29, 28, 27, 35, 34, 26, 25, 33, 32, 40, 48, 56, 57, 49, 41, 42, 50, 51, 52, 60, 61, 53, 54, 62, 63]
[00:00:00:02:778] ! Unidirectional s-t. expansions: 853, time: 2,777 [ms], path length: 48 [edges], generated: 1,430
[00:00:00:02:811] Path of length 48 found: [63, 55, 47, 39, 38, 37, 36, 44, 45, 46, 54, 62, 61, 60, 52, 51, 50, 42, 41, 49, 57, 56, 48, 40, 32, 33, 25, 26, 34, 35, 27, 28, 29, 30, 22, 14, 13, 12, 4, 3, 11, 10, 18, 17, 16, 8, 9, 1, 0]
[00:00:00:02:816] ! Unidirectional t-s. expansions: 1,765, time: 2,815 [ms], path length: 48 [edges], generated: 3,155
[00:00:00:02:772] Path of length 48 found: [63, 55, 47, 39, 38, 37, 29, 30, 22, 14, 13, 12, 4, 3, 11, 10, 18, 26, 34, 35, 27, 28, 36, 44, 45, 53, 54, 62, 61, 60, 52, 51, 50, 42, 41, 49, 57, 56, 48, 40, 32, 33, 25, 17, 16, 8, 9, 1, 0]
[00:00:00:03:190] ! Bidirectional. expansions: 1,410, time: 2,772 [ms], path length: 48 [edges], g_F: 23, g_B: 25, generated: 2,574, MM: 2, MMPER: 3.0816326530612246%
[00:00:00:03:190] 
---------- SM_Grids/8x8_grid_with_random_blocks_16per_5 ----------
[00:00:00:02:670] Path of length 50 found: [0, 8, 16, 24, 32, 33, 34, 26, 25, 17, 9, 1, 2, 10, 11, 19, 20, 12, 4, 5, 6, 14, 15, 23, 31, 39, 38, 30, 29, 28, 36, 35, 43, 44, 52, 51, 50, 49, 48, 56, 57, 58, 59, 60, 61, 53, 45, 46, 54, 55, 63]
[00:00:00:02:671] ! Unidirectional s-t. expansions: 2,024, time: 2,670 [ms], path length: 50 [edges], generated: 3,392
[00:00:00:02:190] Path of length 50 found: [63, 55, 47, 46, 54, 53, 61, 60, 59, 58, 57, 56, 48, 49, 50, 51, 52, 44, 43, 35, 36, 28, 29, 30, 38, 39, 31, 23, 15, 14, 6, 5, 4, 12, 20, 19, 11, 3, 2, 10, 9, 17, 25, 26, 34, 33, 32, 24, 16, 8, 0]
[00:00:00:02:190] ! Unidirectional t-s. expansions: 1,387, time: 2,190 [ms], path length: 50 [edges], generated: 2,355
[00:00:00:03:751] Path of length 50 found: [0, 8, 16, 24, 32, 33, 34, 26, 25, 17, 9, 1, 2, 10, 11, 19, 20, 12, 4, 5, 6, 14, 15, 23, 22, 30, 29, 28, 36, 35, 43, 51, 50, 49, 48, 56, 57, 58, 59, 60, 52, 44, 45, 53, 54, 46, 38, 39, 47, 55, 63]
[00:00:00:04:168] ! Bidirectional. expansions: 2,119, time: 3,751 [ms], path length: 50 [edges], g_F: 24, g_B: 26, generated: 3,611, MM: 2, MMPER: 2.9215686274509802%
[00:00:00:04:168] 
---------- SM_Grids/8x8_grid_with_random_blocks_16per_6 ----------
[00:00:00:00:280] Path of length 48 found: [0, 1, 9, 8, 16, 17, 25, 24, 32, 33, 41, 40, 48, 49, 50, 42, 34, 35, 27, 26, 18, 10, 11, 19, 20, 21, 22, 14, 13, 5, 6, 7, 15, 23, 31, 30, 29, 37, 36, 44, 52, 53, 45, 46, 47, 55, 54, 62, 63]
[00:00:00:00:280] ! Unidirectional s-t. expansions: 225, time: 280 [ms], path length: 48 [edges], generated: 376
[00:00:00:00:096] Path of length 48 found: [63, 62, 54, 55, 47, 46, 38, 30, 31, 23, 22, 14, 15, 7, 6, 5, 13, 21, 29, 37, 45, 53, 52, 44, 36, 35, 27, 19, 11, 10, 18, 17, 25, 26, 34, 33, 41, 42, 50, 49, 48, 40, 32, 24, 16, 8, 9, 1, 0]
[00:00:00:00:097] ! Unidirectional t-s. expansions: 67, time: 96 [ms], path length: 48 [edges], generated: 112
[00:00:00:00:283] Path of length 48 found: [63, 62, 54, 55, 47, 46, 45, 53, 52, 44, 36, 37, 38, 30, 31, 23, 15, 7, 6, 5, 13, 14, 22, 21, 20, 19, 11, 10, 18, 17, 25, 26, 27, 35, 34, 33, 41, 42, 50, 49, 48, 40, 32, 24, 16, 8, 9, 1, 0]
[00:00:00:01:031] ! Bidirectional. expansions: 161, time: 283 [ms], path length: 48 [edges], g_F: 24, g_B: 24, generated: 275, MM: 0, MMPER: -1.0%
[00:00:00:01:032] 
---------- SM_Grids/8x8_grid_with_random_blocks_16per_7 ----------
[00:00:00:13:360] Expansion 10,000: state None, f=49, g=36
[00:00:00:23:373] Path of length 48 found: [0, 8, 9, 10, 2, 3, 11, 19, 18, 17, 16, 24, 32, 40, 48, 56, 57, 58, 59, 60, 61, 53, 45, 44, 43, 51, 50, 49, 41, 33, 34, 35, 27, 28, 20, 21, 13, 14, 6, 7, 15, 23, 31, 30, 38, 46, 54, 55, 63]
[00:00:00:23:374] ! Unidirectional s-t. expansions: 19,624, time: 23,373 [ms], path length: 48 [edges], generated: 33,282
[00:00:00:12:591] Expansion 10,000: state None, f=49, g=34
[00:00:00:16:758] Path of length 48 found: [63, 55, 54, 46, 38, 30, 31, 23, 15, 7, 6, 14, 13, 21, 20, 12, 11, 3, 2, 10, 9, 17, 18, 19, 27, 26, 34, 35, 43, 44, 45, 53, 61, 60, 59, 51, 50, 58, 57, 56, 48, 49, 41, 33, 32, 24, 16, 8, 0]
[00:00:00:16:759] ! Unidirectional t-s. expansions: 13,538, time: 16,758 [ms], path length: 48 [edges], generated: 23,829
[00:00:00:20:721] Path of length 48 found: [63, 55, 54, 53, 61, 60, 59, 58, 50, 51, 43, 44, 45, 37, 38, 30, 31, 23, 15, 7, 6, 14, 13, 21, 20, 28, 27, 26, 34, 33, 41, 49, 57, 56, 48, 40, 32, 24, 16, 17, 18, 19, 11, 3, 2, 10, 9, 8, 0]
[00:00:00:21:150] ! Bidirectional. expansions: 11,373, time: 20,721 [ms], path length: 48 [edges], g_F: 23, g_B: 25, generated: 20,805, MM: 2, MMPER: 3.0816326530612246%
[00:00:00:21:150] 
---------- SM_Grids/8x8_grid_with_random_blocks_16per_8 ----------
[00:00:00:06:361] Path of length 50 found: [0, 8, 16, 17, 18, 19, 20, 12, 11, 10, 9, 1, 2, 3, 4, 5, 6, 7, 15, 23, 22, 14, 13, 21, 29, 28, 36, 35, 34, 33, 32, 40, 48, 56, 57, 49, 41, 42, 50, 51, 59, 60, 61, 53, 45, 37, 38, 46, 54, 62, 63]
[00:00:00:06:363] ! Unidirectional s-t. expansions: 3,379, time: 6,361 [ms], path length: 50 [edges], generated: 5,580
[00:00:00:00:334] Path of length 50 found: [63, 62, 54, 46, 38, 37, 45, 53, 61, 60, 59, 51, 50, 49, 57, 56, 48, 40, 32, 33, 41, 42, 43, 35, 34, 26, 18, 19, 20, 28, 29, 21, 22, 23, 15, 7, 6, 14, 13, 5, 4, 12, 11, 3, 2, 10, 9, 17, 16, 8, 0]
[00:00:00:00:334] ! Unidirectional t-s. expansions: 311, time: 334 [ms], path length: 50 [edges], generated: 534
[00:00:00:02:899] Path of length 50 found: [0, 8, 16, 17, 9, 1, 2, 3, 4, 5, 6, 7, 15, 23, 22, 14, 13, 21, 29, 28, 20, 12, 11, 10, 18, 26, 34, 35, 43, 42, 41, 33, 32, 40, 48, 56, 57, 49, 50, 51, 59, 60, 61, 53, 45, 37, 38, 46, 54, 62, 63]
[00:00:00:03:316] ! Bidirectional. expansions: 1,479, time: 2,899 [ms], path length: 50 [edges], g_F: 24, g_B: 26, generated: 2,504, MM: 2, MMPER: 2.9215686274509802%
[00:00:00:03:317] 
---------- SM_Grids/8x8_grid_with_random_blocks_16per_9 ----------
[00:00:00:01:074] Path of length 46 found: [0, 1, 2, 3, 11, 12, 4, 5, 6, 7, 15, 14, 13, 21, 20, 28, 27, 26, 18, 17, 9, 8, 16, 24, 32, 33, 41, 42, 50, 58, 59, 51, 43, 44, 36, 37, 38, 30, 31, 39, 47, 55, 54, 53, 61, 62, 63]
[00:00:00:01:074] ! Unidirectional s-t. expansions: 656, time: 1,074 [ms], path length: 46 [edges], generated: 1,121
[00:00:00:00:629] Path of length 46 found: [63, 62, 54, 55, 47, 39, 31, 30, 38, 37, 45, 53, 52, 51, 59, 58, 50, 42, 43, 44, 36, 28, 20, 21, 13, 14, 15, 7, 6, 5, 4, 12, 11, 3, 2, 1, 9, 17, 18, 26, 34, 33, 25, 24, 16, 8, 0]
[00:00:00:00:629] ! Unidirectional t-s. expansions: 320, time: 629 [ms], path length: 46 [edges], generated: 641
[00:00:00:01:074] Path of length 46 found: [0, 8, 16, 24, 25, 17, 9, 1, 2, 3, 11, 12, 4, 5, 6, 7, 15, 14, 13, 21, 20, 28, 27, 26, 34, 33, 41, 42, 50, 58, 59, 51, 52, 44, 45, 37, 38, 30, 31, 39, 47, 55, 54, 53, 61, 62, 63]
[00:00:00:01:483] ! Bidirectional. expansions: 588, time: 1,074 [ms], path length: 46 [edges], g_F: 24, g_B: 22, generated: 991, MM: 2, MMPER: 3.25531914893617%
[00:00:00:01:483] average expansions: (4,846, 6,571, 3,660, 0)
[00:00:00:01:483] average time: (6,287, 7,886, 7,060, 0)
[00:00:00:01:483] XA*: 4,846 , 6,287 (expansions , time[ms])
[00:00:00:01:483] XMM: 3,660 , 7,060 (expansions , time[ms])

