--------------------------
date: SM_Grids
number_of_graphs: 10
graph_type: grid
size_of_graphs: [9, 9]
heuristic: bcc_heuristic
snake: True
run_uni: True
run_bi: True
run_multi: False
solution_vertices: []
algorithms: ['A']
lookahead: 4
bsd: False
cube_first_dims: 4
cube_buffer_dim: None
backward_sym_generation: False
sym_coil: False
prefix_set: None

---------- SM_Grids/9x9_grid_with_random_blocks_12per_0 ----------
[00:00:00:27:666] Path of length 46 found: [0, 1, 2, 3, 4, 5, 6, 7, 16, 17, 26, 35, 44, 53, 52, 51, 42, 33, 24, 23, 22, 21, 20, 19, 18, 27, 36, 45, 54, 63, 72, 73, 74, 65, 56, 47, 48, 49, 58, 67, 76, 77, 78, 69, 70, 71, 80]
[00:00:00:27:667] ! Unidirectional s-t. expansions: 5,505, time: 27,666 [ms], path length: 46 [edges], generated: 10,180
[00:00:00:23:501] Path of length 46 found: [80, 71, 70, 69, 78, 77, 76, 67, 58, 49, 48, 47, 56, 65, 74, 73, 72, 63, 54, 45, 36, 27, 28, 29, 20, 21, 22, 23, 24, 33, 42, 51, 52, 53, 44, 35, 26, 17, 8, 7, 6, 5, 4, 3, 2, 1, 0]
[00:00:00:23:503] ! Unidirectional t-s. expansions: 4,965, time: 23,501 [ms], path length: 46 [edges], generated: 8,138
[00:00:00:10:635] Path of length 46 found: [0, 1, 2, 3, 4, 5, 6, 7, 16, 17, 26, 35, 44, 53, 52, 51, 42, 33, 24, 23, 22, 21, 20, 19, 18, 27, 36, 45, 54, 63, 72, 73, 74, 65, 56, 47, 48, 49, 58, 67, 76, 77, 78, 69, 70, 71, 80]
[00:00:00:11:221] ! Bidirectional. expansions: 562, time: 10,635 [ms], path length: 46 [edges], g_F: 23, g_B: 23, generated: {'F': 3,357, 'B': 3,497}, MM: 0, MMPER: -1.0%
[00:00:00:11:221] 
---------- SM_Grids/9x9_grid_with_random_blocks_12per_1 ----------
[00:00:00:43:014] Path of length 46 found: [0, 9, 10, 11, 2, 3, 4, 5, 6, 15, 16, 25, 26, 35, 44, 53, 62, 61, 60, 51, 42, 33, 32, 23, 22, 21, 30, 29, 38, 37, 46, 45, 54, 63, 72, 73, 74, 65, 56, 57, 58, 67, 76, 77, 78, 79, 80]
[00:00:00:43:016] ! Unidirectional s-t. expansions: 9,277, time: 43,014 [ms], path length: 46 [edges], generated: 15,732
[00:00:00:32:925] Path of length 46 found: [80, 71, 62, 53, 44, 35, 26, 17, 8, 7, 6, 5, 4, 13, 22, 23, 32, 33, 42, 51, 60, 69, 78, 77, 76, 75, 74, 73, 72, 63, 54, 45, 46, 47, 56, 57, 58, 49, 40, 39, 30, 29, 20, 11, 2, 1, 0]
[00:00:00:32:927] ! Unidirectional t-s. expansions: 6,579, time: 32,925 [ms], path length: 46 [edges], generated: 11,422
[00:00:00:53:921] Path of length 46 found: [0, 9, 10, 11, 2, 3, 4, 5, 6, 15, 16, 25, 26, 35, 44, 43, 42, 33, 32, 23, 22, 21, 30, 29, 38, 37, 46, 45, 54, 63, 72, 73, 74, 65, 56, 57, 58, 67, 76, 77, 78, 69, 60, 61, 62, 71, 80]
[00:00:00:54:503] ! Bidirectional. expansions: 3,940, time: 53,921 [ms], path length: 46 [edges], g_F: 23, g_B: 23, generated: {'F': 22,775, 'B': 22,907}, MM: 0, MMPER: -1.0%
[00:00:00:54:503] 
---------- SM_Grids/9x9_grid_with_random_blocks_12per_2 ----------
[00:00:00:46:645] Expansion 10,000: state None, f=45, g=16
[00:00:00:50:552] Path of length 44 found: [0, 9, 18, 27, 28, 29, 20, 11, 12, 13, 22, 31, 40, 39, 48, 47, 46, 55, 64, 73, 74, 75, 66, 67, 58, 59, 50, 51, 42, 33, 24, 15, 6, 7, 8, 17, 26, 35, 44, 53, 62, 61, 70, 79, 80]
[00:00:00:50:554] ! Unidirectional s-t. expansions: 10,777, time: 50,552 [ms], path length: 44 [edges], generated: 18,738
[00:00:00:47:837] Expansion 10,000: state None, f=45, g=12
[00:00:00:48:580] Path of length 44 found: [80, 79, 78, 69, 60, 61, 62, 53, 44, 43, 42, 33, 24, 25, 26, 17, 8, 7, 6, 5, 14, 13, 22, 31, 40, 39, 48, 57, 58, 67, 76, 75, 74, 65, 64, 55, 46, 37, 28, 29, 20, 11, 2, 1, 0]
[00:00:00:48:583] ! Unidirectional t-s. expansions: 10,170, time: 48,581 [ms], path length: 44 [edges], generated: 16,977
[00:00:00:56:448] Path of length 44 found: [0, 9, 18, 27, 28, 29, 20, 11, 12, 13, 22, 31, 40, 39, 48, 47, 46, 55, 64, 73, 74, 75, 66, 67, 58, 59, 50, 51, 42, 33, 24, 15, 6, 7, 8, 17, 26, 35, 44, 53, 62, 61, 70, 79, 80]
[00:00:00:57:018] ! Bidirectional. expansions: 1,802, time: 56,448 [ms], path length: 44 [edges], g_F: 22, g_B: 22, generated: {'F': 15,590, 'B': 16,000}, MM: 0, MMPER: -1.0%
[00:00:00:57:018] 
---------- SM_Grids/9x9_grid_with_random_blocks_12per_3 ----------
[00:00:00:27:554] Path of length 46 found: [0, 1, 2, 3, 12, 21, 20, 19, 28, 37, 46, 45, 54, 63, 72, 73, 74, 75, 76, 67, 58, 57, 48, 39, 40, 31, 32, 23, 14, 5, 6, 7, 8, 17, 26, 25, 34, 43, 44, 53, 62, 61, 60, 69, 78, 79, 80]
[00:00:00:27:556] ! Unidirectional s-t. expansions: 6,221, time: 27,554 [ms], path length: 46 [edges], generated: 10,671
[00:00:00:48:255] Expansion 10,000: state None, f=47, g=14
[00:00:00:51:521] Path of length 46 found: [80, 71, 62, 53, 44, 43, 42, 51, 60, 69, 68, 77, 76, 75, 74, 73, 72, 63, 54, 45, 46, 47, 56, 57, 58, 49, 40, 31, 32, 23, 24, 25, 26, 17, 8, 7, 6, 5, 4, 3, 12, 21, 20, 19, 10, 1, 0]
[00:00:00:51:524] ! Unidirectional t-s. expansions: 10,624, time: 51,522 [ms], path length: 46 [edges], generated: 18,287
[00:00:00:46:478] Path of length 46 found: [0, 1, 2, 3, 12, 21, 20, 19, 28, 37, 46, 45, 54, 63, 72, 73, 74, 75, 76, 67, 58, 57, 48, 39, 40, 41, 42, 33, 24, 23, 14, 5, 6, 7, 8, 17, 26, 35, 44, 53, 62, 61, 60, 69, 78, 79, 80]
[00:00:00:47:330] ! Bidirectional. expansions: 2,827, time: 46,478 [ms], path length: 46 [edges], g_F: 23, g_B: 23, generated: {'F': 16,417, 'B': 17,011}, MM: 0, MMPER: -1.0%
[00:00:00:47:330] 
---------- SM_Grids/9x9_grid_with_random_blocks_12per_4 ----------
[00:00:00:14:648] Path of length 46 found: [0, 9, 18, 27, 28, 37, 46, 45, 54, 63, 72, 73, 74, 65, 56, 57, 48, 49, 40, 41, 32, 23, 22, 21, 20, 11, 2, 3, 4, 5, 6, 15, 16, 25, 26, 35, 44, 43, 52, 51, 60, 59, 68, 77, 78, 79, 80]
[00:00:00:14:649] ! Unidirectional s-t. expansions: 2,961, time: 14,648 [ms], path length: 46 [edges], generated: 5,340
[00:00:00:09:842] Path of length 46 found: [80, 79, 78, 77, 68, 59, 60, 61, 52, 53, 44, 35, 26, 17, 16, 15, 6, 5, 4, 3, 2, 11, 20, 21, 22, 23, 32, 41, 40, 49, 48, 57, 56, 65, 74, 73, 72, 63, 54, 45, 46, 37, 28, 27, 18, 9, 0]
[00:00:00:09:843] ! Unidirectional t-s. expansions: 1,882, time: 9,842 [ms], path length: 46 [edges], generated: 3,145
[00:00:00:17:441] Path of length 46 found: [0, 9, 18, 27, 28, 37, 46, 45, 54, 63, 72, 73, 74, 65, 56, 57, 48, 39, 40, 41, 32, 23, 22, 21, 20, 11, 2, 3, 4, 5, 6, 15, 16, 17, 26, 35, 44, 53, 52, 61, 60, 59, 68, 77, 78, 79, 80]
[00:00:00:18:055] ! Bidirectional. expansions: 756, time: 17,441 [ms], path length: 46 [edges], g_F: 23, g_B: 23, generated: {'F': 5,501, 'B': 5,532}, MM: 0, MMPER: -1.0%
[00:00:00:18:056] 
---------- SM_Grids/9x9_grid_with_random_blocks_12per_5 ----------
[00:00:00:07:320] Path of length 40 found: [0, 9, 18, 27, 36, 45, 46, 47, 56, 65, 66, 67, 76, 77, 78, 69, 60, 59, 50, 49, 40, 39, 30, 29, 20, 11, 2, 3, 4, 13, 22, 23, 32, 33, 42, 43, 52, 53, 62, 71, 80]
[00:00:00:07:321] ! Unidirectional s-t. expansions: 1,377, time: 7,320 [ms], path length: 40 [edges], generated: 2,458
[00:00:00:06:601] Path of length 40 found: [80, 71, 62, 53, 44, 43, 42, 33, 24, 23, 14, 13, 4, 3, 2, 11, 20, 21, 30, 31, 40, 49, 50, 59, 60, 69, 78, 77, 76, 67, 66, 57, 56, 47, 38, 37, 28, 27, 18, 9, 0]
[00:00:00:06:602] ! Unidirectional t-s. expansions: 1,230, time: 6,601 [ms], path length: 40 [edges], generated: 2,195
[00:00:00:14:269] Path of length 40 found: [0, 1, 2, 3, 4, 13, 14, 23, 24, 33, 42, 43, 44, 53, 62, 61, 60, 59, 50, 49, 40, 39, 30, 29, 20, 19, 18, 27, 36, 45, 46, 47, 56, 57, 66, 67, 76, 77, 78, 79, 80]
[00:00:00:14:805] ! Bidirectional. expansions: 405, time: 14,269 [ms], path length: 40 [edges], g_F: 20, g_B: 20, generated: {'F': 3,289, 'B': 3,170}, MM: 0, MMPER: -1.0%
[00:00:00:14:805] 
---------- SM_Grids/9x9_grid_with_random_blocks_12per_6 ----------
[00:00:00:28:291] Path of length 48 found: [0, 1, 10, 19, 18, 27, 36, 37, 38, 39, 48, 57, 56, 55, 54, 63, 72, 73, 74, 75, 76, 67, 68, 59, 50, 51, 42, 33, 32, 23, 22, 21, 12, 3, 4, 5, 6, 15, 16, 25, 26, 35, 44, 53, 62, 61, 70, 79, 80]
[00:00:00:28:292] ! Unidirectional s-t. expansions: 5,747, time: 28,291 [ms], path length: 48 [edges], generated: 10,055
[00:00:00:20:378] Path of length 48 found: [80, 71, 62, 53, 44, 35, 26, 17, 16, 7, 6, 5, 4, 3, 12, 21, 22, 23, 24, 33, 42, 41, 50, 59, 60, 69, 78, 77, 76, 75, 74, 73, 72, 63, 54, 55, 56, 57, 48, 39, 38, 37, 36, 27, 18, 19, 10, 1, 0]
[00:00:00:20:379] ! Unidirectional t-s. expansions: 4,072, time: 20,378 [ms], path length: 48 [edges], generated: 6,542
[00:00:00:26:426] Path of length 48 found: [0, 1, 10, 19, 18, 27, 36, 37, 38, 39, 48, 57, 56, 55, 54, 63, 72, 73, 74, 75, 76, 67, 68, 59, 50, 51, 42, 33, 32, 23, 22, 21, 12, 3, 4, 5, 6, 7, 8, 17, 26, 35, 44, 53, 62, 61, 70, 79, 80]
[00:00:00:26:992] ! Bidirectional. expansions: 1,074, time: 26,426 [ms], path length: 48 [edges], g_F: 24, g_B: 24, generated: {'F': 7,101, 'B': 7,549}, MM: 0, MMPER: -1.0%
[00:00:00:26:992] 
---------- SM_Grids/9x9_grid_with_random_blocks_12per_7 ----------
[00:00:00:46:207] Expansion 10,000: state None, f=45, g=16
[00:00:00:51:145] Path of length 44 found: [0, 9, 18, 27, 36, 45, 54, 63, 64, 73, 74, 75, 76, 77, 68, 59, 58, 57, 56, 47, 38, 39, 40, 31, 22, 21, 20, 11, 2, 3, 4, 5, 6, 7, 16, 25, 24, 33, 42, 51, 52, 53, 62, 71, 80]
[00:00:00:51:146] ! Unidirectional s-t. expansions: 11,092, time: 51,145 [ms], path length: 44 [edges], generated: 19,234
[00:00:00:52:687] Expansion 10,000: state None, f=45, g=25
[00:00:01:21:761] Path of length 44 found: [80, 71, 62, 53, 52, 51, 42, 41, 40, 31, 22, 23, 24, 25, 16, 7, 6, 5, 4, 3, 2, 11, 20, 29, 38, 47, 48, 57, 58, 59, 68, 77, 76, 75, 74, 65, 64, 55, 54, 45, 36, 27, 18, 9, 0]
[00:00:01:21:763] ! Unidirectional t-s. expansions: 16,618, time: 81,762 [ms], path length: 44 [edges], generated: 29,289
[00:00:01:14:531] Path of length 44 found: [0, 9, 18, 27, 36, 45, 54, 63, 64, 73, 74, 75, 76, 77, 68, 59, 58, 57, 56, 47, 38, 39, 40, 31, 22, 21, 20, 11, 2, 3, 4, 5, 6, 7, 16, 25, 34, 33, 42, 51, 52, 53, 62, 71, 80]
[00:00:01:15:180] ! Bidirectional. expansions: 2,812, time: 74,531 [ms], path length: 44 [edges], g_F: 22, g_B: 22, generated: {'F': 23,543, 'B': 24,893}, MM: 0, MMPER: -1.0%
[00:00:01:15:181] 
---------- SM_Grids/9x9_grid_with_random_blocks_12per_8 ----------
[00:00:00:08:357] Path of length 48 found: [0, 9, 18, 19, 20, 11, 2, 3, 4, 13, 22, 31, 32, 33, 24, 15, 6, 7, 8, 17, 26, 35, 44, 53, 62, 61, 60, 51, 50, 49, 48, 47, 38, 37, 36, 45, 54, 63, 72, 73, 74, 75, 66, 67, 68, 77, 78, 79, 80]
[00:00:00:08:360] ! Unidirectional s-t. expansions: 1,622, time: 8,358 [ms], path length: 48 [edges], generated: 2,585
[00:00:00:17:770] Path of length 48 found: [80, 79, 78, 77, 68, 67, 66, 75, 74, 73, 72, 63, 54, 45, 36, 37, 38, 47, 48, 49, 40, 41, 42, 51, 60, 61, 62, 53, 44, 35, 26, 17, 8, 7, 6, 15, 24, 23, 22, 13, 4, 3, 2, 11, 20, 19, 18, 9, 0]
[00:00:00:17:771] ! Unidirectional t-s. expansions: 3,577, time: 17,770 [ms], path length: 48 [edges], generated: 5,824
[00:00:00:19:462] Path of length 48 found: [0, 9, 18, 19, 20, 11, 2, 3, 4, 13, 14, 15, 6, 7, 8, 17, 26, 35, 44, 53, 62, 61, 60, 51, 42, 33, 32, 31, 40, 49, 48, 47, 38, 37, 36, 45, 54, 63, 72, 73, 74, 75, 66, 67, 68, 77, 78, 79, 80]
[00:00:00:20:023] ! Bidirectional. expansions: 853, time: 19,462 [ms], path length: 48 [edges], g_F: 24, g_B: 24, generated: {'F': 5,489, 'B': 5,644}, MM: 0, MMPER: -1.0%
[00:00:00:20:023] 
---------- SM_Grids/9x9_grid_with_random_blocks_12per_9 ----------
[00:00:00:48:388] Expansion 10,000: state None, f=45, g=18
[00:00:00:57:853] Path of length 44 found: [0, 1, 2, 11, 20, 19, 18, 27, 36, 37, 38, 47, 56, 55, 54, 63, 72, 73, 74, 75, 76, 77, 78, 69, 60, 59, 50, 41, 40, 31, 22, 13, 14, 15, 16, 17, 26, 35, 34, 43, 52, 53, 62, 71, 80]
[00:00:00:57:855] ! Unidirectional s-t. expansions: 11,894, time: 57,853 [ms], path length: 44 [edges], generated: 21,980
[00:00:00:45:246] Expansion 10,000: state None, f=46, g=22
[00:00:01:22:882] Expansion 20,000: state None, f=45, g=20
[00:00:01:38:971] Path of length 44 found: [80, 71, 62, 53, 52, 43, 34, 35, 26, 17, 16, 15, 14, 23, 22, 31, 40, 39, 48, 57, 58, 59, 60, 69, 78, 77, 76, 75, 74, 73, 72, 63, 54, 55, 46, 37, 36, 27, 18, 19, 20, 11, 2, 1, 0]
[00:00:01:38:972] ! Unidirectional t-s. expansions: 23,730, time: 98,971 [ms], path length: 44 [edges], generated: 38,965
[00:00:01:40:430] Path of length 44 found: [0, 1, 2, 11, 20, 19, 18, 27, 36, 37, 38, 39, 40, 31, 22, 13, 14, 15, 16, 17, 26, 35, 34, 43, 52, 51, 50, 59, 58, 57, 56, 55, 54, 63, 72, 73, 74, 75, 76, 77, 78, 69, 70, 71, 80]
[00:00:01:41:505] ! Bidirectional. expansions: 6,235, time: 100,430 [ms], path length: 44 [edges], g_F: 22, g_B: 22, generated: {'F': 37,998, 'B': 37,363}, MM: 0, MMPER: -1.0%
[00:00:01:41:508] average expansions: (6,647, 8,345, 2,127, 0)
[00:00:01:41:508] average time: (31,640, 39,185, 42,004, 0)
[00:00:01:41:508] XA*: 6,647 , 31,640 (expansions , time[ms])
[00:00:01:41:508] BiXA*: 2,127 , 42,004 (expansions , time[ms])

