--------------------------
date: mazes
number_of_graphs: 10
graph_type: maze
size_of_graphs: [13, 13]
heuristic: bcc_heuristic
snake: False
run_uni: True
run_bi: True
run_multi: False
solution_vertices: []
algorithms: ['IDA']
lookahead: 1
bsd: False
cube_first_dims: 4
cube_buffer_dim: None
backward_sym_generation: False
sym_coil: False
prefix_set: None

---------- mazes/13x13_maze_with_1_open_diamonds_0 ----------
[00:00:05:14:117] Valid states checked so far: 200,000, Expansions: 135,842, Global best: 0
[00:00:07:08:282] Path of length 92 found: [0, 1, 2, 3, 4, 17, 30, 31, 32, 19, 6, 7, 8, 9, 10, 11, 12, 25, 38, 37, 36, 49, 62, 61, 60, 59, 58, 57, 56, 55, 54, 41, 28, 27, 26, 39, 52, 65, 78, 79, 80, 81, 82, 83, 84, 85, 86, 87, 88, 89, 90, 103, 116, 115, 114, 113, 112, 111, 110, 109, 108, 107, 106, 105, 118, 131, 130, 143, 156, 157, 158, 159, 146, 145, 132, 119, 120, 133, 134, 135, 136, 137, 150, 163, 164, 165, 152, 139, 140, 141, 142, 155, 168]
[00:00:07:08:283] ! Unidirectional s-t. expansions: 187,034, time: 428,282 [ms], path length: 92 [edges], generated: 275,614
[00:00:05:16:089] Valid states checked so far: 200,000, Expansions: 136,841, Global best: 61
[00:00:10:27:968] Valid states checked so far: 400,000, Expansions: 277,847, Global best: 61
[00:00:15:31:741] Valid states checked so far: 600,000, Expansions: 417,555, Global best: 61
[00:00:20:35:445] Valid states checked so far: 800,000, Expansions: 559,339, Global best: 61
[00:00:25:27:780] Valid states checked so far: 1,000,000, Expansions: 700,584, Global best: 61
[00:00:27:39:156] Path of length 92 found: [168, 155, 142, 141, 140, 139, 152, 165, 164, 163, 150, 137, 136, 135, 134, 133, 120, 119, 132, 145, 146, 159, 158, 157, 156, 143, 130, 131, 118, 105, 106, 107, 108, 109, 110, 111, 112, 113, 114, 115, 116, 103, 90, 89, 88, 87, 86, 85, 84, 83, 82, 81, 80, 79, 78, 65, 52, 39, 26, 27, 28, 41, 54, 55, 56, 57, 58, 59, 60, 61, 62, 63, 64, 51, 38, 25, 12, 11, 10, 9, 8, 7, 6, 19, 32, 31, 30, 17, 4, 3, 2, 1, 0]
[00:00:27:39:157] ! Unidirectional t-s. expansions: 760,532, time: 1,659,156 [ms], path length: 92 [edges], generated: 1,083,141
[00:00:42:04:702] Path of length 92 found: [0, 1, 2, 3, 4, 17, 30, 31, 32, 19, 6, 7, 8, 9, 10, 11, 12, 25, 38, 51, 64, 63, 62, 61, 60, 59, 58, 57, 56, 55, 54, 41, 28, 27, 26, 39, 52, 65, 78, 79, 80, 81, 82, 83, 84, 85, 86, 87, 88, 89, 90, 103, 116, 115, 114, 113, 112, 111, 110, 109, 108, 107, 106, 105, 118, 131, 130, 143, 156, 157, 158, 159, 146, 145, 132, 119, 120, 133, 134, 135, 136, 137, 150, 163, 164, 165, 152, 139, 140, 141, 142, 155, 168]
[00:00:42:04:704] ! Bidirectional. expansions: 499,862, time: 2,524,702 [ms], path length: 92 [edges], g_F: 10, g_B: 82, generated: {'F': 137,134, 'B': 599,367}, MM: 72, MMPER: 76.41935483870968%
[00:00:42:04:704] 
---------- mazes/13x13_maze_with_1_open_diamonds_1 ----------
[00:00:05:34:076] Valid states checked so far: 200,000, Expansions: 138,053, Global best: 0
[00:00:11:05:878] Valid states checked so far: 400,000, Expansions: 284,400, Global best: 0
[00:00:12:20:823] Path of length 90 found: [0, 13, 26, 39, 52, 53, 54, 41, 28, 15, 2, 3, 4, 17, 16, 29, 30, 43, 42, 55, 56, 57, 58, 45, 32, 19, 6, 7, 8, 9, 10, 11, 12, 25, 38, 37, 36, 49, 62, 61, 74, 87, 88, 89, 90, 103, 116, 115, 114, 113, 112, 99, 86, 85, 84, 83, 82, 81, 80, 79, 92, 105, 106, 107, 108, 109, 122, 135, 134, 133, 132, 131, 130, 143, 156, 157, 158, 159, 160, 161, 162, 163, 164, 165, 152, 139, 140, 141, 142, 155, 168]
[00:00:12:20:824] ! Unidirectional s-t. expansions: 317,774, time: 740,823 [ms], path length: 90 [edges], generated: 445,090
[00:00:00:13:870] Path of length 90 found: [168, 155, 142, 141, 140, 139, 152, 165, 164, 163, 162, 161, 160, 159, 158, 157, 156, 143, 130, 131, 132, 133, 134, 135, 122, 109, 108, 107, 106, 105, 92, 79, 80, 81, 82, 83, 84, 85, 86, 99, 112, 113, 114, 115, 116, 103, 90, 89, 88, 87, 74, 61, 62, 63, 64, 51, 38, 25, 12, 11, 10, 9, 8, 7, 6, 19, 32, 45, 58, 57, 56, 43, 30, 17, 4, 3, 2, 15, 16, 29, 28, 41, 42, 55, 54, 53, 52, 39, 26, 13, 0]
[00:00:00:13:870] ! Unidirectional t-s. expansions: 6,424, time: 13,870 [ms], path length: 90 [edges], generated: 9,834
[00:00:43:47:423] Path of length 90 found: [0, 13, 26, 39, 52, 53, 54, 41, 28, 15, 2, 3, 4, 17, 16, 29, 30, 43, 42, 55, 56, 57, 58, 45, 32, 19, 6, 7, 8, 9, 10, 11, 12, 25, 38, 51, 64, 63, 62, 61, 74, 87, 88, 89, 90, 103, 116, 115, 114, 113, 112, 99, 86, 85, 84, 83, 82, 81, 80, 79, 92, 105, 106, 107, 108, 109, 122, 135, 134, 133, 132, 131, 130, 143, 156, 157, 158, 159, 160, 161, 162, 163, 164, 165, 152, 139, 140, 141, 142, 155, 168]
[00:00:43:47:424] ! Bidirectional. expansions: 504,002, time: 2,627,423 [ms], path length: 90 [edges], g_F: 26, g_B: 64, generated: {'F': 390,192, 'B': 288,753}, MM: 38, MMPER: 40.75824175824176%
[00:00:43:47:424] 
---------- mazes/13x13_maze_with_1_open_diamonds_2 ----------
[00:00:04:13:388] Path of length 92 found: [0, 1, 2, 3, 4, 17, 30, 43, 56, 55, 54, 41, 28, 27, 26, 39, 52, 65, 78, 79, 80, 81, 82, 83, 70, 57, 58, 45, 32, 19, 6, 7, 8, 9, 10, 11, 12, 25, 38, 37, 36, 49, 62, 61, 60, 59, 72, 71, 84, 85, 98, 99, 86, 87, 88, 89, 90, 103, 116, 115, 114, 113, 112, 111, 110, 97, 96, 109, 122, 135, 134, 133, 132, 131, 130, 143, 156, 157, 158, 159, 160, 161, 162, 163, 164, 165, 152, 139, 140, 141, 142, 155, 168]
[00:00:04:13:388] ! Unidirectional s-t. expansions: 112,777, time: 253,388 [ms], path length: 92 [edges], generated: 174,980
[00:00:04:23:203] Path of length 92 found: [168, 155, 142, 141, 140, 139, 152, 165, 164, 163, 162, 161, 160, 159, 158, 157, 156, 143, 130, 131, 132, 133, 134, 135, 122, 109, 108, 107, 106, 105, 92, 79, 78, 65, 52, 39, 26, 27, 28, 41, 54, 55, 56, 57, 70, 83, 96, 97, 110, 111, 98, 99, 112, 113, 114, 115, 116, 103, 90, 89, 88, 87, 86, 85, 84, 71, 72, 59, 60, 61, 62, 63, 64, 51, 38, 25, 12, 11, 10, 9, 8, 7, 6, 19, 32, 31, 30, 17, 4, 3, 2, 1, 0]
[00:00:04:23:203] ! Unidirectional t-s. expansions: 131,362, time: 263,203 [ms], path length: 92 [edges], generated: 188,651
[00:00:09:11:022] Path of length 92 found: [0, 1, 2, 3, 4, 17, 30, 43, 56, 55, 54, 41, 28, 27, 26, 39, 52, 65, 78, 79, 80, 81, 82, 83, 70, 57, 58, 45, 32, 19, 6, 7, 8, 9, 10, 11, 12, 25, 38, 51, 64, 63, 62, 61, 60, 59, 72, 71, 84, 85, 86, 87, 88, 89, 90, 103, 116, 115, 114, 113, 112, 99, 98, 111, 110, 97, 96, 109, 122, 135, 134, 133, 132, 131, 130, 143, 156, 157, 158, 159, 160, 161, 162, 163, 164, 165, 152, 139, 140, 141, 142, 155, 168]
[00:00:09:11:022] ! Bidirectional. expansions: 122,165, time: 551,022 [ms], path length: 92 [edges], g_F: 30, g_B: 62, generated: {'F': 99,070, 'B': 86,422}, MM: 32, MMPER: 33.40860215053763%
[00:00:09:11:023] 
---------- mazes/13x13_maze_with_1_open_diamonds_3 ----------
[00:00:02:45:957] Path of length 90 found: [0, 1, 2, 3, 4, 17, 30, 43, 56, 55, 54, 41, 28, 27, 26, 39, 52, 65, 78, 79, 80, 81, 82, 83, 84, 71, 58, 45, 32, 19, 6, 7, 8, 9, 10, 11, 12, 25, 38, 37, 36, 49, 62, 61, 74, 87, 86, 85, 98, 99, 100, 101, 88, 89, 90, 103, 102, 115, 116, 129, 142, 141, 140, 139, 126, 113, 112, 111, 110, 109, 122, 135, 134, 133, 132, 131, 130, 143, 156, 157, 158, 159, 160, 161, 162, 163, 164, 165, 166, 167, 168]
[00:00:02:45:958] ! Unidirectional s-t. expansions: 74,318, time: 165,957 [ms], path length: 90 [edges], generated: 117,966
[00:00:05:21:046] Valid states checked so far: 200,000, Expansions: 140,048, Global best: 59
[00:00:10:15:451] Valid states checked so far: 400,000, Expansions: 280,311, Global best: 79
[00:00:12:03:890] Path of length 90 found: [168, 167, 166, 165, 164, 163, 162, 161, 160, 159, 158, 157, 156, 143, 130, 131, 132, 133, 134, 135, 122, 109, 108, 107, 106, 105, 92, 79, 78, 65, 52, 39, 26, 27, 28, 41, 54, 55, 56, 57, 58, 71, 84, 85, 98, 111, 112, 99, 100, 113, 126, 139, 140, 141, 142, 129, 116, 103, 90, 89, 102, 115, 114, 101, 88, 87, 74, 61, 62, 63, 64, 51, 38, 25, 12, 11, 10, 9, 8, 7, 6, 19, 32, 31, 30, 17, 4, 3, 2, 1, 0]
[00:00:12:03:891] ! Unidirectional t-s. expansions: 333,804, time: 723,891 [ms], path length: 90 [edges], generated: 476,230
[00:00:27:14:923] Path of length 90 found: [0, 1, 2, 3, 4, 17, 30, 43, 56, 55, 54, 41, 28, 27, 26, 39, 52, 65, 78, 79, 80, 81, 82, 83, 84, 71, 58, 45, 32, 19, 6, 7, 8, 9, 10, 11, 12, 25, 38, 51, 64, 63, 62, 61, 74, 87, 88, 101, 114, 115, 102, 89, 90, 103, 116, 129, 142, 141, 140, 139, 126, 113, 112, 99, 86, 85, 98, 111, 110, 109, 122, 135, 134, 133, 132, 131, 130, 143, 156, 157, 158, 159, 160, 161, 162, 163, 164, 165, 166, 167, 168]
[00:00:27:14:924] ! Bidirectional. expansions: 334,426, time: 1,634,923 [ms], path length: 90 [edges], g_F: 30, g_B: 60, generated: {'F': 127,652, 'B': 333,314}, MM: 30, MMPER: 31.967032967032964%
[00:00:27:14:924] 
---------- mazes/13x13_maze_with_1_open_diamonds_4 ----------
[00:00:04:48:251] Valid states checked so far: 200,000, Expansions: 129,736, Global best: 0
[00:00:06:31:032] Path of length 92 found: [0, 1, 2, 3, 4, 17, 30, 43, 56, 55, 54, 41, 28, 27, 26, 39, 52, 65, 78, 79, 80, 81, 82, 95, 108, 107, 106, 119, 132, 131, 130, 143, 156, 157, 158, 159, 160, 161, 162, 163, 150, 137, 136, 135, 134, 133, 120, 121, 122, 109, 110, 111, 112, 99, 86, 85, 84, 71, 58, 45, 32, 19, 6, 7, 8, 9, 10, 11, 12, 25, 38, 37, 36, 49, 62, 61, 74, 87, 88, 89, 90, 103, 116, 129, 142, 141, 140, 139, 152, 165, 166, 167, 168]
[00:00:06:31:033] ! Unidirectional s-t. expansions: 179,090, time: 391,032 [ms], path length: 92 [edges], generated: 275,197
[00:00:05:09:869] Valid states checked so far: 200,000, Expansions: 138,664, Global best: 61
[00:00:10:13:543] Valid states checked so far: 400,000, Expansions: 278,215, Global best: 61
[00:00:15:05:969] Valid states checked so far: 600,000, Expansions: 417,695, Global best: 81
[00:00:18:36:035] Path of length 92 found: [168, 167, 166, 165, 152, 139, 140, 141, 142, 129, 116, 103, 90, 89, 88, 87, 74, 61, 62, 63, 64, 51, 38, 25, 12, 11, 10, 9, 8, 7, 6, 19, 32, 45, 58, 71, 84, 85, 86, 99, 112, 111, 110, 109, 122, 123, 136, 137, 150, 163, 162, 161, 160, 159, 158, 157, 156, 143, 130, 131, 132, 119, 106, 107, 120, 133, 134, 121, 108, 95, 82, 81, 80, 79, 78, 65, 52, 39, 26, 27, 28, 41, 54, 55, 56, 43, 30, 17, 4, 3, 2, 1, 0]
[00:00:18:36:036] ! Unidirectional t-s. expansions: 518,882, time: 1,116,036 [ms], path length: 92 [edges], generated: 744,724
[00:00:36:34:358] Path of length 92 found: [0, 1, 2, 3, 4, 17, 30, 43, 56, 55, 54, 41, 28, 27, 26, 39, 52, 65, 78, 79, 80, 81, 82, 95, 108, 107, 106, 119, 132, 131, 130, 143, 156, 157, 158, 159, 160, 161, 162, 163, 150, 137, 136, 135, 134, 133, 120, 121, 122, 109, 110, 111, 112, 99, 86, 85, 84, 71, 58, 45, 32, 19, 6, 7, 8, 9, 10, 11, 12, 25, 38, 51, 64, 63, 62, 61, 74, 87, 88, 89, 90, 103, 116, 129, 142, 141, 140, 139, 152, 165, 166, 167, 168]
[00:00:36:34:360] ! Bidirectional. expansions: 453,664, time: 2,194,358 [ms], path length: 92 [edges], g_F: 62, g_B: 30, generated: {'F': 170,977, 'B': 497,079}, MM: 32, MMPER: 33.40860215053763%
[00:00:36:34:360] 
---------- mazes/13x13_maze_with_1_open_diamonds_5 ----------
[00:00:05:03:800] Valid states checked so far: 200,000, Expansions: 131,780, Global best: 0
[00:00:07:37:087] Path of length 92 found: [0, 1, 2, 3, 4, 17, 30, 43, 56, 55, 54, 41, 28, 27, 26, 39, 52, 65, 78, 79, 80, 81, 94, 107, 106, 105, 118, 131, 130, 143, 156, 157, 158, 159, 160, 161, 162, 163, 150, 137, 136, 135, 134, 133, 132, 119, 120, 121, 108, 109, 110, 111, 112, 99, 86, 85, 84, 71, 58, 45, 32, 19, 6, 7, 8, 9, 10, 11, 12, 25, 38, 37, 36, 49, 62, 61, 74, 87, 88, 89, 90, 103, 116, 129, 142, 141, 140, 139, 152, 165, 166, 167, 168]
[00:00:07:37:088] ! Unidirectional s-t. expansions: 202,651, time: 457,087 [ms], path length: 92 [edges], generated: 306,255
[00:00:05:18:781] Valid states checked so far: 200,000, Expansions: 136,896, Global best: 61
[00:00:10:29:001] Valid states checked so far: 400,000, Expansions: 275,132, Global best: 61
[00:00:15:30:043] Valid states checked so far: 600,000, Expansions: 413,267, Global best: 81
[00:00:17:25:460] Path of length 92 found: [168, 167, 166, 165, 152, 139, 140, 141, 142, 129, 116, 103, 90, 89, 88, 87, 74, 61, 62, 63, 64, 51, 38, 25, 12, 11, 10, 9, 8, 7, 6, 19, 32, 45, 58, 71, 84, 85, 86, 99, 112, 111, 110, 109, 108, 121, 122, 135, 136, 137, 150, 163, 162, 161, 160, 159, 158, 157, 156, 143, 130, 131, 118, 105, 106, 119, 132, 133, 120, 107, 94, 81, 80, 79, 78, 65, 52, 39, 26, 27, 28, 41, 54, 55, 56, 43, 30, 17, 4, 3, 2, 1, 0]
[00:00:17:25:461] ! Unidirectional t-s. expansions: 467,402, time: 1,045,460 [ms], path length: 92 [edges], generated: 677,505
[00:00:34:50:323] Path of length 92 found: [0, 1, 2, 3, 4, 17, 30, 43, 56, 55, 54, 41, 28, 27, 26, 39, 52, 65, 78, 79, 80, 81, 94, 107, 106, 105, 118, 131, 130, 143, 156, 157, 158, 159, 160, 161, 162, 163, 150, 137, 136, 135, 134, 133, 132, 119, 120, 121, 108, 109, 110, 111, 112, 99, 86, 85, 84, 71, 58, 45, 32, 19, 6, 7, 8, 9, 10, 11, 12, 25, 38, 51, 64, 63, 62, 61, 74, 87, 88, 89, 90, 103, 116, 129, 142, 141, 140, 139, 152, 165, 166, 167, 168]
[00:00:34:50:325] ! Bidirectional. expansions: 435,235, time: 2,090,324 [ms], path length: 92 [edges], g_F: 62, g_B: 30, generated: {'F': 186,135, 'B': 452,892}, MM: 32, MMPER: 33.40860215053763%
[00:00:34:50:325] 
---------- mazes/13x13_maze_with_1_open_diamonds_6 ----------
[00:00:02:42:394] Path of length 92 found: [0, 1, 2, 3, 4, 17, 30, 43, 56, 55, 54, 41, 28, 27, 26, 39, 52, 65, 78, 79, 80, 81, 82, 83, 84, 71, 58, 45, 32, 19, 6, 7, 8, 9, 10, 11, 12, 25, 38, 51, 64, 63, 62, 49, 36, 35, 34, 47, 60, 59, 72, 85, 86, 73, 74, 87, 88, 89, 90, 103, 116, 115, 114, 113, 112, 111, 110, 109, 122, 135, 134, 133, 132, 131, 130, 143, 156, 157, 158, 159, 160, 161, 162, 163, 164, 165, 152, 139, 140, 141, 142, 155, 168]
[00:00:02:42:394] ! Unidirectional s-t. expansions: 75,385, time: 162,394 [ms], path length: 92 [edges], generated: 115,096
[00:00:01:02:259] Path of length 92 found: [168, 155, 142, 141, 140, 139, 152, 165, 164, 163, 162, 161, 160, 159, 158, 157, 156, 143, 130, 131, 132, 133, 134, 135, 122, 109, 108, 107, 106, 105, 92, 79, 78, 65, 52, 39, 26, 27, 28, 41, 54, 55, 56, 57, 58, 71, 84, 85, 72, 73, 86, 99, 112, 113, 114, 115, 116, 103, 90, 89, 88, 87, 74, 61, 60, 47, 34, 35, 36, 49, 62, 63, 64, 51, 38, 25, 12, 11, 10, 9, 8, 7, 6, 19, 32, 31, 30, 17, 4, 3, 2, 1, 0]
[00:00:01:02:260] ! Unidirectional t-s. expansions: 33,287, time: 62,259 [ms], path length: 92 [edges], generated: 48,881
[00:00:05:34:671] Path of length 92 found: [0, 1, 2, 3, 4, 17, 30, 31, 32, 19, 6, 7, 8, 9, 10, 11, 12, 25, 38, 51, 64, 63, 62, 49, 36, 35, 34, 47, 60, 59, 58, 57, 56, 55, 54, 41, 28, 27, 26, 39, 52, 65, 78, 79, 80, 81, 82, 83, 84, 71, 72, 85, 86, 73, 74, 87, 88, 89, 90, 103, 116, 115, 114, 113, 112, 111, 110, 109, 122, 135, 134, 133, 132, 131, 130, 143, 156, 157, 158, 159, 160, 161, 162, 163, 164, 165, 152, 139, 140, 141, 142, 155, 168]
[00:00:05:34:672] ! Bidirectional. expansions: 72,035, time: 334,672 [ms], path length: 92 [edges], g_F: 56, g_B: 36, generated: {'F': 88,007, 'B': 19,824}, MM: 20, MMPER: 20.50537634408602%
[00:00:05:34:672] 
---------- mazes/13x13_maze_with_1_open_diamonds_7 ----------
[00:00:03:45:762] Path of length 94 found: [0, 1, 2, 3, 4, 17, 30, 31, 32, 19, 6, 7, 20, 21, 8, 9, 10, 11, 12, 25, 38, 51, 64, 63, 62, 49, 36, 35, 34, 33, 46, 47, 60, 61, 74, 87, 88, 89, 90, 103, 116, 115, 114, 113, 112, 99, 86, 85, 84, 71, 58, 57, 56, 55, 54, 41, 28, 27, 26, 39, 52, 65, 78, 79, 92, 105, 106, 107, 108, 109, 122, 135, 134, 133, 132, 131, 130, 143, 156, 157, 158, 159, 160, 161, 162, 163, 164, 165, 152, 139, 140, 141, 142, 155, 168]
[00:00:03:45:762] ! Unidirectional s-t. expansions: 105,005, time: 225,762 [ms], path length: 94 [edges], generated: 149,965
[00:00:00:11:670] Path of length 94 found: [168, 155, 142, 141, 140, 139, 152, 165, 164, 163, 162, 161, 160, 159, 158, 157, 156, 143, 130, 131, 132, 133, 134, 135, 122, 109, 108, 107, 106, 105, 92, 79, 78, 65, 52, 39, 26, 27, 28, 41, 54, 55, 56, 57, 58, 71, 84, 85, 86, 99, 112, 113, 114, 115, 116, 103, 90, 89, 88, 87, 74, 61, 60, 59, 46, 47, 34, 35, 36, 49, 62, 63, 64, 51, 38, 25, 12, 11, 10, 9, 8, 21, 20, 7, 6, 19, 32, 31, 30, 17, 4, 3, 2, 1, 0]
[00:00:00:11:670] ! Unidirectional t-s. expansions: 7,028, time: 11,670 [ms], path length: 94 [edges], generated: 10,824
[00:00:11:57:374] Path of length 94 found: [0, 1, 2, 3, 4, 17, 30, 31, 32, 19, 6, 7, 20, 21, 8, 9, 10, 11, 12, 25, 38, 51, 64, 63, 62, 49, 36, 35, 34, 33, 46, 47, 60, 61, 74, 87, 88, 89, 90, 103, 116, 115, 114, 113, 112, 99, 86, 85, 84, 71, 58, 57, 56, 55, 54, 41, 28, 27, 26, 39, 52, 65, 78, 79, 92, 105, 106, 107, 108, 109, 122, 135, 134, 133, 132, 131, 130, 143, 156, 157, 158, 159, 160, 161, 162, 163, 164, 165, 152, 139, 140, 141, 142, 155, 168]
[00:00:11:57:374] ! Bidirectional. expansions: 146,283, time: 717,374 [ms], path length: 94 [edges], g_F: 60, g_B: 34, generated: {'F': 177,805, 'B': 29,444}, MM: 26, MMPER: 26.36842105263158%
[00:00:11:57:375] 
---------- mazes/13x13_maze_with_1_open_diamonds_8 ----------
[00:00:03:47:211] Path of length 94 found: [0, 1, 2, 3, 4, 17, 30, 31, 32, 19, 6, 7, 20, 21, 8, 9, 10, 11, 12, 25, 38, 51, 64, 63, 62, 49, 36, 35, 34, 33, 46, 47, 60, 61, 74, 87, 88, 89, 90, 103, 116, 115, 114, 113, 112, 99, 86, 85, 84, 71, 58, 57, 56, 55, 54, 41, 28, 27, 26, 39, 52, 65, 78, 79, 92, 105, 106, 107, 108, 109, 122, 135, 134, 133, 132, 131, 130, 143, 156, 157, 158, 159, 160, 161, 162, 163, 164, 165, 152, 139, 140, 141, 142, 155, 168]
[00:00:03:47:212] ! Unidirectional s-t. expansions: 105,005, time: 227,211 [ms], path length: 94 [edges], generated: 149,965
[00:00:00:11:730] Path of length 94 found: [168, 155, 142, 141, 140, 139, 152, 165, 164, 163, 162, 161, 160, 159, 158, 157, 156, 143, 130, 131, 132, 133, 134, 135, 122, 109, 108, 107, 106, 105, 92, 79, 78, 65, 52, 39, 26, 27, 28, 41, 54, 55, 56, 57, 58, 71, 84, 85, 86, 99, 112, 113, 114, 115, 116, 103, 90, 89, 88, 87, 74, 61, 60, 59, 46, 47, 34, 35, 36, 49, 62, 63, 64, 51, 38, 25, 12, 11, 10, 9, 8, 21, 20, 7, 6, 19, 32, 31, 30, 17, 4, 3, 2, 1, 0]
[00:00:00:11:731] ! Unidirectional t-s. expansions: 7,028, time: 11,731 [ms], path length: 94 [edges], generated: 10,824
[00:00:12:00:060] Path of length 94 found: [0, 1, 2, 3, 4, 17, 30, 31, 32, 19, 6, 7, 20, 21, 8, 9, 10, 11, 12, 25, 38, 51, 64, 63, 62, 49, 36, 35, 34, 33, 46, 47, 60, 61, 74, 87, 88, 89, 90, 103, 116, 115, 114, 113, 112, 99, 86, 85, 84, 71, 58, 57, 56, 55, 54, 41, 28, 27, 26, 39, 52, 65, 78, 79, 92, 105, 106, 107, 108, 109, 122, 135, 134, 133, 132, 131, 130, 143, 156, 157, 158, 159, 160, 161, 162, 163, 164, 165, 152, 139, 140, 141, 142, 155, 168]
[00:00:12:00:061] ! Bidirectional. expansions: 146,283, time: 720,061 [ms], path length: 94 [edges], g_F: 60, g_B: 34, generated: {'F': 177,805, 'B': 29,444}, MM: 26, MMPER: 26.36842105263158%
[00:00:12:00:061] 
---------- mazes/13x13_maze_with_1_open_diamonds_9 ----------
[00:00:04:17:944] Valid states checked so far: 200,000, Expansions: 125,139, Global best: 87
[00:00:05:33:342] Path of length 92 found: [0, 1, 2, 3, 4, 17, 30, 43, 56, 55, 54, 41, 28, 27, 26, 39, 52, 65, 78, 79, 92, 105, 106, 107, 108, 109, 122, 135, 134, 133, 132, 131, 130, 143, 156, 157, 158, 159, 160, 161, 162, 163, 150, 137, 136, 123, 110, 111, 124, 125, 126, 113, 112, 99, 98, 85, 84, 71, 58, 45, 32, 19, 6, 7, 8, 9, 10, 11, 12, 25, 38, 37, 36, 49, 62, 61, 74, 87, 88, 89, 90, 103, 116, 129, 142, 141, 140, 139, 152, 165, 166, 167, 168]
[00:00:05:33:343] ! Unidirectional s-t. expansions: 164,193, time: 333,343 [ms], path length: 92 [edges], generated: 259,005
[00:00:05:15:138] Valid states checked so far: 200,000, Expansions: 143,904, Global best: 61
[00:00:10:23:315] Valid states checked so far: 400,000, Expansions: 290,273, Global best: 61
[00:00:15:30:634] Valid states checked so far: 600,000, Expansions: 436,981, Global best: 61
[00:00:20:42:621] Valid states checked so far: 800,000, Expansions: 581,904, Global best: 61
[00:00:27:46:609] Valid states checked so far: 1,000,000, Expansions: 727,223, Global best: 61
[00:00:34:17:699] Valid states checked so far: 1,200,000, Expansions: 870,618, Global best: 61
[00:00:40:55:932] Valid states checked so far: 1,400,000, Expansions: 1,015,238, Global best: 61
[00:00:46:47:643] Valid states checked so far: 1,600,000, Expansions: 1,159,714, Global best: 61
[00:00:51:53:904] Valid states checked so far: 1,800,000, Expansions: 1,303,139, Global best: 81
[00:00:56:59:526] Valid states checked so far: 2,000,000, Expansions: 1,446,953, Global best: 81
[00:00:57:08:059] Path of length 92 found: [168, 167, 166, 165, 152, 139, 140, 141, 142, 129, 116, 103, 90, 89, 88, 87, 74, 61, 62, 63, 64, 51, 38, 25, 12, 11, 10, 9, 8, 7, 6, 19, 32, 45, 58, 71, 84, 85, 86, 99, 98, 111, 112, 113, 126, 125, 138, 137, 150, 163, 162, 161, 160, 159, 158, 157, 156, 143, 130, 131, 132, 133, 134, 135, 136, 123, 110, 109, 108, 107, 106, 105, 92, 79, 78, 65, 52, 39, 26, 27, 28, 41, 54, 55, 56, 43, 30, 17, 4, 3, 2, 1, 0]
[00:00:57:08:060] ! Unidirectional t-s. expansions: 1,450,301, time: 3,428,059 [ms], path length: 92 [edges], generated: 2,004,831
[00:01:28:03:924] Path of length 92 found: [0, 1, 2, 3, 4, 17, 30, 43, 56, 55, 54, 41, 28, 27, 26, 39, 52, 65, 78, 79, 92, 105, 106, 107, 108, 109, 110, 111, 124, 125, 126, 113, 112, 99, 86, 85, 84, 71, 58, 45, 32, 19, 6, 7, 8, 9, 10, 11, 12, 25, 38, 37, 36, 49, 62, 61, 74, 87, 88, 89, 90, 103, 116, 129, 142, 141, 140, 139, 138, 137, 136, 123, 122, 135, 134, 133, 132, 131, 130, 143, 156, 157, 158, 159, 160, 161, 162, 163, 164, 165, 166, 167, 168]
[00:01:28:03:925] ! Bidirectional. expansions: 1,140,839, time: 5,283,924 [ms], path length: 92 [edges], g_F: 35, g_B: 57, generated: {'F': 423,978, 'B': 1,174,276}, MM: 22, MMPER: 22.655913978494624%
[00:01:28:03:925] average expansions: (152,323, 371,605, 385,479, 0)
[00:01:28:03:925] average time: (338,528, 833,534, 1,867,878, 0)
[00:01:28:03:925] XIDA: 152,323 , 338,528 (expansions , time[ms])
[00:01:28:03:926] BiXIDA: 385,479 , 1,867,878 (expansions , time[ms])

