--------------------------
date: SM_Grids
number_of_graphs: 10
graph_type: grid
size_of_graphs: [8, 8]
heuristic: bcc_heuristic
snake: False
run_uni: True
run_bi: True
run_multi: False
solution_vertices: []
algorithms: ['IDA']
lookahead: 2
bsd: False
cube_first_dims: 4
cube_buffer_dim: None
backward_sym_generation: False
sym_coil: False
prefix_set: None

---------- SM_Grids/8x8_grid_with_random_blocks_20per_0 ----------
[00:00:00:01:655] Path of length 44 found: [0, 1, 9, 10, 2, 3, 4, 12, 20, 28, 29, 21, 13, 5, 6, 7, 15, 14, 22, 23, 31, 30, 38, 37, 36, 35, 34, 26, 25, 17, 16, 24, 32, 40, 48, 49, 41, 42, 43, 44, 52, 53, 61, 62, 63]
[00:00:00:01:655] ! Unidirectional s-t. expansions: 1,027, time: 1,655 [ms], path length: 44 [edges], generated: 4,443
[00:00:00:00:505] Path of length 44 found: [63, 62, 61, 53, 52, 44, 43, 42, 50, 49, 41, 40, 32, 24, 16, 17, 25, 26, 34, 35, 36, 28, 20, 12, 13, 21, 29, 37, 38, 39, 31, 30, 22, 23, 15, 7, 6, 5, 4, 3, 2, 10, 9, 1, 0]
[00:00:00:00:505] ! Unidirectional t-s. expansions: 297, time: 505 [ms], path length: 44 [edges], generated: 1,641
[00:00:00:01:416] Path of length 44 found: [0, 1, 9, 10, 2, 3, 4, 12, 20, 28, 29, 21, 13, 5, 6, 7, 15, 14, 22, 23, 31, 30, 38, 37, 36, 35, 34, 26, 25, 17, 16, 24, 32, 40, 41, 49, 50, 42, 43, 44, 52, 53, 61, 62, 63]
[00:00:00:01:872] ! Bidirectional. expansions: 2,327, time: 1,416 [ms], path length: 44 [edges], g_F: 22, g_B: 22, generated: {'F': 3,984, 'B': 3,391}, MM: 0, MMPER: -1.0%
[00:00:00:01:872] 
---------- SM_Grids/8x8_grid_with_random_blocks_20per_1 ----------
[00:00:00:19:738] Path of length 38 found: [0, 8, 16, 24, 25, 17, 9, 1, 2, 3, 11, 10, 18, 26, 34, 33, 41, 40, 48, 56, 57, 49, 50, 42, 43, 35, 27, 19, 20, 28, 29, 30, 31, 39, 47, 46, 54, 62, 63]
[00:00:00:19:738] ! Unidirectional s-t. expansions: 11,052, time: 19,738 [ms], path length: 38 [edges], generated: 51,029
[00:00:00:02:852] Path of length 38 found: [63, 62, 54, 55, 47, 39, 31, 30, 29, 21, 20, 28, 27, 19, 11, 3, 2, 10, 18, 26, 34, 35, 43, 51, 50, 49, 57, 56, 48, 40, 41, 33, 25, 24, 16, 17, 9, 1, 0]
[00:00:00:02:852] ! Unidirectional t-s. expansions: 1,707, time: 2,852 [ms], path length: 38 [edges], generated: 8,951
[00:00:00:08:964] Path of length 38 found: [0, 8, 16, 24, 25, 33, 41, 40, 48, 56, 57, 49, 50, 51, 43, 35, 34, 26, 18, 10, 9, 1, 2, 3, 11, 19, 27, 28, 20, 21, 29, 30, 31, 39, 47, 55, 54, 62, 63]
[00:00:00:09:387] ! Bidirectional. expansions: 9,358, time: 8,964 [ms], path length: 38 [edges], g_F: 19, g_B: 19, generated: {'F': 17,287, 'B': 19,308}, MM: 0, MMPER: -1.0%
[00:00:00:09:387] 
---------- SM_Grids/8x8_grid_with_random_blocks_20per_2 ----------
[00:00:00:01:013] Path of length 48 found: [0, 8, 16, 17, 9, 1, 2, 3, 4, 12, 20, 19, 18, 26, 34, 33, 41, 40, 48, 56, 57, 49, 50, 58, 59, 60, 61, 53, 45, 37, 36, 28, 29, 21, 13, 5, 6, 14, 15, 23, 22, 30, 31, 39, 38, 46, 54, 62, 63]
[00:00:00:01:013] ! Unidirectional s-t. expansions: 532, time: 1,013 [ms], path length: 48 [edges], generated: 2,432
[00:00:00:01:005] Path of length 48 found: [63, 62, 54, 46, 47, 39, 31, 23, 15, 14, 6, 5, 13, 21, 22, 30, 29, 28, 36, 37, 45, 53, 61, 60, 59, 58, 50, 49, 57, 56, 48, 40, 41, 33, 34, 26, 18, 19, 20, 12, 4, 3, 2, 1, 9, 17, 16, 8, 0]
[00:00:00:01:006] ! Unidirectional t-s. expansions: 532, time: 1,005 [ms], path length: 48 [edges], generated: 2,115
[00:00:00:01:777] Path of length 48 found: [0, 8, 16, 17, 9, 1, 2, 3, 4, 12, 13, 5, 6, 14, 15, 23, 22, 21, 29, 30, 31, 39, 47, 46, 38, 37, 36, 28, 20, 19, 18, 26, 34, 33, 41, 40, 48, 56, 57, 49, 50, 58, 59, 60, 61, 53, 54, 62, 63]
[00:00:00:02:195] ! Bidirectional. expansions: 1,978, time: 1,777 [ms], path length: 48 [edges], g_F: 24, g_B: 24, generated: {'F': 3,769, 'B': 3,206}, MM: 0, MMPER: -1.0%
[00:00:00:02:195] 
---------- SM_Grids/8x8_grid_with_random_blocks_20per_3 ----------
[00:00:00:00:721] Path of length 46 found: [0, 1, 9, 8, 16, 24, 32, 40, 41, 49, 57, 58, 50, 51, 43, 35, 34, 26, 27, 19, 18, 10, 11, 3, 4, 12, 13, 5, 6, 7, 15, 23, 22, 30, 31, 39, 38, 37, 36, 44, 45, 53, 52, 60, 61, 62, 63]
[00:00:00:00:721] ! Unidirectional s-t. expansions: 358, time: 721 [ms], path length: 46 [edges], generated: 1,606
[00:00:00:00:767] Path of length 46 found: [63, 62, 61, 60, 52, 53, 45, 37, 29, 30, 38, 39, 31, 23, 15, 7, 6, 5, 13, 12, 4, 3, 11, 10, 18, 19, 27, 26, 34, 35, 36, 44, 43, 51, 50, 58, 57, 49, 41, 40, 32, 24, 16, 17, 9, 1, 0]
[00:00:00:00:767] ! Unidirectional t-s. expansions: 424, time: 767 [ms], path length: 46 [edges], generated: 1,777
[00:00:00:01:782] Path of length 46 found: [0, 1, 9, 8, 16, 24, 32, 40, 41, 49, 57, 58, 50, 51, 43, 44, 36, 35, 34, 26, 27, 19, 18, 10, 11, 3, 4, 12, 13, 5, 6, 7, 15, 23, 31, 39, 38, 30, 29, 37, 45, 53, 52, 60, 61, 62, 63]
[00:00:00:02:233] ! Bidirectional. expansions: 1,674, time: 1,782 [ms], path length: 46 [edges], g_F: 23, g_B: 23, generated: {'F': 2,760, 'B': 2,944}, MM: 0, MMPER: -1.0%
[00:00:00:02:233] 
---------- SM_Grids/8x8_grid_with_random_blocks_20per_4 ----------
[00:00:00:44:712] Path of length 44 found: [0, 8, 16, 24, 32, 40, 48, 49, 57, 58, 59, 51, 43, 44, 36, 28, 20, 19, 27, 26, 34, 33, 25, 17, 18, 10, 9, 1, 2, 3, 4, 5, 6, 7, 15, 23, 22, 21, 29, 37, 45, 46, 54, 62, 63]
[00:00:00:44:712] ! Unidirectional s-t. expansions: 38,391, time: 44,712 [ms], path length: 44 [edges], generated: 133,042
[00:00:00:11:283] Path of length 44 found: [63, 55, 54, 46, 38, 37, 45, 44, 43, 51, 59, 58, 57, 49, 48, 40, 41, 33, 32, 24, 16, 8, 9, 17, 25, 26, 18, 10, 11, 19, 27, 28, 20, 21, 22, 23, 15, 7, 6, 5, 4, 3, 2, 1, 0]
[00:00:00:11:283] ! Unidirectional t-s. expansions: 6,909, time: 11,283 [ms], path length: 44 [edges], generated: 31,493
[00:00:00:51:674] Path of length 44 found: [0, 8, 16, 24, 32, 33, 41, 40, 48, 49, 57, 58, 59, 51, 43, 44, 36, 28, 20, 19, 27, 26, 18, 17, 9, 1, 2, 10, 11, 3, 4, 5, 6, 7, 15, 23, 22, 21, 29, 37, 38, 46, 54, 55, 63]
[00:00:00:52:094] ! Bidirectional. expansions: 71,538, time: 51,674 [ms], path length: 44 [edges], g_F: 22, g_B: 22, generated: {'F': 117,280, 'B': 127,602}, MM: 0, MMPER: -1.0%
[00:00:00:52:094] 
---------- SM_Grids/8x8_grid_with_random_blocks_20per_5 ----------
[00:00:00:03:459] Path of length 46 found: [0, 1, 9, 8, 16, 24, 32, 40, 48, 49, 57, 58, 59, 51, 50, 42, 41, 33, 25, 17, 18, 26, 34, 35, 36, 28, 20, 12, 13, 14, 15, 23, 22, 21, 29, 37, 45, 53, 61, 62, 54, 46, 38, 39, 47, 55, 63]
[00:00:00:03:459] ! Unidirectional s-t. expansions: 1,871, time: 3,459 [ms], path length: 46 [edges], generated: 8,709
[00:00:00:01:559] Path of length 46 found: [63, 55, 47, 39, 31, 23, 15, 14, 22, 21, 13, 12, 20, 28, 29, 37, 38, 46, 54, 62, 61, 53, 52, 51, 59, 58, 57, 49, 48, 40, 32, 24, 25, 33, 41, 42, 43, 35, 34, 26, 18, 17, 16, 8, 9, 1, 0]
[00:00:00:01:559] ! Unidirectional t-s. expansions: 786, time: 1,559 [ms], path length: 46 [edges], generated: 3,709
[00:00:00:22:662] Path of length 46 found: [0, 1, 9, 8, 16, 24, 32, 40, 48, 49, 57, 58, 50, 42, 41, 33, 25, 17, 18, 26, 34, 35, 43, 51, 52, 53, 61, 62, 54, 46, 38, 37, 29, 28, 20, 12, 13, 21, 22, 14, 15, 23, 31, 39, 47, 55, 63]
[00:00:00:23:070] ! Bidirectional. expansions: 22,030, time: 22,662 [ms], path length: 46 [edges], g_F: 23, g_B: 23, generated: {'F': 38,432, 'B': 37,680}, MM: 0, MMPER: -1.0%
[00:00:00:23:070] 
---------- SM_Grids/8x8_grid_with_random_blocks_20per_6 ----------
[00:00:00:01:463] Path of length 46 found: [0, 1, 9, 8, 16, 17, 18, 10, 11, 19, 27, 28, 20, 21, 13, 12, 4, 5, 6, 14, 15, 23, 31, 39, 38, 37, 36, 44, 45, 53, 52, 51, 43, 42, 50, 49, 48, 56, 57, 58, 59, 60, 61, 62, 54, 55, 63]
[00:00:00:01:464] ! Unidirectional s-t. expansions: 758, time: 1,463 [ms], path length: 46 [edges], generated: 3,273
[00:00:00:02:424] Path of length 46 found: [63, 55, 47, 39, 31, 23, 15, 14, 6, 5, 4, 12, 13, 21, 29, 37, 45, 53, 54, 62, 61, 60, 52, 51, 59, 58, 57, 56, 48, 49, 50, 42, 43, 44, 36, 28, 20, 19, 27, 26, 18, 10, 9, 17, 16, 8, 0]
[00:00:00:02:425] ! Unidirectional t-s. expansions: 1,582, time: 2,425 [ms], path length: 46 [edges], generated: 7,296
[00:00:00:06:251] Path of length 46 found: [0, 1, 9, 8, 16, 17, 18, 10, 11, 19, 27, 28, 36, 44, 43, 42, 50, 49, 48, 56, 57, 58, 59, 51, 52, 60, 61, 62, 54, 53, 45, 37, 29, 21, 20, 12, 4, 5, 6, 14, 15, 23, 31, 39, 47, 55, 63]
[00:00:00:06:656] ! Bidirectional. expansions: 6,924, time: 6,251 [ms], path length: 46 [edges], g_F: 23, g_B: 23, generated: {'F': 12,039, 'B': 11,475}, MM: 0, MMPER: -1.0%
[00:00:00:06:656] 
---------- SM_Grids/8x8_grid_with_random_blocks_20per_7 ----------
[00:00:00:03:438] Path of length 42 found: [0, 8, 16, 24, 32, 40, 41, 33, 25, 17, 9, 1, 2, 3, 11, 19, 18, 26, 34, 42, 50, 51, 43, 35, 27, 28, 20, 12, 4, 5, 6, 14, 15, 23, 31, 30, 38, 39, 47, 55, 54, 62, 63]
[00:00:00:03:438] ! Unidirectional s-t. expansions: 1,773, time: 3,438 [ms], path length: 42 [edges], generated: 7,438
[00:00:00:00:335] Path of length 42 found: [63, 62, 54, 55, 47, 39, 38, 30, 31, 23, 15, 7, 6, 5, 4, 3, 2, 1, 9, 17, 25, 33, 34, 26, 18, 19, 11, 12, 20, 28, 27, 35, 43, 51, 50, 42, 41, 40, 32, 24, 16, 8, 0]
[00:00:00:00:335] ! Unidirectional t-s. expansions: 195, time: 335 [ms], path length: 42 [edges], generated: 931
[00:00:00:02:206] Path of length 42 found: [0, 8, 16, 24, 32, 40, 41, 33, 25, 17, 9, 1, 2, 3, 11, 19, 18, 26, 34, 42, 50, 51, 43, 35, 27, 28, 20, 12, 4, 5, 6, 7, 15, 23, 31, 30, 38, 39, 47, 55, 54, 62, 63]
[00:00:00:02:615] ! Bidirectional. expansions: 2,445, time: 2,206 [ms], path length: 42 [edges], g_F: 21, g_B: 21, generated: {'F': 4,452, 'B': 4,348}, MM: 0, MMPER: -1.0%
[00:00:00:02:615] 
---------- SM_Grids/8x8_grid_with_random_blocks_20per_8 ----------
[00:00:00:00:226] Path of length 48 found: [0, 8, 16, 24, 32, 33, 25, 17, 9, 10, 2, 3, 11, 19, 20, 12, 4, 5, 13, 14, 6, 7, 15, 23, 22, 21, 29, 28, 27, 35, 36, 44, 52, 51, 50, 42, 41, 49, 57, 58, 59, 60, 61, 53, 45, 46, 47, 55, 63]
[00:00:00:00:226] ! Unidirectional s-t. expansions: 138, time: 226 [ms], path length: 48 [edges], generated: 592
[00:00:00:00:050] Path of length 48 found: [63, 55, 47, 46, 45, 53, 61, 60, 59, 58, 57, 49, 41, 42, 50, 51, 52, 44, 36, 35, 27, 19, 11, 12, 20, 28, 29, 21, 13, 14, 22, 23, 15, 7, 6, 5, 4, 3, 2, 10, 9, 17, 25, 33, 32, 24, 16, 8, 0]
[00:00:00:00:050] ! Unidirectional t-s. expansions: 26, time: 50 [ms], path length: 48 [edges], generated: 108
[00:00:00:00:060] Path of length 48 found: [0, 8, 16, 24, 32, 33, 25, 17, 9, 10, 2, 3, 11, 19, 20, 12, 4, 5, 13, 14, 6, 7, 15, 23, 22, 21, 29, 28, 27, 35, 36, 44, 52, 51, 50, 42, 41, 49, 57, 58, 59, 60, 61, 53, 45, 46, 47, 55, 63]
[00:00:00:00:468] ! Bidirectional. expansions: 79, time: 60 [ms], path length: 48 [edges], g_F: 24, g_B: 24, generated: {'F': 131, 'B': 131}, MM: 0, MMPER: -1.0%
[00:00:00:00:468] 
---------- SM_Grids/8x8_grid_with_random_blocks_20per_9 ----------
[00:00:00:00:055] Path of length 36 found: [0, 8, 9, 1, 2, 10, 18, 26, 34, 35, 27, 28, 36, 44, 45, 37, 29, 21, 13, 5, 6, 7, 15, 14, 22, 23, 31, 30, 38, 39, 47, 55, 54, 53, 61, 62, 63]
[00:00:00:00:055] ! Unidirectional s-t. expansions: 20, time: 55 [ms], path length: 36 [edges], generated: 100
[00:00:00:00:149] Path of length 36 found: [63, 62, 61, 53, 54, 55, 47, 39, 31, 23, 15, 7, 6, 5, 13, 14, 22, 21, 29, 30, 38, 37, 45, 44, 36, 28, 27, 35, 34, 26, 18, 17, 9, 10, 2, 1, 0]
[00:00:00:00:149] ! Unidirectional t-s. expansions: 71, time: 149 [ms], path length: 36 [edges], generated: 347
[00:00:00:00:096] Path of length 36 found: [0, 8, 9, 1, 2, 10, 18, 26, 34, 35, 27, 28, 36, 44, 45, 37, 38, 30, 29, 21, 22, 14, 13, 5, 6, 7, 15, 23, 31, 39, 47, 55, 54, 53, 61, 62, 63]
[00:00:00:00:508] ! Bidirectional. expansions: 90, time: 96 [ms], path length: 36 [edges], g_F: 18, g_B: 18, generated: {'F': 171, 'B': 154}, MM: 0, MMPER: -1.0%
[00:00:00:00:508] average expansions: (5,592, 1,253, 11,844, 0)
[00:00:00:00:508] average time: (7,648, 2,093, 9,689, 0)
[00:00:00:00:508] XIDA: 1,253 , 2,093 (expansions , time[ms])
[00:00:00:00:508] BiXIDA: 11,844 , 9,689 (expansions , time[ms])

