--------------------------
date: SM_Grids
number_of_graphs: 10
graph_type: grid
size_of_graphs: [7, 8]
heuristic: bcc_heuristic
snake: False
run_uni: True
run_bi: True
run_multi: False
solution_vertices: []
algorithms: ['IDA']
lookahead: 2
bsd: False
cube_first_dims: 4
cube_buffer_dim: None
backward_sym_generation: False
sym_coil: False
prefix_set: None

---------- SM_Grids/7x8_grid_with_random_blocks_12per_0 ----------
[00:00:00:13:277] Path of length 47 found: [0, 1, 2, 10, 18, 17, 16, 24, 32, 40, 48, 49, 41, 33, 25, 26, 34, 42, 50, 51, 43, 44, 45, 37, 29, 21, 13, 12, 20, 28, 27, 19, 11, 3, 4, 5, 6, 7, 15, 14, 22, 23, 31, 30, 38, 46, 47, 55]
[00:00:00:13:277] ! Unidirectional s-t. expansions: 10,518, time: 13,277 [ms], path length: 47 [edges], generated: 48,822
[00:00:00:03:770] Path of length 47 found: [55, 47, 39, 31, 23, 15, 7, 6, 5, 4, 3, 11, 19, 27, 28, 20, 12, 13, 14, 22, 21, 29, 30, 38, 37, 45, 44, 43, 51, 50, 42, 34, 26, 25, 33, 41, 49, 48, 40, 32, 24, 16, 17, 18, 10, 2, 1, 0]
[00:00:00:03:770] ! Unidirectional t-s. expansions: 2,704, time: 3,770 [ms], path length: 47 [edges], generated: 12,051
[00:00:00:49:211] Path of length 47 found: [0, 1, 2, 10, 18, 17, 16, 24, 32, 40, 48, 49, 41, 33, 25, 26, 34, 42, 50, 51, 43, 44, 45, 37, 38, 30, 29, 21, 22, 14, 13, 12, 20, 28, 27, 19, 11, 3, 4, 5, 6, 7, 15, 23, 31, 39, 47, 55]
[00:00:00:49:634] ! Bidirectional. expansions: 75,420, time: 49,211 [ms], path length: 47 [edges], g_F: 24, g_B: 23, generated: {'F': 125,477, 'B': 132,527}, MM: 1, MMPER: 1.0833333333333335%
[00:00:00:49:635] 
---------- SM_Grids/7x8_grid_with_random_blocks_12per_1 ----------
[00:00:00:04:630] Path of length 47 found: [0, 8, 16, 24, 32, 40, 41, 33, 25, 17, 9, 10, 2, 3, 11, 19, 18, 26, 34, 42, 50, 51, 43, 35, 27, 28, 20, 21, 13, 12, 4, 5, 6, 14, 15, 23, 22, 30, 38, 37, 36, 44, 45, 53, 54, 46, 47, 55]
[00:00:00:04:631] ! Unidirectional s-t. expansions: 2,804, time: 4,631 [ms], path length: 47 [edges], generated: 12,612
[00:00:00:00:059] Path of length 47 found: [55, 47, 39, 38, 46, 54, 53, 45, 37, 36, 44, 43, 51, 50, 42, 34, 35, 27, 28, 20, 12, 13, 21, 22, 23, 15, 14, 6, 5, 4, 3, 2, 10, 11, 19, 18, 26, 25, 33, 41, 40, 32, 24, 16, 17, 9, 8, 0]
[00:00:00:00:059] ! Unidirectional t-s. expansions: 28, time: 59 [ms], path length: 47 [edges], generated: 122
[00:00:00:04:309] Path of length 47 found: [0, 8, 16, 24, 32, 40, 41, 33, 25, 26, 18, 17, 9, 10, 2, 3, 4, 5, 6, 14, 15, 23, 22, 21, 13, 12, 11, 19, 20, 28, 27, 35, 34, 42, 50, 51, 43, 44, 36, 37, 45, 53, 54, 46, 38, 39, 47, 55]
[00:00:00:04:675] ! Bidirectional. expansions: 5,547, time: 4,309 [ms], path length: 47 [edges], g_F: 24, g_B: 23, generated: {'F': 10,208, 'B': 10,556}, MM: 1, MMPER: 1.0833333333333335%
[00:00:00:04:675] 
---------- SM_Grids/7x8_grid_with_random_blocks_12per_2 ----------
[00:00:00:08:837] Path of length 45 found: [0, 8, 16, 24, 32, 40, 48, 49, 41, 33, 34, 26, 18, 17, 9, 1, 2, 10, 11, 3, 4, 5, 13, 21, 22, 14, 6, 7, 15, 23, 31, 39, 38, 37, 29, 28, 20, 19, 27, 35, 43, 44, 52, 53, 54, 55]
[00:00:00:08:837] ! Unidirectional s-t. expansions: 5,615, time: 8,837 [ms], path length: 45 [edges], generated: 23,865
[00:00:00:01:108] Path of length 45 found: [55, 47, 39, 31, 23, 15, 7, 6, 5, 13, 14, 22, 21, 29, 37, 45, 53, 52, 44, 43, 35, 36, 28, 20, 19, 27, 26, 34, 33, 41, 49, 48, 40, 32, 24, 16, 8, 9, 17, 18, 10, 11, 3, 2, 1, 0]
[00:00:00:01:108] ! Unidirectional t-s. expansions: 491, time: 1,108 [ms], path length: 45 [edges], generated: 2,554
[00:00:00:07:681] Path of length 45 found: [0, 8, 9, 1, 2, 10, 11, 3, 4, 5, 13, 21, 22, 14, 6, 7, 15, 23, 31, 39, 38, 37, 29, 28, 20, 19, 18, 17, 16, 24, 32, 40, 48, 49, 41, 33, 34, 26, 27, 35, 43, 44, 52, 53, 54, 55]
[00:00:00:08:050] ! Bidirectional. expansions: 8,473, time: 7,681 [ms], path length: 45 [edges], g_F: 23, g_B: 22, generated: {'F': 14,702, 'B': 15,139}, MM: 1, MMPER: 1.1739130434782608%
[00:00:00:08:050] 
---------- SM_Grids/7x8_grid_with_random_blocks_12per_3 ----------
[00:00:00:46:012] Path of length 45 found: [0, 8, 16, 24, 32, 33, 25, 17, 9, 1, 2, 10, 11, 3, 4, 5, 6, 14, 22, 21, 20, 19, 27, 26, 34, 42, 41, 49, 50, 51, 43, 35, 36, 44, 52, 53, 45, 37, 29, 30, 31, 39, 38, 46, 47, 55]
[00:00:00:46:013] ! Unidirectional s-t. expansions: 28,124, time: 46,012 [ms], path length: 45 [edges], generated: 147,868
[00:00:00:43:351] Path of length 45 found: [55, 47, 39, 31, 30, 22, 14, 6, 5, 4, 3, 2, 10, 11, 12, 20, 19, 27, 35, 43, 44, 36, 28, 29, 37, 38, 46, 45, 53, 52, 51, 50, 49, 41, 42, 34, 26, 25, 33, 32, 24, 16, 17, 9, 1, 0]
[00:00:00:43:351] ! Unidirectional t-s. expansions: 33,125, time: 43,351 [ms], path length: 45 [edges], generated: 133,299
[00:00:02:07:283] Path of length 45 found: [0, 8, 16, 24, 32, 33, 41, 49, 50, 42, 34, 35, 36, 44, 43, 51, 52, 53, 45, 46, 38, 37, 29, 28, 20, 12, 11, 19, 27, 26, 25, 17, 9, 1, 2, 3, 4, 5, 6, 14, 22, 30, 31, 39, 47, 55]
[00:00:02:07:664] ! Bidirectional. expansions: 171,592, time: 127,283 [ms], path length: 45 [edges], g_F: 23, g_B: 22, generated: {'F': 329,012, 'B': 323,136}, MM: 1, MMPER: 1.1739130434782608%
[00:00:02:07:664] 
---------- SM_Grids/7x8_grid_with_random_blocks_12per_4 ----------
[00:00:00:26:664] Path of length 45 found: [0, 1, 2, 10, 9, 17, 16, 24, 25, 33, 32, 40, 48, 49, 41, 42, 34, 35, 43, 51, 52, 53, 45, 37, 36, 28, 27, 19, 11, 12, 20, 21, 13, 5, 6, 7, 15, 23, 22, 30, 31, 39, 38, 46, 54, 55]
[00:00:00:26:664] ! Unidirectional s-t. expansions: 18,305, time: 26,664 [ms], path length: 45 [edges], generated: 79,910
[00:00:00:59:102] Path of length 45 found: [55, 47, 39, 31, 23, 15, 7, 6, 5, 4, 12, 13, 21, 22, 30, 38, 37, 45, 46, 54, 53, 52, 51, 43, 42, 50, 49, 48, 40, 32, 24, 16, 17, 25, 33, 34, 35, 36, 28, 20, 19, 11, 10, 2, 1, 0]
[00:00:00:59:103] ! Unidirectional t-s. expansions: 41,287, time: 59,103 [ms], path length: 45 [edges], generated: 186,059
[00:00:01:42:741] Path of length 45 found: [0, 1, 2, 10, 9, 17, 18, 19, 11, 12, 20, 28, 27, 35, 34, 33, 25, 24, 32, 40, 48, 49, 41, 42, 43, 51, 52, 53, 54, 46, 45, 37, 38, 30, 22, 21, 13, 5, 6, 7, 15, 23, 31, 39, 47, 55]
[00:00:01:43:144] ! Bidirectional. expansions: 127,294, time: 102,741 [ms], path length: 45 [edges], g_F: 23, g_B: 22, generated: {'F': 219,834, 'B': 217,150}, MM: 1, MMPER: 1.1739130434782608%
[00:00:01:43:144] 
---------- SM_Grids/7x8_grid_with_random_blocks_12per_5 ----------
[00:00:00:45:820] Path of length 45 found: [0, 8, 16, 17, 9, 1, 2, 10, 18, 26, 25, 33, 32, 40, 48, 49, 50, 51, 52, 53, 45, 46, 38, 30, 29, 21, 13, 12, 20, 28, 36, 35, 27, 19, 11, 3, 4, 5, 6, 14, 22, 23, 31, 39, 47, 55]
[00:00:00:45:820] ! Unidirectional s-t. expansions: 24,904, time: 45,820 [ms], path length: 45 [edges], generated: 116,262
[00:00:00:14:080] Path of length 45 found: [55, 47, 39, 31, 23, 22, 14, 6, 5, 4, 3, 2, 1, 9, 10, 18, 26, 34, 35, 36, 28, 27, 19, 11, 12, 20, 21, 29, 30, 38, 46, 45, 53, 52, 51, 50, 49, 48, 40, 32, 33, 25, 17, 16, 8, 0]
[00:00:00:14:080] ! Unidirectional t-s. expansions: 8,223, time: 14,080 [ms], path length: 45 [edges], generated: 39,711
[00:00:01:07:232] Path of length 45 found: [0, 8, 16, 17, 9, 1, 2, 10, 18, 26, 27, 19, 11, 3, 4, 12, 20, 28, 36, 35, 34, 33, 32, 40, 48, 49, 50, 51, 52, 53, 45, 46, 38, 30, 29, 21, 13, 5, 6, 14, 22, 23, 31, 39, 47, 55]
[00:00:01:07:652] ! Bidirectional. expansions: 82,425, time: 67,232 [ms], path length: 45 [edges], g_F: 23, g_B: 22, generated: {'F': 151,842, 'B': 159,025}, MM: 1, MMPER: 1.1739130434782608%
[00:00:01:07:652] 
---------- SM_Grids/7x8_grid_with_random_blocks_12per_6 ----------
[00:00:00:00:055] Path of length 47 found: [0, 8, 9, 17, 18, 10, 2, 3, 11, 19, 27, 26, 34, 33, 32, 40, 48, 49, 41, 42, 50, 51, 43, 35, 36, 28, 20, 21, 29, 37, 45, 44, 52, 53, 54, 46, 38, 30, 22, 14, 6, 7, 15, 23, 31, 39, 47, 55]
[00:00:00:00:055] ! Unidirectional s-t. expansions: 23, time: 55 [ms], path length: 47 [edges], generated: 116
[00:00:00:00:109] Path of length 47 found: [55, 47, 39, 31, 23, 15, 7, 6, 14, 22, 21, 20, 28, 36, 35, 43, 44, 45, 37, 29, 30, 38, 46, 54, 53, 52, 51, 50, 42, 41, 49, 48, 40, 32, 33, 34, 26, 27, 19, 11, 3, 2, 10, 18, 17, 9, 8, 0]
[00:00:00:00:109] ! Unidirectional t-s. expansions: 47, time: 109 [ms], path length: 47 [edges], generated: 251
[00:00:00:00:034] Path of length 47 found: [0, 8, 9, 17, 18, 10, 2, 3, 11, 19, 27, 26, 34, 33, 32, 40, 48, 49, 41, 42, 50, 51, 52, 53, 54, 46, 38, 30, 29, 37, 45, 44, 43, 35, 36, 28, 20, 21, 22, 14, 6, 7, 15, 23, 31, 39, 47, 55]
[00:00:00:00:408] ! Bidirectional. expansions: 23, time: 34 [ms], path length: 47 [edges], g_F: 24, g_B: 23, generated: {'F': 39, 'B': 45}, MM: 1, MMPER: 1.0833333333333335%
[00:00:00:00:408] 
---------- SM_Grids/7x8_grid_with_random_blocks_12per_7 ----------
[00:00:00:00:069] Path of length 47 found: [0, 8, 9, 1, 2, 10, 18, 17, 25, 33, 41, 49, 50, 42, 34, 26, 27, 35, 43, 51, 52, 44, 36, 28, 20, 19, 11, 3, 4, 12, 13, 5, 6, 14, 15, 23, 31, 30, 29, 37, 45, 53, 54, 46, 38, 39, 47, 55]
[00:00:00:00:069] ! Unidirectional s-t. expansions: 29, time: 69 [ms], path length: 47 [edges], generated: 158
[00:00:00:00:324] Path of length 47 found: [55, 47, 39, 31, 23, 15, 14, 6, 5, 13, 12, 4, 3, 11, 19, 20, 28, 27, 26, 34, 42, 43, 35, 36, 44, 45, 37, 29, 30, 38, 46, 54, 53, 52, 51, 50, 49, 41, 33, 25, 17, 18, 10, 2, 1, 9, 8, 0]
[00:00:00:00:324] ! Unidirectional t-s. expansions: 187, time: 324 [ms], path length: 47 [edges], generated: 1,021
[00:00:00:00:031] Path of length 47 found: [0, 8, 9, 1, 2, 10, 18, 17, 25, 33, 41, 49, 50, 42, 34, 26, 27, 35, 43, 51, 52, 53, 54, 46, 38, 30, 29, 37, 45, 44, 36, 28, 20, 19, 11, 3, 4, 12, 13, 5, 6, 14, 15, 23, 31, 39, 47, 55]
[00:00:00:00:403] ! Bidirectional. expansions: 23, time: 31 [ms], path length: 47 [edges], g_F: 24, g_B: 23, generated: {'F': 45, 'B': 44}, MM: 1, MMPER: 1.0833333333333335%
[00:00:00:00:404] 
---------- SM_Grids/7x8_grid_with_random_blocks_12per_8 ----------
[00:00:00:09:832] Path of length 47 found: [0, 8, 16, 24, 32, 33, 34, 26, 18, 17, 9, 1, 2, 10, 11, 3, 4, 12, 20, 19, 27, 35, 43, 42, 50, 51, 52, 44, 36, 28, 29, 21, 13, 5, 6, 7, 15, 14, 22, 30, 31, 39, 47, 46, 45, 53, 54, 55]
[00:00:00:09:832] ! Unidirectional s-t. expansions: 5,321, time: 9,832 [ms], path length: 47 [edges], generated: 28,672
[00:00:00:24:917] Path of length 47 found: [55, 47, 39, 31, 30, 22, 14, 15, 7, 6, 5, 4, 3, 2, 10, 18, 26, 27, 19, 11, 12, 13, 21, 20, 28, 29, 37, 36, 35, 43, 44, 45, 46, 54, 53, 52, 51, 50, 42, 34, 33, 32, 24, 16, 17, 9, 1, 0]
[00:00:00:24:917] ! Unidirectional t-s. expansions: 19,098, time: 24,917 [ms], path length: 47 [edges], generated: 79,677
[00:00:01:01:128] Path of length 47 found: [0, 8, 16, 24, 32, 33, 34, 26, 18, 17, 9, 1, 2, 10, 11, 19, 27, 35, 43, 42, 50, 51, 52, 53, 54, 46, 45, 44, 36, 37, 29, 28, 20, 21, 13, 12, 4, 5, 6, 7, 15, 14, 22, 30, 31, 39, 47, 55]
[00:00:01:01:502] ! Bidirectional. expansions: 91,815, time: 61,128 [ms], path length: 47 [edges], g_F: 24, g_B: 23, generated: {'F': 168,246, 'B': 171,166}, MM: 1, MMPER: 1.0833333333333335%
[00:00:01:01:502] 
---------- SM_Grids/7x8_grid_with_random_blocks_12per_9 ----------
[00:00:00:00:841] Path of length 47 found: [0, 8, 16, 24, 32, 40, 48, 49, 41, 33, 25, 17, 18, 10, 2, 3, 11, 19, 27, 26, 34, 42, 50, 51, 43, 35, 36, 28, 29, 21, 20, 12, 13, 5, 6, 7, 15, 14, 22, 23, 31, 30, 38, 39, 47, 46, 54, 55]
[00:00:00:00:841] ! Unidirectional s-t. expansions: 310, time: 841 [ms], path length: 47 [edges], generated: 1,719
[00:00:00:00:480] Path of length 47 found: [55, 54, 46, 47, 39, 38, 30, 31, 23, 15, 7, 6, 5, 13, 14, 22, 21, 29, 28, 20, 12, 11, 3, 2, 10, 18, 19, 27, 26, 34, 35, 36, 44, 43, 51, 50, 42, 41, 49, 48, 40, 32, 33, 25, 17, 16, 8, 0]
[00:00:00:00:480] ! Unidirectional t-s. expansions: 358, time: 480 [ms], path length: 47 [edges], generated: 1,567
[00:00:00:04:285] Path of length 47 found: [0, 8, 16, 24, 32, 40, 48, 49, 41, 33, 25, 17, 18, 10, 2, 3, 11, 12, 20, 19, 27, 26, 34, 42, 50, 51, 43, 44, 36, 28, 29, 21, 22, 14, 13, 5, 6, 7, 15, 23, 31, 30, 38, 39, 47, 46, 54, 55]
[00:00:00:04:651] ! Bidirectional. expansions: 4,600, time: 4,285 [ms], path length: 47 [edges], g_F: 24, g_B: 23, generated: {'F': 8,209, 'B': 8,633}, MM: 1, MMPER: 1.0833333333333335%
[00:00:00:04:651] average expansions: (9,595, 10,555, 56,721, 0)
[00:00:00:04:651] average time: (15,604, 14,730, 42,394, 0)
[00:00:00:04:651] XIDA: 9,595 , 14,730 (expansions , time[ms])
[00:00:00:04:651] BiXIDA: 56,721 , 42,394 (expansions , time[ms])

