--------------------------
date: SM_Grids
number_of_graphs: 10
graph_type: grid
size_of_graphs: [8, 8]
heuristic: bcc_heuristic
snake: False
run_uni: True
run_bi: True
run_multi: False
solution_vertices: []
algorithms: ['IDA']
lookahead: 3
bsd: False
cube_first_dims: 4
cube_buffer_dim: None
backward_sym_generation: False
sym_coil: False
prefix_set: None

---------- SM_Grids/8x8_grid_with_random_blocks_12per_0 ----------
[00:00:00:17:790] Path of length 52 found: [0, 8, 16, 24, 25, 17, 9, 1, 2, 10, 18, 26, 34, 33, 41, 40, 48, 56, 57, 58, 50, 42, 43, 35, 27, 19, 11, 3, 4, 12, 20, 21, 13, 14, 22, 30, 31, 39, 47, 55, 54, 53, 45, 37, 36, 44, 52, 51, 59, 60, 61, 62, 63]
[00:00:00:17:790] ! Unidirectional s-t. expansions: 4,870, time: 17,790 [ms], path length: 52 [edges], generated: 48,373
[00:00:00:22:194] Path of length 52 found: [63, 55, 47, 39, 31, 30, 22, 14, 13, 21, 20, 12, 4, 3, 2, 1, 9, 10, 11, 19, 18, 26, 34, 42, 50, 51, 43, 35, 27, 28, 36, 37, 45, 44, 52, 53, 54, 62, 61, 60, 59, 58, 57, 56, 48, 40, 41, 33, 25, 17, 16, 8, 0]
[00:00:00:22:195] ! Unidirectional t-s. expansions: 8,067, time: 22,195 [ms], path length: 52 [edges], generated: 71,538
[00:00:00:39:909] Path of length 52 found: [0, 8, 16, 24, 25, 17, 18, 26, 34, 33, 41, 40, 48, 56, 57, 58, 50, 42, 43, 44, 52, 51, 59, 60, 61, 62, 54, 53, 45, 37, 36, 28, 27, 19, 11, 10, 9, 1, 2, 3, 4, 12, 20, 21, 13, 14, 22, 30, 31, 39, 47, 55, 63]
[00:00:00:40:420] ! Bidirectional. expansions: 6,565, time: 39,909 [ms], path length: 52 [edges], g_F: 33, g_B: 19, generated: {'F': 35,200, 'B': 24,412}, MM: 14, MMPER: 25.41509433962264%
[00:00:00:40:421] 
---------- SM_Grids/8x8_grid_with_random_blocks_12per_1 ----------
[00:00:00:02:117] Path of length 52 found: [0, 8, 16, 24, 32, 33, 25, 17, 9, 1, 2, 10, 11, 3, 4, 12, 13, 5, 6, 7, 15, 14, 22, 21, 20, 19, 27, 26, 34, 42, 41, 49, 50, 58, 59, 51, 52, 60, 61, 53, 45, 44, 36, 28, 29, 37, 38, 39, 47, 46, 54, 62, 63]
[00:00:00:02:118] ! Unidirectional s-t. expansions: 561, time: 2,118 [ms], path length: 52 [edges], generated: 5,658
[00:00:00:01:544] Path of length 52 found: [63, 55, 47, 39, 38, 37, 29, 21, 22, 14, 15, 7, 6, 5, 13, 12, 4, 3, 11, 10, 2, 1, 9, 17, 25, 26, 27, 19, 20, 28, 36, 44, 52, 53, 45, 46, 54, 62, 61, 60, 59, 51, 50, 49, 41, 42, 34, 33, 32, 24, 16, 8, 0]
[00:00:00:01:544] ! Unidirectional t-s. expansions: 290, time: 1,544 [ms], path length: 52 [edges], generated: 3,083
[00:00:00:16:243] Path of length 52 found: [0, 8, 16, 24, 32, 33, 25, 17, 9, 1, 2, 10, 11, 3, 4, 12, 13, 5, 6, 7, 15, 14, 22, 21, 20, 19, 27, 26, 34, 42, 41, 49, 50, 58, 59, 60, 61, 62, 54, 46, 45, 53, 52, 44, 36, 28, 29, 37, 38, 39, 47, 55, 63]
[00:00:00:16:662] ! Bidirectional. expansions: 2,014, time: 16,243 [ms], path length: 52 [edges], g_F: 34, g_B: 18, generated: {'F': 10,609, 'B': 8,130}, MM: 16, MMPER: 29.18867924528302%
[00:00:00:16:662] 
---------- SM_Grids/8x8_grid_with_random_blocks_12per_2 ----------
[00:00:00:37:098] Path of length 50 found: [0, 8, 16, 24, 32, 33, 25, 17, 9, 1, 2, 10, 18, 19, 27, 28, 20, 12, 11, 3, 4, 5, 13, 21, 22, 14, 15, 23, 31, 30, 29, 37, 36, 44, 43, 42, 50, 49, 57, 58, 59, 51, 52, 60, 61, 62, 54, 46, 47, 55, 63]
[00:00:00:37:098] ! Unidirectional s-t. expansions: 8,304, time: 37,098 [ms], path length: 50 [edges], generated: 90,547
[00:00:00:10:102] Path of length 50 found: [63, 55, 47, 46, 54, 62, 61, 60, 52, 44, 43, 51, 59, 58, 57, 49, 50, 42, 34, 33, 32, 24, 25, 17, 16, 8, 9, 10, 18, 19, 27, 28, 36, 37, 29, 30, 31, 23, 15, 14, 22, 21, 20, 12, 13, 5, 4, 3, 2, 1, 0]
[00:00:00:10:102] ! Unidirectional t-s. expansions: 2,272, time: 10,102 [ms], path length: 50 [edges], generated: 26,966
[00:00:01:17:982] Path of length 50 found: [0, 8, 16, 24, 32, 33, 25, 17, 9, 1, 2, 10, 18, 19, 27, 28, 29, 21, 20, 12, 11, 3, 4, 5, 13, 14, 15, 23, 22, 30, 38, 37, 36, 44, 43, 42, 50, 49, 57, 58, 59, 51, 52, 60, 61, 62, 54, 46, 47, 55, 63]
[00:00:01:18:403] ! Bidirectional. expansions: 11,213, time: 77,982 [ms], path length: 50 [edges], g_F: 28, g_B: 22, generated: {'F': 67,608, 'B': 47,430}, MM: 6, MMPER: 10.764705882352942%
[00:00:01:18:403] 
---------- SM_Grids/8x8_grid_with_random_blocks_12per_3 ----------
[00:00:00:08:847] Path of length 54 found: [0, 8, 16, 24, 32, 33, 41, 49, 48, 56, 57, 58, 50, 51, 59, 60, 52, 44, 43, 35, 36, 37, 29, 30, 22, 14, 13, 12, 20, 19, 27, 26, 25, 17, 18, 10, 9, 1, 2, 3, 4, 5, 6, 7, 15, 23, 31, 39, 38, 46, 47, 55, 54, 62, 63]
[00:00:00:08:848] ! Unidirectional s-t. expansions: 2,404, time: 8,848 [ms], path length: 54 [edges], generated: 22,707
[00:00:00:08:264] Path of length 54 found: [63, 55, 47, 39, 31, 23, 15, 7, 6, 5, 4, 3, 2, 1, 9, 10, 18, 17, 25, 26, 27, 19, 20, 12, 13, 14, 22, 30, 29, 37, 38, 46, 54, 62, 61, 60, 52, 44, 36, 35, 43, 51, 59, 58, 57, 56, 48, 49, 41, 33, 32, 24, 16, 8, 0]
[00:00:00:08:264] ! Unidirectional t-s. expansions: 1,816, time: 8,264 [ms], path length: 54 [edges], generated: 17,408
[00:00:00:53:622] Path of length 54 found: [0, 8, 16, 17, 18, 10, 9, 1, 2, 3, 4, 5, 6, 7, 15, 14, 13, 12, 20, 19, 27, 26, 25, 24, 32, 33, 41, 49, 48, 56, 57, 58, 50, 51, 52, 60, 61, 62, 54, 46, 45, 44, 43, 35, 36, 37, 38, 30, 22, 23, 31, 39, 47, 55, 63]
[00:00:00:54:086] ! Bidirectional. expansions: 8,012, time: 53,622 [ms], path length: 54 [edges], g_F: 33, g_B: 21, generated: {'F': 39,565, 'B': 28,425}, MM: 12, MMPER: 20.818181818181817%
[00:00:00:54:086] 
---------- SM_Grids/8x8_grid_with_random_blocks_12per_4 ----------
[00:00:00:00:217] Path of length 54 found: [0, 8, 16, 24, 25, 17, 9, 10, 18, 26, 34, 33, 41, 49, 48, 56, 57, 58, 50, 42, 43, 51, 59, 60, 52, 44, 36, 35, 27, 19, 11, 12, 4, 5, 6, 14, 13, 21, 20, 28, 29, 37, 38, 30, 22, 23, 31, 39, 47, 55, 54, 53, 61, 62, 63]
[00:00:00:00:218] ! Unidirectional s-t. expansions: 37, time: 218 [ms], path length: 54 [edges], generated: 397
[00:00:00:00:113] Path of length 54 found: [63, 55, 47, 39, 31, 23, 22, 14, 6, 5, 4, 12, 13, 21, 20, 19, 11, 10, 9, 17, 18, 26, 34, 42, 50, 51, 43, 35, 27, 28, 29, 30, 38, 37, 36, 44, 52, 53, 54, 62, 61, 60, 59, 58, 57, 56, 48, 49, 41, 33, 25, 24, 16, 8, 0]
[00:00:00:00:113] ! Unidirectional t-s. expansions: 18, time: 113 [ms], path length: 54 [edges], generated: 226
[00:00:00:00:388] Path of length 54 found: [0, 8, 16, 24, 25, 17, 9, 10, 18, 26, 34, 33, 41, 49, 48, 56, 57, 58, 50, 42, 43, 51, 59, 60, 61, 62, 54, 53, 52, 44, 36, 35, 27, 28, 20, 19, 11, 12, 4, 5, 6, 14, 13, 21, 29, 37, 38, 30, 22, 23, 31, 39, 47, 55, 63]
[00:00:00:00:803] ! Bidirectional. expansions: 50, time: 388 [ms], path length: 54 [edges], g_F: 30, g_B: 24, generated: {'F': 284, 'B': 240}, MM: 6, MMPER: 9.909090909090908%
[00:00:00:00:803] 
---------- SM_Grids/8x8_grid_with_random_blocks_12per_5 ----------
[00:00:00:25:969] Path of length 52 found: [0, 8, 16, 24, 32, 40, 41, 33, 25, 17, 9, 1, 2, 3, 11, 19, 27, 35, 34, 42, 50, 58, 59, 51, 43, 44, 52, 60, 61, 53, 45, 37, 29, 28, 20, 21, 13, 12, 4, 5, 6, 14, 15, 23, 22, 30, 31, 39, 38, 46, 47, 55, 63]
[00:00:00:25:969] ! Unidirectional s-t. expansions: 5,912, time: 25,969 [ms], path length: 52 [edges], generated: 63,463
[00:00:00:11:738] Path of length 52 found: [63, 55, 47, 39, 31, 23, 15, 14, 6, 5, 4, 3, 2, 1, 9, 17, 25, 33, 34, 35, 27, 28, 20, 19, 11, 12, 13, 21, 22, 30, 29, 37, 38, 46, 45, 44, 43, 51, 52, 53, 61, 60, 59, 58, 50, 42, 41, 40, 32, 24, 16, 8, 0]
[00:00:00:11:739] ! Unidirectional t-s. expansions: 3,097, time: 11,738 [ms], path length: 52 [edges], generated: 30,368
[00:00:00:19:480] Path of length 52 found: [0, 8, 16, 24, 25, 33, 32, 40, 41, 42, 34, 35, 43, 51, 50, 58, 59, 60, 61, 53, 52, 44, 45, 46, 38, 37, 29, 21, 13, 12, 20, 28, 27, 19, 18, 17, 9, 1, 2, 3, 4, 5, 6, 14, 15, 23, 22, 30, 31, 39, 47, 55, 63]
[00:00:00:19:896] ! Bidirectional. expansions: 2,354, time: 19,480 [ms], path length: 52 [edges], g_F: 32, g_B: 20, generated: {'F': 14,668, 'B': 10,154}, MM: 12, MMPER: 21.641509433962263%
[00:00:00:19:896] 
---------- SM_Grids/8x8_grid_with_random_blocks_12per_6 ----------
[00:00:00:32:017] Path of length 52 found: [0, 8, 16, 24, 32, 40, 48, 49, 41, 42, 50, 51, 59, 60, 61, 53, 45, 44, 43, 35, 34, 26, 25, 17, 9, 1, 2, 10, 18, 19, 27, 28, 20, 12, 11, 3, 4, 5, 13, 14, 6, 7, 15, 23, 22, 21, 29, 37, 38, 46, 54, 62, 63]
[00:00:00:32:018] ! Unidirectional s-t. expansions: 10,300, time: 32,017 [ms], path length: 52 [edges], generated: 92,623
[00:00:00:26:041] Path of length 52 found: [63, 62, 54, 46, 38, 37, 29, 21, 13, 14, 22, 23, 15, 7, 6, 5, 4, 3, 2, 1, 9, 17, 25, 26, 18, 10, 11, 12, 20, 19, 27, 28, 36, 35, 34, 42, 43, 44, 45, 53, 61, 60, 59, 51, 50, 49, 41, 40, 32, 24, 16, 8, 0]
[00:00:00:26:041] ! Unidirectional t-s. expansions: 8,415, time: 26,041 [ms], path length: 52 [edges], generated: 78,087
[00:00:01:22:112] Path of length 52 found: [0, 8, 16, 17, 9, 1, 2, 10, 18, 19, 11, 3, 4, 5, 6, 7, 15, 23, 22, 14, 13, 12, 20, 21, 29, 28, 27, 26, 25, 24, 32, 40, 48, 49, 50, 51, 59, 60, 61, 53, 45, 44, 43, 42, 34, 35, 36, 37, 38, 46, 54, 62, 63]
[00:00:01:22:531] ! Bidirectional. expansions: 13,990, time: 82,112 [ms], path length: 52 [edges], g_F: 33, g_B: 19, generated: {'F': 76,271, 'B': 56,105}, MM: 14, MMPER: 25.41509433962264%
[00:00:01:22:531] 
---------- SM_Grids/8x8_grid_with_random_blocks_12per_7 ----------
[00:00:01:13:330] Valid states checked so far: 200,000, Expansions: 18,256, Global best: 53
[00:00:02:13:305] Valid states checked so far: 400,000, Expansions: 38,196, Global best: 53
[00:00:03:13:134] Valid states checked so far: 600,000, Expansions: 58,048, Global best: 53
[00:00:04:15:178] Valid states checked so far: 800,000, Expansions: 77,402, Global best: 53
[00:00:05:16:334] Valid states checked so far: 1,000,000, Expansions: 97,664, Global best: 53
[00:00:05:33:641] Path of length 52 found: [0, 8, 16, 24, 32, 40, 48, 56, 57, 58, 59, 60, 52, 44, 45, 37, 36, 28, 27, 26, 34, 35, 43, 42, 41, 33, 25, 17, 9, 10, 18, 19, 20, 12, 13, 5, 6, 7, 15, 14, 22, 23, 31, 30, 38, 39, 47, 46, 54, 53, 61, 62, 63]
[00:00:05:33:641] ! Unidirectional s-t. expansions: 102,142, time: 333,641 [ms], path length: 52 [edges], generated: 1,048,011
[00:00:01:16:219] Valid states checked so far: 200,000, Expansions: 18,579, Global best: 47
[00:00:02:22:592] Valid states checked so far: 400,000, Expansions: 39,639, Global best: 47
[00:00:03:29:789] Valid states checked so far: 600,000, Expansions: 59,634, Global best: 47
[00:00:04:35:931] Valid states checked so far: 800,000, Expansions: 79,737, Global best: 47
[00:00:05:20:444] Path of length 52 found: [63, 55, 47, 39, 31, 23, 15, 7, 6, 5, 13, 12, 20, 21, 22, 30, 38, 37, 36, 28, 27, 19, 18, 10, 9, 17, 25, 26, 34, 35, 43, 44, 52, 53, 45, 46, 54, 62, 61, 60, 59, 58, 57, 56, 48, 49, 41, 33, 32, 24, 16, 8, 0]
[00:00:05:20:445] ! Unidirectional t-s. expansions: 91,851, time: 320,444 [ms], path length: 52 [edges], generated: 924,320
[00:00:23:14:196] Path of length 52 found: [0, 8, 16, 24, 32, 40, 41, 49, 48, 56, 57, 58, 59, 60, 52, 44, 36, 35, 43, 42, 34, 33, 25, 17, 9, 10, 18, 26, 27, 19, 20, 12, 13, 5, 6, 7, 15, 23, 22, 30, 31, 39, 38, 37, 45, 53, 61, 62, 54, 46, 47, 55, 63]
[00:00:23:14:623] ! Bidirectional. expansions: 229,013, time: 1,394,196 [ms], path length: 52 [edges], g_F: 31, g_B: 21, generated: {'F': 1,193,791, 'B': 904,649}, MM: 10, MMPER: 17.867924528301888%
[00:00:23:14:623] 
---------- SM_Grids/8x8_grid_with_random_blocks_12per_8 ----------
[00:00:00:10:030] Path of length 54 found: [0, 8, 16, 24, 32, 33, 41, 49, 48, 56, 57, 58, 59, 60, 52, 53, 45, 37, 29, 21, 13, 12, 20, 19, 27, 28, 36, 44, 43, 35, 34, 26, 25, 17, 18, 10, 9, 1, 2, 3, 4, 5, 6, 7, 15, 14, 22, 23, 31, 30, 38, 46, 47, 55, 63]
[00:00:00:10:030] ! Unidirectional s-t. expansions: 2,774, time: 10,030 [ms], path length: 54 [edges], generated: 28,759
[00:00:00:07:686] Path of length 54 found: [63, 55, 47, 39, 31, 23, 15, 7, 6, 5, 4, 3, 2, 1, 9, 10, 18, 17, 25, 26, 34, 35, 43, 44, 36, 28, 27, 19, 20, 12, 13, 14, 22, 21, 29, 30, 38, 37, 45, 53, 52, 60, 59, 58, 57, 56, 48, 49, 41, 33, 32, 24, 16, 8, 0]
[00:00:00:07:686] ! Unidirectional t-s. expansions: 1,843, time: 7,686 [ms], path length: 54 [edges], generated: 20,845
[00:00:00:17:758] Path of length 54 found: [0, 8, 16, 24, 32, 33, 41, 49, 48, 56, 57, 58, 59, 60, 52, 53, 45, 37, 36, 44, 43, 35, 34, 26, 25, 17, 18, 10, 9, 1, 2, 3, 4, 5, 13, 21, 20, 19, 27, 28, 29, 30, 22, 14, 6, 7, 15, 23, 31, 39, 38, 46, 47, 55, 63]
[00:00:00:18:215] ! Bidirectional. expansions: 2,639, time: 17,759 [ms], path length: 54 [edges], g_F: 33, g_B: 21, generated: {'F': 15,144, 'B': 10,821}, MM: 12, MMPER: 20.818181818181817%
[00:00:00:18:215] 
---------- SM_Grids/8x8_grid_with_random_blocks_12per_9 ----------
[00:00:01:09:852] Valid states checked so far: 200,000, Expansions: 20,210, Global best: 49
[00:00:02:15:550] Valid states checked so far: 400,000, Expansions: 41,515, Global best: 49
[00:00:02:18:040] Path of length 52 found: [0, 1, 2, 10, 9, 8, 16, 24, 32, 40, 48, 56, 57, 49, 41, 33, 25, 26, 18, 19, 11, 12, 4, 5, 6, 7, 15, 23, 31, 30, 29, 21, 20, 28, 27, 35, 43, 51, 50, 58, 59, 60, 52, 53, 45, 37, 38, 46, 47, 55, 54, 62, 63]
[00:00:02:18:041] ! Unidirectional s-t. expansions: 41,984, time: 138,040 [ms], path length: 52 [edges], generated: 404,928
[00:00:01:19:668] Valid states checked so far: 200,000, Expansions: 18,907, Global best: 47
[00:00:02:28:492] Valid states checked so far: 400,000, Expansions: 40,414, Global best: 47
[00:00:03:38:614] Valid states checked so far: 600,000, Expansions: 62,173, Global best: 47
[00:00:03:57:860] Path of length 52 found: [63, 55, 47, 46, 38, 30, 31, 23, 15, 7, 6, 5, 4, 12, 13, 21, 20, 19, 11, 10, 18, 26, 25, 33, 34, 35, 27, 28, 36, 37, 45, 53, 54, 62, 61, 60, 52, 51, 59, 58, 50, 49, 57, 56, 48, 40, 32, 24, 16, 8, 9, 1, 0]
[00:00:03:57:860] ! Unidirectional t-s. expansions: 66,959, time: 237,860 [ms], path length: 52 [edges], generated: 645,985
[00:00:07:50:068] Path of length 52 found: [0, 8, 9, 1, 2, 10, 11, 19, 18, 26, 25, 24, 32, 40, 48, 56, 57, 58, 59, 51, 50, 49, 41, 33, 34, 35, 27, 28, 20, 21, 13, 12, 4, 5, 6, 7, 15, 23, 31, 30, 38, 37, 45, 53, 52, 60, 61, 62, 54, 46, 47, 55, 63]
[00:00:07:50:480] ! Bidirectional. expansions: 87,514, time: 470,068 [ms], path length: 52 [edges], g_F: 28, g_B: 24, generated: {'F': 457,160, 'B': 336,780}, MM: 4, MMPER: 6.547169811320755%
[00:00:07:50:480] average expansions: (17,929, 18,463, 36,336, 0)
[00:00:07:50:480] average time: (60,577, 64,599, 217,176, 0)
[00:00:07:50:480] XIDA: 17,929 , 60,577 (expansions , time[ms])
[00:00:07:50:480] BiXIDA: 36,336 , 217,176 (expansions , time[ms])

