--------------------------
date: SM_Grids
number_of_graphs: 10
graph_type: grid
size_of_graphs: [7, 8]
heuristic: bcc_heuristic
snake: False
run_uni: True
run_bi: True
run_multi: False
solution_vertices: []
algorithms: ['IDA']
lookahead: 3
bsd: False
cube_first_dims: 4
cube_buffer_dim: None
backward_sym_generation: False
sym_coil: False
prefix_set: None

---------- SM_Grids/7x8_grid_with_random_blocks_16per_0 ----------
[00:00:00:01:025] Path of length 43 found: [0, 1, 2, 3, 4, 5, 13, 12, 20, 19, 18, 17, 25, 24, 32, 33, 41, 40, 48, 49, 50, 42, 43, 51, 52, 44, 36, 35, 27, 28, 29, 30, 22, 14, 15, 23, 31, 39, 47, 46, 45, 53, 54, 55]
[00:00:00:01:025] ! Unidirectional s-t. expansions: 340, time: 1,025 [ms], path length: 43 [edges], generated: 3,575
[00:00:00:10:062] Path of length 43 found: [55, 47, 39, 31, 23, 15, 14, 22, 30, 29, 28, 27, 35, 43, 44, 36, 37, 45, 46, 54, 53, 52, 51, 50, 42, 41, 49, 48, 40, 32, 24, 25, 26, 18, 19, 20, 12, 13, 5, 4, 3, 2, 1, 0]
[00:00:00:10:063] ! Unidirectional t-s. expansions: 3,404, time: 10,062 [ms], path length: 43 [edges], generated: 30,589
[00:00:00:04:928] Path of length 43 found: [0, 1, 2, 3, 4, 5, 13, 12, 20, 19, 18, 17, 25, 24, 32, 33, 41, 40, 48, 49, 50, 42, 43, 51, 52, 53, 54, 46, 45, 37, 36, 35, 27, 28, 29, 30, 22, 14, 15, 23, 31, 39, 47, 55]
[00:00:00:05:327] ! Bidirectional. expansions: 929, time: 4,928 [ms], path length: 43 [edges], g_F: 25, g_B: 18, generated: {'F': 5,078, 'B': 3,654}, MM: 7, MMPER: 14.909090909090908%
[00:00:00:05:327] 
---------- SM_Grids/7x8_grid_with_random_blocks_16per_1 ----------
[00:00:00:00:058] Path of length 39 found: [0, 1, 9, 8, 16, 17, 25, 26, 18, 10, 11, 19, 27, 35, 34, 42, 43, 51, 52, 44, 36, 28, 20, 12, 13, 14, 22, 21, 29, 37, 45, 53, 54, 46, 38, 30, 31, 39, 47, 55]
[00:00:00:00:058] ! Unidirectional s-t. expansions: 13, time: 58 [ms], path length: 39 [edges], generated: 155
[00:00:00:00:060] Path of length 39 found: [55, 47, 39, 31, 30, 22, 14, 13, 12, 11, 10, 18, 19, 27, 35, 36, 28, 20, 21, 29, 37, 38, 46, 54, 53, 45, 44, 52, 51, 43, 42, 34, 26, 25, 17, 16, 8, 9, 1, 0]
[00:00:00:00:060] ! Unidirectional t-s. expansions: 13, time: 60 [ms], path length: 39 [edges], generated: 149
[00:00:00:00:108] Path of length 39 found: [0, 1, 9, 8, 16, 17, 25, 26, 18, 10, 11, 19, 27, 35, 34, 42, 43, 51, 52, 53, 54, 46, 38, 37, 45, 44, 36, 28, 29, 21, 20, 12, 13, 14, 22, 30, 31, 39, 47, 55]
[00:00:00:00:481] ! Bidirectional. expansions: 13, time: 108 [ms], path length: 39 [edges], g_F: 22, g_B: 17, generated: {'F': 79, 'B': 70}, MM: 5, MMPER: 11.5%
[00:00:00:00:481] 
---------- SM_Grids/7x8_grid_with_random_blocks_16per_2 ----------
[00:00:00:01:057] Path of length 43 found: [0, 8, 16, 24, 32, 40, 48, 49, 50, 51, 52, 44, 43, 35, 27, 26, 34, 33, 25, 17, 9, 1, 2, 3, 11, 12, 4, 5, 13, 14, 6, 7, 15, 23, 22, 21, 20, 28, 29, 37, 38, 39, 47, 55]
[00:00:00:01:057] ! Unidirectional s-t. expansions: 332, time: 1,057 [ms], path length: 43 [edges], generated: 3,076
[00:00:00:00:492] Path of length 43 found: [55, 47, 39, 38, 37, 29, 21, 13, 14, 22, 23, 15, 7, 6, 5, 4, 3, 11, 12, 20, 28, 27, 26, 18, 17, 25, 33, 34, 35, 43, 44, 52, 51, 50, 49, 41, 40, 32, 24, 16, 8, 9, 1, 0]
[00:00:00:00:492] ! Unidirectional t-s. expansions: 141, time: 492 [ms], path length: 43 [edges], generated: 1,296
[00:00:00:02:117] Path of length 43 found: [0, 8, 16, 24, 32, 40, 48, 49, 50, 51, 52, 44, 43, 35, 27, 26, 34, 33, 25, 17, 9, 1, 2, 3, 11, 12, 4, 5, 6, 7, 15, 23, 22, 14, 13, 21, 20, 28, 29, 37, 38, 39, 47, 55]
[00:00:00:02:498] ! Bidirectional. expansions: 378, time: 2,117 [ms], path length: 43 [edges], g_F: 26, g_B: 17, generated: {'F': 1,811, 'B': 1,514}, MM: 9, MMPER: 19.454545454545453%
[00:00:00:02:499] 
---------- SM_Grids/7x8_grid_with_random_blocks_16per_3 ----------
[00:00:00:05:310] Path of length 43 found: [0, 1, 9, 17, 16, 24, 32, 40, 48, 49, 41, 33, 34, 42, 50, 51, 43, 44, 52, 53, 45, 46, 38, 30, 22, 21, 29, 28, 20, 19, 18, 10, 2, 3, 11, 12, 13, 14, 15, 23, 31, 39, 47, 55]
[00:00:00:05:310] ! Unidirectional s-t. expansions: 1,474, time: 5,310 [ms], path length: 43 [edges], generated: 14,688
[00:00:00:06:443] Path of length 43 found: [55, 47, 39, 31, 23, 15, 14, 13, 12, 4, 3, 11, 19, 27, 28, 20, 21, 29, 30, 38, 46, 45, 53, 52, 44, 43, 51, 50, 42, 34, 33, 41, 49, 48, 40, 32, 24, 16, 17, 18, 10, 2, 1, 0]
[00:00:00:06:443] ! Unidirectional t-s. expansions: 2,060, time: 6,443 [ms], path length: 43 [edges], generated: 20,688
[00:00:00:34:252] Path of length 43 found: [0, 1, 9, 17, 16, 24, 32, 40, 48, 49, 41, 33, 34, 42, 43, 51, 52, 53, 45, 44, 36, 28, 20, 19, 18, 10, 2, 3, 4, 12, 13, 21, 29, 30, 22, 14, 15, 23, 31, 39, 38, 46, 47, 55]
[00:00:00:34:628] ! Bidirectional. expansions: 5,699, time: 34,252 [ms], path length: 43 [edges], g_F: 24, g_B: 19, generated: {'F': 32,855, 'B': 23,760}, MM: 5, MMPER: 10.363636363636363%
[00:00:00:34:628] 
---------- SM_Grids/7x8_grid_with_random_blocks_16per_4 ----------
[00:00:00:00:055] Path of length 47 found: [0, 8, 16, 24, 32, 40, 48, 49, 41, 33, 25, 17, 9, 1, 2, 3, 11, 19, 18, 26, 34, 42, 50, 51, 43, 35, 36, 28, 20, 12, 13, 5, 6, 14, 22, 30, 31, 39, 38, 37, 45, 44, 52, 53, 54, 46, 47, 55]
[00:00:00:00:055] ! Unidirectional s-t. expansions: 16, time: 55 [ms], path length: 47 [edges], generated: 137
[00:00:00:00:056] Path of length 47 found: [55, 47, 39, 31, 30, 22, 14, 6, 5, 13, 12, 11, 3, 2, 1, 9, 17, 25, 33, 41, 42, 34, 26, 18, 19, 20, 28, 36, 35, 43, 44, 45, 37, 38, 46, 54, 53, 52, 51, 50, 49, 48, 40, 32, 24, 16, 8, 0]
[00:00:00:00:056] ! Unidirectional t-s. expansions: 16, time: 56 [ms], path length: 47 [edges], generated: 150
[00:00:00:00:114] Path of length 47 found: [0, 8, 16, 24, 32, 40, 48, 49, 41, 33, 25, 17, 9, 1, 2, 3, 11, 19, 18, 26, 34, 42, 50, 51, 52, 53, 54, 46, 38, 37, 45, 44, 43, 35, 36, 28, 20, 12, 13, 5, 6, 14, 22, 30, 31, 39, 47, 55]
[00:00:00:00:487] ! Bidirectional. expansions: 16, time: 114 [ms], path length: 47 [edges], g_F: 28, g_B: 19, generated: {'F': 77, 'B': 55}, MM: 9, MMPER: 17.75%
[00:00:00:00:487] 
---------- SM_Grids/7x8_grid_with_random_blocks_16per_5 ----------
[00:00:00:04:826] Path of length 45 found: [0, 8, 16, 17, 9, 1, 2, 10, 18, 26, 34, 33, 32, 40, 41, 49, 50, 42, 43, 35, 27, 19, 11, 3, 4, 12, 20, 28, 29, 21, 13, 5, 6, 14, 15, 23, 31, 30, 38, 37, 45, 44, 52, 53, 54, 55]
[00:00:00:04:826] ! Unidirectional s-t. expansions: 1,371, time: 4,826 [ms], path length: 45 [edges], generated: 13,448
[00:00:00:00:887] Path of length 45 found: [55, 54, 53, 52, 44, 45, 37, 29, 30, 38, 39, 31, 23, 15, 7, 6, 5, 4, 3, 2, 1, 9, 10, 11, 12, 13, 21, 20, 19, 27, 35, 43, 42, 50, 49, 41, 40, 32, 33, 34, 26, 18, 17, 16, 8, 0]
[00:00:00:00:887] ! Unidirectional t-s. expansions: 226, time: 887 [ms], path length: 45 [edges], generated: 2,729
[00:00:00:05:497] Path of length 45 found: [0, 8, 16, 17, 9, 1, 2, 10, 18, 26, 34, 33, 32, 40, 41, 49, 50, 42, 43, 35, 27, 28, 20, 12, 11, 3, 4, 5, 13, 14, 6, 7, 15, 23, 31, 39, 38, 30, 29, 37, 45, 44, 52, 53, 54, 55]
[00:00:00:05:872] ! Bidirectional. expansions: 1,070, time: 5,497 [ms], path length: 45 [edges], g_F: 24, g_B: 21, generated: {'F': 4,909, 'B': 4,130}, MM: 3, MMPER: 5.521739130434782%
[00:00:00:05:872] 
---------- SM_Grids/7x8_grid_with_random_blocks_16per_6 ----------
[00:00:00:00:068] Path of length 45 found: [0, 1, 9, 17, 16, 24, 32, 33, 25, 26, 34, 35, 27, 19, 18, 10, 2, 3, 11, 12, 4, 5, 13, 14, 6, 7, 15, 23, 31, 30, 29, 21, 20, 28, 36, 44, 43, 51, 52, 53, 45, 37, 38, 46, 54, 55]
[00:00:00:00:068] ! Unidirectional s-t. expansions: 15, time: 68 [ms], path length: 45 [edges], generated: 177
[00:00:00:00:093] Path of length 45 found: [55, 54, 46, 38, 30, 31, 23, 15, 7, 6, 14, 13, 5, 4, 3, 2, 10, 18, 19, 11, 12, 20, 21, 29, 37, 45, 53, 52, 51, 43, 44, 36, 28, 27, 35, 34, 26, 25, 33, 32, 24, 16, 17, 9, 1, 0]
[00:00:00:00:094] ! Unidirectional t-s. expansions: 22, time: 94 [ms], path length: 45 [edges], generated: 267
[00:00:00:00:122] Path of length 45 found: [0, 1, 9, 17, 16, 24, 32, 33, 25, 26, 34, 35, 27, 28, 36, 44, 43, 51, 52, 53, 45, 37, 29, 21, 20, 12, 11, 19, 18, 10, 2, 3, 4, 5, 13, 14, 6, 7, 15, 23, 31, 30, 38, 46, 54, 55]
[00:00:00:00:492] ! Bidirectional. expansions: 16, time: 122 [ms], path length: 45 [edges], g_F: 25, g_B: 20, generated: {'F': 98, 'B': 95}, MM: 5, MMPER: 9.869565217391305%
[00:00:00:00:492] 
---------- SM_Grids/7x8_grid_with_random_blocks_16per_7 ----------
[00:00:00:00:057] Path of length 47 found: [0, 1, 9, 8, 16, 17, 25, 24, 32, 40, 48, 49, 41, 33, 34, 42, 50, 51, 43, 44, 52, 53, 45, 37, 36, 28, 27, 19, 11, 3, 4, 12, 20, 21, 13, 14, 6, 7, 15, 23, 22, 30, 38, 39, 47, 46, 54, 55]
[00:00:00:00:057] ! Unidirectional s-t. expansions: 16, time: 57 [ms], path length: 47 [edges], generated: 152
[00:00:00:00:050] Path of length 47 found: [55, 47, 39, 38, 30, 22, 23, 15, 7, 6, 14, 13, 21, 20, 12, 4, 3, 11, 19, 27, 28, 36, 37, 45, 46, 54, 53, 52, 44, 43, 51, 50, 42, 34, 33, 41, 49, 48, 40, 32, 24, 25, 17, 16, 8, 9, 1, 0]
[00:00:00:00:050] ! Unidirectional t-s. expansions: 16, time: 50 [ms], path length: 47 [edges], generated: 129
[00:00:00:00:126] Path of length 47 found: [0, 1, 9, 8, 16, 17, 25, 24, 32, 40, 48, 49, 41, 33, 34, 42, 50, 51, 43, 44, 52, 53, 54, 46, 45, 37, 36, 28, 27, 19, 11, 3, 4, 12, 20, 21, 13, 14, 6, 7, 15, 23, 22, 30, 38, 39, 47, 55]
[00:00:00:00:496] ! Bidirectional. expansions: 16, time: 126 [ms], path length: 47 [edges], g_F: 28, g_B: 19, generated: {'F': 75, 'B': 49}, MM: 9, MMPER: 17.75%
[00:00:00:00:496] 
---------- SM_Grids/7x8_grid_with_random_blocks_16per_8 ----------
[00:00:00:04:124] Path of length 43 found: [0, 8, 16, 17, 9, 10, 2, 3, 4, 12, 20, 19, 18, 26, 25, 33, 32, 40, 41, 42, 50, 51, 43, 35, 36, 28, 29, 21, 13, 5, 6, 7, 15, 23, 31, 30, 38, 37, 45, 53, 54, 46, 47, 55]
[00:00:00:04:125] ! Unidirectional s-t. expansions: 1,234, time: 4,124 [ms], path length: 43 [edges], generated: 13,653
[00:00:00:08:447] Path of length 43 found: [55, 47, 39, 31, 23, 15, 7, 6, 5, 4, 3, 2, 10, 18, 19, 20, 12, 13, 21, 29, 28, 36, 37, 38, 46, 54, 53, 45, 44, 43, 51, 50, 42, 41, 40, 32, 33, 34, 26, 25, 17, 9, 8, 0]
[00:00:00:08:447] ! Unidirectional t-s. expansions: 2,773, time: 8,447 [ms], path length: 43 [edges], generated: 24,720
[00:00:00:16:059] Path of length 43 found: [0, 8, 16, 17, 25, 26, 34, 33, 32, 40, 41, 42, 50, 51, 43, 35, 36, 44, 45, 53, 54, 46, 38, 30, 29, 28, 20, 19, 18, 10, 2, 3, 4, 12, 13, 5, 6, 7, 15, 23, 31, 39, 47, 55]
[00:00:00:16:435] ! Bidirectional. expansions: 3,226, time: 16,059 [ms], path length: 43 [edges], g_F: 25, g_B: 18, generated: {'F': 17,066, 'B': 11,563}, MM: 7, MMPER: 14.909090909090908%
[00:00:00:16:435] 
---------- SM_Grids/7x8_grid_with_random_blocks_16per_9 ----------
[00:00:00:00:398] Path of length 45 found: [0, 8, 16, 24, 25, 17, 9, 1, 2, 10, 18, 19, 20, 28, 27, 26, 34, 35, 43, 42, 41, 49, 50, 51, 52, 44, 45, 37, 38, 30, 22, 14, 13, 12, 4, 5, 6, 7, 15, 23, 31, 39, 47, 46, 54, 55]
[00:00:00:00:399] ! Unidirectional s-t. expansions: 88, time: 399 [ms], path length: 45 [edges], generated: 859
[00:00:00:00:373] Path of length 45 found: [55, 54, 46, 47, 39, 31, 23, 15, 7, 6, 5, 4, 3, 2, 10, 18, 19, 27, 28, 20, 12, 13, 14, 22, 30, 38, 37, 45, 44, 52, 51, 50, 49, 41, 42, 43, 35, 34, 26, 25, 24, 16, 17, 9, 1, 0]
[00:00:00:00:373] ! Unidirectional t-s. expansions: 133, time: 373 [ms], path length: 45 [edges], generated: 1,194
[00:00:00:00:841] Path of length 45 found: [0, 8, 16, 24, 25, 17, 18, 10, 9, 1, 2, 3, 4, 5, 6, 7, 15, 23, 22, 14, 13, 12, 20, 19, 27, 26, 34, 35, 43, 42, 41, 49, 50, 51, 52, 44, 45, 37, 38, 30, 31, 39, 47, 46, 54, 55]
[00:00:00:01:218] ! Bidirectional. expansions: 162, time: 841 [ms], path length: 45 [edges], g_F: 24, g_B: 21, generated: {'F': 730, 'B': 539}, MM: 3, MMPER: 5.521739130434782%
[00:00:00:01:218] average expansions: (490, 880, 1,152, 0)
[00:00:00:01:218] average time: (1,698, 2,696, 6,416, 0)
[00:00:00:01:218] XIDA: 490 , 1,698 (expansions , time[ms])
[00:00:00:01:218] BiXIDA: 1,152 , 6,416 (expansions , time[ms])

