--------------------------
date: SM_Grids
number_of_graphs: 10
graph_type: grid
size_of_graphs: [8, 8]
heuristic: bcc_heuristic
snake: False
run_uni: True
run_bi: True
run_multi: False
solution_vertices: []
algorithms: ['IDA']
lookahead: 3
bsd: False
cube_first_dims: 4
cube_buffer_dim: None
backward_sym_generation: False
sym_coil: False
prefix_set: None

---------- SM_Grids/8x8_grid_with_random_blocks_20per_0 ----------
[00:00:00:03:580] Path of length 44 found: [0, 1, 9, 10, 2, 3, 4, 12, 20, 28, 29, 21, 13, 5, 6, 7, 15, 14, 22, 30, 31, 39, 38, 37, 36, 35, 34, 26, 25, 17, 16, 24, 32, 40, 48, 49, 41, 42, 43, 44, 52, 53, 61, 62, 63]
[00:00:00:03:581] ! Unidirectional s-t. expansions: 678, time: 3,580 [ms], path length: 44 [edges], generated: 6,143
[00:00:00:01:160] Path of length 44 found: [63, 62, 61, 53, 52, 44, 43, 42, 50, 49, 41, 40, 32, 24, 16, 17, 25, 26, 34, 35, 36, 28, 20, 12, 13, 21, 29, 37, 38, 39, 31, 30, 22, 23, 15, 7, 6, 5, 4, 3, 2, 10, 9, 1, 0]
[00:00:00:01:160] ! Unidirectional t-s. expansions: 195, time: 1,160 [ms], path length: 44 [edges], generated: 2,019
[00:00:00:03:842] Path of length 44 found: [0, 1, 9, 10, 2, 3, 4, 12, 20, 28, 29, 21, 13, 5, 6, 7, 15, 14, 22, 23, 31, 30, 38, 37, 36, 35, 34, 26, 25, 17, 16, 24, 32, 40, 41, 49, 50, 42, 43, 44, 52, 53, 61, 62, 63]
[00:00:00:04:867] ! Bidirectional. expansions: 363, time: 3,842 [ms], path length: 44 [edges], g_F: 29, g_B: 15, generated: {'F': 2,661, 'B': 1,202}, MM: 14, MMPER: 30.11111111111111%
[00:00:00:04:867] 
---------- SM_Grids/8x8_grid_with_random_blocks_20per_1 ----------
[00:00:00:37:337] Path of length 38 found: [0, 8, 16, 24, 25, 17, 9, 1, 2, 3, 11, 10, 18, 26, 34, 33, 41, 40, 48, 56, 57, 49, 50, 42, 43, 35, 27, 19, 20, 28, 29, 30, 31, 39, 47, 46, 54, 62, 63]
[00:00:00:37:338] ! Unidirectional s-t. expansions: 7,170, time: 37,338 [ms], path length: 38 [edges], generated: 66,249
[00:00:00:05:420] Path of length 38 found: [63, 62, 54, 55, 47, 39, 31, 30, 29, 21, 20, 28, 27, 19, 11, 3, 2, 10, 18, 26, 34, 35, 43, 51, 50, 49, 57, 56, 48, 40, 41, 33, 25, 24, 16, 17, 9, 1, 0]
[00:00:00:05:421] ! Unidirectional t-s. expansions: 1,112, time: 5,420 [ms], path length: 38 [edges], generated: 11,288
[00:00:00:21:496] Path of length 38 found: [0, 8, 16, 24, 25, 17, 9, 1, 2, 3, 11, 10, 18, 26, 34, 33, 41, 40, 48, 56, 57, 49, 50, 42, 43, 35, 27, 19, 20, 21, 29, 30, 31, 39, 47, 55, 54, 62, 63]
[00:00:00:22:445] ! Bidirectional. expansions: 2,569, time: 21,496 [ms], path length: 38 [edges], g_F: 23, g_B: 15, generated: {'F': 13,278, 'B': 10,076}, MM: 8, MMPER: 19.512820512820515%
[00:00:00:22:446] 
---------- SM_Grids/8x8_grid_with_random_blocks_20per_2 ----------
[00:00:00:01:830] Path of length 48 found: [0, 8, 16, 17, 9, 1, 2, 3, 4, 12, 20, 19, 18, 26, 34, 33, 41, 40, 48, 56, 57, 49, 50, 58, 59, 60, 61, 53, 45, 37, 36, 28, 29, 21, 13, 5, 6, 14, 15, 23, 22, 30, 31, 39, 38, 46, 54, 62, 63]
[00:00:00:01:831] ! Unidirectional s-t. expansions: 321, time: 1,831 [ms], path length: 48 [edges], generated: 3,222
[00:00:00:01:950] Path of length 48 found: [63, 62, 54, 46, 47, 39, 31, 23, 15, 14, 6, 5, 13, 21, 22, 30, 29, 28, 36, 37, 45, 53, 61, 60, 59, 58, 50, 49, 57, 56, 48, 40, 41, 33, 34, 26, 18, 19, 20, 12, 4, 3, 2, 1, 9, 17, 16, 8, 0]
[00:00:00:01:951] ! Unidirectional t-s. expansions: 339, time: 1,950 [ms], path length: 48 [edges], generated: 3,102
[00:00:00:03:323] Path of length 48 found: [0, 8, 16, 17, 9, 1, 2, 3, 4, 12, 13, 5, 6, 14, 15, 23, 22, 21, 29, 30, 31, 39, 47, 46, 38, 37, 36, 28, 20, 19, 18, 26, 34, 33, 41, 40, 48, 56, 57, 49, 50, 58, 59, 60, 61, 53, 54, 62, 63]
[00:00:00:04:313] ! Bidirectional. expansions: 473, time: 3,323 [ms], path length: 48 [edges], g_F: 25, g_B: 23, generated: {'F': 2,203, 'B': 1,586}, MM: 2, MMPER: 3.0816326530612246%
[00:00:00:04:313] 
---------- SM_Grids/8x8_grid_with_random_blocks_20per_3 ----------
[00:00:00:01:514] Path of length 46 found: [0, 1, 9, 8, 16, 24, 32, 40, 41, 49, 57, 58, 50, 51, 43, 35, 34, 26, 27, 19, 18, 10, 11, 3, 4, 12, 13, 5, 6, 7, 15, 23, 22, 30, 31, 39, 38, 37, 36, 44, 45, 53, 52, 60, 61, 62, 63]
[00:00:00:01:515] ! Unidirectional s-t. expansions: 237, time: 1,514 [ms], path length: 46 [edges], generated: 2,335
[00:00:00:01:640] Path of length 46 found: [63, 62, 61, 60, 52, 53, 45, 37, 29, 30, 38, 39, 31, 23, 15, 7, 6, 5, 13, 12, 4, 3, 11, 10, 18, 19, 27, 26, 34, 35, 36, 44, 43, 51, 50, 58, 57, 49, 41, 40, 32, 24, 16, 8, 9, 1, 0]
[00:00:00:01:641] ! Unidirectional t-s. expansions: 291, time: 1,640 [ms], path length: 46 [edges], generated: 2,411
[00:00:00:03:512] Path of length 46 found: [0, 1, 9, 10, 18, 17, 16, 24, 32, 40, 41, 49, 57, 58, 50, 51, 43, 44, 36, 35, 34, 26, 27, 19, 20, 12, 11, 3, 4, 5, 6, 7, 15, 23, 31, 39, 38, 30, 29, 37, 45, 53, 52, 60, 61, 62, 63]
[00:00:00:04:452] ! Bidirectional. expansions: 377, time: 3,512 [ms], path length: 46 [edges], g_F: 28, g_B: 18, generated: {'F': 1,829, 'B': 1,372}, MM: 10, MMPER: 20.27659574468085%
[00:00:00:04:452] 
---------- SM_Grids/8x8_grid_with_random_blocks_20per_4 ----------
[00:00:01:26:048] Path of length 44 found: [0, 8, 16, 24, 32, 40, 48, 49, 57, 58, 59, 51, 43, 44, 36, 28, 20, 19, 27, 26, 34, 33, 25, 17, 18, 10, 9, 1, 2, 3, 4, 5, 6, 7, 15, 23, 22, 21, 29, 37, 45, 46, 54, 62, 63]
[00:00:01:26:049] ! Unidirectional s-t. expansions: 24,777, time: 86,048 [ms], path length: 44 [edges], generated: 176,505
[00:00:00:26:317] Path of length 44 found: [63, 55, 54, 46, 38, 37, 45, 44, 43, 51, 59, 58, 57, 49, 48, 40, 32, 24, 16, 8, 9, 17, 25, 33, 34, 26, 18, 10, 11, 19, 27, 28, 20, 21, 22, 23, 15, 7, 6, 5, 4, 3, 2, 1, 0]
[00:00:00:26:317] ! Unidirectional t-s. expansions: 4,960, time: 26,317 [ms], path length: 44 [edges], generated: 51,573
[00:00:02:06:817] Path of length 44 found: [0, 8, 16, 24, 25, 17, 9, 1, 2, 10, 18, 19, 11, 3, 4, 5, 6, 7, 15, 23, 22, 21, 20, 28, 27, 26, 34, 33, 32, 40, 48, 49, 57, 58, 59, 51, 43, 44, 45, 37, 38, 46, 54, 55, 63]
[00:00:02:07:628] ! Bidirectional. expansions: 16,432, time: 126,817 [ms], path length: 44 [edges], g_F: 28, g_B: 16, generated: {'F': 83,698, 'B': 50,594}, MM: 12, MMPER: 25.666666666666668%
[00:00:02:07:629] 
---------- SM_Grids/8x8_grid_with_random_blocks_20per_5 ----------
[00:00:00:08:199] Path of length 46 found: [0, 1, 9, 8, 16, 24, 32, 40, 48, 49, 57, 58, 59, 51, 50, 42, 41, 33, 25, 17, 18, 26, 34, 35, 36, 28, 20, 12, 13, 14, 15, 23, 22, 21, 29, 37, 45, 53, 61, 62, 54, 46, 38, 39, 47, 55, 63]
[00:00:00:08:200] ! Unidirectional s-t. expansions: 1,304, time: 8,200 [ms], path length: 46 [edges], generated: 13,712
[00:00:00:04:065] Path of length 46 found: [63, 55, 47, 39, 31, 23, 15, 14, 22, 21, 13, 12, 20, 28, 29, 37, 45, 46, 54, 62, 61, 53, 52, 51, 59, 58, 57, 49, 48, 40, 32, 24, 25, 33, 41, 42, 43, 35, 34, 26, 18, 17, 16, 8, 9, 1, 0]
[00:00:00:04:065] ! Unidirectional t-s. expansions: 512, time: 4,065 [ms], path length: 46 [edges], generated: 6,131
[00:00:00:43:330] Path of length 46 found: [0, 1, 9, 8, 16, 24, 32, 40, 48, 49, 57, 58, 50, 42, 41, 33, 25, 17, 18, 26, 34, 35, 43, 51, 52, 53, 61, 62, 54, 46, 38, 37, 29, 28, 20, 12, 13, 21, 22, 14, 15, 23, 31, 39, 47, 55, 63]
[00:00:00:44:205] ! Bidirectional. expansions: 4,274, time: 43,330 [ms], path length: 46 [edges], g_F: 28, g_B: 18, generated: {'F': 23,800, 'B': 17,416}, MM: 10, MMPER: 20.27659574468085%
[00:00:00:44:206] 
---------- SM_Grids/8x8_grid_with_random_blocks_20per_6 ----------
[00:00:00:02:985] Path of length 46 found: [0, 1, 9, 8, 16, 17, 18, 10, 11, 19, 27, 28, 20, 21, 13, 12, 4, 5, 6, 14, 15, 23, 31, 39, 38, 37, 36, 44, 45, 53, 52, 51, 43, 42, 50, 49, 48, 56, 57, 58, 59, 60, 61, 62, 54, 55, 63]
[00:00:00:02:986] ! Unidirectional s-t. expansions: 514, time: 2,985 [ms], path length: 46 [edges], generated: 4,438
[00:00:00:05:179] Path of length 46 found: [63, 55, 47, 39, 31, 23, 15, 14, 6, 5, 4, 12, 13, 21, 29, 37, 45, 53, 54, 62, 61, 60, 52, 51, 59, 58, 57, 56, 48, 49, 50, 42, 43, 44, 36, 28, 20, 19, 27, 26, 18, 10, 9, 17, 16, 8, 0]
[00:00:00:05:180] ! Unidirectional t-s. expansions: 1,070, time: 5,180 [ms], path length: 46 [edges], generated: 10,076
[00:00:00:09:869] Path of length 46 found: [0, 8, 16, 17, 9, 10, 18, 26, 27, 28, 36, 44, 45, 37, 29, 21, 20, 19, 11, 12, 4, 5, 13, 14, 15, 23, 31, 39, 47, 55, 54, 53, 52, 51, 43, 42, 50, 49, 48, 56, 57, 58, 59, 60, 61, 62, 63]
[00:00:00:10:715] ! Bidirectional. expansions: 1,116, time: 9,869 [ms], path length: 46 [edges], g_F: 24, g_B: 22, generated: {'F': 5,097, 'B': 4,121}, MM: 2, MMPER: 3.25531914893617%
[00:00:00:10:715] 
---------- SM_Grids/8x8_grid_with_random_blocks_20per_7 ----------
[00:00:00:07:788] Path of length 42 found: [0, 8, 16, 24, 32, 40, 41, 33, 25, 17, 9, 1, 2, 3, 11, 19, 18, 26, 34, 42, 50, 51, 43, 35, 27, 28, 20, 12, 4, 5, 6, 14, 15, 23, 31, 30, 38, 39, 47, 55, 54, 62, 63]
[00:00:00:07:788] ! Unidirectional s-t. expansions: 1,233, time: 7,788 [ms], path length: 42 [edges], generated: 11,088
[00:00:00:00:790] Path of length 42 found: [63, 62, 54, 55, 47, 39, 38, 30, 31, 23, 15, 7, 6, 5, 4, 3, 2, 1, 9, 17, 25, 33, 34, 26, 18, 19, 11, 12, 20, 28, 27, 35, 43, 51, 50, 42, 41, 40, 32, 24, 16, 8, 0]
[00:00:00:00:791] ! Unidirectional t-s. expansions: 140, time: 791 [ms], path length: 42 [edges], generated: 1,543
[00:00:00:06:825] Path of length 42 found: [0, 8, 16, 24, 25, 17, 9, 1, 2, 3, 11, 19, 18, 26, 34, 33, 32, 40, 41, 42, 50, 51, 43, 35, 27, 28, 20, 12, 4, 5, 6, 7, 15, 23, 31, 30, 38, 39, 47, 55, 54, 62, 63]
[00:00:00:07:644] ! Bidirectional. expansions: 791, time: 6,825 [ms], path length: 42 [edges], g_F: 24, g_B: 18, generated: {'F': 3,779, 'B': 2,608}, MM: 6, MMPER: 12.953488372093023%
[00:00:00:07:645] 
---------- SM_Grids/8x8_grid_with_random_blocks_20per_8 ----------
[00:00:00:00:382] Path of length 48 found: [0, 8, 16, 24, 32, 33, 25, 17, 9, 10, 2, 3, 11, 19, 20, 12, 4, 5, 13, 14, 6, 7, 15, 23, 22, 21, 29, 28, 27, 35, 36, 44, 52, 51, 50, 42, 41, 49, 57, 58, 59, 60, 61, 53, 45, 46, 47, 55, 63]
[00:00:00:00:382] ! Unidirectional s-t. expansions: 89, time: 382 [ms], path length: 48 [edges], generated: 734
[00:00:00:00:106] Path of length 48 found: [63, 55, 47, 46, 45, 53, 61, 60, 59, 58, 57, 49, 41, 42, 50, 51, 52, 44, 36, 35, 27, 19, 11, 12, 20, 28, 29, 21, 13, 14, 22, 23, 15, 7, 6, 5, 4, 3, 2, 10, 9, 17, 25, 33, 32, 24, 16, 8, 0]
[00:00:00:00:106] ! Unidirectional t-s. expansions: 18, time: 106 [ms], path length: 48 [edges], generated: 158
[00:00:00:00:141] Path of length 48 found: [0, 8, 16, 24, 32, 33, 25, 17, 9, 10, 2, 3, 11, 19, 20, 12, 4, 5, 13, 14, 6, 7, 15, 23, 22, 21, 29, 28, 27, 35, 36, 44, 52, 51, 50, 42, 41, 49, 57, 58, 59, 60, 61, 53, 45, 46, 47, 55, 63]
[00:00:00:00:955] ! Bidirectional. expansions: 17, time: 141 [ms], path length: 48 [edges], g_F: 29, g_B: 19, generated: {'F': 84, 'B': 46}, MM: 10, MMPER: 19.408163265306122%
[00:00:00:00:955] 
---------- SM_Grids/8x8_grid_with_random_blocks_20per_9 ----------
[00:00:00:00:084] Path of length 36 found: [0, 8, 9, 1, 2, 10, 18, 26, 34, 35, 27, 28, 36, 44, 45, 37, 29, 21, 13, 5, 6, 7, 15, 14, 22, 23, 31, 30, 38, 39, 47, 55, 54, 53, 61, 62, 63]
[00:00:00:00:084] ! Unidirectional s-t. expansions: 13, time: 84 [ms], path length: 36 [edges], generated: 127
[00:00:00:00:651] Path of length 36 found: [63, 62, 61, 53, 54, 55, 47, 39, 31, 23, 15, 7, 6, 5, 13, 14, 22, 21, 29, 30, 38, 37, 45, 44, 36, 28, 27, 35, 34, 26, 18, 10, 2, 1, 9, 8, 0]
[00:00:00:00:652] ! Unidirectional t-s. expansions: 46, time: 652 [ms], path length: 36 [edges], generated: 518
[00:00:00:00:236] Path of length 36 found: [0, 8, 9, 1, 2, 10, 18, 26, 34, 35, 27, 28, 36, 44, 45, 37, 38, 30, 29, 21, 22, 14, 13, 5, 6, 7, 15, 23, 31, 39, 47, 55, 54, 53, 61, 62, 63]
[00:00:00:01:033] ! Bidirectional. expansions: 16, time: 236 [ms], path length: 36 [edges], g_F: 19, g_B: 17, generated: {'F': 100, 'B': 63}, MM: 2, MMPER: 4.405405405405405%
[00:00:00:01:034] average expansions: (3,634, 868, 2,643, 0)
[00:00:00:01:034] average time: (14,975, 4,728, 21,939, 0)
[00:00:00:01:034] XIDA: 868 , 4,728 (expansions , time[ms])
[00:00:00:01:034] BiXIDA: 2,643 , 21,939 (expansions , time[ms])

