--------------------------
date: SM_Grids
number_of_graphs: 10
graph_type: grid
size_of_graphs: [7, 8]
heuristic: bcc_heuristic
snake: False
run_uni: True
run_bi: True
run_multi: False
solution_vertices: []
algorithms: ['IDA']
lookahead: 3
bsd: False
cube_first_dims: 4
cube_buffer_dim: None
backward_sym_generation: False
sym_coil: False
prefix_set: None

---------- SM_Grids/7x8_grid_with_random_blocks_12per_0 ----------
[00:00:00:16:131] Path of length 47 found: [0, 1, 2, 10, 18, 17, 16, 24, 32, 40, 48, 49, 41, 33, 25, 26, 34, 42, 50, 51, 43, 44, 45, 37, 29, 21, 13, 12, 20, 28, 27, 19, 11, 3, 4, 5, 6, 7, 15, 14, 22, 23, 31, 30, 38, 46, 47, 55]
[00:00:00:16:132] ! Unidirectional s-t. expansions: 6,611, time: 16,131 [ms], path length: 47 [edges], generated: 64,160
[00:00:00:05:528] Path of length 47 found: [55, 47, 39, 31, 23, 15, 7, 6, 5, 4, 3, 11, 19, 27, 28, 20, 12, 13, 14, 22, 21, 29, 37, 38, 46, 45, 44, 43, 51, 50, 42, 34, 26, 25, 33, 41, 49, 48, 40, 32, 24, 16, 17, 18, 10, 2, 1, 0]
[00:00:00:05:529] ! Unidirectional t-s. expansions: 1,850, time: 5,528 [ms], path length: 47 [edges], generated: 19,896
[00:00:00:28:100] Path of length 47 found: [0, 1, 2, 10, 18, 17, 16, 24, 32, 40, 48, 49, 41, 33, 25, 26, 34, 42, 50, 51, 43, 44, 45, 46, 38, 37, 29, 30, 22, 14, 13, 12, 20, 28, 27, 19, 11, 3, 4, 5, 6, 7, 15, 23, 31, 39, 47, 55]
[00:00:00:28:486] ! Bidirectional. expansions: 5,421, time: 28,101 [ms], path length: 47 [edges], g_F: 29, g_B: 18, generated: {'F': 27,829, 'B': 22,671}, MM: 11, MMPER: 21.916666666666668%
[00:00:00:28:486] 
---------- SM_Grids/7x8_grid_with_random_blocks_12per_1 ----------
[00:00:00:06:417] Path of length 47 found: [0, 8, 16, 24, 32, 40, 41, 33, 25, 17, 9, 10, 2, 3, 11, 19, 18, 26, 34, 42, 50, 51, 43, 35, 27, 28, 20, 21, 13, 12, 4, 5, 6, 14, 15, 23, 22, 30, 38, 37, 36, 44, 45, 53, 54, 46, 47, 55]
[00:00:00:06:417] ! Unidirectional s-t. expansions: 1,891, time: 6,417 [ms], path length: 47 [edges], generated: 18,641
[00:00:00:00:114] Path of length 47 found: [55, 47, 39, 38, 46, 54, 53, 45, 37, 36, 44, 43, 51, 50, 42, 34, 35, 27, 28, 20, 12, 13, 21, 22, 23, 15, 14, 6, 5, 4, 3, 2, 10, 11, 19, 18, 26, 25, 33, 41, 40, 32, 24, 16, 17, 9, 8, 0]
[00:00:00:00:114] ! Unidirectional t-s. expansions: 20, time: 114 [ms], path length: 47 [edges], generated: 239
[00:00:00:01:288] Path of length 47 found: [0, 8, 16, 24, 32, 40, 41, 33, 25, 26, 18, 17, 9, 10, 2, 3, 4, 5, 6, 14, 15, 23, 22, 21, 13, 12, 11, 19, 20, 28, 27, 35, 34, 42, 50, 51, 43, 44, 36, 37, 45, 53, 54, 46, 38, 39, 47, 55]
[00:00:00:01:652] ! Bidirectional. expansions: 138, time: 1,288 [ms], path length: 47 [edges], g_F: 28, g_B: 19, generated: {'F': 872, 'B': 601}, MM: 9, MMPER: 17.75%
[00:00:00:01:652] 
---------- SM_Grids/7x8_grid_with_random_blocks_12per_2 ----------
[00:00:00:12:254] Path of length 45 found: [0, 8, 16, 24, 32, 40, 48, 49, 41, 33, 34, 26, 18, 17, 9, 1, 2, 10, 11, 3, 4, 5, 13, 21, 22, 14, 6, 7, 15, 23, 31, 39, 38, 37, 29, 28, 20, 19, 27, 35, 43, 44, 52, 53, 54, 55]
[00:00:00:12:254] ! Unidirectional s-t. expansions: 3,883, time: 12,254 [ms], path length: 45 [edges], generated: 35,957
[00:00:00:01:147] Path of length 45 found: [55, 54, 53, 52, 44, 43, 35, 27, 19, 20, 28, 36, 37, 38, 39, 31, 23, 15, 7, 6, 14, 22, 21, 13, 5, 4, 3, 11, 10, 2, 1, 9, 17, 18, 26, 34, 33, 41, 49, 48, 40, 32, 24, 16, 8, 0]
[00:00:00:01:147] ! Unidirectional t-s. expansions: 289, time: 1,147 [ms], path length: 45 [edges], generated: 2,983
[00:00:00:06:098] Path of length 45 found: [0, 8, 9, 1, 2, 10, 18, 17, 16, 24, 32, 40, 48, 49, 41, 33, 34, 26, 27, 35, 43, 44, 52, 53, 45, 37, 29, 28, 20, 19, 11, 3, 4, 5, 13, 21, 22, 14, 6, 7, 15, 23, 31, 39, 47, 55]
[00:00:00:06:465] ! Bidirectional. expansions: 935, time: 6,098 [ms], path length: 45 [edges], g_F: 27, g_B: 18, generated: {'F': 5,331, 'B': 3,687}, MM: 9, MMPER: 18.565217391304348%
[00:00:00:06:465] 
---------- SM_Grids/7x8_grid_with_random_blocks_12per_3 ----------
[00:00:00:55:072] Path of length 45 found: [0, 8, 16, 24, 32, 33, 25, 17, 9, 1, 2, 10, 11, 3, 4, 5, 6, 14, 22, 21, 20, 19, 27, 26, 34, 42, 41, 49, 50, 51, 43, 35, 36, 44, 52, 53, 45, 37, 29, 30, 31, 39, 38, 46, 47, 55]
[00:00:00:55:073] ! Unidirectional s-t. expansions: 18,048, time: 55,072 [ms], path length: 45 [edges], generated: 189,075
[00:00:00:56:369] Valid states checked so far: 200,000, Expansions: 21,366, Global best: 46
[00:00:00:59:126] Path of length 45 found: [55, 47, 39, 31, 30, 22, 14, 6, 5, 4, 3, 2, 10, 11, 12, 20, 19, 27, 35, 43, 44, 36, 28, 29, 37, 38, 46, 45, 53, 52, 51, 50, 49, 41, 42, 34, 26, 25, 33, 32, 24, 16, 17, 9, 1, 0]
[00:00:00:59:126] ! Unidirectional t-s. expansions: 22,446, time: 59,126 [ms], path length: 45 [edges], generated: 209,552
[00:00:01:50:051] Path of length 45 found: [0, 8, 16, 24, 32, 33, 25, 17, 9, 1, 2, 10, 11, 19, 27, 26, 34, 35, 43, 42, 41, 49, 50, 51, 52, 44, 45, 46, 38, 37, 36, 28, 29, 21, 20, 12, 4, 5, 6, 14, 22, 30, 31, 39, 47, 55]
[00:00:01:50:423] ! Bidirectional. expansions: 24,635, time: 110,051 [ms], path length: 45 [edges], g_F: 26, g_B: 19, generated: {'F': 137,127, 'B': 102,113}, MM: 7, MMPER: 14.217391304347826%
[00:00:01:50:424] 
---------- SM_Grids/7x8_grid_with_random_blocks_12per_4 ----------
[00:00:00:35:754] Path of length 45 found: [0, 1, 2, 10, 9, 17, 16, 24, 25, 33, 32, 40, 48, 49, 41, 42, 34, 35, 43, 51, 52, 53, 45, 37, 36, 28, 27, 19, 11, 12, 20, 21, 13, 5, 6, 7, 15, 23, 22, 30, 31, 39, 38, 46, 54, 55]
[00:00:00:35:754] ! Unidirectional s-t. expansions: 12,712, time: 35,754 [ms], path length: 45 [edges], generated: 120,525
[00:00:00:56:148] Valid states checked so far: 200,000, Expansions: 26,278, Global best: 46
[00:00:01:09:717] Path of length 45 found: [55, 47, 39, 31, 23, 15, 7, 6, 5, 4, 12, 13, 21, 22, 30, 38, 37, 45, 46, 54, 53, 52, 51, 43, 42, 50, 49, 48, 40, 32, 24, 16, 17, 25, 33, 34, 35, 27, 28, 20, 19, 11, 10, 2, 1, 0]
[00:00:01:09:717] ! Unidirectional t-s. expansions: 33,414, time: 69,717 [ms], path length: 45 [edges], generated: 249,311
[00:00:02:14:417] Path of length 45 found: [0, 1, 2, 10, 9, 17, 18, 19, 11, 12, 20, 28, 36, 35, 34, 33, 25, 24, 32, 40, 48, 49, 41, 42, 50, 51, 52, 53, 54, 46, 45, 37, 38, 30, 22, 21, 13, 5, 6, 7, 15, 23, 31, 39, 47, 55]
[00:00:02:14:778] ! Bidirectional. expansions: 27,885, time: 134,417 [ms], path length: 45 [edges], g_F: 25, g_B: 20, generated: {'F': 136,137, 'B': 101,340}, MM: 5, MMPER: 9.869565217391305%
[00:00:02:14:778] 
---------- SM_Grids/7x8_grid_with_random_blocks_12per_5 ----------
[00:00:01:05:917] Path of length 45 found: [0, 8, 16, 17, 9, 1, 2, 10, 18, 26, 25, 33, 32, 40, 48, 49, 50, 51, 52, 53, 45, 46, 38, 30, 29, 21, 13, 12, 20, 28, 36, 35, 27, 19, 11, 3, 4, 5, 6, 14, 22, 23, 31, 39, 47, 55]
[00:00:01:05:917] ! Unidirectional s-t. expansions: 17,910, time: 65,917 [ms], path length: 45 [edges], generated: 185,534
[00:00:00:16:162] Path of length 45 found: [55, 47, 39, 31, 23, 22, 14, 6, 5, 4, 3, 2, 1, 9, 10, 18, 26, 34, 35, 36, 28, 27, 19, 11, 12, 20, 21, 29, 30, 38, 46, 45, 53, 52, 51, 50, 49, 41, 40, 32, 33, 25, 17, 16, 8, 0]
[00:00:00:16:162] ! Unidirectional t-s. expansions: 5,099, time: 16,162 [ms], path length: 45 [edges], generated: 49,458
[00:00:01:33:195] Path of length 45 found: [0, 8, 16, 17, 9, 1, 2, 10, 18, 26, 27, 19, 11, 3, 4, 12, 20, 28, 36, 35, 34, 33, 32, 40, 48, 49, 50, 51, 52, 53, 45, 46, 38, 30, 29, 21, 13, 5, 6, 14, 22, 23, 31, 39, 47, 55]
[00:00:01:33:568] ! Bidirectional. expansions: 18,749, time: 93,195 [ms], path length: 45 [edges], g_F: 23, g_B: 22, generated: {'F': 94,012, 'B': 72,361}, MM: 1, MMPER: 1.1739130434782608%
[00:00:01:33:568] 
---------- SM_Grids/7x8_grid_with_random_blocks_12per_6 ----------
[00:00:00:00:075] Path of length 47 found: [0, 8, 9, 17, 18, 10, 2, 3, 11, 19, 27, 26, 34, 33, 32, 40, 48, 49, 41, 42, 50, 51, 43, 35, 36, 28, 20, 21, 29, 37, 45, 44, 52, 53, 54, 46, 38, 30, 22, 14, 6, 7, 15, 23, 31, 39, 47, 55]
[00:00:00:00:075] ! Unidirectional s-t. expansions: 16, time: 75 [ms], path length: 47 [edges], generated: 196
[00:00:00:00:185] Path of length 47 found: [55, 47, 39, 31, 23, 15, 7, 6, 14, 22, 21, 20, 28, 36, 35, 43, 44, 45, 37, 29, 30, 38, 46, 54, 53, 52, 51, 50, 42, 41, 49, 48, 40, 32, 33, 34, 26, 27, 19, 11, 3, 2, 10, 18, 17, 9, 8, 0]
[00:00:00:00:185] ! Unidirectional t-s. expansions: 31, time: 185 [ms], path length: 47 [edges], generated: 361
[00:00:00:00:109] Path of length 47 found: [0, 8, 9, 17, 18, 10, 2, 3, 11, 19, 27, 26, 34, 33, 32, 40, 48, 49, 41, 42, 50, 51, 43, 35, 36, 44, 52, 53, 54, 46, 45, 37, 38, 30, 29, 28, 20, 21, 22, 14, 6, 7, 15, 23, 31, 39, 47, 55]
[00:00:00:00:470] ! Bidirectional. expansions: 16, time: 110 [ms], path length: 47 [edges], g_F: 30, g_B: 17, generated: {'F': 98, 'B': 58}, MM: 13, MMPER: 26.083333333333332%
[00:00:00:00:470] 
---------- SM_Grids/7x8_grid_with_random_blocks_12per_7 ----------
[00:00:00:00:097] Path of length 47 found: [0, 8, 9, 1, 2, 10, 18, 17, 25, 33, 41, 49, 50, 42, 34, 26, 27, 35, 43, 51, 52, 44, 36, 28, 20, 19, 11, 3, 4, 12, 13, 5, 6, 14, 15, 23, 31, 30, 29, 37, 45, 53, 54, 46, 38, 39, 47, 55]
[00:00:00:00:097] ! Unidirectional s-t. expansions: 21, time: 97 [ms], path length: 47 [edges], generated: 251
[00:00:00:00:350] Path of length 47 found: [55, 47, 39, 31, 23, 15, 14, 6, 5, 13, 12, 4, 3, 11, 19, 20, 28, 27, 26, 34, 42, 43, 35, 36, 44, 45, 37, 29, 30, 38, 46, 54, 53, 52, 51, 50, 49, 41, 33, 25, 17, 18, 10, 2, 1, 9, 8, 0]
[00:00:00:00:350] ! Unidirectional t-s. expansions: 112, time: 350 [ms], path length: 47 [edges], generated: 1,216
[00:00:00:00:122] Path of length 47 found: [0, 8, 9, 1, 2, 10, 18, 17, 25, 33, 41, 49, 50, 42, 34, 26, 27, 35, 43, 51, 52, 44, 45, 53, 54, 46, 38, 30, 29, 37, 36, 28, 20, 19, 11, 3, 4, 12, 13, 5, 6, 14, 15, 23, 31, 39, 47, 55]
[00:00:00:00:489] ! Bidirectional. expansions: 16, time: 122 [ms], path length: 47 [edges], g_F: 27, g_B: 20, generated: {'F': 94, 'B': 73}, MM: 7, MMPER: 13.583333333333334%
[00:00:00:00:489] 
---------- SM_Grids/7x8_grid_with_random_blocks_12per_8 ----------
[00:00:00:12:020] Path of length 47 found: [0, 8, 16, 24, 32, 33, 34, 26, 18, 17, 9, 1, 2, 10, 11, 3, 4, 12, 20, 19, 27, 35, 43, 42, 50, 51, 52, 44, 36, 28, 29, 21, 13, 5, 6, 7, 15, 14, 22, 30, 31, 39, 47, 46, 45, 53, 54, 55]
[00:00:00:12:020] ! Unidirectional s-t. expansions: 3,368, time: 12,020 [ms], path length: 47 [edges], generated: 38,526
[00:00:00:33:593] Path of length 47 found: [55, 47, 39, 31, 30, 22, 14, 15, 7, 6, 5, 4, 3, 2, 10, 18, 26, 27, 19, 11, 12, 13, 21, 20, 28, 29, 37, 36, 35, 43, 44, 45, 46, 54, 53, 52, 51, 50, 42, 34, 33, 32, 24, 16, 17, 9, 1, 0]
[00:00:00:33:593] ! Unidirectional t-s. expansions: 13,599, time: 33,593 [ms], path length: 47 [edges], generated: 122,280
[00:00:00:40:529] Path of length 47 found: [0, 8, 16, 24, 32, 33, 34, 26, 18, 17, 9, 1, 2, 10, 11, 3, 4, 5, 6, 7, 15, 14, 13, 12, 20, 19, 27, 28, 36, 35, 43, 42, 50, 51, 52, 53, 54, 46, 45, 37, 29, 21, 22, 30, 31, 39, 47, 55]
[00:00:00:40:891] ! Bidirectional. expansions: 8,669, time: 40,529 [ms], path length: 47 [edges], g_F: 29, g_B: 18, generated: {'F': 48,451, 'B': 33,200}, MM: 11, MMPER: 21.916666666666668%
[00:00:00:40:891] 
---------- SM_Grids/7x8_grid_with_random_blocks_12per_9 ----------
[00:00:00:01:025] Path of length 47 found: [0, 8, 16, 24, 32, 40, 48, 49, 41, 33, 25, 17, 18, 10, 2, 3, 11, 19, 27, 26, 34, 42, 50, 51, 43, 35, 36, 28, 29, 21, 20, 12, 13, 5, 6, 7, 15, 14, 22, 23, 31, 30, 38, 39, 47, 46, 54, 55]
[00:00:00:01:026] ! Unidirectional s-t. expansions: 199, time: 1,025 [ms], path length: 47 [edges], generated: 2,341
[00:00:00:00:727] Path of length 47 found: [55, 54, 46, 47, 39, 38, 30, 31, 23, 15, 7, 6, 5, 13, 14, 22, 21, 29, 28, 20, 12, 11, 3, 2, 10, 18, 19, 27, 26, 34, 35, 36, 44, 43, 51, 50, 42, 41, 49, 48, 40, 32, 33, 25, 17, 16, 8, 0]
[00:00:00:00:727] ! Unidirectional t-s. expansions: 243, time: 727 [ms], path length: 47 [edges], generated: 2,594
[00:00:00:02:040] Path of length 47 found: [0, 8, 16, 24, 32, 40, 48, 49, 41, 42, 50, 51, 43, 44, 36, 28, 29, 21, 20, 19, 27, 35, 34, 33, 25, 17, 18, 10, 2, 3, 11, 12, 13, 5, 6, 7, 15, 14, 22, 23, 31, 30, 38, 39, 47, 46, 54, 55]
[00:00:00:02:434] ! Bidirectional. expansions: 429, time: 2,040 [ms], path length: 47 [edges], g_F: 25, g_B: 22, generated: {'F': 2,088, 'B': 1,685}, MM: 3, MMPER: 5.25%
[00:00:00:02:434] average expansions: (6,466, 7,710, 8,689, 0)
[00:00:00:02:434] average time: (20,476, 18,665, 41,595, 0)
[00:00:00:02:434] XIDA: 6,466 , 18,665 (expansions , time[ms])
[00:00:00:02:434] BiXIDA: 8,689 , 41,595 (expansions , time[ms])

