--------------------------
date: mazes
number_of_graphs: 10
graph_type: maze
size_of_graphs: [13, 13]
heuristic: bcc_heuristic
snake: False
run_uni: True
run_bi: True
run_multi: False
solution_vertices: []
algorithms: ['IDA']
lookahead: 4
bsd: False
cube_first_dims: 4
cube_buffer_dim: None
backward_sym_generation: False
sym_coil: False
prefix_set: None

---------- mazes/13x13_maze_with_1_open_diamonds_0 ----------
[00:00:03:01:319] Valid states checked so far: 200,000, Expansions: 22,046, Global best: 57
[00:00:05:51:434] Valid states checked so far: 400,000, Expansions: 43,944, Global best: 89
[00:00:06:12:092] Path of length 92 found: [0, 1, 2, 3, 4, 17, 30, 31, 32, 19, 6, 7, 8, 9, 10, 11, 12, 25, 38, 37, 36, 49, 62, 61, 60, 59, 58, 57, 56, 55, 54, 41, 28, 27, 26, 39, 52, 65, 78, 79, 80, 81, 82, 83, 84, 85, 86, 87, 88, 89, 90, 103, 116, 115, 114, 113, 112, 111, 110, 109, 108, 107, 106, 105, 118, 131, 130, 143, 156, 157, 158, 159, 146, 145, 132, 119, 120, 133, 134, 135, 136, 137, 150, 163, 164, 165, 152, 139, 140, 141, 142, 155, 168]
[00:00:06:12:092] ! Unidirectional s-t. expansions: 46,767, time: 372,092 [ms], path length: 92 [edges], generated: 423,657
[00:00:03:03:478] Valid states checked so far: 200,000, Expansions: 21,669, Global best: 61
[00:00:05:59:074] Valid states checked so far: 400,000, Expansions: 44,434, Global best: 61
[00:00:09:03:117] Valid states checked so far: 600,000, Expansions: 68,126, Global best: 61
[00:00:11:55:885] Valid states checked so far: 800,000, Expansions: 91,388, Global best: 61
[00:00:14:39:349] Valid states checked so far: 1,000,000, Expansions: 114,239, Global best: 61
[00:00:17:28:057] Valid states checked so far: 1,200,000, Expansions: 137,273, Global best: 61
[00:00:20:17:515] Valid states checked so far: 1,400,000, Expansions: 160,893, Global best: 61
[00:00:22:31:232] Path of length 92 found: [168, 155, 142, 141, 140, 139, 152, 165, 164, 163, 150, 137, 136, 135, 134, 133, 120, 119, 132, 145, 146, 159, 158, 157, 156, 143, 130, 131, 118, 105, 106, 107, 108, 109, 110, 111, 112, 113, 114, 115, 116, 103, 90, 89, 88, 87, 86, 85, 84, 83, 82, 81, 80, 79, 78, 65, 52, 39, 26, 27, 28, 41, 54, 55, 56, 57, 58, 59, 60, 61, 62, 63, 64, 51, 38, 25, 12, 11, 10, 9, 8, 7, 6, 19, 32, 31, 30, 17, 4, 3, 2, 1, 0]
[00:00:22:31:232] ! Unidirectional t-s. expansions: 180,107, time: 1,351,232 [ms], path length: 92 [edges], generated: 1,570,842
[00:00:02:23:124] Path of length 92 found: [0, 1, 2, 3, 4, 17, 30, 31, 32, 19, 6, 7, 8, 9, 10, 11, 12, 25, 38, 37, 36, 49, 62, 61, 60, 59, 58, 57, 56, 55, 54, 41, 28, 27, 26, 39, 52, 65, 78, 79, 80, 81, 82, 83, 84, 85, 86, 87, 88, 89, 90, 103, 116, 115, 114, 113, 112, 111, 110, 109, 108, 107, 106, 105, 118, 131, 130, 143, 156, 157, 158, 159, 146, 145, 132, 119, 120, 133, 134, 135, 136, 137, 150, 163, 164, 165, 152, 139, 140, 141, 142, 155, 168]
[00:00:02:23:125] ! Bidirectional. expansions: 28,356, time: 143,124 [ms], path length: 92 [edges], g_F: 46, g_B: 46, generated: {'F': 119,675, 'B': 173,844}, MM: 0, MMPER: -1.0%
[00:00:02:23:125] 
---------- mazes/13x13_maze_with_1_open_diamonds_1 ----------
[00:00:03:29:797] Valid states checked so far: 200,000, Expansions: 20,962, Global best: 49
[00:00:06:45:703] Valid states checked so far: 400,000, Expansions: 45,169, Global best: 61
[00:00:09:53:104] Valid states checked so far: 600,000, Expansions: 70,831, Global best: 61
[00:00:10:48:830] Path of length 90 found: [0, 1, 2, 15, 28, 27, 26, 39, 52, 53, 54, 41, 42, 29, 16, 3, 4, 17, 30, 43, 56, 57, 58, 45, 32, 19, 6, 7, 8, 9, 10, 11, 12, 25, 38, 37, 36, 49, 62, 61, 74, 87, 88, 89, 90, 103, 116, 115, 114, 113, 112, 99, 86, 85, 84, 83, 82, 81, 80, 79, 92, 105, 106, 107, 108, 109, 122, 135, 134, 133, 132, 131, 130, 143, 156, 157, 158, 159, 160, 161, 162, 163, 164, 165, 152, 139, 140, 141, 142, 155, 168]
[00:00:10:48:830] ! Unidirectional s-t. expansions: 78,620, time: 648,830 [ms], path length: 90 [edges], generated: 659,788
[00:00:00:13:409] Path of length 90 found: [168, 155, 142, 141, 140, 139, 152, 165, 164, 163, 162, 161, 160, 159, 158, 157, 156, 143, 130, 131, 132, 133, 134, 135, 122, 109, 108, 107, 106, 105, 92, 79, 80, 81, 82, 83, 84, 85, 86, 99, 112, 113, 114, 115, 116, 103, 90, 89, 88, 87, 74, 61, 62, 63, 64, 51, 38, 25, 12, 11, 10, 9, 8, 7, 6, 19, 32, 45, 58, 57, 56, 43, 30, 17, 4, 3, 2, 15, 16, 29, 28, 41, 42, 55, 54, 53, 52, 39, 26, 13, 0]
[00:00:00:13:409] ! Unidirectional t-s. expansions: 1,511, time: 13,409 [ms], path length: 90 [edges], generated: 18,233
[00:00:03:00:379] Path of length 90 found: [0, 13, 26, 39, 52, 53, 54, 41, 28, 15, 2, 3, 4, 17, 16, 29, 30, 43, 42, 55, 56, 57, 58, 45, 32, 19, 6, 7, 8, 9, 10, 11, 12, 25, 38, 37, 36, 49, 62, 61, 74, 87, 88, 89, 90, 103, 116, 115, 114, 113, 112, 99, 86, 85, 84, 83, 82, 81, 80, 79, 92, 105, 106, 107, 108, 109, 122, 135, 134, 133, 132, 131, 130, 143, 156, 157, 158, 159, 160, 161, 162, 163, 164, 165, 152, 139, 140, 141, 142, 155, 168]
[00:00:03:00:380] ! Bidirectional. expansions: 42,220, time: 180,379 [ms], path length: 90 [edges], g_F: 45, g_B: 45, generated: {'F': 163,775, 'B': 142,681}, MM: 0, MMPER: -1.0%
[00:00:03:00:380] 
---------- mazes/13x13_maze_with_1_open_diamonds_2 ----------
[00:00:02:43:037] Valid states checked so far: 200,000, Expansions: 18,554, Global best: 89
[00:00:03:52:755] Path of length 92 found: [0, 1, 2, 3, 4, 17, 30, 43, 56, 55, 54, 41, 28, 27, 26, 39, 52, 65, 78, 79, 80, 81, 82, 83, 70, 57, 58, 45, 32, 19, 6, 7, 8, 9, 10, 11, 12, 25, 38, 37, 36, 49, 62, 61, 60, 59, 72, 71, 84, 85, 98, 99, 86, 87, 88, 89, 90, 103, 116, 115, 114, 113, 112, 111, 110, 97, 96, 109, 122, 135, 134, 133, 132, 131, 130, 143, 156, 157, 158, 159, 160, 161, 162, 163, 164, 165, 152, 139, 140, 141, 142, 155, 168]
[00:00:03:52:755] ! Unidirectional s-t. expansions: 27,635, time: 232,755 [ms], path length: 92 [edges], generated: 288,410
[00:00:02:27:680] Valid states checked so far: 200,000, Expansions: 21,524, Global best: 81
[00:00:03:24:906] Path of length 92 found: [168, 155, 142, 141, 140, 139, 152, 165, 164, 163, 162, 161, 160, 159, 158, 157, 156, 143, 130, 131, 132, 133, 134, 135, 122, 109, 108, 107, 106, 105, 92, 79, 78, 65, 52, 39, 26, 27, 28, 41, 54, 55, 56, 57, 70, 83, 96, 97, 110, 111, 98, 99, 112, 113, 114, 115, 116, 103, 90, 89, 88, 87, 86, 85, 84, 71, 58, 59, 60, 61, 62, 63, 64, 51, 38, 25, 12, 11, 10, 9, 8, 7, 6, 19, 32, 31, 30, 17, 4, 3, 2, 1, 0]
[00:00:03:24:906] ! Unidirectional t-s. expansions: 30,793, time: 204,906 [ms], path length: 92 [edges], generated: 281,004
[00:00:00:13:500] Path of length 92 found: [0, 1, 2, 3, 4, 17, 30, 31, 32, 19, 6, 7, 8, 9, 10, 11, 12, 25, 38, 37, 36, 49, 62, 61, 60, 59, 58, 71, 72, 85, 98, 99, 86, 87, 88, 89, 90, 103, 116, 115, 114, 113, 112, 111, 110, 97, 84, 83, 70, 57, 56, 55, 54, 41, 28, 27, 26, 39, 52, 65, 78, 79, 92, 105, 106, 107, 108, 109, 122, 135, 134, 133, 132, 131, 130, 143, 156, 157, 158, 159, 160, 161, 162, 163, 164, 165, 152, 139, 140, 141, 142, 155, 168]
[00:00:00:13:501] ! Bidirectional. expansions: 3,013, time: 13,500 [ms], path length: 92 [edges], g_F: 46, g_B: 46, generated: {'F': 15,059, 'B': 16,415}, MM: 0, MMPER: -1.0%
[00:00:00:13:501] 
---------- mazes/13x13_maze_with_1_open_diamonds_3 ----------
[00:00:02:35:681] Path of length 90 found: [0, 1, 2, 3, 4, 17, 30, 43, 56, 55, 54, 41, 28, 27, 26, 39, 52, 65, 78, 79, 80, 81, 82, 83, 84, 71, 58, 45, 32, 19, 6, 7, 8, 9, 10, 11, 12, 25, 38, 37, 36, 49, 62, 61, 74, 87, 86, 85, 98, 99, 100, 101, 88, 89, 90, 103, 102, 115, 116, 129, 142, 141, 140, 139, 126, 113, 112, 111, 110, 109, 122, 135, 134, 133, 132, 131, 130, 143, 156, 157, 158, 159, 160, 161, 162, 163, 164, 165, 166, 167, 168]
[00:00:02:35:682] ! Unidirectional s-t. expansions: 18,896, time: 155,681 [ms], path length: 90 [edges], generated: 198,803
[00:00:03:04:358] Valid states checked so far: 200,000, Expansions: 23,241, Global best: 59
[00:00:05:47:093] Valid states checked so far: 400,000, Expansions: 46,237, Global best: 59
[00:00:08:22:202] Valid states checked so far: 600,000, Expansions: 69,335, Global best: 79
[00:00:10:07:409] Path of length 90 found: [168, 167, 166, 165, 164, 163, 162, 161, 160, 159, 158, 157, 156, 143, 130, 131, 132, 133, 134, 135, 122, 109, 108, 107, 106, 105, 92, 79, 78, 65, 52, 39, 26, 27, 28, 41, 54, 55, 56, 57, 58, 71, 84, 85, 98, 111, 112, 113, 126, 139, 140, 141, 142, 129, 116, 103, 90, 89, 102, 115, 114, 101, 100, 99, 86, 87, 74, 61, 62, 63, 64, 51, 38, 25, 12, 11, 10, 9, 8, 7, 6, 19, 32, 31, 30, 17, 4, 3, 2, 1, 0]
[00:00:10:07:410] ! Unidirectional t-s. expansions: 85,050, time: 607,409 [ms], path length: 90 [edges], generated: 738,643
[00:00:02:33:500] Path of length 90 found: [0, 1, 2, 3, 4, 17, 30, 43, 56, 55, 54, 41, 28, 27, 26, 39, 52, 65, 78, 79, 80, 81, 82, 83, 84, 71, 58, 45, 32, 19, 6, 7, 8, 9, 10, 11, 12, 25, 38, 37, 36, 49, 62, 61, 74, 87, 88, 101, 114, 115, 102, 89, 90, 103, 116, 129, 142, 141, 140, 139, 126, 113, 112, 99, 86, 85, 98, 111, 110, 109, 122, 135, 134, 133, 132, 131, 130, 143, 156, 157, 158, 159, 160, 161, 162, 163, 164, 165, 166, 167, 168]
[00:00:02:33:501] ! Bidirectional. expansions: 29,840, time: 153,500 [ms], path length: 90 [edges], g_F: 45, g_B: 45, generated: {'F': 113,070, 'B': 149,257}, MM: 0, MMPER: -1.0%
[00:00:02:33:501] 
---------- mazes/13x13_maze_with_1_open_diamonds_4 ----------
[00:00:02:53:036] Valid states checked so far: 200,000, Expansions: 18,499, Global best: 65
[00:00:05:30:358] Valid states checked so far: 400,000, Expansions: 38,109, Global best: 89
[00:00:06:32:663] Path of length 92 found: [0, 1, 2, 3, 4, 17, 30, 43, 56, 55, 54, 41, 28, 27, 26, 39, 52, 65, 78, 79, 80, 81, 82, 95, 108, 107, 106, 119, 132, 131, 130, 143, 156, 157, 158, 159, 160, 161, 162, 163, 150, 137, 136, 135, 134, 133, 120, 121, 122, 109, 110, 111, 112, 99, 86, 85, 84, 71, 58, 45, 32, 19, 6, 7, 8, 9, 10, 11, 12, 25, 38, 37, 36, 49, 62, 61, 74, 87, 88, 89, 90, 103, 116, 129, 142, 141, 140, 139, 152, 165, 166, 167, 168]
[00:00:06:32:663] ! Unidirectional s-t. expansions: 45,749, time: 392,663 [ms], path length: 92 [edges], generated: 479,549
[00:00:03:01:194] Valid states checked so far: 200,000, Expansions: 21,396, Global best: 61
[00:00:05:53:334] Valid states checked so far: 400,000, Expansions: 43,480, Global best: 61
[00:00:08:37:791] Valid states checked so far: 600,000, Expansions: 65,736, Global best: 61
[00:00:11:20:455] Valid states checked so far: 800,000, Expansions: 87,928, Global best: 81
[00:00:14:02:525] Valid states checked so far: 1,000,000, Expansions: 110,218, Global best: 81
[00:00:16:41:049] Path of length 92 found: [168, 167, 166, 165, 152, 139, 140, 141, 142, 129, 116, 103, 90, 89, 88, 87, 74, 61, 62, 63, 64, 51, 38, 25, 12, 11, 10, 9, 8, 7, 6, 19, 32, 45, 58, 71, 84, 85, 86, 99, 112, 111, 110, 109, 122, 121, 120, 133, 134, 135, 136, 137, 150, 163, 162, 161, 160, 159, 158, 157, 156, 143, 130, 131, 132, 119, 106, 107, 108, 95, 82, 81, 80, 79, 78, 65, 52, 39, 26, 27, 28, 41, 54, 55, 56, 43, 30, 17, 4, 3, 2, 1, 0]
[00:00:16:41:049] ! Unidirectional t-s. expansions: 131,652, time: 1,001,049 [ms], path length: 92 [edges], generated: 1,191,420
[00:00:01:54:819] Path of length 92 found: [0, 1, 2, 3, 4, 17, 30, 43, 56, 55, 54, 41, 28, 27, 26, 39, 52, 65, 78, 79, 80, 81, 82, 95, 108, 107, 106, 119, 120, 133, 132, 131, 130, 143, 156, 157, 158, 159, 160, 161, 162, 163, 150, 137, 136, 135, 134, 121, 122, 109, 110, 111, 112, 99, 86, 85, 84, 71, 58, 45, 32, 19, 6, 7, 8, 9, 10, 11, 12, 25, 38, 51, 64, 63, 62, 61, 74, 87, 88, 89, 90, 103, 116, 129, 142, 141, 140, 139, 152, 165, 166, 167, 168]
[00:00:01:54:820] ! Bidirectional. expansions: 21,074, time: 114,819 [ms], path length: 92 [edges], g_F: 46, g_B: 46, generated: {'F': 107,915, 'B': 123,917}, MM: 0, MMPER: -1.0%
[00:00:01:54:820] 
---------- mazes/13x13_maze_with_1_open_diamonds_5 ----------
[00:00:02:48:192] Valid states checked so far: 200,000, Expansions: 20,234, Global best: 73
[00:00:05:17:306] Valid states checked so far: 400,000, Expansions: 41,348, Global best: 89
[00:00:06:27:379] Path of length 92 found: [0, 1, 2, 3, 4, 17, 30, 43, 56, 55, 54, 41, 28, 27, 26, 39, 52, 65, 78, 79, 80, 81, 94, 107, 106, 105, 118, 131, 130, 143, 156, 157, 158, 159, 160, 161, 162, 163, 150, 137, 136, 135, 134, 133, 132, 119, 120, 121, 108, 109, 110, 111, 112, 99, 86, 85, 84, 71, 58, 45, 32, 19, 6, 7, 8, 9, 10, 11, 12, 25, 38, 37, 36, 49, 62, 61, 74, 87, 88, 89, 90, 103, 116, 129, 142, 141, 140, 139, 152, 165, 166, 167, 168]
[00:00:06:27:380] ! Unidirectional s-t. expansions: 51,725, time: 387,379 [ms], path length: 92 [edges], generated: 498,004
[00:00:02:42:631] Valid states checked so far: 200,000, Expansions: 21,695, Global best: 61
[00:00:05:20:171] Valid states checked so far: 400,000, Expansions: 44,363, Global best: 61
[00:00:07:54:159] Valid states checked so far: 600,000, Expansions: 67,234, Global best: 61
[00:00:10:23:571] Valid states checked so far: 800,000, Expansions: 89,836, Global best: 81
[00:00:12:49:155] Valid states checked so far: 1,000,000, Expansions: 112,337, Global best: 81
[00:00:13:37:866] Path of length 92 found: [168, 167, 166, 165, 152, 139, 140, 141, 142, 129, 116, 103, 90, 89, 88, 87, 74, 61, 62, 63, 64, 51, 38, 25, 12, 11, 10, 9, 8, 7, 6, 19, 32, 45, 58, 71, 84, 85, 86, 99, 112, 111, 110, 109, 108, 121, 120, 119, 132, 133, 134, 135, 136, 137, 150, 163, 162, 161, 160, 159, 158, 157, 156, 143, 130, 131, 118, 105, 106, 107, 94, 81, 80, 79, 78, 65, 52, 39, 26, 27, 28, 41, 54, 55, 56, 43, 30, 17, 4, 3, 2, 1, 0]
[00:00:13:37:867] ! Unidirectional t-s. expansions: 118,971, time: 817,867 [ms], path length: 92 [edges], generated: 1,058,963
[00:00:01:27:589] Path of length 92 found: [0, 1, 2, 3, 4, 17, 30, 43, 56, 55, 54, 41, 28, 27, 26, 39, 52, 65, 78, 79, 80, 81, 94, 107, 106, 105, 118, 119, 120, 133, 132, 131, 130, 143, 156, 157, 158, 159, 160, 161, 162, 163, 150, 137, 136, 135, 122, 121, 108, 109, 110, 111, 112, 99, 86, 85, 84, 71, 58, 45, 32, 19, 6, 7, 8, 9, 10, 11, 12, 25, 38, 51, 64, 63, 62, 61, 74, 87, 88, 89, 90, 103, 116, 129, 142, 141, 140, 139, 152, 165, 166, 167, 168]
[00:00:01:27:589] ! Bidirectional. expansions: 19,734, time: 87,589 [ms], path length: 92 [edges], g_F: 46, g_B: 46, generated: {'F': 88,629, 'B': 104,295}, MM: 0, MMPER: -1.0%
[00:00:01:27:590] 
---------- mazes/13x13_maze_with_1_open_diamonds_6 ----------
[00:00:02:35:445] Path of length 92 found: [0, 1, 2, 3, 4, 17, 30, 43, 56, 55, 54, 41, 28, 27, 26, 39, 52, 65, 78, 79, 80, 81, 82, 83, 84, 71, 58, 45, 32, 19, 6, 7, 8, 9, 10, 11, 12, 25, 38, 51, 64, 63, 62, 49, 36, 35, 34, 47, 60, 59, 72, 85, 86, 73, 74, 87, 88, 89, 90, 103, 116, 115, 114, 113, 112, 111, 110, 109, 122, 135, 134, 133, 132, 131, 130, 143, 156, 157, 158, 159, 160, 161, 162, 163, 164, 165, 152, 139, 140, 141, 142, 155, 168]
[00:00:02:35:445] ! Unidirectional s-t. expansions: 19,051, time: 155,445 [ms], path length: 92 [edges], generated: 198,858
[00:00:00:52:185] Path of length 92 found: [168, 155, 142, 141, 140, 139, 152, 165, 164, 163, 162, 161, 160, 159, 158, 157, 156, 143, 130, 131, 132, 133, 134, 135, 122, 109, 108, 107, 106, 105, 92, 79, 78, 65, 52, 39, 26, 27, 28, 41, 54, 55, 56, 57, 58, 71, 84, 85, 72, 73, 86, 99, 112, 113, 114, 115, 116, 103, 90, 89, 88, 75, 74, 61, 60, 47, 34, 35, 36, 49, 62, 63, 64, 51, 38, 25, 12, 11, 10, 9, 8, 7, 6, 19, 32, 31, 30, 17, 4, 3, 2, 1, 0]
[00:00:00:52:185] ! Unidirectional t-s. expansions: 7,842, time: 52,185 [ms], path length: 92 [edges], generated: 80,725
[00:00:00:05:750] Path of length 92 found: [0, 1, 2, 3, 4, 17, 30, 31, 32, 19, 6, 7, 8, 9, 10, 11, 12, 25, 38, 51, 64, 63, 62, 49, 36, 35, 34, 47, 60, 61, 74, 75, 88, 89, 90, 103, 116, 115, 114, 113, 112, 99, 86, 73, 72, 85, 84, 71, 58, 57, 56, 55, 54, 41, 28, 27, 26, 39, 52, 65, 78, 79, 92, 105, 106, 107, 108, 109, 122, 135, 134, 133, 132, 131, 130, 143, 156, 157, 158, 159, 160, 161, 162, 163, 164, 165, 152, 139, 140, 141, 142, 155, 168]
[00:00:00:05:750] ! Bidirectional. expansions: 1,421, time: 5,750 [ms], path length: 92 [edges], g_F: 46, g_B: 46, generated: {'F': 7,041, 'B': 6,577}, MM: 0, MMPER: -1.0%
[00:00:00:05:750] 
---------- mazes/13x13_maze_with_1_open_diamonds_7 ----------
[00:00:02:51:506] Valid states checked so far: 200,000, Expansions: 22,462, Global best: 65
[00:00:03:16:677] Path of length 94 found: [0, 1, 2, 3, 4, 17, 30, 31, 32, 19, 6, 7, 20, 21, 8, 9, 10, 11, 12, 25, 38, 51, 64, 63, 62, 49, 36, 35, 34, 33, 46, 47, 60, 61, 74, 87, 88, 89, 90, 103, 116, 115, 114, 113, 112, 99, 86, 85, 84, 71, 58, 57, 56, 55, 54, 41, 28, 27, 26, 39, 52, 65, 78, 79, 92, 105, 106, 107, 108, 109, 122, 135, 134, 133, 132, 131, 130, 143, 156, 157, 158, 159, 160, 161, 162, 163, 164, 165, 152, 139, 140, 141, 142, 155, 168]
[00:00:03:16:677] ! Unidirectional s-t. expansions: 25,952, time: 196,677 [ms], path length: 94 [edges], generated: 230,070
[00:00:00:10:715] Path of length 94 found: [168, 155, 142, 141, 140, 139, 152, 165, 164, 163, 162, 161, 160, 159, 158, 157, 156, 143, 130, 131, 132, 133, 134, 135, 122, 109, 108, 107, 106, 105, 92, 79, 78, 65, 52, 39, 26, 27, 28, 41, 54, 55, 56, 57, 58, 71, 84, 85, 86, 99, 112, 113, 114, 115, 116, 103, 90, 89, 88, 87, 74, 61, 60, 59, 46, 47, 34, 35, 36, 49, 62, 63, 64, 51, 38, 25, 12, 11, 10, 9, 8, 7, 6, 19, 20, 33, 32, 31, 30, 17, 4, 3, 2, 1, 0]
[00:00:00:10:715] ! Unidirectional t-s. expansions: 1,730, time: 10,715 [ms], path length: 94 [edges], generated: 20,203
[00:00:00:16:036] Path of length 94 found: [0, 1, 2, 3, 4, 17, 30, 31, 32, 19, 6, 7, 20, 21, 8, 9, 10, 11, 12, 25, 38, 51, 64, 63, 62, 49, 36, 35, 34, 33, 46, 47, 60, 61, 74, 87, 88, 89, 90, 103, 116, 115, 114, 113, 112, 99, 86, 85, 84, 71, 58, 57, 56, 55, 54, 41, 28, 27, 26, 39, 52, 65, 78, 79, 92, 105, 106, 107, 108, 109, 122, 135, 134, 133, 132, 131, 130, 143, 156, 157, 158, 159, 160, 161, 162, 163, 164, 165, 152, 139, 140, 141, 142, 155, 168]
[00:00:00:16:036] ! Bidirectional. expansions: 4,253, time: 16,036 [ms], path length: 94 [edges], g_F: 47, g_B: 47, generated: {'F': 16,434, 'B': 14,453}, MM: 0, MMPER: -1.0%
[00:00:00:16:036] 
---------- mazes/13x13_maze_with_1_open_diamonds_8 ----------
[00:00:02:51:319] Valid states checked so far: 200,000, Expansions: 22,462, Global best: 65
[00:00:03:16:549] Path of length 94 found: [0, 1, 2, 3, 4, 17, 30, 31, 32, 19, 6, 7, 20, 21, 8, 9, 10, 11, 12, 25, 38, 51, 64, 63, 62, 49, 36, 35, 34, 33, 46, 47, 60, 61, 74, 87, 88, 89, 90, 103, 116, 115, 114, 113, 112, 99, 86, 85, 84, 71, 58, 57, 56, 55, 54, 41, 28, 27, 26, 39, 52, 65, 78, 79, 92, 105, 106, 107, 108, 109, 122, 135, 134, 133, 132, 131, 130, 143, 156, 157, 158, 159, 160, 161, 162, 163, 164, 165, 152, 139, 140, 141, 142, 155, 168]
[00:00:03:16:550] ! Unidirectional s-t. expansions: 25,952, time: 196,549 [ms], path length: 94 [edges], generated: 230,070
[00:00:00:10:805] Path of length 94 found: [168, 155, 142, 141, 140, 139, 152, 165, 164, 163, 162, 161, 160, 159, 158, 157, 156, 143, 130, 131, 132, 133, 134, 135, 122, 109, 108, 107, 106, 105, 92, 79, 78, 65, 52, 39, 26, 27, 28, 41, 54, 55, 56, 57, 58, 71, 84, 85, 86, 99, 112, 113, 114, 115, 116, 103, 90, 89, 88, 87, 74, 61, 60, 59, 46, 47, 34, 35, 36, 49, 62, 63, 64, 51, 38, 25, 12, 11, 10, 9, 8, 7, 6, 19, 20, 33, 32, 31, 30, 17, 4, 3, 2, 1, 0]
[00:00:00:10:805] ! Unidirectional t-s. expansions: 1,730, time: 10,805 [ms], path length: 94 [edges], generated: 20,203
[00:00:00:16:141] Path of length 94 found: [0, 1, 2, 3, 4, 17, 30, 31, 32, 19, 6, 7, 20, 21, 8, 9, 10, 11, 12, 25, 38, 51, 64, 63, 62, 49, 36, 35, 34, 33, 46, 47, 60, 61, 74, 87, 88, 89, 90, 103, 116, 115, 114, 113, 112, 99, 86, 85, 84, 71, 58, 57, 56, 55, 54, 41, 28, 27, 26, 39, 52, 65, 78, 79, 92, 105, 106, 107, 108, 109, 122, 135, 134, 133, 132, 131, 130, 143, 156, 157, 158, 159, 160, 161, 162, 163, 164, 165, 152, 139, 140, 141, 142, 155, 168]
[00:00:00:16:141] ! Bidirectional. expansions: 4,253, time: 16,141 [ms], path length: 94 [edges], g_F: 47, g_B: 47, generated: {'F': 16,434, 'B': 14,453}, MM: 0, MMPER: -1.0%
[00:00:00:16:142] 
---------- mazes/13x13_maze_with_1_open_diamonds_9 ----------
[00:00:02:24:177] Valid states checked so far: 200,000, Expansions: 16,145, Global best: 85
[00:00:04:34:194] Valid states checked so far: 400,000, Expansions: 35,546, Global best: 89
[00:00:05:21:116] Path of length 92 found: [0, 1, 2, 3, 4, 17, 30, 43, 56, 55, 54, 41, 28, 27, 26, 39, 52, 65, 78, 79, 92, 105, 106, 107, 108, 109, 122, 135, 134, 133, 132, 131, 130, 143, 156, 157, 158, 159, 160, 161, 162, 163, 150, 137, 136, 123, 110, 111, 124, 125, 126, 113, 112, 99, 86, 85, 84, 71, 58, 45, 32, 19, 6, 7, 8, 9, 10, 11, 12, 25, 38, 37, 36, 49, 62, 61, 74, 87, 88, 89, 90, 103, 116, 129, 142, 141, 140, 139, 152, 165, 166, 167, 168]
[00:00:05:21:117] ! Unidirectional s-t. expansions: 41,921, time: 321,116 [ms], path length: 92 [edges], generated: 469,481
[00:00:02:49:699] Valid states checked so far: 200,000, Expansions: 22,999, Global best: 61
[00:00:05:31:309] Valid states checked so far: 400,000, Expansions: 47,953, Global best: 61
[00:00:08:07:610] Valid states checked so far: 600,000, Expansions: 72,870, Global best: 61
[00:00:10:42:324] Valid states checked so far: 800,000, Expansions: 97,311, Global best: 61
[00:00:13:16:177] Valid states checked so far: 1,000,000, Expansions: 121,641, Global best: 61
[00:00:15:47:987] Valid states checked so far: 1,200,000, Expansions: 145,777, Global best: 61
[00:00:18:11:088] Valid states checked so far: 1,400,000, Expansions: 169,664, Global best: 61
[00:00:20:38:138] Valid states checked so far: 1,600,000, Expansions: 194,131, Global best: 61
[00:00:22:57:362] Valid states checked so far: 1,800,000, Expansions: 217,691, Global best: 61
[00:00:25:21:943] Valid states checked so far: 2,000,000, Expansions: 241,919, Global best: 81
[00:00:27:37:457] Valid states checked so far: 2,200,000, Expansions: 265,746, Global best: 81
[00:00:29:56:732] Valid states checked so far: 2,400,000, Expansions: 290,033, Global best: 81
[00:00:32:18:021] Valid states checked so far: 2,600,000, Expansions: 313,579, Global best: 81
[00:00:34:29:862] Valid states checked so far: 2,800,000, Expansions: 337,319, Global best: 81
[00:00:36:46:314] Valid states checked so far: 3,000,000, Expansions: 361,309, Global best: 81
[00:00:37:40:349] Path of length 92 found: [168, 167, 166, 165, 152, 139, 140, 141, 142, 129, 116, 103, 90, 89, 88, 87, 74, 61, 62, 63, 64, 51, 38, 25, 12, 11, 10, 9, 8, 7, 6, 19, 32, 45, 58, 71, 84, 85, 86, 99, 98, 111, 112, 113, 126, 125, 124, 137, 150, 163, 162, 161, 160, 159, 158, 157, 156, 143, 130, 131, 132, 133, 134, 135, 136, 123, 110, 109, 108, 107, 106, 105, 92, 79, 78, 65, 52, 39, 26, 27, 28, 41, 54, 55, 56, 43, 30, 17, 4, 3, 2, 1, 0]
[00:00:37:40:350] ! Unidirectional t-s. expansions: 369,412, time: 2,260,349 [ms], path length: 92 [edges], generated: 3,071,825
[00:00:04:03:913] Path of length 92 found: [0, 1, 2, 3, 4, 17, 30, 43, 56, 55, 54, 41, 28, 27, 26, 39, 52, 65, 78, 79, 92, 105, 106, 107, 108, 109, 122, 123, 136, 135, 134, 133, 132, 131, 130, 143, 156, 157, 158, 159, 160, 161, 162, 163, 150, 137, 124, 125, 126, 113, 112, 111, 98, 99, 86, 85, 84, 71, 58, 45, 32, 19, 6, 7, 8, 9, 10, 11, 12, 25, 38, 51, 64, 63, 62, 61, 74, 87, 88, 89, 90, 103, 116, 129, 142, 141, 140, 139, 152, 165, 166, 167, 168]
[00:00:04:03:914] ! Bidirectional. expansions: 54,277, time: 243,913 [ms], path length: 92 [edges], g_F: 46, g_B: 46, generated: {'F': 252,610, 'B': 312,453}, MM: 0, MMPER: -1.0%
[00:00:04:03:914] average expansions: (38,227, 92,880, 20,844, 0)
[00:00:04:03:914] average time: (305,919, 632,993, 97,475, 0)
[00:00:04:03:914] XIDA: 38,227 , 305,919 (expansions , time[ms])
[00:00:04:03:914] BiXIDA: 20,844 , 97,475 (expansions , time[ms])

