--------------------------
date: mazes
number_of_graphs: 10
graph_type: maze
size_of_graphs: [13, 13]
heuristic: bcc_heuristic
snake: False
run_uni: True
run_bi: True
run_multi: False
solution_vertices: []
algorithms: ['A']
lookahead: 2
bsd: False
cube_first_dims: 4
cube_buffer_dim: None
backward_sym_generation: False
sym_coil: False
prefix_set: None

---------- mazes/13x13_maze_with_1_open_diamonds_0 ----------
[00:00:00:24:539] Expansion 10,000: state None, f=97, g=35
[00:00:00:48:018] Expansion 20,000: state None, f=95, g=20
[00:00:01:08:920] Expansion 30,000: state None, f=93, g=30
[00:00:01:13:228] Path of length 92 found: [0, 1, 2, 3, 4, 17, 30, 31, 32, 19, 6, 7, 8, 9, 10, 11, 12, 25, 38, 37, 36, 49, 62, 61, 60, 59, 58, 57, 56, 55, 54, 41, 28, 27, 26, 39, 52, 65, 78, 79, 80, 81, 82, 83, 84, 85, 86, 87, 88, 89, 90, 103, 116, 115, 114, 113, 112, 111, 110, 109, 122, 135, 134, 133, 132, 119, 120, 107, 106, 105, 118, 131, 130, 143, 156, 157, 144, 145, 146, 159, 160, 161, 162, 163, 164, 165, 152, 139, 140, 141, 142, 155, 168]
[00:00:01:13:230] ! Unidirectional s-t. expansions: 31,360, time: 73,228 [ms], path length: 92 [edges], generated: 47,235
[00:00:00:30:586] Expansion 10,000: state None, f=101, g=28
[00:00:00:55:817] Expansion 20,000: state None, f=99, g=45
[00:00:01:17:910] Expansion 30,000: state None, f=98, g=33
[00:00:01:41:060] Expansion 40,000: state None, f=97, g=38
[00:00:02:02:137] Expansion 50,000: state None, f=96, g=42
[00:00:02:26:888] Expansion 60,000: state None, f=95, g=60
[00:00:02:49:970] Expansion 70,000: state None, f=95, g=23
[00:00:03:08:145] Expansion 80,000: state None, f=94, g=43
[00:00:03:32:359] Expansion 90,000: state None, f=94, g=31
[00:00:03:50:425] Expansion 100,000: state None, f=93, g=45
[00:00:04:14:747] Path of length 92 found: [168, 155, 142, 141, 140, 139, 152, 165, 164, 163, 150, 137, 136, 135, 134, 133, 146, 159, 158, 157, 156, 143, 130, 131, 144, 145, 132, 119, 118, 105, 106, 107, 108, 109, 110, 111, 112, 113, 114, 115, 116, 103, 90, 89, 88, 87, 86, 85, 84, 83, 82, 81, 80, 79, 78, 65, 52, 39, 26, 27, 28, 41, 54, 55, 56, 57, 58, 59, 60, 61, 62, 63, 64, 51, 38, 25, 12, 11, 10, 9, 8, 7, 6, 19, 32, 31, 30, 17, 4, 3, 2, 1, 0]
[00:00:04:14:750] ! Unidirectional t-s. expansions: 108,294, time: 254,747 [ms], path length: 92 [edges], generated: 154,445
[00:00:00:21:172] Expansion 10,000: F [0, 1, 2, 3, 4, 17, 30, 31, 32, 19, 6, 7, 8, 9, 10, 11, 12, 25, 38, 51, 64, 63, 62, 61, 60, 59, 58, 57, 56, 55, 54, 41, 28, 27, 26, 39, 52], B [168, 155, 142, 141, 140, 139, 152, 165, 164, 163, 150, 137, 136, 135, 134, 133, 120, 119, 132, 145, 146, 159, 158, 157, 156, 143, 130, 131, 118, 105, 106, 107, 108, 109, 110, 111, 112], f=93, g=72
[00:00:00:31:962] Path of length 92 found: [0, 1, 2, 3, 4, 17, 30, 31, 32, 19, 6, 7, 8, 9, 10, 11, 12, 25, 38, 37, 36, 49, 62, 61, 60, 59, 58, 57, 56, 55, 54, 41, 28, 27, 26, 39, 52, 65, 78, 79, 80, 81, 82, 83, 84, 85, 86, 87, 88, 89, 90, 103, 116, 115, 114, 113, 112, 111, 110, 109, 108, 107, 106, 105, 118, 119, 132, 131, 130, 143, 156, 157, 144, 145, 158, 159, 146, 133, 134, 135, 136, 137, 150, 163, 164, 165, 152, 139, 140, 141, 142, 155, 168]
[00:00:00:31:977] ! Bidirectional. expansions: 15,320, time: 31,971 [ms], path length: 92 [edges], g_F: 46, g_B: 46, generated: {'F': 23,220, 'B': 25,127}, MM: 0, MMPER: -1.0%
[00:00:00:31:979] 
---------- mazes/13x13_maze_with_1_open_diamonds_1 ----------
[00:00:00:27:001] Expansion 10,000: state None, f=98, g=40
[00:00:01:12:967] Expansion 20,000: state None, f=95, g=36
[00:00:01:35:606] Expansion 30,000: state None, f=93, g=35
[00:00:01:58:250] Expansion 40,000: state None, f=92, g=23
[00:00:02:18:744] Expansion 50,000: state None, f=91, g=30
[00:00:02:22:081] Path of length 90 found: [0, 1, 2, 15, 28, 27, 26, 39, 52, 53, 54, 41, 42, 29, 16, 3, 4, 17, 30, 43, 56, 57, 58, 45, 32, 19, 6, 7, 8, 9, 10, 11, 12, 25, 38, 37, 36, 49, 62, 61, 74, 87, 88, 89, 90, 103, 116, 115, 114, 113, 112, 99, 86, 85, 84, 83, 82, 81, 80, 79, 92, 105, 106, 107, 108, 109, 122, 135, 134, 133, 132, 131, 130, 143, 156, 157, 158, 159, 160, 161, 162, 163, 164, 165, 152, 139, 140, 141, 142, 155, 168]
[00:00:02:22:086] ! Unidirectional s-t. expansions: 51,200, time: 142,082 [ms], path length: 90 [edges], generated: 69,643
[00:00:00:03:209] Path of length 90 found: [168, 155, 142, 141, 140, 139, 152, 165, 164, 163, 162, 161, 160, 159, 158, 157, 156, 143, 130, 131, 132, 133, 134, 135, 122, 109, 108, 107, 106, 105, 92, 79, 80, 81, 82, 83, 84, 85, 86, 99, 112, 113, 114, 115, 116, 103, 90, 89, 88, 87, 74, 61, 62, 63, 64, 51, 38, 25, 12, 11, 10, 9, 8, 7, 6, 19, 32, 45, 58, 57, 56, 43, 30, 17, 4, 3, 16, 29, 42, 55, 54, 53, 52, 39, 26, 27, 28, 15, 2, 1, 0]
[00:00:00:03:210] ! Unidirectional t-s. expansions: 1,607, time: 3,209 [ms], path length: 90 [edges], generated: 2,500
[00:00:00:19:728] Expansion 10,000: F [0, 1, 2, 3, 4, 17, 16, 15, 28, 41, 42, 43, 56, 55, 54, 53, 52, 65, 78, 79, 80, 81, 82, 83, 84], B [168, 155, 142, 141, 140, 139, 152, 165, 164, 163, 162, 161, 160, 159, 158, 157, 156, 143, 130, 131, 132, 133, 134, 135, 122], f=93, g=48
[00:00:00:49:518] Path of length 90 found: [0, 1, 2, 3, 4, 17, 16, 15, 28, 27, 26, 39, 52, 53, 54, 41, 42, 29, 30, 43, 56, 57, 58, 45, 32, 19, 6, 7, 8, 9, 10, 11, 12, 25, 38, 37, 36, 49, 62, 61, 74, 87, 88, 89, 90, 103, 116, 115, 114, 113, 112, 99, 86, 85, 84, 83, 82, 81, 80, 79, 92, 105, 106, 107, 108, 109, 122, 135, 134, 133, 132, 131, 130, 143, 156, 157, 158, 159, 160, 161, 162, 163, 164, 165, 152, 139, 140, 141, 142, 155, 168]
[00:00:00:49:519] ! Bidirectional. expansions: 16,230, time: 49,518 [ms], path length: 90 [edges], g_F: 45, g_B: 45, generated: {'F': 24,092, 'B': 18,658}, MM: 0, MMPER: -1.0%
[00:00:00:49:519] 
---------- mazes/13x13_maze_with_1_open_diamonds_2 ----------
[00:00:00:25:819] Expansion 10,000: state None, f=96, g=47
[00:00:00:47:835] Expansion 20,000: state None, f=94, g=34
[00:00:01:08:323] Path of length 92 found: [0, 1, 2, 3, 4, 17, 30, 43, 56, 55, 54, 41, 28, 27, 26, 39, 52, 65, 78, 79, 80, 81, 82, 83, 70, 57, 58, 45, 32, 19, 6, 7, 8, 9, 10, 11, 12, 25, 38, 37, 36, 49, 62, 61, 60, 59, 72, 71, 84, 85, 86, 87, 88, 89, 90, 103, 116, 115, 114, 113, 112, 99, 98, 111, 110, 97, 96, 109, 122, 135, 134, 133, 132, 131, 130, 143, 156, 157, 158, 159, 160, 161, 162, 163, 164, 165, 152, 139, 140, 141, 142, 155, 168]
[00:00:01:08:329] ! Unidirectional s-t. expansions: 29,438, time: 68,323 [ms], path length: 92 [edges], generated: 44,753
[00:00:00:23:972] Expansion 10,000: state None, f=96, g=49
[00:00:00:42:342] Expansion 20,000: state None, f=94, g=44
[00:00:00:53:224] Path of length 92 found: [168, 155, 142, 141, 140, 139, 152, 165, 164, 163, 162, 161, 160, 159, 158, 157, 156, 143, 130, 131, 132, 133, 134, 135, 122, 109, 110, 111, 112, 113, 114, 115, 116, 103, 90, 89, 88, 87, 86, 99, 98, 85, 72, 59, 60, 61, 62, 63, 64, 51, 38, 25, 12, 11, 10, 9, 8, 7, 6, 19, 32, 45, 58, 57, 70, 71, 84, 97, 96, 83, 82, 81, 80, 79, 78, 65, 52, 39, 26, 27, 28, 41, 54, 55, 56, 43, 30, 17, 4, 3, 2, 1, 0]
[00:00:00:53:228] ! Unidirectional t-s. expansions: 25,254, time: 53,224 [ms], path length: 92 [edges], generated: 36,149
[00:00:00:03:650] Path of length 92 found: [0, 1, 2, 3, 4, 17, 30, 31, 32, 19, 6, 7, 8, 9, 10, 11, 12, 25, 38, 37, 36, 49, 62, 61, 60, 59, 58, 71, 72, 85, 98, 99, 86, 87, 88, 89, 90, 103, 116, 115, 114, 113, 112, 111, 110, 97, 84, 83, 70, 57, 56, 55, 54, 41, 28, 27, 26, 39, 52, 65, 78, 79, 92, 105, 106, 107, 108, 109, 122, 135, 134, 133, 132, 131, 130, 143, 156, 157, 158, 159, 160, 161, 162, 163, 164, 165, 152, 139, 140, 141, 142, 155, 168]
[00:00:00:03:661] ! Bidirectional. expansions: 2,099, time: 3,656 [ms], path length: 92 [edges], g_F: 46, g_B: 46, generated: {'F': 3,540, 'B': 3,185}, MM: 0, MMPER: -1.0%
[00:00:00:03:663] 
---------- mazes/13x13_maze_with_1_open_diamonds_3 ----------
[00:00:00:29:512] Expansion 10,000: state None, f=92, g=56
[00:00:00:52:191] Expansion 20,000: state None, f=91, g=34
[00:00:00:53:521] Path of length 90 found: [0, 1, 2, 3, 4, 17, 30, 31, 32, 19, 6, 7, 8, 9, 10, 11, 12, 25, 38, 37, 36, 49, 62, 61, 60, 59, 58, 57, 56, 55, 54, 41, 28, 27, 26, 39, 52, 65, 78, 79, 80, 81, 82, 83, 84, 85, 86, 87, 88, 89, 90, 103, 116, 129, 142, 141, 140, 139, 126, 113, 114, 115, 102, 101, 100, 99, 98, 111, 110, 109, 122, 135, 134, 133, 132, 131, 130, 143, 156, 157, 158, 159, 160, 161, 162, 163, 164, 165, 166, 167, 168]
[00:00:00:53:526] ! Unidirectional s-t. expansions: 20,438, time: 53,524 [ms], path length: 90 [edges], generated: 31,641
[00:00:00:30:616] Expansion 10,000: state None, f=98, g=58
[00:00:00:53:740] Expansion 20,000: state None, f=95, g=59
[00:00:01:13:135] Expansion 30,000: state None, f=93, g=58
[00:00:01:32:775] Expansion 40,000: state None, f=92, g=39
[00:00:01:53:151] Path of length 90 found: [168, 167, 166, 165, 164, 163, 162, 161, 160, 159, 158, 157, 156, 143, 130, 131, 132, 133, 134, 135, 122, 109, 110, 111, 98, 85, 86, 99, 112, 113, 126, 139, 140, 141, 142, 129, 116, 115, 114, 101, 102, 103, 90, 89, 88, 87, 74, 61, 62, 63, 64, 51, 38, 25, 12, 11, 10, 9, 8, 7, 6, 19, 32, 45, 58, 71, 84, 83, 82, 81, 80, 79, 78, 65, 52, 39, 26, 27, 28, 41, 54, 55, 56, 43, 30, 17, 4, 3, 2, 1, 0]
[00:00:01:53:153] ! Unidirectional t-s. expansions: 49,827, time: 113,151 [ms], path length: 90 [edges], generated: 71,852
[00:00:00:33:288] Expansion 10,000: F [0, 1, 2, 3, 4, 17, 30, 31, 32, 19, 6, 7, 8, 9, 10, 11, 12, 25, 38, 51], B [168, 155, 142, 129, 116, 115, 102, 101, 100, 99, 86, 85, 98, 111, 112, 113, 126, 139, 152, 165], f=92, g=38
[00:00:00:42:774] Path of length 90 found: [0, 1, 2, 3, 4, 17, 30, 43, 56, 55, 54, 41, 28, 27, 26, 39, 52, 65, 78, 79, 80, 81, 82, 83, 84, 71, 58, 45, 32, 19, 6, 7, 8, 9, 10, 11, 12, 25, 38, 37, 36, 49, 62, 61, 74, 87, 88, 101, 114, 115, 102, 89, 90, 103, 116, 129, 142, 141, 140, 139, 126, 113, 112, 99, 86, 85, 98, 111, 110, 109, 122, 135, 134, 133, 132, 131, 130, 143, 156, 157, 158, 159, 160, 161, 162, 163, 164, 165, 166, 167, 168]
[00:00:00:42:782] ! Bidirectional. expansions: 14,236, time: 42,774 [ms], path length: 90 [edges], g_F: 45, g_B: 45, generated: {'F': 20,668, 'B': 21,092}, MM: 0, MMPER: -1.0%
[00:00:00:42:783] 
---------- mazes/13x13_maze_with_1_open_diamonds_4 ----------
[00:00:00:26:978] Expansion 10,000: state None, f=97, g=59
[00:00:00:49:033] Expansion 20,000: state None, f=95, g=25
[00:00:01:07:709] Expansion 30,000: state None, f=93, g=51
[00:00:01:16:259] Path of length 92 found: [0, 1, 2, 3, 4, 17, 30, 31, 32, 19, 6, 7, 8, 9, 10, 11, 12, 25, 38, 37, 36, 49, 62, 61, 60, 59, 58, 57, 56, 55, 54, 41, 28, 27, 26, 39, 52, 65, 78, 79, 80, 81, 82, 83, 84, 85, 86, 87, 88, 89, 90, 103, 116, 115, 114, 113, 112, 111, 110, 109, 108, 107, 106, 119, 132, 131, 130, 143, 156, 157, 158, 159, 160, 147, 134, 133, 120, 121, 122, 123, 136, 137, 150, 163, 164, 165, 152, 139, 140, 141, 142, 155, 168]
[00:00:01:16:262] ! Unidirectional s-t. expansions: 33,578, time: 76,259 [ms], path length: 92 [edges], generated: 51,823
[00:00:00:31:714] Expansion 10,000: state None, f=101, g=32
[00:00:00:56:623] Expansion 20,000: state None, f=99, g=33
[00:00:01:20:149] Expansion 30,000: state None, f=97, g=50
[00:00:01:41:732] Expansion 40,000: state None, f=96, g=45
[00:00:02:03:993] Expansion 50,000: state None, f=95, g=38
[00:00:02:21:189] Expansion 60,000: state None, f=94, g=63
[00:00:02:45:357] Expansion 70,000: state None, f=93, g=77
[00:00:03:07:945] Expansion 80,000: state None, f=93, g=34
[00:00:03:14:529] Path of length 92 found: [168, 167, 166, 165, 152, 139, 140, 141, 142, 129, 116, 103, 90, 89, 88, 87, 74, 61, 62, 63, 64, 51, 38, 25, 12, 11, 10, 9, 8, 7, 6, 19, 32, 45, 58, 71, 84, 85, 86, 99, 112, 111, 110, 123, 136, 137, 150, 163, 162, 161, 160, 159, 158, 157, 156, 143, 130, 131, 132, 119, 106, 107, 120, 133, 134, 135, 122, 109, 108, 95, 82, 81, 80, 79, 78, 65, 52, 39, 26, 27, 28, 41, 54, 55, 56, 43, 30, 17, 4, 3, 2, 1, 0]
[00:00:03:14:531] ! Unidirectional t-s. expansions: 82,439, time: 194,529 [ms], path length: 92 [edges], generated: 118,601
[00:00:00:19:473] Expansion 10,000: F [0, 1, 2, 3, 4, 17, 30, 31, 32, 19, 6, 7, 8, 9, 10, 11, 12, 25, 38, 37, 36, 49, 62, 61, 74, 87, 88, 89, 90, 103, 116, 115, 114], B [168, 155, 142, 141, 140, 139, 152, 165, 164, 163, 162, 161, 160, 159, 158, 157, 156, 143, 130, 131, 132, 133, 120, 107, 106, 105, 92, 79, 78, 65, 52, 39, 26], f=93, g=64
[00:00:00:25:942] Path of length 92 found: [0, 1, 2, 3, 4, 17, 30, 31, 32, 19, 6, 7, 8, 9, 10, 11, 12, 25, 38, 37, 36, 49, 62, 61, 60, 59, 58, 57, 56, 55, 54, 41, 28, 27, 26, 39, 52, 65, 78, 79, 92, 105, 106, 119, 120, 107, 108, 95, 82, 83, 84, 85, 86, 87, 88, 89, 90, 103, 116, 115, 114, 113, 112, 111, 110, 109, 122, 123, 136, 135, 134, 133, 132, 131, 130, 143, 156, 157, 158, 159, 160, 161, 162, 163, 164, 165, 152, 139, 140, 141, 142, 155, 168]
[00:00:00:25:949] ! Bidirectional. expansions: 13,058, time: 25,942 [ms], path length: 92 [edges], g_F: 46, g_B: 46, generated: {'F': 19,621, 'B': 20,663}, MM: 0, MMPER: -1.0%
[00:00:00:25:952] 
---------- mazes/13x13_maze_with_1_open_diamonds_5 ----------
[00:00:00:39:991] Expansion 10,000: state None, f=98, g=46
[00:00:01:02:135] Expansion 20,000: state None, f=95, g=60
[00:00:01:23:747] Expansion 30,000: state None, f=93, g=71
[00:00:01:40:221] Path of length 92 found: [0, 1, 2, 3, 4, 17, 30, 31, 32, 19, 6, 7, 8, 9, 10, 11, 12, 25, 38, 37, 36, 49, 62, 61, 60, 59, 58, 57, 56, 55, 54, 41, 28, 27, 26, 39, 52, 65, 78, 79, 80, 81, 82, 83, 84, 85, 86, 87, 88, 89, 90, 103, 116, 115, 114, 113, 112, 111, 110, 109, 108, 107, 106, 105, 118, 131, 130, 143, 156, 157, 158, 159, 146, 133, 132, 119, 120, 121, 122, 135, 136, 137, 150, 163, 164, 165, 152, 139, 140, 141, 142, 155, 168]
[00:00:01:40:224] ! Unidirectional s-t. expansions: 36,899, time: 100,221 [ms], path length: 92 [edges], generated: 55,900
[00:00:00:34:262] Expansion 10,000: state None, f=100, g=50
[00:00:00:58:588] Expansion 20,000: state None, f=98, g=49
[00:00:01:20:764] Expansion 30,000: state None, f=97, g=24
[00:00:01:45:054] Expansion 40,000: state None, f=96, g=31
[00:00:02:08:217] Expansion 50,000: state None, f=95, g=17
[00:00:02:25:752] Expansion 60,000: state None, f=94, g=42
[00:00:02:49:273] Expansion 70,000: state None, f=93, g=50
[00:00:03:07:412] Path of length 92 found: [168, 167, 166, 165, 152, 139, 140, 141, 142, 129, 116, 103, 90, 89, 88, 87, 74, 61, 62, 63, 64, 51, 38, 25, 12, 11, 10, 9, 8, 7, 6, 19, 32, 45, 58, 71, 84, 85, 86, 99, 112, 111, 110, 109, 122, 135, 136, 137, 150, 163, 162, 161, 160, 159, 158, 157, 156, 143, 130, 131, 118, 105, 106, 119, 132, 133, 134, 121, 108, 107, 94, 81, 80, 79, 78, 65, 52, 39, 26, 27, 28, 41, 54, 55, 56, 43, 30, 17, 4, 3, 2, 1, 0]
[00:00:03:07:414] ! Unidirectional t-s. expansions: 77,684, time: 187,412 [ms], path length: 92 [edges], generated: 112,634
[00:00:00:35:775] Expansion 10,000: F [0, 1, 2, 3, 4, 17, 30, 31, 32, 19, 6, 7, 8, 9, 10, 11, 12, 25, 38, 51, 64, 63, 62, 61, 74, 87, 86, 85, 84, 71, 58, 57, 56, 55], B [168, 167, 166, 165, 152, 139, 140, 141, 142, 129, 116, 115, 114, 113, 112, 111, 110, 109, 122, 135, 136, 137, 150, 163, 162, 161, 160, 159, 158, 157, 156, 143, 130, 131], f=93, g=66
[00:00:00:41:145] Path of length 92 found: [0, 1, 2, 3, 4, 17, 30, 43, 56, 55, 54, 41, 28, 27, 26, 39, 52, 65, 78, 79, 80, 81, 94, 107, 106, 105, 118, 119, 120, 133, 132, 131, 130, 143, 156, 157, 158, 159, 160, 161, 162, 163, 150, 137, 136, 135, 122, 121, 108, 109, 110, 111, 112, 99, 86, 85, 84, 71, 58, 45, 32, 19, 6, 7, 8, 9, 10, 11, 12, 25, 38, 51, 64, 63, 62, 61, 74, 87, 88, 89, 90, 103, 116, 129, 142, 141, 140, 139, 152, 165, 166, 167, 168]
[00:00:00:41:147] ! Bidirectional. expansions: 12,522, time: 41,145 [ms], path length: 92 [edges], g_F: 46, g_B: 46, generated: {'F': 19,462, 'B': 19,759}, MM: 0, MMPER: -1.0%
[00:00:00:41:148] 
---------- mazes/13x13_maze_with_1_open_diamonds_6 ----------
[00:00:00:25:264] Expansion 10,000: state None, f=95, g=31
[00:00:00:44:400] Path of length 92 found: [0, 1, 2, 3, 4, 17, 30, 43, 56, 55, 54, 41, 28, 27, 26, 39, 52, 65, 78, 79, 80, 81, 82, 83, 84, 71, 58, 45, 32, 19, 6, 7, 8, 9, 10, 11, 12, 25, 38, 51, 64, 63, 62, 49, 36, 35, 34, 47, 60, 59, 72, 85, 86, 73, 74, 87, 88, 89, 90, 103, 116, 115, 114, 113, 112, 111, 110, 109, 122, 135, 134, 133, 132, 131, 130, 143, 156, 157, 158, 159, 160, 161, 162, 163, 164, 165, 152, 139, 140, 141, 142, 155, 168]
[00:00:00:44:407] ! Unidirectional s-t. expansions: 19,096, time: 44,400 [ms], path length: 92 [edges], generated: 28,635
[00:00:00:16:761] Path of length 92 found: [168, 155, 142, 141, 140, 139, 152, 165, 164, 163, 162, 161, 160, 159, 158, 157, 156, 143, 130, 131, 132, 133, 134, 135, 122, 109, 110, 111, 112, 113, 114, 115, 116, 103, 90, 89, 88, 75, 74, 87, 86, 73, 60, 47, 34, 35, 36, 49, 62, 63, 64, 51, 38, 25, 12, 11, 10, 9, 8, 7, 6, 19, 32, 45, 58, 59, 72, 85, 84, 83, 82, 81, 80, 79, 78, 65, 52, 39, 26, 27, 28, 41, 54, 55, 56, 43, 30, 17, 4, 3, 2, 1, 0]
[00:00:00:16:764] ! Unidirectional t-s. expansions: 7,299, time: 16,763 [ms], path length: 92 [edges], generated: 10,743
[00:00:00:01:587] Path of length 92 found: [0, 1, 2, 3, 4, 17, 30, 31, 32, 19, 6, 7, 8, 9, 10, 11, 12, 25, 38, 51, 64, 63, 62, 49, 36, 35, 34, 47, 60, 61, 74, 75, 88, 89, 90, 103, 116, 115, 114, 113, 112, 99, 86, 73, 72, 85, 84, 71, 58, 57, 56, 55, 54, 41, 28, 27, 26, 39, 52, 65, 78, 79, 92, 105, 106, 107, 108, 109, 122, 135, 134, 133, 132, 131, 130, 143, 156, 157, 158, 159, 160, 161, 162, 163, 164, 165, 152, 139, 140, 141, 142, 155, 168]
[00:00:00:01:591] ! Bidirectional. expansions: 992, time: 1,587 [ms], path length: 92 [edges], g_F: 46, g_B: 46, generated: {'F': 1,638, 'B': 1,428}, MM: 0, MMPER: -1.0%
[00:00:00:01:592] 
---------- mazes/13x13_maze_with_1_open_diamonds_7 ----------
[00:00:00:26:278] Expansion 10,000: state None, f=97, g=44
[00:00:00:49:401] Expansion 20,000: state None, f=95, g=19
[00:00:00:50:786] Path of length 94 found: [0, 1, 2, 3, 4, 17, 30, 31, 32, 19, 6, 7, 8, 9, 10, 11, 12, 25, 38, 51, 64, 63, 62, 49, 36, 35, 34, 21, 20, 33, 46, 47, 60, 61, 74, 87, 88, 89, 90, 103, 116, 115, 114, 113, 112, 99, 86, 85, 84, 71, 58, 57, 56, 55, 54, 41, 28, 27, 26, 39, 52, 65, 78, 79, 92, 105, 106, 107, 108, 109, 122, 135, 134, 133, 132, 131, 130, 143, 156, 157, 158, 159, 160, 161, 162, 163, 164, 165, 152, 139, 140, 141, 142, 155, 168]
[00:00:00:50:788] ! Unidirectional s-t. expansions: 20,475, time: 50,786 [ms], path length: 94 [edges], generated: 28,904
[00:00:00:02:665] Path of length 94 found: [168, 155, 142, 141, 140, 139, 152, 165, 164, 163, 162, 161, 160, 159, 158, 157, 156, 143, 130, 131, 132, 133, 134, 135, 122, 109, 108, 107, 106, 105, 92, 79, 78, 65, 52, 39, 26, 27, 28, 41, 54, 55, 56, 57, 58, 71, 84, 85, 86, 99, 112, 113, 114, 115, 116, 103, 90, 89, 88, 87, 74, 61, 60, 59, 46, 47, 34, 35, 36, 49, 62, 63, 64, 51, 38, 25, 12, 11, 10, 9, 8, 21, 20, 7, 6, 19, 32, 31, 30, 17, 4, 3, 2, 1, 0]
[00:00:00:02:666] ! Unidirectional t-s. expansions: 1,663, time: 2,665 [ms], path length: 94 [edges], generated: 2,602
[00:00:00:03:796] Path of length 94 found: [0, 1, 2, 3, 4, 17, 30, 31, 32, 19, 6, 7, 20, 21, 8, 9, 10, 11, 12, 25, 38, 51, 64, 63, 62, 49, 36, 35, 34, 33, 46, 47, 60, 61, 74, 87, 88, 89, 90, 103, 116, 115, 114, 113, 112, 99, 86, 85, 84, 71, 58, 57, 56, 55, 54, 41, 28, 27, 26, 39, 52, 65, 78, 79, 92, 105, 106, 107, 108, 109, 122, 135, 134, 133, 132, 131, 130, 143, 156, 157, 158, 159, 160, 161, 162, 163, 164, 165, 152, 139, 140, 141, 142, 155, 168]
[00:00:00:03:798] ! Bidirectional. expansions: 2,032, time: 3,796 [ms], path length: 94 [edges], g_F: 47, g_B: 47, generated: {'F': 3,052, 'B': 2,472}, MM: 0, MMPER: -1.0%
[00:00:00:03:798] 
---------- mazes/13x13_maze_with_1_open_diamonds_8 ----------
[00:00:00:28:858] Expansion 10,000: state None, f=97, g=44
[00:00:00:51:476] Expansion 20,000: state None, f=95, g=19
[00:00:00:52:791] Path of length 94 found: [0, 1, 2, 3, 4, 17, 30, 31, 32, 19, 6, 7, 8, 9, 10, 11, 12, 25, 38, 51, 64, 63, 62, 49, 36, 35, 34, 21, 20, 33, 46, 47, 60, 61, 74, 87, 88, 89, 90, 103, 116, 115, 114, 113, 112, 99, 86, 85, 84, 71, 58, 57, 56, 55, 54, 41, 28, 27, 26, 39, 52, 65, 78, 79, 92, 105, 106, 107, 108, 109, 122, 135, 134, 133, 132, 131, 130, 143, 156, 157, 158, 159, 160, 161, 162, 163, 164, 165, 152, 139, 140, 141, 142, 155, 168]
[00:00:00:52:793] ! Unidirectional s-t. expansions: 20,475, time: 52,791 [ms], path length: 94 [edges], generated: 28,904
[00:00:00:02:650] Path of length 94 found: [168, 155, 142, 141, 140, 139, 152, 165, 164, 163, 162, 161, 160, 159, 158, 157, 156, 143, 130, 131, 132, 133, 134, 135, 122, 109, 108, 107, 106, 105, 92, 79, 78, 65, 52, 39, 26, 27, 28, 41, 54, 55, 56, 57, 58, 71, 84, 85, 86, 99, 112, 113, 114, 115, 116, 103, 90, 89, 88, 87, 74, 61, 60, 59, 46, 47, 34, 35, 36, 49, 62, 63, 64, 51, 38, 25, 12, 11, 10, 9, 8, 21, 20, 7, 6, 19, 32, 31, 30, 17, 4, 3, 2, 1, 0]
[00:00:00:02:651] ! Unidirectional t-s. expansions: 1,663, time: 2,650 [ms], path length: 94 [edges], generated: 2,602
[00:00:00:03:717] Path of length 94 found: [0, 1, 2, 3, 4, 17, 30, 31, 32, 19, 6, 7, 20, 21, 8, 9, 10, 11, 12, 25, 38, 51, 64, 63, 62, 49, 36, 35, 34, 33, 46, 47, 60, 61, 74, 87, 88, 89, 90, 103, 116, 115, 114, 113, 112, 99, 86, 85, 84, 71, 58, 57, 56, 55, 54, 41, 28, 27, 26, 39, 52, 65, 78, 79, 92, 105, 106, 107, 108, 109, 122, 135, 134, 133, 132, 131, 130, 143, 156, 157, 158, 159, 160, 161, 162, 163, 164, 165, 152, 139, 140, 141, 142, 155, 168]
[00:00:00:03:718] ! Bidirectional. expansions: 2,032, time: 3,717 [ms], path length: 94 [edges], g_F: 47, g_B: 47, generated: {'F': 3,052, 'B': 2,472}, MM: 0, MMPER: -1.0%
[00:00:00:03:718] 
---------- mazes/13x13_maze_with_1_open_diamonds_9 ----------
[00:00:00:28:228] Expansion 10,000: state None, f=96, g=74
[00:00:00:46:927] Expansion 20,000: state None, f=95, g=42
[00:00:01:01:887] Expansion 30,000: state None, f=94, g=57
[00:00:01:18:239] Expansion 40,000: state None, f=93, g=60
[00:00:01:32:957] Path of length 92 found: [0, 1, 2, 3, 4, 17, 30, 31, 32, 19, 6, 7, 8, 9, 10, 11, 12, 25, 38, 37, 36, 49, 62, 61, 74, 87, 88, 89, 90, 103, 116, 115, 114, 113, 126, 125, 112, 111, 98, 99, 86, 85, 84, 71, 58, 57, 56, 55, 54, 41, 28, 27, 26, 39, 52, 65, 78, 79, 92, 105, 106, 107, 108, 109, 110, 123, 124, 137, 136, 135, 134, 133, 132, 131, 130, 143, 156, 157, 158, 159, 160, 161, 162, 163, 164, 165, 152, 139, 140, 141, 142, 155, 168]
[00:00:01:32:959] ! Unidirectional s-t. expansions: 46,531, time: 92,957 [ms], path length: 92 [edges], generated: 70,258
[00:00:00:30:808] Expansion 10,000: state None, f=105, g=30
[00:00:00:52:320] Expansion 20,000: state None, f=103, g=54
[00:00:01:13:276] Expansion 30,000: state None, f=102, g=42
[00:00:01:35:019] Expansion 40,000: state None, f=101, g=48
[00:00:01:55:236] Expansion 50,000: state None, f=100, g=42
[00:00:02:17:314] Expansion 60,000: state None, f=99, g=56
[00:00:02:36:290] Expansion 70,000: state None, f=98, g=59
[00:00:02:58:770] Expansion 80,000: state None, f=98, g=36
[00:00:03:20:011] Expansion 90,000: state None, f=97, g=53
[00:00:03:36:757] Expansion 100,000: state None, f=96, g=57
[00:00:03:52:222] Expansion 110,000: state None, f=96, g=49
[00:00:04:15:490] Expansion 120,000: state None, f=95, g=69
[00:00:04:30:021] Expansion 130,000: state None, f=95, g=51
[00:00:04:47:750] Expansion 140,000: state None, f=94, g=75
[00:00:05:05:526] Expansion 150,000: state None, f=94, g=65
[00:00:05:20:519] Expansion 160,000: state None, f=94, g=60
[00:00:05:40:491] Expansion 170,000: state None, f=94, g=32
[00:00:05:56:332] Expansion 180,000: state None, f=93, g=63
[00:00:06:18:288] Expansion 190,000: state None, f=93, g=50
[00:00:06:37:653] Path of length 92 found: [168, 155, 142, 141, 140, 139, 152, 165, 164, 163, 162, 161, 160, 159, 158, 157, 156, 143, 130, 131, 132, 133, 134, 135, 122, 109, 110, 123, 136, 137, 138, 125, 124, 111, 98, 85, 86, 99, 112, 113, 114, 115, 116, 103, 90, 89, 88, 87, 74, 61, 62, 63, 64, 51, 38, 25, 12, 11, 10, 9, 8, 7, 6, 19, 32, 45, 58, 71, 84, 83, 82, 81, 80, 79, 78, 65, 52, 39, 26, 27, 28, 41, 54, 55, 56, 43, 30, 17, 4, 3, 2, 1, 0]
[00:00:06:37:655] ! Unidirectional t-s. expansions: 198,275, time: 397,653 [ms], path length: 92 [edges], generated: 276,295
[00:00:00:20:887] Expansion 10,000: F [0, 1, 2, 3, 4, 17, 30, 31, 32, 19, 6, 7, 8, 9, 10, 11, 12, 25, 38, 37, 36, 49, 62, 61, 74, 87, 86, 99, 98], B [168, 167, 166, 165, 164, 163, 162, 161, 160, 159, 158, 157, 156, 143, 130, 131, 132, 133, 134, 135, 122, 123, 136, 137, 138, 139, 140, 141, 142], f=96, g=56
[00:00:00:39:517] Expansion 20,000: F [0, 1, 2, 3, 4, 17, 30, 31, 32, 33, 34, 35, 36, 37, 38, 51, 64, 63, 62, 61, 60, 59, 58, 57, 56, 55, 54, 41], B [168, 155, 142, 141, 140, 139, 152, 165, 164, 163, 162, 161, 160, 159, 158, 157, 156, 143, 130, 131, 132, 133, 134, 135, 136, 123, 122, 109], f=94, g=54
[00:00:00:59:406] Path of length 92 found: [0, 1, 2, 3, 4, 17, 30, 31, 32, 19, 6, 7, 8, 9, 10, 11, 12, 25, 38, 37, 36, 49, 62, 61, 60, 59, 58, 57, 56, 55, 54, 41, 28, 27, 26, 39, 52, 65, 78, 79, 92, 105, 106, 107, 108, 109, 122, 123, 124, 111, 112, 99, 98, 85, 86, 87, 88, 89, 90, 103, 116, 115, 114, 113, 126, 125, 138, 137, 136, 135, 134, 133, 132, 131, 130, 143, 156, 157, 158, 159, 160, 161, 162, 163, 164, 165, 152, 139, 140, 141, 142, 155, 168]
[00:00:00:59:428] ! Bidirectional. expansions: 29,883, time: 59,422 [ms], path length: 92 [edges], g_F: 46, g_B: 46, generated: {'F': 48,164, 'B': 47,138}, MM: 0, MMPER: -1.0%
[00:00:00:59:438] average expansions: (30,949, 55,400, 10,840, 0)
[00:00:00:59:445] average time: (75,457, 122,600, 26,353, 0)
[00:00:00:59:451] XA*: 30,949 , 75,457 (expansions , time[ms])
[00:00:00:59:456] BiXA*: 10,840 , 26,353 (expansions , time[ms])

