------------------------------------
Thu 01 Oct 2026 13:13:40 IDT
SLURM_JOBID:		21945184
SLURM_JOB_NODELIST:	ise-cpu256-06
SLURM_SCRATCH_DIR:	/scratch/shubit/21945184
Allocated Resouces:	cpu - 2 / mem - 61440 MB / gpu - 
SLURM_GPU_INDEX:	
Running as shubit from shimony account with normal QOS
------------------------------------
Thu 01 Oct 2026 13:13:40 IDT

SLURM_JOBID:		 21945184
SLURM_JOB_NODELIST:	 ise-cpu256-06 

--------------------------
date: mazes
number_of_graphs: 10
graph_type: maze
size_of_graphs: [13, 13]
heuristic: bcc_heuristic
snake: False
run_uni: True
run_bi: True
run_multi: False
solution_vertices: []
algorithms: ['IDA']
lookahead: 4
bsd: False
cube_first_dims: 4
cube_buffer_dim: None
backward_sym_generation: False
sym_coil: False
prefix_set: None

---------- mazes/13x13_maze_with_1_open_diamonds_0 ----------
[00:00:04:12:620] Valid states checked so far: 200,000, Expansions: 22,046, Global best: 57
[00:00:08:06:062] Valid states checked so far: 400,000, Expansions: 43,944, Global best: 89
[00:00:08:34:855] Path of length 92 found: [0, 1, 2, 3, 4, 17, 30, 31, 32, 19, 6, 7, 8, 9, 10, 11, 12, 25, 38, 37, 36, 49, 62, 61, 60, 59, 58, 57, 56, 55, 54, 41, 28, 27, 26, 39, 52, 65, 78, 79, 80, 81, 82, 83, 84, 85, 86, 87, 88, 89, 90, 103, 116, 115, 114, 113, 112, 111, 110, 109, 108, 107, 106, 105, 118, 131, 130, 143, 156, 157, 158, 159, 146, 145, 132, 119, 120, 133, 134, 135, 136, 137, 150, 163, 164, 165, 152, 139, 140, 141, 142, 155, 168]
[00:00:08:34:855] ! Unidirectional s-t. expansions: 46,767, time: 514,855 [ms], path length: 92 [edges], generated: 423,657
[00:00:04:15:892] Valid states checked so far: 200,000, Expansions: 21,669, Global best: 61
[00:00:08:16:430] Valid states checked so far: 400,000, Expansions: 44,434, Global best: 61
[00:00:12:15:935] Valid states checked so far: 600,000, Expansions: 68,126, Global best: 61
[00:00:16:08:009] Valid states checked so far: 800,000, Expansions: 91,388, Global best: 61
[00:00:19:52:235] Valid states checked so far: 1,000,000, Expansions: 114,239, Global best: 61
[00:00:23:38:661] Valid states checked so far: 1,200,000, Expansions: 137,273, Global best: 61
[00:00:27:25:270] Valid states checked so far: 1,400,000, Expansions: 160,893, Global best: 61
[00:00:30:26:653] Path of length 92 found: [168, 155, 142, 141, 140, 139, 152, 165, 164, 163, 150, 137, 136, 135, 134, 133, 120, 119, 132, 145, 146, 159, 158, 157, 156, 143, 130, 131, 118, 105, 106, 107, 108, 109, 110, 111, 112, 113, 114, 115, 116, 103, 90, 89, 88, 87, 86, 85, 84, 83, 82, 81, 80, 79, 78, 65, 52, 39, 26, 27, 28, 41, 54, 55, 56, 57, 58, 59, 60, 61, 62, 63, 64, 51, 38, 25, 12, 11, 10, 9, 8, 7, 6, 19, 32, 31, 30, 17, 4, 3, 2, 1, 0]
[00:00:30:26:653] ! Unidirectional t-s. expansions: 180,107, time: 1,826,653 [ms], path length: 92 [edges], generated: 1,570,842
[00:00:04:17:349] Path of length 92 found: [0, 1, 2, 3, 4, 17, 30, 31, 32, 19, 6, 7, 8, 9, 10, 11, 12, 25, 38, 37, 36, 49, 62, 61, 60, 59, 58, 57, 56, 55, 54, 41, 28, 27, 26, 39, 52, 65, 78, 79, 80, 81, 82, 83, 84, 85, 86, 87, 88, 89, 90, 103, 116, 115, 114, 113, 112, 111, 110, 109, 108, 107, 106, 105, 118, 131, 130, 143, 156, 157, 158, 159, 146, 145, 132, 119, 120, 133, 134, 135, 136, 137, 150, 163, 164, 165, 152, 139, 140, 141, 142, 155, 168]
[00:00:04:17:349] ! Bidirectional. expansions: 28,356, time: 257,349 [ms], path length: 92 [edges], g_F: 46, g_B: 46, generated: 0, MM: 0, MMPER: -1.0%
[00:00:04:17:349] 
---------- mazes/13x13_maze_with_1_open_diamonds_1 ----------
[00:00:04:47:881] Valid states checked so far: 200,000, Expansions: 20,962, Global best: 49
[00:00:09:08:588] Valid states checked so far: 400,000, Expansions: 45,169, Global best: 61
[00:00:13:14:459] Valid states checked so far: 600,000, Expansions: 70,831, Global best: 61
[00:00:14:28:545] Path of length 90 found: [0, 1, 2, 15, 28, 27, 26, 39, 52, 53, 54, 41, 42, 29, 16, 3, 4, 17, 30, 43, 56, 57, 58, 45, 32, 19, 6, 7, 8, 9, 10, 11, 12, 25, 38, 37, 36, 49, 62, 61, 74, 87, 88, 89, 90, 103, 116, 115, 114, 113, 112, 99, 86, 85, 84, 83, 82, 81, 80, 79, 92, 105, 106, 107, 108, 109, 122, 135, 134, 133, 132, 131, 130, 143, 156, 157, 158, 159, 160, 161, 162, 163, 164, 165, 152, 139, 140, 141, 142, 155, 168]
[00:00:14:28:545] ! Unidirectional s-t. expansions: 78,620, time: 868,545 [ms], path length: 90 [edges], generated: 659,788
[00:00:00:18:936] Path of length 90 found: [168, 155, 142, 141, 140, 139, 152, 165, 164, 163, 162, 161, 160, 159, 158, 157, 156, 143, 130, 131, 132, 133, 134, 135, 122, 109, 108, 107, 106, 105, 92, 79, 80, 81, 82, 83, 84, 85, 86, 99, 112, 113, 114, 115, 116, 103, 90, 89, 88, 87, 74, 61, 62, 63, 64, 51, 38, 25, 12, 11, 10, 9, 8, 7, 6, 19, 32, 45, 58, 57, 56, 43, 30, 17, 4, 3, 2, 15, 16, 29, 28, 41, 42, 55, 54, 53, 52, 39, 26, 13, 0]
[00:00:00:18:936] ! Unidirectional t-s. expansions: 1,511, time: 18,936 [ms], path length: 90 [edges], generated: 18,233
[00:00:04:47:894] Path of length 90 found: [0, 13, 26, 39, 52, 53, 54, 41, 28, 15, 2, 3, 4, 17, 16, 29, 30, 43, 42, 55, 56, 57, 58, 45, 32, 19, 6, 7, 8, 9, 10, 11, 12, 25, 38, 37, 36, 49, 62, 61, 74, 87, 88, 89, 90, 103, 116, 115, 114, 113, 112, 99, 86, 85, 84, 83, 82, 81, 80, 79, 92, 105, 106, 107, 108, 109, 122, 135, 134, 133, 132, 131, 130, 143, 156, 157, 158, 159, 160, 161, 162, 163, 164, 165, 152, 139, 140, 141, 142, 155, 168]
[00:00:04:47:895] ! Bidirectional. expansions: 42,220, time: 287,894 [ms], path length: 90 [edges], g_F: 45, g_B: 45, generated: 0, MM: 0, MMPER: -1.0%
[00:00:04:47:895] 
---------- mazes/13x13_maze_with_1_open_diamonds_2 ----------
[00:00:03:57:407] Valid states checked so far: 200,000, Expansions: 18,554, Global best: 89
[00:00:05:36:689] Path of length 92 found: [0, 1, 2, 3, 4, 17, 30, 43, 56, 55, 54, 41, 28, 27, 26, 39, 52, 65, 78, 79, 80, 81, 82, 83, 70, 57, 58, 45, 32, 19, 6, 7, 8, 9, 10, 11, 12, 25, 38, 37, 36, 49, 62, 61, 60, 59, 72, 71, 84, 85, 98, 99, 86, 87, 88, 89, 90, 103, 116, 115, 114, 113, 112, 111, 110, 97, 96, 109, 122, 135, 134, 133, 132, 131, 130, 143, 156, 157, 158, 159, 160, 161, 162, 163, 164, 165, 152, 139, 140, 141, 142, 155, 168]
[00:00:05:36:690] ! Unidirectional s-t. expansions: 27,635, time: 336,689 [ms], path length: 92 [edges], generated: 288,410
[00:00:03:25:331] Valid states checked so far: 200,000, Expansions: 21,524, Global best: 81
[00:00:04:42:016] Path of length 92 found: [168, 155, 142, 141, 140, 139, 152, 165, 164, 163, 162, 161, 160, 159, 158, 157, 156, 143, 130, 131, 132, 133, 134, 135, 122, 109, 108, 107, 106, 105, 92, 79, 78, 65, 52, 39, 26, 27, 28, 41, 54, 55, 56, 57, 70, 83, 96, 97, 110, 111, 98, 99, 112, 113, 114, 115, 116, 103, 90, 89, 88, 87, 86, 85, 84, 71, 58, 59, 60, 61, 62, 63, 64, 51, 38, 25, 12, 11, 10, 9, 8, 7, 6, 19, 32, 31, 30, 17, 4, 3, 2, 1, 0]
[00:00:04:42:016] ! Unidirectional t-s. expansions: 30,793, time: 282,016 [ms], path length: 92 [edges], generated: 281,004
[00:00:00:24:003] Path of length 92 found: [0, 1, 2, 3, 4, 17, 30, 31, 32, 19, 6, 7, 8, 9, 10, 11, 12, 25, 38, 37, 36, 49, 62, 61, 60, 59, 58, 71, 72, 85, 98, 99, 86, 87, 88, 89, 90, 103, 116, 115, 114, 113, 112, 111, 110, 97, 84, 83, 70, 57, 56, 55, 54, 41, 28, 27, 26, 39, 52, 65, 78, 79, 92, 105, 106, 107, 108, 109, 122, 135, 134, 133, 132, 131, 130, 143, 156, 157, 158, 159, 160, 161, 162, 163, 164, 165, 152, 139, 140, 141, 142, 155, 168]
[00:00:00:24:003] ! Bidirectional. expansions: 2,981, time: 24,003 [ms], path length: 92 [edges], g_F: 46, g_B: 46, generated: 0, MM: 0, MMPER: -1.0%
[00:00:00:24:004] 
---------- mazes/13x13_maze_with_1_open_diamonds_3 ----------
[00:00:03:39:470] Path of length 90 found: [0, 1, 2, 3, 4, 17, 30, 43, 56, 55, 54, 41, 28, 27, 26, 39, 52, 65, 78, 79, 80, 81, 82, 83, 84, 71, 58, 45, 32, 19, 6, 7, 8, 9, 10, 11, 12, 25, 38, 37, 36, 49, 62, 61, 74, 87, 86, 85, 98, 99, 100, 101, 88, 89, 90, 103, 102, 115, 116, 129, 142, 141, 140, 139, 126, 113, 112, 111, 110, 109, 122, 135, 134, 133, 132, 131, 130, 143, 156, 157, 158, 159, 160, 161, 162, 163, 164, 165, 166, 167, 168]
[00:00:03:39:471] ! Unidirectional s-t. expansions: 18,896, time: 219,470 [ms], path length: 90 [edges], generated: 198,803
[00:00:04:14:433] Valid states checked so far: 200,000, Expansions: 23,241, Global best: 59
[00:00:07:55:280] Valid states checked so far: 400,000, Expansions: 46,237, Global best: 59
[00:00:11:25:004] Valid states checked so far: 600,000, Expansions: 69,335, Global best: 79
[00:00:13:46:946] Path of length 90 found: [168, 167, 166, 165, 164, 163, 162, 161, 160, 159, 158, 157, 156, 143, 130, 131, 132, 133, 134, 135, 122, 109, 108, 107, 106, 105, 92, 79, 78, 65, 52, 39, 26, 27, 28, 41, 54, 55, 56, 57, 58, 71, 84, 85, 98, 111, 112, 113, 126, 139, 140, 141, 142, 129, 116, 103, 90, 89, 102, 115, 114, 101, 100, 99, 86, 87, 74, 61, 62, 63, 64, 51, 38, 25, 12, 11, 10, 9, 8, 7, 6, 19, 32, 31, 30, 17, 4, 3, 2, 1, 0]
[00:00:13:46:947] ! Unidirectional t-s. expansions: 85,050, time: 826,947 [ms], path length: 90 [edges], generated: 738,643
[00:00:04:35:100] Path of length 90 found: [0, 1, 2, 3, 4, 17, 30, 43, 56, 55, 54, 41, 28, 27, 26, 39, 52, 65, 78, 79, 80, 81, 82, 83, 84, 71, 58, 45, 32, 19, 6, 7, 8, 9, 10, 11, 12, 25, 38, 37, 36, 49, 62, 61, 74, 87, 88, 101, 114, 115, 102, 89, 90, 103, 116, 129, 142, 141, 140, 139, 126, 113, 112, 99, 86, 85, 98, 111, 110, 109, 122, 135, 134, 133, 132, 131, 130, 143, 156, 157, 158, 159, 160, 161, 162, 163, 164, 165, 166, 167, 168]
[00:00:04:35:101] ! Bidirectional. expansions: 29,840, time: 275,101 [ms], path length: 90 [edges], g_F: 45, g_B: 45, generated: 0, MM: 0, MMPER: -1.0%
[00:00:04:35:101] 
---------- mazes/13x13_maze_with_1_open_diamonds_4 ----------
[00:00:04:25:856] Valid states checked so far: 200,000, Expansions: 18,499, Global best: 65
[00:00:08:22:584] Valid states checked so far: 400,000, Expansions: 38,109, Global best: 89
[00:00:09:55:708] Path of length 92 found: [0, 1, 2, 3, 4, 17, 30, 43, 56, 55, 54, 41, 28, 27, 26, 39, 52, 65, 78, 79, 80, 81, 82, 95, 108, 107, 106, 119, 132, 131, 130, 143, 156, 157, 158, 159, 160, 161, 162, 163, 150, 137, 136, 135, 134, 133, 120, 121, 122, 109, 110, 111, 112, 99, 86, 85, 84, 71, 58, 45, 32, 19, 6, 7, 8, 9, 10, 11, 12, 25, 38, 37, 36, 49, 62, 61, 74, 87, 88, 89, 90, 103, 116, 129, 142, 141, 140, 139, 152, 165, 166, 167, 168]
[00:00:09:55:708] ! Unidirectional s-t. expansions: 45,749, time: 595,708 [ms], path length: 92 [edges], generated: 479,549
[00:00:04:32:500] Valid states checked so far: 200,000, Expansions: 21,396, Global best: 61
[00:00:09:00:929] Valid states checked so far: 400,000, Expansions: 43,480, Global best: 61
[00:00:13:42:058] Valid states checked so far: 600,000, Expansions: 65,736, Global best: 61
[00:00:18:17:882] Valid states checked so far: 800,000, Expansions: 87,928, Global best: 81
[00:00:22:49:282] Valid states checked so far: 1,000,000, Expansions: 110,218, Global best: 81
[00:00:27:15:562] Path of length 92 found: [168, 167, 166, 165, 152, 139, 140, 141, 142, 129, 116, 103, 90, 89, 88, 87, 74, 61, 62, 63, 64, 51, 38, 25, 12, 11, 10, 9, 8, 7, 6, 19, 32, 45, 58, 71, 84, 85, 86, 99, 112, 111, 110, 109, 122, 121, 120, 133, 134, 135, 136, 137, 150, 163, 162, 161, 160, 159, 158, 157, 156, 143, 130, 131, 132, 119, 106, 107, 108, 95, 82, 81, 80, 79, 78, 65, 52, 39, 26, 27, 28, 41, 54, 55, 56, 43, 30, 17, 4, 3, 2, 1, 0]
[00:00:27:15:562] ! Unidirectional t-s. expansions: 131,652, time: 1,635,562 [ms], path length: 92 [edges], generated: 1,191,420
[00:00:03:45:848] Path of length 92 found: [0, 1, 2, 3, 4, 17, 30, 43, 56, 55, 54, 41, 28, 27, 26, 39, 52, 65, 78, 79, 80, 81, 82, 95, 108, 107, 106, 119, 120, 133, 132, 131, 130, 143, 156, 157, 158, 159, 160, 161, 162, 163, 150, 137, 136, 135, 134, 121, 122, 109, 110, 111, 112, 99, 86, 85, 84, 71, 58, 45, 32, 19, 6, 7, 8, 9, 10, 11, 12, 25, 38, 51, 64, 63, 62, 61, 74, 87, 88, 89, 90, 103, 116, 129, 142, 141, 140, 139, 152, 165, 166, 167, 168]
[00:00:03:45:848] ! Bidirectional. expansions: 21,070, time: 225,848 [ms], path length: 92 [edges], g_F: 46, g_B: 46, generated: 0, MM: 0, MMPER: -1.0%
[00:00:03:45:848] 
---------- mazes/13x13_maze_with_1_open_diamonds_5 ----------
[00:00:05:10:387] Valid states checked so far: 200,000, Expansions: 20,234, Global best: 73
[00:00:09:34:431] Valid states checked so far: 400,000, Expansions: 41,348, Global best: 89
[00:00:11:30:812] Path of length 92 found: [0, 1, 2, 3, 4, 17, 30, 43, 56, 55, 54, 41, 28, 27, 26, 39, 52, 65, 78, 79, 80, 81, 94, 107, 106, 105, 118, 131, 130, 143, 156, 157, 158, 159, 160, 161, 162, 163, 150, 137, 136, 135, 134, 133, 132, 119, 120, 121, 108, 109, 110, 111, 112, 99, 86, 85, 84, 71, 58, 45, 32, 19, 6, 7, 8, 9, 10, 11, 12, 25, 38, 37, 36, 49, 62, 61, 74, 87, 88, 89, 90, 103, 116, 129, 142, 141, 140, 139, 152, 165, 166, 167, 168]
[00:00:11:30:812] ! Unidirectional s-t. expansions: 51,725, time: 690,812 [ms], path length: 92 [edges], generated: 498,004
[00:00:04:36:838] Valid states checked so far: 200,000, Expansions: 21,695, Global best: 61
[00:00:08:52:997] Valid states checked so far: 400,000, Expansions: 44,363, Global best: 61
[00:00:13:02:403] Valid states checked so far: 600,000, Expansions: 67,234, Global best: 61
[00:00:17:05:758] Valid states checked so far: 800,000, Expansions: 89,836, Global best: 81
[00:00:20:48:445] Valid states checked so far: 1,000,000, Expansions: 112,337, Global best: 81
[00:00:22:00:592] Path of length 92 found: [168, 167, 166, 165, 152, 139, 140, 141, 142, 129, 116, 103, 90, 89, 88, 87, 74, 61, 62, 63, 64, 51, 38, 25, 12, 11, 10, 9, 8, 7, 6, 19, 32, 45, 58, 71, 84, 85, 86, 99, 112, 111, 110, 109, 108, 121, 120, 119, 132, 133, 134, 135, 136, 137, 150, 163, 162, 161, 160, 159, 158, 157, 156, 143, 130, 131, 118, 105, 106, 107, 94, 81, 80, 79, 78, 65, 52, 39, 26, 27, 28, 41, 54, 55, 56, 43, 30, 17, 4, 3, 2, 1, 0]
[00:00:22:00:593] ! Unidirectional t-s. expansions: 118,971, time: 1,320,593 [ms], path length: 92 [edges], generated: 1,058,963
[00:00:02:52:782] Path of length 92 found: [0, 1, 2, 3, 4, 17, 30, 43, 56, 55, 54, 41, 28, 27, 26, 39, 52, 65, 78, 79, 80, 81, 94, 107, 106, 105, 118, 119, 120, 133, 132, 131, 130, 143, 156, 157, 158, 159, 160, 161, 162, 163, 150, 137, 136, 135, 122, 121, 108, 109, 110, 111, 112, 99, 86, 85, 84, 71, 58, 45, 32, 19, 6, 7, 8, 9, 10, 11, 12, 25, 38, 51, 64, 63, 62, 61, 74, 87, 88, 89, 90, 103, 116, 129, 142, 141, 140, 139, 152, 165, 166, 167, 168]
[00:00:02:52:783] ! Bidirectional. expansions: 19,726, time: 172,783 [ms], path length: 92 [edges], g_F: 46, g_B: 46, generated: 0, MM: 0, MMPER: -1.0%
[00:00:02:52:783] 
---------- mazes/13x13_maze_with_1_open_diamonds_6 ----------
[00:00:04:08:935] Path of length 92 found: [0, 1, 2, 3, 4, 17, 30, 43, 56, 55, 54, 41, 28, 27, 26, 39, 52, 65, 78, 79, 80, 81, 82, 83, 84, 71, 58, 45, 32, 19, 6, 7, 8, 9, 10, 11, 12, 25, 38, 51, 64, 63, 62, 49, 36, 35, 34, 47, 60, 59, 72, 85, 86, 73, 74, 87, 88, 89, 90, 103, 116, 115, 114, 113, 112, 111, 110, 109, 122, 135, 134, 133, 132, 131, 130, 143, 156, 157, 158, 159, 160, 161, 162, 163, 164, 165, 152, 139, 140, 141, 142, 155, 168]
[00:00:04:08:935] ! Unidirectional s-t. expansions: 19,051, time: 248,935 [ms], path length: 92 [edges], generated: 198,858
[00:00:01:23:085] Path of length 92 found: [168, 155, 142, 141, 140, 139, 152, 165, 164, 163, 162, 161, 160, 159, 158, 157, 156, 143, 130, 131, 132, 133, 134, 135, 122, 109, 108, 107, 106, 105, 92, 79, 78, 65, 52, 39, 26, 27, 28, 41, 54, 55, 56, 57, 58, 71, 84, 85, 72, 73, 86, 99, 112, 113, 114, 115, 116, 103, 90, 89, 88, 75, 74, 61, 60, 47, 34, 35, 36, 49, 62, 63, 64, 51, 38, 25, 12, 11, 10, 9, 8, 7, 6, 19, 32, 31, 30, 17, 4, 3, 2, 1, 0]
[00:00:01:23:085] ! Unidirectional t-s. expansions: 7,842, time: 83,085 [ms], path length: 92 [edges], generated: 80,725
[00:00:00:10:922] Path of length 92 found: [0, 1, 2, 3, 4, 17, 30, 31, 32, 19, 6, 7, 8, 9, 10, 11, 12, 25, 38, 51, 64, 63, 62, 49, 36, 35, 34, 47, 60, 61, 74, 75, 88, 89, 90, 103, 116, 115, 114, 113, 112, 99, 86, 73, 72, 85, 84, 71, 58, 57, 56, 55, 54, 41, 28, 27, 26, 39, 52, 65, 78, 79, 92, 105, 106, 107, 108, 109, 122, 135, 134, 133, 132, 131, 130, 143, 156, 157, 158, 159, 160, 161, 162, 163, 164, 165, 152, 139, 140, 141, 142, 155, 168]
[00:00:00:10:923] ! Bidirectional. expansions: 1,421, time: 10,922 [ms], path length: 92 [edges], g_F: 46, g_B: 46, generated: 0, MM: 0, MMPER: -1.0%
[00:00:00:10:923] 
---------- mazes/13x13_maze_with_1_open_diamonds_7 ----------
[00:00:04:34:900] Valid states checked so far: 200,000, Expansions: 22,462, Global best: 65
[00:00:05:14:055] Path of length 94 found: [0, 1, 2, 3, 4, 17, 30, 31, 32, 19, 6, 7, 20, 21, 8, 9, 10, 11, 12, 25, 38, 51, 64, 63, 62, 49, 36, 35, 34, 33, 46, 47, 60, 61, 74, 87, 88, 89, 90, 103, 116, 115, 114, 113, 112, 99, 86, 85, 84, 71, 58, 57, 56, 55, 54, 41, 28, 27, 26, 39, 52, 65, 78, 79, 92, 105, 106, 107, 108, 109, 122, 135, 134, 133, 132, 131, 130, 143, 156, 157, 158, 159, 160, 161, 162, 163, 164, 165, 152, 139, 140, 141, 142, 155, 168]
[00:00:05:14:056] ! Unidirectional s-t. expansions: 25,952, time: 314,056 [ms], path length: 94 [edges], generated: 230,070
[00:00:00:17:634] Path of length 94 found: [168, 155, 142, 141, 140, 139, 152, 165, 164, 163, 162, 161, 160, 159, 158, 157, 156, 143, 130, 131, 132, 133, 134, 135, 122, 109, 108, 107, 106, 105, 92, 79, 78, 65, 52, 39, 26, 27, 28, 41, 54, 55, 56, 57, 58, 71, 84, 85, 86, 99, 112, 113, 114, 115, 116, 103, 90, 89, 88, 87, 74, 61, 60, 59, 46, 47, 34, 35, 36, 49, 62, 63, 64, 51, 38, 25, 12, 11, 10, 9, 8, 7, 6, 19, 20, 33, 32, 31, 30, 17, 4, 3, 2, 1, 0]
[00:00:00:17:634] ! Unidirectional t-s. expansions: 1,730, time: 17,634 [ms], path length: 94 [edges], generated: 20,203
[00:00:00:30:009] Path of length 94 found: [0, 1, 2, 3, 4, 17, 30, 31, 32, 19, 6, 7, 20, 21, 8, 9, 10, 11, 12, 25, 38, 51, 64, 63, 62, 49, 36, 35, 34, 33, 46, 47, 60, 61, 74, 87, 88, 89, 90, 103, 116, 115, 114, 113, 112, 99, 86, 85, 84, 71, 58, 57, 56, 55, 54, 41, 28, 27, 26, 39, 52, 65, 78, 79, 92, 105, 106, 107, 108, 109, 122, 135, 134, 133, 132, 131, 130, 143, 156, 157, 158, 159, 160, 161, 162, 163, 164, 165, 152, 139, 140, 141, 142, 155, 168]
[00:00:00:30:010] ! Bidirectional. expansions: 4,253, time: 30,009 [ms], path length: 94 [edges], g_F: 47, g_B: 47, generated: 0, MM: 0, MMPER: -1.0%
[00:00:00:30:010] 
---------- mazes/13x13_maze_with_1_open_diamonds_8 ----------
[00:00:04:30:770] Valid states checked so far: 200,000, Expansions: 20,803, Global best: 65
[00:00:08:57:034] Valid states checked so far: 400,000, Expansions: 42,287, Global best: 65
[00:00:11:35:148] Path of length 94 found: [0, 1, 2, 3, 4, 17, 30, 43, 56, 55, 54, 41, 28, 27, 26, 39, 52, 65, 78, 79, 80, 81, 82, 83, 84, 85, 86, 87, 74, 61, 48, 35, 34, 47, 60, 59, 58, 45, 32, 19, 6, 7, 8, 9, 10, 11, 12, 25, 38, 37, 36, 49, 50, 51, 64, 63, 62, 75, 88, 89, 90, 103, 116, 115, 114, 113, 112, 111, 110, 109, 122, 135, 134, 133, 132, 131, 130, 143, 156, 157, 158, 159, 160, 161, 162, 163, 164, 165, 152, 139, 140, 141, 142, 155, 168]
[00:00:11:35:149] ! Unidirectional s-t. expansions: 56,078, time: 695,149 [ms], path length: 94 [edges], generated: 522,299
[00:00:01:41:792] Path of length 94 found: [168, 155, 142, 141, 140, 139, 152, 165, 164, 163, 162, 161, 160, 159, 158, 157, 156, 143, 130, 131, 132, 133, 134, 135, 122, 109, 108, 107, 106, 105, 92, 79, 78, 65, 52, 39, 26, 27, 28, 41, 54, 55, 56, 57, 58, 71, 84, 85, 86, 99, 112, 113, 114, 115, 116, 103, 90, 89, 88, 87, 74, 75, 62, 49, 48, 61, 60, 47, 34, 35, 36, 37, 50, 63, 64, 51, 38, 25, 12, 11, 10, 9, 8, 7, 6, 19, 32, 31, 30, 17, 4, 3, 2, 1, 0]
[00:00:01:41:792] ! Unidirectional t-s. expansions: 10,208, time: 101,792 [ms], path length: 94 [edges], generated: 106,849
[00:00:00:29:051] Path of length 94 found: [0, 1, 2, 3, 4, 17, 30, 43, 56, 55, 54, 41, 28, 27, 26, 39, 52, 65, 78, 79, 80, 81, 82, 83, 84, 85, 86, 87, 74, 61, 48, 35, 34, 47, 60, 59, 58, 45, 32, 19, 6, 7, 8, 9, 10, 11, 12, 25, 38, 51, 64, 63, 50, 37, 36, 49, 62, 75, 88, 89, 90, 103, 116, 115, 114, 113, 112, 111, 110, 109, 122, 135, 134, 133, 132, 131, 130, 143, 156, 157, 158, 159, 160, 161, 162, 163, 164, 165, 152, 139, 140, 141, 142, 155, 168]
[00:00:00:29:052] ! Bidirectional. expansions: 3,197, time: 29,051 [ms], path length: 94 [edges], g_F: 47, g_B: 47, generated: 0, MM: 0, MMPER: -1.0%
[00:00:00:29:052] 
---------- mazes/13x13_maze_with_1_open_diamonds_9 ----------
[00:00:04:07:169] Valid states checked so far: 200,000, Expansions: 16,145, Global best: 85
[00:00:07:50:196] Valid states checked so far: 400,000, Expansions: 35,546, Global best: 89
[00:00:09:11:993] Path of length 92 found: [0, 1, 2, 3, 4, 17, 30, 43, 56, 55, 54, 41, 28, 27, 26, 39, 52, 65, 78, 79, 92, 105, 106, 107, 108, 109, 122, 135, 134, 133, 132, 131, 130, 143, 156, 157, 158, 159, 160, 161, 162, 163, 150, 137, 136, 123, 110, 111, 124, 125, 126, 113, 112, 99, 86, 85, 84, 71, 58, 45, 32, 19, 6, 7, 8, 9, 10, 11, 12, 25, 38, 37, 36, 49, 62, 61, 74, 87, 88, 89, 90, 103, 116, 129, 142, 141, 140, 139, 152, 165, 166, 167, 168]
[00:00:09:11:994] ! Unidirectional s-t. expansions: 41,921, time: 551,993 [ms], path length: 92 [edges], generated: 469,481
[00:00:04:53:849] Valid states checked so far: 200,000, Expansions: 22,999, Global best: 61
[00:00:09:21:973] Valid states checked so far: 400,000, Expansions: 47,953, Global best: 61
[00:00:13:43:027] Valid states checked so far: 600,000, Expansions: 72,870, Global best: 61
[00:00:17:57:798] Valid states checked so far: 800,000, Expansions: 97,311, Global best: 61
[00:00:22:11:496] Valid states checked so far: 1,000,000, Expansions: 121,641, Global best: 61
[00:00:26:20:476] Valid states checked so far: 1,200,000, Expansions: 145,777, Global best: 61
[00:00:30:18:812] Valid states checked so far: 1,400,000, Expansions: 169,664, Global best: 61
[00:00:34:22:445] Valid states checked so far: 1,600,000, Expansions: 194,131, Global best: 61
[00:00:38:13:499] Valid states checked so far: 1,800,000, Expansions: 217,691, Global best: 61
[00:00:41:52:165] Valid states checked so far: 2,000,000, Expansions: 241,919, Global best: 81
[00:00:45:18:583] Valid states checked so far: 2,200,000, Expansions: 265,746, Global best: 81
[00:00:48:51:448] Valid states checked so far: 2,400,000, Expansions: 290,033, Global best: 81
[00:00:52:29:923] Valid states checked so far: 2,600,000, Expansions: 313,579, Global best: 81
[00:00:55:53:636] Valid states checked so far: 2,800,000, Expansions: 337,319, Global best: 81
[00:00:59:27:527] Valid states checked so far: 3,000,000, Expansions: 361,309, Global best: 81
[00:01:00:48:795] Path of length 92 found: [168, 167, 166, 165, 152, 139, 140, 141, 142, 129, 116, 103, 90, 89, 88, 87, 74, 61, 62, 63, 64, 51, 38, 25, 12, 11, 10, 9, 8, 7, 6, 19, 32, 45, 58, 71, 84, 85, 86, 99, 98, 111, 112, 113, 126, 125, 124, 137, 150, 163, 162, 161, 160, 159, 158, 157, 156, 143, 130, 131, 132, 133, 134, 135, 136, 123, 110, 109, 108, 107, 106, 105, 92, 79, 78, 65, 52, 39, 26, 27, 28, 41, 54, 55, 56, 43, 30, 17, 4, 3, 2, 1, 0]
[00:01:00:48:795] ! Unidirectional t-s. expansions: 369,412, time: 3,648,795 [ms], path length: 92 [edges], generated: 3,071,825
[00:00:07:50:488] Path of length 92 found: [0, 1, 2, 3, 4, 17, 30, 43, 56, 55, 54, 41, 28, 27, 26, 39, 52, 65, 78, 79, 92, 105, 106, 107, 108, 109, 122, 123, 136, 135, 134, 133, 132, 131, 130, 143, 156, 157, 158, 159, 160, 161, 162, 163, 150, 137, 124, 125, 126, 113, 112, 111, 98, 99, 86, 85, 84, 71, 58, 45, 32, 19, 6, 7, 8, 9, 10, 11, 12, 25, 38, 51, 64, 63, 62, 61, 74, 87, 88, 89, 90, 103, 116, 129, 142, 141, 140, 139, 152, 165, 166, 167, 168]
[00:00:07:50:489] ! Bidirectional. expansions: 54,257, time: 470,488 [ms], path length: 92 [edges], g_F: 46, g_B: 46, generated: 0, MM: 0, MMPER: -1.0%

[00:00:07:50:489] average expansions: (41,239, 93,728, 20,732, 0)
[00:00:07:50:489] average time: (503,621, 976,201, 178,345, 0)
[00:00:07:50:489] XIDA: 41,239 , 503,621 (expansions , time[ms])
[00:00:07:50:489] BiXIDA: 20,732 , 178,345 (expansions , time[ms])

