------------------------------------
Thu 01 Oct 2026 13:13:40 IDT
SLURM_JOBID:		21945182
SLURM_JOB_NODELIST:	ise-cpu256-08
SLURM_SCRATCH_DIR:	/scratch/shubit/21945182
Allocated Resouces:	cpu - 2 / mem - 61440 MB / gpu - 
SLURM_GPU_INDEX:	
Running as shubit from shimony account with normal QOS
------------------------------------
Thu 01 Oct 2026 13:13:40 IDT

SLURM_JOBID:		 21945182
SLURM_JOB_NODELIST:	 ise-cpu256-08 

--------------------------
date: mazes
number_of_graphs: 10
graph_type: maze
size_of_graphs: [13, 13]
heuristic: bcc_heuristic
snake: False
run_uni: True
run_bi: True
run_multi: False
solution_vertices: []
algorithms: ['IDA']
lookahead: 2
bsd: False
cube_first_dims: 4
cube_buffer_dim: None
backward_sym_generation: False
sym_coil: False
prefix_set: None

---------- mazes/13x13_maze_with_1_open_diamonds_0 ----------
[00:00:06:37:232] Valid states checked so far: 200,000, Expansions: 60,051, Global best: 0
[00:00:10:14:206] Path of length 92 found: [0, 1, 2, 3, 4, 17, 30, 31, 32, 19, 6, 7, 8, 9, 10, 11, 12, 25, 38, 37, 36, 49, 62, 61, 60, 59, 58, 57, 56, 55, 54, 41, 28, 27, 26, 39, 52, 65, 78, 79, 80, 81, 82, 83, 84, 85, 86, 87, 88, 89, 90, 103, 116, 115, 114, 113, 112, 111, 110, 109, 108, 107, 106, 105, 118, 131, 130, 143, 156, 157, 158, 159, 146, 145, 132, 119, 120, 133, 134, 135, 136, 137, 150, 163, 164, 165, 152, 139, 140, 141, 142, 155, 168]
[00:00:10:14:206] ! Unidirectional s-t. expansions: 93,935, time: 614,206 [ms], path length: 92 [edges], generated: 314,984
[00:00:06:42:967] Valid states checked so far: 200,000, Expansions: 59,945, Global best: 61
[00:00:13:06:395] Valid states checked so far: 400,000, Expansions: 121,676, Global best: 61
[00:00:19:20:576] Valid states checked so far: 600,000, Expansions: 183,589, Global best: 61
[00:00:25:28:375] Valid states checked so far: 800,000, Expansions: 245,218, Global best: 61
[00:00:31:29:565] Valid states checked so far: 1,000,000, Expansions: 305,809, Global best: 61
[00:00:37:06:753] Valid states checked so far: 1,200,000, Expansions: 365,970, Global best: 61
[00:00:39:19:283] Path of length 92 found: [168, 155, 142, 141, 140, 139, 152, 165, 164, 163, 150, 137, 136, 135, 134, 133, 120, 119, 132, 145, 146, 159, 158, 157, 156, 143, 130, 131, 118, 105, 106, 107, 108, 109, 110, 111, 112, 113, 114, 115, 116, 103, 90, 89, 88, 87, 86, 85, 84, 83, 82, 81, 80, 79, 78, 65, 52, 39, 26, 27, 28, 41, 54, 55, 56, 57, 58, 59, 60, 61, 62, 63, 64, 51, 38, 25, 12, 11, 10, 9, 8, 7, 6, 19, 32, 31, 30, 17, 4, 3, 2, 1, 0]
[00:00:39:19:283] ! Unidirectional t-s. expansions: 388,116, time: 2,359,283 [ms], path length: 92 [edges], generated: 1,270,400
[00:00:05:06:840] Path of length 92 found: [0, 1, 2, 3, 4, 17, 30, 31, 32, 19, 6, 7, 8, 9, 10, 11, 12, 25, 38, 37, 36, 49, 62, 61, 60, 59, 58, 57, 56, 55, 54, 41, 28, 27, 26, 39, 52, 65, 78, 79, 80, 81, 82, 83, 84, 85, 86, 87, 88, 89, 90, 103, 116, 115, 114, 113, 112, 111, 110, 109, 108, 107, 106, 105, 118, 131, 130, 143, 156, 157, 158, 159, 146, 145, 132, 119, 120, 133, 134, 135, 136, 137, 150, 163, 164, 165, 152, 139, 140, 141, 142, 155, 168]
[00:00:05:06:841] ! Bidirectional. expansions: 54,675, time: 306,840 [ms], path length: 92 [edges], g_F: 46, g_B: 46, generated: 0, MM: 0, MMPER: -1.0%
[00:00:05:06:841] 
---------- mazes/13x13_maze_with_1_open_diamonds_1 ----------
[00:00:07:42:651] Valid states checked so far: 200,000, Expansions: 57,667, Global best: 0
[00:00:14:42:925] Valid states checked so far: 400,000, Expansions: 120,728, Global best: 0
[00:00:18:41:943] Path of length 90 found: [0, 13, 26, 39, 52, 53, 54, 41, 28, 15, 2, 3, 4, 17, 16, 29, 30, 43, 42, 55, 56, 57, 58, 45, 32, 19, 6, 7, 8, 9, 10, 11, 12, 25, 38, 37, 36, 49, 62, 61, 74, 87, 88, 89, 90, 103, 116, 115, 114, 113, 112, 99, 86, 85, 84, 83, 82, 81, 80, 79, 92, 105, 106, 107, 108, 109, 122, 135, 134, 133, 132, 131, 130, 143, 156, 157, 158, 159, 160, 161, 162, 163, 164, 165, 152, 139, 140, 141, 142, 155, 168]
[00:00:18:41:944] ! Unidirectional s-t. expansions: 158,823, time: 1,121,944 [ms], path length: 90 [edges], generated: 517,147
[00:00:00:20:019] Path of length 90 found: [168, 155, 142, 141, 140, 139, 152, 165, 164, 163, 162, 161, 160, 159, 158, 157, 156, 143, 130, 131, 132, 133, 134, 135, 122, 109, 108, 107, 106, 105, 92, 79, 80, 81, 82, 83, 84, 85, 86, 99, 112, 113, 114, 115, 116, 103, 90, 89, 88, 87, 74, 61, 62, 63, 64, 51, 38, 25, 12, 11, 10, 9, 8, 7, 6, 19, 32, 45, 58, 57, 56, 43, 30, 17, 4, 3, 2, 15, 16, 29, 28, 41, 42, 55, 54, 53, 52, 39, 26, 13, 0]
[00:00:00:20:020] ! Unidirectional t-s. expansions: 3,295, time: 20,019 [ms], path length: 90 [edges], generated: 12,722
[00:00:06:23:258] Path of length 90 found: [0, 13, 26, 39, 52, 53, 54, 41, 28, 15, 2, 3, 4, 17, 16, 29, 30, 43, 42, 55, 56, 57, 58, 45, 32, 19, 6, 7, 8, 9, 10, 11, 12, 25, 38, 37, 36, 49, 62, 61, 74, 87, 88, 89, 90, 103, 116, 115, 114, 113, 112, 99, 86, 85, 84, 83, 82, 81, 80, 79, 92, 105, 106, 107, 108, 109, 122, 135, 134, 133, 132, 131, 130, 143, 156, 157, 158, 159, 160, 161, 162, 163, 164, 165, 152, 139, 140, 141, 142, 155, 168]
[00:00:06:23:259] ! Bidirectional. expansions: 85,136, time: 383,258 [ms], path length: 90 [edges], g_F: 45, g_B: 45, generated: 0, MM: 0, MMPER: -1.0%
[00:00:06:23:259] 
---------- mazes/13x13_maze_with_1_open_diamonds_2 ----------
[00:00:05:36:462] Valid states checked so far: 200,000, Expansions: 54,942, Global best: 0
[00:00:05:37:233] Path of length 92 found: [0, 1, 2, 3, 4, 17, 30, 43, 56, 55, 54, 41, 28, 27, 26, 39, 52, 65, 78, 79, 80, 81, 82, 83, 70, 57, 58, 45, 32, 19, 6, 7, 8, 9, 10, 11, 12, 25, 38, 37, 36, 49, 62, 61, 60, 59, 72, 71, 84, 85, 98, 99, 86, 87, 88, 89, 90, 103, 116, 115, 114, 113, 112, 111, 110, 97, 96, 109, 122, 135, 134, 133, 132, 131, 130, 143, 156, 157, 158, 159, 160, 161, 162, 163, 164, 165, 152, 139, 140, 141, 142, 155, 168]
[00:00:05:37:234] ! Unidirectional s-t. expansions: 55,034, time: 337,234 [ms], path length: 92 [edges], generated: 200,355
[00:00:05:09:711] Valid states checked so far: 200,000, Expansions: 59,226, Global best: 81
[00:00:05:47:713] Path of length 92 found: [168, 155, 142, 141, 140, 139, 152, 165, 164, 163, 162, 161, 160, 159, 158, 157, 156, 143, 130, 131, 132, 133, 134, 135, 122, 109, 108, 107, 106, 105, 92, 79, 78, 65, 52, 39, 26, 27, 28, 41, 54, 55, 56, 57, 70, 83, 96, 97, 110, 111, 98, 99, 112, 113, 114, 115, 116, 103, 90, 89, 88, 87, 86, 85, 84, 71, 72, 59, 60, 61, 62, 63, 64, 51, 38, 25, 12, 11, 10, 9, 8, 7, 6, 19, 32, 31, 30, 17, 4, 3, 2, 1, 0]
[00:00:05:47:714] ! Unidirectional t-s. expansions: 67,038, time: 347,714 [ms], path length: 92 [edges], generated: 226,049
[00:00:00:26:454] Path of length 92 found: [0, 1, 2, 3, 4, 17, 30, 31, 32, 19, 6, 7, 8, 9, 10, 11, 12, 25, 38, 37, 36, 49, 62, 61, 60, 59, 58, 71, 72, 85, 98, 99, 86, 87, 88, 89, 90, 103, 116, 115, 114, 113, 112, 111, 110, 97, 84, 83, 70, 57, 56, 55, 54, 41, 28, 27, 26, 39, 52, 65, 78, 79, 92, 105, 106, 107, 108, 109, 122, 135, 134, 133, 132, 131, 130, 143, 156, 157, 158, 159, 160, 161, 162, 163, 164, 165, 152, 139, 140, 141, 142, 155, 168]
[00:00:00:26:455] ! Bidirectional. expansions: 5,794, time: 26,454 [ms], path length: 92 [edges], g_F: 46, g_B: 46, generated: 0, MM: 0, MMPER: -1.0%
[00:00:00:26:455] 
---------- mazes/13x13_maze_with_1_open_diamonds_3 ----------
[00:00:03:47:508] Path of length 90 found: [0, 1, 2, 3, 4, 17, 30, 43, 56, 55, 54, 41, 28, 27, 26, 39, 52, 65, 78, 79, 80, 81, 82, 83, 84, 71, 58, 45, 32, 19, 6, 7, 8, 9, 10, 11, 12, 25, 38, 37, 36, 49, 62, 61, 74, 87, 86, 85, 98, 99, 100, 101, 88, 89, 90, 103, 102, 115, 116, 129, 142, 141, 140, 139, 126, 113, 112, 111, 110, 109, 122, 135, 134, 133, 132, 131, 130, 143, 156, 157, 158, 159, 160, 161, 162, 163, 164, 165, 166, 167, 168]
[00:00:03:47:508] ! Unidirectional s-t. expansions: 37,387, time: 227,508 [ms], path length: 90 [edges], generated: 138,518
[00:00:06:17:630] Valid states checked so far: 200,000, Expansions: 62,498, Global best: 59
[00:00:11:48:020] Valid states checked so far: 400,000, Expansions: 122,856, Global best: 59
[00:00:16:01:895] Path of length 90 found: [168, 167, 166, 165, 164, 163, 162, 161, 160, 159, 158, 157, 156, 143, 130, 131, 132, 133, 134, 135, 122, 109, 108, 107, 106, 105, 92, 79, 78, 65, 52, 39, 26, 27, 28, 41, 54, 55, 56, 57, 58, 71, 84, 85, 98, 111, 112, 113, 126, 139, 140, 141, 142, 129, 116, 103, 90, 89, 102, 115, 114, 101, 100, 99, 86, 87, 74, 61, 62, 63, 64, 51, 38, 25, 12, 11, 10, 9, 8, 7, 6, 19, 32, 31, 30, 17, 4, 3, 2, 1, 0]
[00:00:16:01:895] ! Unidirectional t-s. expansions: 169,711, time: 961,895 [ms], path length: 90 [edges], generated: 555,949
[00:00:05:26:224] Path of length 90 found: [0, 1, 2, 3, 4, 17, 30, 43, 56, 55, 54, 41, 28, 27, 26, 39, 52, 65, 78, 79, 80, 81, 82, 83, 84, 71, 58, 45, 32, 19, 6, 7, 8, 9, 10, 11, 12, 25, 38, 37, 36, 49, 62, 61, 74, 87, 88, 101, 114, 115, 102, 89, 90, 103, 116, 129, 142, 141, 140, 139, 126, 113, 112, 99, 86, 85, 98, 111, 110, 109, 122, 135, 134, 133, 132, 131, 130, 143, 156, 157, 158, 159, 160, 161, 162, 163, 164, 165, 166, 167, 168]
[00:00:05:26:225] ! Bidirectional. expansions: 60,834, time: 326,224 [ms], path length: 90 [edges], g_F: 45, g_B: 45, generated: 0, MM: 0, MMPER: -1.0%
[00:00:05:26:225] 
---------- mazes/13x13_maze_with_1_open_diamonds_4 ----------
[00:00:05:59:832] Valid states checked so far: 200,000, Expansions: 52,105, Global best: 0
[00:00:09:57:028] Path of length 92 found: [0, 1, 2, 3, 4, 17, 30, 43, 56, 55, 54, 41, 28, 27, 26, 39, 52, 65, 78, 79, 80, 81, 82, 95, 108, 107, 106, 119, 132, 131, 130, 143, 156, 157, 158, 159, 160, 161, 162, 163, 150, 137, 136, 135, 134, 133, 120, 121, 122, 109, 110, 111, 112, 99, 86, 85, 84, 71, 58, 45, 32, 19, 6, 7, 8, 9, 10, 11, 12, 25, 38, 37, 36, 49, 62, 61, 74, 87, 88, 89, 90, 103, 116, 129, 142, 141, 140, 139, 152, 165, 166, 167, 168]
[00:00:09:57:028] ! Unidirectional s-t. expansions: 91,087, time: 597,028 [ms], path length: 92 [edges], generated: 346,346
[00:00:06:14:612] Valid states checked so far: 200,000, Expansions: 58,863, Global best: 61
[00:00:12:03:652] Valid states checked so far: 400,000, Expansions: 118,198, Global best: 61
[00:00:17:46:823] Valid states checked so far: 600,000, Expansions: 176,711, Global best: 61
[00:00:23:24:214] Valid states checked so far: 800,000, Expansions: 235,411, Global best: 81
[00:00:26:02:678] Path of length 92 found: [168, 167, 166, 165, 152, 139, 140, 141, 142, 129, 116, 103, 90, 89, 88, 87, 74, 61, 62, 63, 64, 51, 38, 25, 12, 11, 10, 9, 8, 7, 6, 19, 32, 45, 58, 71, 84, 85, 86, 99, 112, 111, 110, 109, 122, 123, 136, 137, 150, 163, 162, 161, 160, 159, 158, 157, 156, 143, 130, 131, 132, 119, 106, 107, 120, 133, 134, 121, 108, 95, 82, 81, 80, 79, 78, 65, 52, 39, 26, 27, 28, 41, 54, 55, 56, 43, 30, 17, 4, 3, 2, 1, 0]
[00:00:26:02:678] ! Unidirectional t-s. expansions: 263,401, time: 1,562,678 [ms], path length: 92 [edges], generated: 894,723
[00:00:03:32:439] Path of length 92 found: [0, 1, 2, 3, 4, 17, 30, 43, 56, 55, 54, 41, 28, 27, 26, 39, 52, 65, 78, 79, 80, 81, 82, 95, 108, 107, 106, 119, 132, 131, 130, 143, 156, 157, 158, 159, 160, 161, 162, 163, 150, 137, 136, 135, 134, 133, 120, 121, 122, 109, 110, 111, 112, 99, 86, 85, 84, 71, 58, 45, 32, 19, 6, 7, 8, 9, 10, 11, 12, 25, 38, 51, 64, 63, 62, 61, 74, 87, 88, 89, 90, 103, 116, 129, 142, 141, 140, 139, 152, 165, 166, 167, 168]
[00:00:03:32:440] ! Bidirectional. expansions: 40,799, time: 212,439 [ms], path length: 92 [edges], g_F: 46, g_B: 46, generated: 0, MM: 0, MMPER: -1.0%
[00:00:03:32:440] 
---------- mazes/13x13_maze_with_1_open_diamonds_5 ----------
[00:00:06:13:801] Valid states checked so far: 200,000, Expansions: 56,549, Global best: 0
[00:00:10:54:450] Path of length 92 found: [0, 1, 2, 3, 4, 17, 30, 43, 56, 55, 54, 41, 28, 27, 26, 39, 52, 65, 78, 79, 80, 81, 94, 107, 106, 105, 118, 131, 130, 143, 156, 157, 158, 159, 160, 161, 162, 163, 150, 137, 136, 135, 134, 133, 132, 119, 120, 121, 108, 109, 110, 111, 112, 99, 86, 85, 84, 71, 58, 45, 32, 19, 6, 7, 8, 9, 10, 11, 12, 25, 38, 37, 36, 49, 62, 61, 74, 87, 88, 89, 90, 103, 116, 129, 142, 141, 140, 139, 152, 165, 166, 167, 168]
[00:00:10:54:451] ! Unidirectional s-t. expansions: 103,629, time: 654,451 [ms], path length: 92 [edges], generated: 364,742
[00:00:06:23:585] Valid states checked so far: 200,000, Expansions: 60,328, Global best: 61
[00:00:12:22:301] Valid states checked so far: 400,000, Expansions: 120,604, Global best: 61
[00:00:18:02:296] Valid states checked so far: 600,000, Expansions: 180,806, Global best: 61
[00:00:23:52:016] Path of length 92 found: [168, 167, 166, 165, 152, 139, 140, 141, 142, 129, 116, 103, 90, 89, 88, 87, 74, 61, 62, 63, 64, 51, 38, 25, 12, 11, 10, 9, 8, 7, 6, 19, 32, 45, 58, 71, 84, 85, 86, 99, 112, 111, 110, 109, 108, 121, 122, 135, 136, 137, 150, 163, 162, 161, 160, 159, 158, 157, 156, 143, 130, 131, 118, 105, 106, 119, 132, 133, 120, 107, 94, 81, 80, 79, 78, 65, 52, 39, 26, 27, 28, 41, 54, 55, 56, 43, 30, 17, 4, 3, 2, 1, 0]
[00:00:23:52:016] ! Unidirectional t-s. expansions: 238,843, time: 1,432,016 [ms], path length: 92 [edges], generated: 795,097
[00:00:03:27:624] Path of length 92 found: [0, 1, 2, 3, 4, 17, 30, 43, 56, 55, 54, 41, 28, 27, 26, 39, 52, 65, 78, 79, 80, 81, 94, 107, 106, 105, 118, 119, 120, 133, 132, 131, 130, 143, 156, 157, 158, 159, 160, 161, 162, 163, 150, 137, 136, 135, 122, 121, 108, 109, 110, 111, 112, 99, 86, 85, 84, 71, 58, 45, 32, 19, 6, 7, 8, 9, 10, 11, 12, 25, 38, 51, 64, 63, 62, 61, 74, 87, 88, 89, 90, 103, 116, 129, 142, 141, 140, 139, 152, 165, 166, 167, 168]
[00:00:03:27:625] ! Bidirectional. expansions: 38,737, time: 207,624 [ms], path length: 92 [edges], g_F: 46, g_B: 46, generated: 0, MM: 0, MMPER: -1.0%
[00:00:03:27:625] 
---------- mazes/13x13_maze_with_1_open_diamonds_6 ----------
[00:00:04:14:311] Path of length 92 found: [0, 1, 2, 3, 4, 17, 30, 43, 56, 55, 54, 41, 28, 27, 26, 39, 52, 65, 78, 79, 80, 81, 82, 83, 84, 71, 58, 45, 32, 19, 6, 7, 8, 9, 10, 11, 12, 25, 38, 51, 64, 63, 62, 49, 36, 35, 34, 47, 60, 59, 72, 85, 86, 73, 74, 87, 88, 89, 90, 103, 116, 115, 114, 113, 112, 111, 110, 109, 122, 135, 134, 133, 132, 131, 130, 143, 156, 157, 158, 159, 160, 161, 162, 163, 164, 165, 152, 139, 140, 141, 142, 155, 168]
[00:00:04:14:312] ! Unidirectional s-t. expansions: 37,709, time: 254,312 [ms], path length: 92 [edges], generated: 138,586
[00:00:01:35:342] Path of length 92 found: [168, 155, 142, 141, 140, 139, 152, 165, 164, 163, 162, 161, 160, 159, 158, 157, 156, 143, 130, 131, 132, 133, 134, 135, 122, 109, 108, 107, 106, 105, 92, 79, 78, 65, 52, 39, 26, 27, 28, 41, 54, 55, 56, 57, 58, 71, 84, 85, 72, 73, 86, 99, 112, 113, 114, 115, 116, 103, 90, 89, 88, 87, 74, 61, 60, 47, 34, 35, 36, 49, 62, 63, 64, 51, 38, 25, 12, 11, 10, 9, 8, 7, 6, 19, 32, 31, 30, 17, 4, 3, 2, 1, 0]
[00:00:01:35:342] ! Unidirectional t-s. expansions: 17,094, time: 95,342 [ms], path length: 92 [edges], generated: 61,763
[00:00:00:14:536] Path of length 92 found: [0, 1, 2, 3, 4, 17, 30, 43, 56, 55, 54, 41, 28, 27, 26, 39, 52, 65, 78, 79, 80, 81, 82, 83, 84, 71, 58, 45, 32, 19, 6, 7, 8, 9, 10, 11, 12, 25, 38, 51, 64, 63, 62, 49, 36, 35, 34, 47, 60, 59, 72, 85, 86, 87, 74, 75, 88, 89, 90, 103, 116, 115, 114, 113, 112, 111, 110, 109, 122, 135, 134, 133, 132, 131, 130, 143, 156, 157, 158, 159, 160, 161, 162, 163, 164, 165, 152, 139, 140, 141, 142, 155, 168]
[00:00:00:14:537] ! Bidirectional. expansions: 3,040, time: 14,536 [ms], path length: 92 [edges], g_F: 46, g_B: 46, generated: 0, MM: 0, MMPER: -1.0%
[00:00:00:14:537] 
---------- mazes/13x13_maze_with_1_open_diamonds_7 ----------
[00:00:05:47:074] Path of length 94 found: [0, 1, 2, 3, 4, 17, 30, 31, 32, 19, 6, 7, 20, 21, 8, 9, 10, 11, 12, 25, 38, 51, 64, 63, 62, 49, 36, 35, 34, 33, 46, 47, 60, 61, 74, 87, 88, 89, 90, 103, 116, 115, 114, 113, 112, 99, 86, 85, 84, 71, 58, 57, 56, 55, 54, 41, 28, 27, 26, 39, 52, 65, 78, 79, 92, 105, 106, 107, 108, 109, 122, 135, 134, 133, 132, 131, 130, 143, 156, 157, 158, 159, 160, 161, 162, 163, 164, 165, 152, 139, 140, 141, 142, 155, 168]
[00:00:05:47:074] ! Unidirectional s-t. expansions: 52,600, time: 347,074 [ms], path length: 94 [edges], generated: 176,412
[00:00:00:18:743] Path of length 94 found: [168, 155, 142, 141, 140, 139, 152, 165, 164, 163, 162, 161, 160, 159, 158, 157, 156, 143, 130, 131, 132, 133, 134, 135, 122, 109, 108, 107, 106, 105, 92, 79, 78, 65, 52, 39, 26, 27, 28, 41, 54, 55, 56, 57, 58, 71, 84, 85, 86, 99, 112, 113, 114, 115, 116, 103, 90, 89, 88, 87, 74, 61, 60, 59, 46, 47, 34, 35, 36, 49, 62, 63, 64, 51, 38, 25, 12, 11, 10, 9, 8, 21, 20, 7, 6, 19, 32, 31, 30, 17, 4, 3, 2, 1, 0]
[00:00:00:18:744] ! Unidirectional t-s. expansions: 3,655, time: 18,743 [ms], path length: 94 [edges], generated: 13,975
[00:00:00:39:947] Path of length 94 found: [0, 1, 2, 3, 4, 17, 30, 31, 32, 19, 6, 7, 20, 21, 8, 9, 10, 11, 12, 25, 38, 51, 64, 63, 62, 49, 36, 35, 34, 33, 46, 47, 60, 61, 74, 87, 88, 89, 90, 103, 116, 115, 114, 113, 112, 99, 86, 85, 84, 71, 58, 57, 56, 55, 54, 41, 28, 27, 26, 39, 52, 65, 78, 79, 92, 105, 106, 107, 108, 109, 122, 135, 134, 133, 132, 131, 130, 143, 156, 157, 158, 159, 160, 161, 162, 163, 164, 165, 152, 139, 140, 141, 142, 155, 168]
[00:00:00:39:948] ! Bidirectional. expansions: 8,876, time: 39,948 [ms], path length: 94 [edges], g_F: 47, g_B: 47, generated: 0, MM: 0, MMPER: -1.0%
[00:00:00:39:948] 
---------- mazes/13x13_maze_with_1_open_diamonds_8 ----------
[00:00:06:26:694] Valid states checked so far: 200,000, Expansions: 57,010, Global best: 0
[00:00:12:07:890] Path of length 94 found: [0, 1, 2, 3, 4, 17, 30, 43, 56, 55, 54, 41, 28, 27, 26, 39, 52, 65, 78, 79, 80, 81, 82, 83, 84, 85, 86, 87, 74, 61, 48, 35, 34, 47, 60, 59, 58, 45, 32, 19, 6, 7, 8, 9, 10, 11, 12, 25, 38, 37, 36, 49, 50, 51, 64, 63, 62, 75, 88, 89, 90, 103, 116, 115, 114, 113, 112, 111, 110, 109, 122, 135, 134, 133, 132, 131, 130, 143, 156, 157, 158, 159, 160, 161, 162, 163, 164, 165, 152, 139, 140, 141, 142, 155, 168]
[00:00:12:07:890] ! Unidirectional s-t. expansions: 112,307, time: 727,890 [ms], path length: 94 [edges], generated: 388,132
[00:00:01:52:915] Path of length 94 found: [168, 155, 142, 141, 140, 139, 152, 165, 164, 163, 162, 161, 160, 159, 158, 157, 156, 143, 130, 131, 132, 133, 134, 135, 122, 109, 108, 107, 106, 105, 92, 79, 78, 65, 52, 39, 26, 27, 28, 41, 54, 55, 56, 57, 58, 71, 84, 85, 86, 99, 112, 113, 114, 115, 116, 103, 90, 89, 88, 87, 74, 75, 62, 49, 48, 61, 60, 47, 34, 35, 36, 37, 50, 63, 64, 51, 38, 25, 12, 11, 10, 9, 8, 7, 6, 19, 32, 31, 30, 17, 4, 3, 2, 1, 0]
[00:00:01:52:915] ! Unidirectional t-s. expansions: 22,001, time: 112,915 [ms], path length: 94 [edges], generated: 80,296
[00:00:00:34:897] Path of length 94 found: [0, 1, 2, 3, 4, 17, 30, 43, 56, 55, 54, 41, 28, 27, 26, 39, 52, 65, 78, 79, 80, 81, 82, 83, 84, 85, 86, 87, 74, 61, 48, 35, 34, 47, 60, 59, 58, 45, 32, 19, 6, 7, 8, 9, 10, 11, 12, 25, 38, 51, 64, 63, 50, 37, 36, 49, 62, 75, 88, 89, 90, 103, 116, 115, 114, 113, 112, 111, 110, 109, 122, 135, 134, 133, 132, 131, 130, 143, 156, 157, 158, 159, 160, 161, 162, 163, 164, 165, 152, 139, 140, 141, 142, 155, 168]
[00:00:00:34:898] ! Bidirectional. expansions: 6,940, time: 34,897 [ms], path length: 94 [edges], g_F: 47, g_B: 47, generated: 0, MM: 0, MMPER: -1.0%
[00:00:00:34:898] 
---------- mazes/13x13_maze_with_1_open_diamonds_9 ----------
[00:00:05:37:670] Valid states checked so far: 200,000, Expansions: 50,262, Global best: 69
[00:00:08:49:821] Path of length 92 found: [0, 1, 2, 3, 4, 17, 30, 43, 56, 55, 54, 41, 28, 27, 26, 39, 52, 65, 78, 79, 92, 105, 106, 107, 108, 109, 122, 135, 134, 133, 132, 131, 130, 143, 156, 157, 158, 159, 160, 161, 162, 163, 150, 137, 136, 123, 110, 111, 124, 125, 126, 113, 112, 99, 98, 85, 84, 71, 58, 45, 32, 19, 6, 7, 8, 9, 10, 11, 12, 25, 38, 37, 36, 49, 62, 61, 74, 87, 88, 89, 90, 103, 116, 129, 142, 141, 140, 139, 152, 165, 166, 167, 168]
[00:00:08:49:822] ! Unidirectional s-t. expansions: 83,167, time: 529,821 [ms], path length: 92 [edges], generated: 320,143
[00:00:06:49:499] Valid states checked so far: 200,000, Expansions: 64,083, Global best: 61
[00:00:13:15:075] Valid states checked so far: 400,000, Expansions: 129,457, Global best: 61
[00:00:19:25:151] Valid states checked so far: 600,000, Expansions: 193,215, Global best: 61
[00:00:25:31:326] Valid states checked so far: 800,000, Expansions: 256,914, Global best: 61
[00:00:31:20:879] Valid states checked so far: 1,000,000, Expansions: 320,283, Global best: 61
[00:00:37:18:653] Valid states checked so far: 1,200,000, Expansions: 383,535, Global best: 61
[00:00:43:01:524] Valid states checked so far: 1,400,000, Expansions: 444,896, Global best: 61
[00:00:48:47:954] Valid states checked so far: 1,600,000, Expansions: 507,542, Global best: 61
[00:00:54:09:417] Valid states checked so far: 1,800,000, Expansions: 569,075, Global best: 61
[00:00:59:47:349] Valid states checked so far: 2,000,000, Expansions: 631,459, Global best: 81
[00:01:05:08:135] Valid states checked so far: 2,200,000, Expansions: 691,768, Global best: 81
[00:01:09:32:031] Path of length 92 found: [168, 167, 166, 165, 152, 139, 140, 141, 142, 129, 116, 103, 90, 89, 88, 87, 74, 61, 62, 63, 64, 51, 38, 25, 12, 11, 10, 9, 8, 7, 6, 19, 32, 45, 58, 71, 84, 85, 86, 99, 98, 111, 112, 113, 126, 125, 138, 137, 150, 163, 162, 161, 160, 159, 158, 157, 156, 143, 130, 131, 132, 133, 134, 135, 136, 123, 110, 109, 108, 107, 106, 105, 92, 79, 78, 65, 52, 39, 26, 27, 28, 41, 54, 55, 56, 43, 30, 17, 4, 3, 2, 1, 0]
[00:01:09:32:032] ! Unidirectional t-s. expansions: 739,588, time: 4,172,031 [ms], path length: 92 [edges], generated: 2,353,967
[00:00:08:59:847] Path of length 92 found: [0, 1, 2, 3, 4, 17, 30, 43, 56, 55, 54, 41, 28, 27, 26, 39, 52, 65, 78, 79, 92, 105, 106, 107, 108, 109, 122, 123, 136, 135, 134, 133, 132, 131, 130, 143, 156, 157, 158, 159, 160, 161, 162, 163, 150, 137, 124, 125, 126, 113, 112, 111, 98, 99, 86, 85, 84, 71, 58, 45, 32, 19, 6, 7, 8, 9, 10, 11, 12, 25, 38, 51, 64, 63, 62, 61, 74, 87, 88, 89, 90, 103, 116, 129, 142, 141, 140, 139, 152, 165, 166, 167, 168]
[00:00:08:59:847] ! Bidirectional. expansions: 106,112, time: 539,847 [ms], path length: 92 [edges], g_F: 46, g_B: 46, generated: 0, MM: 0, MMPER: -1.0%

[00:00:08:59:847] average expansions: (82,568, 191,274, 41,094, 0)
[00:00:08:59:847] average time: (541,147, 1,108,264, 209,207, 0)
[00:00:08:59:847] XIDA: 82,568 , 541,147 (expansions , time[ms])
[00:00:08:59:848] BiXIDA: 41,094 , 209,207 (expansions , time[ms])

