------------------------------------
Thu 01 Oct 2026 18:32:02 IDT
SLURM_JOBID:		21953897
SLURM_JOB_NODELIST:	ise-cpu256-02
SLURM_SCRATCH_DIR:	/scratch/shubit/21953897
Allocated Resouces:	cpu - 2 / mem - 61440 MB / gpu - 
SLURM_GPU_INDEX:	
Running as shubit from shimony account with normal QOS
------------------------------------
Thu 01 Oct 2026 18:32:02 IDT

SLURM_JOBID:		 21953897
SLURM_JOB_NODELIST:	 ise-cpu256-02 

--------------------------
date: mazes
number_of_graphs: 10
graph_type: maze
size_of_graphs: [13, 13]
heuristic: bcc_heuristic
snake: False
run_uni: True
run_bi: True
run_multi: False
solution_vertices: []
algorithms: ['XMM']
lookahead: 1
bsd: False
cube_first_dims: 4
cube_buffer_dim: None
backward_sym_generation: False
sym_coil: False
prefix_set: None

---------- mazes/13x13_maze_with_1_open_diamonds_0 ----------
[00:00:00:49:945] Expansion 10,000: state None, f=97, g=35
[00:00:01:38:396] Expansion 20,000: state None, f=95, g=20
[00:00:02:24:683] Expansion 30,000: state None, f=93, g=30
[00:00:02:32:045] Path of length 92 found: [0, 1, 2, 3, 4, 17, 30, 31, 32, 19, 6, 7, 8, 9, 10, 11, 12, 25, 38, 37, 36, 49, 62, 61, 60, 59, 58, 57, 56, 55, 54, 41, 28, 27, 26, 39, 52, 65, 78, 79, 80, 81, 82, 83, 84, 85, 86, 87, 88, 89, 90, 103, 116, 115, 114, 113, 112, 111, 110, 109, 122, 135, 134, 133, 132, 119, 120, 107, 106, 105, 118, 131, 130, 143, 156, 157, 144, 145, 146, 159, 160, 161, 162, 163, 164, 165, 152, 139, 140, 141, 142, 155, 168]
[00:00:02:32:045] ! Unidirectional s-t. expansions: 31,358, time: 152,045 [ms], path length: 92 [edges], generated: 47,235
[00:00:00:53:947] Expansion 10,000: state None, f=101, g=28
[00:00:01:43:394] Expansion 20,000: state None, f=99, g=45
[00:00:02:30:520] Expansion 30,000: state None, f=98, g=33
[00:00:03:18:261] Expansion 40,000: state None, f=97, g=38
[00:00:04:02:918] Expansion 50,000: state None, f=96, g=42
[00:00:04:52:769] Expansion 60,000: state None, f=95, g=60
[00:00:05:39:957] Expansion 70,000: state None, f=95, g=23
[00:00:06:22:612] Expansion 80,000: state None, f=94, g=43
[00:00:07:11:484] Expansion 90,000: state None, f=94, g=31
[00:00:07:54:934] Expansion 100,000: state None, f=93, g=45
[00:00:08:37:384] Path of length 92 found: [168, 155, 142, 141, 140, 139, 152, 165, 164, 163, 150, 137, 136, 135, 134, 133, 146, 159, 158, 157, 156, 143, 130, 131, 144, 145, 132, 119, 118, 105, 106, 107, 108, 109, 110, 111, 112, 113, 114, 115, 116, 103, 90, 89, 88, 87, 86, 85, 84, 83, 82, 81, 80, 79, 78, 65, 52, 39, 26, 27, 28, 41, 54, 55, 56, 57, 58, 59, 60, 61, 62, 63, 64, 51, 38, 25, 12, 11, 10, 9, 8, 7, 6, 19, 32, 31, 30, 17, 4, 3, 2, 1, 0]
[00:00:08:37:385] ! Unidirectional t-s. expansions: 108,293, time: 517,384 [ms], path length: 92 [edges], generated: 154,445
[00:00:02:08:216] Expansion 20,000: f=100, g=43
[00:00:04:11:502] Expansion 40,000: f=97, g=41
[00:00:06:14:986] Expansion 60,000: f=96, g=30
[00:00:08:17:646] Expansion 80,000: f=94, g=28
[00:00:10:39:827] Path of length 92 found: [0, 1, 2, 3, 4, 17, 30, 31, 32, 19, 6, 7, 8, 9, 10, 11, 12, 25, 38, 37, 36, 49, 62, 61, 60, 59, 58, 57, 56, 55, 54, 41, 28, 27, 26, 39, 52, 65, 78, 79, 80, 81, 82, 83, 84, 85, 86, 87, 88, 89, 90, 103, 116, 115, 114, 113, 112, 111, 110, 109, 108, 107, 106, 105, 118, 119, 132, 145, 144, 131, 130, 143, 156, 157, 158, 159, 146, 133, 134, 135, 136, 137, 150, 163, 164, 165, 152, 139, 140, 141, 142, 155, 168]
[00:00:10:39:830] ! Bidirectional. expansions: 98,880, time: 639,827 [ms], path length: 92 [edges], g_F: 41, g_B: 51, generated: 139,473, MM: 10, MMPER: 9.75268817204301%
[00:00:10:39:830] 
---------- mazes/13x13_maze_with_1_open_diamonds_1 ----------
[00:00:00:57:582] Expansion 10,000: state None, f=98, g=40
[00:00:01:48:995] Expansion 20,000: state None, f=95, g=36
[00:00:02:35:753] Expansion 30,000: state None, f=93, g=35
[00:00:03:24:323] Expansion 40,000: state None, f=92, g=23
[00:00:04:08:729] Expansion 50,000: state None, f=91, g=30
[00:00:04:15:806] Path of length 90 found: [0, 1, 2, 15, 28, 27, 26, 39, 52, 53, 54, 41, 42, 29, 16, 3, 4, 17, 30, 43, 56, 57, 58, 45, 32, 19, 6, 7, 8, 9, 10, 11, 12, 25, 38, 37, 36, 49, 62, 61, 74, 87, 88, 89, 90, 103, 116, 115, 114, 113, 112, 99, 86, 85, 84, 83, 82, 81, 80, 79, 92, 105, 106, 107, 108, 109, 122, 135, 134, 133, 132, 131, 130, 143, 156, 157, 158, 159, 160, 161, 162, 163, 164, 165, 152, 139, 140, 141, 142, 155, 168]
[00:00:04:15:811] ! Unidirectional s-t. expansions: 51,198, time: 255,806 [ms], path length: 90 [edges], generated: 69,643
[00:00:00:07:162] Path of length 90 found: [168, 155, 142, 141, 140, 139, 152, 165, 164, 163, 162, 161, 160, 159, 158, 157, 156, 143, 130, 131, 132, 133, 134, 135, 122, 109, 108, 107, 106, 105, 92, 79, 80, 81, 82, 83, 84, 85, 86, 99, 112, 113, 114, 115, 116, 103, 90, 89, 88, 87, 74, 61, 62, 63, 64, 51, 38, 25, 12, 11, 10, 9, 8, 7, 6, 19, 32, 45, 58, 57, 56, 43, 30, 17, 4, 3, 16, 29, 42, 55, 54, 53, 52, 39, 26, 27, 28, 15, 2, 1, 0]
[00:00:00:07:163] ! Unidirectional t-s. expansions: 1,606, time: 7,162 [ms], path length: 90 [edges], generated: 2,500
[00:00:02:05:945] Expansion 20,000: f=95, g=22
[00:00:04:01:953] Expansion 40,000: f=91, g=22
[00:00:04:15:558] Path of length 90 found: [0, 1, 2, 15, 28, 27, 26, 39, 52, 53, 54, 41, 42, 29, 16, 3, 4, 17, 30, 43, 56, 57, 58, 45, 32, 19, 6, 7, 8, 9, 10, 11, 12, 25, 38, 37, 36, 49, 62, 61, 74, 87, 88, 89, 90, 103, 116, 115, 114, 113, 112, 99, 86, 85, 84, 83, 82, 81, 80, 79, 92, 105, 106, 107, 108, 109, 122, 135, 134, 133, 132, 131, 130, 143, 156, 157, 158, 159, 160, 161, 162, 163, 164, 165, 152, 139, 140, 141, 142, 155, 168]
[00:00:04:15:560] ! Bidirectional. expansions: 40,772, time: 255,558 [ms], path length: 90 [edges], g_F: 39, g_B: 51, generated: 56,015, MM: 12, MMPER: 12.186813186813186%
[00:00:04:15:560] 
---------- mazes/13x13_maze_with_1_open_diamonds_2 ----------
[00:00:00:49:971] Expansion 10,000: state None, f=96, g=47
[00:00:01:35:330] Expansion 20,000: state None, f=94, g=34
[00:00:02:18:637] Path of length 92 found: [0, 1, 2, 3, 4, 17, 30, 43, 56, 55, 54, 41, 28, 27, 26, 39, 52, 65, 78, 79, 80, 81, 82, 83, 70, 57, 58, 45, 32, 19, 6, 7, 8, 9, 10, 11, 12, 25, 38, 37, 36, 49, 62, 61, 60, 59, 72, 71, 84, 85, 86, 87, 88, 89, 90, 103, 116, 115, 114, 113, 112, 99, 98, 111, 110, 97, 96, 109, 122, 135, 134, 133, 132, 131, 130, 143, 156, 157, 158, 159, 160, 161, 162, 163, 164, 165, 152, 139, 140, 141, 142, 155, 168]
[00:00:02:18:639] ! Unidirectional s-t. expansions: 29,436, time: 138,637 [ms], path length: 92 [edges], generated: 44,753
[00:00:00:44:406] Expansion 10,000: state None, f=96, g=49
[00:00:01:27:446] Expansion 20,000: state None, f=94, g=44
[00:00:01:50:710] Path of length 92 found: [168, 155, 142, 141, 140, 139, 152, 165, 164, 163, 162, 161, 160, 159, 158, 157, 156, 143, 130, 131, 132, 133, 134, 135, 122, 109, 110, 111, 112, 113, 114, 115, 116, 103, 90, 89, 88, 87, 86, 99, 98, 85, 72, 59, 60, 61, 62, 63, 64, 51, 38, 25, 12, 11, 10, 9, 8, 7, 6, 19, 32, 45, 58, 57, 70, 71, 84, 97, 96, 83, 82, 81, 80, 79, 78, 65, 52, 39, 26, 27, 28, 41, 54, 55, 56, 43, 30, 17, 4, 3, 2, 1, 0]
[00:00:01:50:711] ! Unidirectional t-s. expansions: 25,253, time: 110,710 [ms], path length: 92 [edges], generated: 36,149
[00:00:02:14:217] Expansion 20,000: f=93, g=40
[00:00:03:46:404] Path of length 92 found: [0, 1, 2, 3, 4, 17, 30, 31, 32, 19, 6, 7, 8, 9, 10, 11, 12, 25, 38, 37, 36, 49, 62, 61, 60, 59, 58, 71, 72, 85, 98, 99, 86, 87, 88, 89, 90, 103, 116, 115, 114, 113, 112, 111, 110, 97, 84, 83, 70, 57, 56, 55, 54, 41, 28, 27, 26, 39, 52, 65, 78, 79, 92, 105, 106, 107, 108, 109, 122, 135, 134, 133, 132, 131, 130, 143, 156, 157, 158, 159, 160, 161, 162, 163, 164, 165, 152, 139, 140, 141, 142, 155, 168]
[00:00:03:46:407] ! Bidirectional. expansions: 33,114, time: 226,404 [ms], path length: 92 [edges], g_F: 48, g_B: 44, generated: 52,422, MM: 4, MMPER: 3.301075268817204%
[00:00:03:46:407] 
---------- mazes/13x13_maze_with_1_open_diamonds_3 ----------
[00:00:00:47:207] Expansion 10,000: state None, f=92, g=56
[00:00:01:31:195] Expansion 20,000: state None, f=91, g=34
[00:00:01:33:739] Path of length 90 found: [0, 1, 2, 3, 4, 17, 30, 31, 32, 19, 6, 7, 8, 9, 10, 11, 12, 25, 38, 37, 36, 49, 62, 61, 60, 59, 58, 57, 56, 55, 54, 41, 28, 27, 26, 39, 52, 65, 78, 79, 80, 81, 82, 83, 84, 85, 86, 87, 88, 89, 90, 103, 116, 129, 142, 141, 140, 139, 126, 113, 114, 115, 102, 101, 100, 99, 98, 111, 110, 109, 122, 135, 134, 133, 132, 131, 130, 143, 156, 157, 158, 159, 160, 161, 162, 163, 164, 165, 166, 167, 168]
[00:00:01:33:741] ! Unidirectional s-t. expansions: 20,437, time: 93,739 [ms], path length: 90 [edges], generated: 31,641
[00:00:00:51:622] Expansion 10,000: state None, f=98, g=58
[00:00:01:37:305] Expansion 20,000: state None, f=95, g=59
[00:00:02:19:866] Expansion 30,000: state None, f=93, g=58
[00:00:03:02:604] Expansion 40,000: state None, f=92, g=39
[00:00:03:46:902] Path of length 90 found: [168, 167, 166, 165, 164, 163, 162, 161, 160, 159, 158, 157, 156, 143, 130, 131, 132, 133, 134, 135, 122, 109, 110, 111, 98, 85, 86, 99, 112, 113, 126, 139, 140, 141, 142, 129, 116, 115, 114, 101, 102, 103, 90, 89, 88, 87, 74, 61, 62, 63, 64, 51, 38, 25, 12, 11, 10, 9, 8, 7, 6, 19, 32, 45, 58, 71, 84, 83, 82, 81, 80, 79, 78, 65, 52, 39, 26, 27, 28, 41, 54, 55, 56, 43, 30, 17, 4, 3, 2, 1, 0]
[00:00:03:46:902] ! Unidirectional t-s. expansions: 49,826, time: 226,902 [ms], path length: 90 [edges], generated: 71,852
[00:00:02:06:574] Expansion 20,000: f=95, g=35
[00:00:04:19:228] Expansion 40,000: f=89, g=43
[00:00:05:05:673] Path of length 90 found: [0, 1, 2, 3, 4, 17, 30, 31, 32, 19, 6, 7, 8, 9, 10, 11, 12, 25, 38, 37, 36, 49, 62, 61, 60, 59, 58, 57, 56, 55, 54, 41, 28, 27, 26, 39, 52, 65, 78, 79, 80, 81, 82, 83, 84, 85, 98, 99, 100, 87, 88, 89, 90, 103, 102, 101, 114, 115, 116, 129, 142, 141, 140, 139, 126, 113, 112, 111, 110, 109, 122, 135, 134, 133, 132, 131, 130, 143, 156, 157, 158, 159, 160, 161, 162, 163, 164, 165, 166, 167, 168]
[00:00:05:05:676] ! Bidirectional. expansions: 44,405, time: 305,673 [ms], path length: 90 [edges], g_F: 40, g_B: 50, generated: 66,725, MM: 10, MMPER: 9.989010989010989%
[00:00:05:05:676] 
---------- mazes/13x13_maze_with_1_open_diamonds_4 ----------
[00:00:00:51:683] Expansion 10,000: state None, f=97, g=59
[00:00:01:39:492] Expansion 20,000: state None, f=95, g=25
[00:00:02:21:979] Expansion 30,000: state None, f=93, g=51
[00:00:02:41:451] Path of length 92 found: [0, 1, 2, 3, 4, 17, 30, 31, 32, 19, 6, 7, 8, 9, 10, 11, 12, 25, 38, 37, 36, 49, 62, 61, 60, 59, 58, 57, 56, 55, 54, 41, 28, 27, 26, 39, 52, 65, 78, 79, 80, 81, 82, 83, 84, 85, 86, 87, 88, 89, 90, 103, 116, 115, 114, 113, 112, 111, 110, 109, 108, 107, 106, 119, 132, 131, 130, 143, 156, 157, 158, 159, 160, 147, 134, 133, 120, 121, 122, 123, 136, 137, 150, 163, 164, 165, 152, 139, 140, 141, 142, 155, 168]
[00:00:02:41:454] ! Unidirectional s-t. expansions: 33,576, time: 161,451 [ms], path length: 92 [edges], generated: 51,823
[00:00:00:53:248] Expansion 10,000: state None, f=101, g=32
[00:00:01:44:821] Expansion 20,000: state None, f=99, g=33
[00:00:02:33:142] Expansion 30,000: state None, f=97, g=50
[00:00:03:19:262] Expansion 40,000: state None, f=96, g=45
[00:00:04:07:202] Expansion 50,000: state None, f=95, g=38
[00:00:04:51:555] Expansion 60,000: state None, f=94, g=63
[00:00:05:42:219] Expansion 70,000: state None, f=93, g=77
[00:00:06:26:669] Expansion 80,000: state None, f=93, g=34
[00:00:06:41:129] Path of length 92 found: [168, 167, 166, 165, 152, 139, 140, 141, 142, 129, 116, 103, 90, 89, 88, 87, 74, 61, 62, 63, 64, 51, 38, 25, 12, 11, 10, 9, 8, 7, 6, 19, 32, 45, 58, 71, 84, 85, 86, 99, 112, 111, 110, 123, 136, 137, 150, 163, 162, 161, 160, 159, 158, 157, 156, 143, 130, 131, 132, 119, 106, 107, 120, 133, 134, 135, 122, 109, 108, 95, 82, 81, 80, 79, 78, 65, 52, 39, 26, 27, 28, 41, 54, 55, 56, 43, 30, 17, 4, 3, 2, 1, 0]
[00:00:06:41:131] ! Unidirectional t-s. expansions: 82,438, time: 401,129 [ms], path length: 92 [edges], generated: 118,601
[00:00:02:11:207] Expansion 20,000: f=99, g=44
[00:00:04:21:993] Expansion 40,000: f=96, g=40
[00:00:06:36:044] Expansion 60,000: f=94, g=17
[00:00:08:36:924] Expansion 80,000: f=92, g=39
[00:00:10:10:715] Path of length 92 found: [0, 1, 2, 3, 4, 17, 30, 31, 32, 19, 6, 7, 8, 9, 10, 11, 12, 25, 38, 37, 36, 49, 62, 61, 60, 59, 58, 57, 56, 55, 54, 41, 28, 27, 26, 39, 52, 65, 78, 79, 92, 105, 106, 107, 120, 121, 122, 109, 108, 95, 82, 83, 84, 85, 86, 87, 88, 89, 90, 103, 116, 115, 114, 113, 112, 111, 110, 123, 136, 135, 134, 133, 132, 131, 130, 143, 156, 157, 158, 159, 160, 161, 162, 163, 164, 165, 152, 139, 140, 141, 142, 155, 168]
[00:00:10:10:720] ! Bidirectional. expansions: 90,131, time: 610,716 [ms], path length: 92 [edges], g_F: 41, g_B: 51, generated: 130,932, MM: 10, MMPER: 9.75268817204301%
[00:00:10:10:721] 
---------- mazes/13x13_maze_with_1_open_diamonds_5 ----------
[00:00:00:52:247] Expansion 10,000: state None, f=98, g=46
[00:00:01:40:789] Expansion 20,000: state None, f=95, g=60
[00:00:02:25:996] Expansion 30,000: state None, f=93, g=71
[00:00:02:58:376] Path of length 92 found: [0, 1, 2, 3, 4, 17, 30, 31, 32, 19, 6, 7, 8, 9, 10, 11, 12, 25, 38, 37, 36, 49, 62, 61, 60, 59, 58, 57, 56, 55, 54, 41, 28, 27, 26, 39, 52, 65, 78, 79, 80, 81, 82, 83, 84, 85, 86, 87, 88, 89, 90, 103, 116, 115, 114, 113, 112, 111, 110, 109, 108, 107, 106, 105, 118, 131, 130, 143, 156, 157, 158, 159, 146, 133, 132, 119, 120, 121, 122, 135, 136, 137, 150, 163, 164, 165, 152, 139, 140, 141, 142, 155, 168]
[00:00:02:58:380] ! Unidirectional s-t. expansions: 36,897, time: 178,376 [ms], path length: 92 [edges], generated: 55,900
[00:00:00:52:744] Expansion 10,000: state None, f=100, g=50
[00:00:01:43:171] Expansion 20,000: state None, f=98, g=49
[00:00:02:33:316] Expansion 30,000: state None, f=97, g=24
[00:00:03:20:550] Expansion 40,000: state None, f=96, g=31
[00:00:04:09:691] Expansion 50,000: state None, f=95, g=17
[00:00:04:53:289] Expansion 60,000: state None, f=94, g=42
[00:00:05:40:610] Expansion 70,000: state None, f=93, g=50
[00:00:06:19:532] Path of length 92 found: [168, 167, 166, 165, 152, 139, 140, 141, 142, 129, 116, 103, 90, 89, 88, 87, 74, 61, 62, 63, 64, 51, 38, 25, 12, 11, 10, 9, 8, 7, 6, 19, 32, 45, 58, 71, 84, 85, 86, 99, 112, 111, 110, 109, 122, 135, 136, 137, 150, 163, 162, 161, 160, 159, 158, 157, 156, 143, 130, 131, 118, 105, 106, 119, 132, 133, 134, 121, 108, 107, 94, 81, 80, 79, 78, 65, 52, 39, 26, 27, 28, 41, 54, 55, 56, 43, 30, 17, 4, 3, 2, 1, 0]
[00:00:06:19:533] ! Unidirectional t-s. expansions: 77,683, time: 379,532 [ms], path length: 92 [edges], generated: 112,634
[00:00:02:09:345] Expansion 20,000: f=99, g=35
[00:00:04:13:287] Expansion 40,000: f=96, g=33
[00:00:06:22:336] Expansion 60,000: f=94, g=32
[00:00:08:33:282] Expansion 80,000: f=92, g=26
[00:00:10:31:358] Path of length 92 found: [0, 1, 2, 3, 4, 17, 30, 31, 32, 19, 6, 7, 8, 9, 10, 11, 12, 25, 38, 37, 36, 49, 62, 61, 60, 59, 58, 57, 56, 55, 54, 41, 28, 27, 26, 39, 52, 65, 78, 79, 92, 105, 106, 119, 120, 121, 108, 107, 94, 81, 82, 83, 84, 85, 86, 87, 88, 89, 90, 103, 116, 115, 114, 113, 112, 111, 110, 109, 122, 135, 134, 133, 132, 131, 130, 143, 156, 157, 158, 159, 160, 161, 162, 163, 164, 165, 152, 139, 140, 141, 142, 155, 168]
[00:00:10:31:362] ! Bidirectional. expansions: 94,093, time: 631,358 [ms], path length: 92 [edges], g_F: 41, g_B: 51, generated: 136,532, MM: 10, MMPER: 9.75268817204301%
[00:00:10:31:362] 
---------- mazes/13x13_maze_with_1_open_diamonds_6 ----------
[00:00:00:49:655] Expansion 10,000: state None, f=95, g=31
[00:00:01:32:447] Path of length 92 found: [0, 1, 2, 3, 4, 17, 30, 43, 56, 55, 54, 41, 28, 27, 26, 39, 52, 65, 78, 79, 80, 81, 82, 83, 84, 71, 58, 45, 32, 19, 6, 7, 8, 9, 10, 11, 12, 25, 38, 51, 64, 63, 62, 49, 36, 35, 34, 47, 60, 59, 72, 85, 86, 73, 74, 87, 88, 89, 90, 103, 116, 115, 114, 113, 112, 111, 110, 109, 122, 135, 134, 133, 132, 131, 130, 143, 156, 157, 158, 159, 160, 161, 162, 163, 164, 165, 152, 139, 140, 141, 142, 155, 168]
[00:00:01:32:451] ! Unidirectional s-t. expansions: 19,094, time: 92,448 [ms], path length: 92 [edges], generated: 28,635
[00:00:00:31:022] Path of length 92 found: [168, 155, 142, 141, 140, 139, 152, 165, 164, 163, 162, 161, 160, 159, 158, 157, 156, 143, 130, 131, 132, 133, 134, 135, 122, 109, 110, 111, 112, 113, 114, 115, 116, 103, 90, 89, 88, 75, 74, 87, 86, 73, 60, 47, 34, 35, 36, 49, 62, 63, 64, 51, 38, 25, 12, 11, 10, 9, 8, 7, 6, 19, 32, 45, 58, 59, 72, 85, 84, 83, 82, 81, 80, 79, 78, 65, 52, 39, 26, 27, 28, 41, 54, 55, 56, 43, 30, 17, 4, 3, 2, 1, 0]
[00:00:00:31:022] ! Unidirectional t-s. expansions: 7,298, time: 31,022 [ms], path length: 92 [edges], generated: 10,743
[00:00:02:04:995] Expansion 20,000: f=91, g=34
[00:00:02:15:890] Path of length 92 found: [0, 1, 2, 3, 4, 17, 30, 43, 56, 55, 54, 41, 28, 27, 26, 39, 52, 65, 78, 79, 80, 81, 82, 83, 84, 71, 58, 45, 32, 19, 6, 7, 8, 9, 10, 11, 12, 25, 38, 51, 64, 63, 62, 49, 36, 35, 34, 47, 60, 73, 72, 85, 86, 87, 74, 75, 88, 89, 90, 103, 116, 115, 114, 113, 112, 111, 110, 109, 122, 135, 134, 133, 132, 131, 130, 143, 156, 157, 158, 159, 160, 161, 162, 163, 164, 165, 152, 139, 140, 141, 142, 155, 168]
[00:00:02:15:893] ! Bidirectional. expansions: 20,895, time: 135,891 [ms], path length: 92 [edges], g_F: 49, g_B: 43, generated: 32,347, MM: 6, MMPER: 5.451612903225806%
[00:00:02:15:893] 
---------- mazes/13x13_maze_with_1_open_diamonds_7 ----------
[00:00:00:50:310] Expansion 10,000: state None, f=97, g=44
[00:00:01:39:774] Expansion 20,000: state None, f=95, g=19
[00:00:01:42:782] Path of length 94 found: [0, 1, 2, 3, 4, 17, 30, 31, 32, 19, 6, 7, 8, 9, 10, 11, 12, 25, 38, 51, 64, 63, 62, 49, 36, 35, 34, 21, 20, 33, 46, 47, 60, 61, 74, 87, 88, 89, 90, 103, 116, 115, 114, 113, 112, 99, 86, 85, 84, 71, 58, 57, 56, 55, 54, 41, 28, 27, 26, 39, 52, 65, 78, 79, 92, 105, 106, 107, 108, 109, 122, 135, 134, 133, 132, 131, 130, 143, 156, 157, 158, 159, 160, 161, 162, 163, 164, 165, 152, 139, 140, 141, 142, 155, 168]
[00:00:01:42:783] ! Unidirectional s-t. expansions: 20,473, time: 102,782 [ms], path length: 94 [edges], generated: 28,904
[00:00:00:06:427] Path of length 94 found: [168, 155, 142, 141, 140, 139, 152, 165, 164, 163, 162, 161, 160, 159, 158, 157, 156, 143, 130, 131, 132, 133, 134, 135, 122, 109, 108, 107, 106, 105, 92, 79, 78, 65, 52, 39, 26, 27, 28, 41, 54, 55, 56, 57, 58, 71, 84, 85, 86, 99, 112, 113, 114, 115, 116, 103, 90, 89, 88, 87, 74, 61, 60, 59, 46, 47, 34, 35, 36, 49, 62, 63, 64, 51, 38, 25, 12, 11, 10, 9, 8, 21, 20, 7, 6, 19, 32, 31, 30, 17, 4, 3, 2, 1, 0]
[00:00:00:06:427] ! Unidirectional t-s. expansions: 1,662, time: 6,427 [ms], path length: 94 [edges], generated: 2,602
[00:00:01:45:901] Path of length 94 found: [0, 1, 2, 3, 4, 17, 30, 31, 32, 19, 6, 7, 8, 9, 10, 11, 12, 25, 38, 51, 64, 63, 62, 49, 36, 35, 34, 21, 20, 33, 46, 47, 60, 61, 74, 87, 88, 89, 90, 103, 116, 115, 114, 113, 112, 99, 86, 85, 84, 71, 58, 57, 56, 55, 54, 41, 28, 27, 26, 39, 52, 65, 78, 79, 92, 105, 106, 107, 108, 109, 122, 135, 134, 133, 132, 131, 130, 143, 156, 157, 158, 159, 160, 161, 162, 163, 164, 165, 152, 139, 140, 141, 142, 155, 168]
[00:00:01:45:902] ! Bidirectional. expansions: 17,115, time: 105,901 [ms], path length: 94 [edges], g_F: 50, g_B: 44, generated: 24,388, MM: 6, MMPER: 5.315789473684211%
[00:00:01:45:902] 
---------- mazes/13x13_maze_with_1_open_diamonds_8 ----------
[00:00:00:51:399] Expansion 10,000: state None, f=100, g=38
[00:00:01:41:079] Expansion 20,000: state None, f=97, g=58
[00:00:02:29:408] Expansion 30,000: state None, f=96, g=39
[00:00:03:14:945] Expansion 40,000: state None, f=95, g=47
[00:00:03:41:705] Path of length 94 found: [0, 1, 2, 3, 4, 17, 30, 31, 32, 19, 6, 7, 8, 9, 10, 11, 12, 25, 38, 37, 36, 35, 34, 47, 60, 59, 58, 57, 56, 55, 54, 41, 28, 27, 26, 39, 52, 65, 78, 79, 80, 81, 82, 83, 84, 85, 86, 87, 74, 61, 48, 49, 50, 51, 64, 63, 62, 75, 88, 89, 90, 103, 116, 115, 114, 113, 112, 111, 110, 109, 122, 135, 134, 133, 132, 131, 130, 143, 156, 157, 158, 159, 160, 161, 162, 163, 164, 165, 152, 139, 140, 141, 142, 155, 168]
[00:00:03:41:705] ! Unidirectional s-t. expansions: 44,747, time: 221,705 [ms], path length: 94 [edges], generated: 65,951
[00:00:00:41:356] Expansion 10,000: state None, f=95, g=46
[00:00:00:43:689] Path of length 94 found: [168, 155, 142, 141, 140, 139, 152, 165, 164, 163, 162, 161, 160, 159, 158, 157, 156, 143, 130, 131, 132, 133, 134, 135, 122, 109, 110, 111, 112, 113, 114, 115, 116, 103, 90, 89, 88, 75, 62, 63, 64, 51, 38, 25, 12, 11, 10, 9, 8, 7, 6, 19, 32, 45, 58, 59, 60, 47, 34, 35, 36, 37, 50, 49, 48, 61, 74, 87, 86, 85, 84, 83, 82, 81, 80, 79, 78, 65, 52, 39, 26, 27, 28, 41, 54, 55, 56, 43, 30, 17, 4, 3, 2, 1, 0]
[00:00:00:43:690] ! Unidirectional t-s. expansions: 10,465, time: 43,689 [ms], path length: 94 [edges], generated: 15,599
[00:00:02:06:211] Expansion 20,000: f=97, g=30
[00:00:04:14:153] Expansion 40,000: f=94, g=37
[00:00:05:50:976] Path of length 94 found: [0, 1, 2, 3, 4, 17, 30, 31, 32, 19, 6, 7, 8, 9, 10, 11, 12, 25, 38, 51, 64, 63, 50, 37, 36, 49, 48, 35, 34, 47, 60, 59, 58, 57, 56, 55, 54, 41, 28, 27, 26, 39, 52, 65, 78, 79, 80, 81, 82, 83, 84, 85, 86, 87, 74, 61, 62, 75, 88, 89, 90, 103, 116, 115, 114, 113, 112, 111, 110, 109, 122, 135, 134, 133, 132, 131, 130, 143, 156, 157, 158, 159, 160, 161, 162, 163, 164, 165, 152, 139, 140, 141, 142, 155, 168]
[00:00:05:50:978] ! Bidirectional. expansions: 53,141, time: 350,977 [ms], path length: 94 [edges], g_F: 49, g_B: 45, generated: 79,614, MM: 4, MMPER: 3.2105263157894735%
[00:00:05:50:979] 
---------- mazes/13x13_maze_with_1_open_diamonds_9 ----------
[00:00:00:50:900] Expansion 10,000: state None, f=96, g=74
[00:00:01:33:456] Expansion 20,000: state None, f=95, g=42
[00:00:02:13:864] Expansion 30,000: state None, f=94, g=57
[00:00:02:55:343] Expansion 40,000: state None, f=93, g=60
[00:00:03:28:069] Path of length 92 found: [0, 1, 2, 3, 4, 17, 30, 31, 32, 19, 6, 7, 8, 9, 10, 11, 12, 25, 38, 37, 36, 49, 62, 61, 74, 87, 88, 89, 90, 103, 116, 115, 114, 113, 126, 125, 112, 111, 98, 99, 86, 85, 84, 71, 58, 57, 56, 55, 54, 41, 28, 27, 26, 39, 52, 65, 78, 79, 92, 105, 106, 107, 108, 109, 110, 123, 124, 137, 136, 135, 134, 133, 132, 131, 130, 143, 156, 157, 158, 159, 160, 161, 162, 163, 164, 165, 152, 139, 140, 141, 142, 155, 168]
[00:00:03:28:072] ! Unidirectional s-t. expansions: 46,529, time: 208,069 [ms], path length: 92 [edges], generated: 70,258
[00:00:00:55:594] Expansion 10,000: state None, f=105, g=30
[00:00:01:46:604] Expansion 20,000: state None, f=103, g=54
[00:00:02:35:151] Expansion 30,000: state None, f=102, g=42
[00:00:03:25:609] Expansion 40,000: state None, f=101, g=48
[00:00:04:13:101] Expansion 50,000: state None, f=100, g=42
[00:00:05:03:647] Expansion 60,000: state None, f=99, g=56
[00:00:05:52:708] Expansion 70,000: state None, f=98, g=59
[00:00:06:39:661] Expansion 80,000: state None, f=98, g=36
[00:00:07:29:332] Expansion 90,000: state None, f=97, g=53
[00:00:08:14:684] Expansion 100,000: state None, f=96, g=57
[00:00:08:58:826] Expansion 110,000: state None, f=96, g=49
[00:00:09:50:795] Expansion 120,000: state None, f=95, g=69
[00:00:10:31:658] Expansion 130,000: state None, f=95, g=51
[00:00:11:17:592] Expansion 140,000: state None, f=94, g=75
[00:00:11:54:099] Expansion 150,000: state None, f=94, g=65
[00:00:12:35:927] Expansion 160,000: state None, f=94, g=60
[00:00:13:28:172] Expansion 170,000: state None, f=94, g=32
[00:00:14:08:585] Expansion 180,000: state None, f=93, g=63
[00:00:14:52:783] Expansion 190,000: state None, f=93, g=50
[00:00:15:40:877] Path of length 92 found: [168, 155, 142, 141, 140, 139, 152, 165, 164, 163, 162, 161, 160, 159, 158, 157, 156, 143, 130, 131, 132, 133, 134, 135, 122, 109, 110, 123, 136, 137, 138, 125, 124, 111, 98, 85, 86, 99, 112, 113, 114, 115, 116, 103, 90, 89, 88, 87, 74, 61, 62, 63, 64, 51, 38, 25, 12, 11, 10, 9, 8, 7, 6, 19, 32, 45, 58, 71, 84, 83, 82, 81, 80, 79, 78, 65, 52, 39, 26, 27, 28, 41, 54, 55, 56, 43, 30, 17, 4, 3, 2, 1, 0]
[00:00:15:40:879] ! Unidirectional t-s. expansions: 198,274, time: 940,877 [ms], path length: 92 [edges], generated: 276,295
[00:00:02:02:921] Expansion 20,000: f=103, g=49
[00:00:04:06:790] Expansion 40,000: f=100, g=43
[00:00:06:11:260] Expansion 60,000: f=98, g=33
[00:00:08:25:598] Expansion 80,000: f=95, g=46
[00:00:10:48:234] Expansion 100,000: f=93, g=34
[00:00:13:17:968] Expansion 120,000: f=90, g=43
[00:00:15:40:018] Expansion 140,000: f=89, g=28
[00:00:16:39:029] Path of length 92 found: [0, 1, 2, 3, 4, 17, 30, 31, 32, 19, 6, 7, 8, 9, 10, 11, 12, 25, 38, 37, 36, 49, 62, 61, 60, 59, 58, 57, 56, 55, 54, 41, 28, 27, 26, 39, 52, 65, 78, 79, 92, 105, 106, 107, 108, 109, 110, 123, 124, 111, 112, 99, 98, 85, 86, 87, 88, 89, 90, 103, 116, 115, 114, 113, 126, 125, 138, 137, 136, 135, 134, 133, 132, 131, 130, 143, 156, 157, 158, 159, 160, 161, 162, 163, 164, 165, 152, 139, 140, 141, 142, 155, 168]
[00:00:16:39:036] ! Bidirectional. expansions: 142,516, time: 999,029 [ms], path length: 92 [edges], g_F: 38, g_B: 54, generated: 202,647, MM: 16, MMPER: 16.204301075268816%

[00:00:16:39:037] average expansions: (33,374, 56,280, 63,506, 0)
[00:00:16:39:037] average time: (160,506, 266,483, 426,133, 0)
[00:00:16:39:037] XA*: 33,374 , 160,506 (expansions , time[ms])
[00:00:16:39:037] XMM: 63,506 , 426,133 (expansions , time[ms])

