--------------------------
date: mazes
number_of_graphs: 10
graph_type: maze
size_of_graphs: [13, 13]
heuristic: bcc_heuristic
snake: False
run_uni: True
run_bi: True
run_multi: False
solution_vertices: []
algorithms: ['A']
lookahead: -1
bsd: False
cube_first_dims: 4
cube_buffer_dim: None
backward_sym_generation: False
sym_coil: False
prefix_set: None

---------- mazes/13x13_maze_with_1_open_diamonds_0 ----------
[00:00:00:25:972] Expansion 10,000: state None, f=97, g=35
[00:00:00:50:535] Expansion 20,000: state None, f=95, g=20
[00:00:01:12:615] Expansion 30,000: state None, f=93, g=30
[00:00:01:16:929] Path of length 92 found: [0, 1, 2, 3, 4, 17, 30, 31, 32, 19, 6, 7, 8, 9, 10, 11, 12, 25, 38, 37, 36, 49, 62, 61, 60, 59, 58, 57, 56, 55, 54, 41, 28, 27, 26, 39, 52, 65, 78, 79, 80, 81, 82, 83, 84, 85, 86, 87, 88, 89, 90, 103, 116, 115, 114, 113, 112, 111, 110, 109, 122, 135, 134, 133, 132, 119, 120, 107, 106, 105, 118, 131, 130, 143, 156, 157, 144, 145, 146, 159, 160, 161, 162, 163, 164, 165, 152, 139, 140, 141, 142, 155, 168]
[00:00:01:16:931] ! Unidirectional s-t. expansions: 31,360, time: 76,929 [ms], path length: 92 [edges], generated: 47,235
[00:00:00:31:615] Expansion 10,000: state None, f=101, g=28
[00:00:00:57:192] Expansion 20,000: state None, f=99, g=45
[00:00:01:19:770] Expansion 30,000: state None, f=98, g=33
[00:00:01:43:605] Expansion 40,000: state None, f=97, g=38
[00:00:02:05:221] Expansion 50,000: state None, f=96, g=42
[00:00:02:29:967] Expansion 60,000: state None, f=95, g=60
[00:00:02:53:409] Expansion 70,000: state None, f=95, g=23
[00:00:03:12:865] Expansion 80,000: state None, f=94, g=43
[00:00:03:37:105] Expansion 90,000: state None, f=94, g=31
[00:00:03:56:216] Expansion 100,000: state None, f=93, g=45
[00:00:04:20:229] Path of length 92 found: [168, 155, 142, 141, 140, 139, 152, 165, 164, 163, 150, 137, 136, 135, 134, 133, 146, 159, 158, 157, 156, 143, 130, 131, 144, 145, 132, 119, 118, 105, 106, 107, 108, 109, 110, 111, 112, 113, 114, 115, 116, 103, 90, 89, 88, 87, 86, 85, 84, 83, 82, 81, 80, 79, 78, 65, 52, 39, 26, 27, 28, 41, 54, 55, 56, 57, 58, 59, 60, 61, 62, 63, 64, 51, 38, 25, 12, 11, 10, 9, 8, 7, 6, 19, 32, 31, 30, 17, 4, 3, 2, 1, 0]
[00:00:04:20:232] ! Unidirectional t-s. expansions: 108,294, time: 260,230 [ms], path length: 92 [edges], generated: 154,445
[00:00:00:19:814] Expansion 10,000: F [0, 1, 2, 3, 4, 17, 30, 43, 56, 55, 54, 53, 52, 65, 78, 79, 80, 81, 82, 83, 84, 71, 58, 45], B [168, 155, 142, 141, 140, 139, 152, 165, 164, 163, 162, 161, 160, 159, 146, 145, 158, 157, 156, 143, 130, 131, 118, 105], f=95, g=46
[00:00:00:37:069] Expansion 20,000: F [0, 1, 2, 3, 4, 17, 30, 31, 32, 19, 6, 7, 8, 9, 10, 11, 12, 25, 38, 37, 36, 49, 62, 61, 74, 87, 88, 89, 90, 103, 116, 115, 114, 113], B [168, 155, 142, 141, 140, 139, 152, 165, 164, 163, 162, 161, 160, 159, 158, 157, 156, 143, 130, 131, 132, 145, 146, 133, 134, 135, 122, 109, 108, 107, 106, 119, 118], f=93, g=65
[00:00:00:54:206] Path of length 92 found: [0, 1, 2, 3, 4, 17, 30, 31, 32, 19, 6, 7, 8, 9, 10, 11, 12, 25, 38, 37, 36, 49, 62, 61, 60, 59, 58, 57, 56, 55, 54, 41, 28, 27, 26, 39, 52, 65, 78, 79, 80, 81, 82, 83, 84, 85, 86, 87, 88, 89, 90, 103, 116, 115, 114, 113, 112, 111, 110, 109, 108, 107, 106, 105, 118, 119, 132, 131, 130, 143, 156, 157, 144, 145, 158, 159, 146, 133, 134, 135, 136, 137, 150, 163, 164, 165, 152, 139, 140, 141, 142, 155, 168]
[00:00:00:54:225] ! Bidirectional. expansions: 29,195, time: 54,215 [ms], path length: 92 [edges], g_F: 47, g_B: 45, generated: {'F': 23,220, 'B': 23,323}, MM: 2, MMPER: 1.150537634408602%
[00:00:00:54:227] 
---------- mazes/13x13_maze_with_1_open_diamonds_1 ----------
[00:00:00:29:844] Expansion 10,000: state None, f=98, g=40
[00:00:01:16:087] Expansion 20,000: state None, f=95, g=36
[00:00:01:38:827] Expansion 30,000: state None, f=93, g=35
[00:00:02:03:066] Expansion 40,000: state None, f=92, g=23
[00:00:02:23:860] Expansion 50,000: state None, f=91, g=30
[00:00:02:27:339] Path of length 90 found: [0, 1, 2, 15, 28, 27, 26, 39, 52, 53, 54, 41, 42, 29, 16, 3, 4, 17, 30, 43, 56, 57, 58, 45, 32, 19, 6, 7, 8, 9, 10, 11, 12, 25, 38, 37, 36, 49, 62, 61, 74, 87, 88, 89, 90, 103, 116, 115, 114, 113, 112, 99, 86, 85, 84, 83, 82, 81, 80, 79, 92, 105, 106, 107, 108, 109, 122, 135, 134, 133, 132, 131, 130, 143, 156, 157, 158, 159, 160, 161, 162, 163, 164, 165, 152, 139, 140, 141, 142, 155, 168]
[00:00:02:27:342] ! Unidirectional s-t. expansions: 51,200, time: 147,339 [ms], path length: 90 [edges], generated: 69,643
[00:00:00:03:490] Path of length 90 found: [168, 155, 142, 141, 140, 139, 152, 165, 164, 163, 162, 161, 160, 159, 158, 157, 156, 143, 130, 131, 132, 133, 134, 135, 122, 109, 108, 107, 106, 105, 92, 79, 80, 81, 82, 83, 84, 85, 86, 99, 112, 113, 114, 115, 116, 103, 90, 89, 88, 87, 74, 61, 62, 63, 64, 51, 38, 25, 12, 11, 10, 9, 8, 7, 6, 19, 32, 45, 58, 57, 56, 43, 30, 17, 4, 3, 16, 29, 42, 55, 54, 53, 52, 39, 26, 27, 28, 15, 2, 1, 0]
[00:00:00:03:492] ! Unidirectional t-s. expansions: 1,607, time: 3,491 [ms], path length: 90 [edges], generated: 2,500
[00:00:00:34:660] Expansion 10,000: F [0, 1, 2, 3, 4, 17, 30, 29, 42, 41, 28, 27, 26, 39, 52, 65, 78, 79], B [168, 155, 142, 141, 140, 139, 152, 165, 164, 163, 162, 161, 160, 159, 158, 157, 156, 143], f=96, g=34
[00:00:00:53:495] Expansion 20,000: F [0, 13, 26, 27, 28, 15, 16, 3, 4, 17, 30, 43, 42, 55, 54, 53, 52, 65, 78, 79, 80, 81, 82, 83], B [168, 155, 142, 141, 140, 139, 152, 165, 164, 163, 162, 161, 160, 159, 158, 157, 156, 143, 130, 131, 132, 133, 134, 135], f=93, g=46
[00:00:01:10:689] Expansion 30,000: F [0, 1, 2, 3, 4, 17, 30, 43, 56, 55, 42, 41, 54, 53, 52, 65, 78, 79, 80, 81], B [168, 155, 142, 141, 140, 139, 152, 165, 164, 163, 162, 161, 160, 159, 158, 157, 156, 143, 130], f=91, g=37
[00:00:01:17:594] Path of length 90 found: [0, 1, 2, 3, 4, 17, 16, 15, 28, 27, 26, 39, 52, 53, 54, 41, 42, 29, 30, 43, 56, 57, 58, 45, 32, 19, 6, 7, 8, 9, 10, 11, 12, 25, 38, 37, 36, 49, 62, 61, 74, 87, 88, 89, 90, 103, 116, 115, 114, 113, 112, 99, 86, 85, 84, 83, 82, 81, 80, 79, 92, 105, 106, 107, 108, 109, 122, 135, 134, 133, 132, 131, 130, 143, 156, 157, 158, 159, 160, 161, 162, 163, 164, 165, 152, 139, 140, 141, 142, 155, 168]
[00:00:01:17:596] ! Bidirectional. expansions: 32,905, time: 77,594 [ms], path length: 90 [edges], g_F: 46, g_B: 44, generated: {'F': 24,092, 'B': 19,128}, MM: 2, MMPER: 1.197802197802198%
[00:00:01:17:597] 
---------- mazes/13x13_maze_with_1_open_diamonds_2 ----------
[00:00:00:26:838] Expansion 10,000: state None, f=96, g=47
[00:00:00:49:478] Expansion 20,000: state None, f=94, g=34
[00:00:01:09:553] Path of length 92 found: [0, 1, 2, 3, 4, 17, 30, 43, 56, 55, 54, 41, 28, 27, 26, 39, 52, 65, 78, 79, 80, 81, 82, 83, 70, 57, 58, 45, 32, 19, 6, 7, 8, 9, 10, 11, 12, 25, 38, 37, 36, 49, 62, 61, 60, 59, 72, 71, 84, 85, 86, 87, 88, 89, 90, 103, 116, 115, 114, 113, 112, 99, 98, 111, 110, 97, 96, 109, 122, 135, 134, 133, 132, 131, 130, 143, 156, 157, 158, 159, 160, 161, 162, 163, 164, 165, 152, 139, 140, 141, 142, 155, 168]
[00:00:01:09:556] ! Unidirectional s-t. expansions: 29,438, time: 69,553 [ms], path length: 92 [edges], generated: 44,753
[00:00:00:24:917] Expansion 10,000: state None, f=96, g=49
[00:00:00:44:359] Expansion 20,000: state None, f=94, g=44
[00:00:00:55:792] Path of length 92 found: [168, 155, 142, 141, 140, 139, 152, 165, 164, 163, 162, 161, 160, 159, 158, 157, 156, 143, 130, 131, 132, 133, 134, 135, 122, 109, 110, 111, 112, 113, 114, 115, 116, 103, 90, 89, 88, 87, 86, 99, 98, 85, 72, 59, 60, 61, 62, 63, 64, 51, 38, 25, 12, 11, 10, 9, 8, 7, 6, 19, 32, 45, 58, 57, 70, 71, 84, 97, 96, 83, 82, 81, 80, 79, 78, 65, 52, 39, 26, 27, 28, 41, 54, 55, 56, 43, 30, 17, 4, 3, 2, 1, 0]
[00:00:00:55:796] ! Unidirectional t-s. expansions: 25,254, time: 55,792 [ms], path length: 92 [edges], generated: 36,149
[00:00:00:06:395] Path of length 92 found: [0, 1, 2, 3, 4, 17, 30, 31, 32, 19, 6, 7, 8, 9, 10, 11, 12, 25, 38, 37, 36, 49, 62, 61, 60, 59, 58, 71, 72, 85, 98, 99, 86, 87, 88, 89, 90, 103, 116, 115, 114, 113, 112, 111, 110, 97, 84, 83, 70, 57, 56, 55, 54, 41, 28, 27, 26, 39, 52, 65, 78, 79, 92, 105, 106, 107, 108, 109, 122, 135, 134, 133, 132, 131, 130, 143, 156, 157, 158, 159, 160, 161, 162, 163, 164, 165, 152, 139, 140, 141, 142, 155, 168]
[00:00:00:06:402] ! Bidirectional. expansions: 4,086, time: 6,396 [ms], path length: 92 [edges], g_F: 47, g_B: 45, generated: {'F': 3,496, 'B': 3,068}, MM: 2, MMPER: 1.150537634408602%
[00:00:00:06:403] 
---------- mazes/13x13_maze_with_1_open_diamonds_3 ----------
[00:00:00:29:247] Expansion 10,000: state None, f=92, g=56
[00:00:00:50:913] Expansion 20,000: state None, f=91, g=34
[00:00:00:52:242] Path of length 90 found: [0, 1, 2, 3, 4, 17, 30, 31, 32, 19, 6, 7, 8, 9, 10, 11, 12, 25, 38, 37, 36, 49, 62, 61, 60, 59, 58, 57, 56, 55, 54, 41, 28, 27, 26, 39, 52, 65, 78, 79, 80, 81, 82, 83, 84, 85, 86, 87, 88, 89, 90, 103, 116, 129, 142, 141, 140, 139, 126, 113, 114, 115, 102, 101, 100, 99, 98, 111, 110, 109, 122, 135, 134, 133, 132, 131, 130, 143, 156, 157, 158, 159, 160, 161, 162, 163, 164, 165, 166, 167, 168]
[00:00:00:52:245] ! Unidirectional s-t. expansions: 20,438, time: 52,242 [ms], path length: 90 [edges], generated: 31,641
[00:00:00:31:456] Expansion 10,000: state None, f=98, g=58
[00:00:00:54:062] Expansion 20,000: state None, f=95, g=59
[00:00:01:14:701] Expansion 30,000: state None, f=93, g=58
[00:00:01:34:411] Expansion 40,000: state None, f=92, g=39
[00:00:01:54:788] Path of length 90 found: [168, 167, 166, 165, 164, 163, 162, 161, 160, 159, 158, 157, 156, 143, 130, 131, 132, 133, 134, 135, 122, 109, 110, 111, 98, 85, 86, 99, 112, 113, 126, 139, 140, 141, 142, 129, 116, 115, 114, 101, 102, 103, 90, 89, 88, 87, 74, 61, 62, 63, 64, 51, 38, 25, 12, 11, 10, 9, 8, 7, 6, 19, 32, 45, 58, 71, 84, 83, 82, 81, 80, 79, 78, 65, 52, 39, 26, 27, 28, 41, 54, 55, 56, 43, 30, 17, 4, 3, 2, 1, 0]
[00:00:01:54:791] ! Unidirectional t-s. expansions: 49,827, time: 114,789 [ms], path length: 90 [edges], generated: 71,852
[00:00:00:20:964] Expansion 10,000: F [0, 1, 2, 3, 4, 17, 30, 31, 32, 19, 6, 7, 8, 9, 10, 11, 12, 25, 38, 51, 64, 63, 62, 61, 60, 59, 58, 57, 56, 55, 54, 41], B [168, 155, 142, 129, 116, 103, 90, 89, 88, 87, 100, 101, 102, 115, 114, 113, 126, 139, 152, 165, 164, 163, 162, 161, 160, 159, 158, 157, 156, 143, 130, 131], f=94, g=62
[00:00:00:37:469] Expansion 20,000: F [0, 13, 26, 27, 28, 41, 54, 55, 56, 43, 30, 31, 32, 19, 6, 7, 8, 9, 10, 11, 12, 25], B [168, 155, 142, 129, 116, 103, 90, 89, 102, 115, 114, 101, 88, 87, 86, 99, 100, 113, 126, 139, 152, 165], f=92, g=42
[00:00:00:52:141] Path of length 90 found: [0, 1, 2, 3, 4, 17, 30, 43, 56, 55, 54, 41, 28, 27, 26, 39, 52, 65, 78, 79, 80, 81, 82, 83, 84, 71, 58, 45, 32, 19, 6, 7, 8, 9, 10, 11, 12, 25, 38, 37, 36, 49, 62, 61, 74, 87, 88, 101, 114, 115, 102, 89, 90, 103, 116, 129, 142, 141, 140, 139, 126, 113, 112, 99, 86, 85, 98, 111, 110, 109, 122, 135, 134, 133, 132, 131, 130, 143, 156, 157, 158, 159, 160, 161, 162, 163, 164, 165, 166, 167, 168]
[00:00:00:52:148] ! Bidirectional. expansions: 28,008, time: 52,142 [ms], path length: 90 [edges], g_F: 46, g_B: 44, generated: {'F': 20,668, 'B': 20,548}, MM: 2, MMPER: 1.197802197802198%
[00:00:00:52:150] 
---------- mazes/13x13_maze_with_1_open_diamonds_4 ----------
[00:00:00:36:280] Expansion 10,000: state None, f=97, g=59
[00:00:01:00:975] Expansion 20,000: state None, f=95, g=25
[00:00:01:20:311] Expansion 30,000: state None, f=93, g=51
[00:00:01:31:124] Path of length 92 found: [0, 1, 2, 3, 4, 17, 30, 31, 32, 19, 6, 7, 8, 9, 10, 11, 12, 25, 38, 37, 36, 49, 62, 61, 60, 59, 58, 57, 56, 55, 54, 41, 28, 27, 26, 39, 52, 65, 78, 79, 80, 81, 82, 83, 84, 85, 86, 87, 88, 89, 90, 103, 116, 115, 114, 113, 112, 111, 110, 109, 108, 107, 106, 119, 132, 131, 130, 143, 156, 157, 158, 159, 160, 147, 134, 133, 120, 121, 122, 123, 136, 137, 150, 163, 164, 165, 152, 139, 140, 141, 142, 155, 168]
[00:00:01:31:127] ! Unidirectional s-t. expansions: 33,578, time: 91,124 [ms], path length: 92 [edges], generated: 51,823
[00:00:00:34:324] Expansion 10,000: state None, f=101, g=32
[00:00:01:00:001] Expansion 20,000: state None, f=99, g=33
[00:00:01:21:496] Expansion 30,000: state None, f=97, g=50
[00:00:01:43:475] Expansion 40,000: state None, f=96, g=45
[00:00:02:06:201] Expansion 50,000: state None, f=95, g=38
[00:00:02:26:258] Expansion 60,000: state None, f=94, g=63
[00:00:02:51:055] Expansion 70,000: state None, f=93, g=77
[00:00:03:10:537] Expansion 80,000: state None, f=93, g=34
[00:00:03:17:308] Path of length 92 found: [168, 167, 166, 165, 152, 139, 140, 141, 142, 129, 116, 103, 90, 89, 88, 87, 74, 61, 62, 63, 64, 51, 38, 25, 12, 11, 10, 9, 8, 7, 6, 19, 32, 45, 58, 71, 84, 85, 86, 99, 112, 111, 110, 123, 136, 137, 150, 163, 162, 161, 160, 159, 158, 157, 156, 143, 130, 131, 132, 119, 106, 107, 120, 133, 134, 135, 122, 109, 108, 95, 82, 81, 80, 79, 78, 65, 52, 39, 26, 27, 28, 41, 54, 55, 56, 43, 30, 17, 4, 3, 2, 1, 0]
[00:00:03:17:310] ! Unidirectional t-s. expansions: 82,439, time: 197,308 [ms], path length: 92 [edges], generated: 118,601
[00:00:00:32:079] Expansion 10,000: F [0, 1, 2, 3, 4, 17, 30, 43, 56, 55, 54, 41, 28, 27, 26, 39, 52, 65, 78, 79, 92, 105, 106, 107, 108, 95, 82], B [168, 167, 166, 165, 164, 163, 162, 161, 160, 159, 158, 157, 156, 143, 130, 131, 132, 119, 120, 121, 134, 135, 136, 123, 110, 111, 112], f=95, g=52
[00:00:00:46:829] Expansion 20,000: F [0, 13, 26, 27, 28, 41, 54, 53, 52, 65, 78, 79, 92, 105, 106, 119, 132, 131, 130, 143, 156, 157, 158, 159, 160, 147, 134, 133, 120, 121, 108, 95], B [168, 155, 142, 141, 140, 139, 152, 165, 164, 163, 150, 137, 136, 135, 122, 109, 110, 111, 112, 113, 114, 115, 116, 103, 90, 89, 88, 87, 74, 61, 62], f=93, g=61
[00:00:00:56:597] Path of length 92 found: [0, 1, 2, 3, 4, 17, 30, 43, 56, 55, 54, 41, 28, 27, 26, 39, 52, 65, 78, 79, 80, 81, 82, 95, 108, 107, 106, 119, 120, 121, 134, 133, 132, 131, 130, 143, 156, 157, 158, 159, 160, 161, 162, 163, 150, 137, 136, 135, 122, 109, 110, 111, 112, 99, 86, 85, 84, 71, 58, 45, 32, 19, 6, 7, 8, 9, 10, 11, 12, 25, 38, 51, 64, 63, 62, 61, 74, 87, 88, 89, 90, 103, 116, 129, 142, 141, 140, 139, 152, 165, 166, 167, 168]
[00:00:00:56:602] ! Bidirectional. expansions: 25,666, time: 56,597 [ms], path length: 92 [edges], g_F: 47, g_B: 45, generated: {'F': 19,621, 'B': 19,819}, MM: 2, MMPER: 1.150537634408602%
[00:00:00:56:605] 
---------- mazes/13x13_maze_with_1_open_diamonds_5 ----------
[00:00:00:26:120] Expansion 10,000: state None, f=98, g=46
[00:00:00:48:023] Expansion 20,000: state None, f=95, g=60
[00:00:01:08:305] Expansion 30,000: state None, f=93, g=71
[00:00:01:22:525] Path of length 92 found: [0, 1, 2, 3, 4, 17, 30, 31, 32, 19, 6, 7, 8, 9, 10, 11, 12, 25, 38, 37, 36, 49, 62, 61, 60, 59, 58, 57, 56, 55, 54, 41, 28, 27, 26, 39, 52, 65, 78, 79, 80, 81, 82, 83, 84, 85, 86, 87, 88, 89, 90, 103, 116, 115, 114, 113, 112, 111, 110, 109, 108, 107, 106, 105, 118, 131, 130, 143, 156, 157, 158, 159, 146, 133, 132, 119, 120, 121, 122, 135, 136, 137, 150, 163, 164, 165, 152, 139, 140, 141, 142, 155, 168]
[00:00:01:22:529] ! Unidirectional s-t. expansions: 36,899, time: 82,525 [ms], path length: 92 [edges], generated: 55,900
[00:00:00:30:897] Expansion 10,000: state None, f=100, g=50
[00:00:00:53:398] Expansion 20,000: state None, f=98, g=49
[00:00:01:16:356] Expansion 30,000: state None, f=97, g=24
[00:00:01:37:520] Expansion 40,000: state None, f=96, g=31
[00:00:01:59:086] Expansion 50,000: state None, f=95, g=17
[00:00:02:18:063] Expansion 60,000: state None, f=94, g=42
[00:00:02:40:016] Expansion 70,000: state None, f=93, g=50
[00:00:02:57:156] Path of length 92 found: [168, 167, 166, 165, 152, 139, 140, 141, 142, 129, 116, 103, 90, 89, 88, 87, 74, 61, 62, 63, 64, 51, 38, 25, 12, 11, 10, 9, 8, 7, 6, 19, 32, 45, 58, 71, 84, 85, 86, 99, 112, 111, 110, 109, 122, 135, 136, 137, 150, 163, 162, 161, 160, 159, 158, 157, 156, 143, 130, 131, 118, 105, 106, 119, 132, 133, 134, 121, 108, 107, 94, 81, 80, 79, 78, 65, 52, 39, 26, 27, 28, 41, 54, 55, 56, 43, 30, 17, 4, 3, 2, 1, 0]
[00:00:02:57:159] ! Unidirectional t-s. expansions: 77,684, time: 177,157 [ms], path length: 92 [edges], generated: 112,634
[00:00:00:16:921] Expansion 10,000: F [0, 1, 2, 3, 4, 17, 30, 31, 32, 19, 6, 7, 8, 9, 10, 11, 12, 25, 38, 37, 36, 49, 62, 61, 60], B [168, 155, 142, 141, 140, 139, 152, 165, 164, 163, 162, 161, 160, 159, 158, 157, 156, 143, 130, 131, 132, 119, 120, 121, 134], f=95, g=48
[00:00:00:30:947] Expansion 20,000: F [0, 1, 2, 3, 4, 17, 30, 31, 32, 19, 6, 7, 8, 9, 10, 11, 12, 25, 38, 37, 36, 49, 62, 61, 74, 87, 88, 89, 90, 103], B [168, 155, 142, 141, 140, 139, 152, 165, 164, 163, 150, 137, 136, 135, 134, 121, 120, 133, 146, 159, 158, 157, 156, 143, 130, 131, 118, 105, 92, 79], f=93, g=58
[00:00:00:39:439] Path of length 92 found: [0, 1, 2, 3, 4, 17, 30, 43, 56, 55, 54, 41, 28, 27, 26, 39, 52, 65, 78, 79, 80, 81, 94, 107, 106, 105, 118, 119, 120, 133, 132, 131, 130, 143, 156, 157, 158, 159, 160, 161, 162, 163, 150, 137, 136, 135, 122, 121, 108, 109, 110, 111, 112, 99, 86, 85, 84, 71, 58, 45, 32, 19, 6, 7, 8, 9, 10, 11, 12, 25, 38, 51, 64, 63, 62, 61, 74, 87, 88, 89, 90, 103, 116, 129, 142, 141, 140, 139, 152, 165, 166, 167, 168]
[00:00:00:39:445] ! Bidirectional. expansions: 24,609, time: 39,439 [ms], path length: 92 [edges], g_F: 47, g_B: 45, generated: {'F': 19,450, 'B': 19,195}, MM: 2, MMPER: 1.150537634408602%
[00:00:00:39:447] 
---------- mazes/13x13_maze_with_1_open_diamonds_6 ----------
[00:00:00:38:076] Expansion 10,000: state None, f=95, g=31
[00:00:00:57:422] Path of length 92 found: [0, 1, 2, 3, 4, 17, 30, 43, 56, 55, 54, 41, 28, 27, 26, 39, 52, 65, 78, 79, 80, 81, 82, 83, 84, 71, 58, 45, 32, 19, 6, 7, 8, 9, 10, 11, 12, 25, 38, 51, 64, 63, 62, 49, 36, 35, 34, 47, 60, 59, 72, 85, 86, 73, 74, 87, 88, 89, 90, 103, 116, 115, 114, 113, 112, 111, 110, 109, 122, 135, 134, 133, 132, 131, 130, 143, 156, 157, 158, 159, 160, 161, 162, 163, 164, 165, 152, 139, 140, 141, 142, 155, 168]
[00:00:00:57:426] ! Unidirectional s-t. expansions: 19,096, time: 57,422 [ms], path length: 92 [edges], generated: 28,635
[00:00:00:17:946] Path of length 92 found: [168, 155, 142, 141, 140, 139, 152, 165, 164, 163, 162, 161, 160, 159, 158, 157, 156, 143, 130, 131, 132, 133, 134, 135, 122, 109, 110, 111, 112, 113, 114, 115, 116, 103, 90, 89, 88, 75, 74, 87, 86, 73, 60, 47, 34, 35, 36, 49, 62, 63, 64, 51, 38, 25, 12, 11, 10, 9, 8, 7, 6, 19, 32, 45, 58, 59, 72, 85, 84, 83, 82, 81, 80, 79, 78, 65, 52, 39, 26, 27, 28, 41, 54, 55, 56, 43, 30, 17, 4, 3, 2, 1, 0]
[00:00:00:17:964] ! Unidirectional t-s. expansions: 7,299, time: 17,948 [ms], path length: 92 [edges], generated: 10,743
[00:00:00:02:836] Path of length 92 found: [0, 1, 2, 3, 4, 17, 30, 31, 32, 19, 6, 7, 8, 9, 10, 11, 12, 25, 38, 51, 64, 63, 62, 49, 36, 35, 34, 47, 60, 61, 74, 75, 88, 89, 90, 103, 116, 115, 114, 113, 112, 99, 86, 73, 72, 85, 84, 71, 58, 57, 56, 55, 54, 41, 28, 27, 26, 39, 52, 65, 78, 79, 92, 105, 106, 107, 108, 109, 122, 135, 134, 133, 132, 131, 130, 143, 156, 157, 158, 159, 160, 161, 162, 163, 164, 165, 152, 139, 140, 141, 142, 155, 168]
[00:00:00:02:843] ! Bidirectional. expansions: 2,042, time: 2,839 [ms], path length: 92 [edges], g_F: 47, g_B: 45, generated: {'F': 1,638, 'B': 1,481}, MM: 2, MMPER: 1.150537634408602%
[00:00:00:02:845] 
---------- mazes/13x13_maze_with_1_open_diamonds_7 ----------
[00:00:00:26:378] Expansion 10,000: state None, f=97, g=44
[00:00:00:47:978] Expansion 20,000: state None, f=95, g=19
[00:00:00:50:112] Path of length 94 found: [0, 1, 2, 3, 4, 17, 30, 31, 32, 19, 6, 7, 8, 9, 10, 11, 12, 25, 38, 51, 64, 63, 62, 49, 36, 35, 34, 21, 20, 33, 46, 47, 60, 61, 74, 87, 88, 89, 90, 103, 116, 115, 114, 113, 112, 99, 86, 85, 84, 71, 58, 57, 56, 55, 54, 41, 28, 27, 26, 39, 52, 65, 78, 79, 92, 105, 106, 107, 108, 109, 122, 135, 134, 133, 132, 131, 130, 143, 156, 157, 158, 159, 160, 161, 162, 163, 164, 165, 152, 139, 140, 141, 142, 155, 168]
[00:00:00:50:115] ! Unidirectional s-t. expansions: 20,475, time: 50,112 [ms], path length: 94 [edges], generated: 28,904
[00:00:00:02:533] Path of length 94 found: [168, 155, 142, 141, 140, 139, 152, 165, 164, 163, 162, 161, 160, 159, 158, 157, 156, 143, 130, 131, 132, 133, 134, 135, 122, 109, 108, 107, 106, 105, 92, 79, 78, 65, 52, 39, 26, 27, 28, 41, 54, 55, 56, 57, 58, 71, 84, 85, 86, 99, 112, 113, 114, 115, 116, 103, 90, 89, 88, 87, 74, 61, 60, 59, 46, 47, 34, 35, 36, 49, 62, 63, 64, 51, 38, 25, 12, 11, 10, 9, 8, 21, 20, 7, 6, 19, 32, 31, 30, 17, 4, 3, 2, 1, 0]
[00:00:00:02:534] ! Unidirectional t-s. expansions: 1,663, time: 2,533 [ms], path length: 94 [edges], generated: 2,602
[00:00:00:06:773] Path of length 94 found: [0, 1, 2, 3, 4, 17, 30, 31, 32, 19, 6, 7, 20, 21, 8, 9, 10, 11, 12, 25, 38, 51, 64, 63, 62, 49, 36, 35, 34, 33, 46, 47, 60, 61, 74, 87, 88, 89, 90, 103, 116, 115, 114, 113, 112, 99, 86, 85, 84, 71, 58, 57, 56, 55, 54, 41, 28, 27, 26, 39, 52, 65, 78, 79, 92, 105, 106, 107, 108, 109, 122, 135, 134, 133, 132, 131, 130, 143, 156, 157, 158, 159, 160, 161, 162, 163, 164, 165, 152, 139, 140, 141, 142, 155, 168]
[00:00:00:06:775] ! Bidirectional. expansions: 4,222, time: 6,774 [ms], path length: 94 [edges], g_F: 48, g_B: 46, generated: {'F': 3,052, 'B': 2,632}, MM: 2, MMPER: 1.1052631578947367%
[00:00:00:06:776] 
---------- mazes/13x13_maze_with_1_open_diamonds_8 ----------
[00:00:00:27:267] Expansion 10,000: state None, f=97, g=44
[00:00:00:48:677] Expansion 20,000: state None, f=95, g=19
[00:00:00:50:792] Path of length 94 found: [0, 1, 2, 3, 4, 17, 30, 31, 32, 19, 6, 7, 8, 9, 10, 11, 12, 25, 38, 51, 64, 63, 62, 49, 36, 35, 34, 21, 20, 33, 46, 47, 60, 61, 74, 87, 88, 89, 90, 103, 116, 115, 114, 113, 112, 99, 86, 85, 84, 71, 58, 57, 56, 55, 54, 41, 28, 27, 26, 39, 52, 65, 78, 79, 92, 105, 106, 107, 108, 109, 122, 135, 134, 133, 132, 131, 130, 143, 156, 157, 158, 159, 160, 161, 162, 163, 164, 165, 152, 139, 140, 141, 142, 155, 168]
[00:00:00:50:795] ! Unidirectional s-t. expansions: 20,475, time: 50,792 [ms], path length: 94 [edges], generated: 28,904
[00:00:00:02:575] Path of length 94 found: [168, 155, 142, 141, 140, 139, 152, 165, 164, 163, 162, 161, 160, 159, 158, 157, 156, 143, 130, 131, 132, 133, 134, 135, 122, 109, 108, 107, 106, 105, 92, 79, 78, 65, 52, 39, 26, 27, 28, 41, 54, 55, 56, 57, 58, 71, 84, 85, 86, 99, 112, 113, 114, 115, 116, 103, 90, 89, 88, 87, 74, 61, 60, 59, 46, 47, 34, 35, 36, 49, 62, 63, 64, 51, 38, 25, 12, 11, 10, 9, 8, 21, 20, 7, 6, 19, 32, 31, 30, 17, 4, 3, 2, 1, 0]
[00:00:00:02:576] ! Unidirectional t-s. expansions: 1,663, time: 2,575 [ms], path length: 94 [edges], generated: 2,602
[00:00:00:06:650] Path of length 94 found: [0, 1, 2, 3, 4, 17, 30, 31, 32, 19, 6, 7, 20, 21, 8, 9, 10, 11, 12, 25, 38, 51, 64, 63, 62, 49, 36, 35, 34, 33, 46, 47, 60, 61, 74, 87, 88, 89, 90, 103, 116, 115, 114, 113, 112, 99, 86, 85, 84, 71, 58, 57, 56, 55, 54, 41, 28, 27, 26, 39, 52, 65, 78, 79, 92, 105, 106, 107, 108, 109, 122, 135, 134, 133, 132, 131, 130, 143, 156, 157, 158, 159, 160, 161, 162, 163, 164, 165, 152, 139, 140, 141, 142, 155, 168]
[00:00:00:06:652] ! Bidirectional. expansions: 4,222, time: 6,651 [ms], path length: 94 [edges], g_F: 48, g_B: 46, generated: {'F': 3,052, 'B': 2,632}, MM: 2, MMPER: 1.1052631578947367%
[00:00:00:06:653] 
---------- mazes/13x13_maze_with_1_open_diamonds_9 ----------
[00:00:00:27:829] Expansion 10,000: state None, f=96, g=74
[00:00:00:45:510] Expansion 20,000: state None, f=95, g=42
[00:00:01:00:314] Expansion 30,000: state None, f=94, g=57
[00:00:01:16:123] Expansion 40,000: state None, f=93, g=60
[00:00:01:30:533] Path of length 92 found: [0, 1, 2, 3, 4, 17, 30, 31, 32, 19, 6, 7, 8, 9, 10, 11, 12, 25, 38, 37, 36, 49, 62, 61, 74, 87, 88, 89, 90, 103, 116, 115, 114, 113, 126, 125, 112, 111, 98, 99, 86, 85, 84, 71, 58, 57, 56, 55, 54, 41, 28, 27, 26, 39, 52, 65, 78, 79, 92, 105, 106, 107, 108, 109, 110, 123, 124, 137, 136, 135, 134, 133, 132, 131, 130, 143, 156, 157, 158, 159, 160, 161, 162, 163, 164, 165, 152, 139, 140, 141, 142, 155, 168]
[00:00:01:30:535] ! Unidirectional s-t. expansions: 46,531, time: 90,533 [ms], path length: 92 [edges], generated: 70,258
[00:00:00:29:878] Expansion 10,000: state None, f=105, g=30
[00:00:00:51:781] Expansion 20,000: state None, f=103, g=54
[00:00:01:12:598] Expansion 30,000: state None, f=102, g=42
[00:00:01:33:817] Expansion 40,000: state None, f=101, g=48
[00:00:01:53:695] Expansion 50,000: state None, f=100, g=42
[00:00:02:15:328] Expansion 60,000: state None, f=99, g=56
[00:00:02:33:563] Expansion 70,000: state None, f=98, g=59
[00:00:02:54:702] Expansion 80,000: state None, f=98, g=36
[00:00:03:12:265] Expansion 90,000: state None, f=97, g=53
[00:00:03:31:622] Expansion 100,000: state None, f=96, g=57
[00:00:03:46:887] Expansion 110,000: state None, f=96, g=49
[00:00:04:09:446] Expansion 120,000: state None, f=95, g=69
[00:00:04:23:788] Expansion 130,000: state None, f=95, g=51
[00:00:04:41:909] Expansion 140,000: state None, f=94, g=75
[00:00:04:54:734] Expansion 150,000: state None, f=94, g=65
[00:00:05:14:723] Expansion 160,000: state None, f=94, g=60
[00:00:05:34:556] Expansion 170,000: state None, f=94, g=32
[00:00:05:49:734] Expansion 180,000: state None, f=93, g=63
[00:00:06:05:409] Expansion 190,000: state None, f=93, g=50
[00:00:06:30:730] Path of length 92 found: [168, 155, 142, 141, 140, 139, 152, 165, 164, 163, 162, 161, 160, 159, 158, 157, 156, 143, 130, 131, 132, 133, 134, 135, 122, 109, 110, 123, 136, 137, 138, 125, 124, 111, 98, 85, 86, 99, 112, 113, 114, 115, 116, 103, 90, 89, 88, 87, 74, 61, 62, 63, 64, 51, 38, 25, 12, 11, 10, 9, 8, 7, 6, 19, 32, 45, 58, 71, 84, 83, 82, 81, 80, 79, 78, 65, 52, 39, 26, 27, 28, 41, 54, 55, 56, 43, 30, 17, 4, 3, 2, 1, 0]
[00:00:06:30:732] ! Unidirectional t-s. expansions: 198,275, time: 390,730 [ms], path length: 92 [edges], generated: 276,295
[00:00:00:18:004] Expansion 10,000: F [0, 1, 2, 3, 4, 17, 30, 31, 32, 19, 6, 7, 8, 9, 10, 11, 12, 25, 38, 51, 64, 63, 62, 61, 60], B [168, 155, 142, 141, 140, 139, 138, 125, 126, 113, 114, 115, 116, 103, 90, 89, 88, 87, 86, 85, 98, 99, 112, 111], f=98, g=47
[00:00:00:33:149] Expansion 20,000: F [0, 1, 2, 3, 4, 17, 30, 31, 32, 19, 6, 7, 8, 9, 10, 11, 12, 25, 38, 51, 64, 63, 62, 61, 74, 87, 86, 99, 112, 111, 98], B [168, 167, 166, 165, 164, 163, 162, 161, 160, 159, 158, 157, 156, 143, 130, 131, 132, 133, 134, 135, 136, 137, 138, 139, 140, 141, 142, 129, 116, 115], f=96, g=59
[00:00:00:48:217] Expansion 30,000: F [0, 1, 2, 3, 4, 17, 30, 31, 32, 19, 6, 7, 8, 9, 10, 11, 12, 25, 38, 51, 64, 63, 62, 61, 60, 59], B [168, 167, 166, 165, 152, 139, 126, 113, 114, 115, 116, 103, 90, 89, 88, 87, 86, 85, 98, 99, 112, 125, 124, 123, 136], f=95, g=49
[00:00:01:03:160] Expansion 40,000: F [0, 1, 2, 3, 4, 17, 30, 31, 32, 19, 6, 7, 8, 9, 10, 11, 12, 25, 38, 37, 36, 49, 62, 61, 74, 87, 86, 99, 112, 125, 138, 137], B [168, 155, 142, 129, 116, 115, 114, 113, 126, 139, 152, 165, 164, 163, 162, 161, 160, 159, 158, 157, 156, 143, 130, 131, 132, 133, 134, 135, 136, 123, 122, 109], f=94, g=62
[00:00:01:16:750] Expansion 50,000: F [0, 1, 2, 3, 4, 17, 30, 43, 56, 55, 54, 41, 28, 27, 26, 39, 52, 65, 78, 79, 80, 81, 82, 83, 84, 71, 58, 45, 32], B [168, 167, 166, 165, 152, 139, 138, 137, 150, 163, 162, 161, 160, 159, 158, 157, 156, 143, 130, 131, 132, 133, 134, 135, 136, 123, 124, 125, 112], f=93, g=56
[00:00:01:32:958] Path of length 92 found: [0, 1, 2, 3, 4, 17, 30, 31, 32, 19, 6, 7, 8, 9, 10, 11, 12, 25, 38, 37, 36, 49, 62, 61, 60, 59, 58, 57, 56, 55, 54, 41, 28, 27, 26, 39, 52, 65, 78, 79, 92, 105, 106, 107, 108, 109, 122, 123, 124, 111, 112, 99, 98, 85, 86, 87, 88, 89, 90, 103, 116, 115, 114, 113, 126, 125, 138, 137, 136, 135, 134, 133, 132, 131, 130, 143, 156, 157, 158, 159, 160, 161, 162, 163, 164, 165, 152, 139, 140, 141, 142, 155, 168]
[00:00:01:32:964] ! Bidirectional. expansions: 58,191, time: 92,958 [ms], path length: 92 [edges], g_F: 47, g_B: 45, generated: {'F': 48,132, 'B': 45,175}, MM: 2, MMPER: 1.150537634408602%
[00:00:01:32:974] average expansions: (30,949, 55,400, 21,315, 0)
[00:00:01:32:982] average time: (76,857, 122,255, 39,560, 0)
[00:00:01:32:987] XA*: 30,949 , 76,857 (expansions , time[ms])
[00:00:01:32:992] BiXA*: 21,315 , 39,560 (expansions , time[ms])

