--------------------------
date: mazes
number_of_graphs: 10
graph_type: maze
size_of_graphs: [13, 13]
heuristic: bcc_heuristic
snake: False
run_uni: True
run_bi: True
run_multi: False
solution_vertices: []
algorithms: ['IDA']
lookahead: -1
bsd: False
cube_first_dims: 4
cube_buffer_dim: None
backward_sym_generation: False
sym_coil: False
prefix_set: None

---------- mazes/13x13_maze_with_1_open_diamonds_0 ----------
[00:00:05:08:909] Valid states checked so far: 200,000, Expansions: 135,842, Global best: 0
[00:00:07:02:530] Path of length 92 found: [0, 1, 2, 3, 4, 17, 30, 31, 32, 19, 6, 7, 8, 9, 10, 11, 12, 25, 38, 37, 36, 49, 62, 61, 60, 59, 58, 57, 56, 55, 54, 41, 28, 27, 26, 39, 52, 65, 78, 79, 80, 81, 82, 83, 84, 85, 86, 87, 88, 89, 90, 103, 116, 115, 114, 113, 112, 111, 110, 109, 108, 107, 106, 105, 118, 131, 130, 143, 156, 157, 158, 159, 146, 145, 132, 119, 120, 133, 134, 135, 136, 137, 150, 163, 164, 165, 152, 139, 140, 141, 142, 155, 168]
[00:00:07:02:530] ! Unidirectional s-t. expansions: 187,034, time: 422,530 [ms], path length: 92 [edges], generated: 275,614
[00:00:05:10:106] Valid states checked so far: 200,000, Expansions: 136,841, Global best: 61
[00:00:10:19:969] Valid states checked so far: 400,000, Expansions: 277,847, Global best: 61
[00:00:15:22:864] Valid states checked so far: 600,000, Expansions: 417,555, Global best: 61
[00:00:20:26:041] Valid states checked so far: 800,000, Expansions: 559,339, Global best: 61
[00:00:25:21:188] Valid states checked so far: 1,000,000, Expansions: 700,584, Global best: 61
[00:00:27:26:370] Path of length 92 found: [168, 155, 142, 141, 140, 139, 152, 165, 164, 163, 150, 137, 136, 135, 134, 133, 120, 119, 132, 145, 146, 159, 158, 157, 156, 143, 130, 131, 118, 105, 106, 107, 108, 109, 110, 111, 112, 113, 114, 115, 116, 103, 90, 89, 88, 87, 86, 85, 84, 83, 82, 81, 80, 79, 78, 65, 52, 39, 26, 27, 28, 41, 54, 55, 56, 57, 58, 59, 60, 61, 62, 63, 64, 51, 38, 25, 12, 11, 10, 9, 8, 7, 6, 19, 32, 31, 30, 17, 4, 3, 2, 1, 0]
[00:00:27:26:371] ! Unidirectional t-s. expansions: 760,532, time: 1,646,371 [ms], path length: 92 [edges], generated: 1,083,141
[00:00:03:45:319] Path of length 92 found: [0, 1, 2, 3, 4, 17, 30, 31, 32, 19, 6, 7, 8, 9, 10, 11, 12, 25, 38, 37, 36, 49, 62, 61, 60, 59, 58, 57, 56, 55, 54, 41, 28, 27, 26, 39, 52, 65, 78, 79, 80, 81, 82, 83, 84, 85, 86, 87, 88, 89, 90, 103, 116, 115, 114, 113, 112, 111, 110, 109, 108, 107, 106, 105, 118, 131, 130, 143, 156, 157, 158, 159, 146, 145, 132, 119, 120, 133, 134, 135, 136, 137, 150, 163, 164, 165, 152, 139, 140, 141, 142, 155, 168]
[00:00:03:45:319] ! Bidirectional. expansions: 103,272, time: 225,319 [ms], path length: 92 [edges], g_F: 47, g_B: 45, generated: {'F': 83,714, 'B': 83,713}, MM: 2, MMPER: 1.150537634408602%
[00:00:03:45:320] 
---------- mazes/13x13_maze_with_1_open_diamonds_1 ----------
[00:00:05:16:009] Valid states checked so far: 200,000, Expansions: 138,053, Global best: 0
[00:00:10:27:880] Valid states checked so far: 400,000, Expansions: 284,400, Global best: 0
[00:00:11:38:274] Path of length 90 found: [0, 13, 26, 39, 52, 53, 54, 41, 28, 15, 2, 3, 4, 17, 16, 29, 30, 43, 42, 55, 56, 57, 58, 45, 32, 19, 6, 7, 8, 9, 10, 11, 12, 25, 38, 37, 36, 49, 62, 61, 74, 87, 88, 89, 90, 103, 116, 115, 114, 113, 112, 99, 86, 85, 84, 83, 82, 81, 80, 79, 92, 105, 106, 107, 108, 109, 122, 135, 134, 133, 132, 131, 130, 143, 156, 157, 158, 159, 160, 161, 162, 163, 164, 165, 152, 139, 140, 141, 142, 155, 168]
[00:00:11:38:274] ! Unidirectional s-t. expansions: 317,774, time: 698,274 [ms], path length: 90 [edges], generated: 445,090
[00:00:00:13:170] Path of length 90 found: [168, 155, 142, 141, 140, 139, 152, 165, 164, 163, 162, 161, 160, 159, 158, 157, 156, 143, 130, 131, 132, 133, 134, 135, 122, 109, 108, 107, 106, 105, 92, 79, 80, 81, 82, 83, 84, 85, 86, 99, 112, 113, 114, 115, 116, 103, 90, 89, 88, 87, 74, 61, 62, 63, 64, 51, 38, 25, 12, 11, 10, 9, 8, 7, 6, 19, 32, 45, 58, 57, 56, 43, 30, 17, 4, 3, 2, 15, 16, 29, 28, 41, 42, 55, 54, 53, 52, 39, 26, 13, 0]
[00:00:00:13:170] ! Unidirectional t-s. expansions: 6,424, time: 13,170 [ms], path length: 90 [edges], generated: 9,834
[00:00:05:50:928] Path of length 90 found: [0, 13, 26, 39, 52, 53, 54, 41, 28, 15, 2, 3, 4, 17, 16, 29, 30, 43, 42, 55, 56, 57, 58, 45, 32, 19, 6, 7, 8, 9, 10, 11, 12, 25, 38, 37, 36, 49, 62, 61, 74, 87, 88, 89, 90, 103, 116, 115, 114, 113, 112, 99, 86, 85, 84, 83, 82, 81, 80, 79, 92, 105, 106, 107, 108, 109, 122, 135, 134, 133, 132, 131, 130, 143, 156, 157, 158, 159, 160, 161, 162, 163, 164, 165, 152, 139, 140, 141, 142, 155, 168]
[00:00:05:50:929] ! Bidirectional. expansions: 165,272, time: 350,928 [ms], path length: 90 [edges], g_F: 46, g_B: 44, generated: {'F': 126,916, 'B': 94,922}, MM: 2, MMPER: 1.197802197802198%
[00:00:05:50:929] 
---------- mazes/13x13_maze_with_1_open_diamonds_2 ----------
[00:00:03:57:855] Path of length 92 found: [0, 1, 2, 3, 4, 17, 30, 43, 56, 55, 54, 41, 28, 27, 26, 39, 52, 65, 78, 79, 80, 81, 82, 83, 70, 57, 58, 45, 32, 19, 6, 7, 8, 9, 10, 11, 12, 25, 38, 37, 36, 49, 62, 61, 60, 59, 72, 71, 84, 85, 98, 99, 86, 87, 88, 89, 90, 103, 116, 115, 114, 113, 112, 111, 110, 97, 96, 109, 122, 135, 134, 133, 132, 131, 130, 143, 156, 157, 158, 159, 160, 161, 162, 163, 164, 165, 152, 139, 140, 141, 142, 155, 168]
[00:00:03:57:856] ! Unidirectional s-t. expansions: 112,777, time: 237,855 [ms], path length: 92 [edges], generated: 174,980
[00:00:04:09:021] Path of length 92 found: [168, 155, 142, 141, 140, 139, 152, 165, 164, 163, 162, 161, 160, 159, 158, 157, 156, 143, 130, 131, 132, 133, 134, 135, 122, 109, 108, 107, 106, 105, 92, 79, 78, 65, 52, 39, 26, 27, 28, 41, 54, 55, 56, 57, 70, 83, 96, 97, 110, 111, 98, 99, 112, 113, 114, 115, 116, 103, 90, 89, 88, 87, 86, 85, 84, 71, 72, 59, 60, 61, 62, 63, 64, 51, 38, 25, 12, 11, 10, 9, 8, 7, 6, 19, 32, 31, 30, 17, 4, 3, 2, 1, 0]
[00:00:04:09:022] ! Unidirectional t-s. expansions: 131,362, time: 249,021 [ms], path length: 92 [edges], generated: 188,651
[00:00:00:21:746] Path of length 92 found: [0, 1, 2, 3, 4, 17, 30, 31, 32, 19, 6, 7, 8, 9, 10, 11, 12, 25, 38, 37, 36, 49, 62, 61, 60, 59, 58, 71, 72, 85, 98, 99, 86, 87, 88, 89, 90, 103, 116, 115, 114, 113, 112, 111, 110, 97, 84, 83, 70, 57, 56, 55, 54, 41, 28, 27, 26, 39, 52, 65, 78, 79, 92, 105, 106, 107, 108, 109, 122, 135, 134, 133, 132, 131, 130, 143, 156, 157, 158, 159, 160, 161, 162, 163, 164, 165, 152, 139, 140, 141, 142, 155, 168]
[00:00:00:21:746] ! Bidirectional. expansions: 11,454, time: 21,746 [ms], path length: 92 [edges], g_F: 47, g_B: 45, generated: {'F': 9,848, 'B': 8,577}, MM: 2, MMPER: 1.150537634408602%
[00:00:00:21:746] 
---------- mazes/13x13_maze_with_1_open_diamonds_3 ----------
[00:00:02:37:600] Path of length 90 found: [0, 1, 2, 3, 4, 17, 30, 43, 56, 55, 54, 41, 28, 27, 26, 39, 52, 65, 78, 79, 80, 81, 82, 83, 84, 71, 58, 45, 32, 19, 6, 7, 8, 9, 10, 11, 12, 25, 38, 37, 36, 49, 62, 61, 74, 87, 86, 85, 98, 99, 100, 101, 88, 89, 90, 103, 102, 115, 116, 129, 142, 141, 140, 139, 126, 113, 112, 111, 110, 109, 122, 135, 134, 133, 132, 131, 130, 143, 156, 157, 158, 159, 160, 161, 162, 163, 164, 165, 166, 167, 168]
[00:00:02:37:600] ! Unidirectional s-t. expansions: 74,318, time: 157,600 [ms], path length: 90 [edges], generated: 117,966
[00:00:04:59:191] Valid states checked so far: 200,000, Expansions: 140,048, Global best: 59
[00:00:09:34:869] Valid states checked so far: 400,000, Expansions: 280,311, Global best: 79
[00:00:11:17:873] Path of length 90 found: [168, 167, 166, 165, 164, 163, 162, 161, 160, 159, 158, 157, 156, 143, 130, 131, 132, 133, 134, 135, 122, 109, 108, 107, 106, 105, 92, 79, 78, 65, 52, 39, 26, 27, 28, 41, 54, 55, 56, 57, 58, 71, 84, 85, 98, 111, 112, 99, 100, 113, 126, 139, 140, 141, 142, 129, 116, 103, 90, 89, 102, 115, 114, 101, 88, 87, 74, 61, 62, 63, 64, 51, 38, 25, 12, 11, 10, 9, 8, 7, 6, 19, 32, 31, 30, 17, 4, 3, 2, 1, 0]
[00:00:11:17:873] ! Unidirectional t-s. expansions: 333,804, time: 677,873 [ms], path length: 90 [edges], generated: 476,230
[00:00:04:20:692] Path of length 90 found: [0, 1, 2, 3, 4, 17, 30, 43, 56, 55, 54, 41, 28, 27, 26, 39, 52, 65, 78, 79, 80, 81, 82, 83, 84, 71, 58, 45, 32, 19, 6, 7, 8, 9, 10, 11, 12, 25, 38, 37, 36, 49, 62, 61, 74, 87, 88, 101, 114, 115, 102, 89, 90, 103, 116, 129, 142, 141, 140, 139, 126, 113, 112, 99, 86, 85, 98, 111, 110, 109, 122, 135, 134, 133, 132, 131, 130, 143, 156, 157, 158, 159, 160, 161, 162, 163, 164, 165, 166, 167, 168]
[00:00:04:20:693] ! Bidirectional. expansions: 119,220, time: 260,692 [ms], path length: 90 [edges], g_F: 46, g_B: 44, generated: {'F': 85,444, 'B': 91,747}, MM: 2, MMPER: 1.197802197802198%
[00:00:04:20:693] 
---------- mazes/13x13_maze_with_1_open_diamonds_4 ----------
[00:00:04:39:719] Valid states checked so far: 200,000, Expansions: 129,736, Global best: 0
[00:00:06:19:379] Path of length 92 found: [0, 1, 2, 3, 4, 17, 30, 43, 56, 55, 54, 41, 28, 27, 26, 39, 52, 65, 78, 79, 80, 81, 82, 95, 108, 107, 106, 119, 132, 131, 130, 143, 156, 157, 158, 159, 160, 161, 162, 163, 150, 137, 136, 135, 134, 133, 120, 121, 122, 109, 110, 111, 112, 99, 86, 85, 84, 71, 58, 45, 32, 19, 6, 7, 8, 9, 10, 11, 12, 25, 38, 37, 36, 49, 62, 61, 74, 87, 88, 89, 90, 103, 116, 129, 142, 141, 140, 139, 152, 165, 166, 167, 168]
[00:00:06:19:380] ! Unidirectional s-t. expansions: 179,090, time: 379,380 [ms], path length: 92 [edges], generated: 275,197
[00:00:05:01:041] Valid states checked so far: 200,000, Expansions: 138,664, Global best: 61
[00:00:09:52:737] Valid states checked so far: 400,000, Expansions: 278,215, Global best: 61
[00:00:14:36:118] Valid states checked so far: 600,000, Expansions: 417,695, Global best: 81
[00:00:18:01:624] Path of length 92 found: [168, 167, 166, 165, 152, 139, 140, 141, 142, 129, 116, 103, 90, 89, 88, 87, 74, 61, 62, 63, 64, 51, 38, 25, 12, 11, 10, 9, 8, 7, 6, 19, 32, 45, 58, 71, 84, 85, 86, 99, 112, 111, 110, 109, 122, 123, 136, 137, 150, 163, 162, 161, 160, 159, 158, 157, 156, 143, 130, 131, 132, 119, 106, 107, 120, 133, 134, 121, 108, 95, 82, 81, 80, 79, 78, 65, 52, 39, 26, 27, 28, 41, 54, 55, 56, 43, 30, 17, 4, 3, 2, 1, 0]
[00:00:18:01:625] ! Unidirectional t-s. expansions: 518,882, time: 1,081,624 [ms], path length: 92 [edges], generated: 744,724
[00:00:02:45:461] Path of length 92 found: [0, 1, 2, 3, 4, 17, 30, 43, 56, 55, 54, 41, 28, 27, 26, 39, 52, 65, 78, 79, 80, 81, 82, 95, 108, 107, 106, 119, 132, 131, 130, 143, 156, 157, 158, 159, 160, 161, 162, 163, 150, 137, 136, 135, 134, 133, 120, 121, 122, 109, 110, 111, 112, 99, 86, 85, 84, 71, 58, 45, 32, 19, 6, 7, 8, 9, 10, 11, 12, 25, 38, 51, 64, 63, 62, 61, 74, 87, 88, 89, 90, 103, 116, 129, 142, 141, 140, 139, 152, 165, 166, 167, 168]
[00:00:02:45:462] ! Bidirectional. expansions: 79,895, time: 165,461 [ms], path length: 92 [edges], g_F: 47, g_B: 45, generated: {'F': 62,017, 'B': 62,202}, MM: 2, MMPER: 1.150537634408602%
[00:00:02:45:462] 
---------- mazes/13x13_maze_with_1_open_diamonds_5 ----------
[00:00:04:43:125] Valid states checked so far: 200,000, Expansions: 131,780, Global best: 0
[00:00:07:06:300] Path of length 92 found: [0, 1, 2, 3, 4, 17, 30, 43, 56, 55, 54, 41, 28, 27, 26, 39, 52, 65, 78, 79, 80, 81, 94, 107, 106, 105, 118, 131, 130, 143, 156, 157, 158, 159, 160, 161, 162, 163, 150, 137, 136, 135, 134, 133, 132, 119, 120, 121, 108, 109, 110, 111, 112, 99, 86, 85, 84, 71, 58, 45, 32, 19, 6, 7, 8, 9, 10, 11, 12, 25, 38, 37, 36, 49, 62, 61, 74, 87, 88, 89, 90, 103, 116, 129, 142, 141, 140, 139, 152, 165, 166, 167, 168]
[00:00:07:06:301] ! Unidirectional s-t. expansions: 202,651, time: 426,300 [ms], path length: 92 [edges], generated: 306,255
[00:00:04:53:924] Valid states checked so far: 200,000, Expansions: 136,896, Global best: 61
[00:00:09:39:941] Valid states checked so far: 400,000, Expansions: 275,132, Global best: 61
[00:00:14:20:629] Valid states checked so far: 600,000, Expansions: 413,267, Global best: 81
[00:00:16:09:365] Path of length 92 found: [168, 167, 166, 165, 152, 139, 140, 141, 142, 129, 116, 103, 90, 89, 88, 87, 74, 61, 62, 63, 64, 51, 38, 25, 12, 11, 10, 9, 8, 7, 6, 19, 32, 45, 58, 71, 84, 85, 86, 99, 112, 111, 110, 109, 108, 121, 122, 135, 136, 137, 150, 163, 162, 161, 160, 159, 158, 157, 156, 143, 130, 131, 118, 105, 106, 119, 132, 133, 120, 107, 94, 81, 80, 79, 78, 65, 52, 39, 26, 27, 28, 41, 54, 55, 56, 43, 30, 17, 4, 3, 2, 1, 0]
[00:00:16:09:366] ! Unidirectional t-s. expansions: 467,402, time: 969,365 [ms], path length: 92 [edges], generated: 677,505
[00:00:02:39:338] Path of length 92 found: [0, 1, 2, 3, 4, 17, 30, 43, 56, 55, 54, 41, 28, 27, 26, 39, 52, 65, 78, 79, 80, 81, 94, 107, 106, 105, 118, 119, 120, 133, 132, 131, 130, 143, 156, 157, 158, 159, 160, 161, 162, 163, 150, 137, 136, 135, 122, 121, 108, 109, 110, 111, 112, 99, 86, 85, 84, 71, 58, 45, 32, 19, 6, 7, 8, 9, 10, 11, 12, 25, 38, 51, 64, 63, 62, 61, 74, 87, 88, 89, 90, 103, 116, 129, 142, 141, 140, 139, 152, 165, 166, 167, 168]
[00:00:02:39:338] ! Bidirectional. expansions: 76,059, time: 159,338 [ms], path length: 92 [edges], g_F: 47, g_B: 45, generated: {'F': 61,133, 'B': 59,611}, MM: 2, MMPER: 1.150537634408602%
[00:00:02:39:339] 
---------- mazes/13x13_maze_with_1_open_diamonds_6 ----------
[00:00:02:37:367] Path of length 92 found: [0, 1, 2, 3, 4, 17, 30, 43, 56, 55, 54, 41, 28, 27, 26, 39, 52, 65, 78, 79, 80, 81, 82, 83, 84, 71, 58, 45, 32, 19, 6, 7, 8, 9, 10, 11, 12, 25, 38, 51, 64, 63, 62, 49, 36, 35, 34, 47, 60, 59, 72, 85, 86, 73, 74, 87, 88, 89, 90, 103, 116, 115, 114, 113, 112, 111, 110, 109, 122, 135, 134, 133, 132, 131, 130, 143, 156, 157, 158, 159, 160, 161, 162, 163, 164, 165, 152, 139, 140, 141, 142, 155, 168]
[00:00:02:37:368] ! Unidirectional s-t. expansions: 75,385, time: 157,367 [ms], path length: 92 [edges], generated: 115,096
[00:00:01:01:035] Path of length 92 found: [168, 155, 142, 141, 140, 139, 152, 165, 164, 163, 162, 161, 160, 159, 158, 157, 156, 143, 130, 131, 132, 133, 134, 135, 122, 109, 108, 107, 106, 105, 92, 79, 78, 65, 52, 39, 26, 27, 28, 41, 54, 55, 56, 57, 58, 71, 84, 85, 72, 73, 86, 99, 112, 113, 114, 115, 116, 103, 90, 89, 88, 87, 74, 61, 60, 47, 34, 35, 36, 49, 62, 63, 64, 51, 38, 25, 12, 11, 10, 9, 8, 7, 6, 19, 32, 31, 30, 17, 4, 3, 2, 1, 0]
[00:00:01:01:035] ! Unidirectional t-s. expansions: 33,287, time: 61,035 [ms], path length: 92 [edges], generated: 48,881
[00:00:00:12:020] Path of length 92 found: [0, 1, 2, 3, 4, 17, 30, 43, 56, 55, 54, 41, 28, 27, 26, 39, 52, 65, 78, 79, 80, 81, 82, 83, 84, 71, 58, 45, 32, 19, 6, 7, 8, 9, 10, 11, 12, 25, 38, 51, 64, 63, 62, 49, 36, 35, 34, 47, 60, 59, 72, 85, 86, 87, 74, 75, 88, 89, 90, 103, 116, 115, 114, 113, 112, 111, 110, 109, 122, 135, 134, 133, 132, 131, 130, 143, 156, 157, 158, 159, 160, 161, 162, 163, 164, 165, 152, 139, 140, 141, 142, 155, 168]
[00:00:00:12:020] ! Bidirectional. expansions: 6,302, time: 12,020 [ms], path length: 92 [edges], g_F: 47, g_B: 45, generated: {'F': 4,948, 'B': 4,400}, MM: 2, MMPER: 1.150537634408602%
[00:00:00:12:021] 
---------- mazes/13x13_maze_with_1_open_diamonds_7 ----------
[00:00:03:43:140] Path of length 94 found: [0, 1, 2, 3, 4, 17, 30, 31, 32, 19, 6, 7, 20, 21, 8, 9, 10, 11, 12, 25, 38, 51, 64, 63, 62, 49, 36, 35, 34, 33, 46, 47, 60, 61, 74, 87, 88, 89, 90, 103, 116, 115, 114, 113, 112, 99, 86, 85, 84, 71, 58, 57, 56, 55, 54, 41, 28, 27, 26, 39, 52, 65, 78, 79, 92, 105, 106, 107, 108, 109, 122, 135, 134, 133, 132, 131, 130, 143, 156, 157, 158, 159, 160, 161, 162, 163, 164, 165, 152, 139, 140, 141, 142, 155, 168]
[00:00:03:43:140] ! Unidirectional s-t. expansions: 105,005, time: 223,140 [ms], path length: 94 [edges], generated: 149,965
[00:00:00:11:518] Path of length 94 found: [168, 155, 142, 141, 140, 139, 152, 165, 164, 163, 162, 161, 160, 159, 158, 157, 156, 143, 130, 131, 132, 133, 134, 135, 122, 109, 108, 107, 106, 105, 92, 79, 78, 65, 52, 39, 26, 27, 28, 41, 54, 55, 56, 57, 58, 71, 84, 85, 86, 99, 112, 113, 114, 115, 116, 103, 90, 89, 88, 87, 74, 61, 60, 59, 46, 47, 34, 35, 36, 49, 62, 63, 64, 51, 38, 25, 12, 11, 10, 9, 8, 21, 20, 7, 6, 19, 32, 31, 30, 17, 4, 3, 2, 1, 0]
[00:00:00:11:519] ! Unidirectional t-s. expansions: 7,028, time: 11,518 [ms], path length: 94 [edges], generated: 10,824
[00:00:00:37:420] Path of length 94 found: [0, 1, 2, 3, 4, 17, 30, 31, 32, 19, 6, 7, 20, 21, 8, 9, 10, 11, 12, 25, 38, 51, 64, 63, 62, 49, 36, 35, 34, 33, 46, 47, 60, 61, 74, 87, 88, 89, 90, 103, 116, 115, 114, 113, 112, 99, 86, 85, 84, 71, 58, 57, 56, 55, 54, 41, 28, 27, 26, 39, 52, 65, 78, 79, 92, 105, 106, 107, 108, 109, 122, 135, 134, 133, 132, 131, 130, 143, 156, 157, 158, 159, 160, 161, 162, 163, 164, 165, 152, 139, 140, 141, 142, 155, 168]
[00:00:00:37:420] ! Bidirectional. expansions: 18,306, time: 37,420 [ms], path length: 94 [edges], g_F: 48, g_B: 46, generated: {'F': 13,052, 'B': 11,136}, MM: 2, MMPER: 1.1052631578947367%
[00:00:00:37:420] 
---------- mazes/13x13_maze_with_1_open_diamonds_8 ----------
[00:00:03:43:339] Path of length 94 found: [0, 1, 2, 3, 4, 17, 30, 31, 32, 19, 6, 7, 20, 21, 8, 9, 10, 11, 12, 25, 38, 51, 64, 63, 62, 49, 36, 35, 34, 33, 46, 47, 60, 61, 74, 87, 88, 89, 90, 103, 116, 115, 114, 113, 112, 99, 86, 85, 84, 71, 58, 57, 56, 55, 54, 41, 28, 27, 26, 39, 52, 65, 78, 79, 92, 105, 106, 107, 108, 109, 122, 135, 134, 133, 132, 131, 130, 143, 156, 157, 158, 159, 160, 161, 162, 163, 164, 165, 152, 139, 140, 141, 142, 155, 168]
[00:00:03:43:339] ! Unidirectional s-t. expansions: 105,005, time: 223,339 [ms], path length: 94 [edges], generated: 149,965
[00:00:00:11:597] Path of length 94 found: [168, 155, 142, 141, 140, 139, 152, 165, 164, 163, 162, 161, 160, 159, 158, 157, 156, 143, 130, 131, 132, 133, 134, 135, 122, 109, 108, 107, 106, 105, 92, 79, 78, 65, 52, 39, 26, 27, 28, 41, 54, 55, 56, 57, 58, 71, 84, 85, 86, 99, 112, 113, 114, 115, 116, 103, 90, 89, 88, 87, 74, 61, 60, 59, 46, 47, 34, 35, 36, 49, 62, 63, 64, 51, 38, 25, 12, 11, 10, 9, 8, 21, 20, 7, 6, 19, 32, 31, 30, 17, 4, 3, 2, 1, 0]
[00:00:00:11:597] ! Unidirectional t-s. expansions: 7,028, time: 11,597 [ms], path length: 94 [edges], generated: 10,824
[00:00:00:37:848] Path of length 94 found: [0, 1, 2, 3, 4, 17, 30, 31, 32, 19, 6, 7, 20, 21, 8, 9, 10, 11, 12, 25, 38, 51, 64, 63, 62, 49, 36, 35, 34, 33, 46, 47, 60, 61, 74, 87, 88, 89, 90, 103, 116, 115, 114, 113, 112, 99, 86, 85, 84, 71, 58, 57, 56, 55, 54, 41, 28, 27, 26, 39, 52, 65, 78, 79, 92, 105, 106, 107, 108, 109, 122, 135, 134, 133, 132, 131, 130, 143, 156, 157, 158, 159, 160, 161, 162, 163, 164, 165, 152, 139, 140, 141, 142, 155, 168]
[00:00:00:37:848] ! Bidirectional. expansions: 18,306, time: 37,848 [ms], path length: 94 [edges], g_F: 48, g_B: 46, generated: {'F': 13,052, 'B': 11,136}, MM: 2, MMPER: 1.1052631578947367%
[00:00:00:37:849] 
---------- mazes/13x13_maze_with_1_open_diamonds_9 ----------
[00:00:04:14:774] Valid states checked so far: 200,000, Expansions: 125,139, Global best: 87
[00:00:05:28:987] Path of length 92 found: [0, 1, 2, 3, 4, 17, 30, 43, 56, 55, 54, 41, 28, 27, 26, 39, 52, 65, 78, 79, 92, 105, 106, 107, 108, 109, 122, 135, 134, 133, 132, 131, 130, 143, 156, 157, 158, 159, 160, 161, 162, 163, 150, 137, 136, 123, 110, 111, 124, 125, 126, 113, 112, 99, 98, 85, 84, 71, 58, 45, 32, 19, 6, 7, 8, 9, 10, 11, 12, 25, 38, 37, 36, 49, 62, 61, 74, 87, 88, 89, 90, 103, 116, 129, 142, 141, 140, 139, 152, 165, 166, 167, 168]
[00:00:05:28:988] ! Unidirectional s-t. expansions: 164,193, time: 328,987 [ms], path length: 92 [edges], generated: 259,005
[00:00:05:09:748] Valid states checked so far: 200,000, Expansions: 143,904, Global best: 61
[00:00:10:13:050] Valid states checked so far: 400,000, Expansions: 290,273, Global best: 61
[00:00:15:13:279] Valid states checked so far: 600,000, Expansions: 436,981, Global best: 61
[00:00:20:06:508] Valid states checked so far: 800,000, Expansions: 581,904, Global best: 61
[00:00:24:55:874] Valid states checked so far: 1,000,000, Expansions: 727,223, Global best: 61
[00:00:29:35:976] Valid states checked so far: 1,200,000, Expansions: 870,618, Global best: 61
[00:00:34:17:536] Valid states checked so far: 1,400,000, Expansions: 1,015,238, Global best: 61
[00:00:38:54:400] Valid states checked so far: 1,600,000, Expansions: 1,159,714, Global best: 61
[00:00:43:24:743] Valid states checked so far: 1,800,000, Expansions: 1,303,139, Global best: 81
[00:00:47:58:320] Valid states checked so far: 2,000,000, Expansions: 1,446,953, Global best: 81
[00:00:48:05:718] Path of length 92 found: [168, 167, 166, 165, 152, 139, 140, 141, 142, 129, 116, 103, 90, 89, 88, 87, 74, 61, 62, 63, 64, 51, 38, 25, 12, 11, 10, 9, 8, 7, 6, 19, 32, 45, 58, 71, 84, 85, 86, 99, 98, 111, 112, 113, 126, 125, 138, 137, 150, 163, 162, 161, 160, 159, 158, 157, 156, 143, 130, 131, 132, 133, 134, 135, 136, 123, 110, 109, 108, 107, 106, 105, 92, 79, 78, 65, 52, 39, 26, 27, 28, 41, 54, 55, 56, 43, 30, 17, 4, 3, 2, 1, 0]
[00:00:48:05:719] ! Unidirectional t-s. expansions: 1,450,301, time: 2,885,718 [ms], path length: 92 [edges], generated: 2,004,831
[00:00:06:53:091] Path of length 92 found: [0, 1, 2, 3, 4, 17, 30, 43, 56, 55, 54, 41, 28, 27, 26, 39, 52, 65, 78, 79, 92, 105, 106, 107, 108, 109, 122, 123, 136, 135, 134, 133, 132, 131, 130, 143, 156, 157, 158, 159, 160, 161, 162, 163, 150, 137, 124, 125, 126, 113, 112, 111, 98, 99, 86, 85, 84, 71, 58, 45, 32, 19, 6, 7, 8, 9, 10, 11, 12, 25, 38, 51, 64, 63, 62, 61, 74, 87, 88, 89, 90, 103, 116, 129, 142, 141, 140, 139, 152, 165, 166, 167, 168]
[00:00:06:53:093] ! Bidirectional. expansions: 206,126, time: 413,091 [ms], path length: 92 [edges], g_F: 47, g_B: 45, generated: {'F': 172,302, 'B': 161,981}, MM: 2, MMPER: 1.150537634408602%
[00:00:06:53:093] average expansions: (152,323, 371,605, 80,421, 0)
[00:00:06:53:093] average time: (325,477, 760,729, 168,386, 0)
[00:00:06:53:093] XIDA: 152,323 , 325,477 (expansions , time[ms])
[00:00:06:53:093] BiXIDA: 80,421 , 168,386 (expansions , time[ms])

