--------------------------
date: mazes
number_of_graphs: 10
graph_type: maze
size_of_graphs: [13, 13]
heuristic: bcc_heuristic
snake: False
run_uni: True
run_bi: True
run_multi: False
solution_vertices: []
algorithms: ['IDA']
lookahead: 4
bsd: False
cube_first_dims: 4
cube_buffer_dim: None
backward_sym_generation: False
sym_coil: False
prefix_set: None

---------- mazes/13x13_maze_with_1_open_diamonds_0 ----------
[00:00:03:06:572] Valid states checked so far: 200,000, Expansions: 22,046, Global best: 57
[00:00:06:01:460] Valid states checked so far: 400,000, Expansions: 43,944, Global best: 89
[00:00:06:23:062] Path of length 92 found: [0, 1, 2, 3, 4, 17, 30, 31, 32, 19, 6, 7, 8, 9, 10, 11, 12, 25, 38, 37, 36, 49, 62, 61, 60, 59, 58, 57, 56, 55, 54, 41, 28, 27, 26, 39, 52, 65, 78, 79, 80, 81, 82, 83, 84, 85, 86, 87, 88, 89, 90, 103, 116, 115, 114, 113, 112, 111, 110, 109, 108, 107, 106, 105, 118, 131, 130, 143, 156, 157, 158, 159, 146, 145, 132, 119, 120, 133, 134, 135, 136, 137, 150, 163, 164, 165, 152, 139, 140, 141, 142, 155, 168]
[00:00:06:23:062] ! Unidirectional s-t. expansions: 46,767, time: 383,062 [ms], path length: 92 [edges], generated: 423,657
[00:00:03:09:910] Valid states checked so far: 200,000, Expansions: 21,669, Global best: 61
[00:00:06:11:395] Valid states checked so far: 400,000, Expansions: 44,434, Global best: 61
[00:00:09:13:324] Valid states checked so far: 600,000, Expansions: 68,126, Global best: 61
[00:00:12:10:256] Valid states checked so far: 800,000, Expansions: 91,388, Global best: 61
[00:00:15:01:504] Valid states checked so far: 1,000,000, Expansions: 114,239, Global best: 61
[00:00:17:56:102] Valid states checked so far: 1,200,000, Expansions: 137,273, Global best: 61
[00:00:20:52:386] Valid states checked so far: 1,400,000, Expansions: 160,893, Global best: 61
[00:00:23:14:732] Path of length 92 found: [168, 155, 142, 141, 140, 139, 152, 165, 164, 163, 150, 137, 136, 135, 134, 133, 120, 119, 132, 145, 146, 159, 158, 157, 156, 143, 130, 131, 118, 105, 106, 107, 108, 109, 110, 111, 112, 113, 114, 115, 116, 103, 90, 89, 88, 87, 86, 85, 84, 83, 82, 81, 80, 79, 78, 65, 52, 39, 26, 27, 28, 41, 54, 55, 56, 57, 58, 59, 60, 61, 62, 63, 64, 51, 38, 25, 12, 11, 10, 9, 8, 7, 6, 19, 32, 31, 30, 17, 4, 3, 2, 1, 0]
[00:00:23:14:733] ! Unidirectional t-s. expansions: 180,107, time: 1,394,732 [ms], path length: 92 [edges], generated: 1,570,842
[00:00:02:33:862] Path of length 92 found: [0, 1, 2, 3, 4, 17, 30, 31, 32, 19, 6, 7, 8, 9, 10, 11, 12, 25, 38, 37, 36, 49, 62, 61, 60, 59, 58, 57, 56, 55, 54, 41, 28, 27, 26, 39, 52, 65, 78, 79, 80, 81, 82, 83, 84, 85, 86, 87, 88, 89, 90, 103, 116, 115, 114, 113, 112, 111, 110, 109, 108, 107, 106, 105, 118, 131, 130, 143, 156, 157, 158, 159, 146, 145, 132, 119, 120, 133, 134, 135, 136, 137, 150, 163, 164, 165, 152, 139, 140, 141, 142, 155, 168]
[00:00:02:33:863] ! Bidirectional. expansions: 28,356, time: 153,862 [ms], path length: 92 [edges], g_F: 46, g_B: 46, generated: {'F': 119,675, 'B': 173,844}, MM: 0, MMPER: -1.0%
[00:00:02:33:863] 
---------- mazes/13x13_maze_with_1_open_diamonds_1 ----------
[00:00:03:37:119] Valid states checked so far: 200,000, Expansions: 20,962, Global best: 49
[00:00:07:00:349] Valid states checked so far: 400,000, Expansions: 45,169, Global best: 61
[00:00:10:15:177] Valid states checked so far: 600,000, Expansions: 70,831, Global best: 61
[00:00:11:13:319] Path of length 90 found: [0, 1, 2, 15, 28, 27, 26, 39, 52, 53, 54, 41, 42, 29, 16, 3, 4, 17, 30, 43, 56, 57, 58, 45, 32, 19, 6, 7, 8, 9, 10, 11, 12, 25, 38, 37, 36, 49, 62, 61, 74, 87, 88, 89, 90, 103, 116, 115, 114, 113, 112, 99, 86, 85, 84, 83, 82, 81, 80, 79, 92, 105, 106, 107, 108, 109, 122, 135, 134, 133, 132, 131, 130, 143, 156, 157, 158, 159, 160, 161, 162, 163, 164, 165, 152, 139, 140, 141, 142, 155, 168]
[00:00:11:13:320] ! Unidirectional s-t. expansions: 78,620, time: 673,319 [ms], path length: 90 [edges], generated: 659,788
[00:00:00:13:898] Path of length 90 found: [168, 155, 142, 141, 140, 139, 152, 165, 164, 163, 162, 161, 160, 159, 158, 157, 156, 143, 130, 131, 132, 133, 134, 135, 122, 109, 108, 107, 106, 105, 92, 79, 80, 81, 82, 83, 84, 85, 86, 99, 112, 113, 114, 115, 116, 103, 90, 89, 88, 87, 74, 61, 62, 63, 64, 51, 38, 25, 12, 11, 10, 9, 8, 7, 6, 19, 32, 45, 58, 57, 56, 43, 30, 17, 4, 3, 2, 15, 16, 29, 28, 41, 42, 55, 54, 53, 52, 39, 26, 13, 0]
[00:00:00:13:899] ! Unidirectional t-s. expansions: 1,511, time: 13,899 [ms], path length: 90 [edges], generated: 18,233
[00:00:03:07:714] Path of length 90 found: [0, 13, 26, 39, 52, 53, 54, 41, 28, 15, 2, 3, 4, 17, 16, 29, 30, 43, 42, 55, 56, 57, 58, 45, 32, 19, 6, 7, 8, 9, 10, 11, 12, 25, 38, 37, 36, 49, 62, 61, 74, 87, 88, 89, 90, 103, 116, 115, 114, 113, 112, 99, 86, 85, 84, 83, 82, 81, 80, 79, 92, 105, 106, 107, 108, 109, 122, 135, 134, 133, 132, 131, 130, 143, 156, 157, 158, 159, 160, 161, 162, 163, 164, 165, 152, 139, 140, 141, 142, 155, 168]
[00:00:03:07:715] ! Bidirectional. expansions: 42,220, time: 187,714 [ms], path length: 90 [edges], g_F: 45, g_B: 45, generated: {'F': 163,775, 'B': 142,681}, MM: 0, MMPER: -1.0%
[00:00:03:07:715] 
---------- mazes/13x13_maze_with_1_open_diamonds_2 ----------
[00:00:02:49:537] Valid states checked so far: 200,000, Expansions: 18,554, Global best: 89
[00:00:04:01:820] Path of length 92 found: [0, 1, 2, 3, 4, 17, 30, 43, 56, 55, 54, 41, 28, 27, 26, 39, 52, 65, 78, 79, 80, 81, 82, 83, 70, 57, 58, 45, 32, 19, 6, 7, 8, 9, 10, 11, 12, 25, 38, 37, 36, 49, 62, 61, 60, 59, 72, 71, 84, 85, 98, 99, 86, 87, 88, 89, 90, 103, 116, 115, 114, 113, 112, 111, 110, 97, 96, 109, 122, 135, 134, 133, 132, 131, 130, 143, 156, 157, 158, 159, 160, 161, 162, 163, 164, 165, 152, 139, 140, 141, 142, 155, 168]
[00:00:04:01:820] ! Unidirectional s-t. expansions: 27,635, time: 241,820 [ms], path length: 92 [edges], generated: 288,410
[00:00:02:32:123] Valid states checked so far: 200,000, Expansions: 21,524, Global best: 81
[00:00:03:30:557] Path of length 92 found: [168, 155, 142, 141, 140, 139, 152, 165, 164, 163, 162, 161, 160, 159, 158, 157, 156, 143, 130, 131, 132, 133, 134, 135, 122, 109, 108, 107, 106, 105, 92, 79, 78, 65, 52, 39, 26, 27, 28, 41, 54, 55, 56, 57, 70, 83, 96, 97, 110, 111, 98, 99, 112, 113, 114, 115, 116, 103, 90, 89, 88, 87, 86, 85, 84, 71, 58, 59, 60, 61, 62, 63, 64, 51, 38, 25, 12, 11, 10, 9, 8, 7, 6, 19, 32, 31, 30, 17, 4, 3, 2, 1, 0]
[00:00:03:30:557] ! Unidirectional t-s. expansions: 30,793, time: 210,557 [ms], path length: 92 [edges], generated: 281,004
[00:00:00:14:070] Path of length 92 found: [0, 1, 2, 3, 4, 17, 30, 31, 32, 19, 6, 7, 8, 9, 10, 11, 12, 25, 38, 37, 36, 49, 62, 61, 60, 59, 58, 71, 72, 85, 98, 99, 86, 87, 88, 89, 90, 103, 116, 115, 114, 113, 112, 111, 110, 97, 84, 83, 70, 57, 56, 55, 54, 41, 28, 27, 26, 39, 52, 65, 78, 79, 92, 105, 106, 107, 108, 109, 122, 135, 134, 133, 132, 131, 130, 143, 156, 157, 158, 159, 160, 161, 162, 163, 164, 165, 152, 139, 140, 141, 142, 155, 168]
[00:00:00:14:071] ! Bidirectional. expansions: 3,013, time: 14,070 [ms], path length: 92 [edges], g_F: 46, g_B: 46, generated: {'F': 15,059, 'B': 16,415}, MM: 0, MMPER: -1.0%
[00:00:00:14:071] 
---------- mazes/13x13_maze_with_1_open_diamonds_3 ----------
[00:00:02:40:346] Path of length 90 found: [0, 1, 2, 3, 4, 17, 30, 43, 56, 55, 54, 41, 28, 27, 26, 39, 52, 65, 78, 79, 80, 81, 82, 83, 84, 71, 58, 45, 32, 19, 6, 7, 8, 9, 10, 11, 12, 25, 38, 37, 36, 49, 62, 61, 74, 87, 86, 85, 98, 99, 100, 101, 88, 89, 90, 103, 102, 115, 116, 129, 142, 141, 140, 139, 126, 113, 112, 111, 110, 109, 122, 135, 134, 133, 132, 131, 130, 143, 156, 157, 158, 159, 160, 161, 162, 163, 164, 165, 166, 167, 168]
[00:00:02:40:347] ! Unidirectional s-t. expansions: 18,896, time: 160,347 [ms], path length: 90 [edges], generated: 198,803
[00:00:03:11:369] Valid states checked so far: 200,000, Expansions: 23,241, Global best: 59
[00:00:06:00:744] Valid states checked so far: 400,000, Expansions: 46,237, Global best: 59
[00:00:08:42:795] Valid states checked so far: 600,000, Expansions: 69,335, Global best: 79
[00:00:10:32:909] Path of length 90 found: [168, 167, 166, 165, 164, 163, 162, 161, 160, 159, 158, 157, 156, 143, 130, 131, 132, 133, 134, 135, 122, 109, 108, 107, 106, 105, 92, 79, 78, 65, 52, 39, 26, 27, 28, 41, 54, 55, 56, 57, 58, 71, 84, 85, 98, 111, 112, 113, 126, 139, 140, 141, 142, 129, 116, 103, 90, 89, 102, 115, 114, 101, 100, 99, 86, 87, 74, 61, 62, 63, 64, 51, 38, 25, 12, 11, 10, 9, 8, 7, 6, 19, 32, 31, 30, 17, 4, 3, 2, 1, 0]
[00:00:10:32:909] ! Unidirectional t-s. expansions: 85,050, time: 632,909 [ms], path length: 90 [edges], generated: 738,643
[00:00:02:41:335] Path of length 90 found: [0, 1, 2, 3, 4, 17, 30, 43, 56, 55, 54, 41, 28, 27, 26, 39, 52, 65, 78, 79, 80, 81, 82, 83, 84, 71, 58, 45, 32, 19, 6, 7, 8, 9, 10, 11, 12, 25, 38, 37, 36, 49, 62, 61, 74, 87, 88, 101, 114, 115, 102, 89, 90, 103, 116, 129, 142, 141, 140, 139, 126, 113, 112, 99, 86, 85, 98, 111, 110, 109, 122, 135, 134, 133, 132, 131, 130, 143, 156, 157, 158, 159, 160, 161, 162, 163, 164, 165, 166, 167, 168]
[00:00:02:41:335] ! Bidirectional. expansions: 29,840, time: 161,335 [ms], path length: 90 [edges], g_F: 45, g_B: 45, generated: {'F': 113,070, 'B': 149,257}, MM: 0, MMPER: -1.0%
[00:00:02:41:335] 
---------- mazes/13x13_maze_with_1_open_diamonds_4 ----------
[00:00:03:04:352] Valid states checked so far: 200,000, Expansions: 18,499, Global best: 65
[00:00:05:51:058] Valid states checked so far: 400,000, Expansions: 38,109, Global best: 89
[00:00:06:56:167] Path of length 92 found: [0, 1, 2, 3, 4, 17, 30, 43, 56, 55, 54, 41, 28, 27, 26, 39, 52, 65, 78, 79, 80, 81, 82, 95, 108, 107, 106, 119, 132, 131, 130, 143, 156, 157, 158, 159, 160, 161, 162, 163, 150, 137, 136, 135, 134, 133, 120, 121, 122, 109, 110, 111, 112, 99, 86, 85, 84, 71, 58, 45, 32, 19, 6, 7, 8, 9, 10, 11, 12, 25, 38, 37, 36, 49, 62, 61, 74, 87, 88, 89, 90, 103, 116, 129, 142, 141, 140, 139, 152, 165, 166, 167, 168]
[00:00:06:56:168] ! Unidirectional s-t. expansions: 45,749, time: 416,167 [ms], path length: 92 [edges], generated: 479,549
[00:00:03:10:456] Valid states checked so far: 200,000, Expansions: 21,396, Global best: 61
[00:00:06:11:796] Valid states checked so far: 400,000, Expansions: 43,480, Global best: 61
[00:00:09:06:272] Valid states checked so far: 600,000, Expansions: 65,736, Global best: 61
[00:00:11:56:967] Valid states checked so far: 800,000, Expansions: 87,928, Global best: 81
[00:00:14:48:263] Valid states checked so far: 1,000,000, Expansions: 110,218, Global best: 81
[00:00:17:34:229] Path of length 92 found: [168, 167, 166, 165, 152, 139, 140, 141, 142, 129, 116, 103, 90, 89, 88, 87, 74, 61, 62, 63, 64, 51, 38, 25, 12, 11, 10, 9, 8, 7, 6, 19, 32, 45, 58, 71, 84, 85, 86, 99, 112, 111, 110, 109, 122, 121, 120, 133, 134, 135, 136, 137, 150, 163, 162, 161, 160, 159, 158, 157, 156, 143, 130, 131, 132, 119, 106, 107, 108, 95, 82, 81, 80, 79, 78, 65, 52, 39, 26, 27, 28, 41, 54, 55, 56, 43, 30, 17, 4, 3, 2, 1, 0]
[00:00:17:34:229] ! Unidirectional t-s. expansions: 131,652, time: 1,054,229 [ms], path length: 92 [edges], generated: 1,191,420
[00:00:01:59:664] Path of length 92 found: [0, 1, 2, 3, 4, 17, 30, 43, 56, 55, 54, 41, 28, 27, 26, 39, 52, 65, 78, 79, 80, 81, 82, 95, 108, 107, 106, 119, 120, 133, 132, 131, 130, 143, 156, 157, 158, 159, 160, 161, 162, 163, 150, 137, 136, 135, 134, 121, 122, 109, 110, 111, 112, 99, 86, 85, 84, 71, 58, 45, 32, 19, 6, 7, 8, 9, 10, 11, 12, 25, 38, 51, 64, 63, 62, 61, 74, 87, 88, 89, 90, 103, 116, 129, 142, 141, 140, 139, 152, 165, 166, 167, 168]
[00:00:01:59:665] ! Bidirectional. expansions: 21,074, time: 119,665 [ms], path length: 92 [edges], g_F: 46, g_B: 46, generated: {'F': 107,915, 'B': 123,917}, MM: 0, MMPER: -1.0%
[00:00:01:59:665] 
---------- mazes/13x13_maze_with_1_open_diamonds_5 ----------
[00:00:03:00:005] Valid states checked so far: 200,000, Expansions: 20,234, Global best: 73
[00:00:05:47:027] Valid states checked so far: 400,000, Expansions: 41,348, Global best: 89
[00:00:07:05:127] Path of length 92 found: [0, 1, 2, 3, 4, 17, 30, 43, 56, 55, 54, 41, 28, 27, 26, 39, 52, 65, 78, 79, 80, 81, 94, 107, 106, 105, 118, 131, 130, 143, 156, 157, 158, 159, 160, 161, 162, 163, 150, 137, 136, 135, 134, 133, 132, 119, 120, 121, 108, 109, 110, 111, 112, 99, 86, 85, 84, 71, 58, 45, 32, 19, 6, 7, 8, 9, 10, 11, 12, 25, 38, 37, 36, 49, 62, 61, 74, 87, 88, 89, 90, 103, 116, 129, 142, 141, 140, 139, 152, 165, 166, 167, 168]
[00:00:07:05:127] ! Unidirectional s-t. expansions: 51,725, time: 425,127 [ms], path length: 92 [edges], generated: 498,004
[00:00:03:03:619] Valid states checked so far: 200,000, Expansions: 21,695, Global best: 61
[00:00:05:59:710] Valid states checked so far: 400,000, Expansions: 44,363, Global best: 61
[00:00:08:54:215] Valid states checked so far: 600,000, Expansions: 67,234, Global best: 61
[00:00:11:46:709] Valid states checked so far: 800,000, Expansions: 89,836, Global best: 81
[00:00:14:32:897] Valid states checked so far: 1,000,000, Expansions: 112,337, Global best: 81
[00:00:15:27:675] Path of length 92 found: [168, 167, 166, 165, 152, 139, 140, 141, 142, 129, 116, 103, 90, 89, 88, 87, 74, 61, 62, 63, 64, 51, 38, 25, 12, 11, 10, 9, 8, 7, 6, 19, 32, 45, 58, 71, 84, 85, 86, 99, 112, 111, 110, 109, 108, 121, 120, 119, 132, 133, 134, 135, 136, 137, 150, 163, 162, 161, 160, 159, 158, 157, 156, 143, 130, 131, 118, 105, 106, 107, 94, 81, 80, 79, 78, 65, 52, 39, 26, 27, 28, 41, 54, 55, 56, 43, 30, 17, 4, 3, 2, 1, 0]
[00:00:15:27:676] ! Unidirectional t-s. expansions: 118,971, time: 927,675 [ms], path length: 92 [edges], generated: 1,058,963
[00:00:01:38:141] Path of length 92 found: [0, 1, 2, 3, 4, 17, 30, 43, 56, 55, 54, 41, 28, 27, 26, 39, 52, 65, 78, 79, 80, 81, 94, 107, 106, 105, 118, 119, 120, 133, 132, 131, 130, 143, 156, 157, 158, 159, 160, 161, 162, 163, 150, 137, 136, 135, 122, 121, 108, 109, 110, 111, 112, 99, 86, 85, 84, 71, 58, 45, 32, 19, 6, 7, 8, 9, 10, 11, 12, 25, 38, 51, 64, 63, 62, 61, 74, 87, 88, 89, 90, 103, 116, 129, 142, 141, 140, 139, 152, 165, 166, 167, 168]
[00:00:01:38:141] ! Bidirectional. expansions: 19,734, time: 98,141 [ms], path length: 92 [edges], g_F: 46, g_B: 46, generated: {'F': 88,629, 'B': 104,295}, MM: 0, MMPER: -1.0%
[00:00:01:38:142] 
---------- mazes/13x13_maze_with_1_open_diamonds_6 ----------
[00:00:02:53:479] Path of length 92 found: [0, 1, 2, 3, 4, 17, 30, 43, 56, 55, 54, 41, 28, 27, 26, 39, 52, 65, 78, 79, 80, 81, 82, 83, 84, 71, 58, 45, 32, 19, 6, 7, 8, 9, 10, 11, 12, 25, 38, 51, 64, 63, 62, 49, 36, 35, 34, 47, 60, 59, 72, 85, 86, 73, 74, 87, 88, 89, 90, 103, 116, 115, 114, 113, 112, 111, 110, 109, 122, 135, 134, 133, 132, 131, 130, 143, 156, 157, 158, 159, 160, 161, 162, 163, 164, 165, 152, 139, 140, 141, 142, 155, 168]
[00:00:02:53:480] ! Unidirectional s-t. expansions: 19,051, time: 173,479 [ms], path length: 92 [edges], generated: 198,858
[00:00:00:58:377] Path of length 92 found: [168, 155, 142, 141, 140, 139, 152, 165, 164, 163, 162, 161, 160, 159, 158, 157, 156, 143, 130, 131, 132, 133, 134, 135, 122, 109, 108, 107, 106, 105, 92, 79, 78, 65, 52, 39, 26, 27, 28, 41, 54, 55, 56, 57, 58, 71, 84, 85, 72, 73, 86, 99, 112, 113, 114, 115, 116, 103, 90, 89, 88, 75, 74, 61, 60, 47, 34, 35, 36, 49, 62, 63, 64, 51, 38, 25, 12, 11, 10, 9, 8, 7, 6, 19, 32, 31, 30, 17, 4, 3, 2, 1, 0]
[00:00:00:58:377] ! Unidirectional t-s. expansions: 7,842, time: 58,377 [ms], path length: 92 [edges], generated: 80,725
[00:00:00:06:425] Path of length 92 found: [0, 1, 2, 3, 4, 17, 30, 31, 32, 19, 6, 7, 8, 9, 10, 11, 12, 25, 38, 51, 64, 63, 62, 49, 36, 35, 34, 47, 60, 61, 74, 75, 88, 89, 90, 103, 116, 115, 114, 113, 112, 99, 86, 73, 72, 85, 84, 71, 58, 57, 56, 55, 54, 41, 28, 27, 26, 39, 52, 65, 78, 79, 92, 105, 106, 107, 108, 109, 122, 135, 134, 133, 132, 131, 130, 143, 156, 157, 158, 159, 160, 161, 162, 163, 164, 165, 152, 139, 140, 141, 142, 155, 168]
[00:00:00:06:425] ! Bidirectional. expansions: 1,421, time: 6,425 [ms], path length: 92 [edges], g_F: 46, g_B: 46, generated: {'F': 7,041, 'B': 6,577}, MM: 0, MMPER: -1.0%
[00:00:00:06:425] 
---------- mazes/13x13_maze_with_1_open_diamonds_7 ----------
[00:00:03:11:662] Valid states checked so far: 200,000, Expansions: 22,462, Global best: 65
[00:00:03:39:764] Path of length 94 found: [0, 1, 2, 3, 4, 17, 30, 31, 32, 19, 6, 7, 20, 21, 8, 9, 10, 11, 12, 25, 38, 51, 64, 63, 62, 49, 36, 35, 34, 33, 46, 47, 60, 61, 74, 87, 88, 89, 90, 103, 116, 115, 114, 113, 112, 99, 86, 85, 84, 71, 58, 57, 56, 55, 54, 41, 28, 27, 26, 39, 52, 65, 78, 79, 92, 105, 106, 107, 108, 109, 122, 135, 134, 133, 132, 131, 130, 143, 156, 157, 158, 159, 160, 161, 162, 163, 164, 165, 152, 139, 140, 141, 142, 155, 168]
[00:00:03:39:764] ! Unidirectional s-t. expansions: 25,952, time: 219,764 [ms], path length: 94 [edges], generated: 230,070
[00:00:00:11:997] Path of length 94 found: [168, 155, 142, 141, 140, 139, 152, 165, 164, 163, 162, 161, 160, 159, 158, 157, 156, 143, 130, 131, 132, 133, 134, 135, 122, 109, 108, 107, 106, 105, 92, 79, 78, 65, 52, 39, 26, 27, 28, 41, 54, 55, 56, 57, 58, 71, 84, 85, 86, 99, 112, 113, 114, 115, 116, 103, 90, 89, 88, 87, 74, 61, 60, 59, 46, 47, 34, 35, 36, 49, 62, 63, 64, 51, 38, 25, 12, 11, 10, 9, 8, 7, 6, 19, 20, 33, 32, 31, 30, 17, 4, 3, 2, 1, 0]
[00:00:00:11:998] ! Unidirectional t-s. expansions: 1,730, time: 11,997 [ms], path length: 94 [edges], generated: 20,203
[00:00:00:18:092] Path of length 94 found: [0, 1, 2, 3, 4, 17, 30, 31, 32, 19, 6, 7, 20, 21, 8, 9, 10, 11, 12, 25, 38, 51, 64, 63, 62, 49, 36, 35, 34, 33, 46, 47, 60, 61, 74, 87, 88, 89, 90, 103, 116, 115, 114, 113, 112, 99, 86, 85, 84, 71, 58, 57, 56, 55, 54, 41, 28, 27, 26, 39, 52, 65, 78, 79, 92, 105, 106, 107, 108, 109, 122, 135, 134, 133, 132, 131, 130, 143, 156, 157, 158, 159, 160, 161, 162, 163, 164, 165, 152, 139, 140, 141, 142, 155, 168]
[00:00:00:18:092] ! Bidirectional. expansions: 4,253, time: 18,092 [ms], path length: 94 [edges], g_F: 47, g_B: 47, generated: {'F': 16,434, 'B': 14,453}, MM: 0, MMPER: -1.0%
[00:00:00:18:092] 
---------- mazes/13x13_maze_with_1_open_diamonds_8 ----------
[00:00:03:11:500] Valid states checked so far: 200,000, Expansions: 22,462, Global best: 65
[00:00:03:39:851] Path of length 94 found: [0, 1, 2, 3, 4, 17, 30, 31, 32, 19, 6, 7, 20, 21, 8, 9, 10, 11, 12, 25, 38, 51, 64, 63, 62, 49, 36, 35, 34, 33, 46, 47, 60, 61, 74, 87, 88, 89, 90, 103, 116, 115, 114, 113, 112, 99, 86, 85, 84, 71, 58, 57, 56, 55, 54, 41, 28, 27, 26, 39, 52, 65, 78, 79, 92, 105, 106, 107, 108, 109, 122, 135, 134, 133, 132, 131, 130, 143, 156, 157, 158, 159, 160, 161, 162, 163, 164, 165, 152, 139, 140, 141, 142, 155, 168]
[00:00:03:39:851] ! Unidirectional s-t. expansions: 25,952, time: 219,851 [ms], path length: 94 [edges], generated: 230,070
[00:00:00:12:129] Path of length 94 found: [168, 155, 142, 141, 140, 139, 152, 165, 164, 163, 162, 161, 160, 159, 158, 157, 156, 143, 130, 131, 132, 133, 134, 135, 122, 109, 108, 107, 106, 105, 92, 79, 78, 65, 52, 39, 26, 27, 28, 41, 54, 55, 56, 57, 58, 71, 84, 85, 86, 99, 112, 113, 114, 115, 116, 103, 90, 89, 88, 87, 74, 61, 60, 59, 46, 47, 34, 35, 36, 49, 62, 63, 64, 51, 38, 25, 12, 11, 10, 9, 8, 7, 6, 19, 20, 33, 32, 31, 30, 17, 4, 3, 2, 1, 0]
[00:00:00:12:129] ! Unidirectional t-s. expansions: 1,730, time: 12,129 [ms], path length: 94 [edges], generated: 20,203
[00:00:00:17:948] Path of length 94 found: [0, 1, 2, 3, 4, 17, 30, 31, 32, 19, 6, 7, 20, 21, 8, 9, 10, 11, 12, 25, 38, 51, 64, 63, 62, 49, 36, 35, 34, 33, 46, 47, 60, 61, 74, 87, 88, 89, 90, 103, 116, 115, 114, 113, 112, 99, 86, 85, 84, 71, 58, 57, 56, 55, 54, 41, 28, 27, 26, 39, 52, 65, 78, 79, 92, 105, 106, 107, 108, 109, 122, 135, 134, 133, 132, 131, 130, 143, 156, 157, 158, 159, 160, 161, 162, 163, 164, 165, 152, 139, 140, 141, 142, 155, 168]
[00:00:00:17:949] ! Bidirectional. expansions: 4,253, time: 17,948 [ms], path length: 94 [edges], g_F: 47, g_B: 47, generated: {'F': 16,434, 'B': 14,453}, MM: 0, MMPER: -1.0%
[00:00:00:17:949] 
---------- mazes/13x13_maze_with_1_open_diamonds_9 ----------
[00:00:02:41:631] Valid states checked so far: 200,000, Expansions: 16,145, Global best: 85
[00:00:05:06:387] Valid states checked so far: 400,000, Expansions: 35,546, Global best: 89
[00:00:05:58:827] Path of length 92 found: [0, 1, 2, 3, 4, 17, 30, 43, 56, 55, 54, 41, 28, 27, 26, 39, 52, 65, 78, 79, 92, 105, 106, 107, 108, 109, 122, 135, 134, 133, 132, 131, 130, 143, 156, 157, 158, 159, 160, 161, 162, 163, 150, 137, 136, 123, 110, 111, 124, 125, 126, 113, 112, 99, 86, 85, 84, 71, 58, 45, 32, 19, 6, 7, 8, 9, 10, 11, 12, 25, 38, 37, 36, 49, 62, 61, 74, 87, 88, 89, 90, 103, 116, 129, 142, 141, 140, 139, 152, 165, 166, 167, 168]
[00:00:05:58:827] ! Unidirectional s-t. expansions: 41,921, time: 358,827 [ms], path length: 92 [edges], generated: 469,481
[00:00:03:11:188] Valid states checked so far: 200,000, Expansions: 22,999, Global best: 61
[00:00:06:12:128] Valid states checked so far: 400,000, Expansions: 47,953, Global best: 61
[00:00:09:09:351] Valid states checked so far: 600,000, Expansions: 72,870, Global best: 61
[00:00:12:02:174] Valid states checked so far: 800,000, Expansions: 97,311, Global best: 61
[00:00:14:52:854] Valid states checked so far: 1,000,000, Expansions: 121,641, Global best: 61
[00:00:17:43:392] Valid states checked so far: 1,200,000, Expansions: 145,777, Global best: 61
[00:00:20:26:589] Valid states checked so far: 1,400,000, Expansions: 169,664, Global best: 61
[00:00:23:13:273] Valid states checked so far: 1,600,000, Expansions: 194,131, Global best: 61
[00:00:25:49:376] Valid states checked so far: 1,800,000, Expansions: 217,691, Global best: 61
[00:00:28:33:699] Valid states checked so far: 2,000,000, Expansions: 241,919, Global best: 81
[00:00:31:06:660] Valid states checked so far: 2,200,000, Expansions: 265,746, Global best: 81
[00:00:33:43:791] Valid states checked so far: 2,400,000, Expansions: 290,033, Global best: 81
[00:00:36:16:532] Valid states checked so far: 2,600,000, Expansions: 313,579, Global best: 81
[00:00:38:42:530] Valid states checked so far: 2,800,000, Expansions: 337,319, Global best: 81
[00:00:41:09:699] Valid states checked so far: 3,000,000, Expansions: 361,309, Global best: 81
[00:00:42:07:633] Path of length 92 found: [168, 167, 166, 165, 152, 139, 140, 141, 142, 129, 116, 103, 90, 89, 88, 87, 74, 61, 62, 63, 64, 51, 38, 25, 12, 11, 10, 9, 8, 7, 6, 19, 32, 45, 58, 71, 84, 85, 86, 99, 98, 111, 112, 113, 126, 125, 124, 137, 150, 163, 162, 161, 160, 159, 158, 157, 156, 143, 130, 131, 132, 133, 134, 135, 136, 123, 110, 109, 108, 107, 106, 105, 92, 79, 78, 65, 52, 39, 26, 27, 28, 41, 54, 55, 56, 43, 30, 17, 4, 3, 2, 1, 0]
[00:00:42:07:633] ! Unidirectional t-s. expansions: 369,412, time: 2,527,633 [ms], path length: 92 [edges], generated: 3,071,825
[00:00:04:28:737] Path of length 92 found: [0, 1, 2, 3, 4, 17, 30, 43, 56, 55, 54, 41, 28, 27, 26, 39, 52, 65, 78, 79, 92, 105, 106, 107, 108, 109, 122, 123, 136, 135, 134, 133, 132, 131, 130, 143, 156, 157, 158, 159, 160, 161, 162, 163, 150, 137, 124, 125, 126, 113, 112, 111, 98, 99, 86, 85, 84, 71, 58, 45, 32, 19, 6, 7, 8, 9, 10, 11, 12, 25, 38, 51, 64, 63, 62, 61, 74, 87, 88, 89, 90, 103, 116, 129, 142, 141, 140, 139, 152, 165, 166, 167, 168]
[00:00:04:28:738] ! Bidirectional. expansions: 54,277, time: 268,737 [ms], path length: 92 [edges], g_F: 46, g_B: 46, generated: {'F': 252,610, 'B': 312,453}, MM: 0, MMPER: -1.0%
[00:00:04:28:738] average expansions: (38,227, 92,880, 20,844, 0)
[00:00:04:28:739] average time: (327,176, 684,414, 104,599, 0)
[00:00:04:28:739] XIDA: 38,227 , 327,176 (expansions , time[ms])
[00:00:04:28:739] BiXIDA: 20,844 , 104,599 (expansions , time[ms])

