--------------------------
date: SM_Grids
number_of_graphs: 10
graph_type: grid
size_of_graphs: [9, 9]
heuristic: bcc_heuristic
snake: True
run_uni: True
run_bi: True
run_multi: False
solution_vertices: []
algorithms: ['IDA']
lookahead: 4
bsd: False
cube_first_dims: 4
cube_buffer_dim: None
backward_sym_generation: False
sym_coil: False
prefix_set: None

---------- SM_Grids/9x9_grid_with_random_blocks_12per_0 ----------
[00:00:01:53:660] Path of length 46 found: [0, 1, 2, 3, 4, 5, 6, 7, 16, 17, 26, 35, 44, 53, 52, 51, 42, 33, 24, 23, 22, 21, 20, 19, 18, 27, 36, 45, 54, 63, 72, 73, 74, 65, 56, 47, 48, 49, 58, 67, 76, 77, 78, 69, 70, 71, 80]
[00:00:01:53:660] ! Unidirectional s-t. expansions: 3,491, time: 113,660 [ms], path length: 46 [edges], generated: 77,227
[00:00:01:07:172] Path of length 46 found: [80, 71, 70, 69, 78, 77, 76, 67, 58, 49, 48, 47, 56, 65, 74, 73, 72, 63, 54, 45, 36, 27, 28, 29, 20, 21, 22, 23, 24, 33, 42, 51, 52, 53, 44, 35, 26, 17, 8, 7, 6, 5, 4, 3, 2, 1, 0]
[00:00:01:07:172] ! Unidirectional t-s. expansions: 2,781, time: 67,172 [ms], path length: 46 [edges], generated: 47,205
[00:00:00:28:196] Path of length 46 found: [0, 1, 2, 3, 4, 5, 6, 7, 16, 17, 26, 35, 44, 53, 52, 51, 42, 33, 24, 23, 22, 21, 20, 19, 18, 27, 36, 45, 54, 63, 72, 73, 74, 65, 56, 47, 48, 49, 58, 67, 76, 77, 78, 69, 70, 71, 80]
[00:00:00:28:784] ! Bidirectional. expansions: 1,244, time: 28,196 [ms], path length: 46 [edges], g_F: 23, g_B: 23, generated: {'F': 7,713, 'B': 8,234}, MM: 0, MMPER: -1.0%
[00:00:00:28:784] 
---------- SM_Grids/9x9_grid_with_random_blocks_12per_1 ----------
[00:00:02:07:021] Path of length 46 found: [0, 9, 10, 19, 20, 21, 12, 3, 4, 5, 6, 15, 16, 25, 26, 35, 44, 43, 42, 33, 32, 31, 40, 39, 38, 37, 46, 45, 54, 63, 72, 73, 74, 65, 56, 57, 58, 67, 76, 77, 78, 69, 60, 61, 62, 71, 80]
[00:00:02:07:022] ! Unidirectional s-t. expansions: 4,810, time: 127,022 [ms], path length: 46 [edges], generated: 92,840
[00:00:01:47:212] Path of length 46 found: [80, 79, 78, 77, 68, 67, 58, 57, 56, 65, 74, 73, 72, 63, 54, 45, 46, 37, 38, 39, 40, 31, 32, 33, 42, 51, 60, 61, 62, 53, 44, 35, 26, 17, 8, 7, 6, 5, 4, 13, 12, 21, 20, 19, 10, 1, 0]
[00:00:01:47:213] ! Unidirectional t-s. expansions: 3,768, time: 107,213 [ms], path length: 46 [edges], generated: 75,913
[00:00:01:47:259] Path of length 46 found: [0, 9, 10, 11, 2, 3, 4, 5, 6, 15, 16, 25, 26, 35, 44, 53, 62, 61, 60, 51, 42, 33, 32, 23, 22, 21, 30, 29, 38, 37, 46, 45, 54, 63, 72, 73, 74, 65, 56, 57, 58, 67, 68, 77, 78, 79, 80]
[00:00:01:47:820] ! Bidirectional. expansions: 6,442, time: 107,259 [ms], path length: 46 [edges], g_F: 23, g_B: 23, generated: {'F': 39,434, 'B': 39,480}, MM: 0, MMPER: -1.0%
[00:00:01:47:820] 
---------- SM_Grids/9x9_grid_with_random_blocks_12per_2 ----------
[00:00:02:48:433] Path of length 44 found: [0, 9, 18, 27, 28, 29, 20, 11, 12, 13, 22, 31, 40, 39, 48, 47, 46, 55, 64, 73, 74, 75, 66, 67, 58, 59, 50, 51, 42, 33, 24, 15, 6, 7, 8, 17, 26, 35, 44, 53, 62, 61, 70, 79, 80]
[00:00:02:48:433] ! Unidirectional s-t. expansions: 5,909, time: 168,433 [ms], path length: 44 [edges], generated: 119,594
[00:00:02:31:924] Path of length 44 found: [80, 71, 62, 53, 44, 43, 42, 33, 24, 25, 26, 17, 8, 7, 6, 5, 14, 13, 22, 31, 40, 39, 48, 57, 58, 59, 60, 69, 78, 77, 76, 75, 74, 65, 64, 55, 46, 37, 28, 29, 20, 11, 2, 1, 0]
[00:00:02:31:925] ! Unidirectional t-s. expansions: 6,435, time: 151,924 [ms], path length: 44 [edges], generated: 113,325
[00:00:02:47:796] Path of length 44 found: [0, 1, 2, 11, 20, 19, 28, 37, 46, 55, 64, 73, 74, 75, 76, 77, 78, 69, 60, 59, 58, 57, 48, 39, 40, 31, 22, 13, 14, 5, 6, 7, 8, 17, 26, 25, 24, 33, 42, 43, 44, 53, 62, 71, 80]
[00:00:02:48:326] ! Bidirectional. expansions: 5,156, time: 167,796 [ms], path length: 44 [edges], g_F: 22, g_B: 22, generated: {'F': 44,633, 'B': 45,975}, MM: 0, MMPER: -1.0%
[00:00:02:48:326] 
---------- SM_Grids/9x9_grid_with_random_blocks_12per_3 ----------
[00:00:01:26:189] Path of length 46 found: [0, 1, 10, 19, 28, 37, 46, 45, 54, 63, 72, 73, 74, 75, 76, 67, 58, 57, 48, 39, 40, 31, 22, 21, 12, 3, 4, 5, 6, 7, 8, 17, 26, 25, 24, 33, 42, 43, 44, 53, 62, 61, 60, 69, 78, 79, 80]
[00:00:01:26:189] ! Unidirectional s-t. expansions: 3,415, time: 86,189 [ms], path length: 46 [edges], generated: 65,206
[00:00:02:46:254] Path of length 46 found: [80, 71, 62, 53, 44, 43, 42, 51, 60, 69, 68, 77, 76, 75, 74, 73, 72, 63, 54, 45, 46, 47, 56, 57, 58, 49, 40, 31, 32, 23, 24, 25, 26, 17, 8, 7, 6, 5, 4, 3, 12, 21, 20, 19, 10, 1, 0]
[00:00:02:46:254] ! Unidirectional t-s. expansions: 5,876, time: 166,254 [ms], path length: 46 [edges], generated: 111,033
[00:00:01:41:810] Path of length 46 found: [0, 1, 2, 3, 12, 21, 20, 19, 28, 37, 46, 45, 54, 63, 72, 73, 74, 75, 76, 67, 58, 57, 48, 39, 40, 41, 42, 33, 24, 23, 14, 5, 6, 7, 8, 17, 26, 35, 44, 53, 62, 61, 60, 69, 78, 79, 80]
[00:00:01:42:340] ! Bidirectional. expansions: 5,255, time: 101,810 [ms], path length: 46 [edges], g_F: 23, g_B: 23, generated: {'F': 31,558, 'B': 33,281}, MM: 0, MMPER: -1.0%
[00:00:01:42:340] 
---------- SM_Grids/9x9_grid_with_random_blocks_12per_4 ----------
[00:00:01:02:297] Path of length 46 found: [0, 9, 18, 27, 28, 37, 46, 45, 54, 63, 72, 73, 74, 65, 56, 57, 48, 39, 40, 41, 32, 23, 22, 21, 20, 11, 2, 3, 4, 5, 6, 15, 16, 25, 26, 35, 44, 43, 52, 51, 60, 59, 68, 77, 78, 79, 80]
[00:00:01:02:298] ! Unidirectional s-t. expansions: 1,803, time: 62,297 [ms], path length: 46 [edges], generated: 40,184
[00:00:00:35:072] Path of length 46 found: [80, 79, 78, 77, 68, 59, 60, 61, 62, 53, 44, 35, 26, 17, 16, 15, 6, 5, 4, 3, 2, 11, 20, 21, 22, 23, 32, 41, 40, 39, 48, 57, 56, 65, 74, 73, 72, 63, 54, 45, 46, 37, 28, 27, 18, 9, 0]
[00:00:00:35:072] ! Unidirectional t-s. expansions: 1,198, time: 35,072 [ms], path length: 46 [edges], generated: 22,326
[00:00:00:47:920] Path of length 46 found: [0, 9, 10, 11, 2, 3, 4, 5, 6, 15, 16, 25, 26, 35, 44, 53, 62, 61, 60, 51, 42, 33, 32, 23, 22, 21, 30, 39, 38, 37, 36, 45, 54, 63, 72, 73, 74, 65, 56, 57, 58, 67, 68, 77, 78, 79, 80]
[00:00:00:48:495] ! Bidirectional. expansions: 1,753, time: 47,920 [ms], path length: 46 [edges], g_F: 23, g_B: 23, generated: {'F': 13,201, 'B': 13,530}, MM: 0, MMPER: -1.0%
[00:00:00:48:496] 
---------- SM_Grids/9x9_grid_with_random_blocks_12per_5 ----------
[00:00:00:29:405] Path of length 40 found: [0, 1, 2, 3, 4, 13, 14, 23, 24, 33, 42, 43, 44, 53, 62, 61, 60, 59, 50, 49, 40, 31, 30, 21, 20, 19, 18, 27, 36, 45, 46, 47, 56, 65, 66, 67, 76, 77, 78, 79, 80]
[00:00:00:29:406] ! Unidirectional s-t. expansions: 753, time: 29,405 [ms], path length: 40 [edges], generated: 17,236
[00:00:00:23:592] Path of length 40 found: [80, 71, 62, 53, 44, 43, 42, 33, 24, 23, 14, 13, 4, 3, 2, 11, 20, 21, 30, 31, 40, 49, 50, 59, 60, 69, 78, 77, 76, 67, 66, 57, 56, 47, 38, 37, 28, 27, 18, 9, 0]
[00:00:00:23:593] ! Unidirectional t-s. expansions: 657, time: 23,592 [ms], path length: 40 [edges], generated: 14,736
[00:00:00:36:267] Path of length 40 found: [0, 9, 18, 27, 36, 45, 46, 47, 56, 65, 66, 67, 76, 77, 78, 69, 60, 59, 50, 49, 40, 39, 30, 29, 20, 11, 2, 3, 4, 13, 14, 23, 24, 33, 42, 43, 44, 53, 62, 71, 80]
[00:00:00:36:797] ! Bidirectional. expansions: 962, time: 36,267 [ms], path length: 40 [edges], g_F: 20, g_B: 20, generated: {'F': 7,915, 'B': 7,502}, MM: 0, MMPER: -1.0%
[00:00:00:36:797] 
---------- SM_Grids/9x9_grid_with_random_blocks_12per_6 ----------
[00:00:01:45:803] Path of length 48 found: [0, 1, 10, 19, 18, 27, 36, 37, 38, 39, 48, 57, 56, 55, 54, 63, 72, 73, 74, 75, 76, 67, 68, 59, 50, 51, 42, 33, 32, 23, 22, 21, 12, 3, 4, 5, 6, 15, 16, 25, 26, 35, 44, 53, 62, 61, 70, 79, 80]
[00:00:01:45:803] ! Unidirectional s-t. expansions: 3,501, time: 105,803 [ms], path length: 48 [edges], generated: 71,649
[00:00:00:46:354] Path of length 48 found: [80, 71, 62, 53, 44, 35, 26, 17, 16, 7, 6, 5, 4, 3, 12, 21, 22, 23, 24, 33, 42, 41, 50, 59, 60, 69, 78, 77, 76, 75, 74, 73, 72, 63, 54, 55, 56, 57, 48, 39, 38, 37, 36, 27, 18, 19, 10, 1, 0]
[00:00:00:46:355] ! Unidirectional t-s. expansions: 1,880, time: 46,355 [ms], path length: 48 [edges], generated: 30,424
[00:00:00:59:770] Path of length 48 found: [0, 1, 10, 19, 18, 27, 36, 37, 38, 39, 48, 57, 56, 55, 54, 63, 72, 73, 74, 75, 76, 77, 78, 69, 60, 59, 50, 41, 42, 33, 24, 23, 22, 21, 12, 3, 4, 5, 6, 7, 8, 17, 26, 35, 44, 53, 62, 71, 80]
[00:00:01:00:284] ! Bidirectional. expansions: 2,480, time: 59,770 [ms], path length: 48 [edges], g_F: 24, g_B: 24, generated: {'F': 15,832, 'B': 17,260}, MM: 0, MMPER: -1.0%
[00:00:01:00:285] 
---------- SM_Grids/9x9_grid_with_random_blocks_12per_7 ----------
[00:00:03:20:807] Path of length 44 found: [0, 9, 18, 27, 36, 45, 54, 63, 64, 73, 74, 75, 76, 77, 68, 59, 58, 57, 48, 47, 38, 29, 20, 11, 2, 3, 4, 5, 6, 7, 16, 25, 24, 23, 22, 31, 40, 41, 42, 51, 52, 61, 70, 79, 80]
[00:00:03:20:808] ! Unidirectional s-t. expansions: 6,530, time: 200,808 [ms], path length: 44 [edges], generated: 139,050
[00:00:04:58:339] Valid states checked so far: 200,000, Expansions: 10,052, Global best: 37
[00:00:05:04:168] Path of length 44 found: [80, 71, 62, 53, 52, 51, 42, 33, 34, 25, 16, 7, 6, 5, 4, 3, 2, 11, 20, 21, 22, 31, 40, 39, 38, 47, 56, 57, 58, 59, 68, 77, 76, 75, 74, 73, 64, 63, 54, 45, 36, 27, 18, 9, 0]
[00:00:05:04:168] ! Unidirectional t-s. expansions: 10,362, time: 304,168 [ms], path length: 44 [edges], generated: 204,985
[00:00:03:14:305] Path of length 44 found: [0, 9, 18, 27, 36, 45, 54, 63, 64, 73, 74, 75, 76, 77, 68, 59, 58, 57, 56, 47, 38, 39, 40, 31, 22, 21, 20, 11, 2, 3, 4, 5, 6, 7, 16, 25, 34, 33, 42, 51, 52, 61, 70, 79, 80]
[00:00:03:14:838] ! Bidirectional. expansions: 6,369, time: 194,305 [ms], path length: 44 [edges], g_F: 22, g_B: 22, generated: {'F': 53,629, 'B': 59,552}, MM: 0, MMPER: -1.0%
[00:00:03:14:838] 
---------- SM_Grids/9x9_grid_with_random_blocks_12per_8 ----------
[00:00:00:29:031] Path of length 48 found: [0, 9, 18, 19, 20, 11, 2, 3, 4, 13, 22, 31, 32, 33, 24, 15, 6, 7, 8, 17, 26, 35, 44, 53, 62, 61, 60, 51, 50, 49, 48, 47, 38, 37, 36, 45, 54, 63, 72, 73, 74, 75, 66, 67, 68, 77, 78, 79, 80]
[00:00:00:29:031] ! Unidirectional s-t. expansions: 904, time: 29,031 [ms], path length: 48 [edges], generated: 16,784
[00:00:01:16:368] Path of length 48 found: [80, 79, 78, 77, 68, 67, 66, 75, 74, 73, 72, 63, 54, 45, 36, 37, 38, 47, 48, 49, 40, 31, 22, 23, 24, 33, 42, 51, 60, 61, 62, 53, 44, 35, 26, 17, 8, 7, 6, 5, 4, 3, 2, 11, 20, 19, 18, 9, 0]
[00:00:01:16:369] ! Unidirectional t-s. expansions: 2,841, time: 76,369 [ms], path length: 48 [edges], generated: 47,983
[00:00:00:51:291] Path of length 48 found: [0, 9, 18, 19, 20, 11, 2, 3, 4, 13, 22, 31, 32, 33, 24, 15, 6, 7, 8, 17, 26, 35, 44, 53, 62, 61, 60, 51, 50, 49, 48, 47, 38, 37, 36, 45, 54, 63, 72, 73, 74, 75, 66, 67, 68, 77, 78, 79, 80]
[00:00:00:51:822] ! Bidirectional. expansions: 2,246, time: 51,291 [ms], path length: 48 [edges], g_F: 24, g_B: 24, generated: {'F': 14,187, 'B': 14,627}, MM: 0, MMPER: -1.0%
[00:00:00:51:822] 
---------- SM_Grids/9x9_grid_with_random_blocks_12per_9 ----------
[00:00:04:43:161] Valid states checked so far: 200,000, Expansions: 9,544, Global best: 43
[00:00:05:23:098] Path of length 44 found: [0, 1, 2, 11, 20, 19, 18, 27, 36, 45, 54, 63, 72, 73, 74, 75, 76, 77, 78, 69, 60, 59, 58, 57, 56, 47, 38, 39, 40, 31, 22, 13, 14, 15, 16, 17, 26, 35, 34, 43, 52, 53, 62, 71, 80]
[00:00:05:23:099] ! Unidirectional s-t. expansions: 11,097, time: 323,098 [ms], path length: 44 [edges], generated: 230,208
[00:00:04:27:144] Valid states checked so far: 200,000, Expansions: 12,259, Global best: 45
[00:00:04:30:190] Path of length 44 found: [80, 71, 62, 53, 52, 43, 34, 35, 26, 17, 16, 15, 14, 23, 22, 31, 40, 41, 50, 59, 60, 69, 78, 77, 76, 75, 74, 73, 72, 63, 54, 55, 56, 47, 38, 37, 36, 27, 18, 19, 20, 11, 2, 1, 0]
[00:00:04:30:191] ! Unidirectional t-s. expansions: 12,430, time: 270,190 [ms], path length: 44 [edges], generated: 202,373
[00:00:04:13:015] Path of length 44 found: [0, 1, 2, 11, 20, 19, 18, 27, 36, 37, 38, 39, 40, 31, 22, 13, 14, 15, 16, 17, 26, 35, 34, 43, 52, 51, 50, 59, 58, 57, 56, 55, 54, 63, 72, 73, 74, 75, 76, 77, 78, 69, 70, 71, 80]
[00:00:04:13:592] ! Bidirectional. expansions: 12,924, time: 253,015 [ms], path length: 44 [edges], g_F: 22, g_B: 22, generated: {'F': 84,233, 'B': 80,286}, MM: 0, MMPER: -1.0%
[00:00:04:13:593] average expansions: (4,221, 4,823, 4,483, 0)
[00:00:04:13:593] average time: (124,575, 124,831, 104,763, 0)
[00:00:04:13:593] XIDA: 4,221 , 124,575 (expansions , time[ms])
[00:00:04:13:593] BiXIDA: 4,483 , 104,763 (expansions , time[ms])

