--------------------------
date: SM_Grids
number_of_graphs: 10
graph_type: grid
size_of_graphs: [8, 8]
heuristic: bcc_heuristic
snake: False
run_uni: True
run_bi: True
run_multi: False
solution_vertices: []
algorithms: ['IDA']
lookahead: 3
bsd: False
cube_first_dims: 4
cube_buffer_dim: None
backward_sym_generation: False
sym_coil: False
prefix_set: None

---------- SM_Grids/8x8_grid_with_random_blocks_16per_0 ----------
[00:00:00:01:100] Path of length 44 found: [0, 1, 9, 10, 2, 3, 11, 19, 18, 26, 25, 24, 32, 40, 48, 49, 41, 33, 34, 42, 50, 51, 43, 35, 36, 28, 20, 12, 13, 5, 6, 7, 15, 14, 22, 23, 31, 30, 29, 37, 38, 46, 47, 55, 63]
[00:00:00:01:101] ! Unidirectional s-t. expansions: 361, time: 1,101 [ms], path length: 44 [edges], generated: 3,586
[00:00:00:00:413] Path of length 44 found: [63, 55, 47, 46, 38, 39, 31, 23, 15, 7, 6, 5, 13, 14, 22, 30, 29, 37, 36, 35, 34, 33, 41, 42, 43, 51, 50, 49, 48, 40, 32, 24, 25, 26, 18, 19, 20, 12, 11, 3, 2, 10, 9, 1, 0]
[00:00:00:00:413] ! Unidirectional t-s. expansions: 95, time: 413 [ms], path length: 44 [edges], generated: 938
[00:00:00:07:959] Path of length 44 found: [0, 1, 9, 10, 2, 3, 11, 19, 18, 26, 25, 24, 32, 40, 48, 49, 41, 33, 34, 42, 50, 51, 43, 35, 36, 37, 29, 28, 20, 12, 13, 5, 6, 7, 15, 14, 22, 23, 31, 39, 38, 46, 47, 55, 63]
[00:00:00:08:386] ! Bidirectional. expansions: 1,894, time: 7,959 [ms], path length: 44 [edges], g_F: 23, g_B: 21, generated: {'F': 8,700, 'B': 7,796}, MM: 2, MMPER: 3.4444444444444446%
[00:00:00:08:386] 
---------- SM_Grids/8x8_grid_with_random_blocks_16per_1 ----------
[00:00:00:00:145] Path of length 44 found: [0, 8, 16, 24, 32, 33, 25, 26, 18, 10, 2, 3, 4, 12, 11, 19, 27, 35, 34, 42, 43, 44, 36, 28, 20, 21, 29, 30, 22, 14, 15, 23, 31, 39, 38, 46, 47, 55, 54, 53, 52, 60, 61, 62, 63]
[00:00:00:00:145] ! Unidirectional s-t. expansions: 24, time: 145 [ms], path length: 44 [edges], generated: 260
[00:00:00:07:587] Path of length 44 found: [63, 62, 61, 60, 52, 53, 54, 55, 47, 46, 38, 39, 31, 23, 15, 14, 22, 30, 29, 21, 20, 12, 4, 3, 2, 10, 11, 19, 18, 26, 34, 35, 27, 28, 36, 44, 43, 42, 41, 33, 25, 24, 16, 8, 0]
[00:00:00:07:587] ! Unidirectional t-s. expansions: 1,834, time: 7,587 [ms], path length: 44 [edges], generated: 21,169
[00:00:00:05:542] Path of length 44 found: [0, 8, 16, 24, 32, 33, 25, 26, 18, 10, 2, 3, 4, 12, 11, 19, 27, 35, 34, 42, 43, 44, 36, 28, 20, 21, 29, 30, 22, 14, 15, 23, 31, 39, 38, 46, 47, 55, 54, 53, 52, 60, 61, 62, 63]
[00:00:00:05:946] ! Bidirectional. expansions: 829, time: 5,542 [ms], path length: 44 [edges], g_F: 24, g_B: 20, generated: {'F': 4,476, 'B': 3,767}, MM: 4, MMPER: 7.888888888888889%
[00:00:00:05:946] 
---------- SM_Grids/8x8_grid_with_random_blocks_16per_2 ----------
[00:00:00:05:209] Path of length 44 found: [0, 1, 2, 3, 11, 10, 18, 17, 16, 24, 32, 40, 48, 56, 57, 49, 41, 33, 34, 26, 27, 19, 20, 21, 29, 28, 36, 44, 43, 42, 50, 58, 59, 51, 52, 60, 61, 53, 45, 46, 47, 55, 54, 62, 63]
[00:00:00:05:210] ! Unidirectional s-t. expansions: 1,487, time: 5,209 [ms], path length: 44 [edges], generated: 15,952
[00:00:00:18:366] Path of length 44 found: [63, 55, 47, 46, 38, 30, 29, 21, 20, 19, 11, 3, 2, 10, 18, 26, 27, 28, 36, 44, 45, 53, 54, 62, 61, 60, 52, 51, 43, 42, 34, 33, 41, 49, 50, 58, 57, 56, 48, 40, 32, 24, 16, 8, 0]
[00:00:00:18:366] ! Unidirectional t-s. expansions: 6,293, time: 18,366 [ms], path length: 44 [edges], generated: 55,920
[00:00:00:46:862] Path of length 44 found: [0, 1, 2, 3, 11, 10, 18, 17, 16, 24, 32, 40, 48, 56, 57, 49, 41, 33, 34, 42, 43, 51, 50, 58, 59, 60, 52, 53, 45, 44, 36, 28, 27, 19, 20, 21, 29, 30, 38, 46, 47, 55, 54, 62, 63]
[00:00:00:47:265] ! Bidirectional. expansions: 9,856, time: 46,862 [ms], path length: 44 [edges], g_F: 26, g_B: 18, generated: {'F': 54,672, 'B': 36,804}, MM: 8, MMPER: 16.77777777777778%
[00:00:00:47:266] 
---------- SM_Grids/8x8_grid_with_random_blocks_16per_3 ----------
[00:00:00:16:433] Path of length 44 found: [0, 8, 16, 24, 25, 17, 18, 10, 11, 19, 27, 26, 34, 33, 41, 49, 50, 42, 43, 35, 36, 28, 29, 21, 20, 12, 13, 14, 15, 23, 31, 30, 38, 39, 47, 46, 45, 44, 52, 60, 61, 53, 54, 62, 63]
[00:00:00:16:434] ! Unidirectional s-t. expansions: 5,776, time: 16,433 [ms], path length: 44 [edges], generated: 58,072
[00:00:00:53:173] Path of length 44 found: [63, 55, 47, 39, 31, 23, 15, 14, 13, 12, 11, 10, 18, 26, 34, 42, 43, 35, 36, 28, 27, 19, 20, 21, 29, 30, 38, 46, 54, 62, 61, 53, 45, 44, 52, 51, 50, 49, 41, 33, 25, 17, 16, 8, 0]
[00:00:00:53:173] ! Unidirectional t-s. expansions: 20,116, time: 53,173 [ms], path length: 44 [edges], generated: 190,701
[00:00:04:42:087] Path of length 44 found: [0, 8, 16, 24, 25, 17, 18, 10, 11, 19, 27, 26, 34, 33, 41, 42, 50, 51, 52, 60, 61, 62, 54, 46, 45, 44, 43, 35, 36, 28, 29, 21, 20, 12, 13, 14, 15, 23, 31, 30, 38, 39, 47, 55, 63]
[00:00:04:42:502] ! Bidirectional. expansions: 69,750, time: 282,088 [ms], path length: 44 [edges], g_F: 23, g_B: 21, generated: {'F': 376,107, 'B': 292,093}, MM: 2, MMPER: 3.4444444444444446%
[00:00:04:42:502] 
---------- SM_Grids/8x8_grid_with_random_blocks_16per_4 ----------
[00:00:00:01:082] Path of length 48 found: [0, 1, 9, 8, 16, 17, 25, 33, 32, 40, 48, 56, 57, 49, 41, 42, 50, 51, 52, 60, 61, 53, 45, 44, 36, 37, 29, 28, 27, 35, 34, 26, 18, 10, 11, 3, 4, 12, 13, 14, 22, 30, 38, 39, 47, 46, 54, 62, 63]
[00:00:00:01:082] ! Unidirectional s-t. expansions: 307, time: 1,082 [ms], path length: 48 [edges], generated: 3,206
[00:00:00:03:334] Path of length 48 found: [63, 55, 47, 39, 38, 30, 22, 14, 13, 12, 4, 3, 11, 10, 18, 26, 34, 35, 27, 28, 29, 37, 36, 44, 45, 46, 54, 62, 61, 53, 52, 51, 50, 42, 41, 49, 57, 56, 48, 40, 32, 33, 25, 17, 16, 8, 9, 1, 0]
[00:00:00:03:334] ! Unidirectional t-s. expansions: 693, time: 3,334 [ms], path length: 48 [edges], generated: 7,504
[00:00:00:17:740] Path of length 48 found: [0, 1, 9, 8, 16, 17, 25, 33, 32, 40, 48, 56, 57, 49, 41, 42, 50, 51, 52, 60, 61, 62, 54, 46, 45, 44, 36, 37, 29, 28, 27, 35, 34, 26, 18, 10, 11, 3, 4, 12, 13, 14, 22, 30, 38, 39, 47, 55, 63]
[00:00:00:18:149] ! Bidirectional. expansions: 3,055, time: 17,740 [ms], path length: 48 [edges], g_F: 30, g_B: 18, generated: {'F': 15,135, 'B': 11,899}, MM: 12, MMPER: 23.489795918367346%
[00:00:00:18:149] 
---------- SM_Grids/8x8_grid_with_random_blocks_16per_5 ----------
[00:00:00:03:477] Path of length 50 found: [0, 8, 16, 24, 32, 33, 34, 26, 25, 17, 9, 1, 2, 10, 11, 19, 20, 12, 4, 5, 6, 14, 15, 23, 22, 30, 29, 28, 36, 35, 43, 51, 50, 49, 48, 56, 57, 58, 59, 60, 61, 53, 52, 44, 45, 46, 38, 39, 47, 55, 63]
[00:00:00:03:478] ! Unidirectional s-t. expansions: 960, time: 3,478 [ms], path length: 50 [edges], generated: 9,343
[00:00:00:03:140] Path of length 50 found: [63, 55, 47, 39, 38, 46, 54, 53, 45, 44, 52, 60, 59, 58, 57, 56, 48, 49, 50, 51, 43, 35, 36, 28, 29, 30, 31, 23, 15, 14, 6, 5, 4, 12, 20, 19, 11, 3, 2, 10, 9, 17, 25, 26, 34, 33, 32, 24, 16, 8, 0]
[00:00:00:03:140] ! Unidirectional t-s. expansions: 824, time: 3,140 [ms], path length: 50 [edges], generated: 7,790
[00:00:00:32:458] Path of length 50 found: [0, 8, 16, 24, 32, 33, 34, 26, 25, 17, 9, 1, 2, 10, 11, 19, 20, 12, 4, 5, 6, 14, 15, 23, 22, 30, 29, 28, 36, 35, 43, 51, 50, 49, 48, 56, 57, 58, 59, 60, 52, 44, 45, 53, 54, 46, 38, 39, 47, 55, 63]
[00:00:00:32:879] ! Bidirectional. expansions: 5,302, time: 32,458 [ms], path length: 50 [edges], g_F: 30, g_B: 20, generated: {'F': 24,021, 'B': 21,001}, MM: 10, MMPER: 18.607843137254903%
[00:00:00:32:879] 
---------- SM_Grids/8x8_grid_with_random_blocks_16per_6 ----------
[00:00:00:00:393] Path of length 48 found: [0, 1, 9, 8, 16, 24, 32, 40, 48, 49, 50, 42, 41, 33, 25, 17, 18, 10, 11, 19, 27, 26, 34, 35, 36, 44, 52, 53, 45, 37, 29, 21, 13, 5, 6, 7, 15, 14, 22, 23, 31, 30, 38, 46, 47, 55, 54, 62, 63]
[00:00:00:00:393] ! Unidirectional s-t. expansions: 91, time: 393 [ms], path length: 48 [edges], generated: 878
[00:00:00:00:132] Path of length 48 found: [63, 62, 54, 55, 47, 46, 38, 30, 31, 23, 15, 7, 6, 5, 13, 14, 22, 21, 29, 37, 45, 53, 52, 44, 36, 35, 27, 19, 11, 10, 18, 17, 25, 26, 34, 33, 41, 42, 50, 49, 48, 40, 32, 24, 16, 8, 9, 1, 0]
[00:00:00:00:133] ! Unidirectional t-s. expansions: 28, time: 132 [ms], path length: 48 [edges], generated: 279
[00:00:00:03:190] Path of length 48 found: [0, 1, 9, 8, 16, 24, 32, 40, 48, 49, 50, 42, 41, 33, 25, 17, 18, 10, 11, 19, 27, 26, 34, 35, 36, 44, 52, 53, 45, 37, 29, 21, 22, 14, 13, 5, 6, 7, 15, 23, 31, 30, 38, 46, 47, 55, 54, 62, 63]
[00:00:00:03:599] ! Bidirectional. expansions: 520, time: 3,191 [ms], path length: 48 [edges], g_F: 26, g_B: 22, generated: {'F': 2,503, 'B': 2,286}, MM: 4, MMPER: 7.163265306122449%
[00:00:00:03:599] 
---------- SM_Grids/8x8_grid_with_random_blocks_16per_7 ----------
[00:00:00:53:494] Path of length 48 found: [0, 8, 16, 24, 32, 40, 48, 56, 57, 49, 41, 33, 34, 26, 18, 17, 9, 10, 2, 3, 11, 19, 27, 28, 20, 12, 13, 14, 6, 7, 15, 23, 31, 30, 38, 37, 45, 44, 43, 42, 50, 58, 59, 60, 61, 53, 54, 55, 63]
[00:00:00:53:494] ! Unidirectional s-t. expansions: 17,059, time: 53,494 [ms], path length: 48 [edges], generated: 154,407
[00:00:00:23:505] Path of length 48 found: [63, 55, 54, 46, 38, 30, 31, 23, 15, 7, 6, 14, 13, 12, 11, 3, 2, 10, 9, 17, 18, 19, 20, 28, 27, 26, 34, 35, 43, 44, 45, 53, 61, 60, 59, 51, 50, 58, 57, 56, 48, 49, 41, 33, 32, 24, 16, 8, 0]
[00:00:00:23:505] ! Unidirectional t-s. expansions: 7,672, time: 23,505 [ms], path length: 48 [edges], generated: 74,447
[00:00:03:04:072] Path of length 48 found: [0, 8, 16, 24, 32, 40, 48, 56, 57, 58, 50, 49, 41, 33, 34, 26, 18, 17, 9, 10, 2, 3, 11, 19, 27, 28, 20, 12, 13, 14, 6, 7, 15, 23, 31, 30, 38, 37, 45, 44, 43, 51, 59, 60, 61, 53, 54, 55, 63]
[00:00:03:04:486] ! Bidirectional. expansions: 54,737, time: 184,072 [ms], path length: 48 [edges], g_F: 27, g_B: 21, generated: {'F': 242,503, 'B': 176,832}, MM: 6, MMPER: 11.244897959183673%
[00:00:03:04:486] 
---------- SM_Grids/8x8_grid_with_random_blocks_16per_8 ----------
[00:00:00:05:260] Path of length 50 found: [0, 8, 16, 17, 9, 1, 2, 10, 11, 3, 4, 12, 13, 5, 6, 7, 15, 14, 22, 21, 29, 28, 20, 19, 18, 26, 34, 35, 43, 42, 41, 33, 32, 40, 48, 56, 57, 49, 50, 51, 59, 60, 61, 53, 45, 37, 38, 46, 54, 62, 63]
[00:00:00:05:261] ! Unidirectional s-t. expansions: 1,434, time: 5,260 [ms], path length: 50 [edges], generated: 13,857
[00:00:00:00:418] Path of length 50 found: [63, 62, 54, 46, 38, 37, 45, 53, 61, 60, 59, 51, 43, 42, 50, 49, 57, 56, 48, 40, 32, 33, 34, 35, 36, 28, 29, 21, 13, 14, 22, 23, 15, 7, 6, 5, 4, 3, 2, 1, 9, 10, 11, 12, 20, 19, 18, 17, 16, 8, 0]
[00:00:00:00:419] ! Unidirectional t-s. expansions: 127, time: 418 [ms], path length: 50 [edges], generated: 1,195
[00:00:00:22:629] Path of length 50 found: [0, 8, 16, 17, 9, 1, 2, 10, 18, 19, 11, 3, 4, 5, 6, 7, 15, 23, 22, 14, 13, 12, 20, 21, 29, 28, 36, 35, 34, 42, 41, 33, 32, 40, 48, 56, 57, 49, 50, 51, 59, 60, 61, 53, 45, 37, 38, 46, 54, 62, 63]
[00:00:00:23:044] ! Bidirectional. expansions: 4,665, time: 22,629 [ms], path length: 50 [edges], g_F: 28, g_B: 22, generated: {'F': 22,074, 'B': 18,953}, MM: 6, MMPER: 10.764705882352942%
[00:00:00:23:044] 
---------- SM_Grids/8x8_grid_with_random_blocks_16per_9 ----------
[00:00:00:01:885] Path of length 46 found: [0, 8, 16, 24, 32, 33, 25, 17, 9, 1, 2, 3, 11, 12, 4, 5, 6, 7, 15, 14, 13, 21, 20, 28, 27, 26, 34, 42, 50, 58, 59, 51, 43, 44, 36, 37, 38, 30, 31, 39, 47, 55, 54, 53, 61, 62, 63]
[00:00:00:01:885] ! Unidirectional s-t. expansions: 462, time: 1,885 [ms], path length: 46 [edges], generated: 4,816
[00:00:00:00:903] Path of length 46 found: [63, 62, 61, 53, 54, 55, 47, 39, 31, 30, 38, 37, 45, 44, 52, 51, 59, 58, 50, 42, 41, 33, 32, 24, 16, 8, 9, 17, 25, 26, 27, 28, 20, 21, 13, 14, 15, 7, 6, 5, 4, 12, 11, 3, 2, 1, 0]
[00:00:00:00:904] ! Unidirectional t-s. expansions: 173, time: 903 [ms], path length: 46 [edges], generated: 2,051
[00:00:00:10:252] Path of length 46 found: [0, 8, 16, 17, 9, 1, 2, 3, 11, 12, 4, 5, 6, 7, 15, 14, 13, 21, 20, 28, 27, 26, 25, 24, 32, 33, 41, 42, 50, 58, 59, 51, 52, 44, 45, 37, 38, 30, 31, 39, 47, 55, 54, 53, 61, 62, 63]
[00:00:00:10:664] ! Bidirectional. expansions: 2,342, time: 10,252 [ms], path length: 46 [edges], g_F: 27, g_B: 19, generated: {'F': 10,257, 'B': 7,425}, MM: 8, MMPER: 16.02127659574468%
[00:00:00:10:664] average expansions: (2,796, 3,786, 15,295, 0)
[00:00:00:10:664] average time: (8,848, 11,097, 61,279, 0)
[00:00:00:10:664] XIDA: 2,796 , 8,848 (expansions , time[ms])
[00:00:00:10:664] BiXIDA: 15,295 , 61,279 (expansions , time[ms])

