--------------------------
date: mazes
number_of_graphs: 10
graph_type: maze
size_of_graphs: [13, 13]
heuristic: bcc_heuristic
snake: False
run_uni: True
run_bi: True
run_multi: False
solution_vertices: []
algorithms: ['XMM']
lookahead: 2
bsd: False
cube_first_dims: 4
cube_buffer_dim: None
backward_sym_generation: False
sym_coil: False
prefix_set: None

---------- mazes/13x13_maze_with_1_open_diamonds_0 ----------
[00:00:00:22:988] Expansion 10,000: state None, f=97, g=35
[00:00:00:44:944] Expansion 20,000: state None, f=95, g=20
[00:00:01:05:182] Expansion 30,000: state None, f=93, g=30
[00:00:01:09:080] Path of length 92 found: [0, 1, 2, 3, 4, 17, 30, 31, 32, 19, 6, 7, 8, 9, 10, 11, 12, 25, 38, 37, 36, 49, 62, 61, 60, 59, 58, 57, 56, 55, 54, 41, 28, 27, 26, 39, 52, 65, 78, 79, 80, 81, 82, 83, 84, 85, 86, 87, 88, 89, 90, 103, 116, 115, 114, 113, 112, 111, 110, 109, 122, 135, 134, 133, 132, 119, 120, 107, 106, 105, 118, 131, 130, 143, 156, 157, 144, 145, 146, 159, 160, 161, 162, 163, 164, 165, 152, 139, 140, 141, 142, 155, 168]
[00:00:01:09:081] ! Unidirectional s-t. expansions: 31,360, time: 69,080 [ms], path length: 92 [edges], generated: 47,235
[00:00:00:27:900] Expansion 10,000: state None, f=101, g=28
[00:00:00:50:615] Expansion 20,000: state None, f=99, g=45
[00:00:01:10:714] Expansion 30,000: state None, f=98, g=33
[00:00:01:31:917] Expansion 40,000: state None, f=97, g=38
[00:00:01:51:833] Expansion 50,000: state None, f=96, g=42
[00:00:02:14:195] Expansion 60,000: state None, f=95, g=60
[00:00:02:34:836] Expansion 70,000: state None, f=95, g=23
[00:00:02:52:070] Expansion 80,000: state None, f=94, g=43
[00:00:03:14:187] Expansion 90,000: state None, f=94, g=31
[00:00:03:31:513] Expansion 100,000: state None, f=93, g=45
[00:00:03:52:851] Path of length 92 found: [168, 155, 142, 141, 140, 139, 152, 165, 164, 163, 150, 137, 136, 135, 134, 133, 146, 159, 158, 157, 156, 143, 130, 131, 144, 145, 132, 119, 118, 105, 106, 107, 108, 109, 110, 111, 112, 113, 114, 115, 116, 103, 90, 89, 88, 87, 86, 85, 84, 83, 82, 81, 80, 79, 78, 65, 52, 39, 26, 27, 28, 41, 54, 55, 56, 57, 58, 59, 60, 61, 62, 63, 64, 51, 38, 25, 12, 11, 10, 9, 8, 7, 6, 19, 32, 31, 30, 17, 4, 3, 2, 1, 0]
[00:00:03:52:853] ! Unidirectional t-s. expansions: 108,294, time: 232,851 [ms], path length: 92 [edges], generated: 154,445
[00:00:00:49:279] Expansion 20,000: f=100, g=43
[00:00:01:53:338] Expansion 40,000: f=97, g=41
[00:00:02:41:224] Expansion 60,000: f=96, g=30
[00:00:03:28:600] Expansion 80,000: f=94, g=28
[00:00:04:15:808] Path of length 92 found: [0, 1, 2, 3, 4, 17, 30, 31, 32, 19, 6, 7, 8, 9, 10, 11, 12, 25, 38, 37, 36, 49, 62, 61, 60, 59, 58, 57, 56, 55, 54, 41, 28, 27, 26, 39, 52, 65, 78, 79, 80, 81, 82, 83, 84, 85, 86, 87, 88, 89, 90, 103, 116, 115, 114, 113, 112, 111, 110, 109, 108, 107, 106, 105, 118, 119, 132, 145, 144, 131, 130, 143, 156, 157, 158, 159, 146, 133, 134, 135, 136, 137, 150, 163, 164, 165, 152, 139, 140, 141, 142, 155, 168]
[00:00:04:15:813] ! Bidirectional. expansions: 98,880, time: 255,809 [ms], path length: 92 [edges], g_F: 41, g_B: 51, generated: 139,473, MM: 10, MMPER: 9.75268817204301%
[00:00:04:15:815] 
---------- mazes/13x13_maze_with_1_open_diamonds_1 ----------
[00:00:00:48:524] Expansion 10,000: state None, f=98, g=40
[00:00:01:13:502] Expansion 20,000: state None, f=95, g=36
[00:00:01:33:978] Expansion 30,000: state None, f=93, g=35
[00:00:01:57:758] Expansion 40,000: state None, f=92, g=23
[00:00:02:14:121] Expansion 50,000: state None, f=91, g=30
[00:00:02:17:329] Path of length 90 found: [0, 1, 2, 15, 28, 27, 26, 39, 52, 53, 54, 41, 42, 29, 16, 3, 4, 17, 30, 43, 56, 57, 58, 45, 32, 19, 6, 7, 8, 9, 10, 11, 12, 25, 38, 37, 36, 49, 62, 61, 74, 87, 88, 89, 90, 103, 116, 115, 114, 113, 112, 99, 86, 85, 84, 83, 82, 81, 80, 79, 92, 105, 106, 107, 108, 109, 122, 135, 134, 133, 132, 131, 130, 143, 156, 157, 158, 159, 160, 161, 162, 163, 164, 165, 152, 139, 140, 141, 142, 155, 168]
[00:00:02:17:332] ! Unidirectional s-t. expansions: 51,200, time: 137,329 [ms], path length: 90 [edges], generated: 69,643
[00:00:00:14:385] Path of length 90 found: [168, 155, 142, 141, 140, 139, 152, 165, 164, 163, 162, 161, 160, 159, 158, 157, 156, 143, 130, 131, 132, 133, 134, 135, 122, 109, 108, 107, 106, 105, 92, 79, 80, 81, 82, 83, 84, 85, 86, 99, 112, 113, 114, 115, 116, 103, 90, 89, 88, 87, 74, 61, 62, 63, 64, 51, 38, 25, 12, 11, 10, 9, 8, 7, 6, 19, 32, 45, 58, 57, 56, 43, 30, 17, 4, 3, 16, 29, 42, 55, 54, 53, 52, 39, 26, 27, 28, 15, 2, 1, 0]
[00:00:00:14:400] ! Unidirectional t-s. expansions: 1,607, time: 14,385 [ms], path length: 90 [edges], generated: 2,500
[00:00:00:53:336] Expansion 20,000: f=95, g=22
[00:00:01:37:728] Expansion 40,000: f=91, g=22
[00:00:01:39:560] Path of length 90 found: [0, 1, 2, 15, 28, 27, 26, 39, 52, 53, 54, 41, 42, 29, 16, 3, 4, 17, 30, 43, 56, 57, 58, 45, 32, 19, 6, 7, 8, 9, 10, 11, 12, 25, 38, 37, 36, 49, 62, 61, 74, 87, 88, 89, 90, 103, 116, 115, 114, 113, 112, 99, 86, 85, 84, 83, 82, 81, 80, 79, 92, 105, 106, 107, 108, 109, 122, 135, 134, 133, 132, 131, 130, 143, 156, 157, 158, 159, 160, 161, 162, 163, 164, 165, 152, 139, 140, 141, 142, 155, 168]
[00:00:01:39:563] ! Bidirectional. expansions: 40,772, time: 99,560 [ms], path length: 90 [edges], g_F: 39, g_B: 51, generated: 56,015, MM: 12, MMPER: 12.186813186813186%
[00:00:01:39:567] 
---------- mazes/13x13_maze_with_1_open_diamonds_2 ----------
[00:00:00:27:941] Expansion 10,000: state None, f=96, g=47
[00:00:00:47:557] Expansion 20,000: state None, f=94, g=34
[00:00:01:06:995] Path of length 92 found: [0, 1, 2, 3, 4, 17, 30, 43, 56, 55, 54, 41, 28, 27, 26, 39, 52, 65, 78, 79, 80, 81, 82, 83, 70, 57, 58, 45, 32, 19, 6, 7, 8, 9, 10, 11, 12, 25, 38, 37, 36, 49, 62, 61, 60, 59, 72, 71, 84, 85, 86, 87, 88, 89, 90, 103, 116, 115, 114, 113, 112, 99, 98, 111, 110, 97, 96, 109, 122, 135, 134, 133, 132, 131, 130, 143, 156, 157, 158, 159, 160, 161, 162, 163, 164, 165, 152, 139, 140, 141, 142, 155, 168]
[00:00:01:06:998] ! Unidirectional s-t. expansions: 29,438, time: 66,995 [ms], path length: 92 [edges], generated: 44,753
[00:00:00:23:958] Expansion 10,000: state None, f=96, g=49
[00:00:00:40:941] Expansion 20,000: state None, f=94, g=44
[00:00:00:51:142] Path of length 92 found: [168, 155, 142, 141, 140, 139, 152, 165, 164, 163, 162, 161, 160, 159, 158, 157, 156, 143, 130, 131, 132, 133, 134, 135, 122, 109, 110, 111, 112, 113, 114, 115, 116, 103, 90, 89, 88, 87, 86, 99, 98, 85, 72, 59, 60, 61, 62, 63, 64, 51, 38, 25, 12, 11, 10, 9, 8, 7, 6, 19, 32, 45, 58, 57, 70, 71, 84, 97, 96, 83, 82, 81, 80, 79, 78, 65, 52, 39, 26, 27, 28, 41, 54, 55, 56, 43, 30, 17, 4, 3, 2, 1, 0]
[00:00:00:51:149] ! Unidirectional t-s. expansions: 25,254, time: 51,147 [ms], path length: 92 [edges], generated: 36,149
[00:00:00:56:802] Expansion 20,000: f=93, g=40
[00:00:01:31:359] Path of length 92 found: [168, 155, 142, 141, 140, 139, 152, 165, 164, 163, 162, 161, 160, 159, 158, 157, 156, 143, 130, 131, 132, 133, 134, 135, 122, 109, 108, 107, 106, 105, 92, 79, 78, 65, 52, 39, 26, 27, 28, 41, 54, 55, 56, 57, 70, 83, 84, 97, 110, 111, 112, 113, 114, 115, 116, 103, 90, 89, 88, 87, 86, 99, 98, 85, 72, 71, 58, 59, 60, 61, 62, 49, 36, 37, 38, 25, 12, 11, 10, 9, 8, 7, 6, 19, 32, 31, 30, 17, 4, 3, 2, 1, 0]
[00:00:01:31:362] ! Bidirectional. expansions: 33,114, time: 91,359 [ms], path length: 92 [edges], g_F: 44, g_B: 48, generated: 52,422, MM: 4, MMPER: 3.301075268817204%
[00:00:01:31:363] 
---------- mazes/13x13_maze_with_1_open_diamonds_3 ----------
[00:00:00:28:570] Expansion 10,000: state None, f=92, g=56
[00:00:00:47:958] Expansion 20,000: state None, f=91, g=34
[00:00:00:50:000] Path of length 90 found: [0, 1, 2, 3, 4, 17, 30, 31, 32, 19, 6, 7, 8, 9, 10, 11, 12, 25, 38, 37, 36, 49, 62, 61, 60, 59, 58, 57, 56, 55, 54, 41, 28, 27, 26, 39, 52, 65, 78, 79, 80, 81, 82, 83, 84, 85, 86, 87, 88, 89, 90, 103, 116, 129, 142, 141, 140, 139, 126, 113, 114, 115, 102, 101, 100, 99, 98, 111, 110, 109, 122, 135, 134, 133, 132, 131, 130, 143, 156, 157, 158, 159, 160, 161, 162, 163, 164, 165, 166, 167, 168]
[00:00:00:50:002] ! Unidirectional s-t. expansions: 20,438, time: 50,000 [ms], path length: 90 [edges], generated: 31,641
[00:00:00:26:608] Expansion 10,000: state None, f=98, g=58
[00:00:00:47:362] Expansion 20,000: state None, f=95, g=59
[00:00:01:05:133] Expansion 30,000: state None, f=93, g=58
[00:00:01:23:176] Expansion 40,000: state None, f=92, g=39
[00:00:01:41:464] Path of length 90 found: [168, 167, 166, 165, 164, 163, 162, 161, 160, 159, 158, 157, 156, 143, 130, 131, 132, 133, 134, 135, 122, 109, 110, 111, 98, 85, 86, 99, 112, 113, 126, 139, 140, 141, 142, 129, 116, 115, 114, 101, 102, 103, 90, 89, 88, 87, 74, 61, 62, 63, 64, 51, 38, 25, 12, 11, 10, 9, 8, 7, 6, 19, 32, 45, 58, 71, 84, 83, 82, 81, 80, 79, 78, 65, 52, 39, 26, 27, 28, 41, 54, 55, 56, 43, 30, 17, 4, 3, 2, 1, 0]
[00:00:01:41:466] ! Unidirectional t-s. expansions: 49,827, time: 101,464 [ms], path length: 90 [edges], generated: 71,852
[00:00:00:57:056] Expansion 20,000: f=95, g=35
[00:00:01:48:354] Expansion 40,000: f=89, g=43
[00:00:02:01:485] Path of length 90 found: [168, 167, 166, 165, 164, 163, 162, 161, 160, 159, 158, 157, 156, 143, 130, 131, 132, 133, 134, 135, 122, 109, 110, 111, 112, 113, 126, 139, 140, 141, 142, 129, 116, 115, 114, 101, 102, 103, 90, 89, 88, 87, 100, 99, 98, 85, 84, 83, 82, 81, 80, 79, 78, 65, 52, 39, 26, 27, 28, 41, 54, 55, 56, 57, 58, 59, 60, 61, 62, 49, 36, 37, 38, 25, 12, 11, 10, 9, 8, 7, 6, 19, 32, 31, 30, 17, 4, 3, 2, 1, 0]
[00:00:02:01:488] ! Bidirectional. expansions: 44,405, time: 121,485 [ms], path length: 90 [edges], g_F: 50, g_B: 40, generated: 66,725, MM: 10, MMPER: 9.989010989010989%
[00:00:02:01:489] 
---------- mazes/13x13_maze_with_1_open_diamonds_4 ----------
[00:00:00:33:768] Expansion 10,000: state None, f=97, g=59
[00:00:00:55:320] Expansion 20,000: state None, f=95, g=25
[00:00:01:14:412] Expansion 30,000: state None, f=93, g=51
[00:00:01:22:973] Path of length 92 found: [0, 1, 2, 3, 4, 17, 30, 31, 32, 19, 6, 7, 8, 9, 10, 11, 12, 25, 38, 37, 36, 49, 62, 61, 60, 59, 58, 57, 56, 55, 54, 41, 28, 27, 26, 39, 52, 65, 78, 79, 80, 81, 82, 83, 84, 85, 86, 87, 88, 89, 90, 103, 116, 115, 114, 113, 112, 111, 110, 109, 108, 107, 106, 119, 132, 131, 130, 143, 156, 157, 158, 159, 160, 147, 134, 133, 120, 121, 122, 123, 136, 137, 150, 163, 164, 165, 152, 139, 140, 141, 142, 155, 168]
[00:00:01:22:976] ! Unidirectional s-t. expansions: 33,578, time: 82,973 [ms], path length: 92 [edges], generated: 51,823
[00:00:00:31:409] Expansion 10,000: state None, f=101, g=32
[00:00:00:54:841] Expansion 20,000: state None, f=99, g=33
[00:00:01:16:028] Expansion 30,000: state None, f=97, g=50
[00:00:01:36:428] Expansion 40,000: state None, f=96, g=45
[00:00:01:57:892] Expansion 50,000: state None, f=95, g=38
[00:00:02:17:007] Expansion 60,000: state None, f=94, g=63
[00:00:02:37:382] Expansion 70,000: state None, f=93, g=77
[00:00:02:58:105] Expansion 80,000: state None, f=93, g=34
[00:00:03:04:368] Path of length 92 found: [168, 167, 166, 165, 152, 139, 140, 141, 142, 129, 116, 103, 90, 89, 88, 87, 74, 61, 62, 63, 64, 51, 38, 25, 12, 11, 10, 9, 8, 7, 6, 19, 32, 45, 58, 71, 84, 85, 86, 99, 112, 111, 110, 123, 136, 137, 150, 163, 162, 161, 160, 159, 158, 157, 156, 143, 130, 131, 132, 119, 106, 107, 120, 133, 134, 135, 122, 109, 108, 95, 82, 81, 80, 79, 78, 65, 52, 39, 26, 27, 28, 41, 54, 55, 56, 43, 30, 17, 4, 3, 2, 1, 0]
[00:00:03:04:370] ! Unidirectional t-s. expansions: 82,439, time: 184,368 [ms], path length: 92 [edges], generated: 118,601
[00:00:01:04:042] Expansion 20,000: f=99, g=44
[00:00:01:53:641] Expansion 40,000: f=96, g=40
[00:00:02:44:555] Expansion 60,000: f=94, g=17
[00:00:03:35:524] Expansion 80,000: f=92, g=39
[00:00:04:03:618] Path of length 92 found: [0, 1, 2, 3, 4, 17, 30, 31, 32, 19, 6, 7, 8, 9, 10, 11, 12, 25, 38, 37, 36, 49, 62, 61, 60, 59, 58, 57, 56, 55, 54, 41, 28, 27, 26, 39, 52, 65, 78, 79, 92, 105, 106, 107, 120, 121, 122, 109, 108, 95, 82, 83, 84, 85, 86, 87, 88, 89, 90, 103, 116, 115, 114, 113, 112, 111, 110, 123, 136, 135, 134, 133, 132, 131, 130, 143, 156, 157, 158, 159, 160, 161, 162, 163, 164, 165, 152, 139, 140, 141, 142, 155, 168]
[00:00:04:03:621] ! Bidirectional. expansions: 90,131, time: 243,618 [ms], path length: 92 [edges], g_F: 41, g_B: 51, generated: 130,932, MM: 10, MMPER: 9.75268817204301%
[00:00:04:03:623] 
---------- mazes/13x13_maze_with_1_open_diamonds_5 ----------
[00:00:00:22:652] Expansion 10,000: state None, f=98, g=46
[00:00:01:03:812] Expansion 20,000: state None, f=95, g=60
[00:00:01:24:490] Expansion 30,000: state None, f=93, g=71
[00:00:01:40:364] Path of length 92 found: [0, 1, 2, 3, 4, 17, 30, 31, 32, 19, 6, 7, 8, 9, 10, 11, 12, 25, 38, 37, 36, 49, 62, 61, 60, 59, 58, 57, 56, 55, 54, 41, 28, 27, 26, 39, 52, 65, 78, 79, 80, 81, 82, 83, 84, 85, 86, 87, 88, 89, 90, 103, 116, 115, 114, 113, 112, 111, 110, 109, 108, 107, 106, 105, 118, 131, 130, 143, 156, 157, 158, 159, 146, 133, 132, 119, 120, 121, 122, 135, 136, 137, 150, 163, 164, 165, 152, 139, 140, 141, 142, 155, 168]
[00:00:01:40:367] ! Unidirectional s-t. expansions: 36,899, time: 100,364 [ms], path length: 92 [edges], generated: 55,900
[00:00:00:32:307] Expansion 10,000: state None, f=100, g=50
[00:00:00:54:865] Expansion 20,000: state None, f=98, g=49
[00:00:01:17:730] Expansion 30,000: state None, f=97, g=24
[00:00:01:39:043] Expansion 40,000: state None, f=96, g=31
[00:00:02:00:700] Expansion 50,000: state None, f=95, g=17
[00:00:02:20:158] Expansion 60,000: state None, f=94, g=42
[00:00:02:42:719] Expansion 70,000: state None, f=93, g=50
[00:00:02:59:823] Path of length 92 found: [168, 167, 166, 165, 152, 139, 140, 141, 142, 129, 116, 103, 90, 89, 88, 87, 74, 61, 62, 63, 64, 51, 38, 25, 12, 11, 10, 9, 8, 7, 6, 19, 32, 45, 58, 71, 84, 85, 86, 99, 112, 111, 110, 109, 122, 135, 136, 137, 150, 163, 162, 161, 160, 159, 158, 157, 156, 143, 130, 131, 118, 105, 106, 119, 132, 133, 134, 121, 108, 107, 94, 81, 80, 79, 78, 65, 52, 39, 26, 27, 28, 41, 54, 55, 56, 43, 30, 17, 4, 3, 2, 1, 0]
[00:00:02:59:825] ! Unidirectional t-s. expansions: 77,684, time: 179,823 [ms], path length: 92 [edges], generated: 112,634
[00:00:01:06:654] Expansion 20,000: f=99, g=35
[00:00:01:58:122] Expansion 40,000: f=96, g=33
[00:00:02:50:148] Expansion 60,000: f=94, g=32
[00:00:03:40:477] Expansion 80,000: f=92, g=26
[00:00:04:18:564] Path of length 92 found: [0, 1, 2, 3, 4, 17, 30, 31, 32, 19, 6, 7, 8, 9, 10, 11, 12, 25, 38, 37, 36, 49, 62, 61, 60, 59, 58, 57, 56, 55, 54, 41, 28, 27, 26, 39, 52, 65, 78, 79, 92, 105, 106, 119, 120, 121, 108, 107, 94, 81, 82, 83, 84, 85, 86, 87, 88, 89, 90, 103, 116, 115, 114, 113, 112, 111, 110, 109, 122, 135, 134, 133, 132, 131, 130, 143, 156, 157, 158, 159, 160, 161, 162, 163, 164, 165, 152, 139, 140, 141, 142, 155, 168]
[00:00:04:18:580] ! Bidirectional. expansions: 94,093, time: 258,576 [ms], path length: 92 [edges], g_F: 41, g_B: 51, generated: 136,532, MM: 10, MMPER: 9.75268817204301%
[00:00:04:18:582] 
---------- mazes/13x13_maze_with_1_open_diamonds_6 ----------
[00:00:00:43:444] Expansion 10,000: state None, f=95, g=31
[00:00:01:01:494] Path of length 92 found: [0, 1, 2, 3, 4, 17, 30, 43, 56, 55, 54, 41, 28, 27, 26, 39, 52, 65, 78, 79, 80, 81, 82, 83, 84, 71, 58, 45, 32, 19, 6, 7, 8, 9, 10, 11, 12, 25, 38, 51, 64, 63, 62, 49, 36, 35, 34, 47, 60, 59, 72, 85, 86, 73, 74, 87, 88, 89, 90, 103, 116, 115, 114, 113, 112, 111, 110, 109, 122, 135, 134, 133, 132, 131, 130, 143, 156, 157, 158, 159, 160, 161, 162, 163, 164, 165, 152, 139, 140, 141, 142, 155, 168]
[00:00:01:01:498] ! Unidirectional s-t. expansions: 19,096, time: 61,494 [ms], path length: 92 [edges], generated: 28,635
[00:00:00:18:392] Path of length 92 found: [168, 155, 142, 141, 140, 139, 152, 165, 164, 163, 162, 161, 160, 159, 158, 157, 156, 143, 130, 131, 132, 133, 134, 135, 122, 109, 110, 111, 112, 113, 114, 115, 116, 103, 90, 89, 88, 75, 74, 87, 86, 73, 60, 47, 34, 35, 36, 49, 62, 63, 64, 51, 38, 25, 12, 11, 10, 9, 8, 7, 6, 19, 32, 45, 58, 59, 72, 85, 84, 83, 82, 81, 80, 79, 78, 65, 52, 39, 26, 27, 28, 41, 54, 55, 56, 43, 30, 17, 4, 3, 2, 1, 0]
[00:00:00:18:409] ! Unidirectional t-s. expansions: 7,299, time: 18,392 [ms], path length: 92 [edges], generated: 10,743
[00:00:00:51:835] Expansion 20,000: f=91, g=34
[00:00:00:54:446] Path of length 92 found: [168, 155, 142, 141, 140, 139, 152, 165, 164, 163, 162, 161, 160, 159, 158, 157, 156, 143, 130, 131, 132, 133, 134, 135, 122, 109, 110, 111, 112, 113, 114, 115, 116, 103, 90, 89, 88, 75, 74, 87, 86, 85, 72, 73, 60, 47, 34, 35, 36, 49, 62, 63, 64, 51, 38, 25, 12, 11, 10, 9, 8, 7, 6, 19, 32, 45, 58, 71, 84, 83, 82, 81, 80, 79, 78, 65, 52, 39, 26, 27, 28, 41, 54, 55, 56, 43, 30, 17, 4, 3, 2, 1, 0]
[00:00:00:54:452] ! Bidirectional. expansions: 20,895, time: 54,449 [ms], path length: 92 [edges], g_F: 43, g_B: 49, generated: 32,347, MM: 6, MMPER: 5.451612903225806%
[00:00:00:54:454] 
---------- mazes/13x13_maze_with_1_open_diamonds_7 ----------
[00:00:00:26:717] Expansion 10,000: state None, f=97, g=44
[00:00:00:48:996] Expansion 20,000: state None, f=95, g=19
[00:00:00:50:279] Path of length 94 found: [0, 1, 2, 3, 4, 17, 30, 31, 32, 19, 6, 7, 8, 9, 10, 11, 12, 25, 38, 51, 64, 63, 62, 49, 36, 35, 34, 21, 20, 33, 46, 47, 60, 61, 74, 87, 88, 89, 90, 103, 116, 115, 114, 113, 112, 99, 86, 85, 84, 71, 58, 57, 56, 55, 54, 41, 28, 27, 26, 39, 52, 65, 78, 79, 92, 105, 106, 107, 108, 109, 122, 135, 134, 133, 132, 131, 130, 143, 156, 157, 158, 159, 160, 161, 162, 163, 164, 165, 152, 139, 140, 141, 142, 155, 168]
[00:00:00:50:282] ! Unidirectional s-t. expansions: 20,475, time: 50,279 [ms], path length: 94 [edges], generated: 28,904
[00:00:00:02:528] Path of length 94 found: [168, 155, 142, 141, 140, 139, 152, 165, 164, 163, 162, 161, 160, 159, 158, 157, 156, 143, 130, 131, 132, 133, 134, 135, 122, 109, 108, 107, 106, 105, 92, 79, 78, 65, 52, 39, 26, 27, 28, 41, 54, 55, 56, 57, 58, 71, 84, 85, 86, 99, 112, 113, 114, 115, 116, 103, 90, 89, 88, 87, 74, 61, 60, 59, 46, 47, 34, 35, 36, 49, 62, 63, 64, 51, 38, 25, 12, 11, 10, 9, 8, 21, 20, 7, 6, 19, 32, 31, 30, 17, 4, 3, 2, 1, 0]
[00:00:00:02:529] ! Unidirectional t-s. expansions: 1,663, time: 2,528 [ms], path length: 94 [edges], generated: 2,602
[00:00:00:46:260] Path of length 94 found: [168, 155, 142, 141, 140, 139, 152, 165, 164, 163, 162, 161, 160, 159, 158, 157, 156, 143, 130, 131, 132, 133, 134, 135, 122, 109, 108, 107, 106, 105, 92, 79, 78, 65, 52, 39, 26, 27, 28, 41, 54, 55, 56, 57, 58, 71, 84, 85, 86, 99, 112, 113, 114, 115, 116, 103, 90, 89, 88, 87, 74, 61, 60, 47, 46, 33, 20, 21, 34, 35, 36, 49, 62, 63, 64, 51, 38, 25, 12, 11, 10, 9, 8, 7, 6, 19, 32, 31, 30, 17, 4, 3, 2, 1, 0]
[00:00:00:46:276] ! Bidirectional. expansions: 17,115, time: 46,260 [ms], path length: 94 [edges], g_F: 44, g_B: 50, generated: 24,388, MM: 6, MMPER: 5.315789473684211%
[00:00:00:46:278] 
---------- mazes/13x13_maze_with_1_open_diamonds_8 ----------
[00:00:00:26:288] Expansion 10,000: state None, f=97, g=44
[00:00:00:48:410] Expansion 20,000: state None, f=95, g=19
[00:00:00:49:706] Path of length 94 found: [0, 1, 2, 3, 4, 17, 30, 31, 32, 19, 6, 7, 8, 9, 10, 11, 12, 25, 38, 51, 64, 63, 62, 49, 36, 35, 34, 21, 20, 33, 46, 47, 60, 61, 74, 87, 88, 89, 90, 103, 116, 115, 114, 113, 112, 99, 86, 85, 84, 71, 58, 57, 56, 55, 54, 41, 28, 27, 26, 39, 52, 65, 78, 79, 92, 105, 106, 107, 108, 109, 122, 135, 134, 133, 132, 131, 130, 143, 156, 157, 158, 159, 160, 161, 162, 163, 164, 165, 152, 139, 140, 141, 142, 155, 168]
[00:00:00:49:708] ! Unidirectional s-t. expansions: 20,475, time: 49,707 [ms], path length: 94 [edges], generated: 28,904
[00:00:00:02:560] Path of length 94 found: [168, 155, 142, 141, 140, 139, 152, 165, 164, 163, 162, 161, 160, 159, 158, 157, 156, 143, 130, 131, 132, 133, 134, 135, 122, 109, 108, 107, 106, 105, 92, 79, 78, 65, 52, 39, 26, 27, 28, 41, 54, 55, 56, 57, 58, 71, 84, 85, 86, 99, 112, 113, 114, 115, 116, 103, 90, 89, 88, 87, 74, 61, 60, 59, 46, 47, 34, 35, 36, 49, 62, 63, 64, 51, 38, 25, 12, 11, 10, 9, 8, 21, 20, 7, 6, 19, 32, 31, 30, 17, 4, 3, 2, 1, 0]
[00:00:00:02:561] ! Unidirectional t-s. expansions: 1,663, time: 2,560 [ms], path length: 94 [edges], generated: 2,602
[00:00:00:46:039] Path of length 94 found: [168, 155, 142, 141, 140, 139, 152, 165, 164, 163, 162, 161, 160, 159, 158, 157, 156, 143, 130, 131, 132, 133, 134, 135, 122, 109, 108, 107, 106, 105, 92, 79, 78, 65, 52, 39, 26, 27, 28, 41, 54, 55, 56, 57, 58, 71, 84, 85, 86, 99, 112, 113, 114, 115, 116, 103, 90, 89, 88, 87, 74, 61, 60, 47, 46, 33, 20, 21, 34, 35, 36, 49, 62, 63, 64, 51, 38, 25, 12, 11, 10, 9, 8, 7, 6, 19, 32, 31, 30, 17, 4, 3, 2, 1, 0]
[00:00:00:46:043] ! Bidirectional. expansions: 17,115, time: 46,039 [ms], path length: 94 [edges], g_F: 44, g_B: 50, generated: 24,388, MM: 6, MMPER: 5.315789473684211%
[00:00:00:46:046] 
---------- mazes/13x13_maze_with_1_open_diamonds_9 ----------
[00:00:00:26:189] Expansion 10,000: state None, f=96, g=74
[00:00:00:44:594] Expansion 20,000: state None, f=95, g=42
[00:00:00:59:210] Expansion 30,000: state None, f=94, g=57
[00:00:01:15:489] Expansion 40,000: state None, f=93, g=60
[00:00:01:29:531] Path of length 92 found: [0, 1, 2, 3, 4, 17, 30, 31, 32, 19, 6, 7, 8, 9, 10, 11, 12, 25, 38, 37, 36, 49, 62, 61, 74, 87, 88, 89, 90, 103, 116, 115, 114, 113, 126, 125, 112, 111, 98, 99, 86, 85, 84, 71, 58, 57, 56, 55, 54, 41, 28, 27, 26, 39, 52, 65, 78, 79, 92, 105, 106, 107, 108, 109, 110, 123, 124, 137, 136, 135, 134, 133, 132, 131, 130, 143, 156, 157, 158, 159, 160, 161, 162, 163, 164, 165, 152, 139, 140, 141, 142, 155, 168]
[00:00:01:29:532] ! Unidirectional s-t. expansions: 46,531, time: 89,531 [ms], path length: 92 [edges], generated: 70,258
[00:00:00:28:471] Expansion 10,000: state None, f=105, g=30
[00:00:00:49:503] Expansion 20,000: state None, f=103, g=54
[00:00:01:08:104] Expansion 30,000: state None, f=102, g=42
[00:00:01:29:758] Expansion 40,000: state None, f=101, g=48
[00:00:01:50:047] Expansion 50,000: state None, f=100, g=42
[00:00:02:08:743] Expansion 60,000: state None, f=99, g=56
[00:00:02:29:621] Expansion 70,000: state None, f=98, g=59
[00:00:02:51:259] Expansion 80,000: state None, f=98, g=36
[00:00:03:08:418] Expansion 90,000: state None, f=97, g=53
[00:00:03:24:767] Expansion 100,000: state None, f=96, g=57
[00:00:03:43:018] Expansion 110,000: state None, f=96, g=49
[00:00:04:01:818] Expansion 120,000: state None, f=95, g=69
[00:00:04:20:035] Expansion 130,000: state None, f=95, g=51
[00:00:04:37:467] Expansion 140,000: state None, f=94, g=75
[00:00:04:49:691] Expansion 150,000: state None, f=94, g=65
[00:00:05:04:842] Expansion 160,000: state None, f=94, g=60
[00:00:05:28:999] Expansion 170,000: state None, f=94, g=32
[00:00:05:43:974] Expansion 180,000: state None, f=93, g=63
[00:00:05:59:270] Expansion 190,000: state None, f=93, g=50
[00:00:06:18:408] Path of length 92 found: [168, 155, 142, 141, 140, 139, 152, 165, 164, 163, 162, 161, 160, 159, 158, 157, 156, 143, 130, 131, 132, 133, 134, 135, 122, 109, 110, 123, 136, 137, 138, 125, 124, 111, 98, 85, 86, 99, 112, 113, 114, 115, 116, 103, 90, 89, 88, 87, 74, 61, 62, 63, 64, 51, 38, 25, 12, 11, 10, 9, 8, 7, 6, 19, 32, 45, 58, 71, 84, 83, 82, 81, 80, 79, 78, 65, 52, 39, 26, 27, 28, 41, 54, 55, 56, 43, 30, 17, 4, 3, 2, 1, 0]
[00:00:06:18:411] ! Unidirectional t-s. expansions: 198,275, time: 378,410 [ms], path length: 92 [edges], generated: 276,295
[00:00:01:14:956] Expansion 20,000: f=103, g=49
[00:00:02:02:338] Expansion 40,000: f=100, g=43
[00:00:02:49:815] Expansion 60,000: f=98, g=33
[00:00:03:39:516] Expansion 80,000: f=95, g=46
[00:00:04:30:880] Expansion 100,000: f=93, g=34
[00:00:05:24:484] Expansion 120,000: f=90, g=43
[00:00:06:17:950] Expansion 140,000: f=89, g=28
[00:00:06:25:758] Path of length 92 found: [0, 1, 2, 3, 4, 17, 30, 31, 32, 19, 6, 7, 8, 9, 10, 11, 12, 25, 38, 37, 36, 49, 62, 61, 60, 59, 58, 57, 56, 55, 54, 41, 28, 27, 26, 39, 52, 65, 78, 79, 92, 105, 106, 107, 108, 109, 110, 123, 124, 111, 112, 99, 98, 85, 86, 87, 88, 89, 90, 103, 116, 115, 114, 113, 126, 125, 138, 137, 136, 135, 134, 133, 132, 131, 130, 143, 156, 157, 158, 159, 160, 161, 162, 163, 164, 165, 152, 139, 140, 141, 142, 155, 168]
[00:00:06:25:765] ! Bidirectional. expansions: 142,516, time: 385,761 [ms], path length: 92 [edges], g_F: 38, g_B: 54, generated: 202,647, MM: 16, MMPER: 16.204301075268816%
[00:00:06:25:771] average expansions: (30,949, 55,400, 59,904, 0)
[00:00:06:25:777] average time: (75,775, 116,593, 160,292, 0)
[00:00:06:25:784] XA*: 30,949 , 75,775 (expansions , time[ms])
[00:00:06:25:790] XMM: 59,904 , 160,292 (expansions , time[ms])

