--------------------------
date: SM_Grids
number_of_graphs: 10
graph_type: grid
size_of_graphs: [9, 9]
heuristic: bcc_heuristic
snake: True
run_uni: True
run_bi: True
run_multi: False
solution_vertices: []
algorithms: ['IDA']
lookahead: 4
bsd: False
cube_first_dims: 4
cube_buffer_dim: None
backward_sym_generation: False
sym_coil: False
prefix_set: None

---------- SM_Grids/9x9_grid_with_random_blocks_12per_0 ----------
[00:00:01:49:590] Path of length 46 found: [0, 1, 2, 3, 4, 5, 6, 7, 16, 17, 26, 35, 44, 53, 52, 51, 42, 33, 24, 23, 22, 21, 20, 19, 18, 27, 36, 45, 54, 63, 72, 73, 74, 65, 56, 47, 48, 49, 58, 67, 76, 77, 78, 69, 70, 71, 80]
[00:00:01:49:590] ! Unidirectional s-t. expansions: 3,491, time: 109,590 [ms], path length: 46 [edges], generated: 77,227
[00:00:01:04:288] Path of length 46 found: [80, 71, 70, 69, 78, 77, 76, 67, 58, 49, 48, 47, 56, 65, 74, 73, 72, 63, 54, 45, 36, 27, 28, 29, 20, 21, 22, 23, 24, 33, 42, 51, 52, 53, 44, 35, 26, 17, 8, 7, 6, 5, 4, 3, 2, 1, 0]
[00:00:01:04:289] ! Unidirectional t-s. expansions: 2,781, time: 64,288 [ms], path length: 46 [edges], generated: 47,205
[00:00:00:28:173] Path of length 46 found: [0, 1, 2, 3, 4, 5, 6, 7, 16, 17, 26, 35, 44, 53, 52, 51, 42, 33, 24, 23, 22, 21, 20, 19, 18, 27, 36, 45, 54, 63, 72, 73, 74, 65, 56, 47, 48, 49, 58, 67, 76, 77, 78, 69, 70, 71, 80]
[00:00:00:28:735] ! Bidirectional. expansions: 1,244, time: 28,173 [ms], path length: 46 [edges], g_F: 23, g_B: 23, generated: {'F': 7,713, 'B': 8,234}, MM: 0, MMPER: -1.0%
[00:00:00:28:735] 
---------- SM_Grids/9x9_grid_with_random_blocks_12per_1 ----------
[00:00:02:03:514] Path of length 46 found: [0, 9, 10, 19, 20, 21, 12, 3, 4, 5, 6, 15, 16, 25, 26, 35, 44, 43, 42, 33, 32, 31, 40, 39, 38, 37, 46, 45, 54, 63, 72, 73, 74, 65, 56, 57, 58, 67, 76, 77, 78, 69, 60, 61, 62, 71, 80]
[00:00:02:03:515] ! Unidirectional s-t. expansions: 4,810, time: 123,515 [ms], path length: 46 [edges], generated: 92,840
[00:00:01:42:948] Path of length 46 found: [80, 79, 78, 77, 68, 67, 58, 57, 56, 65, 74, 73, 72, 63, 54, 45, 46, 37, 38, 39, 40, 31, 32, 33, 42, 51, 60, 61, 62, 53, 44, 35, 26, 17, 8, 7, 6, 5, 4, 13, 12, 21, 20, 19, 10, 1, 0]
[00:00:01:42:949] ! Unidirectional t-s. expansions: 3,768, time: 102,948 [ms], path length: 46 [edges], generated: 75,913
[00:00:01:42:592] Path of length 46 found: [0, 9, 10, 11, 2, 3, 4, 5, 6, 15, 16, 25, 26, 35, 44, 53, 62, 61, 60, 51, 42, 33, 32, 23, 22, 21, 30, 29, 38, 37, 46, 45, 54, 63, 72, 73, 74, 65, 56, 57, 58, 67, 68, 77, 78, 79, 80]
[00:00:01:43:126] ! Bidirectional. expansions: 6,442, time: 102,592 [ms], path length: 46 [edges], g_F: 23, g_B: 23, generated: {'F': 39,434, 'B': 39,480}, MM: 0, MMPER: -1.0%
[00:00:01:43:126] 
---------- SM_Grids/9x9_grid_with_random_blocks_12per_2 ----------
[00:00:02:43:004] Path of length 44 found: [0, 9, 18, 27, 28, 29, 20, 11, 12, 13, 22, 31, 40, 39, 48, 47, 46, 55, 64, 73, 74, 75, 66, 67, 58, 59, 50, 51, 42, 33, 24, 15, 6, 7, 8, 17, 26, 35, 44, 53, 62, 61, 70, 79, 80]
[00:00:02:43:004] ! Unidirectional s-t. expansions: 5,909, time: 163,004 [ms], path length: 44 [edges], generated: 119,594
[00:00:02:26:021] Path of length 44 found: [80, 71, 62, 53, 44, 43, 42, 33, 24, 25, 26, 17, 8, 7, 6, 5, 14, 13, 22, 31, 40, 39, 48, 57, 58, 59, 60, 69, 78, 77, 76, 75, 74, 65, 64, 55, 46, 37, 28, 29, 20, 11, 2, 1, 0]
[00:00:02:26:022] ! Unidirectional t-s. expansions: 6,435, time: 146,021 [ms], path length: 44 [edges], generated: 113,325
[00:00:02:41:615] Path of length 44 found: [0, 1, 2, 11, 20, 19, 28, 37, 46, 55, 64, 73, 74, 75, 76, 77, 78, 69, 60, 59, 58, 57, 48, 39, 40, 31, 22, 13, 14, 5, 6, 7, 8, 17, 26, 25, 24, 33, 42, 43, 44, 53, 62, 71, 80]
[00:00:02:42:122] ! Bidirectional. expansions: 5,156, time: 161,615 [ms], path length: 44 [edges], g_F: 22, g_B: 22, generated: {'F': 44,633, 'B': 45,975}, MM: 0, MMPER: -1.0%
[00:00:02:42:122] 
---------- SM_Grids/9x9_grid_with_random_blocks_12per_3 ----------
[00:00:01:25:229] Path of length 46 found: [0, 1, 10, 19, 28, 37, 46, 45, 54, 63, 72, 73, 74, 75, 76, 67, 58, 57, 48, 39, 40, 31, 22, 21, 12, 3, 4, 5, 6, 7, 8, 17, 26, 25, 24, 33, 42, 43, 44, 53, 62, 61, 60, 69, 78, 79, 80]
[00:00:01:25:230] ! Unidirectional s-t. expansions: 3,415, time: 85,230 [ms], path length: 46 [edges], generated: 65,206
[00:00:02:38:698] Path of length 46 found: [80, 71, 62, 53, 44, 43, 42, 51, 60, 69, 68, 77, 76, 75, 74, 73, 72, 63, 54, 45, 46, 47, 56, 57, 58, 49, 40, 31, 32, 23, 24, 25, 26, 17, 8, 7, 6, 5, 4, 3, 12, 21, 20, 19, 10, 1, 0]
[00:00:02:38:699] ! Unidirectional t-s. expansions: 5,876, time: 158,698 [ms], path length: 46 [edges], generated: 111,033
[00:00:01:38:078] Path of length 46 found: [0, 1, 2, 3, 12, 21, 20, 19, 28, 37, 46, 45, 54, 63, 72, 73, 74, 75, 76, 67, 58, 57, 48, 39, 40, 41, 42, 33, 24, 23, 14, 5, 6, 7, 8, 17, 26, 35, 44, 53, 62, 61, 60, 69, 78, 79, 80]
[00:00:01:38:590] ! Bidirectional. expansions: 5,255, time: 98,079 [ms], path length: 46 [edges], g_F: 23, g_B: 23, generated: {'F': 31,558, 'B': 33,281}, MM: 0, MMPER: -1.0%
[00:00:01:38:590] 
---------- SM_Grids/9x9_grid_with_random_blocks_12per_4 ----------
[00:00:00:59:518] Path of length 46 found: [0, 9, 18, 27, 28, 37, 46, 45, 54, 63, 72, 73, 74, 65, 56, 57, 48, 39, 40, 41, 32, 23, 22, 21, 20, 11, 2, 3, 4, 5, 6, 15, 16, 25, 26, 35, 44, 43, 52, 51, 60, 59, 68, 77, 78, 79, 80]
[00:00:00:59:518] ! Unidirectional s-t. expansions: 1,803, time: 59,518 [ms], path length: 46 [edges], generated: 40,184
[00:00:00:33:377] Path of length 46 found: [80, 79, 78, 77, 68, 59, 60, 61, 62, 53, 44, 35, 26, 17, 16, 15, 6, 5, 4, 3, 2, 11, 20, 21, 22, 23, 32, 41, 40, 39, 48, 57, 56, 65, 74, 73, 72, 63, 54, 45, 46, 37, 28, 27, 18, 9, 0]
[00:00:00:33:377] ! Unidirectional t-s. expansions: 1,198, time: 33,377 [ms], path length: 46 [edges], generated: 22,326
[00:00:00:46:306] Path of length 46 found: [0, 9, 10, 11, 2, 3, 4, 5, 6, 15, 16, 25, 26, 35, 44, 53, 62, 61, 60, 51, 42, 33, 32, 23, 22, 21, 30, 39, 38, 37, 36, 45, 54, 63, 72, 73, 74, 65, 56, 57, 58, 67, 68, 77, 78, 79, 80]
[00:00:00:46:836] ! Bidirectional. expansions: 1,753, time: 46,306 [ms], path length: 46 [edges], g_F: 23, g_B: 23, generated: {'F': 13,201, 'B': 13,530}, MM: 0, MMPER: -1.0%
[00:00:00:46:836] 
---------- SM_Grids/9x9_grid_with_random_blocks_12per_5 ----------
[00:00:00:27:982] Path of length 40 found: [0, 1, 2, 3, 4, 13, 14, 23, 24, 33, 42, 43, 44, 53, 62, 61, 60, 59, 50, 49, 40, 31, 30, 21, 20, 19, 18, 27, 36, 45, 46, 47, 56, 65, 66, 67, 76, 77, 78, 79, 80]
[00:00:00:27:983] ! Unidirectional s-t. expansions: 753, time: 27,983 [ms], path length: 40 [edges], generated: 17,236
[00:00:00:22:875] Path of length 40 found: [80, 71, 62, 53, 44, 43, 42, 33, 24, 23, 14, 13, 4, 3, 2, 11, 20, 21, 30, 31, 40, 49, 50, 59, 60, 69, 78, 77, 76, 67, 66, 57, 56, 47, 38, 37, 28, 27, 18, 9, 0]
[00:00:00:22:875] ! Unidirectional t-s. expansions: 657, time: 22,875 [ms], path length: 40 [edges], generated: 14,736
[00:00:00:34:798] Path of length 40 found: [0, 9, 18, 27, 36, 45, 46, 47, 56, 65, 66, 67, 76, 77, 78, 69, 60, 59, 50, 49, 40, 39, 30, 29, 20, 11, 2, 3, 4, 13, 14, 23, 24, 33, 42, 43, 44, 53, 62, 71, 80]
[00:00:00:35:315] ! Bidirectional. expansions: 962, time: 34,798 [ms], path length: 40 [edges], g_F: 20, g_B: 20, generated: {'F': 7,915, 'B': 7,502}, MM: 0, MMPER: -1.0%
[00:00:00:35:315] 
---------- SM_Grids/9x9_grid_with_random_blocks_12per_6 ----------
[00:00:01:42:976] Path of length 48 found: [0, 1, 10, 19, 18, 27, 36, 37, 38, 39, 48, 57, 56, 55, 54, 63, 72, 73, 74, 75, 76, 67, 68, 59, 50, 51, 42, 33, 32, 23, 22, 21, 12, 3, 4, 5, 6, 15, 16, 25, 26, 35, 44, 53, 62, 61, 70, 79, 80]
[00:00:01:42:977] ! Unidirectional s-t. expansions: 3,501, time: 102,977 [ms], path length: 48 [edges], generated: 71,649
[00:00:00:45:907] Path of length 48 found: [80, 71, 62, 53, 44, 35, 26, 17, 16, 7, 6, 5, 4, 3, 12, 21, 22, 23, 24, 33, 42, 41, 50, 59, 60, 69, 78, 77, 76, 75, 74, 73, 72, 63, 54, 55, 56, 57, 48, 39, 38, 37, 36, 27, 18, 19, 10, 1, 0]
[00:00:00:45:908] ! Unidirectional t-s. expansions: 1,880, time: 45,907 [ms], path length: 48 [edges], generated: 30,424
[00:00:00:59:386] Path of length 48 found: [0, 1, 10, 19, 18, 27, 36, 37, 38, 39, 48, 57, 56, 55, 54, 63, 72, 73, 74, 75, 76, 77, 78, 69, 60, 59, 50, 41, 42, 33, 24, 23, 22, 21, 12, 3, 4, 5, 6, 7, 8, 17, 26, 35, 44, 53, 62, 71, 80]
[00:00:00:59:890] ! Bidirectional. expansions: 2,480, time: 59,386 [ms], path length: 48 [edges], g_F: 24, g_B: 24, generated: {'F': 15,832, 'B': 17,260}, MM: 0, MMPER: -1.0%
[00:00:00:59:890] 
---------- SM_Grids/9x9_grid_with_random_blocks_12per_7 ----------
[00:00:03:18:728] Path of length 44 found: [0, 9, 18, 27, 36, 45, 54, 63, 64, 73, 74, 75, 76, 77, 68, 59, 58, 57, 48, 47, 38, 29, 20, 11, 2, 3, 4, 5, 6, 7, 16, 25, 24, 23, 22, 31, 40, 41, 42, 51, 52, 61, 70, 79, 80]
[00:00:03:18:728] ! Unidirectional s-t. expansions: 6,530, time: 198,728 [ms], path length: 44 [edges], generated: 139,050
[00:00:04:39:197] Valid states checked so far: 200,000, Expansions: 10,052, Global best: 37
[00:00:04:44:678] Path of length 44 found: [80, 71, 62, 53, 52, 51, 42, 33, 34, 25, 16, 7, 6, 5, 4, 3, 2, 11, 20, 21, 22, 31, 40, 39, 38, 47, 56, 57, 58, 59, 68, 77, 76, 75, 74, 73, 64, 63, 54, 45, 36, 27, 18, 9, 0]
[00:00:04:44:679] ! Unidirectional t-s. expansions: 10,362, time: 284,679 [ms], path length: 44 [edges], generated: 204,985
[00:00:03:01:173] Path of length 44 found: [0, 9, 18, 27, 36, 45, 54, 63, 64, 73, 74, 75, 76, 77, 68, 59, 58, 57, 56, 47, 38, 39, 40, 31, 22, 21, 20, 11, 2, 3, 4, 5, 6, 7, 16, 25, 34, 33, 42, 51, 52, 61, 70, 79, 80]
[00:00:03:01:688] ! Bidirectional. expansions: 6,369, time: 181,173 [ms], path length: 44 [edges], g_F: 22, g_B: 22, generated: {'F': 53,629, 'B': 59,552}, MM: 0, MMPER: -1.0%
[00:00:03:01:688] 
---------- SM_Grids/9x9_grid_with_random_blocks_12per_8 ----------
[00:00:00:26:654] Path of length 48 found: [0, 9, 18, 19, 20, 11, 2, 3, 4, 13, 22, 31, 32, 33, 24, 15, 6, 7, 8, 17, 26, 35, 44, 53, 62, 61, 60, 51, 50, 49, 48, 47, 38, 37, 36, 45, 54, 63, 72, 73, 74, 75, 66, 67, 68, 77, 78, 79, 80]
[00:00:00:26:654] ! Unidirectional s-t. expansions: 904, time: 26,654 [ms], path length: 48 [edges], generated: 16,784
[00:00:01:10:856] Path of length 48 found: [80, 79, 78, 77, 68, 67, 66, 75, 74, 73, 72, 63, 54, 45, 36, 37, 38, 47, 48, 49, 40, 31, 22, 23, 24, 33, 42, 51, 60, 61, 62, 53, 44, 35, 26, 17, 8, 7, 6, 5, 4, 3, 2, 11, 20, 19, 18, 9, 0]
[00:00:01:10:856] ! Unidirectional t-s. expansions: 2,841, time: 70,856 [ms], path length: 48 [edges], generated: 47,983
[00:00:00:47:980] Path of length 48 found: [0, 9, 18, 19, 20, 11, 2, 3, 4, 13, 22, 31, 32, 33, 24, 15, 6, 7, 8, 17, 26, 35, 44, 53, 62, 61, 60, 51, 50, 49, 48, 47, 38, 37, 36, 45, 54, 63, 72, 73, 74, 75, 66, 67, 68, 77, 78, 79, 80]
[00:00:00:48:489] ! Bidirectional. expansions: 2,246, time: 47,980 [ms], path length: 48 [edges], g_F: 24, g_B: 24, generated: {'F': 14,187, 'B': 14,627}, MM: 0, MMPER: -1.0%
[00:00:00:48:489] 
---------- SM_Grids/9x9_grid_with_random_blocks_12per_9 ----------
[00:00:04:24:758] Valid states checked so far: 200,000, Expansions: 9,544, Global best: 43
[00:00:05:01:620] Path of length 44 found: [0, 1, 2, 11, 20, 19, 18, 27, 36, 45, 54, 63, 72, 73, 74, 75, 76, 77, 78, 69, 60, 59, 58, 57, 56, 47, 38, 39, 40, 31, 22, 13, 14, 15, 16, 17, 26, 35, 34, 43, 52, 53, 62, 71, 80]
[00:00:05:01:620] ! Unidirectional s-t. expansions: 11,097, time: 301,620 [ms], path length: 44 [edges], generated: 230,208
[00:00:04:08:292] Valid states checked so far: 200,000, Expansions: 12,259, Global best: 45
[00:00:04:11:128] Path of length 44 found: [80, 71, 62, 53, 52, 43, 34, 35, 26, 17, 16, 15, 14, 23, 22, 31, 40, 41, 50, 59, 60, 69, 78, 77, 76, 75, 74, 73, 72, 63, 54, 55, 56, 47, 38, 37, 36, 27, 18, 19, 20, 11, 2, 1, 0]
[00:00:04:11:128] ! Unidirectional t-s. expansions: 12,430, time: 251,128 [ms], path length: 44 [edges], generated: 202,373
[00:00:03:57:221] Path of length 44 found: [0, 1, 2, 11, 20, 19, 18, 27, 36, 37, 38, 39, 40, 31, 22, 13, 14, 15, 16, 17, 26, 35, 34, 43, 52, 51, 50, 59, 58, 57, 56, 55, 54, 63, 72, 73, 74, 75, 76, 77, 78, 69, 70, 71, 80]
[00:00:03:57:760] ! Bidirectional. expansions: 12,924, time: 237,221 [ms], path length: 44 [edges], g_F: 22, g_B: 22, generated: {'F': 84,233, 'B': 80,286}, MM: 0, MMPER: -1.0%
[00:00:03:57:760] average expansions: (4,221, 4,823, 4,483, 0)
[00:00:03:57:760] average time: (119,882, 118,078, 99,732, 0)
[00:00:03:57:761] XIDA: 4,221 , 118,078 (expansions , time[ms])
[00:00:03:57:761] BiXIDA: 4,483 , 99,732 (expansions , time[ms])

