--------------------------
date: SM_Grids
number_of_graphs: 10
graph_type: grid
size_of_graphs: [8, 8]
heuristic: bcc_heuristic
snake: False
run_uni: True
run_bi: True
run_multi: False
solution_vertices: []
algorithms: ['A']
lookahead: 1
bsd: False
cube_first_dims: 4
cube_buffer_dim: None
backward_sym_generation: False
sym_coil: False
prefix_set: None

---------- SM_Grids/8x8_grid_with_random_blocks_8per_0 ----------
[00:00:00:01:630] Path of length 56 found: [0, 8, 9, 17, 16, 24, 25, 26, 18, 19, 11, 10, 2, 3, 4, 5, 6, 7, 15, 23, 31, 39, 47, 55, 54, 53, 45, 46, 38, 37, 29, 30, 22, 14, 13, 21, 20, 28, 27, 35, 36, 44, 43, 42, 34, 33, 32, 40, 41, 49, 57, 58, 59, 60, 61, 62, 63]
[00:00:00:01:630] ! Unidirectional s-t. expansions: 1,046, time: 1,630 [ms], path length: 56 [edges], generated: 1,904
[00:00:00:12:375] Path of length 56 found: [63, 62, 54, 55, 47, 46, 38, 39, 31, 30, 29, 37, 36, 35, 27, 28, 20, 21, 22, 23, 15, 7, 6, 14, 13, 5, 4, 3, 2, 10, 11, 19, 18, 26, 25, 33, 34, 42, 43, 44, 45, 53, 61, 60, 59, 58, 57, 49, 41, 40, 32, 24, 16, 17, 9, 8, 0]
[00:00:00:12:376] ! Unidirectional t-s. expansions: 7,649, time: 12,376 [ms], path length: 56 [edges], generated: 14,081
[00:00:00:24:094] Expansion 10,000: F [0, 8, 16, 24, 25, 26, 34, 33, 32, 40, 41], B [63, 55, 47, 46, 38, 39, 31, 23, 22, 30, 29, 28, 20, 21, 13, 14, 15, 7, 6, 5, 4, 3, 2], f=57, g=32
[00:00:00:48:669] Expansion 20,000: F [0, 8, 9, 17], B [63, 55, 47, 39, 31, 30, 29, 28, 36, 35, 27, 19, 20, 21, 22, 23, 15, 7], f=57, g=20
[00:00:01:09:428] Expansion 30,000: F [0, 8, 9, 17, 16, 24, 25, 26, 34], B [63, 62, 54, 55, 47, 39, 31, 23, 22, 30, 29, 37, 38, 46, 45, 53], f=57, g=23
[00:00:01:20:038] Path of length 56 found: [0, 8, 9, 17, 16, 24, 32, 40, 41, 49, 57, 58, 59, 60, 61, 53, 45, 44, 43, 42, 34, 33, 25, 26, 18, 19, 11, 10, 2, 3, 4, 5, 13, 21, 20, 28, 27, 35, 36, 37, 29, 30, 22, 14, 6, 7, 15, 23, 31, 39, 38, 46, 47, 55, 54, 62, 63]
[00:00:01:20:513] ! Bidirectional. expansions: 33,896, time: 80,039 [ms], path length: 56 [edges], g_F: 18, g_B: 38, generated: {'F': 23,000, 'B': 36,112}, MM: 20, MMPER: 34.08771929824562%
[00:00:01:20:514] 
---------- SM_Grids/8x8_grid_with_random_blocks_8per_1 ----------
[00:00:00:12:660] Expansion 10,000: state None, f=57, g=39
[00:00:00:23:262] Expansion 20,000: state None, f=57, g=24
[00:00:00:37:678] Expansion 30,000: state None, f=57, g=19
[00:00:00:52:118] Expansion 40,000: state None, f=57, g=25
[00:00:01:04:904] Expansion 50,000: state None, f=57, g=52
[00:00:01:13:758] Expansion 60,000: state None, f=57, g=15
[00:00:01:25:407] Expansion 70,000: state None, f=57, g=51
[00:00:01:31:234] Path of length 56 found: [0, 8, 16, 24, 32, 40, 48, 56, 57, 49, 41, 42, 50, 51, 59, 60, 61, 53, 52, 44, 43, 35, 34, 26, 18, 17, 9, 1, 2, 10, 11, 3, 4, 5, 6, 7, 15, 23, 31, 30, 29, 21, 22, 14, 13, 12, 20, 28, 36, 37, 38, 39, 47, 46, 54, 62, 63]
[00:00:01:31:236] ! Unidirectional s-t. expansions: 74,923, time: 91,234 [ms], path length: 56 [edges], generated: 127,510
[00:00:00:16:949] Expansion 10,000: state None, f=57, g=43
[00:00:00:26:201] Expansion 20,000: state None, f=57, g=46
[00:00:00:38:888] Expansion 30,000: state None, f=57, g=22
[00:00:00:51:571] Expansion 40,000: state None, f=57, g=41
[00:00:01:05:515] Expansion 50,000: state None, f=57, g=39
[00:00:01:18:133] Expansion 60,000: state None, f=57, g=33
[00:00:01:32:780] Expansion 70,000: state None, f=57, g=35
[00:00:01:46:660] Expansion 80,000: state None, f=57, g=27
[00:00:01:57:481] Expansion 90,000: state None, f=57, g=32
[00:00:02:10:741] Expansion 100,000: state None, f=57, g=32
[00:00:02:22:699] Expansion 110,000: state None, f=57, g=25
[00:00:02:36:616] Expansion 120,000: state None, f=57, g=22
[00:00:02:48:737] Expansion 130,000: state None, f=57, g=47
[00:00:02:54:882] Path of length 56 found: [63, 55, 47, 39, 31, 23, 15, 7, 6, 5, 4, 12, 11, 3, 2, 10, 18, 26, 34, 35, 43, 44, 36, 37, 29, 28, 20, 21, 13, 14, 22, 30, 38, 46, 54, 62, 61, 53, 52, 60, 59, 51, 50, 42, 41, 49, 57, 56, 48, 40, 32, 24, 16, 17, 9, 1, 0]
[00:00:02:54:883] ! Unidirectional t-s. expansions: 133,915, time: 174,882 [ms], path length: 56 [edges], generated: 226,078
[00:00:00:22:983] Expansion 10,000: F [0, 8, 9, 1, 2, 3, 4, 5, 6, 7, 15, 14, 13, 12, 20], B [63, 55, 54, 62, 61, 53, 52, 60, 59, 51, 50, 49, 57], f=58, g=26
[00:00:00:46:858] Expansion 20,000: F [0, 1, 2, 10, 18], B [63, 55, 47, 39, 31, 30, 38, 46, 54, 62, 61, 53, 52, 60, 59, 51], f=58, g=19
[00:00:01:24:713] Expansion 30,000: F [0, 1, 2, 3, 11, 12, 4, 5, 13, 21, 29, 30, 22, 14, 6, 7, 15, 23, 31, 39, 47, 46, 38, 37, 36], B [63, 55, 54, 62, 61], f=58, g=28
[00:00:01:48:804] Expansion 40,000: F [0, 1, 2, 3, 4, 5, 13, 21, 20], B [63, 62, 61, 53, 52, 60, 59, 51, 50, 42, 41, 49, 57, 56, 48, 40, 32], f=58, g=24
[00:00:02:10:095] Expansion 50,000: F [0, 1, 2, 3, 11, 12, 4, 5, 13, 14, 6, 7, 15, 23, 22, 30, 31, 39, 38, 37, 29, 21, 20], B [63, 55, 47, 46, 54, 62, 61, 53, 52, 60, 59, 51, 50, 42, 41, 49, 57, 56, 48, 40, 32, 24, 16, 8, 9, 10, 18], f=57, g=48
[00:00:02:20:557] Expansion 60,000: F [0, 8, 9, 1, 2, 3, 4, 5, 6, 7, 15, 14, 13, 21, 20, 12], B [63, 62, 61, 60, 59, 51, 43, 44, 52, 53, 54, 55, 47, 46, 38, 39, 31, 23, 22, 30, 29, 37, 36], f=57, g=37
[00:00:02:34:813] Expansion 70,000: F [0, 8, 9, 1, 2, 10, 11, 3, 4, 12, 20], B [63, 62, 61, 60, 59, 51, 52, 53, 54, 55, 47, 46, 38, 39, 31, 23, 15, 7, 6, 5, 13, 14, 22, 21, 29, 37, 36], f=57, g=36
[00:00:02:49:917] Expansion 80,000: F [0, 1, 2, 3, 11, 19, 18], B [63, 62, 61, 53, 54, 55, 47, 46, 38, 39, 31, 30, 22, 23, 15, 7, 6, 14, 13, 5, 4, 12, 20, 21, 29, 28, 36, 44], f=57, g=33
[00:00:03:05:840] Expansion 90,000: F [0, 1, 2, 10, 9, 8, 16], B [63, 62, 61, 60, 59, 51, 52, 53, 54, 55, 47, 46, 38, 39, 31, 30, 22, 23, 15, 7, 6, 14, 13, 12], f=57, g=29
[00:00:03:23:337] Expansion 100,000: F [0, 8, 16, 24, 32, 40, 48, 56, 57, 49, 41, 42, 50], B [63, 55, 47, 39, 31, 23, 15, 7, 6, 14, 22, 21, 20, 12, 13, 5, 4, 3, 2, 1, 9, 10, 11, 19, 18], f=57, g=36
[00:00:03:23:337] Expansions: 100,000. Checks - state_vs_state: 1,770, prefix: 442,808
[00:00:03:23:338] Expansions: 100,000. Checks - state_vs_state: 1,770, prefix: 442,809
[00:00:03:23:338] Expansions: 100,000. Checks - state_vs_state: 1,770, prefix: 442,810
[00:00:03:40:481] Expansion 110,000: F [0, 1, 2, 3, 11, 12, 4, 5, 6, 7, 15, 14, 13, 21, 20], B [63, 62, 61, 60, 59, 51, 43, 44, 52, 53, 54, 55, 47, 39, 31, 23], f=57, g=29
[00:00:03:57:273] Expansion 120,000: F [0, 8, 16, 24, 32, 40, 48, 56, 57, 49], B [63, 55, 47, 39, 31, 30, 29, 21, 22, 23, 15, 7, 6, 14, 13, 5, 4, 12, 11, 3, 2, 1, 9, 17, 18], f=57, g=33
[00:00:04:15:504] Expansion 130,000: F [0, 1, 2, 3, 11, 19, 20, 12, 4, 5, 6, 7, 15, 14, 13, 21, 29, 37, 36, 44, 43, 35], B [63, 55, 47, 39, 31, 23, 22, 30, 38, 46, 54, 62, 61, 53, 52, 60, 59, 51, 50, 42], f=57, g=40
[00:00:04:32:535] Expansion 140,000: F [0, 8, 9, 1, 2, 10, 11, 3, 4, 5, 6, 7, 15, 23, 22, 14, 13, 21, 20], B [63, 62, 61, 60, 59, 51, 50, 49, 57, 56, 48, 40], f=57, g=29
[00:00:04:52:004] Expansion 150,000: F [0, 8, 9, 1, 2, 3, 4, 5, 13, 12, 20], B [63, 62, 61, 60, 59, 51, 43, 44, 52, 53, 54, 55, 47, 39, 38, 30, 31, 23, 15, 7, 6], f=57, g=30
[00:00:05:11:165] Expansion 160,000: F [0, 1, 2, 3, 4, 5, 13, 12, 20, 28, 36, 37, 29, 21, 22, 14, 6, 7, 15, 23, 31, 30, 38, 46, 47, 55, 54, 53, 52], B [63, 62, 61, 60, 59, 51], f=57, g=33
[00:00:05:29:182] Expansion 170,000: F [0, 1, 2, 3, 4, 12, 20, 28, 29, 30, 22, 21, 13, 5, 6], B [63, 62, 61, 60, 59, 51, 43, 42, 41, 49, 57, 56, 48], f=57, g=26
[00:00:05:47:679] Expansion 180,000: F [0, 8, 9, 1, 2, 10, 18], B [63, 62, 61, 60, 59, 51, 43, 44, 52, 53, 54, 55, 47, 46, 38, 30, 31, 23, 22, 21, 20], f=57, g=26
[00:00:06:07:172] Expansion 190,000: F [0, 1, 2, 3, 4, 12, 20, 19, 11, 10, 18], B [63, 62, 54, 55, 47, 46, 38, 39, 31, 23, 15, 14, 6, 5], f=57, g=23
[00:00:06:25:596] Expansion 200,000: F [0, 1, 2, 3, 4, 5, 13, 12, 11, 19, 20, 28, 29, 37], B [63, 62, 61, 60, 59, 51, 50, 49], f=57, g=20
[00:00:06:25:597] Expansions: 200,000. Checks - state_vs_state: 4,620, prefix: 874,770
[00:00:06:25:597] Expansions: 200,000. Checks - state_vs_state: 4,620, prefix: 874,771
[00:00:06:25:598] Expansions: 200,000. Checks - state_vs_state: 4,620, prefix: 874,772
[00:00:06:25:599] Expansions: 200,000. Checks - state_vs_state: 4,620, prefix: 874,773
[00:00:06:25:599] Expansions: 200,000. Checks - state_vs_state: 4,620, prefix: 874,774
[00:00:06:44:388] Expansion 210,000: F [0, 8, 9, 1, 2, 10, 11, 3, 4, 5, 13, 14, 6, 7, 15], B [63, 62, 61, 53, 54, 55, 47, 46, 38, 39, 31], f=57, g=24
[00:00:07:05:363] Expansion 220,000: F [0, 1, 2, 3, 11, 12, 4, 5, 6, 7, 15, 14, 13, 21, 20, 19, 18], B [63, 62, 54, 46, 47, 39, 31, 23, 22, 30, 38, 37, 29, 28, 36, 35, 43, 44, 52, 53, 61, 60, 59], f=57, g=38
[00:00:07:25:299] Expansion 230,000: F [0, 8, 9, 1, 2, 10, 11, 3, 4, 12, 13, 21, 29, 37], B [63, 62, 61, 60, 59, 51, 50, 49, 57], f=57, g=21
[00:00:07:44:454] Expansion 240,000: F [0, 8, 9, 1, 2, 3, 4, 5, 13, 21], B [63, 55, 47, 39, 31, 23, 15, 7, 6, 14, 22, 30, 38, 46, 54, 53, 61], f=57, g=25
[00:00:08:04:320] Expansion 250,000: F [0, 1, 2, 10, 9, 8, 16], B [63, 62, 61, 60, 59, 51, 52, 53, 54, 55, 47, 39, 31, 23, 15, 7, 6, 14, 22, 30, 38, 37, 29, 28], f=57, g=29
[00:00:08:24:117] Expansion 260,000: F [0, 1, 2, 3, 4, 12, 20, 21, 13, 5, 6, 7, 15, 14, 22, 30, 31, 39], B [63, 62, 54], f=57, g=19
[00:00:08:44:307] Expansion 270,000: F [0, 1, 2, 3, 4, 12, 11, 19, 20, 21, 13, 5, 6, 14, 15, 23], B [63, 55, 47, 39, 38, 46, 54, 62, 61, 53, 52, 60, 59, 51, 50], f=57, g=29
[00:00:09:04:145] Expansion 280,000: F [0, 8, 9, 1, 2, 10, 11, 12, 4, 5, 13, 14, 6, 7, 15, 23, 22], B [63, 55, 47, 46, 54, 62, 61, 53, 52, 60, 59, 51, 43, 44, 36, 35, 34], f=57, g=32
[00:00:09:24:503] Expansion 290,000: F [0, 1, 2, 10, 9, 8, 16], B [63, 62, 61, 53, 54, 55, 47, 46, 38, 37, 29, 28, 20, 21, 22, 30], f=57, g=21
[00:00:09:46:705] Expansion 300,000: F [0, 1, 2, 3, 4, 12, 20, 28, 36, 37, 29, 30, 22, 21, 13, 14, 6, 7, 15, 23, 31, 39, 38, 46, 47], B [63, 62, 61, 60, 59, 51, 50, 42, 41, 49, 57, 56, 48, 40, 32, 24, 16, 8, 9], f=57, g=42
[00:00:09:46:706] Expansions: 300,000. Checks - state_vs_state: 6,272, prefix: 1,304,732
[00:00:09:46:706] Expansions: 300,000. Checks - state_vs_state: 6,272, prefix: 1,304,733
[00:00:09:46:706] Expansions: 300,000. Checks - state_vs_state: 6,272, prefix: 1,304,734
[00:00:09:46:706] Expansions: 300,000. Checks - state_vs_state: 6,272, prefix: 1,304,735
[00:00:10:06:592] Expansion 310,000: F [0, 8, 9, 1, 2, 10, 11, 19, 20, 12, 4, 5, 6, 7, 15, 23, 31, 30, 22, 14, 13, 21, 29, 28, 36], B [63, 62, 61, 60, 59, 51, 50, 49, 57, 56, 48, 40], f=57, g=35
[00:00:10:26:391] Expansion 320,000: F [0, 8, 16], B [63, 62, 61, 60, 59, 51, 52, 53, 54, 55, 47, 39, 31, 23, 22, 14, 15, 7, 6, 5, 4, 12, 13, 21, 20, 28, 29, 30, 38], f=57, g=30
[00:00:10:47:216] Expansion 330,000: F [0, 1, 9, 8, 16], B [63, 62, 61, 53, 54, 55, 47, 46, 38, 37, 29, 30, 31, 23, 22, 14, 15, 7, 6, 5, 4, 12, 13, 21, 20], f=57, g=28
[00:00:11:07:350] Expansion 340,000: F [0, 1, 2, 3, 11, 10, 18], B [63, 55, 47, 39, 31, 23, 15, 14, 6, 5, 4, 12, 13, 21, 22, 30, 29, 37, 38, 46, 54, 62, 61, 53, 52, 60, 59], f=57, g=32
[00:00:11:26:910] Expansion 350,000: F [0, 1, 2, 10, 11, 19, 20, 28], B [63, 62, 61, 60, 59, 51, 43, 42, 50, 49], f=57, g=16
[00:00:11:46:082] Expansion 360,000: F [0, 8, 9, 17, 16, 24, 32, 40, 48, 56, 57, 49, 41, 42, 50, 51, 59, 60, 61, 62, 54], B [63, 55, 47, 39, 31, 30, 29, 21, 13, 14], f=57, g=29
[00:00:12:05:843] Expansion 370,000: F [0, 1, 9, 8, 16], B [63, 55, 47, 39, 31, 30, 38, 46, 54, 53, 61, 60, 59, 51, 52, 44, 43, 35, 36, 37, 29, 28, 20, 21, 13, 14, 22, 23, 15], f=57, g=32
[00:00:12:25:078] Expansion 380,000: F [0, 1, 2, 10, 18], B [63, 62, 61, 53, 54, 55, 47, 39, 31, 23, 15, 7, 6, 5, 4, 3, 11, 19, 20, 12, 13], f=57, g=24
[00:00:12:45:908] Expansion 390,000: F [0, 1, 2, 3, 4, 5, 13, 21, 22, 14, 6, 7, 15, 23, 31, 30, 29, 28, 20, 12, 11, 19, 18], B [63, 62, 54, 46, 47, 39, 38, 37, 36, 35, 43, 44, 52, 53, 61, 60, 59, 51, 50, 49, 57, 56], f=57, g=43
[00:00:13:07:218] Expansion 400,000: F [0, 1, 9, 10, 2, 3, 11, 12, 4, 5, 6, 7, 15, 14, 13, 21, 29, 37, 38, 30, 22], B [63, 62, 61, 60, 59, 51, 50, 49, 57, 56, 48, 40], f=57, g=31
[00:00:13:07:219] Expansions: 400,000. Checks - state_vs_state: 7,862, prefix: 1,732,320
[00:00:13:07:220] Expansions: 400,000. Checks - state_vs_state: 7,862, prefix: 1,732,321
[00:00:13:07:220] Expansions: 400,000. Checks - state_vs_state: 7,862, prefix: 1,732,322
[00:00:13:27:946] Expansion 410,000: F [0, 8, 9, 1, 2, 3, 4, 5, 6, 7, 15, 23, 22, 14, 13, 21, 29, 28, 20, 12, 11], B [63, 55, 47, 39, 31, 30, 38, 37, 36, 35, 43, 44, 52, 53, 54, 62], f=57, g=35
[00:00:13:50:096] Expansion 420,000: F [0, 1, 9, 8, 16], B [63, 55, 47, 46, 38, 30, 31, 23, 22, 21, 13, 14, 15, 7, 6, 5, 4], f=57, g=20
[00:00:14:11:062] Expansion 430,000: F [0, 1, 2, 10, 18], B [63, 62, 54, 55, 47, 39, 38, 37, 29, 21, 22], f=57, g=14
[00:00:14:31:366] Expansion 440,000: F [0, 8, 16, 24, 32, 40, 48, 56, 57, 49, 41, 42, 50, 51, 59, 60, 61, 53, 52, 44, 43, 35, 34, 26, 18, 17, 9, 1, 2, 10, 11], B [63, 62, 54, 55, 47, 39, 31, 23, 22, 30, 38, 37, 36, 28, 29, 21, 13, 14, 15, 7, 6, 5], f=57, g=51
[00:00:14:51:116] Expansion 450,000: F [0, 1, 9, 8, 16], B [63, 62, 54, 46, 47, 39, 31, 23, 15, 7, 6, 5, 13, 14, 22, 30, 38, 37, 29], f=57, g=22
[00:00:15:11:559] Expansion 460,000: F [0, 8, 16, 24, 32, 40, 48, 56, 57, 49, 41, 42, 50, 51, 59, 60, 61, 53, 52, 44, 43, 35], B [63, 55, 54, 46, 47, 39, 31, 23, 15, 7, 6, 5, 4, 12, 13, 14, 22, 30, 38, 37, 36], f=57, g=41
[00:00:15:31:563] Expansion 470,000: F [0, 1, 9, 10, 2, 3, 4, 5, 6, 7, 15, 23, 22, 14, 13, 12, 11, 19, 18], B [63, 62, 54, 55, 47, 46, 38], f=57, g=24
[00:00:15:33:072] Path of length 56 found: [0, 8, 16, 24, 32, 40, 48, 56, 57, 49, 41, 42, 50, 51, 59, 60, 52, 53, 61, 62, 54, 46, 38, 37, 36, 44, 43, 35, 34, 26, 18, 17, 9, 1, 2, 10, 11, 12, 4, 5, 13, 21, 20, 28, 29, 30, 22, 14, 6, 7, 15, 23, 31, 39, 47, 55, 63]
[00:00:15:33:701] ! Bidirectional. expansions: 470,099, time: 933,074 [ms], path length: 56 [edges], g_F: 36, g_B: 20, generated: {'F': 345,819, 'B': 511,647}, MM: 16, MMPER: 27.07017543859649%
[00:00:15:33:702] 
---------- SM_Grids/8x8_grid_with_random_blocks_8per_2 ----------
[00:00:00:00:083] Path of length 58 found: [0, 8, 16, 24, 32, 40, 48, 56, 57, 49, 41, 42, 34, 35, 27, 26, 25, 17, 18, 10, 9, 1, 2, 3, 11, 12, 20, 21, 13, 5, 6, 7, 15, 14, 22, 23, 31, 30, 29, 37, 36, 44, 43, 51, 50, 58, 59, 60, 52, 53, 45, 46, 38, 39, 47, 55, 54, 62, 63]
[00:00:00:00:083] ! Unidirectional s-t. expansions: 60, time: 83 [ms], path length: 58 [edges], generated: 97
[00:00:00:00:079] Path of length 58 found: [63, 62, 54, 55, 47, 39, 31, 23, 15, 7, 6, 5, 13, 14, 22, 21, 20, 12, 11, 3, 2, 1, 9, 10, 18, 17, 25, 26, 27, 35, 34, 42, 41, 49, 50, 51, 43, 44, 36, 37, 29, 30, 38, 46, 45, 53, 52, 60, 59, 58, 57, 56, 48, 40, 32, 24, 16, 8, 0]
[00:00:00:00:079] ! Unidirectional t-s. expansions: 59, time: 79 [ms], path length: 58 [edges], generated: 94
[00:00:00:00:401] Path of length 58 found: [0, 8, 16, 24, 32, 40, 48, 56, 57, 49, 41, 42, 34, 35, 27, 26, 25, 17, 18, 10, 9, 1, 2, 3, 11, 12, 20, 21, 29, 37, 36, 44, 43, 51, 50, 58, 59, 60, 52, 53, 45, 46, 38, 30, 22, 14, 13, 5, 6, 7, 15, 23, 31, 39, 47, 55, 54, 62, 63]
[00:00:00:00:829] ! Bidirectional. expansions: 166, time: 401 [ms], path length: 58 [edges], g_F: 22, g_B: 36, generated: {'F': 62, 'B': 252}, MM: 14, MMPER: 22.728813559322035%
[00:00:00:00:829] 
---------- SM_Grids/8x8_grid_with_random_blocks_8per_3 ----------
[00:00:00:11:489] Path of length 56 found: [0, 8, 16, 17, 25, 26, 34, 35, 43, 44, 52, 51, 50, 49, 41, 33, 32, 40, 48, 56, 57, 58, 59, 60, 61, 53, 45, 37, 36, 28, 27, 19, 18, 10, 2, 3, 4, 5, 6, 7, 15, 23, 22, 14, 13, 12, 20, 21, 29, 30, 31, 39, 47, 46, 54, 62, 63]
[00:00:00:11:510] ! Unidirectional s-t. expansions: 6,248, time: 11,500 [ms], path length: 56 [edges], generated: 10,636
[00:00:00:13:089] Expansion 10,000: state None, f=57, g=37
[00:00:00:26:633] Expansion 20,000: state None, f=57, g=27
[00:00:00:40:464] Expansion 30,000: state None, f=57, g=34
[00:00:00:55:805] Expansion 40,000: state None, f=57, g=23
[00:00:01:11:114] Expansion 50,000: state None, f=57, g=27
[00:00:01:16:469] Path of length 56 found: [63, 62, 61, 53, 52, 60, 59, 51, 50, 58, 57, 56, 48, 49, 41, 40, 32, 33, 25, 26, 34, 35, 43, 44, 36, 28, 27, 19, 20, 21, 13, 14, 22, 30, 29, 37, 45, 46, 54, 55, 47, 39, 31, 23, 15, 7, 6, 5, 4, 3, 2, 10, 18, 17, 16, 8, 0]
[00:00:01:16:472] ! Unidirectional t-s. expansions: 53,332, time: 76,471 [ms], path length: 56 [edges], generated: 91,163
[00:00:00:15:751] Expansion 10,000: F [0], B [63, 55, 54, 62, 61, 53, 52, 60, 59, 51, 50, 58, 57, 56, 48, 49, 41, 40, 32, 33, 34, 35, 43, 44, 36, 37, 45, 46, 47, 39, 31, 30, 22, 23, 15, 7, 6, 5, 13, 21, 29, 28, 27, 26, 25, 17], f=57, g=45
[00:00:00:29:572] Expansion 20,000: F [0], B [63, 55, 54, 62, 61, 60, 59, 58, 57, 56, 48, 40, 32, 33, 41, 49, 50, 51, 52, 53, 45, 46, 47, 39, 31, 30, 29, 21, 20, 12, 13, 14, 22, 23, 15, 7, 6, 5, 4], f=57, g=38
[00:00:00:48:401] Expansion 30,000: F [0], B [63, 62, 61, 53, 45, 46, 54, 55, 47, 39, 31, 23, 15, 7, 6, 5, 13, 14, 22, 21, 29, 37, 36, 44, 52, 60, 59, 58, 57, 56, 48, 40, 32, 33, 41, 49, 50, 51], f=57, g=37
[00:00:01:08:755] Expansion 40,000: F [0], B [63, 55, 47, 39, 31, 23, 22, 30, 29, 37, 45, 46, 54, 53, 61, 60, 52, 51, 59, 58], f=57, g=19
[00:00:01:29:217] Expansion 50,000: F [0], B [63, 62, 61, 60, 59, 58, 57, 56, 48, 40, 41, 49, 50, 51, 43, 35, 34, 33, 25, 26, 27, 19, 20, 28, 36, 44, 52, 53], f=57, g=27
[00:00:01:50:655] Expansion 60,000: F [0], B [63, 62, 61, 60, 52, 53, 54, 46, 47, 39, 31, 23, 15, 7, 6, 14, 22, 30, 29, 28, 27, 35, 36, 37, 45, 44, 43, 51], f=57, g=27
[00:00:02:18:582] Expansion 70,000: F [0], B [63, 55, 54, 53, 61, 60, 52, 44, 36, 37, 45, 46, 47, 39, 31, 30, 29, 28], f=57, g=17
[00:00:02:24:898] Path of length 56 found: [0, 8, 16, 17, 25, 26, 27, 28, 29, 30, 22, 14, 13, 12, 20, 19, 18, 10, 2, 3, 4, 5, 6, 7, 15, 23, 31, 39, 47, 46, 45, 37, 36, 44, 43, 35, 34, 33, 32, 40, 41, 49, 48, 56, 57, 58, 50, 51, 59, 60, 52, 53, 61, 62, 54, 55, 63]
[00:00:02:25:468] ! Bidirectional. expansions: 72,740, time: 144,900 [ms], path length: 56 [edges], g_F: 14, g_B: 42, generated: {'F': 22,117, 'B': 101,364}, MM: 28, MMPER: 48.12280701754386%
[00:00:02:25:468] 
---------- SM_Grids/8x8_grid_with_random_blocks_8per_4 ----------
[00:00:00:12:936] Expansion 10,000: state None, f=55, g=38
[00:00:00:25:662] Expansion 20,000: state None, f=55, g=33
[00:00:00:38:351] Expansion 30,000: state None, f=55, g=23
[00:00:00:50:776] Expansion 40,000: state None, f=55, g=32
[00:00:01:02:813] Expansion 50,000: state None, f=55, g=23
[00:00:01:15:747] Expansion 60,000: state None, f=55, g=32
[00:00:01:27:791] Expansion 70,000: state None, f=55, g=32
[00:00:01:40:360] Expansion 80,000: state None, f=55, g=32
[00:00:01:53:408] Expansion 90,000: state None, f=55, g=21
[00:00:02:04:641] Expansion 100,000: state None, f=55, g=34
[00:00:02:15:131] Expansion 110,000: state None, f=54, g=37
[00:00:02:28:145] Expansion 120,000: state None, f=54, g=22
[00:00:02:40:955] Expansion 130,000: state None, f=54, g=22
[00:00:02:58:392] Expansion 140,000: state None, f=54, g=18
[00:00:03:11:861] Expansion 150,000: state None, f=54, g=24
[00:00:03:24:529] Expansion 160,000: state None, f=54, g=27
[00:00:03:42:932] Expansion 170,000: state None, f=54, g=15
[00:00:03:54:723] Expansion 180,000: state None, f=53, g=40
[00:00:04:03:898] Expansion 190,000: state None, f=53, g=33
[00:00:04:14:107] Expansion 200,000: state None, f=53, g=33
[00:00:04:24:796] Expansion 210,000: state None, f=53, g=27
[00:00:04:39:003] Expansion 220,000: state None, f=53, g=34
[00:00:04:49:844] Expansion 230,000: state None, f=53, g=43
[00:00:05:00:943] Expansion 240,000: state None, f=53, g=36
[00:00:05:12:268] Expansion 250,000: state None, f=53, g=31
[00:00:05:23:169] Expansion 260,000: state None, f=53, g=26
[00:00:05:34:738] Expansion 270,000: state None, f=53, g=33
[00:00:05:52:931] Expansion 280,000: state None, f=53, g=29
[00:00:06:02:704] Expansion 290,000: state None, f=53, g=29
[00:00:06:13:679] Expansion 300,000: state None, f=53, g=32
[00:00:06:25:334] Expansion 310,000: state None, f=53, g=20
[00:00:06:36:360] Expansion 320,000: state None, f=53, g=48
[00:00:06:46:531] Expansion 330,000: state None, f=53, g=20
[00:00:06:58:509] Expansion 340,000: state None, f=53, g=30
[00:00:07:16:429] Expansion 350,000: state None, f=53, g=32
[00:00:07:28:357] Expansion 360,000: state None, f=53, g=33
[00:00:07:39:045] Expansion 370,000: state None, f=53, g=41
[00:00:07:49:100] Expansion 380,000: state None, f=53, g=38
[00:00:08:00:202] Expansion 390,000: state None, f=53, g=28
[00:00:08:12:245] Expansion 400,000: state None, f=53, g=39
[00:00:08:24:407] Expansion 410,000: state None, f=53, g=35
[00:00:08:36:888] Expansion 420,000: state None, f=53, g=26
[00:00:08:47:543] Expansion 430,000: state None, f=53, g=47
[00:00:09:06:187] Expansion 440,000: state None, f=53, g=34
[00:00:09:17:427] Expansion 450,000: state None, f=53, g=30
[00:00:09:29:820] Expansion 460,000: state None, f=53, g=23
[00:00:09:42:381] Expansion 470,000: state None, f=53, g=28
[00:00:09:54:591] Expansion 480,000: state None, f=53, g=30
[00:00:10:07:008] Expansion 490,000: state None, f=53, g=23
[00:00:10:16:798] Expansion 500,000: state None, f=53, g=39
[00:00:10:27:794] Expansion 510,000: state None, f=53, g=36
[00:00:10:39:818] Expansion 520,000: state None, f=53, g=22
[00:00:10:52:041] Expansion 530,000: state None, f=53, g=37
[00:00:11:15:984] Expansion 540,000: state None, f=53, g=18
[00:00:11:28:058] Expansion 550,000: state None, f=53, g=32
[00:00:11:42:197] Expansion 560,000: state None, f=53, g=44
[00:00:11:52:657] Expansion 570,000: state None, f=53, g=21
[00:00:12:04:427] Expansion 580,000: state None, f=53, g=34
[00:00:12:16:793] Expansion 590,000: state None, f=53, g=26
[00:00:12:28:957] Expansion 600,000: state None, f=53, g=25
[00:00:12:41:348] Expansion 610,000: state None, f=53, g=36
[00:00:12:53:853] Expansion 620,000: state None, f=53, g=39
[00:00:13:06:026] Expansion 630,000: state None, f=53, g=22
[00:00:13:18:193] Expansion 640,000: state None, f=53, g=16
[00:00:13:30:648] Expansion 650,000: state None, f=53, g=26
[00:00:13:43:361] Expansion 660,000: state None, f=53, g=33
[00:00:14:08:443] Expansion 670,000: state None, f=53, g=13
[00:00:14:20:981] Expansion 680,000: state None, f=53, g=37
[00:00:14:33:666] Expansion 690,000: state None, f=53, g=33
[00:00:14:46:402] Expansion 700,000: state None, f=53, g=23
[00:00:14:58:756] Expansion 710,000: state None, f=53, g=30
[00:00:15:11:660] Expansion 720,000: state None, f=53, g=39
[00:00:15:24:496] Expansion 730,000: state None, f=53, g=37
[00:00:15:37:145] Expansion 740,000: state None, f=53, g=26
[00:00:15:49:700] Expansion 750,000: state None, f=53, g=38
[00:00:16:02:446] Expansion 760,000: state None, f=53, g=29
[00:00:16:14:721] Path of length 52 found: [0, 1, 2, 3, 4, 12, 13, 14, 22, 30, 31, 39, 47, 46, 38, 37, 36, 44, 43, 42, 41, 33, 34, 35, 27, 28, 29, 21, 20, 19, 11, 10, 18, 26, 25, 17, 9, 8, 16, 24, 32, 40, 48, 56, 57, 58, 59, 60, 52, 53, 54, 62, 63]
[00:00:16:14:724] ! Unidirectional s-t. expansions: 760,577, time: 974,721 [ms], path length: 52 [edges], generated: 1,292,404
[00:00:00:15:546] Expansion 10,000: state None, f=54, g=24
[00:00:00:29:129] Expansion 20,000: state None, f=53, g=34
[00:00:00:40:538] Expansion 30,000: state None, f=53, g=24
[00:00:00:52:663] Expansion 40,000: state None, f=53, g=24
[00:00:01:06:161] Expansion 50,000: state None, f=53, g=24
[00:00:01:18:442] Expansion 60,000: state None, f=53, g=37
[00:00:02:37:640] Expansion 70,000: state None, f=53, g=30
[00:00:02:51:280] Expansion 80,000: state None, f=53, g=43
[00:00:03:02:882] Expansion 90,000: state None, f=53, g=40
[00:00:03:13:588] Path of length 52 found: [63, 62, 54, 55, 47, 46, 38, 39, 31, 30, 29, 37, 36, 44, 43, 51, 52, 60, 59, 58, 57, 56, 48, 49, 41, 40, 32, 33, 34, 35, 27, 28, 20, 21, 22, 14, 13, 12, 4, 3, 2, 10, 11, 19, 18, 26, 25, 24, 16, 17, 9, 1, 0]
[00:00:03:13:591] ! Unidirectional t-s. expansions: 96,343, time: 193,591 [ms], path length: 52 [edges], generated: 171,255
[00:00:00:52:547] Expansion 10,000: F [0, 8, 9, 1, 2, 3, 4, 12, 11, 10, 18, 26, 25, 17, 16, 24, 32, 33, 34, 35, 27, 19, 20, 28, 29, 21, 13, 14, 22, 30, 31, 39, 38], B [63, 62, 54], f=55, g=34
[00:00:01:18:907] Expansion 20,000: F [0, 1, 2, 3, 4, 12, 20, 28, 27, 19, 11, 10, 18, 26, 25, 17, 9, 8, 16, 24, 32, 40, 48, 56], B [63, 62, 54], f=55, g=25
[00:00:01:36:755] Expansion 30,000: F [0, 8, 16, 24, 25, 17, 9, 1, 2, 3, 4, 12, 13, 14, 22, 21, 20, 19, 11, 10, 18, 26, 27, 28, 29, 30, 31, 39, 47, 46, 38, 37, 36, 35, 34, 42, 41, 33, 32, 40, 48], B [63, 62, 54], f=54, g=42
[00:00:01:54:469] Expansion 40,000: F [0, 1, 9, 8, 16, 24, 25, 17, 18, 26, 27, 19, 11, 10, 2, 3, 4, 12, 20, 21, 13, 14, 22, 30, 31, 39, 47, 46, 38, 37, 29, 28, 36, 35, 34, 33], B [63, 62, 54], f=54, g=37
[00:00:02:12:595] Expansion 50,000: F [0, 1, 2, 10, 11, 3, 4, 12, 13, 14, 22, 21, 20, 19, 18, 26, 25, 17, 9, 8, 16, 24, 32, 40, 48, 49, 57], B [63, 62, 54], f=54, g=28
[00:00:02:31:494] Expansion 60,000: F [0, 1, 2, 3, 4, 12, 11, 19, 20, 28, 27, 26, 18, 10, 9, 8, 16, 17, 25, 24, 32, 33, 34, 35, 43, 42, 41, 40], B [63, 55, 47, 46], f=54, g=30
[00:00:02:51:334] Expansion 70,000: F [0, 8, 16, 24, 25, 17, 9, 1, 2, 3, 4, 12, 11, 10, 18, 26, 34, 35, 27, 19, 20, 21, 13, 14], B [63, 55, 54], f=54, g=25
[00:00:03:11:173] Expansion 80,000: F [0, 1, 2, 3, 4, 12, 20, 28, 27, 19, 11, 10, 9, 8, 16, 17, 18, 26, 34, 35, 36], B [63, 55, 47, 39, 31, 30], f=54, g=25
[00:00:03:31:089] Expansion 90,000: F [0, 1, 2, 10, 18, 26, 25, 17, 9, 8, 16, 24, 32, 33, 34, 42, 41, 49], B [63, 62, 54], f=54, g=19
[00:00:03:50:970] Expansion 100,000: F [0, 8, 16, 24, 25, 17, 18, 26, 34, 33, 32, 40, 48, 56, 57], B [63, 62, 54, 55, 47, 46, 38, 39, 31, 30, 29, 37, 36, 28, 20, 21, 22, 14, 13, 12, 4, 3, 2, 1, 9, 10, 11, 19, 27, 35], f=54, g=43
[00:00:03:50:971] Expansions: 100,000. Checks - state_vs_state: 1,384, prefix: 460,938
[00:00:03:50:971] Expansions: 100,000. Checks - state_vs_state: 1,384, prefix: 460,939
[00:00:03:50:971] Expansions: 100,000. Checks - state_vs_state: 1,384, prefix: 460,940
[00:00:03:50:971] Expansions: 100,000. Checks - state_vs_state: 1,384, prefix: 460,941
[00:00:04:08:837] Expansion 110,000: F [0, 8, 16, 24, 32, 33, 25, 17, 9, 1, 2, 10, 18, 26, 27, 19, 11, 3, 4, 12, 13, 14, 22], B [63, 55, 54, 53, 52, 60, 59], f=54, g=28
[00:00:04:31:376] Expansion 120,000: F [0, 1, 2, 10, 9, 8, 16, 17, 18, 26, 25, 24, 32, 40, 41], B [63, 55, 47, 39, 31, 30, 22, 14, 13, 21, 20, 12, 4, 3, 11], f=54, g=28
[00:00:04:50:870] Expansion 130,000: F [0, 1, 2, 10, 9, 8, 16, 17, 18, 26, 34, 35, 27, 19, 11, 3, 4, 12, 13, 14, 22, 21, 20, 28, 29, 37, 36], B [63, 55, 47, 39, 31, 30, 38, 46, 54, 53, 52, 60, 59], f=54, g=38
[00:00:05:11:827] Expansion 140,000: F [0, 1, 2, 3, 4, 12, 11, 10, 9, 8, 16, 24, 25, 17, 18, 19, 20, 28, 36, 44, 43, 35, 27], B [63, 55, 47, 39, 31, 30, 22, 14], f=54, g=29
[00:00:05:33:577] Expansion 150,000: F [0, 1, 2, 10, 9, 8, 16, 17, 18, 26, 27, 19, 11, 3, 4, 12, 13, 14], B [63, 55, 47, 46], f=54, g=20
[00:00:05:55:337] Expansion 160,000: F [0, 1, 2, 3, 4, 12, 11, 10, 18, 26, 27, 19, 20, 21, 13, 14], B [63, 55, 47, 46, 54, 53, 52, 60], f=54, g=22
[00:00:06:16:071] Expansion 170,000: F [0, 1, 2, 3, 4, 12, 11, 10, 18, 17, 9, 8, 16, 24, 32, 33, 25, 26, 34, 35, 27, 19, 20, 21, 13, 14, 22, 30], B [63, 55, 54, 53, 52, 60, 59], f=54, g=33
[00:00:06:35:079] Expansion 180,000: F [0, 1, 2, 10, 9, 8, 16, 24, 25, 17, 18, 26, 27, 28, 20, 19, 11, 3, 4, 12, 13, 14], B [63, 55, 47, 39, 31, 30, 38, 46, 54, 53, 52, 60], f=54, g=32
[00:00:06:56:515] Expansion 190,000: F [0, 8, 9, 1, 2, 3, 11, 10, 18, 17, 16, 24, 32, 33, 25, 26, 27, 19, 20], B [63, 62, 54], f=54, g=20
[00:00:07:15:233] Expansion 200,000: F [0, 8, 16, 24, 25, 26, 18, 17, 9, 1, 2, 10, 11, 3, 4, 12, 20, 19, 27, 28, 29, 21, 13, 14, 22, 30, 31, 39, 47, 46], B [63, 55, 54, 53, 52, 60, 59], f=54, g=35
[00:00:07:15:233] Expansions: 200,000. Checks - state_vs_state: 1,524, prefix: 894,099
[00:00:07:15:233] Expansions: 200,000. Checks - state_vs_state: 1,524, prefix: 894,100
[00:00:07:15:234] Expansions: 200,000. Checks - state_vs_state: 1,524, prefix: 894,101
[00:00:07:15:234] Expansions: 200,000. Checks - state_vs_state: 1,524, prefix: 894,102
[00:00:07:35:170] Expansion 210,000: F [0, 8, 16, 17, 25, 24, 32, 40, 41], B [63, 55, 47, 39, 31, 30, 22, 14, 13, 21, 29, 28, 20, 19, 11, 12, 4, 3, 2, 1, 9, 10, 18, 26, 27, 35, 36, 37, 38, 46, 54, 53, 52], f=54, g=40
[00:00:07:57:474] Expansion 220,000: F [0, 1, 2, 3, 11, 10, 18, 26, 34, 35, 43, 42, 41, 33, 25, 17, 9, 8], B [63, 62, 54], f=54, g=19
[00:00:08:18:203] Expansion 230,000: F [0, 8, 9, 1, 2, 3, 4, 12, 20, 19, 11, 10, 18, 26, 34, 42, 41, 33, 25, 17], B [63, 55, 47, 39, 31, 30, 22, 14], f=54, g=26
[00:00:08:38:042] Expansion 240,000: F [0, 8, 9, 1, 2, 10, 11, 3, 4, 12, 20, 19, 18, 17, 16, 24, 25, 26, 27, 28, 29, 21, 13, 14, 22, 30, 31, 39, 47], B [63, 55, 54, 53, 52, 60, 59], f=54, g=34
[00:00:08:56:846] Expansion 250,000: F [0, 1, 9, 8, 16, 17, 25, 24, 32, 33, 41, 40, 48], B [63, 55, 47, 39, 31, 30, 29, 21, 22, 14, 13], f=54, g=22
[00:00:09:16:157] Expansion 260,000: F [0, 1, 2, 10, 9, 8, 16, 24, 32, 33, 25, 17, 18, 26, 27, 19, 11, 3, 4, 12, 13, 14, 22, 21, 20, 28, 29, 30, 31, 39, 47, 46, 38, 37, 36, 44, 43, 35, 34, 42, 41, 40, 48, 49, 57], B [63, 62, 54, 53, 52], f=53, g=48
[00:00:09:24:085] Expansion 270,000: F [0, 1, 2, 3, 4, 12, 13, 14, 22, 30, 31, 39, 47, 46, 38, 37, 36, 44, 43, 35, 27, 28, 29, 21, 20, 19, 11, 10, 9, 8, 16, 17, 18, 26, 25, 24, 32, 33, 34, 42, 41, 40, 48, 49, 57], B [63, 62, 54, 53, 52], f=53, g=48
[00:00:09:32:601] Expansion 280,000: F [0, 8, 16, 24, 32, 33, 25, 17, 9, 1, 2, 10, 11, 3, 4, 12, 13, 14, 22, 30, 31, 39, 47, 46, 38, 37, 36, 28, 29, 21, 20, 19, 18, 26, 27, 35, 34, 42, 41, 40, 48, 49, 57], B [63, 62, 54, 53, 52], f=53, g=46
[00:00:09:42:160] Expansion 290,000: F [0, 1, 2, 3, 4, 12, 13, 14, 22, 21, 20, 19, 11, 10, 18, 26, 25, 17, 9, 8, 16, 24, 32, 33, 41, 49, 48], B [63, 55, 47, 39, 31, 30, 29, 28, 27, 35, 34, 42, 43, 44, 36, 37, 38, 46, 54, 53, 52], f=53, g=46
[00:00:09:51:683] Expansion 300,000: F [0, 1, 2, 10, 9, 8, 16, 17, 18, 19, 11, 3, 4, 12, 20, 21, 13, 14, 22, 30, 31, 39, 47, 46, 38, 37, 29, 28, 27, 26, 25, 24, 32, 33, 34, 35, 36, 44, 43, 42, 41, 49, 48, 56, 57, 58, 59], B [63, 62, 54, 53, 52], f=53, g=50
[00:00:09:51:696] Expansions: 300,000. Checks - state_vs_state: 1,536, prefix: 1,318,647
[00:00:09:51:696] Expansions: 300,000. Checks - state_vs_state: 1,536, prefix: 1,318,648
[00:00:09:51:697] Expansions: 300,000. Checks - state_vs_state: 1,536, prefix: 1,318,649
[00:00:09:51:697] Expansions: 300,000. Checks - state_vs_state: 1,536, prefix: 1,318,650
[00:00:09:51:697] Expansions: 300,000. Checks - state_vs_state: 1,536, prefix: 1,318,651
[00:00:10:01:803] Expansion 310,000: F [0, 8, 16, 24, 25, 26, 34, 42, 41, 33, 32, 40, 48, 49], B [63, 55, 47, 39, 31, 30, 22, 14, 13, 21, 20, 12, 4, 3, 11, 10, 2, 1, 9, 17, 18, 19, 27, 28, 29, 37, 38, 46, 54, 53, 52], f=53, g=43
[00:00:10:11:896] Expansion 320,000: F [0, 1, 2, 10, 11, 3, 4, 12, 20, 28, 29, 21, 13, 14, 22, 30, 31, 39, 47, 46, 38, 37, 36, 35, 27, 19, 18, 26, 25, 17, 9, 8, 16, 24, 32, 33, 34, 42, 41, 49, 48, 56, 57, 58, 59], B [63, 62, 54, 53, 52], f=53, g=48
[00:00:10:25:620] Expansion 330,000: F [0, 1, 2, 10, 11, 3, 4, 12, 13, 14, 22, 30, 31, 39, 47, 46, 38, 37, 29, 21, 20, 19, 18, 17, 9, 8, 16, 24, 25, 26, 27, 28, 36, 44, 43, 35, 34, 42, 41, 33, 32, 40, 48], B [63, 55, 54, 53, 52, 60, 59], f=53, g=48
[00:00:10:37:068] Expansion 340,000: F [0, 8, 16, 24, 25, 17, 9, 1, 2, 10, 11, 3, 4, 12, 20, 28, 29, 21, 13, 14, 22, 30, 31, 39, 47, 46, 38, 37, 36, 44, 43, 35, 27, 19, 18, 26, 34, 33, 32, 40, 41, 49, 48, 56, 57, 58, 59], B [63, 62, 54, 53, 52], f=53, g=50
[00:00:10:48:371] Expansion 350,000: F [0, 8, 16, 24, 32, 40, 41, 49, 48, 56, 57, 58, 59, 60, 52], B [63, 55, 47, 39, 31, 30, 22, 14, 13, 12, 4, 3, 11, 10, 2, 1, 9, 17, 18, 26, 25, 33, 34, 42, 43, 35, 27], f=53, g=40
[00:00:11:01:235] Expansion 360,000: F [0, 8, 16, 17, 18, 26, 27, 19, 11, 10, 9, 1, 2, 3, 4, 12, 20, 28, 29, 21, 13, 14, 22, 30, 31, 39, 47, 46, 38, 37, 36, 44, 43, 35, 34, 33, 25, 24, 32, 40], B [63, 62, 54], f=53, g=41
[00:00:11:13:776] Expansion 370,000: F [0, 8, 16, 17, 9, 1, 2, 10, 18, 19, 11, 3, 4, 12, 13, 14, 22, 21, 20, 28, 36, 44, 43, 42, 34, 35, 27, 26, 25, 24, 32, 33], B [63, 55, 47, 39, 31, 30, 29, 37, 38, 46, 54, 53, 52, 60, 59], f=53, g=45
[00:00:11:26:118] Expansion 380,000: F [0, 1, 2, 10, 9, 8, 16, 24, 32, 33, 34, 35, 27, 26, 25, 17, 18, 19, 11, 3, 4, 12, 13, 14, 22, 21, 20, 28, 36], B [63, 55, 47, 39, 31, 30, 29, 37, 38, 46, 54, 53, 52, 51, 59, 58, 57, 56, 48], f=53, g=46
[00:00:11:40:595] Expansion 390,000: F [0, 1, 2, 10, 11, 3, 4, 12, 20, 19, 27, 35, 34, 42, 41, 33, 25, 26, 18, 17, 9, 8, 16, 24, 32, 40, 48, 49, 57, 58, 59, 60, 52], B [63, 62, 54, 55, 47, 46, 38, 39, 31, 30, 22, 14], f=53, g=43
[00:00:11:55:242] Expansion 400,000: F [0, 8, 16, 24, 25, 17, 9, 1, 2, 3, 4, 12, 20, 28, 29, 21, 13, 14, 22, 30, 31, 39, 38, 37, 36, 44, 43, 35, 27, 19, 11, 10, 18, 26], B [63, 55, 47, 46, 54, 53, 52, 60, 59], f=53, g=41
[00:00:11:55:242] Expansions: 400,000. Checks - state_vs_state: 2,078, prefix: 1,741,302
[00:00:11:55:243] Expansions: 400,000. Checks - state_vs_state: 2,078, prefix: 1,741,303
[00:00:11:55:243] Expansions: 400,000. Checks - state_vs_state: 2,078, prefix: 1,741,304
[00:00:12:09:378] Expansion 410,000: F [0, 1, 2, 3, 4, 12, 11, 19, 20, 28, 27, 26, 18, 10, 9, 8, 16, 17, 25, 24, 32, 33, 34, 35, 43, 42, 41, 49, 48, 56, 57, 58, 59], B [63, 55, 47, 39, 31, 30, 22, 14, 13, 21, 29, 37], f=53, g=43
[00:00:12:23:923] Expansion 420,000: F [0, 8, 16, 24, 32, 33, 25, 17, 9, 1, 2, 10, 18, 19, 11, 3, 4, 12, 20, 28, 27, 26, 34, 42, 41, 40, 48, 49, 57, 58, 59, 51, 43], B [63, 62, 54], f=53, g=34
[00:00:12:39:458] Expansion 430,000: F [0, 8, 9, 1, 2, 10, 11, 3, 4, 12, 20, 28, 29, 21, 13, 14, 22, 30, 31, 39, 47, 46, 38, 37, 36, 44, 43, 42, 41, 33, 34, 26, 27], B [63, 62, 54], f=53, g=34
[00:00:12:54:993] Expansion 440,000: F [0, 1, 2, 3, 4, 12, 11, 10, 18, 19, 20, 21, 13, 14, 22, 30, 31, 39, 47, 46, 38, 37, 29, 28, 36, 44, 43, 35, 27, 26, 34, 42, 41, 33, 25, 17, 9, 8], B [63, 55, 54, 53, 52, 60, 59], f=53, g=43
[00:00:13:09:275] Expansion 450,000: F [0, 8, 9, 1, 2, 10, 11, 3, 4, 12, 13, 14, 22, 30, 31, 39, 47, 46, 38, 37, 29, 21, 20, 19, 18, 17, 16, 24, 25, 33, 34, 26, 27, 28, 36, 35, 43], B [63, 62, 54, 53, 52], f=53, g=40
[00:00:13:24:313] Expansion 460,000: F [0, 1, 9, 8, 16, 17, 18, 10, 2, 3, 4, 12, 11, 19, 20, 28, 27, 35, 36, 44, 43, 42, 34, 26, 25, 33, 32], B [63, 55, 47, 39, 31, 30, 22, 14], f=53, g=33
[00:00:13:41:050] Expansion 470,000: F [0, 1, 2, 10, 9, 8, 16, 24, 25, 17, 18, 26, 27, 35, 34, 33, 32, 40, 48, 56, 57, 49, 41, 42, 43, 51, 59, 60, 52, 44, 36], B [63, 62, 54, 55, 47, 46, 38, 39, 31, 30, 22, 14], f=53, g=41
[00:00:13:57:633] Expansion 480,000: F [0, 8, 16, 17, 9, 1, 2, 10, 11, 3, 4, 12, 13, 14, 22, 30, 31, 39, 38, 37, 36, 44, 43, 35, 27, 28, 29, 21, 20, 19, 18, 26, 25, 24], B [63, 55, 47, 46, 54, 53, 52, 60, 59], f=53, g=41
[00:00:14:12:355] Expansion 490,000: F [0, 8, 16, 24, 32, 33, 25, 17, 9, 1, 2, 3, 4, 12, 11, 10, 18, 26, 27, 19, 20, 21, 13, 14, 22, 30, 31, 39, 38, 37, 29, 28, 36, 35, 34], B [63, 55, 47, 46, 54, 53, 52, 44, 43, 51, 59, 58, 57, 56, 48], f=53, g=48
[00:00:14:27:448] Expansion 500,000: F [0, 1, 2, 10, 18, 17, 9, 8, 16, 24, 32, 33, 25, 26, 27, 19, 11, 3, 4, 12, 20, 21, 13, 14], B [63, 55, 47, 46, 54, 53, 52, 51, 59], f=53, g=31
[00:00:14:27:449] Expansions: 500,000. Checks - state_vs_state: 2,822, prefix: 2,175,588
[00:00:14:27:449] Expansions: 500,000. Checks - state_vs_state: 2,822, prefix: 2,175,589
[00:00:14:27:449] Expansions: 500,000. Checks - state_vs_state: 2,822, prefix: 2,175,590
[00:00:14:27:450] Expansions: 500,000. Checks - state_vs_state: 2,822, prefix: 2,175,591
[00:00:14:27:450] Expansions: 500,000. Checks - state_vs_state: 2,822, prefix: 2,175,592
[00:00:14:44:521] Expansion 510,000: F [0, 1, 2, 3, 4, 12, 11, 10, 18, 19, 27, 26, 25, 17, 9, 8, 16, 24, 32, 33, 41, 40, 48, 49, 57, 58, 59, 51, 43], B [63, 62, 54], f=53, g=30
[00:00:15:02:304] Expansion 520,000: F [0, 1, 2, 3, 4, 12, 13, 14, 22, 30, 31, 39, 47, 46, 38, 37, 29, 21, 20, 28, 36, 44, 43, 35, 27, 26, 34, 33, 25, 17, 18, 19, 11, 10, 9, 8, 16, 24, 32, 40, 41, 49, 48], B [63, 62, 54], f=53, g=44
[00:00:15:18:283] Expansion 530,000: F [0, 1, 2, 10, 11, 3, 4, 12, 20, 19, 18, 26, 25, 17, 9, 8, 16, 24, 32, 33, 41, 40, 48, 56, 57, 58], B [63, 55, 47, 46, 54, 53, 52], f=53, g=31
[00:00:15:35:319] Expansion 540,000: F [0, 8, 16, 24, 32, 33, 25, 17, 9, 1, 2, 10, 18, 26, 27, 28, 20, 19, 11, 3, 4, 12, 13, 14, 22, 21, 29, 30, 31], B [63, 55, 54, 53, 52, 51, 59, 58, 57, 56, 48], f=53, g=38
[00:00:15:54:932] Expansion 550,000: F [0, 1, 2, 10, 18, 17, 9, 8, 16, 24, 25, 26, 27, 28, 36, 35, 34, 33, 32, 40, 48, 49], B [63, 55, 47, 39, 31, 30, 22, 14], f=53, g=28
[00:00:16:13:176] Expansion 560,000: F [0, 8, 9, 1, 2, 10, 18, 17, 16, 24, 25, 26, 27, 35, 34, 42, 41, 33, 32, 40, 48, 49, 57, 58, 59, 51, 43], B [63, 62, 54], f=53, g=28
[00:00:16:31:593] Expansion 570,000: F [0, 1, 2, 3, 4, 12, 20, 21, 13, 14, 22, 30, 31, 39, 47, 46, 38, 37, 29, 28, 36, 44, 43, 35, 34, 26, 27, 19, 11], B [63, 62, 54], f=53, g=30
[00:00:16:50:148] Expansion 580,000: F [0, 1, 2, 3, 4, 12, 13, 14, 22, 21, 29, 37, 36, 44, 43, 35, 27, 28, 20, 19, 11, 10, 9, 8, 16, 17, 18, 26, 25, 24], B [63, 55, 47, 39, 31, 30, 38, 46, 54, 53, 52, 60, 59], f=53, g=41
[00:00:17:08:093] Expansion 590,000: F [0, 8, 9, 1, 2, 3, 4, 12, 13, 14, 22, 21, 20, 28, 27, 19, 11, 10, 18, 17, 16, 24, 25, 33, 34], B [63, 62, 54], f=53, g=26
[00:00:17:25:138] Expansion 600,000: F [0, 1, 2, 3, 4, 12, 20, 28, 36, 44, 43, 35, 27, 26, 18, 19, 11, 10, 9, 17], B [63, 55, 47, 39, 31, 30, 22, 14], f=53, g=26
[00:00:17:25:139] Expansions: 600,000. Checks - state_vs_state: 3,170, prefix: 2,616,679
[00:00:17:25:139] Expansions: 600,000. Checks - state_vs_state: 3,170, prefix: 2,616,680
[00:00:17:25:140] Expansions: 600,000. Checks - state_vs_state: 3,170, prefix: 2,616,681
[00:00:17:25:140] Expansions: 600,000. Checks - state_vs_state: 3,170, prefix: 2,616,682
[00:00:17:25:141] Expansions: 600,000. Checks - state_vs_state: 3,170, prefix: 2,616,683
[00:00:17:42:631] Expansion 610,000: F [0, 8, 16, 17, 9, 1, 2, 3, 4, 12, 11, 10, 18, 19, 27, 26, 25, 24, 32, 40, 48, 56, 57, 49, 41, 33, 34, 42, 43], B [63, 55, 54], f=53, g=30
[00:00:18:00:694] Expansion 620,000: F [0, 8, 16, 17, 18, 26, 34, 33, 25, 24, 32, 40, 48, 56, 57], B [63, 62, 54, 55, 47, 46, 38, 39, 31, 30, 29, 28, 20, 21, 22, 14, 13, 12, 4, 3, 2, 1, 9, 10, 11, 19, 27, 35], f=53, g=41
[00:00:18:18:794] Expansion 630,000: F [0, 1, 2, 3, 4, 12, 13, 14, 22, 21, 29, 30, 31, 39, 38, 37, 36, 35, 34, 33, 25, 17, 18, 26, 27, 28, 20, 19, 11, 10, 9, 8, 16, 24, 32, 40, 48, 56, 57], B [63, 55, 47, 46, 54, 53, 52, 60, 59], f=53, g=46
[00:00:18:37:861] Expansion 640,000: F [0, 8, 9, 1, 2, 10, 11, 3, 4, 12, 13, 14, 22, 21, 20, 28, 27, 35, 43, 42, 34, 26, 25, 17, 16, 24], B [63, 62, 54], f=53, g=27
[00:00:18:55:656] Expansion 650,000: F [0, 8, 16, 24, 25, 26, 27, 19, 11, 10, 18, 17, 9, 1, 2, 3, 4, 12, 13, 14, 22, 30, 31, 39, 47, 46, 38], B [63, 55, 54, 53, 52, 51, 59, 58, 57, 56, 48, 49, 41, 40, 32, 33, 34, 42, 43], f=53, g=44
[00:00:19:13:755] Expansion 660,000: F [0, 8, 16, 24, 25, 17, 9, 1, 2, 3, 4, 12, 20, 19, 11, 10, 18, 26, 34, 33, 41], B [63, 62, 54, 55, 47, 46, 38, 39, 31, 30, 22, 14, 13, 21, 29], f=53, g=34
[00:00:19:32:400] Expansion 670,000: F [0, 8, 9, 1, 2, 10, 11, 3, 4, 12, 20, 19, 18, 17, 25, 24, 32, 33, 41, 40, 48, 56, 57, 58, 59, 60, 52], B [63, 62, 54], f=53, g=28
[00:00:19:51:030] Expansion 680,000: F [0, 1, 2, 10, 18, 17, 9, 8, 16, 24, 25, 33, 32, 40, 48, 56, 57], B [63, 55, 47, 46, 54, 53, 52, 44, 36, 28, 20], f=53, g=26
[00:00:20:11:372] Expansion 690,000: F [0, 1, 2, 10, 9, 8, 16, 24, 32, 33, 25, 17, 18, 26, 34, 42, 41, 40, 48], B [63, 55, 47, 39, 31, 30, 22, 21, 13, 12, 4, 3, 11, 19, 20, 28], f=53, g=33
[00:00:20:29:709] Expansion 700,000: F [0, 1, 9, 17, 16, 24, 32, 33, 25, 26, 27, 28, 29, 21, 20, 19, 18, 10, 2, 3, 4, 12], B [63, 62, 54], f=53, g=23
[00:00:20:29:710] Expansions: 700,000. Checks - state_vs_state: 3,346, prefix: 3,072,733
[00:00:20:29:710] Expansions: 700,000. Checks - state_vs_state: 3,346, prefix: 3,072,734
[00:00:20:29:711] Expansions: 700,000. Checks - state_vs_state: 3,346, prefix: 3,072,735
[00:00:20:29:711] Expansions: 700,000. Checks - state_vs_state: 3,346, prefix: 3,072,736
[00:00:20:29:712] Expansions: 700,000. Checks - state_vs_state: 3,346, prefix: 3,072,737
[00:00:20:48:958] Expansion 710,000: F [0, 8, 9, 1, 2, 10, 18, 17, 16, 24, 25, 33, 32, 40, 48, 56, 57], B [63, 62, 54, 55, 47, 39, 31, 30, 38, 37, 29, 28, 20, 21, 22, 14, 13, 12, 4, 3, 11, 19, 27, 26, 34, 35, 36, 44, 43], f=53, g=44
[00:00:21:07:862] Expansion 720,000: F [0, 1, 2, 3, 4, 12, 11, 10, 9, 8, 16, 17, 25, 33, 32, 40, 48, 56, 57], B [63, 62, 54, 55, 47, 46, 38, 39, 31, 30, 22, 14, 13, 21, 29, 37, 36], f=53, g=34
[00:00:21:26:882] Expansion 730,000: F [0, 1, 2, 10, 18, 17, 9, 8, 16, 24, 32, 40, 48, 56, 57], B [63, 55, 47, 46, 54, 53, 52, 44, 36, 37, 38, 39, 31, 30, 29, 28, 20, 21, 22, 14, 13, 12, 4, 3, 11, 19, 27, 26, 25, 33], f=53, g=43
[00:00:21:47:091] Expansion 740,000: F [0, 8, 16, 24, 32, 33, 34, 35, 27, 19, 18, 26, 25, 17, 9, 10, 2, 3, 4, 12, 20, 28, 29, 21, 13, 14, 22, 30, 31], B [63, 62, 54], f=53, g=30
[00:00:22:06:044] Expansion 750,000: F [0, 8, 16, 24, 32, 40, 41, 49, 48, 56, 57, 58, 59, 51, 52, 53, 54, 46, 38, 37, 29, 21, 20, 28, 36, 44, 43, 42, 34], B [63, 55, 47, 39, 31, 30, 22, 14, 13, 12, 4, 3, 2, 1, 9, 17, 18], f=53, g=44
[00:00:22:25:384] Expansion 760,000: F [0, 8, 9, 1, 2, 10, 11, 3, 4, 12, 20, 28, 27, 19, 18, 17, 25, 26], B [63, 62, 54], f=53, g=19
[00:00:22:45:687] Expansion 770,000: F [0, 1, 2, 3, 4, 12, 13, 14, 22, 21, 20, 19, 27, 35, 34, 26, 18, 17, 9, 8, 16], B [63, 62, 54], f=53, g=22
[00:00:23:09:928] Expansion 780,000: F [0, 1, 2, 10, 18, 17, 9, 8, 16, 24, 32, 33, 41, 40, 48], B [63, 55, 47, 39, 31, 30, 22, 14, 13, 12, 4, 3, 11, 19, 20, 21, 29, 37, 38, 46, 54], f=53, g=34
[00:00:23:32:907] Expansion 790,000: F [0, 1, 9, 8, 16, 24, 25, 17, 18, 26, 34, 33, 32, 40, 48, 49], B [63, 62, 54, 55, 47, 46, 38, 39, 31, 30, 22, 14, 13, 21, 20, 12], f=53, g=30
[00:00:23:54:643] Expansion 800,000: F [0, 8, 16, 24, 32, 33, 41, 40, 48], B [63, 55, 47, 39, 31, 30, 22, 14, 13, 12, 11], f=53, g=18
[00:00:23:54:644] Expansions: 800,000. Checks - state_vs_state: 3,482, prefix: 3,532,609
[00:00:23:54:644] Expansions: 800,000. Checks - state_vs_state: 3,482, prefix: 3,532,610
[00:00:23:54:646] Expansions: 800,000. Checks - state_vs_state: 3,482, prefix: 3,532,611
[00:00:23:54:646] Expansions: 800,000. Checks - state_vs_state: 3,482, prefix: 3,532,612
[00:00:23:54:647] Expansions: 800,000. Checks - state_vs_state: 3,482, prefix: 3,532,613
[00:00:24:16:551] Expansion 810,000: F [0, 1, 2, 10, 18, 17, 9, 8, 16, 24, 25, 26, 34, 33, 41], B [63, 62, 54, 55, 47, 46, 38, 39, 31, 30, 29, 37, 36, 28], f=53, g=27
[00:00:24:37:424] Expansion 820,000: F [0, 8, 16, 24, 32, 33, 34, 42, 41, 49, 48, 56, 57, 58, 59, 51, 43, 35, 27, 26, 25, 17, 18, 19, 11, 10, 9, 1, 2, 3, 4, 12, 20, 21, 13, 14, 22], B [63, 62, 54], f=53, g=38
[00:00:24:56:803] Expansion 830,000: F [0, 1, 2, 3, 11, 10, 9, 8, 16, 24, 32, 33, 41, 40, 48, 49, 57], B [63, 62, 54], f=53, g=18
[00:00:25:18:926] Expansion 840,000: F [0, 8, 9, 1, 2, 10, 11, 3, 4, 12, 13, 21, 22, 30, 29, 28, 20, 19, 27, 35, 34, 42, 41, 33, 25, 26, 18, 17, 16, 24, 32], B [63, 62, 54], f=53, g=32
[00:00:25:39:976] Expansion 850,000: F [0, 8, 9, 17, 16, 24, 25, 26, 27, 19, 18, 10, 2, 3, 4, 12, 20, 21, 13], B [63, 62, 54], f=53, g=20
[00:00:26:00:311] Expansion 860,000: F [0, 1, 9, 8, 16, 17, 18, 10, 2, 3, 4, 12, 20, 21, 13, 14, 22, 30], B [63, 62, 54], f=53, g=19
[00:00:26:20:872] Expansion 870,000: F [0, 8, 16, 24, 32, 40, 48, 56, 57], B [63, 55, 47, 46, 54, 53, 52, 44, 36, 28, 29, 37, 38], f=53, g=20
[00:00:26:38:200] Expansion 880,000: F [0, 1, 2, 3, 11, 10, 9, 8, 16, 24, 32, 33, 34, 35, 27, 26, 25, 17, 18, 19, 20, 12, 13, 14], B [63, 55, 54, 53, 52, 60], f=53, g=28
[00:00:27:00:559] Expansion 890,000: F [0, 8, 16, 17, 9, 1, 2, 10, 18, 26, 25, 33, 34, 35, 27, 19, 11, 3, 4, 12, 20, 28], B [63, 62, 54], f=53, g=23
[00:00:27:22:116] Expansion 900,000: F [0, 1, 2, 10, 11, 3, 4, 12, 20, 19, 27, 26, 34, 35, 43, 42, 41, 33, 25, 17], B [63, 55, 54], f=53, g=21
[00:00:27:22:116] Expansions: 900,000. Checks - state_vs_state: 3,572, prefix: 3,991,883
[00:00:27:22:117] Expansions: 900,000. Checks - state_vs_state: 3,572, prefix: 3,991,884
[00:00:27:22:117] Expansions: 900,000. Checks - state_vs_state: 3,572, prefix: 3,991,885
[00:00:27:22:118] Expansions: 900,000. Checks - state_vs_state: 3,572, prefix: 3,991,886
[00:00:27:22:118] Expansions: 900,000. Checks - state_vs_state: 3,572, prefix: 3,991,887
[00:00:27:22:119] Expansions: 900,000. Checks - state_vs_state: 3,572, prefix: 3,991,888
[00:00:27:41:919] Expansion 910,000: F [0, 8, 16, 24, 32, 40, 48, 56, 57, 58, 59, 51, 43, 42, 41, 33, 25, 17, 9, 1, 2, 3, 4, 12, 13, 14, 22, 21, 20, 19, 11, 10, 18, 26, 34, 35, 27, 28, 29, 37], B [63, 62, 54], f=53, g=41
[00:00:28:01:397] Expansion 920,000: F [0, 8, 16, 24, 25, 33, 34, 35, 43, 42, 41, 40, 48], B [63, 55, 47, 39, 31, 30, 22, 14, 13, 12, 4, 3, 11], f=53, g=24
[00:00:28:23:913] Expansion 930,000: F [0, 1, 2, 10, 9, 8, 16, 17, 25, 26, 27, 35, 43, 42, 34, 33, 32, 40, 41, 49, 48, 56, 57], B [63, 62, 54], f=53, g=24
[00:00:28:46:884] Expansion 940,000: F [0, 1, 2, 10, 11, 3, 4, 12, 13, 14, 22, 21, 20, 19, 18, 17, 9, 8, 16, 24], B [63, 55, 54, 46, 47, 39, 31, 30, 38, 37, 29, 28, 27, 35, 36, 44, 52, 60, 59], f=53, g=37
[00:00:29:09:962] Expansion 950,000: F [0, 1, 2, 3, 4, 12, 20, 19, 27, 35, 34, 26, 25, 17, 18, 10, 9, 8, 16, 24, 32, 33], B [63, 55, 47, 46], f=53, g=24
[00:00:29:33:783] Expansion 960,000: F [0, 1, 2, 10, 18, 26, 25, 17, 9, 8, 16, 24, 32, 33, 34, 35, 27, 28, 20, 19, 11, 3, 4, 12, 13, 14, 22], B [63, 55, 47, 39, 38, 46, 54, 53, 52, 60, 59], f=53, g=36
[00:00:29:57:326] Expansion 970,000: F [0, 1, 9, 10, 2, 3, 4, 12, 11, 19, 18, 17, 16, 24, 25, 26, 27, 35, 34, 33, 32, 40, 48], B [63, 55, 47, 39, 31, 30, 22, 14], f=53, g=29
[00:00:30:21:341] Expansion 980,000: F [0, 1, 2, 3, 11, 19, 27, 26, 25, 17, 18, 10, 9, 8, 16, 24, 32, 33, 34, 42], B [63, 55, 47, 39, 31, 30, 29], f=53, g=25
[00:00:30:44:153] Expansion 990,000: F [0, 8, 9, 10, 2, 3, 11, 19, 18, 26, 34, 33, 25, 17, 16, 24, 32, 40, 41], B [63, 62, 54], f=53, g=20
[00:00:31:10:145] Expansion 1,000,000: F [0, 8, 9, 17, 18, 26, 27, 19, 11, 10, 2, 3, 4, 12, 13, 14, 22, 30, 31, 39], B [63, 62, 54], f=53, g=21
[00:00:31:10:146] Expansions: 1,000,000. Checks - state_vs_state: 3,614, prefix: 4,448,500
[00:00:31:10:146] Expansions: 1,000,000. Checks - state_vs_state: 3,614, prefix: 4,448,501
[00:00:31:10:147] Expansions: 1,000,000. Checks - state_vs_state: 3,614, prefix: 4,448,502
[00:00:31:10:148] Expansions: 1,000,000. Checks - state_vs_state: 3,614, prefix: 4,448,503
[00:00:31:10:148] Expansions: 1,000,000. Checks - state_vs_state: 3,614, prefix: 4,448,504
[00:00:31:35:385] Expansion 1,010,000: F [0, 8, 9, 1, 2, 10, 11, 3, 4, 12, 20, 28, 27, 19, 18, 26, 25, 17, 16, 24, 32, 33], B [63, 55, 47, 39, 38], f=53, g=25
[00:00:31:51:795] Path of length 52 found: [0, 8, 16, 24, 32, 33, 25, 17, 9, 1, 2, 10, 18, 26, 34, 35, 27, 19, 11, 3, 4, 12, 20, 28, 29, 21, 13, 14, 22, 30, 31, 39, 47, 46, 38, 37, 36, 44, 43, 42, 41, 40, 48, 56, 57, 58, 59, 51, 52, 53, 54, 62, 63]
[00:00:31:57:962] ! Bidirectional. expansions: 1,015,535, time: 1,911,795 [ms], path length: 52 [edges], g_F: 48, g_B: 4, generated: {'F': 1,205,359, 'B': 638,890}, MM: 44, MMPER: 82.01886792452831%
[00:00:31:57:962] 
---------- SM_Grids/8x8_grid_with_random_blocks_8per_5 ----------
[00:00:00:24:784] Expansion 10,000: state None, f=56, g=42
[00:00:00:35:767] Expansion 20,000: state None, f=56, g=35
[00:00:00:47:314] Expansion 30,000: state None, f=56, g=37
[00:00:01:00:454] Expansion 40,000: state None, f=56, g=41
[00:00:01:12:718] Expansion 50,000: state None, f=56, g=34
[00:00:01:25:548] Expansion 60,000: state None, f=56, g=23
[00:00:01:38:777] Expansion 70,000: state None, f=56, g=22
[00:00:01:47:406] Expansion 80,000: state None, f=55, g=35
[00:00:01:56:964] Expansion 90,000: state None, f=55, g=35
[00:00:02:05:883] Expansion 100,000: state None, f=55, g=37
[00:00:02:16:514] Expansion 110,000: state None, f=55, g=38
[00:00:02:25:888] Expansion 120,000: state None, f=55, g=32
[00:00:02:34:970] Expansion 130,000: state None, f=55, g=26
[00:00:02:46:439] Expansion 140,000: state None, f=55, g=41
[00:00:02:55:820] Expansion 150,000: state None, f=55, g=28
[00:00:03:04:994] Expansion 160,000: state None, f=55, g=28
[00:00:03:15:037] Expansion 170,000: state None, f=55, g=40
[00:00:03:27:556] Expansion 180,000: state None, f=55, g=34
[00:00:03:37:274] Expansion 190,000: state None, f=55, g=19
[00:00:03:47:613] Expansion 200,000: state None, f=55, g=32
[00:00:03:57:920] Expansion 210,000: state None, f=55, g=25
[00:00:04:11:956] Expansion 220,000: state None, f=55, g=30
[00:00:04:23:048] Expansion 230,000: state None, f=55, g=20
[00:00:04:34:066] Expansion 240,000: state None, f=55, g=24
[00:00:04:46:248] Expansion 250,000: state None, f=55, g=27
[00:00:04:56:862] Expansion 260,000: state None, f=55, g=35
[00:00:05:13:842] Expansion 270,000: state None, f=55, g=28
[00:00:05:26:808] Expansion 280,000: state None, f=55, g=19
[00:00:05:35:146] Path of length 54 found: [0, 1, 2, 3, 11, 12, 4, 5, 6, 7, 15, 23, 22, 14, 13, 21, 20, 28, 27, 35, 43, 44, 52, 51, 50, 49, 41, 42, 34, 33, 25, 26, 18, 17, 16, 24, 32, 40, 48, 56, 57, 58, 59, 60, 61, 53, 45, 37, 29, 30, 38, 39, 47, 55, 63]
[00:00:05:35:148] ! Unidirectional s-t. expansions: 283,899, time: 335,146 [ms], path length: 54 [edges], generated: 481,051
[00:00:00:12:155] Expansion 10,000: state None, f=57, g=39
[00:00:00:24:140] Expansion 20,000: state None, f=57, g=25
[00:00:00:36:646] Expansion 30,000: state None, f=57, g=36
[00:00:01:12:015] Expansion 40,000: state None, f=57, g=21
[00:00:01:27:964] Expansion 50,000: state None, f=56, g=40
[00:00:01:39:836] Expansion 60,000: state None, f=56, g=23
[00:00:01:53:252] Expansion 70,000: state None, f=56, g=21
[00:00:02:08:916] Expansion 80,000: state None, f=56, g=23
[00:00:02:21:913] Expansion 90,000: state None, f=56, g=39
[00:00:02:37:548] Expansion 100,000: state None, f=56, g=35
[00:00:02:51:022] Expansion 110,000: state None, f=56, g=16
[00:00:03:07:707] Expansion 120,000: state None, f=56, g=35
[00:00:03:17:185] Expansion 130,000: state None, f=55, g=41
[00:00:03:27:333] Expansion 140,000: state None, f=55, g=38
[00:00:03:37:057] Expansion 150,000: state None, f=55, g=37
[00:00:03:52:596] Expansion 160,000: state None, f=55, g=36
[00:00:04:03:016] Expansion 170,000: state None, f=55, g=32
[00:00:04:13:540] Expansion 180,000: state None, f=55, g=34
[00:00:04:24:388] Expansion 190,000: state None, f=55, g=31
[00:00:04:42:172] Expansion 200,000: state None, f=55, g=31
[00:00:04:53:344] Expansion 210,000: state None, f=55, g=25
[00:00:05:05:531] Expansion 220,000: state None, f=55, g=29
[00:00:05:17:148] Expansion 230,000: state None, f=55, g=34
[00:00:05:29:807] Expansion 240,000: state None, f=55, g=23
[00:00:05:49:549] Expansion 250,000: state None, f=55, g=28
[00:00:06:02:448] Expansion 260,000: state None, f=55, g=20
[00:00:06:14:438] Expansion 270,000: state None, f=55, g=29
[00:00:06:30:874] Expansion 280,000: state None, f=55, g=41
[00:00:06:42:150] Expansion 290,000: state None, f=55, g=36
[00:00:06:53:633] Expansion 300,000: state None, f=55, g=31
[00:00:07:15:421] Expansion 310,000: state None, f=55, g=26
[00:00:07:26:353] Expansion 320,000: state None, f=55, g=22
[00:00:07:37:715] Expansion 330,000: state None, f=55, g=41
[00:00:07:49:804] Expansion 340,000: state None, f=55, g=36
[00:00:08:01:776] Expansion 350,000: state None, f=55, g=21
[00:00:08:13:288] Expansion 360,000: state None, f=55, g=41
[00:00:08:25:322] Expansion 370,000: state None, f=55, g=39
[00:00:08:47:494] Expansion 380,000: state None, f=55, g=25
[00:00:09:00:144] Expansion 390,000: state None, f=55, g=28
[00:00:09:11:909] Expansion 400,000: state None, f=55, g=9
[00:00:09:24:293] Expansion 410,000: state None, f=55, g=21
[00:00:09:36:913] Expansion 420,000: state None, f=55, g=22
[00:00:09:56:302] Path of length 54 found: [63, 55, 47, 39, 38, 37, 45, 44, 43, 35, 34, 42, 50, 51, 52, 53, 61, 60, 59, 58, 57, 56, 48, 49, 41, 40, 32, 33, 25, 24, 16, 17, 18, 26, 27, 28, 29, 30, 31, 23, 22, 14, 15, 7, 6, 5, 13, 21, 20, 12, 4, 3, 2, 1, 0]
[00:00:09:56:306] ! Unidirectional t-s. expansions: 429,285, time: 596,302 [ms], path length: 54 [edges], generated: 789,040
[00:00:00:17:777] Expansion 10,000: F [0], B [63, 55, 47, 39, 31, 23, 15, 7, 6, 14, 22, 30, 38, 37, 36, 44, 45, 53, 61, 60, 52, 51, 59, 58, 57, 56, 48, 40, 32, 24, 25, 33, 41, 49, 50, 42, 43, 35, 34, 26], f=57, g=39
[00:00:00:36:603] Expansion 20,000: F [0], B [63, 55, 47, 39, 31, 23, 22, 30, 38, 37, 45, 44, 52, 53, 61, 60, 59, 51, 43, 42, 34, 33, 41, 49, 50, 58], f=57, g=25
[00:00:00:56:558] Expansion 30,000: F [0], B [63, 55, 47, 39, 38, 30, 31, 23, 15, 7, 6, 14, 22, 21, 29, 37, 45, 53, 61, 60, 52, 44, 43, 42, 41, 49, 50, 51, 59, 58, 57, 56, 48, 40, 32, 33, 34], f=57, g=36
[00:00:01:16:451] Expansion 40,000: F [0], B [63, 55, 47, 39, 38, 37, 45, 53, 61, 60, 59, 51, 52, 44, 36, 35, 43, 42, 50, 58, 57, 56], f=57, g=21
[00:00:01:34:951] Expansion 50,000: F [0, 1, 2, 3], B [63, 55, 47, 39, 31, 23, 15, 7, 6, 5, 13, 14, 22, 21, 29, 30, 38, 37, 45, 44, 43, 42, 50, 51, 52, 53, 61, 60, 59, 58, 57, 56, 48, 49, 41, 40, 32, 24, 16, 17, 18, 26, 25, 33], f=56, g=46
[00:00:01:48:936] Expansion 60,000: F [0], B [63, 55, 47, 39, 31, 23, 15, 7, 6, 14, 22, 21, 29, 30, 38, 37, 36, 44, 45, 53, 61, 60, 52, 51, 59, 58, 57, 56, 48, 40, 41, 49, 50, 42, 34, 35], f=56, g=35
[00:00:02:04:341] Expansion 70,000: F [0], B [63, 55, 47, 39, 38, 30, 31, 23, 15, 7, 6, 14, 22, 21, 29, 37, 45, 44, 43, 42, 50, 51, 52, 53, 61, 60, 59, 58, 57, 56, 48, 40, 41, 33, 32, 24, 25], f=56, g=36
[00:00:02:20:227] Expansion 80,000: F [0, 1, 2, 3, 11, 12, 4, 5, 13, 14, 6, 7, 15, 23, 31, 39, 38], B [63, 55, 54, 53, 61, 60, 59, 58, 50, 49, 57, 56, 48, 40, 41, 42, 43, 51, 52, 44, 45, 37, 36, 35, 34, 33, 32, 24, 16], f=56, g=44
[00:00:02:37:325] Expansion 90,000: F [0], B [63, 55, 47, 39, 38, 30, 31, 23, 15, 7, 6, 5, 13, 14, 22, 21, 29, 37, 36, 35, 34, 33, 41, 42, 50, 51, 52], f=56, g=26
[00:00:02:54:586] Expansion 100,000: F [0], B [63, 55, 47, 39, 38, 30, 31, 23, 15, 7, 6, 5, 13, 14, 22, 21, 29, 37, 36, 35, 34, 42, 50, 51, 52, 44, 45, 53, 61, 60, 59, 58, 57, 56, 48, 49, 41, 40, 32], f=56, g=38
[00:00:02:54:586] Expansions: 100,000. Checks - state_vs_state: 0, prefix: 384,985
[00:00:02:54:587] Expansions: 100,000. Checks - state_vs_state: 0, prefix: 384,986
[00:00:02:54:587] Expansions: 100,000. Checks - state_vs_state: 0, prefix: 384,987
[00:00:02:54:588] Expansions: 100,000. Checks - state_vs_state: 0, prefix: 384,988
[00:00:03:11:607] Expansion 110,000: F [0], B [63, 55, 47, 39, 31, 23, 15, 7, 6, 5, 13, 14, 22, 30, 38, 37, 36, 44, 45, 53, 61, 60, 59, 58, 57, 56, 48, 40, 32, 33, 41, 49, 50, 51, 43, 42], f=56, g=35
[00:00:03:29:301] Expansion 120,000: F [0], B [63, 55, 54, 53, 61, 60, 59, 58, 50, 42, 43, 51, 52, 44, 45, 37, 38, 39, 31, 30, 22, 14, 15, 7, 6, 5, 13, 21, 29], f=56, g=28
[00:00:04:40:328] Expansion 130,000: F [0, 1, 2, 3, 11, 12, 4, 5, 13, 21, 20, 28, 29, 30, 22, 14, 6, 7, 15, 23, 31, 39, 38, 37, 45, 44, 36, 35], B [63, 55, 54, 53, 61, 60, 52, 51, 59, 58, 50, 49, 57, 56, 48, 40, 32, 24, 16], f=56, g=45
[00:00:04:58:791] Expansion 140,000: F [0], B [63, 55, 47, 39, 31, 23, 22, 30, 38, 37, 36, 44, 45, 53, 61, 60, 59, 58, 50, 51, 43, 42, 41, 49, 57, 56, 48, 40, 32], f=56, g=28
[00:00:05:19:120] Expansion 150,000: F [0], B [63, 55, 47, 39, 31, 23, 15, 7, 6, 14, 22, 30, 29, 37, 45, 44, 52, 53, 61, 60, 59, 58, 57, 56, 48, 49, 50, 51, 43, 42, 41, 40, 32, 33, 34, 35, 36], f=56, g=36
[00:00:05:41:178] Expansion 160,000: F [0], B [63, 55, 47, 39, 31, 23, 22, 30, 29, 37, 45, 53, 61, 60, 59, 51, 52, 44, 36, 35, 43, 42, 34, 33, 41, 49, 50, 58, 57, 56, 48, 40, 32, 24, 16], f=56, g=34
[00:00:06:00:746] Expansion 170,000: F [0], B [63, 55, 47, 39, 31, 30, 29, 37, 36, 35, 43, 44, 45, 53, 61, 60, 52, 51, 59, 58, 50, 42, 41, 49, 57, 56, 48, 40, 32, 24, 25, 33], f=56, g=31
[00:00:06:21:714] Expansion 180,000: F [0], B [63, 55, 54, 53, 45, 44, 43, 51, 52, 60, 59, 58, 57, 56, 48, 49, 50, 42, 34, 35, 36, 37, 29, 30, 38, 39, 31, 23, 15, 7, 6, 5], f=56, g=31
[00:00:06:42:859] Expansion 190,000: F [0], B [63, 55, 54, 53, 52, 60, 59, 58, 57, 56, 48, 49, 50, 51, 43, 35, 36, 44, 45, 37, 29, 30, 38, 39, 31, 23, 15, 7, 6, 14, 22, 21, 13, 5, 4], f=56, g=34
[00:00:06:50:292] Expansion 200,000: F [0, 1, 2, 3, 4], B [63, 55, 47, 39, 31, 23, 15, 7, 6, 5, 13, 14, 22, 21, 29, 30, 38, 37, 45, 53, 61, 60, 52, 51, 59, 58, 57, 56, 48, 49, 50, 42, 41, 40, 32, 33, 25, 24, 16, 17, 18, 26, 34, 35], f=55, g=47
[00:00:06:50:293] Expansions: 200,000. Checks - state_vs_state: 0, prefix: 773,834
[00:00:06:50:293] Expansions: 200,000. Checks - state_vs_state: 0, prefix: 773,835
[00:00:06:50:293] Expansions: 200,000. Checks - state_vs_state: 0, prefix: 773,836
[00:00:06:50:293] Expansions: 200,000. Checks - state_vs_state: 0, prefix: 773,837
[00:00:06:50:294] Expansions: 200,000. Checks - state_vs_state: 0, prefix: 773,838
[00:00:06:57:683] Expansion 210,000: F [0, 1, 2, 3], B [63, 55, 47, 39, 31, 23, 15, 7, 6, 5, 13, 14, 22, 30, 38, 37, 45, 44, 43, 51, 52, 53, 61, 60, 59, 58, 57, 56, 48, 49, 50, 42, 41, 40, 32, 33, 25, 24, 16, 17, 18, 26, 27, 35, 36, 28, 29, 21, 20, 12], f=55, g=52
[00:00:07:05:553] Expansion 220,000: F [0, 1, 2, 3], B [63, 55, 47, 39, 31, 23, 15, 7, 6, 14, 22, 21, 29, 30, 38, 37, 45, 44, 52, 53, 61, 60, 59, 51, 43, 42, 34, 33, 41, 49, 50, 58, 57, 56, 48, 40, 32, 24, 16, 17, 25, 26, 27], f=55, g=45
[00:00:07:13:911] Expansion 230,000: F [0, 1, 2, 3], B [63, 55, 47, 39, 31, 23, 22, 14, 15, 7, 6, 5, 13, 21, 29, 30, 38, 37, 45, 53, 61, 60, 52, 44, 43, 51, 59, 58, 57, 56, 48, 49, 50, 42, 34, 33, 41, 40, 32, 24, 25, 17, 18, 26, 27, 35], f=55, g=48
[00:00:07:22:924] Expansion 240,000: F [0, 1, 2, 3, 11, 12, 4, 5, 6, 14], B [63, 55, 47, 39, 31, 30, 38, 37, 36, 44, 45, 53, 61, 60, 52, 51, 59, 58, 50, 49, 57, 56, 48, 40, 41, 42, 43, 35, 34, 33, 32, 24, 16, 17], f=55, g=42
[00:00:07:32:747] Expansion 250,000: F [0, 1, 2, 3, 4, 5, 13, 12, 20, 21, 29], B [63, 55, 47, 39, 31, 23, 15, 7, 6, 14, 22, 30, 38, 37, 45, 44, 52, 53, 61, 60, 59, 51, 43, 42, 34, 33, 41, 49, 50, 58, 57, 56, 48, 40, 32, 24, 16], f=55, g=46
[00:00:07:43:109] Expansion 260,000: F [0, 1, 2, 3, 11, 12, 4, 5, 13, 21], B [63, 55, 54, 53, 61, 60, 59, 58, 57, 56, 48, 49, 50, 42, 43, 51, 52, 44, 45, 37, 36, 35, 34, 33, 41, 40, 32, 24, 16, 17, 18, 26, 27, 28], f=55, g=42
[00:00:07:53:907] Expansion 270,000: F [0, 1, 2, 3], B [63, 55, 47, 39, 38, 30, 31, 23, 15, 7, 6, 14, 22, 21, 29, 37, 45, 53, 61, 60, 52, 51, 59, 58, 50, 42, 34, 33, 41, 49, 57, 56, 48, 40, 32, 24, 25, 17, 18, 26, 27, 35, 43, 44, 36], f=55, g=47
[00:00:08:05:010] Expansion 280,000: F [0, 1, 2, 3], B [63, 55, 47, 39, 31, 23, 15, 7, 6, 14, 22, 21, 29, 30, 38, 37, 45, 53, 61, 60, 52, 51, 59, 58, 50, 49, 57, 56, 48, 40, 32, 24, 16, 17, 25, 33, 41, 42, 34, 26, 27, 35, 43, 44, 36, 28, 20, 12], f=55, g=50
[00:00:08:17:309] Expansion 290,000: F [0, 1, 2, 3], B [63, 55, 47, 39, 38, 30, 31, 23, 15, 7, 6, 5, 13, 14, 22, 21, 29, 37, 36, 44, 52, 53, 61, 60, 59, 58, 57, 56, 48, 49, 41, 40, 32, 33, 25, 24, 16], f=55, g=39
[00:00:08:28:974] Expansion 300,000: F [0], B [63, 55, 47, 39, 31, 23, 15, 7, 6, 5, 13, 14, 22, 21, 29, 30, 38, 37, 45, 44, 43, 51, 52, 53, 61, 60, 59, 58, 57, 56, 48, 49, 50, 42, 41, 33, 25], f=55, g=36
[00:00:08:28:975] Expansions: 300,000. Checks - state_vs_state: 0, prefix: 1,169,077
[00:00:08:28:975] Expansions: 300,000. Checks - state_vs_state: 0, prefix: 1,169,078
[00:00:08:28:976] Expansions: 300,000. Checks - state_vs_state: 0, prefix: 1,169,079
[00:00:08:28:976] Expansions: 300,000. Checks - state_vs_state: 0, prefix: 1,169,080
[00:00:08:28:976] Expansions: 300,000. Checks - state_vs_state: 0, prefix: 1,169,081
[00:00:08:40:945] Expansion 310,000: F [0, 1, 2, 3, 11, 12, 4, 5, 6, 7, 15, 23, 31, 39, 38, 30, 22, 14, 13, 21, 20, 28, 27, 35, 36, 37, 45], B [63, 55, 54, 53, 61, 60, 59, 58, 57, 56, 48, 40, 32, 24, 16], f=55, g=40
[00:00:08:53:599] Expansion 320,000: F [0, 1, 2, 3, 11, 12, 4, 5, 13, 21], B [63, 55, 47, 39, 38, 37, 45, 53, 61, 60, 52, 44, 43, 51, 59, 58, 50, 49, 57, 56, 48, 40, 32, 24, 16, 17, 25, 33, 41, 42, 34, 26, 27, 35, 36, 28], f=55, g=44
[00:00:09:06:554] Expansion 330,000: F [0], B [63, 55, 47, 39, 31, 23, 15, 7, 6, 14, 22, 30, 29, 37, 45, 44, 43, 42, 41, 49, 50, 51, 52, 53, 61, 60, 59, 58, 57, 56, 48, 40, 32, 24, 25, 17], f=55, g=35
[00:00:09:23:245] Expansion 340,000: F [0], B [63, 55, 47, 39, 31, 23, 15, 7, 6, 14, 22, 30, 38, 37, 36, 35, 43, 44, 45, 53, 61, 60, 52, 51, 59, 58, 50, 49, 57, 56, 48, 40, 41, 33, 32, 24, 25], f=55, g=36
[00:00:09:35:271] Expansion 350,000: F [0, 1, 2, 3, 4, 5, 6, 7, 15, 14, 22, 23, 31], B [63, 55, 47, 39, 38, 37, 45, 53, 61, 60, 59, 58, 57, 56, 48, 49, 50, 51, 52, 44, 36, 35, 43, 42, 34, 33, 41, 40, 32, 24, 16], f=55, g=42
[00:00:09:48:724] Expansion 360,000: F [0], B [63, 55, 47, 39, 38, 30, 31, 23, 15, 7, 6, 14, 22, 21, 29, 37, 45, 44, 36, 35, 43, 51, 52, 53, 61, 60, 59, 58, 57, 56, 48, 49, 41, 42, 34, 33, 32, 24, 16], f=55, g=38
[00:00:10:02:379] Expansion 370,000: F [0], B [63, 55, 54, 53, 61, 60, 59, 58, 57, 56, 48, 40, 32, 33, 41, 49, 50, 42, 34, 35, 43, 51, 52, 44, 36, 37, 29, 30, 38, 39, 31, 23, 15, 14], f=55, g=33
[00:00:10:16:357] Expansion 380,000: F [0], B [63, 55, 47, 39, 38, 30, 31, 23, 22, 21, 29, 37, 36, 44, 52, 53, 61, 60, 59, 51, 43, 42, 50, 58, 57, 56, 48, 49, 41, 40, 32, 33, 25, 26], f=55, g=33
[00:00:10:29:559] Expansion 390,000: F [0], B [63, 55, 47, 39, 31, 23, 22, 21, 29, 30, 38, 37, 45, 53, 61, 60, 59, 58, 57, 56, 48, 49, 50, 51, 52, 44, 36, 35, 43, 42, 34, 33, 32, 24, 25], f=55, g=34
[00:00:10:43:021] Expansion 400,000: F [0, 1, 2, 3, 4, 12, 13, 5], B [63, 55, 47, 39, 31, 30, 38, 37, 45, 53, 61, 60, 52, 44, 36, 35, 43, 51, 59, 58, 50, 49, 57, 56, 48, 40, 32, 24, 16], f=55, g=35
[00:00:10:43:021] Expansions: 400,000. Checks - state_vs_state: 0, prefix: 1,564,182
[00:00:10:43:022] Expansions: 400,000. Checks - state_vs_state: 0, prefix: 1,564,183
[00:00:10:43:022] Expansions: 400,000. Checks - state_vs_state: 0, prefix: 1,564,184
[00:00:10:54:337] Expansion 410,000: F [0, 1, 2, 3, 4, 12, 20, 21, 22, 14, 13, 5, 6, 7, 15, 23, 31, 39, 38, 30, 29], B [63, 55, 54, 53, 61, 60, 59, 58, 57, 56, 48, 40, 41, 49, 50, 42, 43, 51, 52, 44, 45, 37, 36, 35, 34, 33, 32, 24, 16], f=55, g=48
[00:00:11:08:648] Expansion 420,000: F [0], B [63, 55, 47, 39, 38, 30, 31, 23, 15, 7, 6, 5, 13, 14, 22, 21, 29, 37, 36, 35, 34, 33, 41, 42, 43, 44, 45, 53, 52, 60, 59, 58, 50, 49, 57, 56, 48, 40, 32, 24], f=55, g=39
[00:00:11:22:994] Expansion 430,000: F [0], B [63, 55, 47, 39, 38, 30, 31, 23, 15, 7, 6, 14, 22, 21, 29, 37, 36, 44, 45, 53, 61, 60, 59, 58, 57, 56, 48, 40, 32, 33, 41, 42, 50], f=55, g=32
[00:00:11:37:742] Expansion 440,000: F [0, 1, 2, 3, 11, 12, 4, 5, 13, 21], B [63, 55, 47, 39, 31, 23, 15, 7, 6, 14, 22, 30, 29, 37, 45, 53, 61, 60, 59, 58, 57, 56, 48, 49, 41, 40, 32, 33, 25, 24, 16], f=55, g=39
[00:00:11:50:413] Expansion 450,000: F [0, 1, 2, 3, 11, 12, 4, 5, 13, 21], B [63, 55, 47, 39, 31, 23, 15, 7, 6, 14, 22, 30, 38, 37, 45, 53, 61, 60, 59, 58, 50, 49, 57, 56, 48, 40, 32, 24, 25, 17, 18, 26, 34, 33, 41, 42], f=55, g=44
[00:00:12:04:543] Expansion 460,000: F [0, 1, 2, 3, 4, 5, 6, 7, 15, 23, 22, 14, 13, 12, 20], B [63, 55, 47, 39, 31, 30, 38, 37, 45, 44, 52, 53, 61, 60, 59, 51, 50, 58, 57, 56, 48, 49, 41, 40, 32, 24, 16], f=55, g=40
[00:00:12:17:799] Expansion 470,000: F [0, 1, 2, 3, 11, 12, 4, 5, 13, 14, 6, 7, 15, 23, 22, 21, 29, 30, 31, 39, 38, 37, 45, 44, 52, 51, 50, 49, 41, 33, 34, 42, 43, 35, 36, 28], B [63, 55, 54, 53, 61, 60, 59, 58, 57, 56, 48, 40, 32, 24, 16], f=55, g=49
[00:00:12:32:886] Expansion 480,000: F [0], B [63, 55, 47, 39, 38, 30, 31, 23, 15, 7, 6, 5, 13, 14, 22, 21, 29, 37, 36, 44, 45, 53, 61, 60, 59, 51, 50, 58, 57, 49, 48, 40, 32, 24, 25, 17], f=55, g=35
[00:00:12:48:864] Expansion 490,000: F [0], B [63, 55, 54, 53, 61, 60, 59, 58, 57, 56, 48, 49, 41, 40, 32, 33, 34, 42, 43, 51, 52, 44, 45, 37, 38, 39, 31, 30, 22, 21, 29], f=55, g=30
[00:00:13:03:354] Expansion 500,000: F [0], B [63, 55, 54, 53, 45, 44, 43, 51, 52, 60, 59, 58, 57, 56, 48, 40, 41, 49, 50, 42, 34, 35, 36, 37, 38, 39, 31, 23, 15, 14, 6, 5, 4, 3], f=55, g=33
[00:00:13:03:355] Expansions: 500,000. Checks - state_vs_state: 0, prefix: 1,958,983
[00:00:13:03:355] Expansions: 500,000. Checks - state_vs_state: 0, prefix: 1,958,984
[00:00:13:03:356] Expansions: 500,000. Checks - state_vs_state: 0, prefix: 1,958,985
[00:00:13:03:356] Expansions: 500,000. Checks - state_vs_state: 0, prefix: 1,958,986
[00:00:13:23:062] Expansion 510,000: F [0], B [63, 55, 54, 53, 61, 60, 59, 58, 57, 56, 48, 40, 32, 24, 25, 33, 41, 49, 50, 42, 43, 51, 52, 44, 45, 37, 38, 30, 29, 21, 13], f=55, g=30
[00:00:13:37:338] Expansion 520,000: F [0], B [63, 55, 47, 39, 31, 23, 22, 21, 29, 30, 38, 37, 36, 44, 45, 53, 61, 60, 52, 51, 59, 58, 57, 56, 48, 40, 41, 42, 43, 35, 34, 33, 32], f=55, g=32
[00:00:13:52:798] Expansion 530,000: F [0], B [63, 55, 47, 39, 31, 23, 22, 14, 15, 7, 6, 5, 13, 21, 29, 30, 38, 37, 36, 44, 45, 53, 52, 60, 59, 58, 57, 49, 48, 40, 41, 42, 50, 51, 43, 35], f=55, g=35
[00:00:14:08:572] Expansion 540,000: F [0], B [63, 55, 47, 39, 31, 23, 22, 21, 29, 30, 38, 37, 45, 53, 52, 60, 59, 58, 57, 56, 48, 40, 32, 33, 41, 49, 50, 42, 43, 44, 36], f=55, g=30
[00:00:14:23:138] Expansion 550,000: F [0], B [63, 55, 54, 53, 45, 44, 52, 60, 59, 58, 50, 51, 43, 42, 34, 35, 36, 37, 38, 39, 31, 30, 29, 21, 22, 23, 15, 14], f=55, g=27
[00:00:14:37:039] Expansion 560,000: F [0], B [63, 55, 47, 39, 31, 23, 15, 7, 6, 5, 13, 14, 22, 30, 38, 37, 45, 53, 61, 60, 52, 51, 59, 58, 57, 49, 50, 42, 41, 40, 32, 24, 25, 33, 34, 35, 43, 44, 36, 28], f=55, g=39
[00:00:14:51:983] Expansion 570,000: F [0], B [63, 55, 54, 53, 61, 60, 52, 51, 59, 58, 57, 56, 48, 49, 50, 42, 43, 44, 45, 37, 38, 30, 31, 23, 22, 21, 13, 14, 15, 7], f=55, g=29
[00:00:15:07:975] Expansion 580,000: F [0], B [63, 55, 47, 39, 31, 23, 22, 21, 29, 30, 38, 37, 36, 35, 43, 44, 45, 53, 61, 60, 52, 51, 50, 58, 57, 49, 48, 40, 32, 24, 25, 33, 41, 42, 34], f=55, g=34
[00:00:15:24:669] Expansion 590,000: F [0], B [63, 55, 47, 39, 31, 30, 38, 37, 36, 35, 34, 33, 41, 42, 43, 44, 52, 53, 61, 60, 59, 51, 50, 58, 57, 49, 48, 40, 32], f=55, g=28
[00:00:15:39:505] Expansion 600,000: F [0, 1, 2, 3], B [63, 55, 47, 39, 38, 30, 29, 37, 45, 53, 61, 60, 59, 58, 50, 49, 57, 56, 48, 40, 41, 33, 32, 24, 16], f=55, g=27
[00:00:15:39:506] Expansions: 600,000. Checks - state_vs_state: 0, prefix: 2,352,355
[00:00:15:39:506] Expansions: 600,000. Checks - state_vs_state: 0, prefix: 2,352,356
[00:00:15:39:507] Expansions: 600,000. Checks - state_vs_state: 0, prefix: 2,352,357
[00:00:15:39:508] Expansions: 600,000. Checks - state_vs_state: 0, prefix: 2,352,358
[00:00:15:53:459] Expansion 610,000: F [0], B [63, 55, 47, 39, 31, 23, 15, 7, 6, 14, 22, 21, 29, 30, 38, 37, 45, 53, 61, 60, 59, 58, 57, 49, 50, 42, 43, 51, 52], f=55, g=28
[00:00:16:08:288] Expansion 620,000: F [0], B [63, 55, 47, 39, 31, 30, 38, 37, 45, 44, 52, 53, 61, 60, 59, 58, 57, 49, 48, 40, 32, 24, 25, 33, 34], f=55, g=24
[00:00:16:24:881] Expansion 630,000: F [0], B [63, 55, 47, 39, 31, 23, 15, 7, 6, 5, 13, 14, 22, 30, 38, 37, 45, 53, 52, 60, 59, 58, 50, 49, 57, 56, 48, 40, 32, 33, 41, 42, 43, 44, 36, 35, 34, 26], f=55, g=37
[00:00:16:41:737] Expansion 640,000: F [0, 1, 2, 3, 11, 12, 4, 5, 13, 14, 6, 7, 15, 23], B [63, 55, 47, 39, 38, 37, 45, 53, 52, 60, 59, 51, 50, 58, 57, 56, 48, 49, 41, 40, 32, 24, 16], f=55, g=35
[00:00:16:56:086] Expansion 650,000: F [0, 8, 16, 17, 18, 26, 34, 33, 25, 24, 32, 40, 48, 56], B [63, 55, 54, 53, 61, 60, 59, 51, 52, 44, 45, 37, 38, 39, 31, 23, 15, 7, 6, 5, 4, 3], f=55, g=34
[00:00:17:12:302] Expansion 660,000: F [0], B [63, 55, 47, 39, 31, 23, 15, 7, 6, 14, 22, 30, 38, 37, 45, 44, 36, 35, 43, 51, 52, 60, 59, 58, 57, 56, 48, 49, 50, 42, 41, 40, 32, 24, 16], f=55, g=34
[00:00:17:29:589] Expansion 670,000: F [0, 1, 2, 3, 4, 12, 13, 5, 6, 7, 15, 14, 22, 23, 31, 30, 29, 21, 20, 28, 27, 26, 18, 17, 16, 24, 25, 33, 32, 40], B [63, 55, 47, 39, 38, 37, 36, 35, 34, 42, 41, 49, 50, 51, 43, 44, 45, 53], f=55, g=46
[00:00:17:46:672] Expansion 680,000: F [0, 1, 2, 3, 11, 12, 4, 5, 13, 21], B [63, 55, 54, 53, 45, 37, 36, 44, 52, 60, 59, 58, 57, 56, 48, 40, 32, 33, 25, 24, 16, 17, 18, 26, 34, 42, 41, 49], f=55, g=36
[00:00:18:04:077] Expansion 690,000: F [0, 8, 16, 17, 18, 26, 27, 35, 34, 42, 50, 49, 41, 33, 25, 24, 32, 40, 48, 56, 57, 58, 59, 51], B [63, 55, 47, 39, 31, 30, 38, 37, 29, 21, 13, 14, 22, 23, 15, 7, 6, 5, 4, 3, 11, 12], f=55, g=44
[00:00:18:17:618] Expansion 700,000: F [0, 8, 16, 17, 18, 26, 34, 33, 25, 24, 32, 40, 48, 56, 57, 58, 59, 51], B [63, 55, 47, 39, 38, 37, 29, 30, 31, 23, 15, 7, 6, 14, 22, 21, 13, 5, 4, 3, 11, 12], f=55, g=38
[00:00:18:17:618] Expansions: 700,000. Checks - state_vs_state: 0, prefix: 2,747,669
[00:00:18:17:618] Expansions: 700,000. Checks - state_vs_state: 0, prefix: 2,747,670
[00:00:18:17:619] Expansions: 700,000. Checks - state_vs_state: 0, prefix: 2,747,671
[00:00:18:17:619] Expansions: 700,000. Checks - state_vs_state: 0, prefix: 2,747,672
[00:00:18:33:260] Expansion 710,000: F [0, 1, 2, 3, 11, 12, 20, 21, 13, 5, 6, 7, 15, 14, 22, 23, 31, 39, 38, 30, 29, 28, 36, 37, 45, 44, 52, 51, 43, 42, 50, 49, 41], B [63, 55, 54, 53, 61, 60, 59, 58, 57, 56, 48, 40, 32, 24, 16], f=55, g=46
[00:00:18:50:851] Expansion 720,000: F [0], B [63, 55, 47, 39, 31, 23, 22, 30, 38, 37, 36, 35, 43, 44, 45, 53, 52, 60, 59, 58, 57, 56, 48, 49, 50, 42, 34, 33, 41, 40, 32, 24, 25, 26], f=55, g=33
[00:00:19:09:345] Expansion 730,000: F [0, 8, 16, 24, 32, 40, 48, 56, 57, 58, 59, 51, 43], B [63, 55, 47, 39, 38, 30, 31, 23, 15, 7, 6, 14, 22, 21, 13, 5, 4, 3], f=55, g=29
[00:00:19:21:679] Expansion 740,000: F [0, 8, 16, 24, 32, 40, 41, 33, 25, 17, 18, 26, 34, 42, 50, 49, 48, 56, 57, 58, 59, 51, 52, 60], B [63, 55, 47, 39, 38, 37, 29, 30, 31, 23, 22, 14, 15, 7, 6, 5, 4, 3], f=55, g=40
[00:00:19:38:317] Expansion 750,000: F [0], B [63, 55, 54, 53, 61, 60, 52, 51, 59, 58, 57, 56, 48, 40, 32, 33, 41, 42, 43, 44, 45, 37, 36, 35], f=55, g=23
[00:00:19:57:628] Expansion 760,000: F [0, 8, 16, 24, 32, 40, 48, 56, 57, 49, 41, 42, 50, 58, 59, 51, 43, 44, 52, 60, 61, 53, 45, 37], B [63, 55, 47, 39, 31, 23, 15, 7, 6, 14, 22, 21, 13, 5, 4, 3, 11, 12], f=55, g=40
[00:00:20:11:315] Expansion 770,000: F [0], B [63, 55, 47, 39, 31, 30, 38, 37, 45, 53, 61, 60, 59, 58, 50, 49, 48, 40, 32, 24, 25, 33, 41, 42], f=55, g=23
[00:00:20:23:461] Expansion 780,000: F [0, 8, 16, 17, 18, 26, 25, 24, 32, 40, 48, 56, 57, 58, 59, 51, 52, 60, 61, 53], B [63, 55, 47, 39, 38, 37, 29, 30, 31, 23, 15, 7, 6, 5, 4, 3], f=55, g=34
[00:00:20:39:958] Expansion 790,000: F [0], B [63, 55, 47, 39, 31, 23, 15, 7, 6, 14, 13, 21, 22, 30, 38, 37, 45, 53, 61, 60, 59, 58, 57, 56, 48, 40, 41, 49, 50, 51, 52, 44, 36, 35, 43, 42, 34, 33, 32, 24, 25, 26], f=55, g=41
[00:00:20:55:935] Expansion 800,000: F [0], B [63, 55, 47, 39, 31, 23, 22, 14, 15, 7, 6, 5, 13, 21, 29, 37, 45, 53, 61, 60, 52, 44, 36, 35, 43, 51, 59, 58, 57, 56, 48], f=55, g=30
[00:00:20:55:936] Expansions: 800,000. Checks - state_vs_state: 124, prefix: 3,139,077
[00:00:20:55:936] Expansions: 800,000. Checks - state_vs_state: 124, prefix: 3,139,078
[00:00:20:55:937] Expansions: 800,000. Checks - state_vs_state: 124, prefix: 3,139,079
[00:00:20:55:937] Expansions: 800,000. Checks - state_vs_state: 124, prefix: 3,139,080
[00:00:21:13:351] Expansion 810,000: F [0], B [63, 55, 47, 39, 38, 37, 36, 35, 43, 44, 45, 53, 52, 60, 59, 58, 50, 49, 57, 56, 48, 40, 41, 42, 34, 33, 32], f=55, g=26
[00:00:21:31:018] Expansion 820,000: F [0, 8, 16, 24, 25, 17, 18, 26, 27, 35, 43, 51, 50, 42, 34], B [63, 55, 47, 39, 31, 23, 15, 7, 6, 14, 13, 5, 4, 3], f=55, g=27
[00:00:21:45:021] Expansion 830,000: F [0, 8, 16, 17, 18, 26, 27, 35, 34, 42, 41, 33, 25, 24, 32, 40, 48, 56, 57, 49, 50, 58, 59, 51, 43, 44, 52, 60, 61, 53, 45, 37], B [63, 55, 47, 39, 31, 23, 22, 14, 15, 7, 6, 5, 4, 3, 11, 12, 13, 21], f=55, g=48
[00:00:21:58:896] Expansion 840,000: F [0], B [63, 55, 47, 39, 31, 23, 15, 7, 6, 5, 13, 21, 22, 30, 29, 37, 36, 35, 43, 51, 52, 44, 45, 53, 61, 60, 59, 58, 50, 49, 57, 56, 48, 40, 32, 33], f=55, g=35
[00:00:22:14:392] Expansion 850,000: F [0], B [63, 55, 47, 39, 31, 30, 29, 37, 36, 44, 45, 53, 61, 60, 59, 58, 57, 56, 48, 49, 50, 51, 43, 42, 41, 40, 32, 33, 34, 35, 27], f=55, g=30
[00:00:22:30:946] Expansion 860,000: F [0], B [63, 55, 47, 39, 38, 30, 31, 23, 15, 7, 6, 14, 13, 21, 29, 37, 45, 44, 52, 53, 61, 60, 59, 58, 50, 51, 43, 42, 34, 33, 41, 49, 57, 56, 48], f=55, g=34
[00:00:22:47:638] Expansion 870,000: F [0], B [63, 55, 47, 39, 38, 30, 22, 23, 15, 7, 6, 14, 13, 21, 29, 37, 45, 53, 61, 60, 52, 51, 59, 58, 50, 49, 57, 56, 48, 40, 32, 33, 41], f=55, g=32
[00:00:23:03:149] Expansion 880,000: F [0, 8, 16, 24, 25, 17, 18, 26, 27, 35, 34, 33, 32, 40, 48, 56, 57, 49, 41, 42, 43, 51, 50, 58, 59, 60, 61, 53, 52, 44], B [63, 55, 47, 39, 31, 23, 15, 7, 6, 5, 4, 3], f=55, g=40
[00:00:23:17:355] Expansion 890,000: F [0], B [63, 55, 47, 39, 31, 23, 15, 7, 6, 5, 13, 21, 29, 30, 38, 37, 45, 53, 61, 60, 59, 51, 52, 44, 36, 35, 43, 42, 34, 33, 41, 49, 50, 58, 57, 56], f=55, g=35
[00:00:23:34:149] Expansion 900,000: F [0], B [63, 55, 54, 53, 52, 60, 59, 58, 50, 51, 43, 44, 36, 35, 34, 42, 41, 49, 57, 56, 48, 40, 32, 33], f=55, g=23
[00:00:23:34:150] Expansions: 900,000. Checks - state_vs_state: 190, prefix: 3,529,461
[00:00:23:34:150] Expansions: 900,000. Checks - state_vs_state: 190, prefix: 3,529,462
[00:00:23:34:151] Expansions: 900,000. Checks - state_vs_state: 190, prefix: 3,529,463
[00:00:23:51:332] Expansion 910,000: F [0], B [63, 55, 47, 39, 38, 30, 22, 23, 15, 7, 6, 5, 13, 21, 29, 37, 45, 53, 61, 60, 59, 58, 57, 56, 48, 49, 50, 51, 52, 44, 36, 35, 43, 42, 34, 33, 41, 40, 32, 24, 25, 17], f=55, g=41
[00:00:24:13:771] Expansion 920,000: F [0], B [63, 55, 47, 39, 38, 30, 31, 23, 15, 14, 22, 21, 29, 37, 45, 44, 43, 42, 34, 33], f=55, g=19
[00:00:24:33:479] Expansion 930,000: F [0], B [63, 55, 54, 53, 61, 60, 52, 51, 50, 49, 57, 56, 48, 40, 41, 42, 43, 35, 36, 44, 45, 37, 29, 30, 38, 39, 31, 23, 22, 21], f=55, g=29
[00:00:24:50:321] Expansion 940,000: F [0], B [63, 55, 54, 53, 52, 60, 59, 58, 50, 49, 57, 56, 48, 40, 32, 24, 25, 33, 41, 42, 43, 44, 45, 37, 38, 39, 31, 23, 22, 30, 29, 21, 13, 14], f=55, g=33
[00:00:25:07:522] Expansion 950,000: F [0], B [63, 55, 47, 39, 31, 23, 15, 14, 22, 30, 38, 37, 45, 53, 61, 60, 59, 51, 52, 44, 36, 35, 43], f=55, g=22
[00:00:25:24:359] Expansion 960,000: F [0], B [63, 55, 47, 39, 38, 30, 22, 14, 15, 7, 6, 5, 13, 21, 29, 37, 45, 53, 61, 60, 59, 58, 57, 56, 48, 49, 41, 40, 32, 24, 25, 33, 34], f=55, g=32
[00:00:25:44:086] Path of length 54 found: [0, 1, 2, 3, 11, 12, 4, 5, 13, 21, 20, 28, 27, 35, 34, 26, 18, 17, 16, 24, 25, 33, 32, 40, 48, 56, 57, 58, 59, 60, 61, 53, 52, 51, 50, 49, 41, 42, 43, 44, 45, 37, 38, 30, 22, 14, 6, 7, 15, 23, 31, 39, 47, 55, 63]
[00:00:25:45:644] ! Bidirectional. expansions: 967,070, time: 1,544,086 [ms], path length: 54 [edges], g_F: 13, g_B: 41, generated: {'F': 768,682, 'B': 975,402}, MM: 28, MMPER: 49.90909090909091%
[00:00:25:45:644] 
---------- SM_Grids/8x8_grid_with_random_blocks_8per_6 ----------
[00:00:00:09:942] Expansion 10,000: state None, f=58, g=26
[00:00:00:32:361] Expansion 20,000: state None, f=58, g=49
[00:00:00:43:494] Expansion 30,000: state None, f=58, g=47
[00:00:00:54:275] Expansion 40,000: state None, f=58, g=46
[00:00:01:05:368] Expansion 50,000: state None, f=58, g=30
[00:00:01:16:295] Expansion 60,000: state None, f=58, g=40
[00:00:01:25:375] Expansion 70,000: state None, f=58, g=45
[00:00:01:36:407] Expansion 80,000: state None, f=58, g=38
[00:00:01:48:931] Expansion 90,000: state None, f=58, g=24
[00:00:01:57:826] Expansion 100,000: state None, f=58, g=35
[00:00:02:07:644] Expansion 110,000: state None, f=58, g=25
[00:00:02:20:822] Expansion 120,000: state None, f=58, g=23
[00:00:02:31:043] Expansion 130,000: state None, f=58, g=45
[00:00:02:44:349] Expansion 140,000: state None, f=58, g=15
[00:00:02:54:005] Expansion 150,000: state None, f=58, g=26
[00:00:03:04:482] Expansion 160,000: state None, f=58, g=32
[00:00:03:16:024] Expansion 170,000: state None, f=58, g=37
[00:00:03:30:097] Expansion 180,000: state None, f=58, g=24
[00:00:03:39:675] Expansion 190,000: state None, f=58, g=37
[00:00:03:49:360] Expansion 200,000: state None, f=58, g=46
[00:00:03:59:631] Expansion 210,000: state None, f=58, g=35
[00:00:04:14:038] Expansion 220,000: state None, f=58, g=44
[00:00:04:24:162] Expansion 230,000: state None, f=58, g=18
[00:00:04:33:705] Expansion 240,000: state None, f=58, g=43
[00:00:04:43:503] Expansion 250,000: state None, f=58, g=43
[00:00:04:54:039] Expansion 260,000: state None, f=58, g=43
[00:00:05:08:925] Expansion 270,000: state None, f=58, g=38
[00:00:05:19:260] Expansion 280,000: state None, f=58, g=23
[00:00:05:28:345] Expansion 290,000: state None, f=58, g=45
[00:00:05:38:231] Expansion 300,000: state None, f=58, g=39
[00:00:05:48:497] Expansion 310,000: state None, f=58, g=33
[00:00:05:59:360] Expansion 320,000: state None, f=58, g=28
[00:00:06:20:648] Expansion 330,000: state None, f=58, g=37
[00:00:06:29:971] Expansion 340,000: state None, f=58, g=40
[00:00:06:40:364] Expansion 350,000: state None, f=58, g=34
[00:00:06:50:692] Expansion 360,000: state None, f=58, g=44
[00:00:07:00:488] Expansion 370,000: state None, f=58, g=43
[00:00:07:10:279] Expansion 380,000: state None, f=58, g=39
[00:00:07:20:050] Expansion 390,000: state None, f=58, g=43
[00:00:07:30:595] Expansion 400,000: state None, f=58, g=34
[00:00:07:40:861] Expansion 410,000: state None, f=58, g=36
[00:00:07:58:407] Expansion 420,000: state None, f=58, g=45
[00:00:08:07:146] Expansion 430,000: state None, f=58, g=35
[00:00:08:16:880] Expansion 440,000: state None, f=58, g=47
[00:00:08:27:907] Expansion 450,000: state None, f=58, g=46
[00:00:08:38:471] Expansion 460,000: state None, f=58, g=24
[00:00:08:47:950] Expansion 470,000: state None, f=58, g=33
[00:00:08:57:182] Expansion 480,000: state None, f=58, g=34
[00:00:09:05:901] Expansion 490,000: state None, f=58, g=37
[00:00:09:16:612] Expansion 500,000: state None, f=58, g=25
[00:00:09:26:648] Expansion 510,000: state None, f=58, g=41
[00:00:09:47:077] Expansion 520,000: state None, f=58, g=37
[00:00:09:57:582] Expansion 530,000: state None, f=58, g=31
[00:00:10:08:020] Expansion 540,000: state None, f=58, g=36
[00:00:10:18:531] Expansion 550,000: state None, f=58, g=31
[00:00:10:29:640] Expansion 560,000: state None, f=58, g=47
[00:00:10:39:825] Expansion 570,000: state None, f=58, g=44
[00:00:10:50:663] Expansion 580,000: state None, f=58, g=45
[00:00:11:01:712] Expansion 590,000: state None, f=58, g=27
[00:00:11:11:407] Expansion 600,000: state None, f=58, g=38
[00:00:11:22:048] Expansion 610,000: state None, f=58, g=37
[00:00:11:32:737] Expansion 620,000: state None, f=58, g=33
[00:00:11:42:932] Expansion 630,000: state None, f=58, g=46
[00:00:12:05:762] Expansion 640,000: state None, f=58, g=30
[00:00:12:15:734] Expansion 650,000: state None, f=58, g=46
[00:00:12:30:570] Expansion 660,000: state None, f=58, g=37
[00:00:12:40:414] Expansion 670,000: state None, f=58, g=42
[00:00:12:49:888] Expansion 680,000: state None, f=58, g=43
[00:00:13:00:123] Expansion 690,000: state None, f=58, g=16
[00:00:13:09:715] Expansion 700,000: state None, f=58, g=44
[00:00:13:19:959] Expansion 710,000: state None, f=58, g=21
[00:00:13:29:571] Expansion 720,000: state None, f=58, g=43
[00:00:13:40:130] Expansion 730,000: state None, f=58, g=39
[00:00:13:51:085] Expansion 740,000: state None, f=58, g=30
[00:00:14:00:699] Expansion 750,000: state None, f=58, g=45
[00:00:14:09:700] Expansion 760,000: state None, f=58, g=45
[00:00:14:18:760] Expansion 770,000: state None, f=58, g=36
[00:00:14:29:226] Expansion 780,000: state None, f=58, g=36
[00:00:14:39:854] Expansion 790,000: state None, f=58, g=26
[00:00:15:06:518] Expansion 800,000: state None, f=58, g=48
[00:00:15:17:541] Expansion 810,000: state None, f=58, g=42
[00:00:15:28:280] Expansion 820,000: state None, f=58, g=43
[00:00:15:38:791] Expansion 830,000: state None, f=58, g=23
[00:00:15:49:503] Expansion 840,000: state None, f=58, g=35
[00:00:16:00:206] Expansion 850,000: state None, f=58, g=46
[00:00:16:10:727] Expansion 860,000: state None, f=58, g=27
[00:00:16:20:015] Expansion 870,000: state None, f=58, g=38
[00:00:16:29:045] Expansion 880,000: state None, f=58, g=48
[00:00:16:38:130] Expansion 890,000: state None, f=58, g=40
[00:00:16:47:803] Expansion 900,000: state None, f=58, g=33
[00:00:16:56:273] Expansion 910,000: state None, f=58, g=42
[00:00:17:05:515] Expansion 920,000: state None, f=58, g=40
[00:00:17:16:216] Expansion 930,000: state None, f=57, g=49
[00:00:17:23:194] Expansion 940,000: state None, f=57, g=41
[00:00:17:29:698] Expansion 950,000: state None, f=57, g=50
[00:00:17:36:527] Expansion 960,000: state None, f=57, g=51
[00:00:17:43:034] Expansion 970,000: state None, f=57, g=45
[00:00:17:49:817] Expansion 980,000: state None, f=57, g=37
[00:00:17:56:751] Expansion 990,000: state None, f=57, g=37
[00:00:18:03:373] Expansion 1,000,000: state None, f=57, g=51
[00:00:18:10:296] Expansion 1,010,000: state None, f=57, g=36
[00:00:18:17:764] Expansion 1,020,000: state None, f=57, g=34
[00:00:18:43:705] Expansion 1,030,000: state None, f=57, g=42
[00:00:18:50:210] Expansion 1,040,000: state None, f=57, g=35
[00:00:18:57:179] Expansion 1,050,000: state None, f=57, g=52
[00:00:19:04:186] Expansion 1,060,000: state None, f=57, g=37
[00:00:19:11:447] Expansion 1,070,000: state None, f=57, g=48
[00:00:19:19:369] Expansion 1,080,000: state None, f=57, g=44
[00:00:19:26:555] Expansion 1,090,000: state None, f=57, g=44
[00:00:19:33:565] Expansion 1,100,000: state None, f=57, g=42
[00:00:19:40:350] Expansion 1,110,000: state None, f=57, g=53
[00:00:19:47:295] Expansion 1,120,000: state None, f=57, g=53
[00:00:19:54:766] Expansion 1,130,000: state None, f=57, g=48
[00:00:20:01:977] Expansion 1,140,000: state None, f=57, g=43
[00:00:20:09:453] Expansion 1,150,000: state None, f=57, g=29
[00:00:20:16:657] Expansion 1,160,000: state None, f=57, g=37
[00:00:20:25:057] Expansion 1,170,000: state None, f=57, g=48
[00:00:20:32:686] Expansion 1,180,000: state None, f=57, g=40
[00:00:20:40:123] Expansion 1,190,000: state None, f=57, g=28
[00:00:20:47:159] Expansion 1,200,000: state None, f=57, g=47
[00:00:20:54:181] Expansion 1,210,000: state None, f=57, g=36
[00:00:21:01:095] Expansion 1,220,000: state None, f=57, g=45
[00:00:21:08:829] Expansion 1,230,000: state None, f=57, g=44
[00:00:21:16:519] Expansion 1,240,000: state None, f=57, g=39
[00:00:21:23:866] Expansion 1,250,000: state None, f=57, g=50
[00:00:21:31:138] Expansion 1,260,000: state None, f=57, g=32
[00:00:21:38:785] Expansion 1,270,000: state None, f=57, g=37
[00:00:21:46:040] Expansion 1,280,000: state None, f=57, g=31
[00:00:21:54:783] Expansion 1,290,000: state None, f=57, g=30
[00:00:22:02:304] Expansion 1,300,000: state None, f=57, g=45
[00:00:22:10:067] Expansion 1,310,000: state None, f=57, g=24
[00:00:22:17:503] Expansion 1,320,000: state None, f=57, g=36
[00:00:22:24:776] Expansion 1,330,000: state None, f=57, g=43
[00:00:22:32:203] Expansion 1,340,000: state None, f=57, g=35
[00:00:22:39:064] Expansion 1,350,000: state None, f=57, g=41
[00:00:23:10:722] Expansion 1,360,000: state None, f=57, g=30
[00:00:23:17:930] Expansion 1,370,000: state None, f=57, g=30
[00:00:23:25:928] Expansion 1,380,000: state None, f=57, g=34
[00:00:23:33:550] Expansion 1,390,000: state None, f=57, g=28
[00:00:23:41:122] Expansion 1,400,000: state None, f=57, g=53
[00:00:23:48:654] Expansion 1,410,000: state None, f=57, g=45
[00:00:23:55:774] Expansion 1,420,000: state None, f=57, g=38
[00:00:24:03:881] Expansion 1,430,000: state None, f=57, g=46
[00:00:24:11:335] Expansion 1,440,000: state None, f=57, g=35
[00:00:24:18:441] Expansion 1,450,000: state None, f=57, g=48
[00:00:24:27:413] Expansion 1,460,000: state None, f=57, g=35
[00:00:24:47:269] Expansion 1,470,000: state None, f=57, g=26
[00:00:24:54:907] Expansion 1,480,000: state None, f=57, g=33
[00:00:25:02:548] Expansion 1,490,000: state None, f=57, g=37
[00:00:25:09:724] Expansion 1,500,000: state None, f=57, g=35
[00:00:25:16:775] Expansion 1,510,000: state None, f=57, g=45
[00:00:25:23:447] Expansion 1,520,000: state None, f=57, g=33
[00:00:25:31:353] Expansion 1,530,000: state None, f=57, g=41
[00:00:25:38:164] Expansion 1,540,000: state None, f=57, g=43
[00:00:25:44:909] Expansion 1,550,000: state None, f=57, g=43
[00:00:25:51:726] Expansion 1,560,000: state None, f=57, g=28
[00:00:25:58:479] Expansion 1,570,000: state None, f=57, g=46
[00:00:26:06:067] Expansion 1,580,000: state None, f=57, g=40
[00:00:26:13:430] Expansion 1,590,000: state None, f=57, g=51
[00:00:26:20:863] Expansion 1,600,000: state None, f=57, g=46
[00:00:26:28:466] Expansion 1,610,000: state None, f=57, g=46
[00:00:26:35:798] Expansion 1,620,000: state None, f=57, g=45
[00:00:26:42:800] Expansion 1,630,000: state None, f=57, g=41
[00:00:26:50:243] Expansion 1,640,000: state None, f=57, g=43
[00:00:26:57:737] Expansion 1,650,000: state None, f=57, g=45
[00:00:27:04:806] Expansion 1,660,000: state None, f=57, g=40
[00:00:27:11:739] Expansion 1,670,000: state None, f=57, g=49
[00:00:27:18:995] Expansion 1,680,000: state None, f=57, g=28
[00:00:27:26:045] Expansion 1,690,000: state None, f=57, g=23
[00:00:27:36:560] Expansion 1,700,000: state None, f=57, g=52
[00:00:27:43:856] Expansion 1,710,000: state None, f=57, g=48
[00:00:27:51:628] Expansion 1,720,000: state None, f=57, g=39
[00:00:27:59:151] Expansion 1,730,000: state None, f=57, g=30
[00:00:28:06:640] Expansion 1,740,000: state None, f=57, g=49
[00:00:28:44:084] Expansion 1,750,000: state None, f=57, g=43
[00:00:28:51:370] Expansion 1,760,000: state None, f=57, g=39
[00:00:28:58:335] Expansion 1,770,000: state None, f=57, g=46
[00:00:29:04:896] Expansion 1,780,000: state None, f=57, g=40
[00:00:29:12:861] Expansion 1,790,000: state None, f=57, g=47
