--------------------------
date: SM_Grids
number_of_graphs: 10
graph_type: grid
size_of_graphs: [8, 8]
heuristic: bcc_heuristic
snake: False
run_uni: True
run_bi: True
run_multi: False
solution_vertices: []
algorithms: ['A']
lookahead: 1
bsd: False
cube_first_dims: 4
cube_buffer_dim: None
backward_sym_generation: False
sym_coil: False
prefix_set: None

---------- SM_Grids/8x8_grid_with_random_blocks_16per_0 ----------
[00:00:00:00:609] Path of length 44 found: [0, 1, 9, 10, 2, 3, 11, 19, 18, 26, 34, 42, 41, 33, 25, 24, 32, 40, 48, 49, 50, 51, 43, 44, 36, 37, 29, 28, 20, 12, 13, 5, 6, 7, 15, 14, 22, 23, 31, 30, 38, 46, 47, 55, 63]
[00:00:00:00:609] ! Unidirectional s-t. expansions: 588, time: 609 [ms], path length: 44 [edges], generated: 1,011
[00:00:00:00:391] Path of length 44 found: [63, 55, 47, 46, 38, 39, 31, 30, 22, 23, 15, 7, 6, 5, 13, 12, 20, 28, 29, 37, 36, 44, 43, 35, 34, 33, 41, 42, 50, 49, 48, 40, 32, 24, 25, 26, 18, 19, 11, 3, 2, 10, 9, 1, 0]
[00:00:00:00:391] ! Unidirectional t-s. expansions: 241, time: 391 [ms], path length: 44 [edges], generated: 422
[00:00:00:02:410] Path of length 44 found: [0, 1, 9, 10, 2, 3, 11, 12, 20, 19, 18, 26, 25, 24, 32, 40, 48, 49, 41, 33, 34, 42, 50, 51, 43, 35, 36, 28, 29, 30, 22, 14, 13, 5, 6, 7, 15, 23, 31, 39, 38, 46, 47, 55, 63]
[00:00:00:02:869] ! Bidirectional. expansions: 1,882, time: 2,410 [ms], path length: 44 [edges], g_F: 28, g_B: 16, generated: {'F': 1,163, 'B': 2,008}, MM: 12, MMPER: 25.666666666666668%
[00:00:00:02:869] 
---------- SM_Grids/8x8_grid_with_random_blocks_16per_1 ----------
[00:00:00:00:066] Path of length 44 found: [0, 8, 9, 10, 2, 3, 4, 12, 11, 19, 18, 26, 25, 24, 32, 33, 41, 42, 34, 35, 43, 44, 36, 28, 20, 21, 29, 30, 22, 14, 15, 23, 31, 39, 38, 46, 47, 55, 54, 53, 52, 60, 61, 62, 63]
[00:00:00:00:066] ! Unidirectional s-t. expansions: 51, time: 66 [ms], path length: 44 [edges], generated: 85
[00:00:00:02:599] Path of length 44 found: [63, 62, 61, 60, 52, 53, 54, 55, 47, 46, 38, 39, 31, 23, 15, 14, 22, 30, 29, 21, 20, 12, 4, 3, 2, 10, 11, 19, 18, 26, 27, 28, 36, 44, 43, 35, 34, 42, 41, 33, 25, 24, 16, 8, 0]
[00:00:00:02:599] ! Unidirectional t-s. expansions: 1,697, time: 2,599 [ms], path length: 44 [edges], generated: 3,188
[00:00:00:02:365] Path of length 44 found: [0, 8, 9, 10, 2, 3, 4, 12, 11, 19, 18, 26, 25, 24, 32, 33, 41, 42, 34, 35, 43, 44, 36, 28, 20, 21, 29, 30, 22, 14, 15, 23, 31, 39, 38, 46, 47, 55, 54, 53, 52, 60, 61, 62, 63]
[00:00:00:02:807] ! Bidirectional. expansions: 1,132, time: 2,365 [ms], path length: 44 [edges], g_F: 11, g_B: 33, generated: {'F': 361, 'B': 1,721}, MM: 22, MMPER: 47.888888888888886%
[00:00:00:02:807] 
---------- SM_Grids/8x8_grid_with_random_blocks_16per_2 ----------
[00:00:00:05:291] Path of length 44 found: [0, 1, 2, 3, 11, 19, 20, 21, 29, 30, 38, 46, 47, 55, 54, 53, 45, 44, 36, 28, 27, 26, 18, 17, 16, 24, 32, 40, 48, 56, 57, 58, 50, 49, 41, 33, 34, 42, 43, 51, 59, 60, 61, 62, 63]
[00:00:00:05:291] ! Unidirectional s-t. expansions: 4,090, time: 5,291 [ms], path length: 44 [edges], generated: 7,383
[00:00:00:12:133] Path of length 44 found: [63, 62, 54, 55, 47, 46, 38, 30, 29, 21, 20, 28, 36, 44, 45, 53, 52, 60, 59, 58, 57, 56, 48, 49, 50, 51, 43, 42, 34, 33, 41, 40, 32, 24, 16, 17, 18, 26, 27, 19, 11, 3, 2, 1, 0]
[00:00:00:12:135] ! Unidirectional t-s. expansions: 9,625, time: 12,133 [ms], path length: 44 [edges], generated: 15,993
[00:00:00:16:728] Expansion 10,000: F [0, 8, 16, 17, 18, 10, 2], B [63, 62, 61, 60, 59, 58, 50, 51, 52, 53, 54, 55, 47, 46], f=45, g=19
[00:00:00:27:392] Path of length 44 found: [0, 1, 2, 3, 11, 10, 18, 17, 16, 24, 32, 40, 48, 56, 57, 58, 59, 60, 61, 53, 45, 44, 52, 51, 43, 42, 50, 49, 41, 33, 34, 26, 27, 28, 20, 21, 29, 30, 38, 46, 47, 55, 54, 62, 63]
[00:00:00:28:903] ! Bidirectional. expansions: 15,322, time: 27,393 [ms], path length: 44 [edges], g_F: 6, g_B: 38, generated: {'F': 14,698, 'B': 11,868}, MM: 32, MMPER: 70.11111111111111%
[00:00:00:28:903] 
---------- SM_Grids/8x8_grid_with_random_blocks_16per_3 ----------
[00:00:00:10:877] Expansion 10,000: state None, f=45, g=32
[00:00:00:18:254] Path of length 44 found: [0, 8, 16, 24, 25, 17, 18, 10, 11, 19, 27, 26, 34, 33, 41, 49, 50, 42, 43, 35, 36, 28, 29, 21, 20, 12, 13, 14, 15, 23, 31, 30, 38, 39, 47, 46, 45, 44, 52, 60, 61, 53, 54, 62, 63]
[00:00:00:18:255] ! Unidirectional s-t. expansions: 16,966, time: 18,254 [ms], path length: 44 [edges], generated: 30,143
[00:00:00:12:232] Expansion 10,000: state None, f=45, g=37
[00:00:00:21:571] Expansion 20,000: state None, f=45, g=37
[00:00:00:31:937] Expansion 30,000: state None, f=45, g=27
[00:00:00:39:175] Path of length 44 found: [63, 55, 47, 39, 31, 23, 15, 14, 13, 12, 11, 10, 18, 19, 27, 35, 34, 42, 43, 44, 36, 28, 20, 21, 29, 30, 38, 46, 45, 53, 54, 62, 61, 60, 52, 51, 50, 49, 41, 33, 25, 17, 16, 8, 0]
[00:00:00:39:176] ! Unidirectional t-s. expansions: 36,757, time: 39,175 [ms], path length: 44 [edges], generated: 62,846
[00:00:00:15:068] Expansion 10,000: F [0, 8, 16, 24, 25, 33, 34, 42, 41, 49, 50, 51, 43, 35, 27, 26, 18, 10, 11, 19, 20], B [63, 62, 61, 60, 52, 53, 45, 44, 36, 28, 29, 30, 38, 46, 54, 55, 47, 39, 31, 23, 15, 14, 13], f=45, g=42
[00:00:00:29:099] Expansion 20,000: F [0, 8, 16, 24, 25, 17, 18, 10, 11, 12, 13, 14, 15, 23, 31, 39, 38, 30, 29, 21, 20], B [63, 62, 54, 55, 47, 46, 45, 53, 61, 60, 52, 44, 36, 35, 43, 51, 50, 42, 41, 33, 34, 26], f=45, g=41
[00:00:00:45:020] Expansion 30,000: F [0, 8, 16, 24, 25, 33, 41, 49, 50, 42, 34, 35, 43, 51, 52, 60, 61, 62, 54, 53, 45], B [63, 55, 47, 39, 31, 23, 15, 14, 13, 12, 11, 10, 18, 26, 27, 19, 20], f=45, g=36
[00:00:01:00:014] Expansion 40,000: F [0, 8, 16, 17, 18, 10, 11, 12, 20, 19, 27, 35, 34, 26, 25, 33, 41, 49, 50, 42], B [63, 55, 47, 46, 38, 39, 31], f=45, g=25
[00:00:01:07:990] Path of length 44 found: [0, 8, 16, 24, 25, 17, 18, 10, 11, 12, 13, 14, 15, 23, 31, 30, 29, 21, 20, 28, 27, 35, 36, 44, 43, 42, 34, 33, 41, 49, 50, 51, 52, 60, 61, 62, 54, 53, 45, 46, 38, 39, 47, 55, 63]
[00:00:01:08:450] ! Bidirectional. expansions: 44,165, time: 67,992 [ms], path length: 44 [edges], g_F: 8, g_B: 36, generated: {'F': 44,091, 'B': 38,870}, MM: 28, MMPER: 61.22222222222222%
[00:00:01:08:450] 
---------- SM_Grids/8x8_grid_with_random_blocks_16per_4 ----------
[00:00:00:00:946] Path of length 48 found: [0, 1, 9, 8, 16, 17, 18, 10, 11, 3, 4, 12, 13, 14, 22, 30, 38, 39, 47, 46, 45, 44, 36, 37, 29, 28, 27, 35, 34, 26, 25, 33, 32, 40, 48, 56, 57, 49, 41, 42, 50, 51, 52, 60, 61, 53, 54, 62, 63]
[00:00:00:00:947] ! Unidirectional s-t. expansions: 853, time: 946 [ms], path length: 48 [edges], generated: 1,430
[00:00:00:06:531] Path of length 48 found: [63, 55, 47, 39, 38, 37, 36, 44, 45, 46, 54, 62, 61, 60, 52, 51, 50, 42, 41, 49, 57, 56, 48, 40, 32, 33, 25, 26, 34, 35, 27, 28, 29, 30, 22, 14, 13, 12, 4, 3, 11, 10, 18, 17, 16, 8, 9, 1, 0]
[00:00:00:06:533] ! Unidirectional t-s. expansions: 1,765, time: 6,531 [ms], path length: 48 [edges], generated: 3,155
[00:00:00:07:101] Path of length 48 found: [0, 1, 9, 8, 16, 17, 25, 26, 18, 10, 11, 3, 4, 12, 13, 14, 22, 30, 29, 37, 38, 46, 47, 55, 54, 53, 45, 44, 36, 28, 27, 35, 34, 33, 32, 40, 48, 56, 57, 49, 41, 42, 50, 51, 52, 60, 61, 62, 63]
[00:00:00:07:781] ! Bidirectional. expansions: 3,805, time: 7,101 [ms], path length: 48 [edges], g_F: 22, g_B: 26, generated: {'F': 2,616, 'B': 3,982}, MM: 4, MMPER: 7.163265306122449%
[00:00:00:07:781] 
---------- SM_Grids/8x8_grid_with_random_blocks_16per_5 ----------
[00:00:00:02:502] Path of length 50 found: [0, 8, 16, 24, 32, 33, 34, 26, 25, 17, 9, 1, 2, 10, 11, 19, 20, 12, 4, 5, 6, 14, 15, 23, 31, 39, 38, 30, 29, 28, 36, 35, 43, 44, 52, 51, 50, 49, 48, 56, 57, 58, 59, 60, 61, 53, 45, 46, 54, 55, 63]
[00:00:00:02:504] ! Unidirectional s-t. expansions: 2,024, time: 2,503 [ms], path length: 50 [edges], generated: 3,392
[00:00:00:02:194] Path of length 50 found: [63, 55, 47, 46, 54, 53, 61, 60, 59, 58, 57, 56, 48, 49, 50, 51, 52, 44, 43, 35, 36, 28, 29, 30, 38, 39, 31, 23, 15, 14, 6, 5, 4, 12, 20, 19, 11, 3, 2, 10, 9, 17, 25, 26, 34, 33, 32, 24, 16, 8, 0]
[00:00:00:02:196] ! Unidirectional t-s. expansions: 1,387, time: 2,194 [ms], path length: 50 [edges], generated: 2,355
[00:00:00:19:754] Path of length 50 found: [0, 8, 16, 24, 32, 33, 34, 26, 25, 17, 9, 10, 2, 3, 11, 19, 20, 12, 4, 5, 6, 14, 22, 23, 31, 39, 38, 30, 29, 28, 36, 35, 43, 51, 50, 49, 48, 56, 57, 58, 59, 60, 61, 53, 52, 44, 45, 46, 54, 55, 63]
[00:00:00:20:273] ! Bidirectional. expansions: 9,529, time: 19,754 [ms], path length: 50 [edges], g_F: 23, g_B: 27, generated: {'F': 7,753, 'B': 8,471}, MM: 4, MMPER: 6.8431372549019605%
[00:00:00:20:273] 
---------- SM_Grids/8x8_grid_with_random_blocks_16per_6 ----------
[00:00:00:00:266] Path of length 48 found: [0, 1, 9, 8, 16, 17, 25, 24, 32, 33, 41, 40, 48, 49, 50, 42, 34, 35, 27, 26, 18, 10, 11, 19, 20, 21, 22, 14, 13, 5, 6, 7, 15, 23, 31, 30, 29, 37, 36, 44, 52, 53, 45, 46, 47, 55, 54, 62, 63]
[00:00:00:00:267] ! Unidirectional s-t. expansions: 225, time: 266 [ms], path length: 48 [edges], generated: 376
[00:00:00:00:091] Path of length 48 found: [63, 62, 54, 55, 47, 46, 38, 30, 31, 23, 22, 14, 15, 7, 6, 5, 13, 21, 29, 37, 45, 53, 52, 44, 36, 35, 27, 19, 11, 10, 18, 17, 25, 26, 34, 33, 41, 42, 50, 49, 48, 40, 32, 24, 16, 8, 9, 1, 0]
[00:00:00:00:091] ! Unidirectional t-s. expansions: 67, time: 91 [ms], path length: 48 [edges], generated: 112
[00:00:00:00:941] Path of length 48 found: [0, 1, 9, 8, 16, 24, 32, 40, 48, 49, 50, 42, 41, 33, 34, 26, 25, 17, 18, 10, 11, 19, 27, 35, 36, 44, 52, 53, 45, 37, 29, 21, 22, 14, 13, 5, 6, 7, 15, 23, 31, 30, 38, 46, 47, 55, 54, 62, 63]
[00:00:00:01:416] ! Bidirectional. expansions: 470, time: 942 [ms], path length: 48 [edges], g_F: 31, g_B: 17, generated: {'F': 539, 'B': 269}, MM: 14, MMPER: 27.571428571428573%
[00:00:00:01:416] 
---------- SM_Grids/8x8_grid_with_random_blocks_16per_7 ----------
[00:00:00:12:706] Expansion 10,000: state None, f=49, g=36
[00:00:00:22:130] Path of length 48 found: [0, 8, 9, 10, 2, 3, 11, 19, 18, 17, 16, 24, 32, 40, 48, 56, 57, 58, 59, 60, 61, 53, 45, 44, 43, 51, 50, 49, 41, 33, 34, 35, 27, 28, 20, 21, 13, 14, 6, 7, 15, 23, 31, 30, 38, 46, 54, 55, 63]
[00:00:00:22:132] ! Unidirectional s-t. expansions: 19,624, time: 22,131 [ms], path length: 48 [edges], generated: 33,282
[00:00:00:12:100] Expansion 10,000: state None, f=49, g=34
[00:00:00:16:099] Path of length 48 found: [63, 55, 54, 46, 38, 30, 31, 23, 15, 7, 6, 14, 13, 21, 20, 12, 11, 3, 2, 10, 9, 17, 18, 19, 27, 26, 34, 35, 43, 44, 45, 53, 61, 60, 59, 51, 50, 58, 57, 56, 48, 49, 41, 33, 32, 24, 16, 8, 0]
[00:00:00:16:100] ! Unidirectional t-s. expansions: 13,538, time: 16,099 [ms], path length: 48 [edges], generated: 23,829
[00:00:00:20:755] Expansion 10,000: F [0, 8, 9, 10, 2, 3, 11, 19, 18, 17, 16, 24, 32, 40, 48, 49, 50, 58], B [63, 55, 54, 46, 45], f=51, g=21
[00:00:00:34:592] Expansion 20,000: F [0, 8, 16, 24, 32, 40, 41, 42, 34, 26, 27, 19, 18], B [63, 55, 54, 53, 61, 60, 59, 58, 57, 56, 48, 49, 50, 51, 43, 44, 45], f=50, g=28
[00:00:00:53:693] Expansion 30,000: F [0, 8, 9, 17, 18], B [63, 55, 54, 53, 61, 60, 59, 58, 50, 49, 57, 56, 48, 40, 32], f=50, g=18
[00:00:01:02:407] Expansion 40,000: F [0, 8, 9, 17, 16, 24, 32, 33, 41, 49, 48, 56, 57, 58, 50, 42, 34, 35, 27, 26, 18, 10, 2, 3, 11, 12, 20, 21, 13, 14, 6, 7], B [63, 55, 54, 53, 61, 60, 59, 51, 43, 44, 45, 46, 38], f=49, g=43
[00:00:01:13:151] Expansion 50,000: F [0, 8, 16, 24, 32, 40, 48, 56, 57, 58, 50, 49, 41, 42, 34, 26, 18, 17, 9, 10, 11, 19, 27, 28], B [63, 55, 54, 53, 61, 60, 59, 51, 43, 44, 45], f=49, g=33
[00:00:01:29:025] Expansion 60,000: F [0, 8, 16, 17, 9, 10, 11, 12], B [63, 55, 54, 53, 61, 60, 59, 51, 50, 58, 57, 49, 48], f=49, g=19
[00:00:01:33:704] Path of length 48 found: [0, 8, 9, 10, 2, 3, 11, 12, 13, 14, 6, 7, 15, 23, 31, 30, 38, 37, 45, 44, 43, 51, 50, 42, 41, 33, 34, 35, 27, 28, 20, 19, 18, 17, 16, 24, 32, 40, 48, 56, 57, 58, 59, 60, 61, 53, 54, 55, 63]
[00:00:01:34:184] ! Bidirectional. expansions: 61,928, time: 93,705 [ms], path length: 48 [edges], g_F: 18, g_B: 30, generated: {'F': 77,046, 'B': 30,014}, MM: 12, MMPER: 23.489795918367346%
[00:00:01:34:185] 
---------- SM_Grids/8x8_grid_with_random_blocks_16per_8 ----------
[00:00:00:04:582] Path of length 50 found: [0, 8, 16, 17, 18, 19, 20, 12, 11, 10, 9, 1, 2, 3, 4, 5, 6, 7, 15, 23, 22, 14, 13, 21, 29, 28, 36, 35, 34, 33, 32, 40, 48, 56, 57, 49, 41, 42, 50, 51, 59, 60, 61, 53, 45, 37, 38, 46, 54, 62, 63]
[00:00:00:04:584] ! Unidirectional s-t. expansions: 3,379, time: 4,583 [ms], path length: 50 [edges], generated: 5,580
[00:00:00:00:311] Path of length 50 found: [63, 62, 54, 46, 38, 37, 45, 53, 61, 60, 59, 51, 50, 49, 57, 56, 48, 40, 32, 33, 41, 42, 43, 35, 34, 26, 18, 19, 20, 28, 29, 21, 22, 23, 15, 7, 6, 14, 13, 5, 4, 12, 11, 3, 2, 10, 9, 17, 16, 8, 0]
[00:00:00:00:311] ! Unidirectional t-s. expansions: 311, time: 311 [ms], path length: 50 [edges], generated: 534
[00:00:00:16:059] Expansion 10,000: F [0, 1, 2, 3, 4, 5, 6, 14, 15, 23, 22, 21, 13, 12, 20, 19, 11, 10, 9, 8, 16, 17, 18, 26, 34, 35], B [63, 62, 61], f=51, g=27
[00:00:00:18:237] Path of length 50 found: [0, 8, 16, 17, 9, 1, 2, 3, 4, 5, 13, 14, 6, 7, 15, 23, 22, 21, 29, 28, 20, 12, 11, 10, 18, 26, 34, 35, 43, 42, 41, 33, 32, 40, 48, 56, 57, 49, 50, 51, 59, 60, 61, 53, 45, 37, 38, 46, 54, 62, 63]
[00:00:00:18:658] ! Bidirectional. expansions: 11,268, time: 18,237 [ms], path length: 50 [edges], g_F: 24, g_B: 26, generated: {'F': 15,112, 'B': 3,497}, MM: 2, MMPER: 2.9215686274509802%
[00:00:00:18:658] 
---------- SM_Grids/8x8_grid_with_random_blocks_16per_9 ----------
[00:00:00:00:878] Path of length 46 found: [0, 1, 2, 3, 11, 12, 4, 5, 6, 7, 15, 14, 13, 21, 20, 28, 27, 26, 18, 17, 9, 8, 16, 24, 32, 33, 41, 42, 50, 58, 59, 51, 43, 44, 36, 37, 38, 30, 31, 39, 47, 55, 54, 53, 61, 62, 63]
[00:00:00:00:878] ! Unidirectional s-t. expansions: 656, time: 878 [ms], path length: 46 [edges], generated: 1,121
[00:00:00:00:548] Path of length 46 found: [63, 62, 54, 55, 47, 39, 31, 30, 38, 37, 45, 53, 52, 51, 59, 58, 50, 42, 43, 44, 36, 28, 20, 21, 13, 14, 15, 7, 6, 5, 4, 12, 11, 3, 2, 1, 9, 17, 18, 26, 34, 33, 25, 24, 16, 8, 0]
[00:00:00:00:548] ! Unidirectional t-s. expansions: 320, time: 548 [ms], path length: 46 [edges], generated: 641
[00:00:00:04:823] Path of length 46 found: [0, 8, 9, 1, 2, 3, 11, 12, 4, 5, 6, 7, 15, 14, 13, 21, 20, 28, 27, 26, 18, 17, 16, 24, 32, 33, 41, 42, 50, 58, 59, 51, 43, 44, 36, 37, 38, 30, 31, 39, 47, 55, 54, 53, 61, 62, 63]
[00:00:00:05:239] ! Bidirectional. expansions: 2,696, time: 4,823 [ms], path length: 46 [edges], g_F: 27, g_B: 19, generated: {'F': 2,948, 'B': 1,661}, MM: 8, MMPER: 16.02127659574468%
[00:00:00:05:239] average expansions: (4,846, 6,571, 15,220, 0)
[00:00:00:05:240] average time: (5,553, 8,007, 24,472, 0)
[00:00:00:05:240] XA*: 4,846 , 5,553 (expansions , time[ms])
[00:00:00:05:240] BiXA*: 15,220 , 24,472 (expansions , time[ms])

