--------------------------
date: SM_Grids
number_of_graphs: 10
graph_type: grid
size_of_graphs: [7, 7]
heuristic: bcc_heuristic
snake: False
run_uni: True
run_bi: True
run_multi: False
solution_vertices: []
algorithms: ['A']
lookahead: 1
bsd: False
cube_first_dims: 4
cube_buffer_dim: None
backward_sym_generation: False
sym_coil: False
prefix_set: None

---------- SM_Grids/7x7_grid_with_random_blocks_8per_0 ----------
[00:00:00:03:748] Path of length 44 found: [0, 7, 8, 1, 2, 3, 4, 5, 6, 13, 20, 27, 34, 33, 32, 25, 26, 19, 12, 11, 18, 17, 10, 9, 16, 15, 22, 21, 28, 29, 30, 31, 38, 37, 36, 35, 42, 43, 44, 45, 46, 39, 40, 47, 48]
[00:00:00:03:749] ! Unidirectional s-t. expansions: 5,016, time: 3,748 [ms], path length: 44 [edges], generated: 8,516
[00:00:00:07:569] Expansion 10,000: state None, f=45, g=40
[00:00:00:14:995] Expansion 20,000: state None, f=45, g=26
[00:00:00:15:983] Path of length 44 found: [48, 47, 46, 45, 44, 43, 42, 35, 36, 37, 38, 39, 40, 41, 34, 33, 32, 31, 30, 29, 28, 21, 22, 15, 16, 17, 18, 25, 26, 27, 20, 19, 12, 13, 6, 5, 4, 11, 10, 3, 2, 9, 8, 1, 0]
[00:00:00:15:985] ! Unidirectional t-s. expansions: 21,118, time: 15,983 [ms], path length: 44 [edges], generated: 33,831
[00:00:00:14:729] Expansion 10,000: F [0, 7, 8, 1, 2, 3, 4, 5, 6, 13, 20, 27, 26, 33], B [48, 47, 46, 45, 38, 31], f=45, g=18
[00:00:00:21:821] Path of length 44 found: [0, 7, 8, 1, 2, 9, 16, 15, 22, 21, 28, 35, 42, 43, 44, 37, 36, 29, 30, 31, 38, 45, 46, 47, 40, 33, 32, 25, 26, 19, 18, 17, 10, 3, 4, 11, 12, 5, 6, 13, 20, 27, 34, 41, 48]
[00:00:00:22:208] ! Bidirectional. expansions: 14,745, time: 21,821 [ms], path length: 44 [edges], g_F: 26, g_B: 18, generated: {'F': 15,500, 'B': 11,256}, MM: 8, MMPER: 16.77777777777778%
[00:00:00:22:208] 
---------- SM_Grids/7x7_grid_with_random_blocks_8per_1 ----------
[00:00:00:10:685] Expansion 10,000: state None, f=43, g=30
[00:00:00:20:438] Expansion 20,000: state None, f=43, g=22
[00:00:00:25:085] Path of length 42 found: [0, 7, 8, 15, 14, 21, 28, 35, 42, 43, 36, 29, 22, 23, 30, 31, 38, 39, 46, 47, 40, 33, 32, 25, 24, 17, 16, 9, 2, 3, 10, 11, 4, 5, 6, 13, 12, 19, 26, 27, 34, 41, 48]
[00:00:00:25:087] ! Unidirectional s-t. expansions: 24,437, time: 25,085 [ms], path length: 42 [edges], generated: 43,411
[00:00:00:11:060] Expansion 10,000: state None, f=43, g=18
[00:00:00:20:369] Expansion 20,000: state None, f=43, g=27
[00:00:00:29:797] Expansion 30,000: state None, f=43, g=31
[00:00:00:37:422] Path of length 42 found: [48, 47, 46, 39, 38, 31, 32, 33, 40, 41, 34, 27, 26, 25, 18, 19, 20, 13, 6, 5, 12, 11, 4, 3, 2, 9, 10, 17, 24, 23, 30, 29, 36, 43, 42, 35, 28, 21, 22, 15, 8, 7, 0]
[00:00:00:37:423] ! Unidirectional t-s. expansions: 38,091, time: 37,422 [ms], path length: 42 [edges], generated: 65,034
[00:00:00:13:317] Expansion 10,000: F [0, 7, 14, 21, 28, 35, 42, 43, 36, 29, 30, 31, 38, 39, 46, 47, 40, 33], B [48, 41, 34, 27, 20, 19, 18, 17, 10, 11, 12, 13, 6, 5, 4, 3, 2, 9, 8, 15, 16, 23, 24, 25], f=43, g=40
[00:00:00:23:044] Expansion 20,000: F [0, 7, 8, 15, 14, 21, 28, 35, 42, 43], B [48, 47, 46, 39, 38, 31, 32, 33, 40, 41, 34, 27, 20, 19, 12, 13, 6, 5, 4, 11, 10, 3, 2, 9, 16], f=43, g=33
[00:00:00:35:907] Expansion 30,000: F [0, 7, 14, 21, 28, 35, 42], B [48, 41, 34, 27, 20, 13, 6, 5, 12, 11, 4, 3, 10, 17, 18, 19, 26, 33, 40, 47, 46, 39, 38, 31, 32, 25, 24, 23], f=43, g=33
[00:00:00:49:980] Expansion 40,000: F [0, 7, 14, 15, 16, 9, 2, 3, 4, 5, 6, 13], B [48, 41, 34, 27, 20, 19, 26, 25], f=43, g=18
[00:00:01:04:497] Expansion 50,000: F [0, 7, 14, 21, 28, 35, 42], B [48, 47, 46, 39, 32, 33, 40, 41, 34, 27, 20, 19, 26, 25, 24, 31], f=43, g=21
[00:00:01:18:208] Expansion 60,000: F [0, 7, 14, 21, 28, 35, 42, 43, 36, 29, 30, 23], B [48, 47, 40, 41, 34, 27, 26, 33, 32, 39], f=43, g=20
[00:00:01:22:337] Path of length 42 found: [0, 7, 14, 21, 28, 35, 42, 43, 36, 29, 22, 23, 30, 31, 38, 39, 46, 47, 40, 33, 26, 25, 18, 19, 12, 11, 10, 17, 16, 15, 8, 9, 2, 3, 4, 5, 6, 13, 20, 27, 34, 41, 48]
[00:00:01:22:743] ! Bidirectional. expansions: 62,545, time: 82,342 [ms], path length: 42 [edges], g_F: 15, g_B: 27, generated: {'F': 61,526, 'B': 51,954}, MM: 12, MMPER: 26.906976744186046%
[00:00:01:22:743] 
---------- SM_Grids/7x7_grid_with_random_blocks_8per_2 ----------
[00:00:00:11:527] Path of length 44 found: [0, 7, 8, 15, 14, 21, 22, 29, 28, 35, 36, 43, 44, 45, 46, 47, 40, 33, 32, 39, 38, 37, 30, 31, 24, 23, 16, 17, 18, 11, 10, 9, 2, 3, 4, 5, 6, 13, 12, 19, 26, 27, 34, 41, 48]
[00:00:00:11:529] ! Unidirectional s-t. expansions: 7,780, time: 11,527 [ms], path length: 44 [edges], generated: 13,533
[00:00:00:10:251] Expansion 10,000: state None, f=45, g=34
[00:00:00:14:823] Path of length 44 found: [48, 47, 46, 45, 44, 43, 36, 35, 28, 21, 22, 29, 30, 37, 38, 39, 40, 41, 34, 27, 20, 13, 6, 5, 12, 11, 4, 3, 2, 9, 10, 17, 18, 19, 26, 33, 32, 31, 24, 23, 16, 15, 8, 7, 0]
[00:00:00:14:824] ! Unidirectional t-s. expansions: 14,890, time: 14,823 [ms], path length: 44 [edges], generated: 25,129
[00:00:00:14:064] Expansion 10,000: F [0, 7, 14, 21, 22, 23, 16, 15, 8, 9, 2, 3, 4, 5, 6, 13, 12, 11, 10], B [48, 47, 46, 39], f=45, g=21
[00:00:00:29:036] Expansion 20,000: F [0, 7, 8, 15, 14, 21, 22, 29, 28, 35, 36, 43, 44, 45, 38, 37, 30, 31, 24, 23, 16, 9, 2, 3, 10, 17, 18, 11, 4, 5, 6, 13], B [48, 47, 46, 39, 32, 33], f=45, g=36
[00:00:00:41:603] Path of length 44 found: [0, 7, 14, 21, 28, 35, 36, 43, 44, 37, 30, 29, 22, 23, 24, 31, 38, 45, 46, 47, 40, 39, 32, 33, 26, 19, 12, 11, 10, 17, 16, 15, 8, 9, 2, 3, 4, 5, 6, 13, 20, 27, 34, 41, 48]
[00:00:00:41:975] ! Bidirectional. expansions: 29,369, time: 41,604 [ms], path length: 44 [edges], g_F: 27, g_B: 17, generated: {'F': 29,726, 'B': 24,969}, MM: 10, MMPER: 21.22222222222222%
[00:00:00:41:976] 
---------- SM_Grids/7x7_grid_with_random_blocks_8per_3 ----------
[00:00:00:08:268] Expansion 10,000: state None, f=45, g=19
[00:00:00:15:102] Expansion 20,000: state None, f=45, g=41
[00:00:00:21:736] Expansion 30,000: state None, f=45, g=31
[00:00:00:22:909] Path of length 44 found: [0, 1, 2, 3, 4, 5, 6, 13, 20, 27, 26, 33, 32, 31, 38, 37, 30, 29, 22, 23, 24, 25, 18, 19, 12, 11, 10, 17, 16, 9, 8, 7, 14, 21, 28, 35, 42, 43, 44, 45, 46, 39, 40, 47, 48]
[00:00:00:22:911] ! Unidirectional s-t. expansions: 31,470, time: 22,909 [ms], path length: 44 [edges], generated: 48,489
[00:00:00:02:944] Path of length 44 found: [48, 41, 40, 47, 46, 39, 32, 33, 26, 27, 20, 19, 18, 25, 24, 17, 10, 11, 12, 13, 6, 5, 4, 3, 2, 1, 8, 9, 16, 23, 22, 29, 30, 31, 38, 37, 44, 43, 42, 35, 28, 21, 14, 7, 0]
[00:00:00:02:945] ! Unidirectional t-s. expansions: 982, time: 2,945 [ms], path length: 44 [edges], generated: 1,758
[00:00:00:10:060] Path of length 44 found: [0, 7, 14, 21, 22, 29, 28, 35, 42, 43, 44, 45, 38, 31, 30, 23, 16, 17, 24, 25, 18, 19, 12, 11, 10, 9, 8, 1, 2, 3, 4, 5, 6, 13, 20, 27, 26, 33, 32, 39, 46, 47, 40, 41, 48]
[00:00:00:10:406] ! Bidirectional. expansions: 7,296, time: 10,060 [ms], path length: 44 [edges], g_F: 14, g_B: 30, generated: {'F': 8,361, 'B': 3,874}, MM: 16, MMPER: 34.55555555555556%
[00:00:00:10:406] 
---------- SM_Grids/7x7_grid_with_random_blocks_8per_4 ----------
[00:00:00:00:653] Path of length 44 found: [0, 7, 14, 21, 22, 29, 28, 35, 42, 43, 36, 37, 38, 45, 46, 47, 40, 39, 32, 33, 26, 19, 18, 25, 24, 31, 30, 23, 16, 15, 8, 1, 2, 9, 10, 11, 4, 5, 12, 13, 20, 27, 34, 41, 48]
[00:00:00:00:653] ! Unidirectional s-t. expansions: 585, time: 653 [ms], path length: 44 [edges], generated: 964
[00:00:00:02:357] Path of length 44 found: [48, 47, 46, 45, 38, 39, 40, 41, 34, 33, 32, 31, 30, 37, 36, 43, 42, 35, 28, 29, 22, 21, 14, 7, 8, 15, 16, 23, 24, 25, 18, 19, 26, 27, 20, 13, 6, 5, 4, 11, 10, 9, 2, 1, 0]
[00:00:00:02:358] ! Unidirectional t-s. expansions: 2,132, time: 2,357 [ms], path length: 44 [edges], generated: 3,605
[00:00:00:10:623] Path of length 44 found: [0, 7, 14, 21, 28, 35, 42, 43, 36, 29, 22, 23, 16, 15, 8, 1, 2, 9, 10, 11, 4, 5, 6, 13, 12, 19, 18, 25, 24, 31, 30, 37, 38, 45, 46, 47, 40, 39, 32, 33, 26, 27, 34, 41, 48]
[00:00:00:10:982] ! Bidirectional. expansions: 6,408, time: 10,624 [ms], path length: 44 [edges], g_F: 25, g_B: 19, generated: {'F': 5,100, 'B': 6,045}, MM: 6, MMPER: 12.333333333333334%
[00:00:00:10:983] 
---------- SM_Grids/7x7_grid_with_random_blocks_8per_5 ----------
[00:00:00:01:495] Path of length 44 found: [0, 1, 2, 3, 10, 9, 8, 7, 14, 15, 22, 21, 28, 29, 36, 35, 42, 43, 44, 45, 46, 39, 40, 33, 26, 25, 32, 31, 38, 37, 30, 23, 24, 17, 18, 11, 12, 5, 6, 13, 20, 27, 34, 41, 48]
[00:00:00:01:495] ! Unidirectional s-t. expansions: 1,355, time: 1,495 [ms], path length: 44 [edges], generated: 2,265
[00:00:00:07:858] Path of length 44 found: [48, 41, 40, 39, 46, 45, 44, 43, 42, 35, 36, 37, 38, 31, 30, 29, 28, 21, 14, 15, 22, 23, 24, 25, 32, 33, 34, 27, 26, 19, 20, 13, 6, 5, 12, 11, 18, 17, 10, 3, 2, 9, 8, 1, 0]
[00:00:00:07:860] ! Unidirectional t-s. expansions: 9,838, time: 7,858 [ms], path length: 44 [edges], generated: 15,528
[00:00:00:13:098] Expansion 10,000: F [0, 7, 14, 15, 8, 1, 2], B [48, 41, 40, 33, 34, 27, 26, 25, 32, 39, 46, 45, 44, 43, 42, 35, 28, 21, 22, 23, 30, 29, 36, 37, 38, 31, 24, 17, 18, 19, 20, 13, 6], f=45, g=38
[00:00:00:24:294] Path of length 44 found: [0, 7, 14, 21, 28, 35, 42, 43, 36, 29, 22, 15, 8, 1, 2, 9, 10, 17, 24, 23, 30, 31, 38, 37, 44, 45, 46, 39, 40, 33, 32, 25, 26, 19, 18, 11, 12, 5, 6, 13, 20, 27, 34, 41, 48]
[00:00:00:24:646] ! Bidirectional. expansions: 17,269, time: 24,294 [ms], path length: 44 [edges], g_F: 16, g_B: 28, generated: {'F': 8,422, 'B': 21,002}, MM: 12, MMPER: 25.666666666666668%
[00:00:00:24:647] 
---------- SM_Grids/7x7_grid_with_random_blocks_8per_6 ----------
[00:00:00:07:432] Expansion 10,000: state None, f=45, g=20
[00:00:00:09:513] Path of length 44 found: [0, 1, 2, 3, 4, 5, 6, 13, 20, 27, 34, 33, 26, 19, 12, 11, 18, 25, 24, 17, 16, 9, 8, 15, 14, 21, 22, 23, 30, 31, 38, 37, 36, 29, 28, 35, 42, 43, 44, 45, 46, 39, 40, 47, 48]
[00:00:00:09:514] ! Unidirectional s-t. expansions: 12,598, time: 9,513 [ms], path length: 44 [edges], generated: 20,059
[00:00:00:04:495] Path of length 44 found: [48, 41, 34, 27, 20, 13, 6, 5, 12, 19, 26, 33, 40, 47, 46, 39, 38, 45, 44, 43, 42, 35, 28, 21, 14, 15, 8, 9, 16, 23, 22, 29, 36, 37, 30, 31, 24, 17, 18, 11, 4, 3, 2, 1, 0]
[00:00:00:04:497] ! Unidirectional t-s. expansions: 3,521, time: 4,496 [ms], path length: 44 [edges], generated: 6,021
[00:00:00:13:494] Expansion 10,000: F [0, 1, 8, 9, 2, 3, 4, 11, 18, 25, 26], B [48, 47, 46, 45, 44, 43, 42, 35, 36, 37, 30, 23, 22, 29, 28, 21, 14, 15, 16, 17, 24, 31, 38, 39, 40, 41], f=45, g=35
[00:00:00:22:438] Path of length 44 found: [0, 1, 8, 15, 14, 21, 28, 35, 42, 43, 36, 29, 22, 23, 30, 31, 38, 37, 44, 45, 46, 39, 40, 33, 26, 19, 12, 11, 18, 25, 24, 17, 16, 9, 2, 3, 4, 5, 6, 13, 20, 27, 34, 41, 48]
[00:00:00:22:802] ! Bidirectional. expansions: 16,072, time: 22,438 [ms], path length: 44 [edges], g_F: 22, g_B: 22, generated: {'F': 14,926, 'B': 13,942}, MM: 0, MMPER: -1.0%
[00:00:00:22:802] 
---------- SM_Grids/7x7_grid_with_random_blocks_8per_7 ----------
[00:00:00:08:583] Expansion 10,000: state None, f=43, g=32
[00:00:00:16:234] Expansion 20,000: state None, f=43, g=26
[00:00:00:24:727] Expansion 30,000: state None, f=43, g=32
[00:00:00:31:960] Expansion 40,000: state None, f=43, g=28
[00:00:00:39:668] Expansion 50,000: state None, f=43, g=26
[00:00:00:47:749] Expansion 60,000: state None, f=43, g=27
[00:00:00:55:489] Expansion 70,000: state None, f=43, g=37
[00:00:01:02:567] Expansion 80,000: state None, f=43, g=28
[00:00:01:10:878] Expansion 90,000: state None, f=43, g=40
[00:00:01:18:487] Expansion 100,000: state None, f=43, g=21
[00:00:01:27:687] Expansion 110,000: state None, f=43, g=26
[00:00:01:34:408] Expansion 120,000: state None, f=43, g=27
[00:00:01:42:097] Path of length 42 found: [0, 1, 2, 3, 4, 5, 12, 19, 26, 33, 32, 31, 38, 37, 36, 29, 30, 23, 24, 25, 18, 11, 10, 17, 16, 9, 8, 7, 14, 15, 22, 21, 28, 35, 42, 43, 44, 45, 46, 39, 40, 47, 48]
[00:00:01:42:098] ! Unidirectional s-t. expansions: 129,817, time: 102,097 [ms], path length: 42 [edges], generated: 217,409
[00:00:00:15:450] Expansion 10,000: state None, f=43, g=38
[00:00:00:24:845] Expansion 20,000: state None, f=43, g=24
[00:00:00:26:499] Path of length 42 found: [48, 41, 40, 47, 46, 45, 44, 43, 42, 35, 36, 37, 38, 39, 32, 33, 26, 25, 24, 31, 30, 29, 28, 21, 14, 15, 22, 23, 16, 17, 18, 19, 12, 5, 4, 11, 10, 3, 2, 9, 8, 1, 0]
[00:00:00:26:501] ! Unidirectional t-s. expansions: 21,719, time: 26,499 [ms], path length: 42 [edges], generated: 38,620
[00:00:00:14:508] Expansion 10,000: F [0, 7, 14, 21, 22, 15, 8, 1, 2, 3, 10, 9, 16, 17, 24, 23, 30, 37, 36, 29], B [48, 41, 40], f=43, g=21
[00:00:00:32:116] Expansion 20,000: F [0, 7, 14, 15, 16, 23, 24, 17, 18], B [48, 41, 40, 47, 46, 45, 44, 37, 36, 43, 42, 35, 28, 21, 22, 29, 30, 31], f=43, g=25
[00:00:00:45:485] Expansion 30,000: F [0, 1, 8, 7, 14, 21, 28, 35, 42, 43, 44, 37, 36, 29, 22, 15, 16, 23, 30, 31, 24, 17, 18], B [48, 41, 40, 47, 46, 45, 38, 39], f=43, g=29
[00:00:00:59:700] Expansion 40,000: F [0, 1, 2, 9, 8, 7, 14, 15, 16, 23, 22, 21, 28, 35, 42, 43, 36, 29, 30, 31, 24, 17, 18, 11, 10, 3], B [48, 41, 40], f=43, g=27
[00:00:01:13:644] Expansion 50,000: F [0, 1, 2, 3, 10, 17, 24, 23, 22, 15, 16, 9, 8, 7, 14, 21, 28, 29, 36, 35, 42, 43, 44, 45, 38, 37], B [48, 41, 40], f=43, g=27
[00:00:01:24:179] Path of length 42 found: [0, 7, 14, 21, 28, 35, 42, 43, 36, 29, 22, 15, 8, 1, 2, 9, 16, 23, 30, 37, 44, 45, 38, 31, 24, 17, 10, 3, 4, 5, 12, 11, 18, 25, 26, 33, 32, 39, 46, 47, 40, 41, 48]
[00:00:01:24:541] ! Bidirectional. expansions: 58,950, time: 84,179 [ms], path length: 42 [edges], g_F: 32, g_B: 10, generated: {'F': 51,480, 'B': 58,571}, MM: 22, MMPER: 50.16279069767442%
[00:00:01:24:542] 
---------- SM_Grids/7x7_grid_with_random_blocks_8per_8 ----------
[00:00:00:12:123] Expansion 10,000: state None, f=44, g=28
[00:00:00:22:291] Expansion 20,000: state None, f=43, g=35
[00:00:00:34:207] Expansion 30,000: state None, f=43, g=22
[00:00:00:45:332] Expansion 40,000: state None, f=43, g=22
[00:00:00:47:844] Path of length 42 found: [0, 7, 8, 1, 2, 9, 10, 3, 4, 5, 6, 13, 20, 27, 34, 33, 26, 19, 12, 11, 18, 25, 32, 31, 24, 23, 16, 15, 22, 21, 28, 35, 42, 43, 44, 37, 38, 45, 46, 39, 40, 47, 48]
[00:00:00:47:845] ! Unidirectional s-t. expansions: 41,781, time: 47,844 [ms], path length: 42 [edges], generated: 78,492
[00:00:00:15:166] Expansion 10,000: state None, f=44, g=21
[00:00:00:26:085] Expansion 20,000: state None, f=43, g=32
[00:00:00:35:470] Expansion 30,000: state None, f=43, g=26
[00:00:00:45:041] Expansion 40,000: state None, f=43, g=22
[00:00:00:54:771] Expansion 50,000: state None, f=43, g=22
[00:00:01:01:866] Expansion 60,000: state None, f=43, g=19
[00:00:01:12:654] Expansion 70,000: state None, f=43, g=15
[00:00:01:23:766] Expansion 80,000: state None, f=43, g=15
[00:00:01:27:429] Path of length 42 found: [48, 41, 34, 33, 26, 27, 20, 19, 12, 13, 6, 5, 4, 3, 2, 9, 10, 11, 18, 25, 24, 31, 32, 39, 40, 47, 46, 45, 38, 37, 44, 43, 42, 35, 28, 21, 22, 23, 16, 15, 8, 1, 0]
[00:00:01:27:431] ! Unidirectional t-s. expansions: 82,389, time: 87,429 [ms], path length: 42 [edges], generated: 143,616
[00:00:00:18:049] Expansion 10,000: F [0, 7, 8, 1, 2, 9, 10, 3, 4, 5, 6, 13, 20, 19, 12, 11, 18, 17, 16, 15, 22], B [48, 47, 46, 39, 40, 41, 34, 27, 26, 33, 32, 25, 24], f=45, g=32
[00:00:00:30:710] Expansion 20,000: F [0, 7, 8], B [48, 47, 46, 39, 40, 41, 34, 33, 32, 25, 26, 27, 20, 13, 6, 5, 12, 19, 18, 11, 4, 3, 2, 9, 10, 17, 16], f=44, g=28
[00:00:00:45:876] Expansion 30,000: F [0, 7, 8], B [48, 47, 46, 39, 40, 41, 34, 27, 20, 13, 6, 5, 4, 3, 2, 9, 10, 11, 12, 19, 18, 17, 16], f=44, g=24
[00:00:01:10:292] Expansion 40,000: F [0, 7, 8, 15, 16, 17, 10, 9, 2, 3], B [48, 41, 34, 27, 20, 19, 26, 33, 32, 39, 40, 47, 46, 45, 44], f=44, g=23
[00:00:01:27:002] Expansion 50,000: F [0, 1, 2, 9], B [48, 41, 34, 27, 20, 19, 26, 33, 40, 47, 46, 39, 32, 25, 24, 31], f=44, g=18
[00:00:01:43:936] Expansion 60,000: F [0, 7, 8, 15, 16, 9, 2], B [48, 41, 34, 33, 26, 27, 20, 13, 6], f=44, g=14
[00:00:01:59:158] Expansion 70,000: F [0, 1, 8, 9, 2, 3, 4, 5, 6, 13, 12, 11, 10, 17, 18, 19], B [48, 41, 34, 33, 32, 39, 40, 47, 46, 45, 38], f=44, g=25
[00:00:02:14:907] Expansion 80,000: F [0, 7, 8, 15, 16, 17, 18, 19, 12, 11, 10, 9], B [48, 41, 40, 47, 46, 45, 44], f=44, g=17
[00:00:02:30:076] Expansion 90,000: F [0, 1, 2, 3, 4, 11, 10, 17, 16, 9, 8, 15], B [48, 47, 46, 39, 40, 41, 34, 27, 20, 13, 6, 5, 12, 19, 18, 25, 26, 33, 32, 31], f=44, g=30
[00:00:02:46:401] Expansion 100,000: F [0, 1, 2, 3, 10, 17, 18, 11, 4, 5, 6, 13, 12, 19, 20, 27, 34, 33, 26, 25, 32, 39], B [48, 41, 40, 47, 46], f=44, g=25
[00:00:02:46:402] Expansions: 100,000. Checks - state_vs_state: 6,894, prefix: 435,991
[00:00:02:46:402] Expansions: 100,000. Checks - state_vs_state: 6,895, prefix: 435,991
[00:00:02:46:402] Expansions: 100,000. Checks - state_vs_state: 6,895, prefix: 435,992
[00:00:02:46:402] Expansions: 100,000. Checks - state_vs_state: 6,896, prefix: 435,992
[00:00:02:46:402] Expansions: 100,000. Checks - state_vs_state: 6,896, prefix: 435,993
[00:00:03:01:269] Expansion 110,000: F [0, 7, 8, 1, 2, 9, 10, 3, 4, 11, 12, 5, 6, 13, 20, 27, 34, 41, 40, 33, 26, 19, 18, 25, 32, 31, 24, 17, 16, 15, 22], B [48, 47, 46, 45, 38, 37, 44, 43, 42, 35, 28], f=43, g=40
[00:00:03:08:416] Expansion 120,000: F [0, 7, 8, 1, 2, 3, 10, 9, 16, 23, 22], B [48, 41, 34, 27, 20, 13, 6, 5, 4, 11, 12, 19, 18, 17, 24, 31, 32, 25, 26, 33, 40, 47, 46, 39, 38, 37, 44], f=43, g=36
[00:00:03:16:175] Expansion 130,000: F [0, 1, 2, 9, 8, 15, 16, 23, 22, 21, 28], B [48, 41, 34, 27, 20, 13, 6, 5, 4, 3, 10, 11, 12, 19, 18, 17, 24, 25, 26, 33, 40, 47, 46, 39, 32, 31, 38], f=43, g=36
[00:00:03:22:478] Expansion 140,000: F [0, 1, 8, 15, 22, 21, 28], B [48, 41, 40, 47, 46, 39, 32, 33, 34, 27, 26, 25, 18, 17, 10, 11, 12, 19, 20, 13, 6, 5, 4, 3, 2, 9, 16, 23, 24, 31, 38], f=43, g=36
[00:00:03:29:713] Expansion 150,000: F [0, 7, 8, 15, 16, 17, 10, 9, 2, 3, 4, 5, 6, 13, 12, 11, 18, 25, 24, 23, 22, 21, 28, 35, 42, 43, 44], B [48, 47, 40, 41, 34, 27, 20, 19, 26, 33, 32, 31, 38], f=43, g=38
[00:00:03:38:072] Expansion 160,000: F [0, 7, 8, 1, 2, 9, 10, 3, 4, 11, 12, 5, 6, 13, 20, 19, 18, 17, 24, 23, 16, 15, 22, 21, 28, 35, 42, 43], B [48, 41, 34, 33, 26, 25, 32, 31, 38], f=43, g=35
[00:00:03:47:176] Expansion 170,000: F [0, 7, 8, 9, 2, 3, 10, 17, 18, 19, 12, 11, 4, 5, 6, 13, 20, 27, 34, 33, 26, 25, 32, 39, 38, 31, 24, 23, 16, 15, 22], B [48, 41, 40, 47, 46, 45, 44, 43, 42], f=43, g=38
[00:00:03:56:623] Expansion 180,000: F [0, 1, 8, 15, 16, 23, 22, 29, 28, 35, 42, 43, 44], B [48, 41, 34, 27, 20, 13, 6, 5, 12, 19, 26, 25, 18, 11, 4, 3, 2, 9, 10, 17, 24, 31, 38], f=43, g=34
[00:00:04:07:041] Expansion 190,000: F [0, 1, 8, 15, 16, 23, 22], B [48, 41, 34, 27, 20, 13, 6, 5, 12, 19, 26, 25, 18, 11, 4, 3, 2, 9, 10, 17, 24, 31, 32, 33, 40, 39, 46, 45, 38, 37, 44, 43, 42, 35, 28], f=43, g=40
[00:00:04:19:290] Expansion 200,000: F [0, 7, 8, 1, 2, 3, 4, 5, 6, 13, 20, 27, 34, 33, 26, 19, 18, 17, 10], B [48, 41, 40, 47, 46, 39, 32, 25, 24, 31], f=43, g=27
[00:00:04:19:290] Expansions: 200,000. Checks - state_vs_state: 8,638, prefix: 843,256
[00:00:04:19:291] Expansions: 200,000. Checks - state_vs_state: 8,638, prefix: 843,257
[00:00:04:19:291] Expansions: 200,000. Checks - state_vs_state: 8,638, prefix: 843,258
[00:00:04:32:164] Expansion 210,000: F [0, 7, 8, 15, 16, 9, 2, 3, 10, 17, 18, 11, 4, 5, 12], B [48, 47, 40, 41, 34, 33, 32, 39, 46, 45, 38], f=43, g=24
[00:00:04:46:851] Expansion 220,000: F [0, 7, 8, 1, 2, 9, 10, 11, 4, 5, 6, 13, 20, 27, 26, 19], B [48, 41, 34, 33, 32, 39, 40, 47, 46, 45, 44], f=43, g=25
[00:00:05:03:200] Expansion 230,000: F [0, 1, 2, 3, 4, 5, 6, 13, 20, 27, 34, 41, 40, 33, 26, 25, 32, 31, 24, 17, 18, 19, 12, 11, 10, 9, 8], B [48, 47, 46, 45, 38], f=43, g=30
[00:00:05:19:639] Expansion 240,000: F [0, 1, 8, 9, 2, 3, 10, 11, 4, 5, 12, 13, 20, 27], B [48, 47, 46, 45, 38, 37, 44, 43, 42, 35, 28], f=43, g=23
[00:00:05:36:710] Expansion 250,000: F [0, 7, 8, 1, 2, 9, 10, 17, 16, 15, 22], B [48, 47, 40, 41, 34, 27, 20, 13, 12, 5, 4, 11, 18, 19, 26, 33, 32, 25], f=43, g=27
[00:00:05:54:121] Expansion 260,000: F [0, 7, 8, 1, 2, 3, 4, 5, 12, 13, 20, 19, 18, 25, 32], B [48, 47, 46, 45, 44], f=43, g=18
[00:00:06:11:547] Expansion 270,000: F [0, 7, 8, 15, 16, 9, 2, 3, 4, 5, 12, 13, 20, 19, 26, 27, 34, 33, 32], B [48, 41, 40, 47, 46, 39, 38], f=43, g=24
[00:00:06:31:097] Expansion 280,000: F [0, 7, 8, 1, 2, 3, 4, 11, 10, 17, 18, 19, 12, 5, 6, 13, 20, 27, 34, 33, 26, 25, 32, 31], B [48, 41, 40, 39, 46], f=43, g=27
[00:00:06:50:039] Expansion 290,000: F [0, 7, 8, 1, 2, 3, 4, 11, 18, 19, 12, 5, 6, 13, 20, 27, 34, 33, 26, 25], B [48, 47, 40, 39, 38], f=43, g=23
[00:00:07:08:169] Expansion 300,000: F [0, 1, 8], B [48, 41, 34, 27, 20, 13, 6, 5, 12, 11, 18, 19], f=43, g=13
[00:00:07:08:169] Expansions: 300,000. Checks - state_vs_state: 12,330, prefix: 1,296,757
[00:00:07:08:170] Expansions: 300,000. Checks - state_vs_state: 12,330, prefix: 1,296,758
[00:00:07:08:170] Expansions: 300,000. Checks - state_vs_state: 12,330, prefix: 1,296,759
[00:00:07:08:171] Expansions: 300,000. Checks - state_vs_state: 12,330, prefix: 1,296,760
[00:00:07:25:948] Expansion 310,000: F [0, 7, 8, 1, 2, 3, 10, 11, 18, 25, 26, 19, 12], B [48, 47, 40], f=43, g=14
[00:00:07:42:439] Expansion 320,000: F [0, 7, 8, 9, 16, 15, 22], B [48, 41, 34, 33, 26, 27, 20, 13, 6, 5, 4, 3, 10, 11, 12, 19], f=43, g=21
[00:00:07:58:232] Expansion 330,000: F [0, 1, 2, 9, 8, 15, 16, 17, 10, 3, 4, 5, 6, 13, 20, 19, 12, 11, 18, 25, 26, 27, 34, 33, 32], B [48, 47, 40, 39, 46, 45, 38, 37, 44, 43, 42, 35, 28], f=43, g=36
[00:00:08:10:362] Path of length 42 found: [0, 7, 8, 1, 2, 3, 4, 5, 6, 13, 12, 19, 20, 27, 26, 33, 34, 41, 40, 39, 32, 31, 24, 25, 18, 11, 10, 9, 16, 15, 22, 21, 28, 35, 42, 43, 44, 37, 38, 45, 46, 47, 48]
[00:00:08:10:910] ! Bidirectional. expansions: 336,789, time: 490,362 [ms], path length: 42 [edges], g_F: 30, g_B: 12, generated: {'F': 408,211, 'B': 204,320}, MM: 18, MMPER: 40.86046511627907%
[00:00:08:10:911] 
---------- SM_Grids/7x7_grid_with_random_blocks_8per_9 ----------
[00:00:00:13:642] Expansion 10,000: state None, f=45, g=9
[00:00:00:15:299] Path of length 44 found: [0, 1, 2, 3, 4, 11, 12, 5, 6, 13, 20, 27, 26, 25, 18, 17, 10, 9, 16, 23, 30, 31, 38, 37, 36, 29, 22, 15, 8, 7, 14, 21, 28, 35, 42, 43, 44, 45, 46, 39, 32, 33, 40, 41, 48]
[00:00:00:15:300] ! Unidirectional s-t. expansions: 11,936, time: 15,299 [ms], path length: 44 [edges], generated: 19,390
[00:00:00:04:006] Path of length 44 found: [48, 41, 40, 39, 46, 45, 44, 43, 42, 35, 36, 29, 28, 21, 22, 15, 14, 7, 8, 9, 16, 23, 30, 37, 38, 31, 32, 25, 26, 33, 34, 27, 20, 13, 6, 5, 12, 11, 18, 17, 10, 3, 2, 1, 0]
[00:00:00:04:017] ! Unidirectional t-s. expansions: 2,085, time: 4,015 [ms], path length: 44 [edges], generated: 3,532
[00:00:00:14:976] Expansion 10,000: F [0, 7, 8, 1, 2, 9, 10, 3, 4, 11, 12], B [48, 41, 34, 33, 40, 39, 46, 45, 44, 43, 42, 35, 28, 21, 14, 15, 22, 29, 36, 37, 38, 31], f=45, g=31
[00:00:00:29:495] Expansion 20,000: F [0, 1, 2, 3, 10, 9, 8, 7, 14, 15, 22, 21, 28, 29, 36, 35, 42, 43, 44, 37], B [48, 41, 34, 33, 40, 39, 46, 45, 38], f=45, g=27
[00:00:00:34:175] Path of length 44 found: [0, 7, 14, 21, 28, 35, 42, 43, 36, 29, 30, 23, 22, 15, 8, 1, 2, 9, 16, 17, 18, 11, 10, 3, 4, 5, 12, 13, 20, 27, 26, 25, 32, 31, 38, 37, 44, 45, 46, 39, 40, 33, 34, 41, 48]
[00:00:00:34:613] ! Bidirectional. expansions: 23,429, time: 34,175 [ms], path length: 44 [edges], g_F: 27, g_B: 17, generated: {'F': 19,348, 'B': 20,971}, MM: 10, MMPER: 21.22222222222222%
[00:00:00:34:613] average expansions: (26,678, 19,676, 57,287, 0)
[00:00:00:34:613] average time: (24,017, 20,383, 82,190, 0)
[00:00:00:34:613] XA*: 19,676 , 20,383 (expansions , time[ms])
[00:00:00:34:613] BiXA*: 57,287 , 82,190 (expansions , time[ms])

