--------------------------
date: SM_Grids
number_of_graphs: 10
graph_type: grid
size_of_graphs: [7, 8]
heuristic: bcc_heuristic
snake: False
run_uni: True
run_bi: True
run_multi: False
solution_vertices: []
algorithms: ['A']
lookahead: 1
bsd: False
cube_first_dims: 4
cube_buffer_dim: None
backward_sym_generation: False
sym_coil: False
prefix_set: None

---------- SM_Grids/7x8_grid_with_random_blocks_12per_0 ----------
[00:00:00:07:561] Expansion 10,000: state None, f=48, g=28
[00:00:00:15:532] Expansion 20,000: state None, f=48, g=35
[00:00:00:15:939] Path of length 47 found: [0, 1, 2, 3, 4, 5, 6, 7, 15, 23, 31, 30, 29, 28, 27, 19, 20, 21, 22, 14, 13, 12, 11, 10, 18, 26, 34, 42, 41, 33, 25, 17, 16, 24, 32, 40, 48, 49, 50, 51, 43, 44, 45, 37, 38, 46, 47, 55]
[00:00:00:15:941] ! Unidirectional s-t. expansions: 20,327, time: 15,939 [ms], path length: 47 [edges], generated: 32,937
[00:00:00:06:157] Path of length 47 found: [55, 47, 46, 45, 44, 43, 51, 50, 49, 48, 40, 41, 42, 34, 33, 32, 24, 16, 17, 25, 26, 18, 19, 27, 28, 20, 21, 22, 30, 29, 37, 38, 39, 31, 23, 15, 7, 6, 14, 13, 5, 4, 12, 11, 3, 2, 1, 0]
[00:00:00:06:158] ! Unidirectional t-s. expansions: 5,592, time: 6,157 [ms], path length: 47 [edges], generated: 9,610
[00:00:00:14:945] Expansion 10,000: F [0, 1, 2, 10, 11, 3, 4, 12, 20, 28, 27, 19, 18, 17, 16, 24, 25, 26, 34, 42, 41, 33, 32], B [55, 47, 46, 38, 39, 31, 23, 15, 7, 6, 5, 13, 14, 22], f=48, g=35
[00:00:00:30:012] Expansion 20,000: F [0, 1, 2, 3, 4, 5, 13, 12, 11, 10, 18, 19, 20, 28, 27, 26, 34, 42], B [55, 47, 39, 38], f=48, g=20
[00:00:00:35:681] Path of length 47 found: [0, 1, 2, 10, 18, 17, 16, 24, 32, 40, 48, 49, 41, 33, 25, 26, 34, 42, 50, 51, 43, 44, 45, 37, 38, 30, 29, 21, 22, 14, 13, 12, 20, 28, 27, 19, 11, 3, 4, 5, 6, 7, 15, 23, 31, 39, 47, 55]
[00:00:00:36:808] ! Bidirectional. expansions: 23,459, time: 35,681 [ms], path length: 47 [edges], g_F: 24, g_B: 23, generated: {'F': 27,490, 'B': 12,814}, MM: 1, MMPER: 1.0833333333333335%
[00:00:00:36:808] 
---------- SM_Grids/7x8_grid_with_random_blocks_12per_1 ----------
[00:00:00:05:939] Path of length 47 found: [0, 8, 9, 10, 2, 3, 4, 12, 11, 19, 27, 35, 34, 33, 25, 26, 18, 17, 16, 24, 32, 40, 41, 42, 50, 51, 43, 44, 36, 28, 20, 21, 13, 5, 6, 14, 15, 23, 22, 30, 38, 37, 45, 53, 54, 46, 47, 55]
[00:00:00:05:940] ! Unidirectional s-t. expansions: 5,590, time: 5,939 [ms], path length: 47 [edges], generated: 9,176
[00:00:00:00:063] Path of length 47 found: [55, 54, 53, 45, 46, 47, 39, 38, 30, 22, 23, 15, 14, 6, 5, 4, 3, 2, 10, 9, 17, 25, 33, 34, 26, 18, 19, 11, 12, 13, 21, 20, 28, 27, 35, 36, 44, 43, 51, 50, 42, 41, 40, 32, 24, 16, 8, 0]
[00:00:00:00:064] ! Unidirectional t-s. expansions: 51, time: 63 [ms], path length: 47 [edges], generated: 85
[00:00:00:06:876] Path of length 47 found: [0, 8, 16, 24, 32, 40, 41, 33, 25, 17, 9, 10, 2, 3, 4, 12, 11, 19, 18, 26, 27, 35, 34, 42, 50, 51, 43, 44, 36, 28, 20, 21, 13, 5, 6, 14, 15, 23, 22, 30, 38, 39, 47, 46, 45, 53, 54, 55]
[00:00:00:07:253] ! Bidirectional. expansions: 3,142, time: 6,876 [ms], path length: 47 [edges], g_F: 40, g_B: 7, generated: {'F': 5,055, 'B': 597}, MM: 33, MMPER: 67.75%
[00:00:00:07:253] 
---------- SM_Grids/7x8_grid_with_random_blocks_12per_2 ----------
[00:00:00:07:293] Path of length 45 found: [0, 1, 2, 3, 4, 5, 6, 7, 15, 14, 13, 21, 22, 23, 31, 39, 38, 37, 29, 28, 20, 19, 11, 10, 18, 17, 9, 8, 16, 24, 32, 40, 48, 49, 41, 33, 34, 26, 27, 35, 43, 44, 52, 53, 54, 55]
[00:00:00:07:295] ! Unidirectional s-t. expansions: 6,495, time: 7,294 [ms], path length: 45 [edges], generated: 10,962
[00:00:00:01:023] Path of length 45 found: [55, 54, 53, 52, 44, 43, 35, 36, 28, 27, 26, 34, 33, 41, 49, 48, 40, 32, 24, 16, 8, 9, 17, 18, 10, 11, 19, 20, 21, 29, 37, 38, 39, 31, 23, 22, 14, 15, 7, 6, 5, 4, 3, 2, 1, 0]
[00:00:00:01:023] ! Unidirectional t-s. expansions: 831, time: 1,023 [ms], path length: 45 [edges], generated: 1,492
[00:00:00:14:894] Path of length 45 found: [0, 8, 16, 24, 32, 40, 48, 49, 41, 33, 34, 26, 18, 17, 9, 1, 2, 10, 11, 3, 4, 5, 13, 21, 22, 14, 6, 7, 15, 23, 31, 39, 38, 37, 29, 28, 20, 19, 27, 35, 43, 44, 52, 53, 54, 55]
[00:00:00:15:272] ! Bidirectional. expansions: 9,272, time: 14,894 [ms], path length: 45 [edges], g_F: 43, g_B: 2, generated: {'F': 11,799, 'B': 3,752}, MM: 41, MMPER: 88.1304347826087%
[00:00:00:15:272] 
---------- SM_Grids/7x8_grid_with_random_blocks_12per_3 ----------
[00:00:00:09:889] Expansion 10,000: state None, f=46, g=31
[00:00:00:19:489] Expansion 20,000: state None, f=46, g=20
[00:00:00:29:183] Expansion 30,000: state None, f=46, g=29
[00:00:00:38:225] Expansion 40,000: state None, f=46, g=39
[00:00:00:46:215] Path of length 45 found: [0, 1, 2, 3, 4, 5, 6, 14, 22, 21, 29, 28, 36, 35, 43, 42, 34, 26, 27, 19, 20, 12, 11, 10, 9, 8, 16, 17, 25, 24, 32, 33, 41, 49, 50, 51, 52, 44, 45, 37, 38, 30, 31, 39, 47, 55]
[00:00:00:46:217] ! Unidirectional s-t. expansions: 47,828, time: 46,215 [ms], path length: 45 [edges], generated: 83,098
[00:00:00:12:442] Expansion 10,000: state None, f=46, g=36
[00:00:00:21:395] Expansion 20,000: state None, f=46, g=36
[00:00:00:30:845] Expansion 30,000: state None, f=46, g=37
[00:00:00:39:341] Expansion 40,000: state None, f=46, g=37
[00:00:00:48:167] Path of length 45 found: [55, 47, 46, 45, 53, 52, 51, 50, 49, 41, 33, 32, 24, 16, 17, 25, 26, 34, 42, 43, 44, 36, 37, 38, 39, 31, 30, 29, 28, 27, 19, 20, 21, 22, 14, 6, 5, 4, 12, 11, 3, 2, 10, 9, 1, 0]
[00:00:00:48:168] ! Unidirectional t-s. expansions: 49,225, time: 48,167 [ms], path length: 45 [edges], generated: 81,475
[00:00:00:16:428] Expansion 10,000: F [0, 1, 2, 3, 4, 5, 6, 14], B [55, 47, 46, 38, 39, 31, 30, 29, 37, 36, 28, 27, 26, 34, 35], f=47, g=21
[00:00:00:26:302] Expansion 20,000: F [0, 1, 2, 3, 4, 5, 6, 14, 22, 21, 20, 19, 11, 10, 9, 8, 16, 17], B [55, 47, 39, 31, 30, 38, 46, 45, 53, 52, 51, 43, 44, 36, 37, 29, 28, 27, 35, 34], f=46, g=36
[00:00:00:37:758] Expansion 30,000: F [0, 8, 16, 24, 32, 33, 41, 49, 50, 42, 34, 35, 43, 51, 52, 44, 45, 46, 38, 37, 36, 28, 20, 12, 11, 19, 27, 26, 25, 17, 9], B [55, 47, 39, 31, 30, 29, 21, 22, 14], f=46, g=38
[00:00:00:49:970] Expansion 40,000: F [0, 8, 16, 24, 32, 33, 34, 26, 25, 17, 9, 1, 2, 3, 4, 5, 6, 14, 22, 30, 31, 39, 38, 37, 29, 21, 20, 12, 11], B [55, 47, 46, 45, 53, 52, 51, 50, 49], f=46, g=36
[00:00:01:08:100] Expansion 50,000: F [0, 8, 16, 24, 32, 33, 25, 17, 9, 1, 2, 3, 11, 19, 20, 12, 4], B [55, 47, 46, 45, 53, 52, 44, 43, 51, 50, 49], f=46, g=26
[00:00:01:21:502] Expansion 60,000: F [0, 1, 9, 8, 16, 24, 32, 33, 25, 26, 27, 19, 11, 10, 2, 3, 4], B [55, 47, 39, 31, 30, 38, 46, 45, 53, 52, 44, 43, 51, 50, 49, 41, 42], f=46, g=32
[00:00:01:35:213] Expansion 70,000: F [0, 8, 9, 1, 2, 10, 11, 12, 4, 5, 6, 14, 22, 21, 20, 19, 27, 28, 29, 30, 31, 39, 38, 37, 36, 35, 34], B [55, 47, 46, 45, 53, 52, 44, 43, 51, 50, 49, 41], f=46, g=37
[00:00:01:49:117] Expansion 80,000: F [0, 8, 16, 17, 9, 10, 2, 3], B [55, 47, 46, 45, 53, 52, 44, 43, 51, 50, 49], f=46, g=17
[00:00:02:03:375] Expansion 90,000: F [0, 8, 16, 17, 9, 10, 2, 3], B [55, 47, 39, 31, 30, 29, 37, 38, 46, 45, 53, 52, 44, 36, 35, 34, 42, 43, 51, 50, 49], f=46, g=27
[00:00:02:13:902] Path of length 45 found: [0, 8, 16, 17, 25, 24, 32, 33, 41, 49, 50, 42, 34, 26, 27, 35, 36, 44, 43, 51, 52, 53, 45, 46, 38, 37, 29, 21, 20, 12, 11, 10, 9, 1, 2, 3, 4, 5, 6, 14, 22, 30, 31, 39, 47, 55]
[00:00:02:14:352] ! Bidirectional. expansions: 97,295, time: 133,909 [ms], path length: 45 [edges], g_F: 30, g_B: 15, generated: {'F': 92,597, 'B': 85,001}, MM: 15, MMPER: 31.608695652173914%
[00:00:02:14:353] 
---------- SM_Grids/7x8_grid_with_random_blocks_12per_4 ----------
[00:00:00:10:686] Expansion 10,000: state None, f=46, g=37
[00:00:00:19:963] Expansion 20,000: state None, f=46, g=35
[00:00:00:29:246] Path of length 45 found: [0, 1, 2, 10, 9, 17, 18, 19, 11, 12, 20, 21, 13, 5, 6, 7, 15, 23, 22, 30, 31, 39, 38, 37, 36, 28, 27, 35, 34, 33, 25, 24, 32, 40, 48, 49, 41, 42, 43, 51, 52, 53, 45, 46, 54, 55]
[00:00:00:29:248] ! Unidirectional s-t. expansions: 28,884, time: 29,246 [ms], path length: 45 [edges], generated: 50,261
[00:00:00:11:824] Expansion 10,000: state None, f=47, g=17
[00:00:00:20:097] Expansion 20,000: state None, f=46, g=26
[00:00:00:31:298] Expansion 30,000: state None, f=46, g=7
[00:00:00:32:905] Path of length 45 found: [55, 54, 46, 47, 39, 31, 23, 15, 7, 6, 5, 4, 12, 13, 21, 22, 30, 38, 37, 45, 53, 52, 51, 50, 49, 48, 40, 32, 24, 16, 17, 25, 33, 41, 42, 43, 35, 36, 28, 20, 19, 11, 10, 2, 1, 0]
[00:00:00:32:907] ! Unidirectional t-s. expansions: 31,026, time: 32,905 [ms], path length: 45 [edges], generated: 51,895
[00:00:00:20:329] Expansion 10,000: F [0, 1, 2, 10, 11], B [55, 47, 39, 38, 37, 45, 46, 54, 53, 52, 51, 43, 42, 34, 33, 41], f=47, g=19
[00:00:00:38:874] Expansion 20,000: F [0, 1, 2, 10, 11, 19, 27, 28, 20, 21, 13, 12, 4, 5, 6, 7, 15, 23, 22], B [55, 47, 46, 54, 53], f=47, g=22
[00:00:00:50:275] Expansion 30,000: F [0, 1, 9, 10, 18, 19, 11, 12, 13, 5, 6, 7, 15, 23, 22, 21, 20, 28], B [55, 47, 39, 31, 30, 38, 37, 45, 46, 54, 53, 52, 51, 43, 42, 50, 49, 48, 40, 32, 24, 16, 17, 25, 33, 34, 35], f=46, g=43
[00:00:01:01:097] Expansion 40,000: F [0, 1, 2, 10, 9, 17, 16, 24, 32, 40, 48, 49, 41, 33, 34, 42, 50, 51, 43, 35, 27, 28], B [55, 47, 39, 31, 23, 15, 7, 6, 5, 4, 12], f=46, g=31
[00:00:01:12:567] Expansion 50,000: F [0, 1, 2, 10, 18, 19, 20, 28, 27, 35, 43, 42, 34, 33, 25, 17], B [55, 47, 39, 31, 23, 15, 7, 6, 5, 4, 12, 13, 21, 22, 30, 38, 37], f=46, g=31
[00:00:01:24:472] Expansion 60,000: F [0, 1, 2, 10, 11, 12, 13, 5, 6, 7, 15, 23, 22, 30, 31, 39, 47, 46], B [55, 54, 53, 52, 51, 50, 49, 48, 40, 32, 33], f=46, g=27
[00:00:01:37:437] Expansion 70,000: F [0, 1, 9, 10, 18, 17, 16, 24, 25, 33, 32, 40, 48, 49, 50, 51, 43, 42, 34, 35, 36, 28, 27, 19, 11, 12], B [55, 47, 46, 54, 53, 45, 37, 38], f=46, g=32
[00:00:01:51:782] Expansion 80,000: F [0, 1, 2, 10, 11, 19], B [55, 54, 53, 45, 46, 47, 39, 31, 23, 15, 7, 6, 5, 13, 12], f=46, g=19
[00:00:02:06:908] Expansion 90,000: F [0, 1, 9, 17, 16, 24, 25, 33, 41, 40, 48, 49, 50], B [55, 54, 46, 47, 39, 38, 30, 22, 23], f=46, g=20
[00:00:02:23:812] Expansion 100,000: F [0, 1, 9, 10, 18, 17, 25, 24, 32, 40, 48, 49, 41, 33, 34, 35, 43, 42, 50, 51, 52], B [55, 54, 46, 38, 39], f=46, g=24
[00:00:02:23:812] Expansions: 100,000. Checks - state_vs_state: 1,234, prefix: 408,144
[00:00:02:23:813] Expansions: 100,000. Checks - state_vs_state: 1,234, prefix: 408,145
[00:00:02:23:813] Expansions: 100,000. Checks - state_vs_state: 1,234, prefix: 408,146
[00:00:02:28:787] Path of length 45 found: [0, 1, 9, 10, 11, 19, 20, 28, 27, 35, 34, 42, 41, 33, 25, 17, 16, 24, 32, 40, 48, 49, 50, 51, 52, 53, 54, 46, 45, 37, 38, 30, 22, 21, 13, 12, 4, 5, 6, 7, 15, 23, 31, 39, 47, 55]
[00:00:02:29:250] ! Bidirectional. expansions: 102,547, time: 148,787 [ms], path length: 45 [edges], g_F: 11, g_B: 34, generated: {'F': 107,317, 'B': 71,812}, MM: 23, MMPER: 49.0%
[00:00:02:29:250] 
---------- SM_Grids/7x8_grid_with_random_blocks_12per_5 ----------
[00:00:00:13:633] Expansion 10,000: state None, f=46, g=35
[00:00:00:26:429] Expansion 20,000: state None, f=46, g=22
[00:00:00:31:102] Path of length 45 found: [0, 8, 16, 17, 25, 33, 32, 40, 48, 49, 50, 51, 52, 53, 45, 46, 38, 30, 29, 21, 20, 28, 36, 35, 34, 26, 27, 19, 18, 10, 9, 1, 2, 3, 11, 12, 4, 5, 13, 14, 22, 23, 31, 39, 47, 55]
[00:00:00:31:104] ! Unidirectional s-t. expansions: 23,355, time: 31,102 [ms], path length: 45 [edges], generated: 42,156
[00:00:00:12:903] Expansion 10,000: state None, f=46, g=15
[00:00:00:13:145] Path of length 45 found: [55, 47, 46, 45, 53, 52, 51, 50, 49, 48, 40, 32, 33, 34, 35, 36, 28, 27, 26, 25, 17, 16, 8, 9, 10, 18, 19, 20, 21, 29, 30, 38, 39, 31, 23, 22, 14, 6, 5, 13, 12, 4, 3, 2, 1, 0]
[00:00:00:13:147] ! Unidirectional t-s. expansions: 10,056, time: 13,145 [ms], path length: 45 [edges], generated: 17,548
[00:00:00:18:790] Expansion 10,000: F [0, 8, 16, 17, 25, 26, 18, 19, 11, 10, 9, 1, 2, 3, 4, 5, 6, 14, 13, 12, 20, 21, 22, 23, 31, 39, 38, 30, 29, 28, 27], B [55, 47, 46, 45, 53, 52, 51], f=47, g=36
[00:00:00:32:250] Expansion 20,000: F [0, 8, 16, 17, 9, 1, 2, 3, 4, 12, 20, 19, 11, 10, 18, 26, 27, 28], B [55, 47, 46], f=47, g=19
[00:00:00:49:427] Expansion 30,000: F [0, 8, 9, 1, 2, 10, 18, 17, 25, 26, 27, 28, 36, 35], B [55, 47, 39, 31, 23, 22, 14, 6, 5, 13, 12], f=47, g=23
[00:00:00:58:048] Expansion 40,000: F [0, 1, 2, 3, 4, 5, 6, 14, 13, 12, 11, 19, 20, 21, 22, 23, 31, 39, 38, 30, 29, 28, 36, 35, 27, 26], B [55, 47, 46, 45, 53, 52, 51, 50, 49, 48, 40, 41], f=46, g=36
[00:00:01:08:177] Expansion 50,000: F [0, 1, 2, 10, 9, 8, 16, 17, 18, 19, 27, 26, 25, 33, 32, 40], B [55, 47, 39, 31, 23, 22, 14, 6, 5, 4, 3, 11, 12, 20, 21, 29], f=46, g=30
[00:00:01:23:026] Expansion 60,000: F [0, 1, 2, 3, 11, 10, 9, 8, 16, 17, 25, 26, 18, 19, 20, 12, 4, 5, 13, 21, 22, 23, 31, 39, 38], B [55, 47, 46], f=46, g=26
[00:00:01:40:240] Expansion 70,000: F [0, 8, 16, 17, 9, 1, 2, 3, 11, 12, 4, 5, 13, 14, 22, 23, 31], B [55, 47, 39, 38, 46, 45, 53, 52, 51], f=46, g=24
[00:00:01:57:717] Expansion 80,000: F [0, 8, 16, 17, 9, 10, 11, 3, 4, 12, 20, 21, 13, 5, 6, 14, 22, 23, 31, 30, 29, 28, 36], B [55, 47, 39, 38, 46, 45, 53, 52, 51], f=46, g=30
[00:00:02:04:388] Path of length 45 found: [0, 8, 16, 17, 9, 1, 2, 10, 18, 19, 11, 3, 4, 12, 20, 28, 36, 35, 27, 26, 25, 33, 32, 40, 48, 49, 50, 51, 52, 53, 45, 46, 38, 30, 29, 21, 13, 5, 6, 14, 22, 23, 31, 39, 47, 55]
[00:00:02:04:828] ! Bidirectional. expansions: 83,811, time: 124,388 [ms], path length: 45 [edges], g_F: 23, g_B: 22, generated: {'F': 101,584, 'B': 47,447}, MM: 1, MMPER: 1.1739130434782608%
[00:00:02:04:828] 
---------- SM_Grids/7x8_grid_with_random_blocks_12per_6 ----------
[00:00:00:00:057] Path of length 47 found: [0, 8, 9, 17, 18, 10, 2, 3, 11, 19, 27, 26, 34, 33, 32, 40, 48, 49, 41, 42, 50, 51, 43, 35, 36, 28, 20, 21, 29, 37, 45, 44, 52, 53, 54, 46, 38, 30, 22, 14, 6, 7, 15, 23, 31, 39, 47, 55]
[00:00:00:00:057] ! Unidirectional s-t. expansions: 48, time: 57 [ms], path length: 47 [edges], generated: 78
[00:00:00:00:110] Path of length 47 found: [55, 47, 39, 31, 23, 15, 7, 6, 14, 22, 21, 20, 28, 36, 35, 43, 44, 45, 37, 29, 30, 38, 46, 54, 53, 52, 51, 50, 42, 41, 49, 48, 40, 32, 33, 34, 26, 27, 19, 11, 3, 2, 10, 18, 17, 9, 8, 0]
[00:00:00:00:111] ! Unidirectional t-s. expansions: 94, time: 110 [ms], path length: 47 [edges], generated: 158
[00:00:00:00:086] Path of length 47 found: [0, 8, 9, 17, 18, 10, 2, 3, 11, 19, 27, 26, 34, 33, 32, 40, 48, 49, 41, 42, 50, 51, 43, 35, 36, 28, 20, 21, 29, 37, 45, 44, 52, 53, 54, 46, 38, 30, 22, 14, 6, 7, 15, 23, 31, 39, 47, 55]
[00:00:00:00:440] ! Bidirectional. expansions: 47, time: 86 [ms], path length: 47 [edges], g_F: 40, g_B: 7, generated: {'F': 68, 'B': 13}, MM: 33, MMPER: 67.75%
[00:00:00:00:440] 
---------- SM_Grids/7x8_grid_with_random_blocks_12per_7 ----------
[00:00:00:00:071] Path of length 47 found: [0, 8, 9, 1, 2, 10, 18, 17, 25, 33, 41, 49, 50, 42, 34, 26, 27, 35, 43, 51, 52, 44, 36, 28, 20, 19, 11, 3, 4, 12, 13, 5, 6, 14, 15, 23, 31, 30, 29, 37, 45, 53, 54, 46, 38, 39, 47, 55]
[00:00:00:00:072] ! Unidirectional s-t. expansions: 62, time: 71 [ms], path length: 47 [edges], generated: 104
[00:00:00:01:126] Path of length 47 found: [55, 47, 39, 31, 23, 15, 14, 6, 5, 13, 12, 4, 3, 11, 19, 20, 28, 27, 26, 34, 42, 43, 35, 36, 44, 45, 37, 29, 30, 38, 46, 54, 53, 52, 51, 50, 49, 41, 33, 25, 17, 18, 10, 2, 1, 9, 8, 0]
[00:00:00:01:129] ! Unidirectional t-s. expansions: 356, time: 1,128 [ms], path length: 47 [edges], generated: 634
[00:00:00:00:085] Path of length 47 found: [0, 8, 9, 1, 2, 10, 18, 17, 25, 33, 41, 49, 50, 51, 52, 44, 45, 53, 54, 46, 38, 30, 29, 37, 36, 35, 43, 42, 34, 26, 27, 28, 20, 19, 11, 3, 4, 12, 13, 5, 6, 14, 15, 23, 31, 39, 47, 55]
[00:00:00:00:434] ! Bidirectional. expansions: 47, time: 85 [ms], path length: 47 [edges], g_F: 23, g_B: 24, generated: {'F': 46, 'B': 48}, MM: 1, MMPER: 1.0833333333333335%
[00:00:00:00:435] 
---------- SM_Grids/7x8_grid_with_random_blocks_12per_8 ----------
[00:00:00:10:119] Expansion 10,000: state None, f=48, g=30
[00:00:00:10:242] Path of length 47 found: [0, 1, 2, 3, 4, 5, 6, 7, 15, 14, 22, 21, 13, 12, 20, 19, 11, 10, 18, 17, 9, 8, 16, 24, 32, 33, 34, 26, 27, 35, 43, 42, 50, 51, 52, 53, 54, 46, 45, 44, 36, 28, 29, 30, 31, 39, 47, 55]
[00:00:00:10:243] ! Unidirectional s-t. expansions: 10,066, time: 10,242 [ms], path length: 47 [edges], generated: 17,878
[00:00:00:08:737] Expansion 10,000: state None, f=48, g=35
[00:00:00:16:759] Expansion 20,000: state None, f=48, g=30
[00:00:00:24:627] Expansion 30,000: state None, f=48, g=9
[00:00:00:32:746] Path of length 47 found: [55, 54, 53, 52, 51, 50, 42, 43, 44, 45, 46, 47, 39, 31, 30, 29, 37, 36, 35, 34, 33, 32, 24, 16, 17, 18, 26, 27, 28, 20, 19, 11, 12, 13, 21, 22, 14, 15, 7, 6, 5, 4, 3, 2, 10, 9, 1, 0]
[00:00:00:32:748] ! Unidirectional t-s. expansions: 39,973, time: 32,746 [ms], path length: 47 [edges], generated: 65,422
[00:00:00:12:277] Expansion 10,000: F [0, 8, 16, 24, 32, 33, 34, 35, 27, 26, 18, 17, 9, 1, 2, 10, 11], B [55, 54, 53, 52, 51, 50, 42, 43, 44, 36, 28, 29, 37, 45, 46, 47, 39, 31, 30, 22, 21, 13, 14, 15], f=48, g=39
[00:00:00:26:297] Expansion 20,000: F [0, 8, 9, 1, 2, 3, 4, 12, 20, 19], B [55, 54, 53, 52, 44, 45], f=48, g=14
[00:00:00:39:097] Expansion 30,000: F [0, 1, 9, 8, 16], B [55, 54, 53, 52, 51, 50, 42, 43, 44, 36, 35, 27, 28, 20, 21, 29, 37, 45, 46, 47, 39, 31, 30, 22, 14, 15, 7, 6, 5, 13, 12, 4, 3, 2, 10], f=48, g=38
[00:00:00:52:454] Expansion 40,000: F [0, 1, 2, 10, 11, 3, 4, 5, 6, 7, 15, 14, 22, 21, 13, 12, 20, 19, 27], B [55, 47, 39, 31, 30, 29, 37, 45], f=48, g=25
[00:00:01:06:213] Expansion 50,000: F [0, 1, 2, 3, 4, 12, 11, 19, 20, 28, 36, 44], B [55, 54, 46, 47, 39, 31], f=48, g=16
[00:00:01:18:661] Expansion 60,000: F [0, 1, 2, 3, 4, 5, 6, 7, 15, 14, 13, 12, 20, 28, 27, 26], B [55, 54, 53, 52, 44, 45, 46, 47, 39, 31, 30, 22, 21, 29, 37, 36, 35], f=48, g=31
[00:00:01:21:139] Path of length 47 found: [0, 8, 16, 24, 32, 33, 34, 42, 50, 51, 43, 35, 36, 44, 52, 53, 54, 46, 45, 37, 29, 28, 27, 26, 18, 10, 9, 1, 2, 3, 11, 19, 20, 21, 13, 12, 4, 5, 6, 7, 15, 14, 22, 30, 31, 39, 47, 55]
[00:00:01:21:508] ! Bidirectional. expansions: 62,319, time: 81,139 [ms], path length: 47 [edges], g_F: 26, g_B: 21, generated: {'F': 41,206, 'B': 68,929}, MM: 5, MMPER: 9.416666666666666%
[00:00:01:21:508] 
---------- SM_Grids/7x8_grid_with_random_blocks_12per_9 ----------
[00:00:00:00:806] Path of length 47 found: [0, 8, 16, 17, 25, 24, 32, 33, 34, 42, 41, 40, 48, 49, 50, 51, 43, 44, 36, 35, 27, 26, 18, 10, 2, 3, 11, 19, 20, 28, 29, 21, 13, 5, 6, 7, 15, 14, 22, 23, 31, 30, 38, 39, 47, 46, 54, 55]
[00:00:00:00:806] ! Unidirectional s-t. expansions: 566, time: 806 [ms], path length: 47 [edges], generated: 982
[00:00:00:00:579] Path of length 47 found: [55, 54, 46, 47, 39, 38, 30, 31, 23, 22, 14, 15, 7, 6, 5, 13, 21, 29, 28, 36, 44, 43, 51, 50, 49, 48, 40, 32, 33, 41, 42, 34, 35, 27, 19, 20, 12, 11, 3, 2, 10, 18, 26, 25, 17, 16, 8, 0]
[00:00:00:00:579] ! Unidirectional t-s. expansions: 709, time: 579 [ms], path length: 47 [edges], generated: 1,204
[00:00:00:02:357] Path of length 47 found: [0, 8, 16, 24, 32, 40, 48, 49, 41, 33, 25, 17, 18, 10, 2, 3, 11, 19, 27, 26, 34, 42, 50, 51, 43, 35, 36, 28, 29, 21, 20, 12, 13, 5, 6, 7, 15, 14, 22, 23, 31, 30, 38, 39, 47, 46, 54, 55]
[00:00:00:02:727] ! Bidirectional. expansions: 1,738, time: 2,357 [ms], path length: 47 [edges], g_F: 26, g_B: 21, generated: {'F': 948, 'B': 2,054}, MM: 5, MMPER: 9.416666666666666%
[00:00:00:02:727] average expansions: (14,322, 13,791, 38,368, 0)
[00:00:00:02:727] average time: (14,691, 13,602, 54,820, 0)
[00:00:00:02:727] XA*: 13,791 , 13,602 (expansions , time[ms])
[00:00:00:02:727] BiXA*: 38,368 , 54,820 (expansions , time[ms])

