--------------------------
date: SM_Grids
number_of_graphs: 10
graph_type: grid
size_of_graphs: [8, 8]
heuristic: bcc_heuristic
snake: False
run_uni: True
run_bi: True
run_multi: False
solution_vertices: []
algorithms: ['A']
lookahead: 1
bsd: False
cube_first_dims: 4
cube_buffer_dim: None
backward_sym_generation: False
sym_coil: False
prefix_set: None

---------- SM_Grids/8x8_grid_with_random_blocks_12per_0 ----------
[00:00:00:10:931] Expansion 10,000: state None, f=53, g=31
[00:00:00:16:087] Path of length 52 found: [0, 1, 2, 10, 18, 17, 9, 8, 16, 24, 25, 26, 27, 35, 43, 44, 52, 51, 50, 42, 34, 33, 41, 40, 48, 56, 57, 58, 59, 60, 61, 62, 54, 53, 45, 37, 36, 28, 20, 19, 11, 3, 4, 12, 13, 21, 22, 30, 31, 39, 47, 55, 63]
[00:00:00:16:088] ! Unidirectional s-t. expansions: 14,633, time: 16,087 [ms], path length: 52 [edges], generated: 23,981
[00:00:00:09:477] Expansion 10,000: state None, f=53, g=40
[00:00:00:18:485] Expansion 20,000: state None, f=53, g=28
[00:00:00:22:921] Path of length 52 found: [63, 62, 61, 60, 59, 58, 57, 56, 48, 40, 41, 42, 50, 51, 52, 53, 54, 55, 47, 39, 31, 30, 22, 14, 13, 21, 20, 28, 36, 37, 45, 44, 43, 35, 34, 33, 25, 24, 16, 17, 18, 26, 27, 19, 11, 12, 4, 3, 2, 10, 9, 1, 0]
[00:00:00:22:923] ! Unidirectional t-s. expansions: 24,319, time: 22,922 [ms], path length: 52 [edges], generated: 38,073
[00:00:00:19:125] Expansion 10,000: F [0, 8, 16, 24, 25], B [63, 62, 61, 60, 59, 51, 43, 35, 36, 37], f=53, g=13
[00:00:00:39:146] Expansion 20,000: F [0, 8, 9, 1, 2, 10, 18, 17, 16, 24, 25, 33, 34, 26, 27, 28, 20], B [63, 62, 61, 60, 59, 51, 50, 58, 57, 56, 48, 40, 41, 42, 43, 35, 36, 37], f=53, g=33
[00:00:00:57:138] Expansion 30,000: F [0, 1, 2, 10, 18, 17, 9, 8, 16, 24, 25, 26, 34, 33, 41, 40, 48, 56], B [63, 62, 61, 60, 52, 44, 45], f=53, g=23
[00:00:01:14:130] Expansion 40,000: F [0, 1, 2, 3, 4, 12, 13, 14], B [63, 62, 61, 60, 59, 51, 52, 44, 43, 42, 50, 58, 57, 56, 48, 40, 41, 33, 34, 26, 25, 24, 16, 8, 9, 17, 18, 10, 11, 19, 27], f=53, g=37
[00:00:01:17:215] Path of length 52 found: [0, 8, 16, 24, 25, 17, 9, 1, 2, 3, 4, 12, 11, 10, 18, 26, 34, 33, 41, 40, 48, 56, 57, 58, 50, 42, 43, 51, 59, 60, 61, 62, 54, 53, 52, 44, 45, 37, 36, 35, 27, 19, 20, 21, 13, 14, 22, 30, 31, 39, 47, 55, 63]
[00:00:01:17:659] ! Bidirectional. expansions: 41,814, time: 77,215 [ms], path length: 52 [edges], g_F: 42, g_B: 10, generated: {'F': 43,458, 'B': 29,965}, MM: 32, MMPER: 59.37735849056604%
[00:00:01:17:659] 
---------- SM_Grids/8x8_grid_with_random_blocks_12per_1 ----------
[00:00:00:01:838] Path of length 52 found: [0, 1, 2, 10, 11, 3, 4, 5, 6, 7, 15, 14, 22, 21, 13, 12, 20, 19, 27, 26, 25, 17, 9, 8, 16, 24, 32, 33, 34, 42, 41, 49, 50, 58, 59, 51, 52, 60, 61, 53, 45, 44, 36, 28, 29, 37, 38, 39, 47, 46, 54, 62, 63]
[00:00:00:01:838] ! Unidirectional s-t. expansions: 1,634, time: 1,838 [ms], path length: 52 [edges], generated: 2,704
[00:00:00:01:233] Path of length 52 found: [63, 62, 61, 53, 54, 55, 47, 39, 38, 46, 45, 37, 29, 21, 22, 14, 15, 7, 6, 5, 13, 12, 4, 3, 11, 10, 2, 1, 9, 17, 25, 26, 27, 19, 20, 28, 36, 44, 52, 60, 59, 51, 50, 49, 41, 42, 34, 33, 32, 24, 16, 8, 0]
[00:00:00:01:233] ! Unidirectional t-s. expansions: 728, time: 1,233 [ms], path length: 52 [edges], generated: 1,265
[00:00:00:15:691] Path of length 52 found: [0, 8, 16, 24, 32, 33, 25, 17, 9, 1, 2, 10, 11, 3, 4, 12, 13, 5, 6, 7, 15, 14, 22, 21, 29, 37, 45, 44, 36, 28, 20, 19, 27, 26, 34, 42, 41, 49, 50, 58, 59, 51, 52, 60, 61, 53, 54, 46, 38, 39, 47, 55, 63]
[00:00:00:16:127] ! Bidirectional. expansions: 7,668, time: 15,691 [ms], path length: 52 [edges], g_F: 46, g_B: 6, generated: {'F': 7,589, 'B': 6,046}, MM: 40, MMPER: 74.47169811320755%
[00:00:00:16:127] 
---------- SM_Grids/8x8_grid_with_random_blocks_12per_2 ----------
[00:00:00:13:177] Expansion 10,000: state None, f=51, g=16
[00:00:00:19:006] Path of length 50 found: [0, 1, 2, 3, 11, 12, 4, 5, 13, 14, 15, 23, 31, 30, 22, 21, 20, 28, 27, 19, 18, 10, 9, 8, 16, 17, 25, 24, 32, 33, 34, 42, 50, 49, 57, 58, 59, 60, 52, 51, 43, 44, 36, 37, 45, 46, 47, 55, 54, 62, 63]
[00:00:00:19:007] ! Unidirectional s-t. expansions: 13,348, time: 19,006 [ms], path length: 50 [edges], generated: 24,082
[00:00:00:07:848] Path of length 50 found: [63, 62, 54, 55, 47, 46, 38, 30, 31, 23, 15, 14, 22, 21, 20, 12, 13, 5, 4, 3, 11, 10, 2, 1, 9, 17, 18, 19, 27, 28, 29, 37, 45, 44, 52, 60, 59, 58, 57, 49, 50, 51, 43, 42, 34, 33, 25, 24, 16, 8, 0]
[00:00:00:07:849] ! Unidirectional t-s. expansions: 5,212, time: 7,848 [ms], path length: 50 [edges], generated: 9,694
[00:00:00:21:907] Expansion 10,000: F [0, 1, 2, 3, 4, 12, 20, 21, 13, 14, 15, 23], B [63, 55, 47, 46, 54, 62, 61, 60, 59, 58, 57, 49, 50, 51, 52, 44], f=52, g=26
[00:00:00:34:517] Expansion 20,000: F [0, 1, 9, 10, 2, 3, 4, 5, 13, 21, 22, 14, 15, 23, 31, 30, 29, 37, 45, 44], B [63, 55, 47, 46, 54, 62, 61, 60, 52, 51, 59, 58, 57], f=51, g=31
[00:00:00:49:919] Expansion 30,000: F [0, 8, 9, 1, 2, 10, 18, 17, 16, 24, 25, 33, 34, 42, 50, 49, 57, 58, 59, 60, 52, 51, 43, 44, 36, 37], B [63, 62, 54, 55, 47], f=51, g=29
[00:00:01:09:499] Expansion 40,000: F [0, 1, 2, 10, 11, 3, 4, 12, 20, 19], B [63, 62, 54, 55, 47, 46, 45, 37, 38, 30, 31], f=51, g=19
[00:00:01:21:435] Path of length 50 found: [0, 1, 2, 3, 4, 5, 13, 12, 11, 10, 9, 8, 16, 24, 32, 33, 25, 17, 18, 19, 27, 28, 20, 21, 22, 14, 15, 23, 31, 30, 29, 37, 36, 44, 43, 42, 50, 49, 57, 58, 59, 51, 52, 60, 61, 62, 54, 46, 47, 55, 63]
[00:00:01:21:908] ! Bidirectional. expansions: 45,021, time: 81,435 [ms], path length: 50 [edges], g_F: 33, g_B: 17, generated: {'F': 49,018, 'B': 32,373}, MM: 16, MMPER: 30.372549019607842%
[00:00:01:21:908] 
---------- SM_Grids/8x8_grid_with_random_blocks_12per_3 ----------
[00:00:00:06:353] Path of length 54 found: [0, 1, 2, 3, 4, 5, 6, 7, 15, 23, 22, 14, 13, 12, 20, 19, 27, 26, 25, 17, 18, 10, 9, 8, 16, 24, 32, 33, 41, 49, 48, 56, 57, 58, 50, 51, 59, 60, 61, 62, 54, 46, 45, 44, 43, 35, 36, 37, 29, 30, 38, 39, 47, 55, 63]
[00:00:00:06:355] ! Unidirectional s-t. expansions: 4,632, time: 6,353 [ms], path length: 54 [edges], generated: 7,669
[00:00:00:07:136] Path of length 54 found: [63, 55, 47, 39, 31, 23, 15, 7, 6, 5, 4, 3, 2, 1, 9, 10, 18, 17, 25, 26, 27, 19, 20, 12, 13, 14, 22, 30, 29, 37, 38, 46, 54, 62, 61, 60, 52, 44, 36, 35, 43, 51, 59, 58, 57, 56, 48, 49, 41, 33, 32, 24, 16, 8, 0]
[00:00:00:07:137] ! Unidirectional t-s. expansions: 4,750, time: 7,136 [ms], path length: 54 [edges], generated: 7,986
[00:00:00:19:087] Expansion 10,000: F [0, 1, 2, 3, 4, 5, 6, 7, 15, 23, 31, 39, 47, 46, 45, 37, 29, 30, 22, 14], B [63, 55, 54, 62, 61, 60, 52, 44, 36, 35, 43, 51, 59, 58], f=55, g=32
[00:00:00:36:227] Expansion 20,000: F [0, 8, 9, 1, 2], B [63, 55, 47, 39, 31, 23, 15, 7, 6, 14, 22, 30, 29, 37, 36, 35, 43, 44, 45, 46, 54, 62, 61, 60, 52, 51, 59], f=55, g=30
[00:00:00:56:903] Expansion 30,000: F [0, 1, 9, 8, 16, 17, 25], B [63, 55, 47, 39, 31, 23, 22, 30, 38, 37, 36, 44], f=55, g=17
[00:00:01:19:680] Expansion 40,000: F [0, 1, 2, 10, 18, 26, 25, 17], B [63, 62, 61, 60, 52, 44, 45, 46, 54, 55, 47, 39, 31, 23, 22], f=55, g=21
[00:00:01:20:071] Path of length 54 found: [0, 8, 16, 17, 25, 24, 32, 33, 41, 49, 48, 56, 57, 58, 50, 51, 43, 35, 36, 37, 29, 30, 22, 14, 13, 12, 20, 19, 27, 26, 18, 10, 9, 1, 2, 3, 4, 5, 6, 7, 15, 23, 31, 39, 47, 46, 45, 44, 52, 60, 61, 62, 54, 55, 63]
[00:00:01:20:529] ! Bidirectional. expansions: 40,125, time: 80,071 [ms], path length: 54 [edges], g_F: 21, g_B: 33, generated: {'F': 36,245, 'B': 31,827}, MM: 12, MMPER: 20.818181818181817%
[00:00:01:20:529] 
---------- SM_Grids/8x8_grid_with_random_blocks_12per_4 ----------
[00:00:00:00:140] Path of length 54 found: [0, 8, 16, 24, 25, 17, 9, 10, 18, 26, 34, 33, 41, 49, 48, 56, 57, 58, 50, 42, 43, 51, 59, 60, 52, 44, 36, 35, 27, 19, 11, 12, 4, 5, 6, 14, 13, 21, 20, 28, 29, 37, 38, 30, 22, 23, 31, 39, 47, 55, 54, 53, 61, 62, 63]
[00:00:00:00:140] ! Unidirectional s-t. expansions: 111, time: 140 [ms], path length: 54 [edges], generated: 193
[00:00:00:00:072] Path of length 54 found: [63, 55, 47, 39, 31, 23, 22, 14, 6, 5, 4, 12, 13, 21, 20, 19, 11, 10, 9, 17, 18, 26, 34, 42, 50, 51, 43, 35, 27, 28, 29, 30, 38, 37, 36, 44, 52, 53, 54, 62, 61, 60, 59, 58, 57, 56, 48, 49, 41, 33, 25, 24, 16, 8, 0]
[00:00:00:00:073] ! Unidirectional t-s. expansions: 55, time: 72 [ms], path length: 54 [edges], generated: 91
[00:00:00:00:603] Path of length 54 found: [0, 8, 16, 24, 25, 17, 9, 10, 11, 19, 18, 26, 27, 35, 34, 33, 41, 49, 48, 56, 57, 58, 50, 42, 43, 51, 59, 60, 61, 62, 54, 53, 52, 44, 36, 37, 38, 30, 29, 28, 20, 21, 13, 12, 4, 5, 6, 14, 22, 23, 31, 39, 47, 55, 63]
[00:00:00:01:030] ! Bidirectional. expansions: 404, time: 603 [ms], path length: 54 [edges], g_F: 46, g_B: 8, generated: {'F': 577, 'B': 133}, MM: 38, MMPER: 68.0909090909091%
[00:00:00:01:031] 
---------- SM_Grids/8x8_grid_with_random_blocks_12per_5 ----------
[00:00:00:13:855] Expansion 10,000: state None, f=53, g=16
[00:00:00:20:512] Path of length 52 found: [0, 1, 2, 3, 4, 5, 6, 14, 15, 23, 22, 30, 31, 39, 38, 37, 29, 28, 20, 21, 13, 12, 11, 19, 18, 17, 9, 8, 16, 24, 25, 33, 32, 40, 41, 42, 34, 35, 43, 44, 52, 51, 50, 58, 59, 60, 61, 53, 45, 46, 47, 55, 63]
[00:00:00:20:514] ! Unidirectional s-t. expansions: 15,333, time: 20,512 [ms], path length: 52 [edges], generated: 27,174
[00:00:00:12:139] Path of length 52 found: [63, 55, 47, 46, 45, 53, 61, 60, 59, 58, 50, 51, 52, 44, 43, 35, 34, 42, 41, 40, 32, 33, 25, 24, 16, 8, 9, 17, 18, 19, 27, 28, 29, 37, 38, 39, 31, 30, 22, 23, 15, 14, 6, 5, 13, 21, 20, 12, 4, 3, 2, 1, 0]
[00:00:00:12:140] ! Unidirectional t-s. expansions: 9,235, time: 12,139 [ms], path length: 52 [edges], generated: 15,465
[00:00:00:17:816] Expansion 10,000: F [0, 8, 9, 1, 2, 3, 11, 12, 4, 5, 6, 14], B [63, 62, 61, 60, 59, 58, 50, 51, 43, 44, 52, 53, 45, 37, 29, 28, 27, 35, 34, 42, 41, 40], f=53, g=32
[00:00:00:35:442] Expansion 20,000: F [0, 1, 2, 3, 11, 12, 20, 19, 18, 17, 9, 8, 16, 24, 25, 33, 32, 40, 41, 42, 34], B [63], f=53, g=20
[00:00:00:49:609] Path of length 52 found: [0, 8, 16, 24, 25, 33, 32, 40, 41, 42, 34, 35, 43, 44, 52, 51, 50, 58, 59, 60, 61, 53, 45, 37, 29, 21, 20, 28, 27, 19, 18, 17, 9, 1, 2, 3, 11, 12, 4, 5, 13, 14, 15, 23, 22, 30, 31, 39, 38, 46, 47, 55, 63]
[00:00:00:50:042] ! Bidirectional. expansions: 27,670, time: 49,610 [ms], path length: 52 [edges], g_F: 41, g_B: 11, generated: {'F': 25,938, 'B': 22,961}, MM: 30, MMPER: 55.60377358490566%
[00:00:00:50:042] 
---------- SM_Grids/8x8_grid_with_random_blocks_12per_6 ----------
[00:00:00:10:311] Expansion 10,000: state None, f=53, g=33
[00:00:00:20:614] Expansion 20,000: state None, f=53, g=25
[00:00:00:30:723] Expansion 30,000: state None, f=53, g=36
[00:00:00:32:075] Path of length 52 found: [0, 1, 2, 3, 4, 5, 6, 7, 15, 23, 22, 14, 13, 21, 20, 12, 11, 19, 18, 10, 9, 8, 16, 17, 25, 24, 32, 40, 48, 49, 41, 42, 50, 51, 59, 60, 61, 53, 45, 44, 43, 35, 34, 26, 27, 28, 36, 37, 38, 46, 54, 62, 63]
[00:00:00:32:076] ! Unidirectional s-t. expansions: 31,289, time: 32,075 [ms], path length: 52 [edges], generated: 50,505
[00:00:00:11:858] Expansion 10,000: state None, f=53, g=19
[00:00:00:22:381] Expansion 20,000: state None, f=53, g=33
[00:00:00:27:846] Path of length 52 found: [63, 62, 54, 46, 38, 37, 36, 28, 29, 21, 22, 23, 15, 7, 6, 14, 13, 5, 4, 3, 11, 12, 20, 19, 27, 26, 34, 35, 43, 44, 45, 53, 61, 60, 59, 51, 50, 42, 41, 49, 48, 40, 32, 24, 25, 17, 16, 8, 9, 10, 2, 1, 0]
[00:00:00:27:847] ! Unidirectional t-s. expansions: 24,819, time: 27,846 [ms], path length: 52 [edges], generated: 41,611
[00:00:00:15:673] Expansion 10,000: F [0, 8, 16, 17, 9, 1, 2, 3, 4, 5, 13, 14, 6, 7, 15, 23, 22, 21, 20, 12, 11, 10, 18, 19, 27, 28, 29, 37, 38, 46, 54, 53, 45, 44], B [63, 62, 61, 60, 59, 51, 50, 42, 41, 49], f=53, g=42
[00:00:00:31:110] Expansion 20,000: F [0, 8, 16, 17, 18, 19, 20, 12, 11, 10, 9, 1, 2, 3, 4, 5, 6, 7, 15, 23], B [63, 62, 54, 46, 38, 37, 36, 35, 43, 44, 45, 53, 61, 60, 59], f=53, g=33
[00:00:00:49:892] Expansion 30,000: F [0, 8, 9, 1, 2, 3, 4, 5, 6, 7, 15, 23, 22, 14, 13, 12, 11, 10, 18, 19, 27, 26, 25, 17, 16, 24, 32, 40, 48, 49], B [63, 62, 54, 53, 61, 60, 59, 51, 43, 44, 45, 46, 38, 37, 29], f=53, g=43
[00:00:01:04:892] Expansion 40,000: F [0, 1, 9, 8, 16, 17, 18, 10, 2, 3, 4, 5, 13, 14, 6, 7, 15, 23, 22, 21, 20, 12, 11, 19, 27, 35, 36, 28, 29, 37, 38, 46], B [63, 62, 54, 53, 61, 60, 59, 51, 50, 49, 48, 40], f=53, g=42
[00:00:01:20:482] Expansion 50,000: F [0, 1, 2, 10, 18, 19, 11, 3, 4, 5, 6, 7, 15, 23], B [63, 62, 54, 46, 38, 37, 45, 53, 61, 60, 59, 51, 43, 44, 36, 35, 34, 42, 50, 49], f=53, g=32
[00:00:01:37:251] Expansion 60,000: F [0, 1, 2, 3, 11, 19, 27, 26, 18, 10, 9, 8, 16, 17, 25, 24, 32, 40, 48, 49], B [63, 62, 54, 53, 61, 60, 59, 51, 43, 44, 45, 46, 38, 37, 29], f=53, g=33
[00:00:01:52:002] Expansion 70,000: F [0, 1, 2, 3, 4, 5, 13, 14, 6, 7, 15, 23, 22, 21, 20, 12, 11, 19, 27, 28], B [63, 62, 54, 53, 61, 60, 59, 51, 50, 49, 48, 40], f=53, g=30
[00:00:02:04:438] Expansion 80,000: F [0, 1, 2, 3, 4, 5, 6, 7, 15, 23, 22, 14, 13, 12, 11, 19, 20, 21, 29, 28, 27, 26, 25, 17, 18, 10, 9, 8, 16, 24, 32, 40], B [63, 62, 61, 60, 59, 51, 43, 44, 45, 53, 54, 46], f=53, g=42
[00:00:02:06:632] Path of length 52 found: [0, 8, 16, 24, 32, 40, 48, 49, 41, 42, 50, 51, 59, 60, 61, 53, 45, 44, 43, 35, 34, 26, 25, 17, 9, 1, 2, 3, 4, 5, 13, 14, 6, 7, 15, 23, 22, 21, 20, 12, 11, 10, 18, 19, 27, 28, 36, 37, 38, 46, 54, 62, 63]
[00:00:02:07:061] ! Bidirectional. expansions: 81,723, time: 126,632 [ms], path length: 52 [edges], g_F: 47, g_B: 5, generated: {'F': 94,710, 'B': 51,089}, MM: 42, MMPER: 78.24528301886792%
[00:00:02:07:062] 
---------- SM_Grids/8x8_grid_with_random_blocks_12per_7 ----------
[00:00:00:13:902] Expansion 10,000: state None, f=54, g=11
[00:00:00:27:605] Expansion 20,000: state None, f=54, g=26
[00:00:00:36:095] Expansion 30,000: state None, f=53, g=36
[00:00:00:45:941] Expansion 40,000: state None, f=53, g=28
[00:00:00:55:503] Expansion 50,000: state None, f=53, g=37
[00:00:01:05:692] Expansion 60,000: state None, f=53, g=42
[00:00:01:15:191] Expansion 70,000: state None, f=53, g=33
[00:00:01:25:678] Expansion 80,000: state None, f=53, g=40
[00:00:01:36:744] Expansion 90,000: state None, f=53, g=31
[00:00:01:46:340] Expansion 100,000: state None, f=53, g=21
[00:00:01:55:801] Expansion 110,000: state None, f=53, g=39
[00:00:02:07:878] Expansion 120,000: state None, f=53, g=31
[00:00:02:18:013] Expansion 130,000: state None, f=53, g=32
[00:00:02:29:093] Path of length 52 found: [0, 8, 9, 10, 18, 19, 27, 28, 36, 35, 43, 42, 41, 33, 34, 26, 25, 17, 16, 24, 32, 40, 48, 56, 57, 58, 59, 60, 61, 53, 52, 44, 45, 37, 38, 30, 22, 21, 20, 12, 13, 5, 6, 14, 15, 23, 31, 39, 47, 46, 54, 62, 63]
[00:00:02:29:095] ! Unidirectional s-t. expansions: 137,530, time: 149,093 [ms], path length: 52 [edges], generated: 233,491
[00:00:00:22:982] Expansion 10,000: state None, f=54, g=34
[00:00:00:36:239] Expansion 20,000: state None, f=54, g=29
[00:00:00:49:777] Expansion 30,000: state None, f=54, g=18
[00:00:00:59:608] Expansion 40,000: state None, f=53, g=37
[00:00:01:10:256] Expansion 50,000: state None, f=53, g=34
[00:00:01:21:977] Expansion 60,000: state None, f=53, g=35
[00:00:01:32:180] Expansion 70,000: state None, f=53, g=42
[00:00:01:44:020] Expansion 80,000: state None, f=53, g=44
[00:00:01:53:970] Expansion 90,000: state None, f=53, g=46
[00:00:02:05:297] Expansion 100,000: state None, f=53, g=20
[00:00:02:15:888] Expansion 110,000: state None, f=53, g=26
[00:00:02:28:820] Expansion 120,000: state None, f=53, g=36
[00:00:02:37:992] Expansion 130,000: state None, f=53, g=28
[00:00:02:47:941] Expansion 140,000: state None, f=53, g=27
[00:00:02:58:624] Path of length 52 found: [63, 55, 47, 39, 31, 23, 15, 7, 6, 5, 13, 12, 20, 21, 22, 30, 38, 46, 54, 62, 61, 60, 59, 58, 57, 56, 48, 49, 41, 40, 32, 24, 16, 17, 25, 33, 34, 42, 43, 44, 52, 53, 45, 37, 36, 28, 27, 19, 18, 10, 9, 8, 0]
[00:00:02:58:628] ! Unidirectional t-s. expansions: 146,821, time: 178,625 [ms], path length: 52 [edges], generated: 245,434
[00:00:00:38:458] Expansion 10,000: F [0, 8, 16, 17, 9], B [63, 55, 47, 46, 54, 62, 61, 60, 59, 58, 57, 56, 48, 49, 41, 40, 32, 24, 25, 33, 34, 42, 43, 35, 36], f=55, g=28
[00:00:00:59:679] Expansion 20,000: F [0, 8, 9, 10, 18, 26, 25, 17, 16, 24, 32, 33, 41, 40], B [63, 62, 54, 55, 47, 46, 38, 39, 31, 30, 22, 23, 15, 7, 6], f=55, g=27
[00:00:01:14:302] Expansion 30,000: F [0, 8, 16, 17, 9, 10, 18, 26, 34, 35, 43, 42, 41, 33, 25, 24, 32, 40, 48, 56, 57, 58, 59, 60, 52, 44, 36], B [63, 55, 54, 62, 61, 53, 45, 37, 38, 46, 47, 39, 31, 30, 22, 23, 15, 7, 6], f=54, g=44
[00:00:01:26:226] Expansion 40,000: F [0, 8, 9, 10], B [63, 55, 54, 62, 61, 60, 59, 58, 57, 56, 48, 49, 41, 40, 32, 33, 34, 42, 43, 44, 52, 53, 45, 46, 47, 39, 31, 23, 15, 7, 6, 14, 13, 12, 20, 21, 22, 30], f=54, g=40
[00:00:01:39:137] Expansion 50,000: F [0, 8, 9, 10], B [63, 62, 61, 60, 59, 58, 57, 56, 48, 49, 41, 40, 32, 33, 34, 42, 43, 44, 52, 53, 54, 55, 47, 39, 31, 23, 15, 7, 6, 14, 13, 12, 20, 21, 22, 30, 38, 46, 45, 37], f=54, g=42
[00:00:01:52:243] Expansion 60,000: F [0, 8, 9, 10, 18, 17, 16, 24, 32, 33, 25, 26, 34, 35, 43, 42, 41, 49, 48, 56, 57, 58, 59, 60, 61, 53, 52], B [63, 62, 54, 55, 47, 46, 38, 39, 31, 30, 22, 23, 15, 7, 6], f=54, g=40
[00:00:02:07:127] Expansion 70,000: F [0, 8, 16, 17, 9, 10, 18, 19, 27, 26, 25, 24, 32, 33, 41, 49, 48, 56, 57, 58, 59, 60, 52, 44, 43, 42], B [63, 62, 61, 53, 54, 55, 47, 39, 31, 23, 15, 7, 6, 5, 13], f=54, g=39
[00:00:02:22:615] Expansion 80,000: F [0, 8, 16, 24, 32, 33, 34, 26, 25, 17, 9, 10, 18, 19, 27, 35, 43, 42, 41, 40, 48, 49, 57, 58, 59, 60, 61, 53, 52, 44, 36], B [63, 62, 54, 55, 47, 39, 38], f=54, g=36
[00:00:02:38:503] Expansion 90,000: F [0, 8, 16, 24, 32, 40, 41, 49, 48, 56, 57, 58, 59, 60, 61, 62, 54, 53, 52, 44, 43, 35, 27, 26, 34, 33, 25, 17, 9, 10], B [63, 55, 47, 39, 31, 30], f=54, g=34
[00:00:02:56:620] Expansion 100,000: F [0, 8, 9, 10, 18, 17, 16, 24, 25, 33, 32, 40, 48, 56, 57], B [63, 55, 54, 62, 61, 53, 45, 46, 47, 39, 38, 30, 31, 23, 22, 14, 15, 7, 6], f=54, g=32
[00:00:02:56:620] Expansions: 100,000. Checks - state_vs_state: 430, prefix: 424,065
[00:00:02:56:620] Expansions: 100,000. Checks - state_vs_state: 430, prefix: 424,066
[00:00:02:56:621] Expansions: 100,000. Checks - state_vs_state: 430, prefix: 424,067
[00:00:03:13:998] Expansion 110,000: F [0, 8, 16, 17, 9, 10, 18, 26, 25, 33, 32, 40, 41, 49, 48, 56, 57, 58, 59, 60, 52], B [63, 62, 61, 53, 54, 55, 47, 39, 31, 30, 22, 23, 15, 7, 6], f=54, g=34
[00:00:03:31:911] Expansion 120,000: F [0, 8, 16, 24, 32, 33, 34, 42, 41, 40, 48], B [63, 55, 47, 46, 54, 62, 61, 53, 45, 37, 38, 30, 31, 23, 22, 14, 15, 7, 6], f=54, g=28
[00:00:03:51:156] Expansion 130,000: F [0, 8, 16, 17, 9, 10, 18, 19, 27, 35, 43, 42, 41, 33, 34, 26, 25, 24, 32], B [63, 62, 61, 53, 45, 46, 54, 55, 47, 39, 31, 23, 15, 7, 6, 14, 22], f=54, g=34
[00:00:04:09:398] Expansion 140,000: F [0, 8, 16, 24, 25, 17, 9, 10, 18, 19, 27, 26, 34, 33, 32, 40, 48, 56, 57], B [63, 55, 47, 46, 45, 37, 38, 39, 31, 30, 22, 14, 15, 7, 6, 5], f=54, g=33
[00:00:04:28:020] Expansion 150,000: F [0, 8, 9, 10, 18, 19, 27, 26, 25, 17, 16, 24, 32, 33, 41, 40, 48], B [63, 62, 61, 53, 45, 37, 38, 46, 54, 55, 47, 39, 31, 30, 22, 14, 15, 7, 6], f=54, g=34
[00:00:04:46:372] Expansion 160,000: F [0, 8, 16, 17, 9, 10, 18, 19, 27, 26, 34], B [63, 62, 54, 55, 47, 46, 38, 39, 31, 30, 22, 14, 15], f=54, g=22
[00:00:05:04:093] Expansion 170,000: F [0, 8, 9, 10, 18, 19, 27], B [63, 62, 61, 53, 52, 60, 59, 58, 57, 56, 48, 49, 41, 42, 43, 44, 45, 46, 54, 55, 47, 39, 38], f=54, g=28
[00:00:05:23:321] Expansion 180,000: F [0, 8, 16, 17, 9, 10, 18, 19, 27, 28, 36, 35, 43, 42, 34, 26, 25, 24, 32, 33, 41, 40, 48], B [63, 62, 61, 53, 54, 55, 47, 39, 31, 23, 15, 14, 6, 5, 13, 12, 20, 21], f=54, g=39
[00:00:05:43:073] Expansion 190,000: F [0, 8, 9, 10, 18, 26, 34, 42, 41, 33, 25, 17, 16], B [63, 62, 61, 53, 54, 55, 47, 46, 45, 37, 38, 30, 31], f=54, g=24
[00:00:06:00:810] Expansion 200,000: F [0, 8, 9, 10, 18, 26, 34, 35, 43, 42, 41, 33, 25], B [63, 55, 47, 39, 31, 23, 15, 7, 6, 14, 22], f=54, g=22
[00:00:06:00:811] Expansions: 200,000. Checks - state_vs_state: 2,108, prefix: 848,620
[00:00:06:00:811] Expansions: 200,000. Checks - state_vs_state: 2,108, prefix: 848,621
[00:00:06:00:812] Expansions: 200,000. Checks - state_vs_state: 2,108, prefix: 848,622
[00:00:06:00:812] Expansions: 200,000. Checks - state_vs_state: 2,108, prefix: 848,623
[00:00:06:18:771] Expansion 210,000: F [0, 8, 16, 17, 9, 10], B [63, 55, 47, 39, 38, 30, 22, 23], f=54, g=12
[00:00:06:37:572] Expansion 220,000: F [0, 8, 9, 17, 16, 24, 25, 33, 32, 40, 41, 49, 48, 56, 57, 58, 59, 60, 61, 62, 54, 53, 52, 44, 43, 42, 34, 35, 27, 26], B [63, 55, 47, 39, 31, 23, 15, 7, 6, 5, 13], f=54, g=39
[00:00:07:00:169] Expansion 230,000: F [0, 8, 16, 17, 9, 10, 18, 26, 25, 24, 32, 33, 34, 35, 43, 42, 41, 40], B [63, 62, 54, 46, 47], f=54, g=21
[00:00:07:16:461] Expansion 240,000: F [0, 8, 16, 17, 9, 10, 18, 26, 34, 42, 41, 33, 25, 24, 32, 40, 48, 56, 57, 58, 59, 60, 52, 44, 43, 35, 36, 28, 27, 19, 20, 21, 13], B [63, 62, 61, 53, 54, 55, 47, 46, 45, 37, 38, 39, 31, 30, 22, 23, 15, 7, 6], f=53, g=50
[00:00:07:23:321] Expansion 250,000: F [0, 8, 16, 24, 32, 33, 34, 26, 25, 17, 9, 10, 18, 19, 20, 12, 13, 5, 6, 7, 15], B [63, 62, 61, 60, 59, 58, 57, 56, 48, 40, 41, 42, 43, 35, 27, 28, 36, 37, 38, 46, 45, 44, 52, 53, 54, 55, 47, 39, 31, 30, 22], f=53, g=50
[00:00:07:31:410] Expansion 260,000: F [0, 8, 16, 24, 32, 40, 41, 49, 48, 56, 57, 58, 59, 60, 61, 53, 52, 44, 36, 35, 43, 42, 34, 33, 25, 17, 9, 10, 18, 26, 27], B [63, 62, 54, 55, 47, 46, 45, 37, 38, 30, 31, 23, 15, 7, 6, 14, 22, 21, 13, 12], f=53, g=49
[00:00:07:40:542] Expansion 270,000: F [0, 8, 16, 17, 9, 10, 18, 19, 27, 35, 43, 42, 34, 26, 25, 24, 32, 33, 41, 40, 48, 49, 57, 58, 59, 60, 61, 62, 54, 53, 52, 44, 45, 37, 36, 28, 20], B [63, 55, 47, 39, 38, 30, 31, 23, 22, 14, 15, 7, 6, 5, 13], f=53, g=50
[00:00:07:50:028] Expansion 280,000: F [0, 8, 9, 10, 18, 19, 27, 26, 34, 35, 36, 28, 20, 12, 13], B [63, 55, 47, 46, 54, 62, 61, 60, 59, 58, 57, 49, 48, 40, 32, 24, 16, 17, 25, 33, 41, 42, 43, 44, 52, 53, 45, 37, 38, 30, 31], f=53, g=44
[00:00:07:59:775] Expansion 290,000: F [0, 8, 16, 24, 32, 33, 34, 26, 25, 17, 9, 10, 18, 19, 27, 28, 20, 12, 13], B [63, 62, 61, 60, 59, 58, 57, 56, 48, 49, 41, 42, 43, 35, 36, 37, 45, 44, 52, 53, 54, 55, 47, 39, 38, 30, 31, 23], f=53, g=45
[00:00:08:08:936] Expansion 300,000: F [0, 8, 16, 24, 32, 40, 41, 49, 48, 56, 57, 58, 59, 60, 52, 44, 43, 42, 34, 33, 25, 17, 9, 10, 18, 26], B [63, 62, 61, 53, 54, 55, 47, 46, 45, 37, 38, 39, 31, 23, 15, 7, 6, 14, 22], f=53, g=43
[00:00:08:08:942] Expansions: 300,000. Checks - state_vs_state: 2,502, prefix: 1,285,879
[00:00:08:08:943] Expansions: 300,000. Checks - state_vs_state: 2,502, prefix: 1,285,880
[00:00:08:08:943] Expansions: 300,000. Checks - state_vs_state: 2,502, prefix: 1,285,881
[00:00:08:19:231] Expansion 310,000: F [0, 8, 16, 24, 25, 17, 9, 10, 18, 19, 27, 26, 34, 33, 32, 40, 41, 49, 48, 56, 57, 58, 59, 60, 52, 44, 43, 35, 36, 28, 20, 12, 13], B [63, 62, 61, 53, 45, 46, 54, 55, 47, 39, 38, 30, 31, 23, 22], f=53, g=46
[00:00:08:28:198] Expansion 320,000: F [0, 8, 9, 10, 18, 17, 16, 24, 32, 33, 25, 26, 34, 35, 43, 42, 41, 40, 48, 49, 57, 58, 59, 60, 52, 44, 36, 28, 27], B [63, 62, 61, 53, 45, 37, 38, 46, 54, 55, 47, 39, 31, 30, 22, 14, 15, 7, 6, 5, 13], f=53, g=48
[00:00:08:38:260] Expansion 330,000: F [0, 8, 16, 24, 32, 33, 25, 17, 9, 10, 18, 26, 34, 35, 43, 42, 41, 40, 48, 49, 57, 58, 59, 60, 61, 62, 54, 46, 45], B [63, 55, 47, 39, 31, 30, 22, 23, 15, 7, 6], f=53, g=38
[00:00:08:49:811] Expansion 340,000: F [0, 8, 16, 24, 32, 40, 41, 49, 48, 56, 57, 58, 59, 60, 52, 44, 43, 35, 34, 33, 25, 17, 9, 10, 18, 26, 27, 28, 36, 37, 45, 53, 61, 62, 54, 46, 38], B [63, 55, 47, 39, 31, 23, 15, 7, 6, 5, 13], f=53, g=46
[00:00:09:03:014] Expansion 350,000: F [0, 8, 16, 24, 32, 33, 25, 17, 9, 10, 18, 19, 20, 12, 13], B [63, 55, 54, 62, 61, 53, 52, 60, 59, 58, 57, 49, 48, 40, 41, 42, 43, 35, 34, 26, 27, 28, 36, 37, 45, 46, 47, 39, 38, 30, 31, 23, 15, 7, 6], f=53, g=48
[00:00:09:12:748] Expansion 360,000: F [0, 8, 16, 17, 9, 10, 18, 19, 27, 26, 34, 35, 43, 42, 41, 33, 25, 24, 32, 40, 48, 56, 57], B [63, 62, 54, 55, 47, 46, 45, 37, 38, 39, 31, 23, 15, 7, 6, 5, 13], f=53, g=38
[00:00:09:22:838] Expansion 370,000: F [0, 8, 9, 10, 18, 19, 27, 26, 34, 35, 36, 28, 20, 21, 22], B [63, 62, 61, 53, 52, 60, 59, 58, 57, 49, 48, 40, 32, 24, 16, 17, 25, 33, 41, 42, 43, 44, 45, 37, 38, 46, 54, 55, 47, 39, 31], f=53, g=44
[00:00:09:35:117] Expansion 380,000: F [0, 8, 16, 24, 32, 40, 41, 49, 48, 56, 57, 58, 59, 60, 52, 44, 43, 35, 34, 26, 25, 17, 9, 10, 18, 19, 27, 28, 36, 37, 38], B [63, 55, 54, 62, 61, 53, 45, 46, 47, 39, 31, 23, 15, 7, 6, 5, 13], f=53, g=46
[00:00:09:47:126] Expansion 390,000: F [0, 8, 16, 24, 32, 33, 25, 17, 9, 10, 18, 19, 20, 28, 27, 26, 34, 35, 36, 37, 38, 30, 22, 21, 13, 14, 6, 7, 15, 23, 31, 39], B [63, 62, 61, 53, 52, 60, 59, 58, 57, 56, 48], f=53, g=41
[00:00:09:59:092] Expansion 400,000: F [0, 8, 16, 17, 9, 10, 18, 19, 27, 26, 25, 24, 32, 33, 41, 40, 48, 49, 57, 58, 59, 60, 52, 44, 43, 42, 34, 35], B [63, 62, 61, 53, 45, 37, 38, 46, 54, 55, 47, 39, 31, 23, 15, 7, 6, 5, 13], f=53, g=45
[00:00:09:59:092] Expansions: 400,000. Checks - state_vs_state: 2,806, prefix: 1,706,217
[00:00:09:59:093] Expansions: 400,000. Checks - state_vs_state: 2,806, prefix: 1,706,218
[00:00:09:59:093] Expansions: 400,000. Checks - state_vs_state: 2,806, prefix: 1,706,219
[00:00:09:59:093] Expansions: 400,000. Checks - state_vs_state: 2,806, prefix: 1,706,220
[00:00:10:11:091] Expansion 410,000: F [0, 8, 16, 17, 9, 10, 18, 19, 27, 35, 43, 42, 41, 33, 34, 26, 25, 24, 32, 40, 48, 56, 57, 58], B [63, 55, 47, 46, 45, 37, 38, 39, 31, 23, 15, 7, 6, 5, 13], f=53, g=37
[00:00:10:22:314] Expansion 420,000: F [0, 8, 9, 17, 16, 24, 25, 33, 32, 40, 41, 49, 48, 56, 57, 58, 59, 60, 61, 62, 54, 53, 52, 44, 43, 42, 34, 26, 18, 19, 27, 35, 36, 28, 20], B [63, 55, 47, 46, 45, 37, 38, 30, 31], f=53, g=42
[00:00:10:36:199] Expansion 430,000: F [0, 8, 16, 17, 9, 10, 18, 26, 27, 28, 20, 12, 13], B [63, 55, 54, 62, 61, 53, 52, 60, 59, 58, 57, 56, 48, 49, 41, 40, 32, 24, 25, 33, 34, 42, 43, 44, 36, 37], f=53, g=37
[00:00:10:49:503] Expansion 440,000: F [0, 8, 16, 24, 32, 40, 48, 56, 57], B [63, 62, 61, 53, 45, 46, 54, 55, 47, 39, 31, 23, 15, 7, 6, 14, 13, 12, 20, 21, 22, 30, 38, 37, 36, 35, 43], f=53, g=34
[00:00:11:01:868] Expansion 450,000: F [0, 8, 16, 17, 9, 10, 18, 26, 25, 24, 32, 33, 34, 42, 41, 40, 48, 49, 57, 58, 59, 60, 52, 44, 43, 35, 27, 19], B [63, 55, 54, 62, 61, 53, 45, 46, 47, 39, 31, 23, 15, 7, 6, 14, 22], f=53, g=43
[00:00:11:14:559] Expansion 460,000: F [0, 8, 16, 24, 32, 40, 41, 49, 48, 56, 57, 58, 59, 60, 52, 44, 45, 53, 61, 62, 54, 46, 38, 37, 36, 35, 43, 42, 34, 33, 25], B [63, 55, 47, 39, 31, 23, 15, 7, 6, 14, 22], f=53, g=40
[00:00:11:26:561] Expansion 470,000: F [0, 8, 9, 10, 18, 19, 27, 26, 25, 17, 16, 24, 32, 40, 48, 56, 57], B [63, 55, 47, 46, 45, 37, 38, 39, 31, 23, 22, 14, 15, 7, 6, 5, 13, 21, 20, 28, 36, 35], f=53, g=37
[00:00:11:39:586] Expansion 480,000: F [0, 8, 16, 17, 9, 10, 18, 26, 34, 35, 43, 42, 41, 33, 32, 40], B [63, 55, 47, 46, 54, 62, 61, 53, 45, 37, 38, 39, 31, 30, 22, 23, 15, 7, 6], f=53, g=33
[00:00:11:54:172] Expansion 490,000: F [0, 8, 16, 24, 32, 33, 34, 26, 25, 17, 9, 10, 18, 19, 20, 21, 13, 14, 6, 7, 15, 23, 22, 30, 31, 39, 38, 37, 45, 44], B [63, 55, 47, 46, 54, 62, 61, 53, 52, 60, 59, 58, 57, 56, 48], f=53, g=43
[00:00:12:08:091] Expansion 500,000: F [0, 8, 16, 24, 32, 33, 34, 26, 25, 17, 9, 10, 18, 19, 27, 35, 43, 42, 41, 49, 48, 56, 57, 58, 59], B [63, 55, 47, 46, 54, 62, 61, 53, 45, 37, 38, 30, 31], f=53, g=36
[00:00:12:08:091] Expansions: 500,000. Checks - state_vs_state: 3,320, prefix: 2,127,900
[00:00:12:08:092] Expansions: 500,000. Checks - state_vs_state: 3,320, prefix: 2,127,901
[00:00:12:08:092] Expansions: 500,000. Checks - state_vs_state: 3,320, prefix: 2,127,902
[00:00:12:20:907] Expansion 510,000: F [0, 8, 16, 24, 32, 33, 34, 26, 25, 17, 9, 10, 18, 19, 27, 35, 43, 42, 41, 40, 48, 56, 57, 58, 59, 60, 61, 62, 54, 53, 52], B [63, 55, 47, 39, 31, 23, 15, 7, 6, 14, 22], f=53, g=40
[00:00:12:37:901] Expansion 520,000: F [0, 8, 9, 10, 18, 19, 20, 12, 13], B [63, 55, 54, 62, 61, 60, 59, 58, 57, 56, 48, 40, 32, 24, 16, 17, 25, 33, 41, 42, 34, 26, 27, 35, 43], f=53, g=32
[00:00:12:50:868] Expansion 530,000: F [0, 8, 9, 10, 18, 26, 25, 17, 16, 24, 32, 33, 34, 35, 43, 42, 41, 40, 48, 56], B [63, 55, 47, 39, 31, 30, 22, 14, 15, 7, 6, 5, 13], f=53, g=31
[00:00:13:06:300] Expansion 540,000: F [0, 8, 16, 17, 9, 10, 18, 19, 27, 26, 25, 24, 32], B [63, 62, 61, 53, 45, 46, 54, 55, 47, 39, 31, 23, 15, 7, 6, 14, 13, 12, 20, 21, 22, 30, 38, 37, 36, 35, 43, 44, 52, 60, 59, 58, 57, 56, 48, 49, 41], f=53, g=48
[00:00:13:21:563] Expansion 550,000: F [0, 8, 16, 24, 32, 33, 25, 17, 9, 10, 18, 19, 20], B [63, 62, 61, 53, 54, 55, 47, 39, 31, 23, 15, 7, 6, 5, 13, 14, 22, 30, 38, 46, 45, 37, 36, 44, 52, 60, 59, 58], f=53, g=39
[00:00:13:36:384] Expansion 560,000: F [0, 8, 16, 24, 32, 33, 34, 26, 25, 17, 9, 10, 18, 19, 20, 21, 13, 5, 6, 7, 15, 23, 22, 30, 31, 39, 47, 55, 54, 46, 38, 37, 45, 53, 52, 44, 36], B [63, 62, 61, 60, 59, 58, 57, 56, 48], f=53, g=44
[00:00:13:50:641] Expansion 570,000: F [0, 8, 16, 17, 9, 10, 18, 26, 25, 33, 32, 40, 48, 56], B [63, 62, 61, 53, 54, 55, 47, 46, 45, 37, 38, 39, 31, 23, 22, 14, 15, 7, 6, 5, 13], f=53, g=33
[00:00:14:04:516] Expansion 580,000: F [0, 8, 9, 10, 18, 26, 34, 33, 25, 17, 16, 24, 32], B [63, 62, 54, 55, 47, 39, 31, 23, 15, 7, 6, 14, 13, 12, 20, 21, 22, 30, 38, 46, 45, 37, 36, 28, 27], f=53, g=36
[00:00:14:18:664] Expansion 590,000: F [0, 8, 9, 10, 18, 26, 25, 17, 16, 24, 32, 33, 34, 35, 43, 42, 41, 40, 48], B [63, 55, 47, 39, 31, 23, 15, 14, 6, 5, 13, 21], f=53, g=29
[00:00:14:35:071] Expansion 600,000: F [0, 8, 9, 10, 18, 17, 16, 24, 32, 33, 41], B [63, 62, 61, 53, 54, 55, 47, 46, 45, 37, 38, 39, 31, 30, 22, 23, 15, 14, 6], f=53, g=28
[00:00:14:35:072] Expansions: 600,000. Checks - state_vs_state: 4,292, prefix: 2,545,867
[00:00:14:35:072] Expansions: 600,000. Checks - state_vs_state: 4,292, prefix: 2,545,868
[00:00:14:35:072] Expansions: 600,000. Checks - state_vs_state: 4,292, prefix: 2,545,869
[00:00:14:35:073] Expansions: 600,000. Checks - state_vs_state: 4,292, prefix: 2,545,870
[00:00:14:35:074] Expansions: 600,000. Checks - state_vs_state: 4,292, prefix: 2,545,871
[00:00:14:50:629] Expansion 610,000: F [0, 8, 16, 24, 32, 33, 25, 17, 9, 10, 18, 19, 20, 21, 13, 14, 6, 7], B [63, 55, 54, 62, 61, 53, 52, 60, 59, 58, 57, 56, 48], f=53, g=29
[00:00:15:05:314] Expansion 620,000: F [0, 8, 16, 24, 32, 33, 34, 35, 43, 42, 41, 40, 48, 56, 57, 58, 59, 60, 61, 53, 52, 44, 45, 46, 38, 37, 36, 28, 27, 26, 25, 17, 9, 10, 18], B [63, 62, 54, 55, 47, 39, 31, 30, 22, 14, 15, 7, 6, 5, 13], f=53, g=48
[00:00:15:19:411] Expansion 630,000: F [0, 8, 16, 17, 9, 10, 18, 26, 27], B [63, 55, 54, 62, 61, 53, 45, 46, 47, 39, 31, 23, 15, 14, 6, 5, 13, 12, 20, 21, 22], f=53, g=28
[00:00:15:33:346] Expansion 640,000: F [0, 8, 9, 10, 18, 17, 16, 24, 32, 33, 25, 26, 34, 42, 41, 40, 48, 49], B [63, 55, 47, 39, 31, 23, 15, 7, 6, 14, 22], f=53, g=27
[00:00:15:48:104] Expansion 650,000: F [0, 8, 9, 10, 18, 17, 16, 24, 25, 33, 32, 40, 41, 49, 48, 56, 57, 58, 59, 60, 52, 53, 45], B [63, 55, 54, 46, 47, 39, 31, 30], f=53, g=29
[00:00:16:05:362] Expansion 660,000: F [0, 8, 9, 10, 18, 17, 16, 24, 25, 26, 34, 35, 43, 42, 41, 33, 32, 40, 48, 56, 57, 58, 59, 60, 61, 53, 52, 44], B [63, 62, 54, 46, 47, 39, 31, 30], f=53, g=34
[00:00:16:20:873] Expansion 670,000: F [0, 8, 16, 24, 32, 33, 41, 40, 48, 49], B [63, 62, 61, 53, 45, 46, 54, 55, 47, 39, 31, 23, 15, 7, 6, 14, 22], f=53, g=25
[00:00:16:35:155] Expansion 680,000: F [0, 8, 16, 24, 32, 33, 41, 49, 48, 56, 57, 58, 59, 60, 52, 44, 43, 42, 34, 35, 36, 28], B [63, 55, 47, 46, 54, 62, 61, 53, 45, 37, 38, 39, 31, 30, 22, 23, 15, 14, 6], f=53, g=39
[00:00:16:49:511] Expansion 690,000: F [0, 8, 16, 17, 9, 10, 18, 26, 34, 35, 27, 19, 20], B [63, 62, 54, 55, 47, 39, 31, 23, 15, 14, 6, 5, 13, 21, 22, 30], f=53, g=27
[00:00:17:05:287] Expansion 700,000: F [0, 8, 9, 10, 18, 19, 27, 35, 34, 33, 25, 17, 16, 24, 32, 40, 48, 56], B [63, 55, 54, 46, 47, 39, 38, 30, 31, 23, 22, 14, 15, 7, 6, 5, 13], f=53, g=33
[00:00:17:05:288] Expansions: 700,000. Checks - state_vs_state: 5,966, prefix: 2,961,116
[00:00:17:05:289] Expansions: 700,000. Checks - state_vs_state: 5,966, prefix: 2,961,117
[00:00:17:05:289] Expansions: 700,000. Checks - state_vs_state: 5,966, prefix: 2,961,118
[00:00:17:23:455] Expansion 710,000: F [0, 8, 16, 24, 32, 33, 25, 17, 9, 10, 18, 19, 20, 28, 27, 26, 34, 42, 41, 40, 48], B [63, 55, 47, 39, 31, 23, 15, 7, 6, 5, 13, 21, 22, 30, 38, 46, 54, 62, 61], f=53, g=38
[00:00:17:44:726] Expansion 720,000: F [0, 8, 16, 17, 9, 10, 18, 19, 20, 21, 13, 5, 6, 7, 15, 14, 22, 23, 31], B [63, 55, 54, 62, 61, 53, 45, 44, 52, 60, 59, 58, 57, 49, 48, 40, 32, 24, 25, 33, 41, 42, 43, 35, 34, 26, 27], f=53, g=44
[00:00:18:00:640] Expansion 730,000: F [0, 8, 9, 10, 18, 17, 16, 24, 25, 33, 34, 26, 27], B [63, 55, 54, 62, 61, 53, 52, 60, 59, 58, 57, 49, 48, 40, 41, 42, 43, 44, 45, 46, 47, 39, 38], f=53, g=34
[00:00:18:16:503] Expansion 740,000: F [0, 8, 16, 17, 9, 10, 18, 26, 25, 24, 32, 33, 34, 35, 43, 42, 41, 49, 48], B [63, 62, 61, 53, 54, 46, 47], f=53, g=24
[00:00:18:35:174] Expansion 750,000: F [0, 8, 16, 24, 25, 17, 9, 10, 18, 19, 27, 26, 34, 33, 41], B [63, 55, 47, 39, 31, 30, 22, 14, 15, 7, 6, 5], f=53, g=25
[00:00:18:53:978] Expansion 760,000: F [0, 8, 9, 10, 18, 17, 16, 24, 32, 33, 34, 26, 27, 35], B [63, 62, 54, 55, 47, 39, 31, 23, 22], f=53, g=21
[00:00:19:10:405] Expansion 770,000: F [0, 8, 16, 24, 25, 17, 9, 10, 18, 19, 20, 21, 13, 5, 6, 7, 15, 14, 22, 23, 31, 30, 38, 39, 47, 55, 54, 46, 45, 37, 36], B [63, 62, 61, 53, 52, 60, 59, 58, 57, 49, 48, 40, 32, 33, 41, 42], f=53, g=45
[00:00:19:26:776] Expansion 780,000: F [0, 8, 9, 17, 16, 24, 25, 26, 18, 19, 27, 35, 34, 33, 32, 40, 48, 56, 57], B [63, 55, 54, 62, 61, 53, 45, 46, 47, 39, 31, 23, 15, 14, 6, 5, 13, 12], f=53, g=35
[00:00:19:44:117] Expansion 790,000: F [0, 8, 16, 17, 9, 10, 18, 19, 27, 35, 36, 28, 20, 12], B [63, 62, 61, 60, 59, 58, 57, 49, 48, 40, 32, 33], f=53, g=24
[00:00:20:02:165] Expansion 800,000: F [0, 8, 16, 24, 25, 17, 9, 10, 18, 19, 27, 35, 43, 42, 34, 33, 32, 40, 41, 49, 48, 56, 57, 58, 59, 60, 52, 44, 45, 53, 61, 62, 54, 46, 38, 37, 36, 28], B [63, 55, 47, 39, 31, 30, 22, 14, 15], f=53, g=45
[00:00:20:02:165] Expansions: 800,000. Checks - state_vs_state: 7,480, prefix: 3,372,658
[00:00:20:02:166] Expansions: 800,000. Checks - state_vs_state: 7,480, prefix: 3,372,659
[00:00:20:02:166] Expansions: 800,000. Checks - state_vs_state: 7,480, prefix: 3,372,660
[00:00:20:18:199] Expansion 810,000: F [0, 8, 16, 17, 9, 10, 18, 26, 25, 24, 32, 40, 48, 49, 57, 58, 59, 60, 52, 44], B [63, 62, 61, 53, 54, 46, 47, 39, 38, 30, 31, 23, 22], f=53, g=31
[00:00:20:37:538] Expansion 820,000: F [0, 8, 9, 10, 18, 19, 27, 35, 34, 26, 25, 17, 16, 24, 32, 33, 41], B [63, 62, 61, 53, 54, 55, 47, 46, 38, 39, 31, 23, 15, 7, 6, 14, 22, 21, 13, 12, 20], f=53, g=36
[00:00:20:56:560] Expansion 830,000: F [0, 8, 16, 24, 32, 40, 48, 49, 57, 58, 59, 60, 61, 62, 54, 53, 52, 44, 45, 46, 38, 37, 36, 35, 43, 42, 41, 33, 34, 26, 25, 17, 9, 10, 18, 19, 27, 28, 20], B [63, 55, 47, 39, 31, 30, 22, 23, 15, 14, 6, 5, 13], f=53, g=50
[00:00:21:13:303] Expansion 840,000: F [0, 8, 16, 24, 32, 40, 48, 56, 57, 49, 41, 33, 25, 17, 9, 10, 18, 26, 34, 42, 43, 44, 36, 35, 27], B [63, 55, 47, 46, 54, 62, 61, 60, 52, 53, 45, 37, 38, 39, 31], f=53, g=38
[00:00:21:32:922] Expansion 850,000: F [0, 8, 16, 24, 25, 17, 18, 19, 27], B [63, 55, 47, 46, 54, 62, 61, 53, 45, 37, 38, 39, 31, 30, 22, 23, 15, 7, 6], f=53, g=26
[00:00:21:51:843] Expansion 860,000: F [0, 8, 16, 24, 32, 40, 48, 56, 57, 49, 41, 42, 34, 33, 25, 17, 9, 10, 18, 26, 27, 19, 20], B [63, 55, 54, 62, 61, 60], f=53, g=27
[00:00:22:12:204] Expansion 870,000: F [0, 8, 16, 17, 18, 26, 25], B [63, 62, 61, 53, 54, 55, 47, 39, 31, 30, 22, 23, 15, 7, 6], f=53, g=20
[00:00:22:33:811] Expansion 880,000: F [0, 8, 16, 24, 32, 40, 41, 49, 48, 56], B [63, 62, 61, 53, 54, 46, 45, 37], f=53, g=16
[00:00:22:54:817] Expansion 890,000: F [0, 8, 9, 10, 18, 19, 20, 21, 22, 14, 13, 5, 6, 7, 15, 23, 31, 30, 38, 39, 47, 46, 45, 37, 36, 28, 27, 26], B [63, 55, 54, 53, 61], f=53, g=31
[00:00:23:17:308] Expansion 900,000: F [0, 8, 16, 17, 9, 10, 18, 26, 25, 24, 32, 40, 48, 56, 57, 49, 41, 33, 34, 42, 43], B [63, 55, 54, 62, 61, 60, 52, 53, 45, 46, 47, 39, 31, 30], f=53, g=33
[00:00:23:17:309] Expansions: 900,000. Checks - state_vs_state: 8,354, prefix: 3,785,695
[00:00:23:17:309] Expansions: 900,000. Checks - state_vs_state: 8,354, prefix: 3,785,696
[00:00:23:17:309] Expansions: 900,000. Checks - state_vs_state: 8,354, prefix: 3,785,697
[00:00:23:17:310] Expansions: 900,000. Checks - state_vs_state: 8,354, prefix: 3,785,698
[00:00:23:39:601] Expansion 910,000: F [0, 8, 16, 24, 25, 17, 9, 10, 18, 19, 27], B [63, 62, 54, 46, 38, 39], f=53, g=15
[00:00:24:01:075] Expansion 920,000: F [0, 8, 9, 10, 18, 26, 25, 17, 16, 24, 32, 40, 48, 56, 57], B [63, 55, 54, 46, 38, 39], f=53, g=19
[00:00:24:22:723] Path of length 52 found: [0, 8, 16, 24, 32, 40, 41, 49, 48, 56, 57, 58, 59, 60, 52, 44, 45, 53, 61, 62, 54, 46, 38, 37, 36, 35, 43, 42, 34, 33, 25, 17, 9, 10, 18, 26, 27, 19, 20, 12, 13, 5, 6, 7, 15, 23, 22, 30, 31, 39, 47, 55, 63]
[00:00:24:23:736] ! Bidirectional. expansions: 928,063, time: 1,462,729 [ms], path length: 52 [edges], g_F: 40, g_B: 12, generated: {'F': 1,067,263, 'B': 611,215}, MM: 28, MMPER: 51.83018867924528%
[00:00:24:23:736] 
---------- SM_Grids/8x8_grid_with_random_blocks_12per_8 ----------
[00:00:00:19:648] Path of length 54 found: [0, 1, 2, 3, 4, 5, 6, 7, 15, 23, 31, 30, 29, 21, 22, 14, 13, 12, 20, 28, 36, 44, 43, 35, 34, 26, 27, 19, 18, 10, 9, 8, 16, 17, 25, 24, 32, 33, 41, 49, 48, 56, 57, 58, 59, 60, 52, 53, 45, 37, 38, 46, 47, 55, 63]
[00:00:00:19:649] ! Unidirectional s-t. expansions: 8,426, time: 19,648 [ms], path length: 54 [edges], generated: 13,871
[00:00:00:08:816] Path of length 54 found: [63, 55, 47, 46, 45, 53, 52, 60, 59, 58, 57, 56, 48, 49, 41, 33, 32, 24, 25, 17, 16, 8, 9, 10, 18, 19, 20, 21, 22, 30, 29, 28, 27, 26, 34, 35, 43, 44, 36, 37, 38, 39, 31, 23, 15, 7, 6, 14, 13, 5, 4, 3, 2, 1, 0]
[00:00:00:08:820] ! Unidirectional t-s. expansions: 5,418, time: 8,816 [ms], path length: 54 [edges], generated: 9,433
[00:00:00:14:899] Expansion 10,000: F [0, 1, 9, 8, 16, 17, 18, 10, 2, 3, 4, 12, 20, 19, 27, 28, 36, 44, 43, 35, 34, 26, 25, 24, 32, 33, 41, 49, 48, 56], B [63], f=55, g=29
[00:00:00:24:163] Path of length 54 found: [0, 8, 16, 24, 32, 33, 41, 49, 48, 56, 57, 58, 59, 60, 52, 53, 45, 37, 29, 21, 13, 12, 20, 19, 27, 28, 36, 44, 43, 35, 34, 26, 25, 17, 18, 10, 9, 1, 2, 3, 4, 5, 6, 7, 15, 14, 22, 23, 31, 30, 38, 46, 47, 55, 63]
[00:00:00:24:647] ! Bidirectional. expansions: 15,034, time: 24,163 [ms], path length: 54 [edges], g_F: 52, g_B: 2, generated: {'F': 12,836, 'B': 12,801}, MM: 50, MMPER: 89.9090909090909%
[00:00:00:24:647] 
---------- SM_Grids/8x8_grid_with_random_blocks_12per_9 ----------
[00:00:00:15:287] Expansion 10,000: state None, f=54, g=27
[00:00:00:25:873] Expansion 20,000: state None, f=53, g=36
[00:00:00:34:450] Expansion 30,000: state None, f=53, g=40
[00:00:00:43:782] Expansion 40,000: state None, f=53, g=29
[00:00:00:53:908] Expansion 50,000: state None, f=53, g=39
[00:00:01:03:353] Expansion 60,000: state None, f=53, g=42
[00:00:01:14:177] Expansion 70,000: state None, f=53, g=36
[00:00:01:26:242] Expansion 80,000: state None, f=53, g=17
[00:00:01:36:628] Path of length 52 found: [0, 1, 2, 10, 9, 8, 16, 24, 32, 40, 48, 56, 57, 58, 50, 49, 41, 33, 25, 26, 18, 19, 11, 12, 4, 5, 6, 7, 15, 23, 31, 30, 38, 46, 47, 55, 54, 53, 45, 37, 29, 21, 20, 28, 27, 35, 43, 51, 59, 60, 61, 62, 63]
[00:00:01:36:630] ! Unidirectional s-t. expansions: 87,139, time: 96,628 [ms], path length: 52 [edges], generated: 146,952
[00:00:00:20:729] Expansion 10,000: state None, f=54, g=29
[00:00:00:33:359] Expansion 20,000: state None, f=54, g=27
[00:00:00:46:711] Expansion 30,000: state None, f=53, g=41
[00:00:00:56:571] Expansion 40,000: state None, f=53, g=37
[00:00:01:06:484] Expansion 50,000: state None, f=53, g=39
[00:00:01:15:771] Expansion 60,000: state None, f=53, g=31
[00:00:01:27:476] Expansion 70,000: state None, f=53, g=41
[00:00:01:41:213] Expansion 80,000: state None, f=53, g=18
[00:00:01:54:681] Expansion 90,000: state None, f=53, g=12
[00:00:02:07:527] Path of length 52 found: [63, 62, 61, 60, 59, 58, 50, 49, 57, 56, 48, 40, 41, 33, 32, 24, 25, 26, 34, 35, 43, 51, 52, 53, 54, 55, 47, 46, 45, 37, 38, 30, 31, 23, 15, 7, 6, 5, 4, 12, 13, 21, 29, 28, 20, 19, 11, 10, 2, 1, 9, 8, 0]
[00:00:02:07:528] ! Unidirectional t-s. expansions: 96,939, time: 127,527 [ms], path length: 52 [edges], generated: 164,435
[00:00:00:21:967] Expansion 10,000: F [0, 1, 2, 10, 9, 8, 16, 24, 25, 33, 32, 40, 41, 49, 48, 56, 57, 58], B [63, 62, 61, 60, 52, 53, 54, 55, 47, 46, 38, 37, 36, 28, 20], f=55, g=31
[00:00:00:43:411] Expansion 20,000: F [0, 1, 2, 10, 9, 8, 16, 24, 32, 40, 48, 56, 57, 49, 41, 33, 25, 26, 34, 35, 43, 51, 50, 58, 59, 60, 61], B [63, 62, 54, 55, 47, 46, 38, 30, 31, 23, 15, 7, 6, 5, 4, 12], f=54, g=41
[00:00:00:56:701] Expansion 30,000: F [0, 1, 2, 10, 9, 8, 16, 24, 25, 26, 18, 19, 11, 12, 4, 5, 6, 7, 15, 23, 31, 30, 29, 21, 20, 28], B [63, 62, 54, 55, 47, 46, 38, 37, 45, 53, 52, 60, 59, 58, 57, 56, 48, 49], f=54, g=42
[00:00:01:11:552] Expansion 40,000: F [0, 1, 2, 10], B [63, 62, 61, 60, 52, 53, 54, 55, 47, 46, 45, 37, 36, 28, 27, 35, 43, 51, 59, 58, 50, 49, 57, 56, 48, 40, 32], f=54, g=29
[00:00:01:27:344] Expansion 50,000: F [0, 1, 9, 8, 16, 24, 32, 33], B [63, 62, 61, 60, 52, 53, 54, 55, 47, 46, 45, 37, 38, 30, 31, 23, 15, 7, 6, 5, 13], f=54, g=27
[00:00:01:43:734] Expansion 60,000: F [0, 1, 9, 8, 16, 24, 32, 40, 48, 56, 57, 58, 50, 49, 41, 33, 34, 26, 27, 19, 18, 10], B [63, 55, 47, 46, 54, 62, 61, 60, 59, 51], f=54, g=30
[00:00:02:13:894] Expansion 70,000: F [0, 8, 9, 1, 2, 10, 18, 26, 27, 19, 20, 28, 29, 21, 13, 12, 4, 5, 6, 7, 15, 23, 31, 30, 38, 46, 47, 55, 54, 53], B [63, 62, 61, 60, 59, 58, 57, 56, 48, 40, 32, 24], f=54, g=40
[00:00:02:32:550] Expansion 80,000: F [0, 1, 9, 8, 16, 24, 25, 26, 18, 10, 11, 19, 20, 21, 13, 12, 4, 5, 6, 7, 15, 23], B [63, 62, 54, 55, 47, 46, 38, 37, 45, 53, 52, 60], f=54, g=32
[00:00:02:52:970] Expansion 90,000: F [0, 1, 2, 10, 9, 8, 16], B [63, 55, 54, 62, 61, 53, 52, 60, 59, 58, 57, 49], f=54, g=17
[00:00:03:14:468] Expansion 100,000: F [0, 1, 9, 8, 16, 24, 25, 26, 27, 28], B [63, 55, 54, 62, 61, 53, 52, 60, 59, 58, 57, 56, 48, 49], f=54, g=22
[00:00:03:14:469] Expansions: 100,000. Checks - state_vs_state: 748, prefix: 415,172
[00:00:03:14:469] Expansions: 100,000. Checks - state_vs_state: 748, prefix: 415,173
[00:00:03:14:469] Expansions: 100,000. Checks - state_vs_state: 748, prefix: 415,174
[00:00:03:14:470] Expansions: 100,000. Checks - state_vs_state: 748, prefix: 415,175
[00:00:03:14:471] Expansions: 100,000. Checks - state_vs_state: 748, prefix: 415,176
[00:00:03:23:693] Expansion 110,000: F [0, 1, 2, 10, 9, 8, 16, 24, 32, 40, 41, 49, 48, 56, 57, 58, 59, 51, 43], B [63, 55, 47, 46, 54, 62, 61, 60, 52, 53, 45, 37, 29, 30, 31, 23, 15, 7, 6, 5, 13, 21, 20, 12, 11, 19, 18, 26], f=53, g=45
[00:00:03:32:555] Expansion 120,000: F [0, 1, 2, 10, 9, 8, 16, 24, 32, 40, 48, 56, 57, 58, 59, 60, 61, 62, 54, 53], B [63, 55, 47, 46, 38, 30, 31, 23, 15, 7, 6, 5, 13, 12, 20, 21, 29, 28, 27, 19, 18, 26, 34], f=53, g=41
[00:00:03:42:935] Expansion 130,000: F [0, 1, 2, 10, 9, 8, 16, 24, 32, 40, 48, 56, 57, 58, 59, 60, 61, 53, 45, 37, 36, 28, 27, 35, 43, 51, 50, 49, 41], B [63, 62, 54, 55, 47, 46, 38, 30, 31, 23, 15, 7, 6, 5, 4, 12, 13, 21, 20, 19], f=53, g=47
[00:00:03:53:211] Expansion 140,000: F [0, 8], B [63, 62, 54, 55, 47, 46, 45, 53, 61, 60, 52, 51, 59, 58, 57, 56, 48, 49, 41, 40, 32, 33, 34, 35, 36, 28, 20, 21, 29, 37, 38, 30, 31, 23, 15, 7, 6, 5, 4, 12, 11, 19, 27, 26], f=53, g=44
[00:00:04:03:957] Expansion 150,000: F [0, 1, 9, 8, 16, 24, 32, 40, 41, 33, 34, 26, 27, 28, 29, 21, 20, 19, 18, 10, 11, 12, 4, 5, 6, 7, 15, 23, 31], B [63, 55, 47, 46, 54, 62, 61, 60, 59, 58, 57, 56, 48, 49, 50, 51], f=53, g=43
[00:00:04:15:708] Expansion 160,000: F [0, 1, 2, 10, 9, 8, 16, 24, 32, 40, 48, 56, 57, 49, 41, 33, 34, 35, 36, 28, 27, 26, 18, 19, 20, 12, 4], B [63, 55, 47, 46, 54, 62, 61, 60, 59, 58, 50, 51], f=53, g=37
[00:00:04:27:140] Expansion 170,000: F [0, 1, 9, 8, 16, 24, 32, 40, 48, 56, 57, 58, 59, 60, 52, 53, 45, 37, 29, 21, 20, 19, 27, 28, 36, 35, 43, 51, 50, 49, 41, 33], B [63, 62, 54, 55, 47, 46, 38, 30, 31, 23, 15, 7, 6, 5, 4, 12, 11, 10, 18, 26], f=53, g=50
[00:00:04:39:792] Expansion 180,000: F [0, 8], B [63, 55, 47, 46, 45, 53, 54, 62, 61, 60, 59, 58, 57, 56, 48, 49, 50, 51, 43, 35, 27, 28, 36, 37, 38, 30, 31, 23, 15, 7, 6, 5, 13, 21, 20], f=53, g=35
[00:00:04:51:462] Expansion 190,000: F [0, 8, 9, 1, 2, 10, 11, 19, 27, 26, 25, 24, 32, 40, 48, 56, 57, 58, 50, 49, 41, 33, 34, 35, 36, 28, 29, 21, 20, 12], B [63, 55, 47, 46, 54, 62, 61, 60, 59, 51, 52], f=53, g=39
[00:00:05:04:325] Expansion 200,000: F [0, 1, 2, 10, 9, 8, 16, 24, 25, 26], B [63, 55, 54, 62, 61, 60, 52, 53, 45, 46, 38, 30, 31, 23, 15, 7, 6, 5, 13, 12, 11, 19, 20, 21, 29, 37, 36], f=53, g=35
[00:00:05:04:326] Expansions: 200,000. Checks - state_vs_state: 2,330, prefix: 833,969
[00:00:05:04:326] Expansions: 200,000. Checks - state_vs_state: 2,330, prefix: 833,970
[00:00:05:04:326] Expansions: 200,000. Checks - state_vs_state: 2,330, prefix: 833,971
[00:00:05:04:327] Expansions: 200,000. Checks - state_vs_state: 2,330, prefix: 833,972
[00:00:05:04:327] Expansions: 200,000. Checks - state_vs_state: 2,330, prefix: 833,973
[00:00:05:16:905] Expansion 210,000: F [0, 1, 2, 10, 9, 8, 16, 24, 25, 33, 41, 40, 48, 56, 57, 49, 50, 58, 59, 60, 52, 51, 43, 35, 27, 26, 18, 19, 11, 12, 4, 5], B [63, 55, 54, 62, 61, 53, 45, 46, 38, 30], f=53, g=40
[00:00:05:32:432] Expansion 220,000: F [0, 8], B [63, 62, 61, 53, 54, 55, 47, 46, 38, 37, 36, 28, 29, 30, 31, 23, 15, 7, 6, 5, 4, 12, 13, 21, 20, 19, 27, 35, 34, 33, 41, 49, 50], f=53, g=33
[00:00:05:46:026] Expansion 230,000: F [0, 1, 9, 8, 16, 24, 32, 40, 48, 56, 57, 58, 50, 49, 41, 33, 34, 26, 18, 10, 11, 12, 20, 19, 27, 28, 36, 35], B [63, 55, 47, 46, 38, 30, 31, 23, 15, 7, 6, 5, 13, 21, 29, 37, 45, 53, 54, 62, 61, 60], f=53, g=48
[00:00:05:59:983] Expansion 240,000: F [0, 8], B [63, 55, 47, 46, 38, 37, 45, 53, 54, 62, 61, 60, 59, 51, 43, 35, 36, 28, 29, 30, 31, 23, 15, 7, 6, 5, 13, 12, 20, 19], f=53, g=30
[00:00:06:14:497] Expansion 250,000: F [0, 8, 9, 1, 2, 10, 11, 12, 20, 21, 13, 5, 6, 7, 15, 23], B [63, 62, 54, 55, 47, 46, 38, 37, 45, 53, 52, 60, 59, 58, 57, 56, 48, 40, 32, 24], f=53, g=34
[00:00:06:28:279] Expansion 260,000: F [0, 1, 9, 8, 16, 24, 32, 40, 48, 56, 57, 49], B [63, 55, 54, 62, 61, 53, 45, 46, 38, 30, 31, 23, 15, 7, 6, 5, 13, 12, 11, 10, 18, 19, 27, 28, 20, 21, 29], f=53, g=37
[00:00:06:43:118] Expansion 270,000: F [0, 8, 9, 1, 2, 10, 18, 19, 20], B [63, 62, 61, 60, 52, 51, 59, 58, 50, 49, 57, 56, 48, 40, 41, 33, 32, 24], f=53, g=25
[00:00:06:58:505] Expansion 280,000: F [0, 1, 9, 8, 16, 24, 25, 26, 27, 19, 18, 10, 11, 12, 20, 28, 29, 21, 13, 5, 6, 7], B [63, 62, 61, 60, 59, 58, 57, 56, 48, 40, 41], f=53, g=31
[00:00:07:13:504] Expansion 290,000: F [0, 1, 9, 8, 16, 24, 32, 33, 25, 26, 18, 10, 11, 12, 20], B [63, 62, 54, 55, 47, 46, 45, 53, 61, 60], f=53, g=23
[00:00:07:31:068] Expansion 300,000: F [0, 8, 9, 1, 2, 10, 11, 12, 13, 5, 6, 7, 15, 23, 31, 30, 38, 46, 47, 55, 54, 53], B [63, 62, 61, 60, 59, 58, 57, 56, 48, 49, 41, 40, 32, 24, 25, 33, 34, 26, 18, 19, 27], f=53, g=41
[00:00:07:31:069] Expansions: 300,000. Checks - state_vs_state: 4,214, prefix: 1,240,024
[00:00:07:31:069] Expansions: 300,000. Checks - state_vs_state: 4,214, prefix: 1,240,025
[00:00:07:31:069] Expansions: 300,000. Checks - state_vs_state: 4,214, prefix: 1,240,026
[00:00:07:31:070] Expansions: 300,000. Checks - state_vs_state: 4,214, prefix: 1,240,027
[00:00:07:31:070] Expansions: 300,000. Checks - state_vs_state: 4,214, prefix: 1,240,028
[00:00:07:51:563] Expansion 310,000: F [0, 1, 2, 10, 9, 8, 16, 24, 32, 33, 34, 26, 18, 19, 27], B [63, 55, 47, 46, 54, 53], f=53, g=19
[00:00:08:11:855] Expansion 320,000: F [0, 8, 9, 1, 2, 10, 11, 12, 4, 5], B [63, 62, 61, 60, 52, 51, 50, 58, 57, 56, 48, 49, 41, 40, 32, 24, 25, 33, 34, 35, 36, 37, 45, 53, 54, 55, 47, 46, 38, 30], f=53, g=38
[00:00:08:34:995] Expansion 330,000: F [0, 1, 9, 8, 16, 24, 25, 26, 18, 10, 11, 19, 27, 28, 20, 21, 13, 12, 4, 5, 6, 7], B [63, 62, 54, 46, 45, 53, 61, 60, 52, 51], f=53, g=30
[00:00:08:56:868] Expansion 340,000: F [0, 8], B [63, 55, 47, 46, 54, 53, 52, 60, 59, 51, 43, 35, 36, 28, 20, 21, 29, 37, 38], f=53, g=19
[00:00:09:12:045] Path of length 52 found: [0, 1, 2, 10, 9, 8, 16, 24, 32, 40, 48, 56, 57, 58, 50, 49, 41, 33, 25, 26, 18, 19, 11, 12, 20, 21, 13, 5, 6, 7, 15, 23, 31, 30, 38, 37, 29, 28, 36, 35, 43, 51, 59, 60, 52, 53, 61, 62, 54, 46, 47, 55, 63]
[00:00:09:12:686] ! Bidirectional. expansions: 346,408, time: 552,046 [ms], path length: 52 [edges], g_F: 21, g_B: 31, generated: {'F': 270,471, 'B': 344,627}, MM: 10, MMPER: 17.867924528301888%
[00:00:09:12:686] average expansions: (31,408, 31,830, 153,393, 0)
[00:00:09:12:686] average time: (36,138, 39,416, 247,020, 0)
[00:00:09:12:686] XA*: 31,408 , 36,138 (expansions , time[ms])
[00:00:09:12:686] BiXA*: 153,393 , 247,020 (expansions , time[ms])

