--------------------------
date: SM_Grids
number_of_graphs: 10
graph_type: grid
size_of_graphs: [7, 8]
heuristic: bcc_heuristic
snake: False
run_uni: True
run_bi: True
run_multi: False
solution_vertices: []
algorithms: ['A']
lookahead: 1
bsd: False
cube_first_dims: 4
cube_buffer_dim: None
backward_sym_generation: False
sym_coil: False
prefix_set: None

---------- SM_Grids/7x8_grid_with_random_blocks_8per_0 ----------
[00:00:00:09:997] Expansion 10,000: state None, f=49, g=10
[00:00:00:21:245] Expansion 20,000: state None, f=49, g=18
[00:00:00:32:762] Expansion 30,000: state None, f=49, g=30
[00:00:00:43:562] Expansion 40,000: state None, f=49, g=26
[00:00:00:54:513] Expansion 50,000: state None, f=49, g=27
[00:00:01:06:154] Expansion 60,000: state None, f=49, g=27
[00:00:01:16:712] Expansion 70,000: state None, f=48, g=35
[00:00:01:23:518] Expansion 80,000: state None, f=48, g=41
[00:00:01:31:653] Expansion 90,000: state None, f=48, g=32
[00:00:01:39:163] Expansion 100,000: state None, f=48, g=33
[00:00:01:48:165] Expansion 110,000: state None, f=48, g=29
[00:00:01:55:803] Expansion 120,000: state None, f=48, g=28
[00:00:02:03:615] Expansion 130,000: state None, f=48, g=41
[00:00:02:11:589] Expansion 140,000: state None, f=48, g=33
[00:00:02:20:954] Expansion 150,000: state None, f=48, g=32
[00:00:02:28:855] Expansion 160,000: state None, f=48, g=41
[00:00:02:36:910] Expansion 170,000: state None, f=48, g=38
[00:00:02:45:476] Expansion 180,000: state None, f=48, g=43
[00:00:02:55:130] Expansion 190,000: state None, f=48, g=32
[00:00:03:03:070] Expansion 200,000: state None, f=48, g=33
[00:00:03:10:792] Expansion 210,000: state None, f=48, g=27
[00:00:03:18:238] Expansion 220,000: state None, f=48, g=32
[00:00:03:29:221] Expansion 230,000: state None, f=48, g=21
[00:00:03:37:517] Expansion 240,000: state None, f=48, g=30
[00:00:03:45:833] Expansion 250,000: state None, f=48, g=33
[00:00:03:54:418] Expansion 260,000: state None, f=48, g=33
[00:00:04:02:894] Expansion 270,000: state None, f=48, g=41
[00:00:04:10:894] Expansion 280,000: state None, f=48, g=27
[00:00:04:22:891] Expansion 290,000: state None, f=48, g=36
[00:00:04:30:325] Expansion 300,000: state None, f=48, g=38
[00:00:04:38:838] Expansion 310,000: state None, f=48, g=15
[00:00:04:47:616] Expansion 320,000: state None, f=48, g=30
[00:00:04:56:392] Expansion 330,000: state None, f=48, g=33
[00:00:05:04:745] Expansion 340,000: state None, f=48, g=34
[00:00:05:12:932] Expansion 350,000: state None, f=48, g=37
[00:00:05:20:797] Expansion 360,000: state None, f=48, g=40
[00:00:05:39:308] Path of length 47 found: [0, 8, 16, 24, 32, 33, 34, 42, 50, 51, 52, 53, 45, 44, 36, 35, 27, 19, 20, 21, 22, 14, 13, 12, 11, 10, 18, 26, 25, 17, 9, 1, 2, 3, 4, 5, 6, 7, 15, 23, 31, 30, 29, 37, 38, 46, 47, 55]
[00:00:05:39:310] ! Unidirectional s-t. expansions: 369,965, time: 339,308 [ms], path length: 47 [edges], generated: 602,881
[00:00:00:13:708] Expansion 10,000: state None, f=49, g=33
[00:00:00:25:091] Expansion 20,000: state None, f=48, g=30
[00:00:00:34:412] Expansion 30,000: state None, f=48, g=21
[00:00:00:43:915] Expansion 40,000: state None, f=48, g=27
[00:00:00:53:508] Expansion 50,000: state None, f=48, g=27
[00:00:01:02:851] Expansion 60,000: state None, f=48, g=33
[00:00:01:34:569] Expansion 70,000: state None, f=48, g=27
[00:00:01:44:073] Expansion 80,000: state None, f=48, g=22
[00:00:01:55:537] Expansion 90,000: state None, f=48, g=25
[00:00:02:04:757] Expansion 100,000: state None, f=48, g=26
[00:00:02:13:302] Expansion 110,000: state None, f=48, g=30
[00:00:02:25:498] Expansion 120,000: state None, f=48, g=25
[00:00:02:36:786] Expansion 130,000: state None, f=48, g=19
[00:00:02:46:202] Expansion 140,000: state None, f=48, g=28
[00:00:02:57:975] Expansion 150,000: state None, f=48, g=34
[00:00:03:06:573] Expansion 160,000: state None, f=48, g=18
[00:00:03:15:314] Expansion 170,000: state None, f=48, g=33
[00:00:03:30:469] Expansion 180,000: state None, f=48, g=43
[00:00:03:40:189] Expansion 190,000: state None, f=48, g=32
[00:00:03:50:361] Expansion 200,000: state None, f=48, g=32
[00:00:03:59:755] Expansion 210,000: state None, f=48, g=33
[00:00:04:08:828] Expansion 220,000: state None, f=48, g=17
[00:00:04:22:828] Expansion 230,000: state None, f=48, g=45
[00:00:04:34:056] Path of length 47 found: [55, 47, 46, 38, 39, 31, 30, 29, 37, 36, 44, 45, 53, 52, 51, 50, 42, 34, 35, 27, 28, 20, 21, 22, 23, 15, 7, 6, 14, 13, 5, 4, 12, 11, 3, 2, 10, 18, 26, 25, 33, 32, 24, 16, 17, 9, 1, 0]
[00:00:04:34:058] ! Unidirectional t-s. expansions: 239,539, time: 274,056 [ms], path length: 47 [edges], generated: 425,861
[00:00:00:15:425] Expansion 10,000: F [0, 8, 16, 24, 32, 33, 25, 17, 9, 1, 2, 10, 18, 19, 11, 3, 4, 5, 6, 7, 15, 14, 13, 12], B [55, 47, 39, 31, 23, 22, 21, 29, 30, 38, 46, 45], f=49, g=34
[00:00:00:30:597] Expansion 20,000: F [0, 8, 16, 24, 32], B [55, 47, 46, 38, 39, 31, 30, 29, 21, 22, 23, 15, 7, 6, 14, 13, 5, 4, 12, 11, 3, 2, 1], f=49, g=26
[00:00:00:46:805] Expansion 30,000: F [0, 8, 16, 17, 9, 1, 2], B [55, 47, 39, 31, 30, 29, 28, 20, 21, 22, 23], f=49, g=16
[00:00:01:05:908] Expansion 40,000: F [0, 8, 16, 17, 25], B [55, 47, 39, 31, 30, 22, 23, 15, 7, 6, 14, 13, 5, 4, 3, 2, 1, 9, 10, 18, 26], f=49, g=24
[00:00:01:24:809] Expansion 50,000: F [0, 8, 9, 1, 2, 3, 11, 10, 18, 19, 27, 26, 25, 17, 16, 24, 32, 33, 34], B [55, 47, 39, 31, 23, 15, 7, 6, 5, 4, 12, 20, 21, 13, 14, 22, 30, 29, 28, 36], f=49, g=37
[00:00:01:43:825] Expansion 60,000: F [0, 8, 9, 1, 2, 10, 18, 17, 16, 24, 32], B [55, 47, 46, 38, 39, 31, 23, 15, 7, 6, 5, 4, 3, 11, 19, 27, 28, 20], f=49, g=27
[00:00:02:00:806] Expansion 70,000: F [0, 1, 9, 8, 16, 24, 32, 33, 25, 17, 18, 10, 2, 3, 4, 12, 11, 19, 20, 28, 27, 26, 34], B [55, 47, 39, 31, 23, 15, 7, 6, 5, 13, 14, 22, 21, 29, 30, 38, 46, 45], f=49, g=39
[00:00:02:17:237] Expansion 80,000: F [0, 1, 9, 8, 16, 17, 18, 10, 2, 3, 11, 19, 20, 21, 13, 12, 4, 5, 6, 7, 15, 14, 22, 23, 31, 30, 29, 28, 27, 26, 25, 24], B [55, 47, 39, 38, 46, 45], f=49, g=36
[00:00:02:33:268] Expansion 90,000: F [0, 1, 2, 10, 9, 8, 16, 24, 32, 33, 25, 17, 18, 26, 27, 19, 11, 3, 4, 5, 13, 12], B [55, 47, 39, 31, 23, 15, 7, 6, 14, 22, 21, 29, 30, 38, 46, 45], f=49, g=36
[00:00:02:49:291] Expansion 100,000: F [0, 1, 2, 10, 18, 17, 9, 8, 16, 24, 32], B [55, 47, 39, 31, 23, 22, 14, 15, 7, 6, 5, 4, 3, 11, 12, 13, 21, 20, 19, 27, 28, 29, 30], f=49, g=32
[00:00:02:49:291] Expansions: 100,000. Checks - state_vs_state: 3,912, prefix: 429,068
[00:00:02:49:291] Expansions: 100,000. Checks - state_vs_state: 3,912, prefix: 429,069
[00:00:02:49:292] Expansions: 100,000. Checks - state_vs_state: 3,912, prefix: 429,070
[00:00:03:07:110] Expansion 110,000: F [0, 1, 2, 3, 11, 10, 9, 8, 16, 17, 25, 24, 32], B [55, 47, 39, 31, 23, 15, 7, 6, 5, 4, 12, 20, 21, 13], f=49, g=25
[00:00:03:24:389] Expansion 120,000: F [0, 1, 2, 3, 11, 19, 20, 21, 13, 12, 4, 5, 6, 7, 15, 14, 22, 23, 31, 30, 29, 28, 27, 26, 18, 10, 9], B [55, 47, 39, 38, 46, 45], f=49, g=31
[00:00:03:41:916] Expansion 130,000: F [0, 1, 2, 3, 4, 5, 13, 12, 11, 10, 18, 17, 9, 8, 16, 24, 32], B [55, 47, 39, 31, 23, 15, 7, 6, 14, 22, 21, 29, 30, 38], f=49, g=29
[00:00:04:27:323] Expansion 140,000: F [0, 1, 2, 3, 4, 5, 6, 7, 15, 14, 13, 12, 11, 10, 18, 19, 20, 28], B [55, 47, 46, 45, 53], f=49, g=21
[00:00:04:36:784] Expansion 150,000: F [0, 8, 16, 24, 32, 33, 34, 42, 50, 51, 52, 53, 45, 44, 36], B [55, 47, 46, 38, 39, 31, 30, 29, 28, 20, 21, 22, 23, 15, 7, 6, 14, 13, 5, 4, 12, 11, 3, 2, 1, 9, 10, 18], f=48, g=41
[00:00:04:43:835] Expansion 160,000: F [0, 1, 2, 10, 11, 3, 4, 5, 13, 12, 20, 21, 29, 28, 27, 19, 18, 17, 9, 8, 16, 24, 32, 33, 25, 26, 34], B [55, 47, 39, 31, 23, 15, 7, 6, 14, 22, 30, 38, 46, 45, 37], f=48, g=40
[00:00:04:51:396] Expansion 170,000: F [0, 8, 16, 24, 32, 33, 25, 17, 18, 10, 9, 1, 2, 3, 11, 12, 4, 5, 6, 7, 15, 14, 13, 21, 29, 30, 22, 23, 31, 39, 38, 37, 36, 28, 20], B [55, 47, 46, 45, 53, 52], f=48, g=39
[00:00:04:59:203] Expansion 180,000: F [0, 1, 2, 3, 11, 19, 27, 26, 25, 17, 18, 10, 9, 8, 16, 24, 32, 33, 34], B [55, 47, 39, 31, 30, 29, 21, 13, 14, 22, 23, 15, 7, 6, 5, 4, 12, 20, 28, 36, 37, 38, 46], f=48, g=40
[00:00:05:07:529] Expansion 190,000: F [0, 8, 16, 17, 9, 1, 2, 10, 11, 3, 4, 12, 20, 19, 18, 26, 25, 24, 32, 33, 34, 42, 50, 51, 52, 53, 45], B [55, 47, 39, 31, 30, 22, 23, 15, 7, 6, 14, 13, 21, 29, 28, 27, 35, 36], f=48, g=43
[00:00:05:16:158] Expansion 200,000: F [0, 1, 9, 8, 16, 24, 32, 33, 25, 17, 18, 19, 11, 10, 2, 3, 4, 5, 13, 12, 20, 21, 22, 14, 6, 7, 15, 23, 31, 39, 38, 37, 29, 28], B [55, 47, 46, 45, 53, 52], f=48, g=38
[00:00:05:16:159] Expansions: 200,000. Checks - state_vs_state: 6,090, prefix: 844,423
[00:00:05:16:160] Expansions: 200,000. Checks - state_vs_state: 6,090, prefix: 844,424
[00:00:05:16:160] Expansions: 200,000. Checks - state_vs_state: 6,090, prefix: 844,425
[00:00:05:16:160] Expansions: 200,000. Checks - state_vs_state: 6,090, prefix: 844,426
[00:00:05:25:228] Expansion 210,000: F [0, 8, 16, 24, 32, 33, 25, 17, 9, 1, 2, 10, 11, 19, 18, 26, 27, 35, 34, 42, 50, 51, 52], B [55, 47, 39, 31, 23, 15, 7, 6, 5, 4, 12, 13, 14, 22, 21, 20, 28, 36, 37, 29, 30, 38, 46, 45], f=48, g=45
[00:00:05:35:141] Expansion 220,000: F [0, 8, 16, 17, 18, 10, 9, 1, 2, 3, 4, 5, 6, 7, 15, 23, 22, 14, 13, 21, 20, 12, 11, 19, 27, 26, 25, 24, 32, 33, 34], B [55, 47, 46, 38, 39, 31, 30, 29, 37, 36], f=48, g=39
[00:00:05:45:159] Expansion 230,000: F [0, 1, 2, 10, 18, 17, 9, 8, 16, 24, 32, 33, 25, 26, 34], B [55, 47, 39, 31, 23, 15, 7, 6, 14, 22, 21, 20, 12, 13, 5, 4, 3, 11, 19, 27, 28, 29, 30, 38, 37, 36], f=48, g=39
[00:00:05:55:705] Expansion 240,000: F [0, 8, 16, 24, 32, 33, 25, 26, 18, 17, 9, 1, 2, 10, 11, 3, 4, 5, 6, 7, 15, 14, 22, 21, 13, 12, 20, 19, 27], B [55, 47, 39, 31, 30, 29, 37, 38, 46, 45, 53, 52], f=48, g=39
[00:00:06:06:882] Expansion 250,000: F [0, 8, 9, 1, 2, 3, 11, 10, 18, 17, 16, 24, 32, 33, 25], B [55, 47, 39, 31, 23, 22, 30, 29, 21, 13, 14, 15, 7, 6, 5, 4, 12, 20, 19, 27, 35, 36, 37, 38, 46, 45], f=48, g=39
[00:00:06:17:695] Expansion 260,000: F [0, 1, 2, 10, 18, 17, 9, 8, 16, 24, 32, 33, 25, 26, 27, 28, 20, 12, 11, 3, 4, 5, 13, 21], B [55, 47, 39, 31, 23, 15, 7, 6, 14, 22, 30, 38, 46, 45, 53, 52], f=48, g=38
[00:00:06:29:270] Expansion 270,000: F [0, 8, 16, 24, 32], B [55, 47, 39, 31, 23, 15, 7, 6, 5, 4, 3, 2, 1, 9, 17, 18, 10, 11, 19, 27, 35, 36, 28, 20, 12, 13, 21], f=48, g=30
[00:00:06:43:758] Expansion 280,000: F [0, 8, 16, 17, 9, 1, 2, 10, 18, 19, 11, 3, 4, 5, 6, 7, 15, 14, 13, 12, 20, 21, 22, 23, 31, 39, 38, 37, 29, 28, 27, 26, 25, 24, 32], B [55, 47, 46, 45, 53, 52], f=48, g=39
[00:00:06:55:941] Expansion 290,000: F [0, 1, 9, 8, 16, 24, 32, 33, 25, 17, 18, 19, 11, 10, 2, 3, 4, 5, 6, 14, 15], B [55, 47, 46, 38, 39, 31, 30, 29, 37, 45, 53, 52], f=48, g=31
[00:00:07:07:958] Expansion 300,000: F [0, 1, 2, 3, 4, 5, 13, 12, 11, 10, 18, 17, 9, 8, 16, 24, 32], B [55, 47, 46, 38, 39, 31, 23, 15, 7, 6, 14, 22, 30, 29, 37, 36], f=48, g=31
[00:00:07:07:959] Expansions: 300,000. Checks - state_vs_state: 8,056, prefix: 1,251,834
[00:00:07:07:959] Expansions: 300,000. Checks - state_vs_state: 8,056, prefix: 1,251,835
[00:00:07:07:960] Expansions: 300,000. Checks - state_vs_state: 8,056, prefix: 1,251,836
[00:00:07:07:960] Expansions: 300,000. Checks - state_vs_state: 8,056, prefix: 1,251,837
[00:00:07:07:960] Expansions: 300,000. Checks - state_vs_state: 8,056, prefix: 1,251,838
[00:00:07:21:065] Expansion 310,000: F [0, 8, 16, 24, 32, 33, 25, 26, 34, 42, 50, 51, 52], B [55, 47, 39, 31, 23, 22, 14, 15, 7, 6, 5, 13, 12, 4, 3, 11, 10, 2, 1, 9, 17, 18, 19, 20, 28, 27, 35, 36, 37, 29, 30, 38, 46], f=48, g=44
[00:00:07:33:119] Expansion 320,000: F [0, 8, 16, 17, 9, 1, 2, 3, 11, 10, 18, 19, 20, 28, 29, 30, 22, 21, 13, 12, 4, 5, 6, 7, 15, 23, 31], B [55, 47, 46, 45, 53, 52], f=48, g=31
[00:00:07:45:648] Expansion 330,000: F [0, 1, 9, 8, 16, 17, 25, 24, 32], B [55, 47, 39, 31, 23, 22, 21, 13, 14, 15, 7, 6, 5, 4, 12, 20, 28, 29, 30, 38, 37], f=48, g=28
[00:00:07:57:900] Expansion 340,000: F [0, 1, 2, 3, 11, 19, 27, 26, 18, 10, 9, 17], B [55, 47, 39, 31, 23, 22, 14, 15, 7, 6, 5, 4, 12, 13, 21, 20, 28, 36], f=48, g=28
[00:00:08:11:025] Expansion 350,000: F [0, 8, 16, 17, 18, 19, 20, 12, 11, 10, 9, 1, 2, 3, 4, 5, 13, 14, 6, 7, 15, 23, 31, 30, 22, 21, 29, 28, 27, 26, 25, 24, 32, 33], B [55, 47, 39, 38, 37, 36], f=48, g=38
[00:00:08:24:152] Expansion 360,000: F [0, 8, 16, 24, 32, 33, 25, 17, 9, 1, 2, 10, 18, 19, 11, 12, 4, 5, 13, 14, 6], B [55, 47, 39, 31, 30, 29, 37, 38, 46, 45, 53, 52], f=48, g=31
[00:00:08:36:551] Expansion 370,000: F [0, 8, 16, 17, 18, 10, 9, 1, 2, 3, 4, 5, 6, 7, 15, 14, 22, 21, 13, 12, 11, 19, 20, 28, 27, 26, 25], B [55, 47, 46, 38, 39, 31, 30, 29, 37, 45, 53, 52], f=48, g=37
[00:00:08:49:447] Expansion 380,000: F [0, 1, 9, 8, 16, 17, 25, 24, 32], B [55, 47, 39, 31, 30, 29, 28, 20, 21, 13, 14, 22, 23, 15, 7, 6, 5, 4, 3, 2], f=48, g=27
[00:00:09:01:891] Expansion 390,000: F [0, 1, 2, 3, 11, 19, 27], B [55, 47, 39, 31, 23, 15, 7, 6, 5, 4, 12, 13, 14, 22, 21, 20, 28, 29, 30, 38, 37, 36, 44, 45, 53, 52, 51, 50], f=48, g=33
[00:00:09:15:083] Expansion 400,000: F [0, 1, 2, 3, 4, 5, 6, 7, 15, 23, 22, 14, 13, 12, 11, 19, 18, 10, 9, 8, 16, 17, 25, 24], B [55, 47, 46, 45, 44], f=48, g=27
[00:00:09:15:084] Expansions: 400,000. Checks - state_vs_state: 11,258, prefix: 1,662,547
[00:00:09:15:084] Expansions: 400,000. Checks - state_vs_state: 11,258, prefix: 1,662,548
[00:00:09:15:085] Expansions: 400,000. Checks - state_vs_state: 11,258, prefix: 1,662,549
[00:00:09:29:781] Expansion 410,000: F [0, 1, 2, 3, 4, 5, 6, 7, 15, 14, 13, 12, 11, 10, 9, 8, 16, 17, 18, 19, 20, 28], B [55, 47, 46, 45, 44], f=48, g=25
[00:00:09:44:397] Expansion 420,000: F [0, 8, 16, 24, 32, 33, 25, 17, 9, 1, 2, 10, 18, 19, 11, 3, 4, 5, 13, 14, 6, 7, 15, 23, 31], B [55, 47, 46, 45, 53, 52], f=48, g=29
[00:00:09:58:368] Expansion 430,000: F [0, 8, 9, 1, 2, 10, 18, 17, 16, 24, 32, 33, 25, 26, 34, 42, 50, 51, 52], B [55, 47, 46, 38, 39, 31, 23, 15, 7, 6, 5, 13, 14, 22, 21, 29, 28, 20, 12, 4, 3, 11, 19, 27, 35, 36, 37, 45], f=48, g=45
[00:00:10:11:947] Expansion 440,000: F [0, 1, 2, 10, 9, 8, 16, 17, 18, 19, 11, 3, 4, 12, 20, 28, 29, 30, 22, 14, 13], B [55, 47, 46, 45, 53, 52], f=48, g=25
[00:00:10:25:460] Expansion 450,000: F [0, 1, 2, 3, 4, 5, 6, 7, 15, 23, 22, 14, 13, 21, 29, 37, 36, 35, 27, 28, 20, 12, 11, 19, 18, 10], B [55, 47, 39, 31, 30, 38, 46, 45, 44, 52], f=48, g=34
[00:00:10:39:820] Expansion 460,000: F [0, 1, 2, 10, 18, 26], B [55, 47, 39, 31, 23, 15, 7, 6, 5, 4, 3, 11, 12, 13, 14, 22, 21, 20, 28, 36, 37, 29, 30], f=48, g=27
[00:00:10:53:061] Expansion 470,000: F [0, 8, 16, 24, 32, 33, 25, 26, 18, 17, 9, 1, 2, 3, 11, 12, 4, 5, 6, 7, 15, 23, 22, 14, 13, 21, 20, 19, 27], B [55, 47, 39, 31, 30, 38, 46, 45, 53, 52], f=48, g=37
[00:00:11:06:526] Expansion 480,000: F [0, 8, 16, 17, 18, 19, 20, 28, 29, 21, 13, 12, 11, 10, 9, 1, 2, 3, 4, 5, 6, 14, 15, 23, 22, 30, 31, 39], B [55, 47, 46, 45, 53, 52], f=48, g=32
[00:00:11:20:185] Expansion 490,000: F [0, 1, 9, 8, 16, 17, 18, 19, 11, 10, 2, 3, 4, 5, 13, 12, 20, 21, 29, 28], B [55, 47, 39, 31, 23, 15, 7, 6, 14, 22, 30, 38, 46, 45, 37, 36], f=48, g=34
[00:00:11:33:717] Expansion 500,000: F [0, 1, 2, 3, 11, 10, 9, 8, 16, 24, 32, 33, 25, 17, 18, 19, 27], B [55, 47, 39, 31, 23, 15, 7, 6, 14, 22, 30, 38, 37, 29, 21, 13, 5, 4, 12, 20, 28, 36, 44, 45, 53, 52, 51, 50, 42, 34], f=48, g=45
[00:00:11:33:718] Expansions: 500,000. Checks - state_vs_state: 14,544, prefix: 2,074,675
[00:00:11:33:718] Expansions: 500,000. Checks - state_vs_state: 14,544, prefix: 2,074,676
[00:00:11:33:718] Expansions: 500,000. Checks - state_vs_state: 14,544, prefix: 2,074,677
[00:00:11:33:718] Expansions: 500,000. Checks - state_vs_state: 14,544, prefix: 2,074,678
[00:00:11:33:718] Expansions: 500,000. Checks - state_vs_state: 14,544, prefix: 2,074,679
[00:00:11:33:718] Expansions: 500,000. Checks - state_vs_state: 14,544, prefix: 2,074,680
[00:00:11:47:038] Expansion 510,000: F [0, 1, 2, 3, 4, 5, 6, 7, 15, 23, 22, 14, 13, 21, 20, 12, 11, 10, 18, 17, 9, 8, 16, 24, 32, 33, 25, 26, 27, 35, 34, 42, 50, 51], B [55, 47, 46, 38, 39, 31, 30, 29, 28, 36, 37, 45], f=48, g=44
[00:00:12:01:949] Expansion 520,000: F [0, 1, 2, 10, 18, 17, 9, 8, 16, 24, 32, 33, 25, 26, 34, 42, 50, 51, 52, 53], B [55, 47, 46, 38, 39, 31, 23, 15, 7, 6, 5, 4, 3, 11, 12, 13, 21, 22], f=48, g=36
[00:00:12:15:583] Expansion 530,000: F [0, 8, 16, 24, 32, 33, 25, 17, 9, 1, 2, 3, 11, 12, 4, 5, 13, 21, 22, 14, 6, 7, 15, 23, 31], B [55, 47, 39, 38, 46, 45, 53, 52], f=48, g=31
[00:00:12:29:458] Expansion 540,000: F [0, 8, 16, 17, 25], B [55, 47, 46, 38, 39, 31, 23, 15, 7, 6, 5, 4, 12, 13, 14, 22, 21, 20, 19], f=48, g=22
[00:00:12:43:844] Expansion 550,000: F [0, 8, 9, 1, 2, 3, 4, 5, 6, 7, 15, 23, 22, 14, 13, 12, 11, 19, 18, 26, 25], B [55, 47, 46, 45, 53, 52], f=48, g=25
[00:00:12:57:736] Expansion 560,000: F [0, 1, 2, 10, 9, 8, 16, 24, 32, 33, 25, 17, 18, 26, 34, 42, 50, 51, 52, 53, 45], B [55, 47, 46, 38, 39, 31, 30, 29, 28, 20, 12, 13, 14, 22, 23, 15, 7, 6], f=48, g=37
[00:00:13:12:128] Expansion 570,000: F [0, 1, 2, 3, 4, 5, 13, 21, 20, 12, 11, 10, 9, 8, 16, 24, 32, 33, 25, 17, 18, 19, 27], B [55, 47, 46, 45, 44, 52, 51, 50, 42], f=48, g=30
[00:00:13:26:900] Expansion 580,000: F [0, 8, 9, 1, 2, 10, 18, 19, 11, 3, 4, 5, 13, 12, 20, 28, 29, 21, 22, 14, 6, 7], B [55, 47, 46, 45, 44, 52], f=48, g=26
[00:00:13:42:056] Expansion 590,000: F [0, 1, 2, 3, 4, 5, 6, 7, 15, 14, 13, 12, 20, 19, 11, 10, 18, 26, 25, 17, 9, 8, 16], B [55, 47, 39, 31, 23, 22, 30, 29], f=48, g=29
[00:00:13:57:604] Expansion 600,000: F [0, 8, 16, 24, 32, 33], B [55, 47, 46, 38, 39, 31, 23, 15, 7, 6, 5, 13, 14, 22, 21, 29, 28, 20, 12, 4, 3, 11, 19, 18, 10, 2, 1, 9, 17, 25], f=48, g=34
[00:00:13:57:605] Expansions: 600,000. Checks - state_vs_state: 17,481, prefix: 2,486,874
[00:00:13:57:605] Expansions: 600,000. Checks - state_vs_state: 17,481, prefix: 2,486,875
[00:00:13:57:605] Expansions: 600,000. Checks - state_vs_state: 17,481, prefix: 2,486,876
[00:00:13:57:605] Expansions: 600,000. Checks - state_vs_state: 17,482, prefix: 2,486,876
[00:00:13:57:605] Expansions: 600,000. Checks - state_vs_state: 17,482, prefix: 2,486,877
[00:00:14:11:917] Expansion 610,000: F [0, 8, 16, 17, 25], B [55, 47, 39, 31, 23, 15, 7, 6, 14, 22, 21, 20, 28, 29, 37], f=48, g=18
[00:00:14:27:439] Expansion 620,000: F [0, 8, 9, 1, 2, 3, 4, 12, 11, 10, 18, 19, 20, 21, 22, 14, 13, 5, 6, 7, 15, 23, 31, 39], B [55, 47, 46, 45, 44, 52], f=48, g=28
[00:00:14:42:230] Expansion 630,000: F [0, 1, 2, 10, 9, 8, 16, 24, 32, 33, 25, 26, 18, 19, 20, 12, 11, 3, 4, 5, 6, 7, 15, 23, 31], B [55, 47, 39, 38, 46, 45, 53, 52], f=48, g=31
[00:00:14:57:382] Expansion 640,000: F [0, 1, 2, 3, 4, 12, 20, 19, 11, 10, 9, 8, 16, 24, 32, 33, 25, 17, 18, 26, 34, 42], B [55, 47, 46, 45, 37, 38, 39, 31, 23, 22], f=48, g=30
[00:00:15:11:671] Expansion 650,000: F [0, 8, 16, 17, 18, 10, 9, 1, 2], B [55, 47, 39, 31, 30, 22, 23, 15, 7, 6, 14, 13, 21, 20], f=48, g=21
[00:00:15:26:778] Expansion 660,000: F [0, 1, 2, 10, 18, 26, 25, 17, 9, 8, 16, 24, 32], B [55, 47, 46, 38, 39, 31, 30, 22, 23, 15, 7, 6, 5, 4, 3, 11, 19, 27, 35, 36, 28], f=48, g=32
[00:00:15:40:857] Expansion 670,000: F [0, 8, 16, 24, 32, 33, 25, 17, 9, 1, 2, 10, 18, 26, 27, 35, 34, 42, 50, 51, 52, 53, 45], B [55, 47, 39, 31, 30, 29, 21, 22, 23, 15, 7, 6, 5, 13, 12], f=48, g=36
[00:00:15:53:163] Expansion 680,000: F [0, 8, 16, 24, 32, 33, 25, 26, 27, 19, 18, 10, 9, 1, 2, 3, 11, 12, 4, 5, 6, 7, 15, 14, 13, 21, 20, 28], B [55, 47, 46, 45, 53, 52], f=48, g=32
[00:00:16:08:567] Expansion 690,000: F [0, 8, 9, 1, 2, 10, 18, 26, 25, 17, 16, 24, 32, 33, 34, 42, 50, 51, 52, 53], B [55, 47, 39, 31, 30, 29, 28, 20, 12, 13, 21, 22, 14, 15], f=48, g=32
[00:00:16:23:098] Expansion 700,000: F [0, 1, 9, 8, 16, 17, 25, 24, 32], B [55, 47, 39, 31, 23, 22, 30, 38, 46, 45, 37, 29, 21, 13, 14, 15, 7, 6, 5, 4, 12, 20, 28, 36], f=48, g=31
[00:00:16:23:098] Expansions: 700,000. Checks - state_vs_state: 20,430, prefix: 2,897,488
[00:00:16:23:098] Expansions: 700,000. Checks - state_vs_state: 20,430, prefix: 2,897,489
[00:00:16:23:099] Expansions: 700,000. Checks - state_vs_state: 20,430, prefix: 2,897,490
[00:00:16:23:099] Expansions: 700,000. Checks - state_vs_state: 20,430, prefix: 2,897,491
[00:00:16:36:689] Expansion 710,000: F [0, 1, 2, 10, 9, 8, 16, 24, 32, 33, 25, 26, 18, 19, 20, 12, 11, 3, 4, 5, 13, 21, 29, 30, 22, 14, 6, 7, 15, 23, 31, 39], B [55, 47, 46, 45, 53, 52], f=48, g=36
[00:00:16:51:395] Expansion 720,000: F [0, 1, 2, 3, 4, 12, 11, 10, 9, 8, 16, 24, 32, 33, 25, 17, 18, 19], B [55, 47, 46, 45, 37, 38, 39, 31, 23, 15, 7, 6, 5, 13, 14, 22, 30, 29, 21, 20, 28, 36, 44, 52], f=48, g=40
[00:00:17:05:996] Expansion 730,000: F [0, 8, 16, 17, 9, 1, 2, 3, 4, 5, 13, 14, 6, 7, 15, 23, 31, 39, 38, 37, 36, 35, 27, 28, 29, 30, 22, 21, 20, 12, 11], B [55, 47, 46, 45, 44, 52, 51, 50, 42, 34, 33, 32, 24, 25, 26, 18], f=48, g=45
[00:00:17:21:455] Expansion 740,000: F [0, 1, 2, 10, 18, 17, 9, 8, 16, 24, 32, 33, 25, 26, 27, 28, 36, 35, 34, 42, 50, 51, 52], B [55, 47, 39, 31, 30, 22, 23, 15, 7, 6, 5, 4, 3, 11, 19, 20, 12, 13, 21, 29], f=48, g=41
[00:00:17:35:935] Expansion 750,000: F [0, 8, 16, 24, 32, 33, 25, 26, 27, 35, 34, 42, 50, 51, 52, 53, 45], B [55, 47, 39, 31, 23, 15, 7, 6, 14, 13, 12, 4, 3, 11, 10, 2, 1, 9, 17, 18, 19, 20, 21, 22, 30, 29, 28], f=48, g=42
[00:00:17:48:451] Expansion 760,000: F [0, 8, 16, 24, 32, 33, 25, 17, 9, 10, 2, 3, 11, 19, 18, 26, 27, 28, 20, 21, 29], B [55, 47, 46, 45, 53, 52], f=48, g=25
[00:00:18:03:719] Expansion 770,000: F [0, 8, 9, 1, 2, 10, 18, 19, 20], B [55, 47, 39, 31, 30, 22, 14, 15, 7], f=48, g=16
[00:00:18:18:471] Expansion 780,000: F [0, 1, 9, 8, 16, 24, 32, 33, 25, 17, 18, 26, 34, 42], B [55, 47, 39, 31, 23, 22, 21, 29, 28, 20, 12, 13, 14, 15, 7, 6, 5, 4, 3, 2, 10, 11, 19, 27, 35, 36, 37, 38], f=48, g=40
[00:00:18:32:218] Expansion 790,000: F [0, 1, 2, 10, 9, 8, 16, 24, 32, 33, 25, 17, 18, 26, 34, 42, 50, 51, 52, 53, 45], B [55, 47, 39, 31, 23, 15, 14, 6, 5, 13, 21, 22, 30, 29, 28, 20, 12, 4, 3, 11, 19, 27, 35], f=48, g=42
[00:00:18:46:657] Expansion 800,000: F [0, 1, 2, 3, 11, 10, 9, 8, 16, 24, 32, 33, 25, 17, 18, 26, 34, 42, 50, 51, 52, 53, 45, 44, 36, 35, 27], B [55, 47, 46, 38, 37, 29, 30, 31, 23, 15, 7, 6, 5, 4, 12, 13, 14, 22, 21], f=48, g=44
[00:00:18:46:657] Expansions: 800,000. Checks - state_vs_state: 23,100, prefix: 3,307,611
[00:00:18:46:657] Expansions: 800,000. Checks - state_vs_state: 23,100, prefix: 3,307,612
[00:00:18:46:658] Expansions: 800,000. Checks - state_vs_state: 23,100, prefix: 3,307,613
[00:00:19:01:280] Expansion 810,000: F [0, 1, 2, 3, 4, 5, 6, 7, 15, 14, 22, 23, 31, 30, 29, 21, 13, 12, 20, 19, 11, 10, 9, 8, 16, 17, 18, 26, 25, 24], B [55, 47, 39, 38, 37, 36], f=48, g=34
[00:00:19:19:602] Expansion 820,000: F [0, 8, 16, 17, 18, 19, 20, 28, 29, 30, 22, 21, 13, 12, 11, 10, 9, 1, 2, 3, 4, 5, 6], B [55, 47, 46, 45, 44, 52, 51, 50], f=48, g=29
[00:00:19:35:855] Expansion 830,000: F [0, 1, 2, 10, 18, 17, 9, 8, 16, 24, 32, 33, 25, 26, 34, 42, 50, 51, 52, 53, 45, 44, 36], B [55, 47, 46, 38, 39, 31, 30, 22, 14, 15, 7, 6, 5, 4, 3], f=48, g=36
[00:00:19:51:475] Expansion 840,000: F [0, 8, 16, 24, 32, 33, 25, 17, 18, 10, 9, 1, 2, 3, 4, 5, 6, 7, 15, 14, 13, 21, 29], B [55, 47, 39, 31, 23, 22, 30, 38, 37, 45, 53, 52], f=48, g=33
[00:00:20:04:096] Expansion 850,000: F [0, 8, 16, 24, 32, 33, 25, 17, 9, 1, 2, 3, 4, 12, 20, 19, 11, 10, 18, 26, 34, 42, 50, 51, 52], B [55, 47, 46, 38, 39, 31, 23, 22, 14, 15, 7, 6, 5, 13, 21, 29, 28, 27, 35, 36, 37, 45], f=48, g=45
[00:00:20:18:959] Expansion 860,000: F [0, 8, 16, 17, 18, 19, 27], B [55, 47, 39, 31, 30, 22, 14], f=48, g=12
[00:00:20:34:940] Expansion 870,000: F [0, 1, 9, 8, 16, 24, 32, 33], B [55, 47, 39, 31, 30, 22, 21, 29, 28, 20, 19, 11, 12, 13, 14, 15], f=48, g=22
[00:00:20:48:921] Expansion 880,000: F [0, 1, 2, 10, 9, 8, 16, 24, 32, 33, 25, 17, 18, 19, 20, 12, 11, 3, 4, 5, 13, 21, 22, 14, 6, 7, 15, 23, 31, 30, 29, 28, 27], B [55, 47, 39, 38, 37, 36, 44, 45, 53], f=48, g=40
[00:00:21:02:781] Expansion 890,000: F [0, 1, 2, 10, 11, 3, 4, 12, 13, 14, 6, 7, 15, 23, 31, 39, 38, 30, 22, 21, 20, 19, 18, 17, 9, 8, 16, 24, 32, 33, 25, 26, 27], B [55, 47, 46, 45, 53, 52], f=48, g=37
[00:00:21:18:585] Expansion 900,000: F [0, 8, 16, 17, 18, 26], B [55, 47, 39, 31, 30, 38, 37, 29, 21, 20], f=48, g=14
[00:00:21:18:586] Expansions: 900,000. Checks - state_vs_state: 26,082, prefix: 3,718,619
[00:00:21:18:586] Expansions: 900,000. Checks - state_vs_state: 26,082, prefix: 3,718,620
[00:00:21:18:586] Expansions: 900,000. Checks - state_vs_state: 26,082, prefix: 3,718,621
[00:00:21:18:587] Expansions: 900,000. Checks - state_vs_state: 26,082, prefix: 3,718,622
[00:00:21:18:588] Expansions: 900,000. Checks - state_vs_state: 26,082, prefix: 3,718,623
[00:00:21:18:588] Expansions: 900,000. Checks - state_vs_state: 26,082, prefix: 3,718,624
[00:00:21:34:873] Expansion 910,000: F [0, 1, 2, 10, 11, 19, 18, 26, 25, 17, 9, 8, 16, 24, 32], B [55, 47, 39, 31, 23, 22, 14, 15, 7, 6, 5, 4], f=48, g=25
[00:00:21:49:401] Expansion 920,000: F [0, 8, 16, 24, 32, 33, 34, 42, 50, 51, 52, 53, 45], B [55, 47, 39, 31, 30, 22, 14, 15, 7, 6, 5, 4, 3, 2, 1, 9, 10, 11, 19, 18], f=48, g=31
[00:00:22:02:173] Expansion 930,000: F [0, 8, 16, 24, 32, 33, 25, 26, 18, 17, 9], B [55, 47, 39, 38, 46, 45, 37, 36, 44, 52, 51, 50, 42, 34, 35, 27, 19, 20], f=48, g=27
[00:00:22:16:551] Expansion 940,000: F [0, 8, 9, 1, 2, 10, 18, 19, 20, 12, 11, 3, 4, 5, 6], B [55, 47, 39, 31, 23, 22, 30, 38, 37, 36], f=48, g=23
[00:00:22:32:366] Expansion 950,000: F [0, 1, 9, 17, 16], B [55, 47, 39, 31, 30, 29, 28, 36, 37, 38, 46], f=48, g=14
[00:00:22:45:803] Expansion 960,000: F [0, 1, 9, 8, 16, 24, 32, 33, 25, 17, 18, 26, 27, 28, 36, 35], B [55, 47, 46, 38, 30, 31], f=48, g=20
[00:00:22:58:381] Expansion 970,000: F [0, 1, 9, 8, 16, 24, 32, 33, 25, 17, 18, 19, 20, 12, 11, 10, 2, 3, 4, 5, 6, 7, 15, 14, 13, 21, 22, 23, 31, 39, 38, 30, 29, 37, 36, 28, 27], B [55, 47, 46, 45, 44, 52, 51, 50], f=48, g=43
[00:00:23:13:755] Expansion 980,000: F [0, 1, 2, 3, 4, 5, 6, 14, 15, 23, 22, 21], B [55, 47, 46, 38, 39, 31, 30, 29, 37, 36], f=48, g=20
[00:00:23:29:985] Expansion 990,000: F [0, 8, 16, 17, 18, 26, 25, 24, 32, 33, 34, 42, 50, 51, 52, 53], B [55, 47, 39, 38, 37, 29, 28, 20, 12, 13, 21, 22, 30, 31, 23, 15], f=48, g=30
[00:00:23:45:494] Expansion 1,000,000: F [0, 1, 2, 10, 18, 26, 25, 17, 9, 8, 16, 24, 32], B [55, 47, 46, 45, 37, 29, 21, 13, 14, 22, 30, 38, 39, 31, 23, 15, 7, 6, 5, 4, 3, 11, 12, 20, 19, 27, 28, 36], f=48, g=39
[00:00:23:45:494] Expansions: 1,000,000. Checks - state_vs_state: 29,252, prefix: 4,131,333
[00:00:23:45:494] Expansions: 1,000,000. Checks - state_vs_state: 29,252, prefix: 4,131,334
[00:00:23:45:495] Expansions: 1,000,000. Checks - state_vs_state: 29,252, prefix: 4,131,335
[00:00:23:45:495] Expansions: 1,000,000. Checks - state_vs_state: 29,252, prefix: 4,131,336
[00:00:23:58:640] Expansion 1,010,000: F [0, 8, 16, 24, 32, 33, 34, 42, 50, 51, 52], B [55, 47, 39, 38, 30, 31, 23, 22, 21, 29, 28, 20, 12, 13, 14, 15, 7, 6, 5, 4, 3, 11, 10, 2, 1, 9, 17, 25, 26, 18, 19, 27, 35, 36], f=48, g=43
[00:00:24:11:238] Expansion 1,020,000: F [0, 8, 16, 24, 32, 33, 25, 17, 9, 1, 2, 10, 11, 3, 4, 12, 20, 19, 18, 26, 34, 42, 50, 51, 52, 53, 45, 44, 36], B [55, 47, 46, 38, 30, 31, 23, 22], f=48, g=35
[00:00:24:23:675] Expansion 1,030,000: F [0, 8, 16, 24, 32, 33, 25, 17, 18, 19, 11, 10, 9, 1, 2, 3, 4, 5, 6, 7, 15, 14, 22, 23, 31, 30, 29, 21, 13], B [55, 47, 46, 38, 37, 45, 53, 52], f=48, g=35
[00:00:24:36:127] Expansion 1,040,000: F [0, 8, 16, 24, 32, 33, 34, 42, 50, 51, 52, 44, 36, 35, 27, 19, 11, 10, 18, 26, 25, 17, 9, 1, 2, 3], B [55, 47, 46, 45, 37, 38, 39, 31, 30, 29, 28, 20, 12, 13, 21, 22, 23, 15], f=48, g=42
[00:00:24:48:097] Expansion 1,050,000: F [0, 8, 16, 17, 9, 10, 2, 3, 11, 12, 4, 5, 13, 14, 6, 7, 15, 23, 22, 21, 20, 19, 18, 26, 25, 24], B [55, 47, 46, 38, 39, 31, 30, 29, 28, 27, 35, 36, 37, 45], f=48, g=38
[00:00:25:03:555] Expansion 1,060,000: F [0, 8, 9, 1, 2, 3, 4, 5, 13, 14], B [55, 47, 39, 31, 30, 38, 37, 45], f=48, g=16
[00:00:25:19:085] Expansion 1,070,000: F [0, 8, 9, 17, 16, 24, 32, 33, 25, 26, 18, 10, 2, 3, 4, 5, 6, 7, 15, 23, 31, 30, 22, 14, 13, 12, 11, 19, 27, 28, 20, 21, 29, 37], B [55, 47, 39, 38, 46, 45, 53, 52], f=48, g=40
[00:00:25:36:643] Expansion 1,080,000: F [0, 1, 9, 17, 16, 24, 32, 33, 25, 26, 18, 19, 20, 12, 11, 10, 2, 3, 4, 5, 6, 7, 15, 23, 31, 30], B [55, 47, 39, 38, 46, 45, 53, 52], f=48, g=32
[00:00:25:51:943] Expansion 1,090,000: F [0, 1, 9, 10, 2, 3, 11, 12, 4, 5, 6, 7, 15, 23, 22, 14, 13, 21, 29, 30, 31, 39, 38, 37], B [55, 47, 46, 45, 53, 52], f=48, g=28
[00:00:25:56:109] Path of length 47 found: [0, 8, 16, 24, 32, 33, 25, 26, 34, 42, 50, 51, 52, 44, 45, 37, 38, 30, 29, 21, 22, 14, 13, 12, 20, 28, 36, 35, 27, 19, 11, 10, 18, 17, 9, 1, 2, 3, 4, 5, 6, 7, 15, 23, 31, 39, 47, 55]
[00:00:25:57:075] ! Bidirectional. expansions: 1,091,123, time: 1,556,109 [ms], path length: 47 [edges], g_F: 16, g_B: 31, generated: {'F': 1,267,353, 'B': 726,573}, MM: 15, MMPER: 30.25%
[00:00:25:57:075] 
---------- SM_Grids/7x8_grid_with_random_blocks_8per_1 ----------
[00:00:00:09:792] Expansion 10,000: state None, f=50, g=17
[00:00:00:14:770] Path of length 49 found: [0, 1, 9, 17, 16, 24, 25, 33, 32, 40, 48, 49, 41, 42, 34, 26, 18, 19, 27, 28, 29, 30, 22, 21, 20, 12, 11, 3, 4, 5, 13, 14, 6, 7, 15, 23, 31, 39, 38, 37, 36, 44, 43, 51, 52, 53, 45, 46, 54, 55]
[00:00:00:14:771] ! Unidirectional s-t. expansions: 14,437, time: 14,770 [ms], path length: 49 [edges], generated: 25,616
[00:00:00:23:135] Expansion 10,000: state None, f=51, g=27
[00:00:00:35:113] Expansion 20,000: state None, f=50, g=32
[00:00:00:43:993] Expansion 30,000: state None, f=50, g=22
[00:00:00:53:707] Expansion 40,000: state None, f=50, g=27
[00:00:01:04:523] Expansion 50,000: state None, f=50, g=22
[00:00:01:15:005] Path of length 49 found: [55, 54, 53, 52, 51, 43, 42, 41, 49, 48, 40, 32, 24, 16, 17, 25, 33, 34, 26, 18, 19, 27, 28, 29, 30, 38, 37, 36, 44, 45, 46, 47, 39, 31, 23, 22, 14, 15, 7, 6, 5, 13, 21, 20, 12, 4, 3, 2, 1, 0]
[00:00:01:15:016] ! Unidirectional t-s. expansions: 58,236, time: 75,005 [ms], path length: 49 [edges], generated: 98,200
[00:00:00:16:843] Expansion 10,000: F [0, 1], B [55, 54, 46, 47, 39, 31, 23, 15, 7, 6, 5, 13, 14, 22, 21, 20, 28, 29, 30, 38, 37, 36, 44, 45, 53, 52, 51], f=51, g=27
[00:00:00:32:116] Expansion 20,000: F [0, 1], B [55, 47, 39, 31, 23, 15, 7, 6, 14, 13, 5, 4, 12, 20, 21, 22, 30, 38, 46, 54, 53, 45, 37, 29, 28, 36, 44, 52, 51, 43, 42, 34, 33, 41, 49, 48, 40, 32, 24, 25, 26, 27], f=50, g=42
[00:00:00:40:863] Expansion 30,000: F [0, 1, 2, 3], B [55, 54, 53, 45, 46, 47, 39, 38, 37, 29, 30, 31, 23, 22, 21, 13, 14, 15, 7, 6, 5, 4, 12, 20, 28, 36, 44, 52, 51, 43, 42, 34, 26], f=50, g=35
[00:00:00:50:815] Expansion 40,000: F [0, 1, 9, 17, 16], B [55, 54, 53, 52, 51, 43, 44, 45, 46, 47, 39, 31, 23, 15, 7, 6, 14, 22, 30, 38, 37, 36, 28, 29, 21, 13, 5, 4, 3], f=50, g=32
[00:00:01:02:214] Expansion 50,000: F [0, 1], B [55, 47, 39, 31, 30, 29, 21, 20, 28, 36, 37, 38, 46, 54, 53, 45, 44, 52, 51, 43, 42, 34, 26, 25, 33, 41, 49, 48, 40, 32], f=50, g=30
[00:00:01:21:171] Expansion 60,000: F [0, 1, 2, 3, 11, 12, 4, 5, 13, 21, 29, 30, 22, 14, 6, 7, 15, 23, 31, 39, 47, 46, 38, 37, 36], B [55, 54, 53, 45, 44, 52, 51, 43, 42, 34, 26, 25, 33, 41, 49, 48, 40, 32, 24, 16, 17], f=50, g=44
[00:00:01:34:960] Expansion 70,000: F [0, 1], B [55, 47, 46, 54, 53, 52, 51, 43, 42, 34, 33, 41, 49, 48, 40, 32, 24, 25, 26, 27, 28, 36, 44, 45, 37, 29, 30, 38, 39, 31, 23, 15, 7, 6, 14, 22, 21, 20], f=50, g=38
[00:00:01:49:927] Expansion 80,000: F [0, 1], B [55, 54, 53, 52, 51, 43, 42, 41, 49, 48, 40, 32, 24, 25, 33, 34, 26, 27, 28, 36, 44, 45, 37, 38, 46, 47, 39, 31, 23, 15, 7, 6, 14, 22, 30, 29, 21, 20], f=50, g=38
[00:00:02:05:069] Expansion 90,000: F [0, 1], B [55, 54, 53, 52, 51, 43, 44, 45, 46, 38, 39, 31, 23, 22, 30, 29, 37, 36, 28, 27, 26, 25, 33, 34, 42, 41, 49, 48], f=50, g=28
[00:00:02:16:260] Path of length 49 found: [0, 1, 2, 3, 11, 19, 18, 26, 25, 17, 16, 24, 32, 40, 48, 49, 41, 33, 34, 42, 43, 51, 52, 53, 54, 46, 38, 30, 22, 14, 13, 21, 29, 37, 45, 44, 36, 28, 20, 12, 4, 5, 6, 7, 15, 23, 31, 39, 47, 55]
[00:00:02:17:742] ! Bidirectional. expansions: 96,373, time: 136,260 [ms], path length: 49 [edges], g_F: 7, g_B: 42, generated: {'F': 62,006, 'B': 104,564}, MM: 35, MMPER: 69.0%
[00:00:02:17:742] 
---------- SM_Grids/7x8_grid_with_random_blocks_8per_2 ----------
[00:00:00:13:654] Expansion 10,000: state None, f=48, g=28
[00:00:00:25:090] Expansion 20,000: state None, f=48, g=27
[00:00:00:36:061] Expansion 30,000: state None, f=48, g=31
[00:00:00:47:948] Expansion 40,000: state None, f=48, g=33
[00:00:00:50:351] Path of length 47 found: [0, 1, 2, 3, 11, 10, 18, 26, 34, 33, 25, 17, 9, 8, 16, 24, 32, 40, 41, 49, 50, 42, 43, 51, 52, 44, 45, 53, 54, 46, 38, 37, 29, 28, 36, 35, 27, 19, 20, 12, 13, 21, 22, 30, 31, 39, 47, 55]
[00:00:00:50:354] ! Unidirectional s-t. expansions: 42,087, time: 50,351 [ms], path length: 47 [edges], generated: 75,899
[00:00:00:07:951] Expansion 10,000: state None, f=48, g=19
[00:00:00:19:363] Expansion 20,000: state None, f=48, g=36
[00:00:00:28:104] Expansion 30,000: state None, f=48, g=25
[00:00:00:36:411] Expansion 40,000: state None, f=48, g=39
[00:00:00:44:862] Expansion 50,000: state None, f=48, g=17
[00:00:00:54:100] Expansion 60,000: state None, f=48, g=33
[00:00:01:03:465] Expansion 70,000: state None, f=48, g=37
[00:00:01:11:291] Expansion 80,000: state None, f=48, g=30
[00:00:01:20:705] Expansion 90,000: state None, f=48, g=43
[00:00:01:29:182] Expansion 100,000: state None, f=48, g=33
[00:00:01:38:421] Expansion 110,000: state None, f=48, g=39
[00:00:01:46:452] Expansion 120,000: state None, f=48, g=38
[00:00:01:54:714] Expansion 130,000: state None, f=48, g=38
[00:00:02:04:596] Expansion 140,000: state None, f=48, g=32
[00:00:02:12:446] Expansion 150,000: state None, f=48, g=35
[00:00:02:20:674] Expansion 160,000: state None, f=48, g=17
[00:00:02:30:765] Expansion 170,000: state None, f=48, g=34
[00:00:02:39:770] Path of length 47 found: [55, 54, 53, 52, 51, 50, 49, 41, 40, 32, 33, 34, 42, 43, 44, 45, 46, 47, 39, 38, 37, 36, 35, 27, 28, 29, 30, 31, 23, 22, 21, 13, 12, 20, 19, 11, 3, 2, 10, 18, 26, 25, 24, 16, 17, 9, 1, 0]
[00:00:02:39:771] ! Unidirectional t-s. expansions: 179,465, time: 159,770 [ms], path length: 47 [edges], generated: 301,670
[00:00:00:13:642] Expansion 10,000: F [0, 8, 16, 24, 32, 40, 41, 49, 50, 42, 34, 33, 25, 26, 18, 17, 9, 1, 2], B [55, 54, 46, 47, 39, 31, 23, 22, 30, 38, 37, 36, 44, 45, 53, 52, 51, 43, 35, 27, 28, 29, 21, 13, 12, 20], f=48, g=43
[00:00:00:28:133] Expansion 20,000: F [0, 8, 16, 24, 25, 17, 9, 1, 2, 3, 11, 10, 18, 26, 34, 33, 32, 40, 41, 49, 50, 42], B [55, 47, 46, 54, 53, 45, 44], f=48, g=27
[00:00:00:42:856] Expansion 30,000: F [0, 8, 16, 24, 25, 33, 32, 40, 41, 49, 50, 51, 52, 53, 54, 46, 45, 44, 36, 37, 38, 30, 29, 28, 20, 19, 27, 35, 43, 42, 34, 26, 18, 17, 9, 1, 2], B [55, 47, 39, 31, 23, 22, 21, 13, 12, 11], f=48, g=45
[00:00:00:56:235] Expansion 40,000: F [0, 8, 16, 24, 25, 33, 32, 40, 41, 49, 50, 51, 43, 42, 34, 35, 36, 28, 27, 26, 18, 17, 9, 1, 2], B [55, 54, 53, 52, 44, 45, 46, 47, 39, 31, 23, 22, 30, 38, 37, 29], f=48, g=39
[00:00:01:10:163] Expansion 50,000: F [0, 8, 16, 24, 25, 26, 27, 28, 20, 19, 18, 17, 9, 1, 2], B [55, 47, 39, 31, 23, 22, 30, 38, 46, 54, 53, 52, 51, 43, 42, 50, 49], f=48, g=30
[00:00:01:24:725] Expansion 60,000: F [0, 8, 16, 17, 9, 1, 2, 3, 11, 10, 18, 19, 27, 26, 25, 24, 32, 40, 41], B [55, 54, 53, 52, 44, 45, 46, 47, 39, 31, 23, 22, 21, 13, 12, 20, 28, 29, 30, 38, 37, 36, 35], f=48, g=40
[00:00:01:40:088] Expansion 70,000: F [0, 8, 16, 17, 25, 24, 32, 40, 41], B [55, 54, 53, 52, 44, 45, 46, 47, 39, 31, 23, 22, 30, 38, 37, 29, 21, 13, 12, 20], f=48, g=27
[00:00:01:54:709] Expansion 80,000: F [0, 8, 16, 17, 18, 10, 9, 1, 2, 3, 11, 19, 20, 12, 13, 21, 22, 23, 31, 30, 38, 39, 47, 46, 45, 37, 29, 28, 27, 26, 25], B [55, 54, 53, 52, 44, 36, 35, 43, 51, 50, 49, 41], f=48, g=41
[00:00:02:10:030] Expansion 90,000: F [0, 8, 9, 1, 2, 3, 11, 10, 18, 19, 27, 26, 25, 17, 16, 24, 32, 40, 41], B [55, 47, 46, 54, 53, 45, 37, 29, 30, 38, 39, 31, 23, 22, 21, 13, 12, 20, 28, 36, 44, 52, 51, 43, 35, 34], f=48, g=43
[00:00:02:26:266] Expansion 100,000: F [0, 8, 9, 1, 2, 3, 11, 10, 18, 26, 25, 17], B [55, 54, 53, 52, 51, 43, 44, 45, 37, 29, 30, 38, 46, 47, 39, 31, 23], f=48, g=27
[00:00:02:26:267] Expansions: 100,000. Checks - state_vs_state: 3,372, prefix: 436,626
[00:00:02:26:268] Expansions: 100,000. Checks - state_vs_state: 3,372, prefix: 436,627
[00:00:02:26:268] Expansions: 100,000. Checks - state_vs_state: 3,372, prefix: 436,628
[00:00:02:40:568] Expansion 110,000: F [0, 1, 9, 8, 16, 17, 18, 10, 2, 3, 11, 19, 20, 12, 13, 21, 22, 23, 31, 30, 29, 28, 36, 35, 27, 26, 25], B [55, 47, 39, 38, 37, 45, 46, 54, 53, 52, 44, 43, 51, 50, 49, 41], f=48, g=41
[00:00:02:56:313] Expansion 120,000: F [0, 1, 9, 8, 16, 17, 18, 10, 2, 3, 11, 12, 13, 21, 20, 19, 27, 35, 43, 42, 34, 26, 25], B [55, 54, 46, 47, 39, 31, 23], f=48, g=28
[00:00:03:13:024] Expansion 130,000: F [0, 1, 9, 8, 16, 17, 25, 24, 32, 40, 41], B [55, 54, 53, 52, 51, 43, 35, 27, 28, 36, 44, 45, 37, 29, 30, 38, 46, 47, 39, 31, 23, 22, 21, 13, 12, 20, 19], f=48, g=36
[00:00:03:27:864] Expansion 140,000: F [0, 1, 2, 3, 11, 10, 18, 19, 27, 26, 25, 17, 9, 8, 16, 24, 32, 40, 41], B [55, 47, 39, 31, 23, 22, 21, 13, 12, 20, 28, 29, 30, 38, 46, 54, 53, 52, 51, 50], f=48, g=37
[00:00:03:41:910] Expansion 150,000: F [0, 1, 2, 3, 11, 10, 9, 8, 16, 24, 32, 40, 41, 49, 50, 42, 43, 51, 52, 53, 54, 46, 45, 44, 36, 35, 34, 33, 25, 17], B [55, 47, 39, 38, 37, 29, 30, 31, 23], f=48, g=37
[00:00:03:58:249] Expansion 160,000: F [0, 1, 2, 3, 11, 12, 13], B [55, 47, 39, 38, 46, 54, 53, 45, 37, 36, 44, 52, 51, 50, 49, 41, 40, 32, 24, 16, 8, 9, 10, 18, 17], f=48, g=30
[00:00:04:13:834] Expansion 170,000: F [0, 1, 2, 3, 11, 12, 13, 21, 20, 28, 29, 30, 22, 23, 31, 39, 38], B [55, 47, 46, 54, 53, 45, 44, 52, 51, 43, 42, 50, 49, 41, 40, 32, 24, 25], f=48, g=33
[00:00:04:29:002] Expansion 180,000: F [0, 1, 2, 3, 11, 19, 20, 12, 13], B [55, 54, 46, 47, 39, 38, 37, 45, 53, 52, 51, 50, 49, 41, 40, 32, 33, 25], f=48, g=25
[00:00:04:44:886] Expansion 190,000: F [0, 1, 2, 3, 11, 10, 18, 17, 9, 8, 16, 24, 32, 40, 41, 49, 50, 42, 34, 33, 25, 26, 27], B [55, 54, 53, 45, 46, 47, 39, 31, 23, 22, 21, 13, 12], f=48, g=34
[00:00:05:00:565] Expansion 200,000: F [0, 1, 2, 3, 11, 19, 20, 12, 13, 21, 29, 28, 27, 26, 25], B [55, 54, 53, 52, 44, 45, 46, 47, 39, 31, 23, 22, 30, 38, 37, 36, 35, 34, 42, 43, 51, 50, 49, 41, 40], f=48, g=38
[00:00:05:00:566] Expansions: 200,000. Checks - state_vs_state: 6,370, prefix: 888,839
[00:00:05:00:566] Expansions: 200,000. Checks - state_vs_state: 6,370, prefix: 888,840
[00:00:05:00:566] Expansions: 200,000. Checks - state_vs_state: 6,370, prefix: 888,841
[00:00:05:00:566] Expansions: 200,000. Checks - state_vs_state: 6,370, prefix: 888,842
[00:00:05:15:824] Expansion 210,000: F [0, 1, 2, 3, 11, 12, 13, 21, 22, 23, 31, 30, 29, 37, 38, 39, 47, 46, 45, 44, 36, 35, 43, 42, 34], B [55, 54, 53, 52, 51, 50, 49, 41, 40, 32, 33, 25, 24, 16, 8, 9], f=48, g=39
[00:00:05:16:444] Path of length 47 found: [0, 8, 16, 24, 32, 40, 41, 49, 50, 42, 34, 33, 25, 26, 18, 17, 9, 1, 2, 10, 11, 19, 27, 35, 43, 51, 52, 53, 54, 46, 38, 30, 29, 37, 45, 44, 36, 28, 20, 12, 13, 21, 22, 23, 31, 39, 47, 55]
[00:00:05:16:860] ! Bidirectional. expansions: 210,513, time: 316,444 [ms], path length: 47 [edges], g_F: 20, g_B: 27, generated: {'F': 157,241, 'B': 240,130}, MM: 7, MMPER: 13.583333333333334%
[00:00:05:16:860] 
---------- SM_Grids/7x8_grid_with_random_blocks_8per_3 ----------
[00:00:00:10:504] Path of length 49 found: [0, 1, 2, 3, 4, 5, 6, 7, 15, 23, 31, 39, 38, 37, 29, 21, 22, 14, 13, 12, 20, 19, 11, 10, 18, 17, 9, 8, 16, 24, 32, 33, 41, 40, 48, 49, 50, 51, 43, 42, 34, 26, 27, 35, 36, 44, 45, 46, 47, 55]
[00:00:00:10:505] ! Unidirectional s-t. expansions: 8,676, time: 10,504 [ms], path length: 49 [edges], generated: 14,905
[00:00:00:23:203] Expansion 10,000: state None, f=50, g=33
[00:00:00:31:943] Expansion 20,000: state None, f=50, g=38
[00:00:00:40:926] Expansion 30,000: state None, f=50, g=32
[00:00:00:49:730] Expansion 40,000: state None, f=50, g=16
[00:00:00:58:758] Expansion 50,000: state None, f=50, g=38
[00:00:01:04:305] Path of length 49 found: [55, 47, 46, 45, 44, 43, 51, 50, 49, 48, 40, 41, 42, 34, 33, 32, 24, 16, 17, 18, 26, 27, 35, 36, 37, 38, 39, 31, 23, 22, 21, 29, 28, 20, 19, 11, 12, 13, 14, 15, 7, 6, 5, 4, 3, 2, 10, 9, 1, 0]
[00:00:01:04:309] ! Unidirectional t-s. expansions: 55,876, time: 64,305 [ms], path length: 49 [edges], generated: 92,356
[00:00:00:14:583] Expansion 10,000: F [0, 8, 16, 24, 32, 33, 34, 42, 41, 40, 48, 49, 50, 51, 43, 35, 27, 26, 18], B [55, 47, 46, 38, 39, 31, 23, 15, 7, 6, 5, 4, 12, 13, 14, 22, 21, 29, 37, 45, 44, 36, 28, 20, 19, 11], f=50, g=43
[00:00:00:28:584] Expansion 20,000: F [0, 8, 9, 1, 2, 10, 11, 3, 4, 12, 20, 19, 27, 26, 18, 17, 16, 24, 32, 40], B [55, 47, 46, 38], f=50, g=22
[00:00:00:42:269] Expansion 30,000: F [0, 1, 9, 8, 16], B [55, 47, 39, 31, 23, 15, 7, 6, 14, 22, 21, 20, 12, 13, 5, 4, 3, 2, 10, 11, 19, 27, 35, 36, 28, 29, 37, 38, 46, 45, 44, 43, 51, 50, 49, 48, 40, 41, 42, 34], f=50, g=43
[00:00:00:56:305] Expansion 40,000: F [0, 1, 2, 10, 9, 8, 16], B [55, 47, 46, 38, 39, 31, 23, 22, 21, 29, 37, 45, 44, 36, 35, 27], f=50, g=21
[00:00:01:10:406] Expansion 50,000: F [0, 1, 2, 10, 11, 3, 4, 5, 13, 12, 20, 19, 27, 26, 18, 17, 9, 8, 16, 24, 32, 33, 34, 42, 41], B [55, 47, 46, 45], f=50, g=27
[00:00:01:24:565] Expansion 60,000: F [0, 1, 2, 3, 4, 12, 11, 19, 27, 28, 20, 21], B [55, 47, 46, 45, 44, 43, 51, 50, 42, 41, 49, 48, 40], f=50, g=23
[00:00:01:37:668] Expansion 70,000: F [0, 1, 2, 3, 4, 5, 6, 7, 15, 14, 13, 12, 20, 19, 11, 10, 9, 8, 16], B [55, 47, 46, 38, 39, 31, 23, 22, 21, 29, 37, 45, 44, 36, 28, 27, 35, 43, 51, 50, 49, 48, 40, 32], f=50, g=41
[00:00:01:42:399] Path of length 49 found: [0, 8, 16, 24, 32, 40, 48, 49, 41, 33, 34, 42, 50, 51, 43, 35, 27, 26, 18, 17, 9, 1, 2, 10, 11, 19, 20, 28, 36, 44, 45, 46, 38, 37, 29, 21, 22, 14, 13, 12, 4, 5, 6, 7, 15, 23, 31, 39, 47, 55]
[00:00:01:42:805] ! Bidirectional. expansions: 74,066, time: 102,399 [ms], path length: 49 [edges], g_F: 24, g_B: 25, generated: {'F': 46,869, 'B': 87,133}, MM: 1, MMPER: 1.0%
[00:00:01:42:805] 
---------- SM_Grids/7x8_grid_with_random_blocks_8per_4 ----------
[00:00:00:14:014] Expansion 10,000: state None, f=50, g=38
[00:00:00:23:678] Expansion 20,000: state None, f=50, g=38
[00:00:00:30:108] Path of length 49 found: [0, 1, 2, 10, 11, 19, 20, 28, 36, 44, 43, 42, 41, 33, 34, 35, 27, 26, 25, 17, 9, 8, 16, 24, 32, 40, 48, 49, 50, 51, 52, 53, 54, 46, 45, 37, 29, 21, 13, 5, 6, 7, 15, 14, 22, 30, 31, 39, 47, 55]
[00:00:00:30:112] ! Unidirectional s-t. expansions: 26,415, time: 30,108 [ms], path length: 49 [edges], generated: 46,434
[00:00:00:09:775] Path of length 49 found: [55, 54, 46, 47, 39, 31, 23, 15, 7, 6, 5, 13, 14, 22, 30, 29, 21, 20, 28, 36, 37, 45, 53, 52, 44, 43, 51, 50, 49, 48, 40, 32, 24, 16, 8, 9, 17, 25, 33, 41, 42, 34, 26, 27, 19, 11, 10, 2, 1, 0]
[00:00:00:09:790] ! Unidirectional t-s. expansions: 6,149, time: 9,784 [ms], path length: 49 [edges], generated: 10,403
[00:00:00:14:826] Expansion 10,000: F [0, 8, 16, 24, 32, 40, 48, 49, 50, 42, 41, 33, 34, 26, 25, 17, 9, 1, 2, 10, 11, 19, 27, 35, 43, 51, 52, 44], B [55, 54, 53, 45, 46, 47, 39, 31, 23, 22], f=50, g=36
[00:00:00:27:988] Expansion 20,000: F [0, 8, 16, 24, 32, 33, 41, 40, 48, 49, 50, 42, 34, 26, 25, 17, 9, 1, 2, 10, 11, 19, 20, 21, 13], B [55, 54, 53, 52, 51, 43, 35, 27, 28, 29], f=50, g=33
[00:00:00:41:343] Expansion 30,000: F [0, 8, 16, 17, 9, 1, 2, 10, 11, 19, 20, 28, 36, 44, 43, 42, 34, 35, 27, 26, 25, 24, 32, 33, 41, 40, 48, 49, 50, 51, 52, 53, 54], B [55, 47, 39, 31, 23, 22], f=50, g=37
[00:00:00:53:398] Expansion 40,000: F [0, 8, 16, 17, 9, 1, 2, 10, 11, 19, 20, 21, 22], B [55, 54, 53, 52, 51, 50, 49, 48, 40, 32, 24, 25, 26, 34, 33, 41, 42, 43, 44, 36, 35], f=50, g=32
[00:00:01:05:885] Expansion 50,000: F [0, 8, 9, 1, 2, 10, 11, 19, 20, 28, 27, 26, 25, 17, 16, 24, 32, 40, 48, 49, 41, 33, 34, 42, 50, 51, 52, 44, 43, 35, 36, 37, 29, 21, 13, 5], B [55, 54, 53, 45, 46, 47, 39, 31, 30, 22, 23, 15], f=50, g=46
[00:00:01:19:344] Expansion 60,000: F [0, 1, 2, 10, 11, 19, 20, 28, 36, 44, 43, 42, 41, 33, 34, 35, 27, 26, 25, 17, 9], B [55, 47, 39, 31, 30, 22, 23, 15, 7, 6], f=50, g=29
[00:00:01:32:747] Expansion 70,000: F [0, 1, 2, 10, 11, 19, 20, 21, 13, 5], B [55, 54, 53, 52, 51, 50, 49, 48, 40, 32, 24, 16, 8, 9, 17, 25, 33, 41, 42, 34, 26, 27, 35, 43, 44, 36, 28, 29, 37, 45, 46, 47, 39, 31, 30, 22], f=50, g=44
[00:00:01:34:065] Path of length 49 found: [0, 8, 16, 24, 32, 40, 48, 49, 41, 33, 25, 17, 9, 1, 2, 10, 11, 19, 20, 28, 27, 26, 34, 42, 50, 51, 43, 35, 36, 44, 52, 53, 54, 46, 45, 37, 29, 30, 22, 14, 13, 5, 6, 7, 15, 23, 31, 39, 47, 55]
[00:00:01:34:495] ! Bidirectional. expansions: 71,057, time: 94,065 [ms], path length: 49 [edges], g_F: 40, g_B: 9, generated: {'F': 88,739, 'B': 31,538}, MM: 31, MMPER: 61.0%
[00:00:01:34:495] 
---------- SM_Grids/7x8_grid_with_random_blocks_8per_5 ----------
[00:00:00:11:649] Path of length 49 found: [0, 8, 16, 24, 32, 40, 48, 49, 41, 33, 34, 26, 25, 17, 18, 19, 27, 28, 36, 37, 45, 44, 43, 51, 52, 53, 54, 46, 38, 30, 22, 21, 13, 12, 11, 10, 9, 1, 2, 3, 4, 5, 6, 14, 15, 23, 31, 39, 47, 55]
[00:00:00:11:650] ! Unidirectional s-t. expansions: 9,399, time: 11,649 [ms], path length: 49 [edges], generated: 16,113
[00:00:00:09:002] Path of length 49 found: [55, 54, 53, 52, 44, 43, 51, 50, 49, 48, 40, 41, 33, 32, 24, 16, 17, 25, 26, 18, 19, 27, 28, 36, 37, 45, 46, 47, 39, 38, 30, 31, 23, 22, 21, 13, 14, 15, 7, 6, 5, 4, 12, 11, 3, 2, 10, 9, 1, 0]
[00:00:00:09:003] ! Unidirectional t-s. expansions: 7,251, time: 9,002 [ms], path length: 49 [edges], generated: 12,215
[00:00:00:23:647] Expansion 10,000: F [0, 1, 9, 8, 16, 17, 18, 10, 2, 3, 4, 5, 6, 7], B [55, 54, 53, 45, 44], f=51, g=17
[00:00:00:41:144] Expansion 20,000: F [0, 8, 16, 24, 25, 17, 18, 10, 9, 1, 2, 3, 4, 5, 6, 7, 15, 23, 31, 39, 47, 46, 45, 44, 36], B [55, 54, 53, 52, 51, 50, 49, 48], f=50, g=31
[00:00:00:55:214] Expansion 30,000: F [0, 1, 2, 3, 4, 12, 11, 10, 9, 8, 16, 17, 25, 24, 32, 40, 48, 49], B [55, 54, 46, 47, 39, 31, 23, 15, 14, 6, 5, 13, 21, 22, 30, 38, 37, 45, 53], f=50, g=35
[00:00:01:10:644] Expansion 40,000: F [0, 1, 2, 3, 4, 5, 6, 7, 15, 23, 31, 39, 38, 30, 22, 14, 13, 12, 11, 10, 9, 8, 16, 17, 18], B [55, 47, 46, 54, 53, 45, 37, 36], f=50, g=31
[00:00:01:27:193] Expansion 50,000: F [0, 8, 16, 24, 25, 17, 9, 1, 2, 10, 18, 19, 11, 3, 4, 5, 13, 21, 22, 14, 6, 7, 15], B [55, 54, 53, 45, 44], f=50, g=26
[00:00:01:44:510] Expansion 60,000: F [0, 8, 16, 17, 9, 1, 2, 3, 4, 12, 13, 21, 22, 14, 6], B [55, 47, 46, 54, 53, 52, 44], f=50, g=20
[00:00:02:02:573] Expansion 70,000: F [0, 8, 16, 17, 18, 19, 11, 10, 9, 1, 2, 3, 4, 5, 13, 21, 22, 14, 6, 7, 15], B [55, 54, 46], f=50, g=22
[00:00:02:22:524] Expansion 80,000: F [0, 8, 9, 10, 2, 3, 4, 12, 11], B [55, 47, 39, 31, 23, 15, 7, 6, 5, 13], f=50, g=17
[00:00:02:43:551] Expansion 90,000: F [0, 1, 9, 8, 16, 24, 25, 26, 34, 33, 32, 40], B [55, 54, 46, 47, 39, 38, 30, 31, 23, 15, 7, 6, 14, 22, 21, 13, 5, 4, 12, 11, 3, 2, 10, 18, 19, 27, 28, 36], f=50, g=38
[00:00:02:58:135] Path of length 49 found: [0, 1, 2, 3, 11, 12, 4, 5, 13, 21, 22, 14, 6, 7, 15, 23, 31, 30, 38, 39, 47, 46, 45, 37, 36, 28, 27, 19, 18, 10, 9, 8, 16, 24, 25, 26, 34, 33, 32, 40, 48, 49, 50, 51, 43, 44, 52, 53, 54, 55]
[00:00:02:58:565] ! Bidirectional. expansions: 96,557, time: 178,141 [ms], path length: 49 [edges], g_F: 34, g_B: 15, generated: {'F': 93,448, 'B': 77,972}, MM: 19, MMPER: 37.0%
[00:00:02:58:566] 
---------- SM_Grids/7x8_grid_with_random_blocks_8per_6 ----------
[00:00:00:10:727] Expansion 10,000: state None, f=50, g=29
[00:00:00:20:846] Expansion 20,000: state None, f=50, g=33
[00:00:00:31:208] Expansion 30,000: state None, f=50, g=35
[00:00:00:32:089] Path of length 49 found: [0, 1, 2, 10, 11, 12, 20, 21, 22, 14, 6, 7, 15, 23, 31, 39, 47, 46, 38, 30, 29, 28, 27, 19, 18, 26, 34, 42, 41, 33, 25, 17, 9, 8, 16, 24, 32, 40, 48, 49, 50, 51, 43, 35, 36, 44, 45, 53, 54, 55]
[00:00:00:32:091] ! Unidirectional s-t. expansions: 30,824, time: 32,090 [ms], path length: 49 [edges], generated: 53,491
[00:00:00:13:688] Expansion 10,000: state None, f=50, g=25
[00:00:00:17:167] Path of length 49 found: [55, 54, 53, 45, 46, 47, 39, 38, 37, 36, 44, 43, 51, 50, 49, 48, 40, 41, 42, 34, 35, 27, 28, 29, 30, 31, 23, 15, 7, 6, 14, 22, 21, 20, 12, 11, 19, 18, 26, 25, 33, 32, 24, 16, 17, 9, 10, 2, 1, 0]
[00:00:00:17:169] ! Unidirectional t-s. expansions: 13,144, time: 17,167 [ms], path length: 49 [edges], generated: 23,415
[00:00:00:14:652] Expansion 10,000: F [0, 8, 16, 24, 32, 40, 48, 49, 50, 51, 43, 44, 36, 35, 27], B [55, 54, 53, 45, 37], f=50, g=18
[00:00:00:30:710] Expansion 20,000: F [0, 8, 16, 24, 25, 17, 9, 1, 2, 10, 11, 12, 20], B [55, 54, 53, 45, 46, 47, 39, 38, 37, 36, 44, 43, 51, 50, 42, 41, 49, 48, 40], f=50, g=30
[00:00:00:46:598] Expansion 30,000: F [0, 8, 16, 17], B [55, 54, 53, 45, 44, 43, 51, 50, 42, 41, 49, 48, 40, 32], f=50, g=16
[00:00:01:01:294] Expansion 40,000: F [0, 8, 9, 1, 2, 10, 18, 17, 16, 24, 25, 33, 32, 40, 48, 49, 41, 42, 50, 51, 43, 35, 34, 26, 27, 19], B [55, 47, 46, 54, 53, 45, 44, 36, 37, 38, 39, 31], f=50, g=36
[00:00:01:16:873] Expansion 50,000: F [0, 8, 9, 1, 2, 10, 18, 19, 11, 12], B [55, 54, 53, 45, 46, 47, 39, 38, 30], f=50, g=17
[00:00:01:32:092] Expansion 60,000: F [0, 1, 2, 10, 9, 8, 16, 24, 32, 40, 48, 49, 41, 42, 50, 51, 43, 44, 36, 35, 27, 26, 34, 33, 25, 17, 18, 19, 11, 12, 20], B [55, 47, 39, 38, 46, 54, 53, 45, 37, 29], f=50, g=39
[00:00:01:47:917] Expansion 70,000: F [0, 1, 2, 10, 18, 26, 25], B [55, 47, 46, 54, 53, 45, 37, 38, 39], f=50, g=14
[00:00:02:03:504] Expansion 80,000: F [0, 1, 2, 10, 9, 8, 16, 17, 18, 26, 34], B [55, 54, 53, 45, 46, 47], f=50, g=15
[00:00:02:17:615] Path of length 49 found: [0, 8, 16, 24, 32, 40, 48, 49, 41, 33, 25, 17, 9, 1, 2, 10, 18, 26, 27, 19, 11, 12, 20, 28, 36, 35, 34, 42, 50, 51, 43, 44, 45, 53, 54, 46, 38, 37, 29, 21, 22, 14, 6, 7, 15, 23, 31, 39, 47, 55]
[00:00:02:18:104] ! Bidirectional. expansions: 89,042, time: 137,616 [ms], path length: 49 [edges], g_F: 40, g_B: 9, generated: {'F': 94,843, 'B': 59,796}, MM: 31, MMPER: 61.0%
[00:00:02:18:104] 
---------- SM_Grids/7x8_grid_with_random_blocks_8per_7 ----------
[00:00:00:00:062] Path of length 51 found: [0, 1, 9, 17, 16, 24, 32, 40, 48, 49, 41, 33, 25, 26, 18, 10, 2, 3, 11, 19, 20, 12, 4, 5, 13, 21, 29, 28, 36, 35, 34, 42, 43, 51, 52, 53, 45, 37, 38, 30, 22, 14, 6, 7, 15, 23, 31, 39, 47, 46, 54, 55]
[00:00:00:00:062] ! Unidirectional s-t. expansions: 52, time: 62 [ms], path length: 51 [edges], generated: 83
[00:00:00:00:069] Path of length 51 found: [55, 47, 39, 31, 23, 15, 7, 6, 5, 4, 3, 2, 10, 18, 26, 25, 33, 34, 35, 36, 28, 20, 19, 11, 12, 13, 14, 22, 21, 29, 30, 38, 37, 45, 46, 54, 53, 52, 51, 43, 42, 41, 49, 48, 40, 32, 24, 16, 17, 9, 1, 0]
[00:00:00:00:069] ! Unidirectional t-s. expansions: 52, time: 69 [ms], path length: 51 [edges], generated: 83
[00:00:00:00:096] Path of length 51 found: [0, 1, 9, 17, 16, 24, 32, 40, 48, 49, 41, 42, 43, 51, 52, 53, 54, 46, 45, 37, 38, 30, 29, 21, 22, 14, 13, 12, 11, 19, 20, 28, 36, 35, 34, 33, 25, 26, 18, 10, 2, 3, 4, 5, 6, 7, 15, 23, 31, 39, 47, 55]
[00:00:00:00:466] ! Bidirectional. expansions: 51, time: 96 [ms], path length: 51 [edges], g_F: 30, g_B: 21, generated: {'F': 59, 'B': 45}, MM: 9, MMPER: 16.307692307692307%
[00:00:00:00:466] 
---------- SM_Grids/7x8_grid_with_random_blocks_8per_8 ----------
[00:00:00:00:065] Path of length 51 found: [0, 8, 16, 24, 32, 40, 48, 49, 41, 33, 25, 17, 9, 1, 2, 10, 18, 26, 27, 35, 34, 42, 43, 51, 52, 44, 45, 53, 54, 46, 38, 37, 29, 30, 22, 14, 13, 12, 20, 19, 11, 3, 4, 5, 6, 7, 15, 23, 31, 39, 47, 55]
[00:00:00:00:065] ! Unidirectional s-t. expansions: 55, time: 65 [ms], path length: 51 [edges], generated: 89
[00:00:00:00:071] Path of length 51 found: [55, 47, 39, 31, 23, 15, 7, 6, 5, 4, 3, 2, 1, 9, 17, 25, 33, 34, 35, 27, 26, 18, 10, 11, 19, 20, 12, 13, 14, 22, 30, 29, 37, 38, 46, 54, 53, 45, 44, 52, 51, 43, 42, 41, 49, 48, 40, 32, 24, 16, 8, 0]
[00:00:00:00:071] ! Unidirectional t-s. expansions: 59, time: 71 [ms], path length: 51 [edges], generated: 96
[00:00:00:00:107] Path of length 51 found: [0, 8, 16, 24, 32, 40, 48, 49, 41, 42, 43, 51, 52, 44, 45, 53, 54, 46, 38, 37, 29, 30, 22, 14, 13, 12, 20, 19, 11, 10, 18, 26, 27, 35, 34, 33, 25, 17, 9, 1, 2, 3, 4, 5, 6, 7, 15, 23, 31, 39, 47, 55]
[00:00:00:00:476] ! Bidirectional. expansions: 58, time: 108 [ms], path length: 51 [edges], g_F: 17, g_B: 34, generated: {'F': 38, 'B': 69}, MM: 17, MMPER: 31.692307692307693%
[00:00:00:00:477] 
---------- SM_Grids/7x8_grid_with_random_blocks_8per_9 ----------
[00:00:00:07:721] Expansion 10,000: state None, f=50, g=38
[00:00:00:15:959] Expansion 20,000: state None, f=50, g=29
[00:00:00:24:499] Expansion 30,000: state None, f=50, g=36
[00:00:00:32:255] Expansion 40,000: state None, f=50, g=30
[00:00:00:40:462] Expansion 50,000: state None, f=50, g=19
[00:00:00:49:181] Expansion 60,000: state None, f=50, g=34
[00:00:00:57:626] Expansion 70,000: state None, f=50, g=34
[00:00:01:04:674] Expansion 80,000: state None, f=50, g=34
[00:00:01:13:353] Expansion 90,000: state None, f=50, g=33
[00:00:01:20:947] Expansion 100,000: state None, f=50, g=25
[00:00:01:30:578] Expansion 110,000: state None, f=50, g=41
[00:00:01:37:809] Expansion 120,000: state None, f=50, g=44
[00:00:01:39:009] Path of length 49 found: [0, 1, 9, 8, 16, 24, 32, 40, 41, 49, 50, 42, 43, 51, 52, 44, 36, 28, 20, 19, 27, 26, 34, 33, 25, 17, 18, 10, 11, 3, 4, 12, 13, 5, 6, 7, 15, 14, 22, 23, 31, 39, 38, 30, 29, 37, 45, 46, 54, 55]
[00:00:01:39:011] ! Unidirectional s-t. expansions: 120,462, time: 99,009 [ms], path length: 49 [edges], generated: 192,673
[00:00:00:14:405] Expansion 10,000: state None, f=50, g=23
[00:00:00:22:736] Expansion 20,000: state None, f=50, g=35
[00:00:00:31:377] Expansion 30,000: state None, f=50, g=34
[00:00:00:40:209] Expansion 40,000: state None, f=50, g=29
[00:00:00:49:048] Expansion 50,000: state None, f=50, g=28
[00:00:00:56:442] Expansion 60,000: state None, f=50, g=22
[00:00:01:04:731] Expansion 70,000: state None, f=50, g=23
[00:00:01:12:529] Expansion 80,000: state None, f=50, g=35
[00:00:01:21:322] Expansion 90,000: state None, f=50, g=41
[00:00:01:29:046] Expansion 100,000: state None, f=50, g=37
[00:00:01:39:112] Path of length 49 found: [55, 54, 46, 47, 39, 31, 23, 22, 14, 15, 7, 6, 5, 13, 12, 4, 3, 11, 19, 27, 35, 36, 28, 29, 30, 38, 37, 45, 44, 52, 51, 43, 42, 50, 49, 41, 40, 32, 33, 34, 26, 25, 24, 16, 17, 18, 10, 9, 1, 0]
[00:00:01:39:113] ! Unidirectional t-s. expansions: 109,769, time: 99,112 [ms], path length: 49 [edges], generated: 174,602
[00:00:00:14:141] Expansion 10,000: F [0, 1, 9, 8, 16, 17, 18, 10, 11, 3, 4, 5, 6, 7, 15, 23, 22, 14, 13, 12, 20, 19, 27, 26, 25, 24, 32, 40, 41], B [55, 54, 46, 38, 39, 31], f=50, g=33
[00:00:00:30:907] Expansion 20,000: F [0, 1, 9, 8, 16, 24, 25, 33, 32, 40, 41, 49, 50, 51, 52, 44, 45, 37, 38, 30, 29], B [55, 54, 46, 47, 39, 31, 23, 22, 14], f=50, g=28
[00:00:00:48:683] Expansion 30,000: F [0, 1, 9, 10, 11, 3, 4, 5, 13, 12, 20, 19, 18, 26, 34, 33, 25, 17, 16, 24, 32], B [55, 54, 46, 47, 39, 31, 23, 15, 7, 6, 14, 22, 30, 38, 37], f=50, g=34
[00:00:01:04:105] Expansion 40,000: F [0, 1, 9, 8, 16, 24, 32, 40, 41, 49, 50, 51, 52, 44, 45, 37, 36, 35, 43, 42, 34, 33, 25, 17, 18], B [55, 47, 46, 38, 39, 31, 23, 15, 7, 6, 5, 13, 14, 22, 30, 29, 28, 20, 12, 4], f=50, g=43
[00:00:01:19:953] Expansion 50,000: F [0, 8, 9, 10, 11, 3, 4, 12, 20, 19, 18, 17, 16, 24, 25, 26, 27, 35, 43, 42, 34, 33, 32, 40], B [55, 54, 46, 47, 39, 31, 23, 15, 7, 6, 5, 13, 14, 22, 30, 38, 37], f=50, g=39
[00:00:01:24:463] Path of length 49 found: [0, 1, 9, 8, 16, 17, 18, 10, 11, 3, 4, 12, 20, 19, 27, 28, 36, 35, 43, 42, 34, 26, 25, 24, 32, 40, 41, 49, 50, 51, 52, 44, 45, 37, 29, 30, 22, 14, 13, 5, 6, 7, 15, 23, 31, 39, 47, 46, 54, 55]
[00:00:01:24:847] ! Bidirectional. expansions: 52,799, time: 84,463 [ms], path length: 49 [edges], g_F: 35, g_B: 14, generated: {'F': 48,105, 'B': 46,106}, MM: 21, MMPER: 41.0%
[00:00:01:24:847] average expansions: (62,237, 66,954, 178,164, 0)
[00:00:01:24:847] average time: (58,792, 70,834, 260,570, 0)
[00:00:01:24:847] XA*: 62,237 , 58,792 (expansions , time[ms])
[00:00:01:24:847] BiXA*: 178,164 , 260,570 (expansions , time[ms])

