--------------------------
date: SM_Grids
number_of_graphs: 10
graph_type: grid
size_of_graphs: [6, 8]
heuristic: bcc_heuristic
snake: False
run_uni: True
run_bi: True
run_multi: False
solution_vertices: []
algorithms: ['A']
lookahead: 1
bsd: False
cube_first_dims: 4
cube_buffer_dim: None
backward_sym_generation: False
sym_coil: False
prefix_set: None

---------- SM_Grids/6x8_grid_with_random_blocks_8per_0 ----------
[00:00:00:10:803] Expansion 10,000: state None, f=42, g=24
[00:00:00:19:524] Expansion 20,000: state None, f=42, g=29
[00:00:00:29:032] Expansion 30,000: state None, f=42, g=24
[00:00:00:37:837] Expansion 40,000: state None, f=41, g=36
[00:00:00:42:557] Expansion 50,000: state None, f=41, g=31
[00:00:00:48:937] Expansion 60,000: state None, f=41, g=29
[00:00:00:56:758] Expansion 70,000: state None, f=41, g=22
[00:00:01:04:936] Expansion 80,000: state None, f=41, g=19
[00:00:01:16:151] Expansion 90,000: state None, f=41, g=18
[00:00:01:25:346] Path of length 40 found: [0, 1, 9, 8, 16, 17, 25, 24, 32, 40, 41, 33, 34, 42, 43, 44, 36, 35, 27, 26, 18, 10, 11, 3, 4, 12, 20, 28, 29, 21, 13, 5, 6, 14, 15, 23, 31, 30, 38, 46, 47]
[00:00:01:25:347] ! Unidirectional s-t. expansions: 96,670, time: 85,346 [ms], path length: 40 [edges], generated: 165,912
[00:00:00:16:883] Expansion 10,000: state None, f=42, g=33
[00:00:00:26:050] Expansion 20,000: state None, f=41, g=33
[00:00:00:32:076] Expansion 30,000: state None, f=41, g=30
[00:00:00:38:723] Expansion 40,000: state None, f=41, g=26
[00:00:00:45:766] Expansion 50,000: state None, f=41, g=35
[00:00:00:53:529] Expansion 60,000: state None, f=41, g=28
[00:00:01:00:205] Expansion 70,000: state None, f=41, g=36
[00:00:01:08:595] Expansion 80,000: state None, f=41, g=35
[00:00:01:15:901] Expansion 90,000: state None, f=41, g=36
[00:00:01:24:884] Expansion 100,000: state None, f=41, g=26
[00:00:01:31:947] Expansion 110,000: state None, f=41, g=33
[00:00:01:41:393] Expansion 120,000: state None, f=41, g=38
[00:00:01:47:624] Path of length 40 found: [47, 46, 38, 39, 31, 23, 15, 7, 6, 14, 13, 5, 4, 3, 11, 12, 20, 21, 29, 37, 36, 44, 43, 42, 41, 40, 32, 24, 16, 17, 25, 33, 34, 35, 27, 19, 18, 10, 9, 1, 0]
[00:00:01:47:626] ! Unidirectional t-s. expansions: 126,538, time: 107,625 [ms], path length: 40 [edges], generated: 215,123
[00:00:00:14:833] Expansion 10,000: F [0, 1, 9, 8, 16, 17, 25, 24, 32, 40, 41, 33, 34, 42, 43, 44, 36, 37, 29, 28, 27, 26, 18, 10, 11], B [47, 46, 38, 39, 31], f=42, g=28
[00:00:00:28:593] Expansion 20,000: F [0, 1, 9, 8, 16, 24, 32, 40, 41, 33, 25, 17, 18, 10, 11, 19, 20, 21, 13, 12, 4, 5, 6], B [47, 39, 38, 37, 36, 44], f=42, g=27
[00:00:00:43:545] Expansion 30,000: F [0, 8, 16, 24, 32, 40, 41, 33, 34, 26, 25, 17, 9, 10, 18, 19, 27, 35, 43, 44], B [47, 46, 38, 39, 31], f=42, g=23
[00:00:00:58:636] Expansion 40,000: F [0, 8, 9, 17, 16, 24, 32, 40, 41, 33, 25, 26, 18, 10, 11, 3, 4, 12, 20, 19, 27, 35, 34, 42, 43, 44, 36], B [47, 46, 38, 30, 31, 23, 15, 7, 6], f=42, g=34
[00:00:01:18:896] Expansion 50,000: F [0, 1, 9, 8, 16, 24, 32, 40, 41, 33, 25, 17, 18, 19, 11, 3, 4, 12, 20, 28, 27, 26, 34, 42, 43, 44, 36, 37, 29, 21, 13, 5, 6], B [47, 46, 38, 39, 31], f=41, g=36
[00:00:01:26:401] Expansion 60,000: F [0, 1, 9, 8, 16, 17, 25, 24, 32, 40, 41, 42, 43, 44, 36, 35, 34, 26, 27, 19, 18, 10, 11, 3, 4, 12, 20, 28, 29, 21, 13, 5, 6], B [47, 46, 38, 30, 31, 23], f=41, g=37
[00:00:01:35:205] Expansion 70,000: F [0, 8, 9, 17, 16, 24, 25, 33, 32, 40, 41, 42, 34, 35, 43, 44, 36, 37, 29, 21, 20, 28, 27, 26, 18], B [47, 39, 38, 30, 31, 23, 15, 14, 6], f=41, g=32
[00:00:01:44:597] Expansion 80,000: F [0, 8, 9, 17, 16, 24, 32, 40, 41, 42, 34, 33, 25, 26, 18, 10, 11], B [47, 46, 38, 37, 29, 30, 31, 23, 15, 7, 6, 14, 13, 21], f=41, g=29
[00:00:01:55:344] Expansion 90,000: F [0, 1, 9, 8, 16, 17, 25, 24, 32, 33, 41, 42, 34, 26, 18, 10, 11], B [47, 46, 38, 37, 36, 44, 43, 35, 27, 28, 20, 21], f=41, g=27
[00:00:02:05:385] Expansion 100,000: F [0, 8, 9, 10, 18, 17, 16, 24, 25, 26, 34, 33, 32, 40, 41, 42, 43, 44, 36, 35], B [47, 46, 38, 39, 31, 30, 29, 28, 20, 21, 13, 14, 15], f=41, g=31
[00:00:02:05:385] Expansions: 100,000. Checks - state_vs_state: 1,274, prefix: 428,503
[00:00:02:05:385] Expansions: 100,000. Checks - state_vs_state: 1,274, prefix: 428,504
[00:00:02:05:386] Expansions: 100,000. Checks - state_vs_state: 1,274, prefix: 428,505
[00:00:02:15:794] Expansion 110,000: F [0, 8, 16, 24, 32, 40, 41, 33, 25, 17, 9, 10, 18, 26, 34, 42, 43], B [47, 39, 38, 30, 31, 23, 15, 7, 6, 14, 13, 5, 4, 3, 11, 19, 20, 21, 29, 37, 36], f=41, g=36
[00:00:02:26:501] Expansion 120,000: F [0, 1, 9, 8, 16, 17, 18, 10, 11, 3, 4, 12, 20, 21, 13, 5, 6, 14, 15, 23, 31, 30, 29, 28, 27, 35, 34, 26, 25, 24, 32], B [47, 46, 38, 37, 36, 44, 43, 42, 41], f=41, g=38
[00:00:02:37:553] Expansion 130,000: F [0, 8, 9, 10, 18, 17, 16, 24, 32, 40, 41, 42, 43, 44, 36], B [47, 46, 38, 30, 31, 23, 15, 7, 6, 5, 4, 3, 11, 12, 13, 21, 29], f=41, g=30
[00:00:02:50:101] Expansion 140,000: F [0, 1, 9, 8, 16, 17, 25, 24, 32, 33, 41, 42, 34, 35, 43, 44, 36, 37, 29, 28, 27, 26, 18], B [47, 39, 38, 30, 31, 23, 15, 7, 6, 14, 13, 21, 20, 12, 4], f=41, g=36
[00:00:03:01:692] Expansion 150,000: F [0, 8, 9, 10, 11, 3, 4, 12, 20, 19, 27, 35, 34, 33, 25, 17, 16, 24, 32, 40, 41, 42, 43], B [47, 46, 38, 39, 31], f=41, g=26
[00:00:03:13:524] Expansion 160,000: F [0, 1, 9, 8, 16, 17, 18, 19, 27, 26, 25, 24, 32, 40, 41, 33, 34, 35, 43], B [47, 39, 38], f=41, g=20
[00:00:03:25:558] Expansion 170,000: F [0, 8, 9, 10, 11, 3, 4, 5, 6, 7, 15, 14, 13, 21, 20, 19, 18, 26, 25, 17, 16, 24, 32], B [47, 46, 38, 39, 31], f=41, g=26
[00:00:03:37:618] Expansion 180,000: F [0, 8, 16, 17, 9, 10, 18, 19, 11, 3, 4, 5, 6, 7, 15], B [47, 39, 38, 37, 36, 44, 43, 42, 41, 40, 32, 24, 25, 26, 34, 35, 27, 28], f=41, g=31
[00:00:03:50:831] Expansion 190,000: F [0, 8, 16, 24, 25, 17, 9, 10, 18, 19, 27, 35, 34, 33, 32, 40, 41, 42, 43, 44, 36, 37, 29, 28, 20, 21, 13, 12], B [47, 46, 38, 30, 31], f=41, g=31
[00:00:04:04:593] Expansion 200,000: F [0, 1, 9, 17, 16, 24, 32, 40, 41, 33, 25, 26, 34], B [47, 39, 31, 23, 15, 7, 6, 14, 13, 21, 20, 12, 4], f=41, g=24
[00:00:04:04:593] Expansions: 200,000. Checks - state_vs_state: 3,788, prefix: 843,119
[00:00:04:04:593] Expansions: 200,000. Checks - state_vs_state: 3,788, prefix: 843,120
[00:00:04:04:594] Expansions: 200,000. Checks - state_vs_state: 3,788, prefix: 843,121
[00:00:04:04:594] Expansions: 200,000. Checks - state_vs_state: 3,788, prefix: 843,122
[00:00:04:18:022] Expansion 210,000: F [0, 8, 16, 24, 32, 40, 41, 33, 25, 26, 34, 35, 43, 44, 36, 37, 29, 21, 20], B [47, 39, 38, 30, 31, 23, 15, 7, 6, 14, 13, 5, 4, 3, 11], f=41, g=32
[00:00:04:31:313] Expansion 220,000: F [0, 8, 9, 10, 11, 3, 4, 5, 6, 14, 15, 23, 31, 30, 29, 21, 13, 12, 20, 19, 18, 17, 16, 24, 25, 33, 32, 40, 41, 42, 34, 26, 27], B [47, 39, 38], f=41, g=34
[00:00:04:45:340] Expansion 230,000: F [0, 1, 9, 17, 25, 33, 32, 40, 41, 42, 34, 26, 27, 35, 43, 44], B [47, 46, 38, 39, 31], f=41, g=19
[00:00:04:58:677] Path of length 40 found: [0, 1, 9, 8, 16, 24, 32, 40, 41, 42, 43, 44, 36, 37, 29, 21, 20, 28, 27, 35, 34, 33, 25, 17, 18, 10, 11, 3, 4, 5, 13, 14, 6, 7, 15, 23, 31, 39, 38, 46, 47]
[00:00:04:59:179] ! Bidirectional. expansions: 238,923, time: 298,688 [ms], path length: 40 [edges], g_F: 26, g_B: 14, generated: {'F': 266,352, 'B': 169,724}, MM: 12, MMPER: 28.26829268292683%
[00:00:04:59:179] 
---------- SM_Grids/6x8_grid_with_random_blocks_8per_1 ----------
[00:00:00:05:031] Path of length 42 found: [0, 8, 16, 17, 18, 10, 11, 3, 4, 12, 13, 14, 6, 7, 15, 23, 31, 30, 22, 21, 29, 28, 20, 19, 27, 26, 34, 33, 25, 24, 32, 40, 41, 42, 43, 35, 36, 44, 45, 37, 38, 46, 47]
[00:00:00:05:040] ! Unidirectional s-t. expansions: 2,453, time: 5,039 [ms], path length: 42 [edges], generated: 4,441
[00:00:00:08:888] Expansion 10,000: state None, f=43, g=29
[00:00:00:14:962] Path of length 42 found: [47, 46, 45, 44, 43, 42, 41, 40, 32, 33, 34, 35, 36, 37, 38, 39, 31, 30, 29, 28, 27, 19, 20, 21, 22, 23, 15, 7, 6, 14, 13, 12, 4, 3, 11, 10, 18, 26, 25, 17, 16, 8, 0]
[00:00:00:14:964] ! Unidirectional t-s. expansions: 16,908, time: 14,962 [ms], path length: 42 [edges], generated: 27,926
[00:00:00:13:179] Expansion 10,000: F [0, 8, 16], B [47, 46, 38, 39, 31, 23, 15, 7, 6, 14, 13, 12, 4, 3, 11, 10, 18, 26, 27, 19, 20, 21, 22, 30, 29, 28, 36, 37, 45, 44, 43, 35, 34, 42, 41, 40, 32, 33, 25], f=43, g=40
[00:00:00:25:086] Expansion 20,000: F [0, 8, 16, 17], B [47, 46, 45, 44, 43, 42, 41, 40, 32, 24, 25, 33, 34, 35, 36, 37, 38, 39, 31, 30, 29, 21, 22, 23, 15, 7, 6, 14, 13, 12, 4, 3, 11], f=43, g=35
[00:00:00:26:000] Path of length 42 found: [0, 8, 16, 24, 32, 40, 41, 42, 43, 44, 45, 46, 38, 30, 22, 21, 29, 37, 36, 28, 20, 19, 27, 35, 34, 26, 25, 17, 18, 10, 11, 3, 4, 12, 13, 14, 6, 7, 15, 23, 31, 39, 47]
[00:00:00:26:347] ! Bidirectional. expansions: 20,758, time: 26,000 [ms], path length: 42 [edges], g_F: 6, g_B: 36, generated: {'F': 9,703, 'B': 24,290}, MM: 30, MMPER: 68.76744186046511%
[00:00:00:26:347] 
---------- SM_Grids/6x8_grid_with_random_blocks_8per_2 ----------
[00:00:00:09:417] Expansion 10,000: state None, f=41, g=20
[00:00:00:17:383] Expansion 20,000: state None, f=41, g=30
[00:00:00:24:293] Path of length 40 found: [0, 8, 16, 24, 32, 40, 41, 42, 34, 33, 25, 17, 18, 10, 9, 1, 2, 3, 11, 12, 20, 19, 27, 35, 36, 44, 45, 37, 29, 21, 22, 14, 6, 7, 15, 23, 31, 30, 38, 46, 47]
[00:00:00:24:295] ! Unidirectional s-t. expansions: 27,107, time: 24,293 [ms], path length: 40 [edges], generated: 48,374
[00:00:00:09:614] Expansion 10,000: state None, f=41, g=27
[00:00:00:18:131] Expansion 20,000: state None, f=41, g=14
[00:00:00:19:275] Path of length 40 found: [47, 46, 45, 44, 36, 37, 38, 39, 31, 23, 15, 7, 6, 14, 22, 30, 29, 21, 20, 12, 11, 3, 2, 10, 18, 19, 27, 35, 34, 26, 25, 33, 41, 40, 32, 24, 16, 17, 9, 1, 0]
[00:00:00:19:277] ! Unidirectional t-s. expansions: 21,069, time: 19,275 [ms], path length: 40 [edges], generated: 37,240
[00:00:00:17:917] Expansion 10,000: F [0, 8, 9, 1, 2, 3, 11], B [47, 39, 38, 46, 45, 37, 36, 35, 34, 42], f=42, g=15
[00:00:00:34:928] Expansion 20,000: F [0, 8, 16, 24, 25, 33, 32, 40, 41, 42, 34, 26, 18, 17, 9, 1, 2, 3, 11], B [47, 39, 31, 23, 15, 7, 6, 14, 22, 30, 38, 37, 45, 44, 36, 35, 27, 28, 29, 21, 20], f=41, g=38
[00:00:00:43:198] Expansion 30,000: F [0, 8, 16, 24, 25, 33, 32, 40, 41, 42, 34, 35, 27, 26, 18, 10, 9, 1, 2, 3, 11, 19], B [47, 39, 38, 46, 45, 44, 36, 37, 29], f=41, g=29
[00:00:00:53:145] Expansion 40,000: F [0, 1, 9, 17, 16, 24, 32, 40, 41, 42, 34, 33, 25, 26, 27], B [47, 46, 38, 39, 31, 23, 15, 7, 6, 14, 22, 30, 29, 37, 45, 44], f=41, g=29
[00:00:01:04:512] Expansion 50,000: F [0, 8, 16, 17, 9, 1, 2, 10, 11, 12, 20, 19, 18, 26, 25, 24, 32, 33, 41, 42, 34, 35, 27, 28, 36], B [47, 39, 31, 23, 15, 7, 6], f=41, g=30
[00:00:01:17:002] Expansion 60,000: F [0, 8, 16, 24, 25, 33, 32, 40, 41, 42, 34, 26, 18, 17, 9, 10], B [47, 39, 38, 37, 45], f=41, g=19
[00:00:01:30:366] Expansion 70,000: F [0, 1, 2, 3, 11, 10, 9, 8, 16, 24, 32, 40, 41, 33, 34], B [47, 39, 38, 46, 45, 44], f=41, g=19
[00:00:01:44:913] Expansion 80,000: F [0, 1, 9, 8, 16, 24, 32, 33, 41, 42, 34, 26, 25, 17, 18, 10, 2, 3], B [47, 39, 38, 46, 45, 37, 36, 35, 27, 28, 29, 30, 31, 23, 15, 7, 6], f=41, g=33
[00:00:01:59:924] Expansion 90,000: F [0, 8, 9, 1, 2, 10, 11], B [47, 46, 45, 37, 36, 35, 34, 42, 41, 40, 32, 33, 25, 24, 16, 17, 18], f=41, g=22
[00:00:02:08:382] Path of length 40 found: [0, 8, 16, 24, 25, 33, 32, 40, 41, 42, 34, 35, 27, 26, 18, 17, 9, 1, 2, 10, 11, 19, 20, 21, 29, 37, 36, 44, 45, 46, 38, 30, 22, 14, 6, 7, 15, 23, 31, 39, 47]
[00:00:02:08:809] ! Bidirectional. expansions: 95,389, time: 128,383 [ms], path length: 40 [edges], g_F: 22, g_B: 18, generated: {'F': 84,407, 'B': 88,534}, MM: 4, MMPER: 8.75609756097561%
[00:00:02:08:809] 
---------- SM_Grids/6x8_grid_with_random_blocks_8per_3 ----------
[00:00:00:08:696] Expansion 10,000: state None, f=43, g=18
[00:00:00:16:997] Path of length 42 found: [0, 8, 9, 1, 2, 10, 11, 3, 4, 12, 20, 19, 27, 26, 18, 17, 25, 24, 32, 40, 41, 33, 34, 42, 43, 44, 45, 37, 36, 28, 29, 21, 13, 14, 6, 7, 15, 23, 31, 30, 38, 46, 47]
[00:00:00:16:999] ! Unidirectional s-t. expansions: 19,909, time: 16,997 [ms], path length: 42 [edges], generated: 33,025
[00:00:00:09:848] Expansion 10,000: state None, f=43, g=33
[00:00:00:19:060] Expansion 20,000: state None, f=43, g=22
[00:00:00:26:151] Path of length 42 found: [47, 46, 45, 44, 43, 42, 41, 40, 32, 24, 25, 33, 34, 35, 36, 37, 29, 30, 38, 39, 31, 23, 15, 7, 6, 14, 13, 21, 20, 28, 27, 26, 18, 19, 11, 12, 4, 3, 2, 10, 9, 1, 0]
[00:00:00:26:153] ! Unidirectional t-s. expansions: 28,133, time: 26,151 [ms], path length: 42 [edges], generated: 47,750
[00:00:00:12:217] Expansion 10,000: F [0, 8, 9, 1, 2, 10, 11, 3, 4, 12, 20, 19, 18, 17, 25, 33, 32], B [47, 39, 31, 23, 15, 7, 6, 14], f=43, g=23
[00:00:00:25:735] Expansion 20,000: F [0, 8, 9, 1, 2, 3, 4, 12, 20, 28], B [47, 46, 45, 44, 43, 42, 41, 40, 32, 33, 25, 17, 18, 10], f=43, g=22
[00:00:00:40:147] Expansion 30,000: F [0, 8, 9, 10, 2], B [47, 39, 38, 46, 45, 37, 29, 30, 31, 23, 15, 7, 6, 14, 13, 21], f=43, g=19
[00:00:00:52:435] Path of length 42 found: [0, 8, 9, 1, 2, 10, 11, 3, 4, 12, 20, 21, 13, 14, 6, 7, 15, 23, 31, 30, 29, 28, 27, 19, 18, 17, 25, 24, 32, 40, 41, 42, 34, 35, 43, 44, 36, 37, 45, 46, 38, 39, 47]
[00:00:00:52:802] ! Bidirectional. expansions: 38,631, time: 52,435 [ms], path length: 42 [edges], g_F: 28, g_B: 14, generated: {'F': 46,453, 'B': 23,209}, MM: 14, MMPER: 31.558139534883722%
[00:00:00:52:802] 
---------- SM_Grids/6x8_grid_with_random_blocks_8per_4 ----------
[00:00:00:11:862] Expansion 10,000: state None, f=43, g=34
[00:00:00:18:422] Expansion 20,000: state None, f=43, g=27
[00:00:00:25:792] Expansion 30,000: state None, f=43, g=31
[00:00:00:32:914] Expansion 40,000: state None, f=43, g=27
[00:00:00:40:499] Expansion 50,000: state None, f=43, g=11
[00:00:00:48:584] Expansion 60,000: state None, f=43, g=36
[00:00:00:56:018] Expansion 70,000: state None, f=43, g=28
[00:00:00:59:407] Path of length 42 found: [0, 1, 9, 17, 16, 24, 32, 40, 41, 42, 43, 44, 45, 37, 36, 28, 20, 21, 13, 12, 11, 19, 27, 35, 34, 33, 25, 26, 18, 10, 2, 3, 4, 5, 6, 7, 15, 14, 22, 30, 38, 39, 47]
[00:00:00:59:409] ! Unidirectional s-t. expansions: 73,991, time: 59,407 [ms], path length: 42 [edges], generated: 118,419
[00:00:00:08:279] Expansion 10,000: state None, f=43, g=30
[00:00:00:20:890] Expansion 20,000: state None, f=43, g=23
[00:00:00:28:814] Expansion 30,000: state None, f=43, g=31
[00:00:00:37:695] Expansion 40,000: state None, f=43, g=31
[00:00:00:38:321] Path of length 42 found: [47, 39, 31, 30, 38, 37, 45, 44, 36, 35, 43, 42, 41, 40, 32, 24, 16, 17, 25, 33, 34, 26, 27, 19, 20, 28, 29, 21, 22, 14, 15, 7, 6, 5, 13, 12, 4, 3, 11, 10, 2, 1, 0]
[00:00:00:38:323] ! Unidirectional t-s. expansions: 40,295, time: 38,322 [ms], path length: 42 [edges], generated: 68,665
[00:00:00:12:986] Expansion 10,000: F [0, 1, 2, 10, 9, 17, 16, 24, 32, 40, 41, 33, 25, 26, 18, 19, 11, 12], B [47, 39, 31, 30], f=43, g=20
[00:00:00:26:329] Expansion 20,000: F [0, 1, 9, 10, 2, 3, 11, 19, 20, 12, 13, 5, 6, 7, 15, 14, 22, 21, 29, 28, 27, 26], B [47, 39, 31, 30, 38, 37, 45, 44, 36, 35, 43, 42, 34, 33], f=43, g=34
[00:00:00:40:783] Expansion 30,000: F [0, 1, 2, 3, 11, 12, 13, 5, 6, 7, 15, 14, 22], B [47, 39, 31, 30, 38, 37, 45, 44, 43, 42, 41, 40, 32, 33, 25, 24, 16, 17, 9, 10, 18, 19, 27, 26, 34, 35, 36, 28], f=43, g=39
[00:00:00:55:079] Expansion 40,000: F [0, 1, 9, 17, 16, 24, 32, 40, 41, 33, 25, 26, 18, 10, 2, 3, 4, 12, 11, 19, 27, 35, 34, 42, 43, 44, 45], B [47, 39, 38, 30], f=43, g=29
[00:00:01:07:322] Path of length 42 found: [0, 1, 9, 17, 16, 24, 32, 40, 41, 33, 25, 26, 18, 19, 11, 10, 2, 3, 4, 12, 13, 5, 6, 7, 15, 14, 22, 21, 20, 28, 27, 35, 34, 42, 43, 44, 45, 37, 38, 30, 31, 39, 47]
[00:00:01:07:698] ! Bidirectional. expansions: 49,289, time: 67,322 [ms], path length: 42 [edges], g_F: 31, g_B: 11, generated: {'F': 58,921, 'B': 30,749}, MM: 20, MMPER: 45.51162790697674%
[00:00:01:07:699] 
---------- SM_Grids/6x8_grid_with_random_blocks_8per_5 ----------
[00:00:00:10:587] Path of length 42 found: [0, 1, 9, 8, 16, 17, 25, 26, 34, 33, 32, 40, 41, 42, 43, 44, 36, 37, 45, 46, 38, 30, 29, 21, 20, 28, 27, 19, 18, 10, 2, 3, 11, 12, 4, 5, 13, 14, 22, 23, 31, 39, 47]
[00:00:00:10:592] ! Unidirectional s-t. expansions: 5,931, time: 10,590 [ms], path length: 42 [edges], generated: 10,469
[00:00:00:07:723] Path of length 42 found: [47, 46, 45, 37, 38, 39, 31, 30, 29, 21, 22, 23, 15, 14, 13, 5, 4, 3, 2, 1, 9, 10, 11, 12, 20, 19, 27, 28, 36, 44, 43, 42, 41, 40, 32, 33, 34, 26, 18, 17, 16, 8, 0]
[00:00:00:07:727] ! Unidirectional t-s. expansions: 7,519, time: 7,723 [ms], path length: 42 [edges], generated: 12,106
[00:00:00:14:555] Expansion 10,000: F [0, 8, 16, 17, 18, 10, 9, 1, 2, 3, 11, 12], B [47, 46, 45, 37, 38, 39, 31, 30, 29, 28], f=43, g=20
[00:00:00:29:425] Expansion 20,000: F [0, 1, 2, 3, 11, 19, 18, 10, 9, 8, 16], B [47, 39, 31, 30, 29], f=43, g=14
[00:00:00:36:397] Path of length 42 found: [0, 8, 16, 17, 9, 1, 2, 3, 4, 5, 13, 12, 20, 21, 29, 37, 36, 28, 27, 19, 11, 10, 18, 26, 25, 33, 32, 40, 41, 42, 43, 44, 45, 46, 38, 30, 22, 14, 15, 23, 31, 39, 47]
[00:00:00:36:818] ! Bidirectional. expansions: 24,969, time: 36,397 [ms], path length: 42 [edges], g_F: 25, g_B: 17, generated: {'F': 16,529, 'B': 27,991}, MM: 8, MMPER: 17.6046511627907%
[00:00:00:36:818] 
---------- SM_Grids/6x8_grid_with_random_blocks_8per_6 ----------
[00:00:00:08:687] Expansion 10,000: state None, f=43, g=36
[00:00:00:08:859] Path of length 42 found: [0, 8, 16, 17, 18, 10, 11, 12, 4, 5, 6, 7, 15, 23, 31, 30, 22, 14, 13, 21, 29, 28, 20, 19, 27, 26, 34, 33, 25, 24, 32, 40, 41, 42, 43, 35, 36, 44, 45, 37, 38, 46, 47]
[00:00:00:08:860] ! Unidirectional s-t. expansions: 10,117, time: 8,859 [ms], path length: 42 [edges], generated: 17,664
[00:00:00:08:893] Expansion 10,000: state None, f=43, g=18
[00:00:00:17:333] Expansion 20,000: state None, f=43, g=35
[00:00:00:25:714] Expansion 30,000: state None, f=43, g=24
[00:00:00:32:777] Path of length 42 found: [47, 46, 45, 44, 43, 42, 41, 40, 32, 33, 34, 35, 36, 37, 38, 39, 31, 30, 29, 28, 27, 19, 20, 21, 22, 23, 15, 7, 6, 14, 13, 5, 4, 12, 11, 10, 18, 26, 25, 17, 16, 8, 0]
[00:00:00:32:779] ! Unidirectional t-s. expansions: 37,798, time: 32,777 [ms], path length: 42 [edges], generated: 63,676
[00:00:00:13:458] Expansion 10,000: F [0, 8, 16, 24, 32, 40, 41, 42, 43, 44, 45, 37, 36, 35, 34, 33, 25, 17, 18], B [47, 46, 38, 39, 31, 30, 29, 28, 20, 21, 22, 23, 15, 7, 6, 14, 13], f=43, g=34
[00:00:00:28:420] Expansion 20,000: F [0, 8, 16, 24, 25, 17, 18], B [47, 46, 45, 44, 43, 42, 41, 40, 32, 33, 34, 35, 36, 28, 20, 21, 29, 37, 38, 39], f=43, g=25
[00:00:00:41:887] Expansion 30,000: F [0, 8, 16, 17, 18, 10, 11, 19, 27], B [47, 46, 38, 39, 31, 30, 29, 21, 22, 23, 15, 7, 6, 14, 13, 5, 4, 12, 20], f=43, g=26
[00:00:00:46:164] Path of length 42 found: [0, 8, 16, 24, 32, 40, 41, 33, 25, 17, 18, 10, 11, 19, 27, 26, 34, 42, 43, 44, 45, 46, 38, 30, 22, 14, 13, 21, 29, 37, 36, 28, 20, 12, 4, 5, 6, 7, 15, 23, 31, 39, 47]
[00:00:00:46:522] ! Bidirectional. expansions: 33,160, time: 46,165 [ms], path length: 42 [edges], g_F: 16, g_B: 26, generated: {'F': 24,420, 'B': 35,792}, MM: 10, MMPER: 22.25581395348837%
[00:00:00:46:522] 
---------- SM_Grids/6x8_grid_with_random_blocks_8per_7 ----------
[00:00:00:00:056] Path of length 44 found: [0, 8, 16, 24, 32, 40, 41, 33, 25, 17, 9, 1, 2, 10, 18, 26, 34, 42, 43, 35, 27, 19, 20, 12, 11, 3, 4, 5, 6, 14, 15, 23, 22, 21, 29, 37, 36, 44, 45, 46, 38, 30, 31, 39, 47]
[00:00:00:00:056] ! Unidirectional s-t. expansions: 48, time: 56 [ms], path length: 44 [edges], generated: 77
[00:00:00:00:052] Path of length 44 found: [47, 39, 31, 23, 15, 14, 6, 5, 4, 3, 2, 1, 9, 17, 25, 33, 34, 26, 18, 10, 11, 12, 20, 19, 27, 35, 36, 37, 29, 21, 22, 30, 38, 46, 45, 44, 43, 42, 41, 40, 32, 24, 16, 8, 0]
[00:00:00:00:053] ! Unidirectional t-s. expansions: 45, time: 53 [ms], path length: 44 [edges], generated: 72
[00:00:00:00:103] Path of length 44 found: [0, 8, 16, 24, 32, 40, 41, 33, 25, 17, 9, 1, 2, 10, 18, 26, 34, 42, 43, 44, 45, 46, 38, 30, 22, 21, 29, 37, 36, 35, 27, 19, 20, 12, 11, 3, 4, 5, 6, 14, 15, 23, 31, 39, 47]
[00:00:00:00:437] ! Bidirectional. expansions: 65, time: 103 [ms], path length: 44 [edges], g_F: 32, g_B: 12, generated: {'F': 82, 'B': 30}, MM: 20, MMPER: 43.44444444444444%
[00:00:00:00:437] 
---------- SM_Grids/6x8_grid_with_random_blocks_8per_8 ----------
[00:00:00:13:598] Expansion 10,000: state None, f=43, g=30
[00:00:00:16:527] Path of length 42 found: [0, 8, 16, 24, 25, 33, 32, 40, 41, 42, 43, 44, 36, 35, 27, 26, 18, 17, 9, 1, 2, 10, 11, 3, 4, 5, 6, 7, 15, 14, 22, 21, 13, 12, 20, 28, 29, 37, 38, 30, 31, 39, 47]
[00:00:00:16:529] ! Unidirectional s-t. expansions: 12,648, time: 16,527 [ms], path length: 42 [edges], generated: 21,861
[00:00:00:08:168] Path of length 42 found: [47, 46, 38, 39, 31, 30, 29, 37, 36, 44, 43, 35, 27, 28, 20, 21, 22, 14, 15, 7, 6, 5, 13, 12, 4, 3, 2, 10, 11, 19, 18, 26, 25, 33, 41, 40, 32, 24, 16, 17, 9, 1, 0]
[00:00:00:08:171] ! Unidirectional t-s. expansions: 7,368, time: 8,169 [ms], path length: 42 [edges], generated: 12,688
[00:00:00:15:623] Expansion 10,000: F [0, 1, 2, 3, 11, 10, 9, 8, 16, 24, 32, 40, 41, 33], B [47, 46, 38, 39, 31, 30, 22, 14, 15, 7, 6, 5, 4, 12, 13, 21, 20, 28, 29, 37, 36, 44, 43], f=43, g=35
[00:00:00:25:782] Expansion 20,000: F [0, 8, 16, 24, 25], B [47, 46, 38, 39, 31, 30, 22, 21, 13, 14, 15, 7, 6, 5, 4, 12, 11, 19, 20, 28, 29, 37, 36], f=43, g=26
[00:00:00:40:254] Expansion 30,000: F [0, 8, 16, 24, 32, 40, 41], B [47, 39, 31, 30, 38, 37, 29, 21, 22, 14, 15, 7, 6, 5, 13, 12, 4, 3, 2, 1, 9, 17, 18, 10], f=43, g=29
[00:00:00:48:735] Path of length 42 found: [0, 8, 16, 24, 25, 33, 32, 40, 41, 42, 43, 44, 36, 37, 29, 21, 20, 19, 27, 26, 18, 17, 9, 1, 2, 10, 11, 3, 4, 12, 13, 5, 6, 7, 15, 14, 22, 30, 31, 39, 38, 46, 47]
[00:00:00:49:114] ! Bidirectional. expansions: 35,862, time: 48,735 [ms], path length: 42 [edges], g_F: 18, g_B: 24, generated: {'F': 25,716, 'B': 38,125}, MM: 6, MMPER: 12.953488372093023%
[00:00:00:49:114] 
---------- SM_Grids/6x8_grid_with_random_blocks_8per_9 ----------
[00:00:00:00:611] Path of length 44 found: [0, 1, 9, 10, 2, 3, 11, 12, 20, 28, 27, 19, 18, 26, 25, 17, 16, 24, 32, 33, 41, 42, 34, 35, 43, 44, 36, 37, 45, 46, 38, 30, 29, 21, 13, 5, 6, 7, 15, 14, 22, 23, 31, 39, 47]
[00:00:00:00:611] ! Unidirectional s-t. expansions: 224, time: 611 [ms], path length: 44 [edges], generated: 410
[00:00:00:00:100] Path of length 44 found: [47, 39, 31, 23, 15, 7, 6, 5, 13, 14, 22, 21, 29, 30, 38, 46, 45, 37, 36, 44, 43, 35, 34, 42, 41, 33, 32, 24, 16, 17, 25, 26, 18, 19, 27, 28, 20, 12, 11, 3, 2, 10, 9, 1, 0]
[00:00:00:00:100] ! Unidirectional t-s. expansions: 96, time: 100 [ms], path length: 44 [edges], generated: 169
[00:00:00:03:901] Path of length 44 found: [0, 1, 9, 10, 2, 3, 11, 12, 20, 28, 27, 19, 18, 26, 25, 17, 16, 24, 32, 33, 41, 42, 34, 35, 43, 44, 36, 37, 45, 46, 38, 30, 29, 21, 22, 14, 13, 5, 6, 7, 15, 23, 31, 39, 47]
[00:00:00:04:247] ! Bidirectional. expansions: 2,062, time: 3,901 [ms], path length: 44 [edges], g_F: 17, g_B: 27, generated: {'F': 670, 'B': 3,056}, MM: 10, MMPER: 21.22222222222222%
[00:00:00:04:247] average expansions: (24,910, 28,577, 53,911, 0)
[00:00:00:04:248] average time: (22,772, 25,516, 70,813, 0)
[00:00:00:04:248] XA*: 24,910 , 22,772 (expansions , time[ms])
[00:00:00:04:248] BiXA*: 53,911 , 70,813 (expansions , time[ms])

