--------------------------
date: SM_Grids
number_of_graphs: 10
graph_type: grid
size_of_graphs: [8, 8]
heuristic: bcc_heuristic
snake: False
run_uni: True
run_bi: True
run_multi: False
solution_vertices: []
algorithms: ['XMM']
lookahead: 2
bsd: False
cube_first_dims: 4
cube_buffer_dim: None
backward_sym_generation: False
sym_coil: False
prefix_set: None

---------- SM_Grids/8x8_grid_with_random_blocks_20per_0 ----------
[00:00:00:01:521] Path of length 44 found: [0, 1, 9, 10, 2, 3, 4, 5, 6, 7, 15, 23, 31, 39, 38, 30, 29, 21, 22, 14, 13, 12, 20, 28, 36, 35, 34, 26, 25, 17, 16, 24, 32, 40, 48, 49, 41, 42, 43, 44, 52, 53, 61, 62, 63]
[00:00:00:01:521] ! Unidirectional s-t. expansions: 1,596, time: 1,521 [ms], path length: 44 [edges], generated: 2,553
[00:00:00:00:414] Path of length 44 found: [63, 62, 61, 53, 52, 44, 43, 42, 50, 49, 41, 40, 32, 24, 16, 17, 25, 26, 34, 35, 36, 37, 38, 39, 31, 30, 29, 28, 20, 21, 22, 23, 15, 7, 6, 14, 13, 5, 4, 3, 2, 10, 9, 1, 0]
[00:00:00:00:414] ! Unidirectional t-s. expansions: 511, time: 414 [ms], path length: 44 [edges], generated: 894
[00:00:00:01:108] Path of length 44 found: [63, 62, 61, 53, 52, 44, 43, 42, 50, 49, 41, 40, 32, 24, 16, 17, 25, 26, 34, 35, 36, 28, 29, 30, 38, 39, 31, 23, 22, 14, 15, 7, 6, 5, 13, 21, 20, 12, 4, 3, 2, 10, 9, 1, 0]
[00:00:00:01:549] ! Bidirectional. expansions: 674, time: 1,108 [ms], path length: 44 [edges], g_F: 21, g_B: 23, generated: 1,151, MM: 2, MMPER: 3.4444444444444446%
[00:00:00:01:549] 
---------- SM_Grids/8x8_grid_with_random_blocks_20per_1 ----------
[00:00:00:09:325] Path of length 38 found: [0, 8, 16, 24, 25, 33, 34, 42, 41, 40, 48, 56, 57, 49, 50, 51, 43, 35, 27, 26, 18, 17, 9, 1, 2, 10, 11, 19, 20, 28, 29, 30, 31, 39, 47, 46, 54, 62, 63]
[00:00:00:09:326] ! Unidirectional s-t. expansions: 7,742, time: 9,325 [ms], path length: 38 [edges], generated: 13,505
[00:00:00:03:645] Path of length 38 found: [63, 62, 54, 55, 47, 39, 31, 30, 29, 21, 20, 28, 27, 35, 43, 51, 50, 49, 57, 56, 48, 40, 41, 42, 34, 33, 25, 24, 16, 17, 18, 19, 11, 3, 2, 10, 9, 1, 0]
[00:00:00:03:646] ! Unidirectional t-s. expansions: 2,850, time: 3,645 [ms], path length: 38 [edges], generated: 5,039
[00:00:00:05:509] Path of length 38 found: [63, 62, 54, 55, 47, 39, 31, 30, 29, 21, 20, 28, 27, 19, 11, 3, 2, 1, 9, 17, 18, 26, 34, 42, 43, 51, 50, 49, 57, 56, 48, 40, 41, 33, 25, 24, 16, 8, 0]
[00:00:00:06:411] ! Bidirectional. expansions: 3,061, time: 5,509 [ms], path length: 38 [edges], g_F: 17, g_B: 21, generated: 5,914, MM: 4, MMPER: 9.256410256410257%
[00:00:00:06:411] 
---------- SM_Grids/8x8_grid_with_random_blocks_20per_2 ----------
[00:00:00:00:912] Path of length 48 found: [0, 8, 16, 17, 9, 1, 2, 3, 4, 12, 20, 19, 18, 26, 34, 33, 41, 40, 48, 56, 57, 49, 50, 58, 59, 60, 61, 53, 45, 37, 36, 28, 29, 30, 22, 21, 13, 5, 6, 14, 15, 23, 31, 39, 38, 46, 54, 62, 63]
[00:00:00:00:912] ! Unidirectional s-t. expansions: 739, time: 912 [ms], path length: 48 [edges], generated: 1,295
[00:00:00:01:175] Path of length 48 found: [63, 62, 61, 60, 59, 58, 50, 49, 57, 56, 48, 40, 41, 33, 34, 26, 18, 19, 20, 12, 13, 21, 29, 28, 36, 37, 45, 53, 54, 46, 47, 39, 38, 30, 31, 23, 15, 14, 6, 5, 4, 3, 2, 1, 9, 17, 16, 8, 0]
[00:00:00:01:176] ! Unidirectional t-s. expansions: 888, time: 1,175 [ms], path length: 48 [edges], generated: 1,438
[00:00:00:01:610] Path of length 48 found: [0, 8, 16, 17, 9, 1, 2, 3, 4, 12, 13, 5, 6, 14, 15, 23, 22, 21, 29, 28, 20, 19, 18, 26, 34, 33, 41, 40, 48, 56, 57, 49, 50, 58, 59, 60, 61, 53, 45, 37, 38, 30, 31, 39, 47, 46, 54, 62, 63]
[00:00:00:02:024] ! Bidirectional. expansions: 1,029, time: 1,610 [ms], path length: 48 [edges], g_F: 23, g_B: 25, generated: 1,812, MM: 2, MMPER: 3.0816326530612246%
[00:00:00:02:024] 
---------- SM_Grids/8x8_grid_with_random_blocks_20per_3 ----------
[00:00:00:00:716] Path of length 46 found: [0, 1, 9, 10, 18, 17, 16, 24, 32, 40, 41, 49, 57, 58, 50, 51, 43, 44, 36, 35, 34, 26, 27, 19, 20, 12, 11, 3, 4, 5, 6, 7, 15, 23, 22, 30, 31, 39, 38, 37, 45, 53, 52, 60, 61, 62, 63]
[00:00:00:00:717] ! Unidirectional s-t. expansions: 505, time: 716 [ms], path length: 46 [edges], generated: 852
[00:00:00:00:767] Path of length 46 found: [63, 62, 61, 60, 52, 53, 45, 37, 29, 30, 38, 39, 31, 23, 15, 7, 6, 5, 13, 12, 4, 3, 11, 19, 27, 26, 34, 35, 36, 44, 43, 51, 50, 58, 57, 49, 41, 40, 32, 24, 16, 17, 18, 10, 9, 1, 0]
[00:00:00:00:768] ! Unidirectional t-s. expansions: 665, time: 767 [ms], path length: 46 [edges], generated: 1,066
[00:00:00:00:995] Path of length 46 found: [63, 62, 61, 60, 52, 53, 45, 44, 36, 37, 29, 30, 38, 39, 31, 23, 15, 7, 6, 5, 4, 3, 11, 12, 20, 19, 27, 26, 34, 35, 43, 51, 50, 58, 57, 49, 41, 40, 32, 24, 16, 17, 18, 10, 9, 1, 0]
[00:00:00:01:409] ! Bidirectional. expansions: 611, time: 995 [ms], path length: 46 [edges], g_F: 22, g_B: 24, generated: 1,092, MM: 2, MMPER: 3.25531914893617%
[00:00:00:01:409] 
---------- SM_Grids/8x8_grid_with_random_blocks_20per_4 ----------
[00:00:00:10:819] Expansion 10,000: state None, f=46, g=16
[00:00:00:20:880] Path of length 44 found: [0, 1, 2, 3, 4, 5, 6, 7, 15, 23, 22, 21, 20, 28, 27, 26, 34, 33, 25, 17, 18, 19, 11, 10, 9, 8, 16, 24, 32, 40, 48, 49, 57, 58, 59, 51, 43, 44, 36, 37, 45, 46, 54, 62, 63]
[00:00:00:20:882] ! Unidirectional s-t. expansions: 19,979, time: 20,880 [ms], path length: 44 [edges], generated: 32,155
[00:00:00:12:284] Expansion 10,000: state None, f=45, g=16
[00:00:00:15:820] Path of length 44 found: [63, 55, 54, 46, 38, 37, 29, 21, 22, 23, 15, 7, 6, 5, 4, 3, 11, 10, 2, 1, 9, 17, 18, 26, 27, 19, 20, 28, 36, 44, 43, 51, 59, 58, 57, 49, 48, 40, 41, 33, 25, 24, 16, 8, 0]
[00:00:00:15:822] ! Unidirectional t-s. expansions: 12,922, time: 15,820 [ms], path length: 44 [edges], generated: 23,624
[00:00:00:28:301] Path of length 44 found: [0, 1, 9, 8, 16, 17, 18, 26, 34, 33, 25, 24, 32, 40, 48, 49, 57, 58, 59, 51, 43, 44, 36, 28, 20, 19, 11, 10, 2, 3, 4, 5, 6, 7, 15, 23, 22, 21, 29, 37, 38, 46, 54, 55, 63]
[00:00:00:28:761] ! Bidirectional. expansions: 16,109, time: 28,303 [ms], path length: 44 [edges], g_F: 22, g_B: 22, generated: 32,035, MM: 0, MMPER: -1.0%
[00:00:00:28:761] 
---------- SM_Grids/8x8_grid_with_random_blocks_20per_5 ----------
[00:00:00:02:446] Path of length 46 found: [0, 1, 9, 8, 16, 17, 18, 26, 34, 35, 43, 42, 41, 33, 25, 24, 32, 40, 48, 49, 57, 58, 59, 51, 52, 53, 61, 62, 54, 46, 45, 37, 36, 28, 29, 21, 20, 12, 13, 14, 22, 23, 31, 39, 47, 55, 63]
[00:00:00:02:447] ! Unidirectional s-t. expansions: 1,852, time: 2,446 [ms], path length: 46 [edges], generated: 3,330
[00:00:00:01:191] Path of length 46 found: [63, 62, 61, 53, 54, 55, 47, 46, 45, 37, 38, 39, 31, 23, 15, 14, 22, 21, 13, 12, 20, 28, 36, 35, 34, 26, 18, 17, 25, 33, 41, 42, 43, 51, 59, 58, 50, 49, 48, 40, 32, 24, 16, 8, 9, 1, 0]
[00:00:00:01:191] ! Unidirectional t-s. expansions: 890, time: 1,191 [ms], path length: 46 [edges], generated: 1,644
[00:00:00:05:202] Path of length 46 found: [63, 62, 54, 55, 47, 46, 38, 39, 31, 23, 15, 14, 22, 21, 13, 12, 20, 28, 29, 37, 45, 53, 52, 51, 50, 58, 57, 49, 48, 40, 32, 24, 25, 33, 41, 42, 43, 35, 34, 26, 18, 17, 16, 8, 9, 1, 0]
[00:00:00:05:633] ! Bidirectional. expansions: 1,431, time: 5,202 [ms], path length: 46 [edges], g_F: 22, g_B: 24, generated: 2,496, MM: 2, MMPER: 3.25531914893617%
[00:00:00:05:633] 
---------- SM_Grids/8x8_grid_with_random_blocks_20per_6 ----------
[00:00:00:01:581] Path of length 46 found: [0, 1, 9, 8, 16, 17, 18, 10, 11, 19, 27, 28, 36, 44, 52, 51, 43, 42, 50, 49, 48, 56, 57, 58, 59, 60, 61, 62, 54, 53, 45, 37, 29, 21, 20, 12, 4, 5, 13, 14, 15, 23, 31, 39, 47, 55, 63]
[00:00:00:01:581] ! Unidirectional s-t. expansions: 1,158, time: 1,581 [ms], path length: 46 [edges], generated: 1,878
[00:00:00:02:095] Path of length 46 found: [63, 55, 47, 39, 31, 23, 15, 14, 6, 5, 4, 12, 13, 21, 29, 37, 45, 53, 54, 62, 61, 60, 59, 58, 57, 56, 48, 49, 50, 42, 43, 51, 52, 44, 36, 28, 20, 19, 27, 26, 18, 10, 9, 17, 16, 8, 0]
[00:00:00:02:095] ! Unidirectional t-s. expansions: 2,014, time: 2,095 [ms], path length: 46 [edges], generated: 3,321
[00:00:00:02:389] Path of length 46 found: [0, 1, 9, 8, 16, 17, 18, 10, 11, 19, 27, 28, 36, 44, 43, 42, 50, 49, 48, 56, 57, 58, 59, 51, 52, 60, 61, 53, 45, 37, 29, 21, 13, 12, 4, 5, 6, 14, 15, 23, 31, 39, 47, 55, 54, 62, 63]
[00:00:00:02:825] ! Bidirectional. expansions: 1,441, time: 2,390 [ms], path length: 46 [edges], g_F: 22, g_B: 24, generated: 2,473, MM: 2, MMPER: 3.25531914893617%
[00:00:00:02:825] 
---------- SM_Grids/8x8_grid_with_random_blocks_20per_7 ----------
[00:00:00:02:501] Path of length 42 found: [0, 8, 9, 1, 2, 3, 11, 19, 27, 26, 18, 17, 25, 24, 32, 40, 41, 33, 34, 42, 50, 51, 43, 35, 36, 28, 20, 12, 4, 5, 6, 14, 15, 23, 31, 30, 38, 39, 47, 55, 54, 62, 63]
[00:00:00:02:501] ! Unidirectional s-t. expansions: 1,718, time: 2,501 [ms], path length: 42 [edges], generated: 2,854
[00:00:00:00:425] Path of length 42 found: [63, 62, 54, 55, 47, 39, 38, 30, 31, 23, 15, 7, 6, 5, 4, 12, 20, 19, 11, 3, 2, 1, 9, 17, 18, 26, 27, 28, 36, 35, 43, 51, 50, 42, 34, 33, 41, 40, 32, 24, 16, 8, 0]
[00:00:00:00:426] ! Unidirectional t-s. expansions: 356, time: 425 [ms], path length: 42 [edges], generated: 657
[00:00:00:02:240] Path of length 42 found: [63, 62, 54, 55, 47, 39, 38, 30, 31, 23, 15, 7, 6, 5, 4, 3, 2, 1, 9, 17, 25, 26, 27, 19, 11, 12, 20, 28, 36, 35, 43, 51, 50, 42, 34, 33, 41, 40, 32, 24, 16, 8, 0]
[00:00:00:02:668] ! Bidirectional. expansions: 1,269, time: 2,240 [ms], path length: 42 [edges], g_F: 20, g_B: 22, generated: 2,268, MM: 2, MMPER: 3.6511627906976747%
[00:00:00:02:668] 
---------- SM_Grids/8x8_grid_with_random_blocks_20per_8 ----------
[00:00:00:00:215] Path of length 48 found: [0, 8, 16, 24, 32, 33, 25, 17, 9, 10, 2, 3, 4, 5, 6, 7, 15, 23, 22, 14, 13, 21, 29, 28, 20, 12, 11, 19, 27, 35, 36, 44, 52, 51, 50, 42, 41, 49, 57, 58, 59, 60, 61, 53, 45, 46, 47, 55, 63]
[00:00:00:00:215] ! Unidirectional s-t. expansions: 223, time: 215 [ms], path length: 48 [edges], generated: 347
[00:00:00:00:058] Path of length 48 found: [63, 55, 47, 46, 45, 53, 61, 60, 59, 58, 57, 49, 41, 42, 50, 51, 52, 44, 36, 35, 27, 19, 11, 12, 20, 28, 29, 21, 13, 14, 22, 23, 15, 7, 6, 5, 4, 3, 2, 10, 9, 17, 25, 33, 32, 24, 16, 8, 0]
[00:00:00:00:058] ! Unidirectional t-s. expansions: 52, time: 58 [ms], path length: 48 [edges], generated: 80
[00:00:00:00:387] Path of length 48 found: [63, 55, 47, 46, 45, 53, 61, 60, 59, 58, 57, 49, 41, 42, 50, 51, 52, 44, 36, 35, 27, 19, 11, 12, 20, 28, 29, 21, 22, 23, 15, 7, 6, 14, 13, 5, 4, 3, 2, 10, 9, 17, 25, 33, 32, 24, 16, 8, 0]
[00:00:00:00:805] ! Bidirectional. expansions: 104, time: 387 [ms], path length: 48 [edges], g_F: 24, g_B: 24, generated: 176, MM: 0, MMPER: -1.0%
[00:00:00:00:805] 
---------- SM_Grids/8x8_grid_with_random_blocks_20per_9 ----------
[00:00:00:00:048] Path of length 36 found: [0, 8, 9, 1, 2, 10, 18, 26, 34, 35, 27, 28, 36, 44, 45, 37, 29, 21, 13, 5, 6, 7, 15, 14, 22, 23, 31, 30, 38, 39, 47, 55, 54, 53, 61, 62, 63]
[00:00:00:00:048] ! Unidirectional s-t. expansions: 44, time: 48 [ms], path length: 36 [edges], generated: 66
[00:00:00:00:117] Path of length 36 found: [63, 62, 61, 53, 54, 55, 47, 39, 38, 30, 31, 23, 22, 14, 15, 7, 6, 5, 13, 21, 29, 37, 45, 44, 36, 28, 27, 35, 34, 26, 18, 17, 9, 10, 2, 1, 0]
[00:00:00:00:117] ! Unidirectional t-s. expansions: 108, time: 117 [ms], path length: 36 [edges], generated: 178
[00:00:00:00:195] Path of length 36 found: [0, 8, 9, 1, 2, 10, 18, 26, 34, 35, 27, 28, 36, 44, 45, 37, 29, 21, 22, 14, 13, 5, 6, 7, 15, 23, 31, 30, 38, 39, 47, 55, 54, 53, 61, 62, 63]
[00:00:00:00:685] ! Bidirectional. expansions: 116, time: 195 [ms], path length: 36 [edges], g_F: 17, g_B: 19, generated: 212, MM: 2, MMPER: 4.405405405405405%
[00:00:00:00:686] average expansions: (3,556, 2,126, 2,584, 0)
[00:00:00:00:686] average time: (4,014, 2,571, 4,794, 0)
[00:00:00:00:686] XA*: 2,126 , 2,571 (expansions , time[ms])
[00:00:00:00:686] XMM: 2,584 , 4,794 (expansions , time[ms])

