--------------------------
date: mazes
number_of_graphs: 10
graph_type: maze
size_of_graphs: [13, 13]
heuristic: bcc_heuristic
snake: False
run_uni: True
run_bi: True
run_multi: False
solution_vertices: []
algorithms: ['XMM']
lookahead: 3
bsd: False
cube_first_dims: 4
cube_buffer_dim: None
backward_sym_generation: False
sym_coil: False
prefix_set: None

---------- mazes/13x13_maze_with_1_open_diamonds_0 ----------
[00:00:00:24:196] Expansion 10,000: state None, f=97, g=35
[00:00:00:47:113] Expansion 20,000: state None, f=95, g=20
[00:00:01:07:961] Expansion 30,000: state None, f=93, g=30
[00:00:01:11:936] Path of length 92 found: [0, 1, 2, 3, 4, 17, 30, 31, 32, 19, 6, 7, 8, 9, 10, 11, 12, 25, 38, 37, 36, 49, 62, 61, 60, 59, 58, 57, 56, 55, 54, 41, 28, 27, 26, 39, 52, 65, 78, 79, 80, 81, 82, 83, 84, 85, 86, 87, 88, 89, 90, 103, 116, 115, 114, 113, 112, 111, 110, 109, 122, 135, 134, 133, 132, 119, 120, 107, 106, 105, 118, 131, 130, 143, 156, 157, 144, 145, 146, 159, 160, 161, 162, 163, 164, 165, 152, 139, 140, 141, 142, 155, 168]
[00:00:01:11:937] ! Unidirectional s-t. expansions: 31,360, time: 71,936 [ms], path length: 92 [edges], generated: 47,235
[00:00:00:28:857] Expansion 10,000: state None, f=101, g=28
[00:00:00:52:655] Expansion 20,000: state None, f=99, g=45
[00:00:01:13:730] Expansion 30,000: state None, f=98, g=33
[00:00:01:36:042] Expansion 40,000: state None, f=97, g=38
[00:00:01:56:121] Expansion 50,000: state None, f=96, g=42
[00:00:02:19:121] Expansion 60,000: state None, f=95, g=60
[00:00:02:40:871] Expansion 70,000: state None, f=95, g=23
[00:00:02:58:577] Expansion 80,000: state None, f=94, g=43
[00:00:03:21:366] Expansion 90,000: state None, f=94, g=31
[00:00:03:39:082] Expansion 100,000: state None, f=93, g=45
[00:00:04:01:178] Path of length 92 found: [168, 155, 142, 141, 140, 139, 152, 165, 164, 163, 150, 137, 136, 135, 134, 133, 146, 159, 158, 157, 156, 143, 130, 131, 144, 145, 132, 119, 118, 105, 106, 107, 108, 109, 110, 111, 112, 113, 114, 115, 116, 103, 90, 89, 88, 87, 86, 85, 84, 83, 82, 81, 80, 79, 78, 65, 52, 39, 26, 27, 28, 41, 54, 55, 56, 57, 58, 59, 60, 61, 62, 63, 64, 51, 38, 25, 12, 11, 10, 9, 8, 7, 6, 19, 32, 31, 30, 17, 4, 3, 2, 1, 0]
[00:00:04:01:179] ! Unidirectional t-s. expansions: 108,294, time: 241,178 [ms], path length: 92 [edges], generated: 154,445
[00:00:00:50:900] Expansion 20,000: f=100, g=43
[00:00:01:56:872] Expansion 40,000: f=97, g=41
[00:00:02:46:538] Expansion 60,000: f=96, g=30
[00:00:03:35:799] Expansion 80,000: f=94, g=28
[00:00:04:24:072] Path of length 92 found: [0, 1, 2, 3, 4, 17, 30, 31, 32, 19, 6, 7, 8, 9, 10, 11, 12, 25, 38, 37, 36, 49, 62, 61, 60, 59, 58, 57, 56, 55, 54, 41, 28, 27, 26, 39, 52, 65, 78, 79, 80, 81, 82, 83, 84, 85, 86, 87, 88, 89, 90, 103, 116, 115, 114, 113, 112, 111, 110, 109, 108, 107, 106, 105, 118, 119, 132, 145, 144, 131, 130, 143, 156, 157, 158, 159, 146, 133, 134, 135, 136, 137, 150, 163, 164, 165, 152, 139, 140, 141, 142, 155, 168]
[00:00:04:24:076] ! Bidirectional. expansions: 98,880, time: 264,072 [ms], path length: 92 [edges], g_F: 41, g_B: 51, generated: 139,473, MM: 10, MMPER: 9.75268817204301%
[00:00:04:24:079] 
---------- mazes/13x13_maze_with_1_open_diamonds_1 ----------
[00:00:00:49:679] Expansion 10,000: state None, f=98, g=40
[00:00:01:15:633] Expansion 20,000: state None, f=95, g=36
[00:00:01:37:077] Expansion 30,000: state None, f=93, g=35
[00:00:02:01:456] Expansion 40,000: state None, f=92, g=23
[00:00:02:18:807] Expansion 50,000: state None, f=91, g=30
[00:00:02:22:133] Path of length 90 found: [0, 1, 2, 15, 28, 27, 26, 39, 52, 53, 54, 41, 42, 29, 16, 3, 4, 17, 30, 43, 56, 57, 58, 45, 32, 19, 6, 7, 8, 9, 10, 11, 12, 25, 38, 37, 36, 49, 62, 61, 74, 87, 88, 89, 90, 103, 116, 115, 114, 113, 112, 99, 86, 85, 84, 83, 82, 81, 80, 79, 92, 105, 106, 107, 108, 109, 122, 135, 134, 133, 132, 131, 130, 143, 156, 157, 158, 159, 160, 161, 162, 163, 164, 165, 152, 139, 140, 141, 142, 155, 168]
[00:00:02:22:136] ! Unidirectional s-t. expansions: 51,200, time: 142,133 [ms], path length: 90 [edges], generated: 69,643
[00:00:00:14:645] Path of length 90 found: [168, 155, 142, 141, 140, 139, 152, 165, 164, 163, 162, 161, 160, 159, 158, 157, 156, 143, 130, 131, 132, 133, 134, 135, 122, 109, 108, 107, 106, 105, 92, 79, 80, 81, 82, 83, 84, 85, 86, 99, 112, 113, 114, 115, 116, 103, 90, 89, 88, 87, 74, 61, 62, 63, 64, 51, 38, 25, 12, 11, 10, 9, 8, 7, 6, 19, 32, 45, 58, 57, 56, 43, 30, 17, 4, 3, 16, 29, 42, 55, 54, 53, 52, 39, 26, 27, 28, 15, 2, 1, 0]
[00:00:00:14:650] ! Unidirectional t-s. expansions: 1,607, time: 14,645 [ms], path length: 90 [edges], generated: 2,500
[00:00:00:55:173] Expansion 20,000: f=95, g=22
[00:00:01:41:767] Expansion 40,000: f=91, g=22
[00:00:01:43:690] Path of length 90 found: [0, 1, 2, 15, 28, 27, 26, 39, 52, 53, 54, 41, 42, 29, 16, 3, 4, 17, 30, 43, 56, 57, 58, 45, 32, 19, 6, 7, 8, 9, 10, 11, 12, 25, 38, 37, 36, 49, 62, 61, 74, 87, 88, 89, 90, 103, 116, 115, 114, 113, 112, 99, 86, 85, 84, 83, 82, 81, 80, 79, 92, 105, 106, 107, 108, 109, 122, 135, 134, 133, 132, 131, 130, 143, 156, 157, 158, 159, 160, 161, 162, 163, 164, 165, 152, 139, 140, 141, 142, 155, 168]
[00:00:01:43:697] ! Bidirectional. expansions: 40,772, time: 103,690 [ms], path length: 90 [edges], g_F: 39, g_B: 51, generated: 56,015, MM: 12, MMPER: 12.186813186813186%
[00:00:01:43:698] 
---------- mazes/13x13_maze_with_1_open_diamonds_2 ----------
[00:00:00:28:944] Expansion 10,000: state None, f=96, g=47
[00:00:00:49:300] Expansion 20,000: state None, f=94, g=34
[00:00:01:09:534] Path of length 92 found: [0, 1, 2, 3, 4, 17, 30, 43, 56, 55, 54, 41, 28, 27, 26, 39, 52, 65, 78, 79, 80, 81, 82, 83, 70, 57, 58, 45, 32, 19, 6, 7, 8, 9, 10, 11, 12, 25, 38, 37, 36, 49, 62, 61, 60, 59, 72, 71, 84, 85, 86, 87, 88, 89, 90, 103, 116, 115, 114, 113, 112, 99, 98, 111, 110, 97, 96, 109, 122, 135, 134, 133, 132, 131, 130, 143, 156, 157, 158, 159, 160, 161, 162, 163, 164, 165, 152, 139, 140, 141, 142, 155, 168]
[00:00:01:09:537] ! Unidirectional s-t. expansions: 29,438, time: 69,534 [ms], path length: 92 [edges], generated: 44,753
[00:00:00:24:576] Expansion 10,000: state None, f=96, g=49
[00:00:00:42:310] Expansion 20,000: state None, f=94, g=44
[00:00:00:52:799] Path of length 92 found: [168, 155, 142, 141, 140, 139, 152, 165, 164, 163, 162, 161, 160, 159, 158, 157, 156, 143, 130, 131, 132, 133, 134, 135, 122, 109, 110, 111, 112, 113, 114, 115, 116, 103, 90, 89, 88, 87, 86, 99, 98, 85, 72, 59, 60, 61, 62, 63, 64, 51, 38, 25, 12, 11, 10, 9, 8, 7, 6, 19, 32, 45, 58, 57, 70, 71, 84, 97, 96, 83, 82, 81, 80, 79, 78, 65, 52, 39, 26, 27, 28, 41, 54, 55, 56, 43, 30, 17, 4, 3, 2, 1, 0]
[00:00:00:52:805] ! Unidirectional t-s. expansions: 25,254, time: 52,800 [ms], path length: 92 [edges], generated: 36,149
[00:00:00:59:170] Expansion 20,000: f=93, g=40
[00:00:01:35:001] Path of length 92 found: [168, 155, 142, 141, 140, 139, 152, 165, 164, 163, 162, 161, 160, 159, 158, 157, 156, 143, 130, 131, 132, 133, 134, 135, 122, 109, 108, 107, 106, 105, 92, 79, 78, 65, 52, 39, 26, 27, 28, 41, 54, 55, 56, 57, 70, 83, 84, 97, 110, 111, 112, 113, 114, 115, 116, 103, 90, 89, 88, 87, 86, 99, 98, 85, 72, 71, 58, 59, 60, 61, 62, 49, 36, 37, 38, 25, 12, 11, 10, 9, 8, 7, 6, 19, 32, 31, 30, 17, 4, 3, 2, 1, 0]
[00:00:01:35:009] ! Bidirectional. expansions: 33,114, time: 95,005 [ms], path length: 92 [edges], g_F: 44, g_B: 48, generated: 52,422, MM: 4, MMPER: 3.301075268817204%
[00:00:01:35:012] 
---------- mazes/13x13_maze_with_1_open_diamonds_3 ----------
[00:00:00:29:519] Expansion 10,000: state None, f=92, g=56
[00:00:00:49:916] Expansion 20,000: state None, f=91, g=34
[00:00:00:51:991] Path of length 90 found: [0, 1, 2, 3, 4, 17, 30, 31, 32, 19, 6, 7, 8, 9, 10, 11, 12, 25, 38, 37, 36, 49, 62, 61, 60, 59, 58, 57, 56, 55, 54, 41, 28, 27, 26, 39, 52, 65, 78, 79, 80, 81, 82, 83, 84, 85, 86, 87, 88, 89, 90, 103, 116, 129, 142, 141, 140, 139, 126, 113, 114, 115, 102, 101, 100, 99, 98, 111, 110, 109, 122, 135, 134, 133, 132, 131, 130, 143, 156, 157, 158, 159, 160, 161, 162, 163, 164, 165, 166, 167, 168]
[00:00:00:51:993] ! Unidirectional s-t. expansions: 20,438, time: 51,991 [ms], path length: 90 [edges], generated: 31,641
[00:00:00:27:536] Expansion 10,000: state None, f=98, g=58
[00:00:00:49:544] Expansion 20,000: state None, f=95, g=59
[00:00:01:08:383] Expansion 30,000: state None, f=93, g=58
[00:00:01:27:569] Expansion 40,000: state None, f=92, g=39
[00:00:01:47:105] Path of length 90 found: [168, 167, 166, 165, 164, 163, 162, 161, 160, 159, 158, 157, 156, 143, 130, 131, 132, 133, 134, 135, 122, 109, 110, 111, 98, 85, 86, 99, 112, 113, 126, 139, 140, 141, 142, 129, 116, 115, 114, 101, 102, 103, 90, 89, 88, 87, 74, 61, 62, 63, 64, 51, 38, 25, 12, 11, 10, 9, 8, 7, 6, 19, 32, 45, 58, 71, 84, 83, 82, 81, 80, 79, 78, 65, 52, 39, 26, 27, 28, 41, 54, 55, 56, 43, 30, 17, 4, 3, 2, 1, 0]
[00:00:01:47:107] ! Unidirectional t-s. expansions: 49,827, time: 107,105 [ms], path length: 90 [edges], generated: 71,852
[00:00:00:59:490] Expansion 20,000: f=95, g=35
[00:00:01:52:561] Expansion 40,000: f=89, g=43
[00:00:02:06:021] Path of length 90 found: [168, 167, 166, 165, 164, 163, 162, 161, 160, 159, 158, 157, 156, 143, 130, 131, 132, 133, 134, 135, 122, 109, 110, 111, 112, 113, 126, 139, 140, 141, 142, 129, 116, 115, 114, 101, 102, 103, 90, 89, 88, 87, 100, 99, 98, 85, 84, 83, 82, 81, 80, 79, 78, 65, 52, 39, 26, 27, 28, 41, 54, 55, 56, 57, 58, 59, 60, 61, 62, 49, 36, 37, 38, 25, 12, 11, 10, 9, 8, 7, 6, 19, 32, 31, 30, 17, 4, 3, 2, 1, 0]
[00:00:02:06:025] ! Bidirectional. expansions: 44,405, time: 126,021 [ms], path length: 90 [edges], g_F: 50, g_B: 40, generated: 66,725, MM: 10, MMPER: 9.989010989010989%
[00:00:02:06:026] 
---------- mazes/13x13_maze_with_1_open_diamonds_4 ----------
[00:00:00:34:524] Expansion 10,000: state None, f=97, g=59
[00:00:00:57:397] Expansion 20,000: state None, f=95, g=25
[00:00:01:17:354] Expansion 30,000: state None, f=93, g=51
[00:00:01:26:110] Path of length 92 found: [0, 1, 2, 3, 4, 17, 30, 31, 32, 19, 6, 7, 8, 9, 10, 11, 12, 25, 38, 37, 36, 49, 62, 61, 60, 59, 58, 57, 56, 55, 54, 41, 28, 27, 26, 39, 52, 65, 78, 79, 80, 81, 82, 83, 84, 85, 86, 87, 88, 89, 90, 103, 116, 115, 114, 113, 112, 111, 110, 109, 108, 107, 106, 119, 132, 131, 130, 143, 156, 157, 158, 159, 160, 147, 134, 133, 120, 121, 122, 123, 136, 137, 150, 163, 164, 165, 152, 139, 140, 141, 142, 155, 168]
[00:00:01:26:113] ! Unidirectional s-t. expansions: 33,578, time: 86,110 [ms], path length: 92 [edges], generated: 51,823
[00:00:00:32:625] Expansion 10,000: state None, f=101, g=32
[00:00:00:57:104] Expansion 20,000: state None, f=99, g=33
[00:00:01:19:318] Expansion 30,000: state None, f=97, g=50
[00:00:01:40:522] Expansion 40,000: state None, f=96, g=45
[00:00:02:02:329] Expansion 50,000: state None, f=95, g=38
[00:00:02:22:100] Expansion 60,000: state None, f=94, g=63
[00:00:02:43:386] Expansion 70,000: state None, f=93, g=77
[00:00:03:04:724] Expansion 80,000: state None, f=93, g=34
[00:00:03:11:085] Path of length 92 found: [168, 167, 166, 165, 152, 139, 140, 141, 142, 129, 116, 103, 90, 89, 88, 87, 74, 61, 62, 63, 64, 51, 38, 25, 12, 11, 10, 9, 8, 7, 6, 19, 32, 45, 58, 71, 84, 85, 86, 99, 112, 111, 110, 123, 136, 137, 150, 163, 162, 161, 160, 159, 158, 157, 156, 143, 130, 131, 132, 119, 106, 107, 120, 133, 134, 135, 122, 109, 108, 95, 82, 81, 80, 79, 78, 65, 52, 39, 26, 27, 28, 41, 54, 55, 56, 43, 30, 17, 4, 3, 2, 1, 0]
[00:00:03:11:087] ! Unidirectional t-s. expansions: 82,439, time: 191,085 [ms], path length: 92 [edges], generated: 118,601
[00:00:01:06:018] Expansion 20,000: f=99, g=44
[00:00:01:57:067] Expansion 40,000: f=96, g=40
[00:00:02:49:805] Expansion 60,000: f=94, g=17
[00:00:03:41:543] Expansion 80,000: f=92, g=39
[00:00:04:11:098] Path of length 92 found: [0, 1, 2, 3, 4, 17, 30, 31, 32, 19, 6, 7, 8, 9, 10, 11, 12, 25, 38, 37, 36, 49, 62, 61, 60, 59, 58, 57, 56, 55, 54, 41, 28, 27, 26, 39, 52, 65, 78, 79, 92, 105, 106, 107, 120, 121, 122, 109, 108, 95, 82, 83, 84, 85, 86, 87, 88, 89, 90, 103, 116, 115, 114, 113, 112, 111, 110, 123, 136, 135, 134, 133, 132, 131, 130, 143, 156, 157, 158, 159, 160, 161, 162, 163, 164, 165, 152, 139, 140, 141, 142, 155, 168]
[00:00:04:11:102] ! Bidirectional. expansions: 90,131, time: 251,098 [ms], path length: 92 [edges], g_F: 41, g_B: 51, generated: 130,932, MM: 10, MMPER: 9.75268817204301%
[00:00:04:11:103] 
---------- mazes/13x13_maze_with_1_open_diamonds_5 ----------
[00:00:00:23:475] Expansion 10,000: state None, f=98, g=46
[00:00:01:04:947] Expansion 20,000: state None, f=95, g=60
[00:00:01:26:212] Expansion 30,000: state None, f=93, g=71
[00:00:01:42:539] Path of length 92 found: [0, 1, 2, 3, 4, 17, 30, 31, 32, 19, 6, 7, 8, 9, 10, 11, 12, 25, 38, 37, 36, 49, 62, 61, 60, 59, 58, 57, 56, 55, 54, 41, 28, 27, 26, 39, 52, 65, 78, 79, 80, 81, 82, 83, 84, 85, 86, 87, 88, 89, 90, 103, 116, 115, 114, 113, 112, 111, 110, 109, 108, 107, 106, 105, 118, 131, 130, 143, 156, 157, 158, 159, 146, 133, 132, 119, 120, 121, 122, 135, 136, 137, 150, 163, 164, 165, 152, 139, 140, 141, 142, 155, 168]
[00:00:01:42:542] ! Unidirectional s-t. expansions: 36,899, time: 102,539 [ms], path length: 92 [edges], generated: 55,900
[00:00:00:33:314] Expansion 10,000: state None, f=100, g=50
[00:00:00:56:643] Expansion 20,000: state None, f=98, g=49
[00:00:01:20:380] Expansion 30,000: state None, f=97, g=24
[00:00:01:42:338] Expansion 40,000: state None, f=96, g=31
[00:00:02:04:747] Expansion 50,000: state None, f=95, g=17
[00:00:02:24:811] Expansion 60,000: state None, f=94, g=42
[00:00:02:47:908] Expansion 70,000: state None, f=93, g=50
[00:00:03:05:850] Path of length 92 found: [168, 167, 166, 165, 152, 139, 140, 141, 142, 129, 116, 103, 90, 89, 88, 87, 74, 61, 62, 63, 64, 51, 38, 25, 12, 11, 10, 9, 8, 7, 6, 19, 32, 45, 58, 71, 84, 85, 86, 99, 112, 111, 110, 109, 122, 135, 136, 137, 150, 163, 162, 161, 160, 159, 158, 157, 156, 143, 130, 131, 118, 105, 106, 119, 132, 133, 134, 121, 108, 107, 94, 81, 80, 79, 78, 65, 52, 39, 26, 27, 28, 41, 54, 55, 56, 43, 30, 17, 4, 3, 2, 1, 0]
[00:00:03:05:854] ! Unidirectional t-s. expansions: 77,684, time: 185,852 [ms], path length: 92 [edges], generated: 112,634
[00:00:01:08:236] Expansion 20,000: f=99, g=35
[00:00:02:00:750] Expansion 40,000: f=96, g=33
[00:00:02:53:257] Expansion 60,000: f=94, g=32
[00:00:03:44:474] Expansion 80,000: f=92, g=26
[00:00:04:23:433] Path of length 92 found: [0, 1, 2, 3, 4, 17, 30, 31, 32, 19, 6, 7, 8, 9, 10, 11, 12, 25, 38, 37, 36, 49, 62, 61, 60, 59, 58, 57, 56, 55, 54, 41, 28, 27, 26, 39, 52, 65, 78, 79, 92, 105, 106, 119, 120, 121, 108, 107, 94, 81, 82, 83, 84, 85, 86, 87, 88, 89, 90, 103, 116, 115, 114, 113, 112, 111, 110, 109, 122, 135, 134, 133, 132, 131, 130, 143, 156, 157, 158, 159, 160, 161, 162, 163, 164, 165, 152, 139, 140, 141, 142, 155, 168]
[00:00:04:23:451] ! Bidirectional. expansions: 94,093, time: 263,446 [ms], path length: 92 [edges], g_F: 41, g_B: 51, generated: 136,532, MM: 10, MMPER: 9.75268817204301%
[00:00:04:23:453] 
---------- mazes/13x13_maze_with_1_open_diamonds_6 ----------
[00:00:00:44:432] Expansion 10,000: state None, f=95, g=31
[00:00:01:03:377] Path of length 92 found: [0, 1, 2, 3, 4, 17, 30, 43, 56, 55, 54, 41, 28, 27, 26, 39, 52, 65, 78, 79, 80, 81, 82, 83, 84, 71, 58, 45, 32, 19, 6, 7, 8, 9, 10, 11, 12, 25, 38, 51, 64, 63, 62, 49, 36, 35, 34, 47, 60, 59, 72, 85, 86, 73, 74, 87, 88, 89, 90, 103, 116, 115, 114, 113, 112, 111, 110, 109, 122, 135, 134, 133, 132, 131, 130, 143, 156, 157, 158, 159, 160, 161, 162, 163, 164, 165, 152, 139, 140, 141, 142, 155, 168]
[00:00:01:03:381] ! Unidirectional s-t. expansions: 19,096, time: 63,377 [ms], path length: 92 [edges], generated: 28,635
[00:00:00:18:965] Path of length 92 found: [168, 155, 142, 141, 140, 139, 152, 165, 164, 163, 162, 161, 160, 159, 158, 157, 156, 143, 130, 131, 132, 133, 134, 135, 122, 109, 110, 111, 112, 113, 114, 115, 116, 103, 90, 89, 88, 75, 74, 87, 86, 73, 60, 47, 34, 35, 36, 49, 62, 63, 64, 51, 38, 25, 12, 11, 10, 9, 8, 7, 6, 19, 32, 45, 58, 59, 72, 85, 84, 83, 82, 81, 80, 79, 78, 65, 52, 39, 26, 27, 28, 41, 54, 55, 56, 43, 30, 17, 4, 3, 2, 1, 0]
[00:00:00:18:969] ! Unidirectional t-s. expansions: 7,299, time: 18,965 [ms], path length: 92 [edges], generated: 10,743
[00:00:00:54:230] Expansion 20,000: f=91, g=34
[00:00:00:56:880] Path of length 92 found: [168, 155, 142, 141, 140, 139, 152, 165, 164, 163, 162, 161, 160, 159, 158, 157, 156, 143, 130, 131, 132, 133, 134, 135, 122, 109, 110, 111, 112, 113, 114, 115, 116, 103, 90, 89, 88, 75, 74, 87, 86, 85, 72, 73, 60, 47, 34, 35, 36, 49, 62, 63, 64, 51, 38, 25, 12, 11, 10, 9, 8, 7, 6, 19, 32, 45, 58, 71, 84, 83, 82, 81, 80, 79, 78, 65, 52, 39, 26, 27, 28, 41, 54, 55, 56, 43, 30, 17, 4, 3, 2, 1, 0]
[00:00:00:56:885] ! Bidirectional. expansions: 20,895, time: 56,882 [ms], path length: 92 [edges], g_F: 43, g_B: 49, generated: 32,347, MM: 6, MMPER: 5.451612903225806%
[00:00:00:56:887] 
---------- mazes/13x13_maze_with_1_open_diamonds_7 ----------
[00:00:00:27:684] Expansion 10,000: state None, f=97, g=44
[00:00:00:51:161] Expansion 20,000: state None, f=95, g=19
[00:00:00:52:501] Path of length 94 found: [0, 1, 2, 3, 4, 17, 30, 31, 32, 19, 6, 7, 8, 9, 10, 11, 12, 25, 38, 51, 64, 63, 62, 49, 36, 35, 34, 21, 20, 33, 46, 47, 60, 61, 74, 87, 88, 89, 90, 103, 116, 115, 114, 113, 112, 99, 86, 85, 84, 71, 58, 57, 56, 55, 54, 41, 28, 27, 26, 39, 52, 65, 78, 79, 92, 105, 106, 107, 108, 109, 122, 135, 134, 133, 132, 131, 130, 143, 156, 157, 158, 159, 160, 161, 162, 163, 164, 165, 152, 139, 140, 141, 142, 155, 168]
[00:00:00:52:503] ! Unidirectional s-t. expansions: 20,475, time: 52,501 [ms], path length: 94 [edges], generated: 28,904
[00:00:00:02:659] Path of length 94 found: [168, 155, 142, 141, 140, 139, 152, 165, 164, 163, 162, 161, 160, 159, 158, 157, 156, 143, 130, 131, 132, 133, 134, 135, 122, 109, 108, 107, 106, 105, 92, 79, 78, 65, 52, 39, 26, 27, 28, 41, 54, 55, 56, 57, 58, 71, 84, 85, 86, 99, 112, 113, 114, 115, 116, 103, 90, 89, 88, 87, 74, 61, 60, 59, 46, 47, 34, 35, 36, 49, 62, 63, 64, 51, 38, 25, 12, 11, 10, 9, 8, 21, 20, 7, 6, 19, 32, 31, 30, 17, 4, 3, 2, 1, 0]
[00:00:00:02:659] ! Unidirectional t-s. expansions: 1,663, time: 2,659 [ms], path length: 94 [edges], generated: 2,602
[00:00:00:47:724] Path of length 94 found: [168, 155, 142, 141, 140, 139, 152, 165, 164, 163, 162, 161, 160, 159, 158, 157, 156, 143, 130, 131, 132, 133, 134, 135, 122, 109, 108, 107, 106, 105, 92, 79, 78, 65, 52, 39, 26, 27, 28, 41, 54, 55, 56, 57, 58, 71, 84, 85, 86, 99, 112, 113, 114, 115, 116, 103, 90, 89, 88, 87, 74, 61, 60, 47, 46, 33, 20, 21, 34, 35, 36, 49, 62, 63, 64, 51, 38, 25, 12, 11, 10, 9, 8, 7, 6, 19, 32, 31, 30, 17, 4, 3, 2, 1, 0]
[00:00:00:47:739] ! Bidirectional. expansions: 17,115, time: 47,724 [ms], path length: 94 [edges], g_F: 44, g_B: 50, generated: 24,388, MM: 6, MMPER: 5.315789473684211%
[00:00:00:47:741] 
---------- mazes/13x13_maze_with_1_open_diamonds_8 ----------
[00:00:00:27:714] Expansion 10,000: state None, f=97, g=44
[00:00:00:50:695] Expansion 20,000: state None, f=95, g=19
[00:00:00:52:046] Path of length 94 found: [0, 1, 2, 3, 4, 17, 30, 31, 32, 19, 6, 7, 8, 9, 10, 11, 12, 25, 38, 51, 64, 63, 62, 49, 36, 35, 34, 21, 20, 33, 46, 47, 60, 61, 74, 87, 88, 89, 90, 103, 116, 115, 114, 113, 112, 99, 86, 85, 84, 71, 58, 57, 56, 55, 54, 41, 28, 27, 26, 39, 52, 65, 78, 79, 92, 105, 106, 107, 108, 109, 122, 135, 134, 133, 132, 131, 130, 143, 156, 157, 158, 159, 160, 161, 162, 163, 164, 165, 152, 139, 140, 141, 142, 155, 168]
[00:00:00:52:047] ! Unidirectional s-t. expansions: 20,475, time: 52,046 [ms], path length: 94 [edges], generated: 28,904
[00:00:00:02:620] Path of length 94 found: [168, 155, 142, 141, 140, 139, 152, 165, 164, 163, 162, 161, 160, 159, 158, 157, 156, 143, 130, 131, 132, 133, 134, 135, 122, 109, 108, 107, 106, 105, 92, 79, 78, 65, 52, 39, 26, 27, 28, 41, 54, 55, 56, 57, 58, 71, 84, 85, 86, 99, 112, 113, 114, 115, 116, 103, 90, 89, 88, 87, 74, 61, 60, 59, 46, 47, 34, 35, 36, 49, 62, 63, 64, 51, 38, 25, 12, 11, 10, 9, 8, 21, 20, 7, 6, 19, 32, 31, 30, 17, 4, 3, 2, 1, 0]
[00:00:00:02:621] ! Unidirectional t-s. expansions: 1,663, time: 2,620 [ms], path length: 94 [edges], generated: 2,602
[00:00:00:47:574] Path of length 94 found: [168, 155, 142, 141, 140, 139, 152, 165, 164, 163, 162, 161, 160, 159, 158, 157, 156, 143, 130, 131, 132, 133, 134, 135, 122, 109, 108, 107, 106, 105, 92, 79, 78, 65, 52, 39, 26, 27, 28, 41, 54, 55, 56, 57, 58, 71, 84, 85, 86, 99, 112, 113, 114, 115, 116, 103, 90, 89, 88, 87, 74, 61, 60, 47, 46, 33, 20, 21, 34, 35, 36, 49, 62, 63, 64, 51, 38, 25, 12, 11, 10, 9, 8, 7, 6, 19, 32, 31, 30, 17, 4, 3, 2, 1, 0]
[00:00:00:47:580] ! Bidirectional. expansions: 17,115, time: 47,574 [ms], path length: 94 [edges], g_F: 44, g_B: 50, generated: 24,388, MM: 6, MMPER: 5.315789473684211%
[00:00:00:47:582] 
---------- mazes/13x13_maze_with_1_open_diamonds_9 ----------
[00:00:00:27:085] Expansion 10,000: state None, f=96, g=74
[00:00:00:46:116] Expansion 20,000: state None, f=95, g=42
[00:00:01:01:256] Expansion 30,000: state None, f=94, g=57
[00:00:01:18:023] Expansion 40,000: state None, f=93, g=60
[00:00:01:32:844] Path of length 92 found: [0, 1, 2, 3, 4, 17, 30, 31, 32, 19, 6, 7, 8, 9, 10, 11, 12, 25, 38, 37, 36, 49, 62, 61, 74, 87, 88, 89, 90, 103, 116, 115, 114, 113, 126, 125, 112, 111, 98, 99, 86, 85, 84, 71, 58, 57, 56, 55, 54, 41, 28, 27, 26, 39, 52, 65, 78, 79, 92, 105, 106, 107, 108, 109, 110, 123, 124, 137, 136, 135, 134, 133, 132, 131, 130, 143, 156, 157, 158, 159, 160, 161, 162, 163, 164, 165, 152, 139, 140, 141, 142, 155, 168]
[00:00:01:32:846] ! Unidirectional s-t. expansions: 46,531, time: 92,844 [ms], path length: 92 [edges], generated: 70,258
[00:00:00:29:512] Expansion 10,000: state None, f=105, g=30
[00:00:00:50:961] Expansion 20,000: state None, f=103, g=54
[00:00:01:10:722] Expansion 30,000: state None, f=102, g=42
[00:00:01:33:298] Expansion 40,000: state None, f=101, g=48
[00:00:01:53:671] Expansion 50,000: state None, f=100, g=42
[00:00:02:13:067] Expansion 60,000: state None, f=99, g=56
[00:00:02:34:089] Expansion 70,000: state None, f=98, g=59
[00:00:02:55:882] Expansion 80,000: state None, f=98, g=36
[00:00:03:13:930] Expansion 90,000: state None, f=97, g=53
[00:00:03:30:870] Expansion 100,000: state None, f=96, g=57
[00:00:03:49:924] Expansion 110,000: state None, f=96, g=49
[00:00:04:09:579] Expansion 120,000: state None, f=95, g=69
[00:00:04:28:522] Expansion 130,000: state None, f=95, g=51
[00:00:04:46:341] Expansion 140,000: state None, f=94, g=75
[00:00:04:58:800] Expansion 150,000: state None, f=94, g=65
[00:00:05:13:955] Expansion 160,000: state None, f=94, g=60
[00:00:05:39:292] Expansion 170,000: state None, f=94, g=32
[00:00:05:55:126] Expansion 180,000: state None, f=93, g=63
[00:00:06:10:933] Expansion 190,000: state None, f=93, g=50
[00:00:06:30:554] Path of length 92 found: [168, 155, 142, 141, 140, 139, 152, 165, 164, 163, 162, 161, 160, 159, 158, 157, 156, 143, 130, 131, 132, 133, 134, 135, 122, 109, 110, 123, 136, 137, 138, 125, 124, 111, 98, 85, 86, 99, 112, 113, 114, 115, 116, 103, 90, 89, 88, 87, 74, 61, 62, 63, 64, 51, 38, 25, 12, 11, 10, 9, 8, 7, 6, 19, 32, 45, 58, 71, 84, 83, 82, 81, 80, 79, 78, 65, 52, 39, 26, 27, 28, 41, 54, 55, 56, 43, 30, 17, 4, 3, 2, 1, 0]
[00:00:06:30:558] ! Unidirectional t-s. expansions: 198,275, time: 390,556 [ms], path length: 92 [edges], generated: 276,295
[00:00:01:16:745] Expansion 20,000: f=103, g=49
[00:00:02:06:765] Expansion 40,000: f=100, g=43
[00:00:02:56:451] Expansion 60,000: f=98, g=33
[00:00:03:47:832] Expansion 80,000: f=95, g=46
[00:00:04:41:094] Expansion 100,000: f=93, g=34
[00:00:05:37:322] Expansion 120,000: f=90, g=43
[00:00:06:32:397] Expansion 140,000: f=89, g=28
[00:00:06:40:603] Path of length 92 found: [0, 1, 2, 3, 4, 17, 30, 31, 32, 19, 6, 7, 8, 9, 10, 11, 12, 25, 38, 37, 36, 49, 62, 61, 60, 59, 58, 57, 56, 55, 54, 41, 28, 27, 26, 39, 52, 65, 78, 79, 92, 105, 106, 107, 108, 109, 110, 123, 124, 111, 112, 99, 98, 85, 86, 87, 88, 89, 90, 103, 116, 115, 114, 113, 126, 125, 138, 137, 136, 135, 134, 133, 132, 131, 130, 143, 156, 157, 158, 159, 160, 161, 162, 163, 164, 165, 152, 139, 140, 141, 142, 155, 168]
[00:00:06:40:611] ! Bidirectional. expansions: 142,516, time: 400,606 [ms], path length: 92 [edges], g_F: 38, g_B: 54, generated: 202,647, MM: 16, MMPER: 16.204301075268816%
[00:00:06:40:617] average expansions: (30,949, 55,400, 59,904, 0)
[00:00:06:40:624] average time: (78,501, 120,746, 165,612, 0)
[00:00:06:40:631] XA*: 30,949 , 78,501 (expansions , time[ms])
[00:00:06:40:638] XMM: 59,904 , 165,612 (expansions , time[ms])

