--------------------------
date: SM_Grids
number_of_graphs: 10
graph_type: grid
size_of_graphs: [8, 8]
heuristic: bcc_heuristic
snake: False
run_uni: True
run_bi: True
run_multi: False
solution_vertices: []
algorithms: ['IDA']
lookahead: 4
bsd: False
cube_first_dims: 4
cube_buffer_dim: None
backward_sym_generation: False
sym_coil: False
prefix_set: None

---------- SM_Grids/8x8_grid_with_random_blocks_20per_0 ----------
[00:00:00:02:762] Path of length 44 found: [0, 1, 9, 10, 2, 3, 4, 12, 20, 28, 29, 21, 13, 5, 6, 7, 15, 14, 22, 23, 31, 30, 38, 37, 36, 35, 34, 26, 25, 17, 16, 24, 32, 40, 48, 49, 41, 42, 43, 44, 52, 53, 61, 62, 63]
[00:00:00:02:762] ! Unidirectional s-t. expansions: 492, time: 2,762 [ms], path length: 44 [edges], generated: 8,570
[00:00:00:00:773] Path of length 44 found: [63, 62, 61, 53, 52, 44, 43, 42, 50, 49, 41, 40, 32, 24, 16, 17, 25, 26, 34, 35, 36, 28, 20, 12, 13, 21, 29, 37, 38, 39, 31, 30, 22, 14, 15, 7, 6, 5, 4, 3, 2, 10, 9, 1, 0]
[00:00:00:00:774] ! Unidirectional t-s. expansions: 138, time: 773 [ms], path length: 44 [edges], generated: 2,865
[00:00:00:01:581] Path of length 44 found: [0, 1, 9, 10, 2, 3, 4, 12, 20, 28, 29, 21, 13, 5, 6, 7, 15, 14, 22, 23, 31, 30, 38, 37, 36, 35, 34, 26, 25, 17, 16, 24, 32, 40, 41, 49, 50, 42, 43, 44, 52, 53, 61, 62, 63]
[00:00:00:02:064] ! Bidirectional. expansions: 1,068, time: 1,581 [ms], path length: 44 [edges], g_F: 22, g_B: 22, generated: {'F': 5,359, 'B': 4,817}, MM: 0, MMPER: -1.0%
[00:00:00:02:064] 
---------- SM_Grids/8x8_grid_with_random_blocks_20per_1 ----------
[00:00:00:30:035] Path of length 38 found: [0, 8, 16, 24, 25, 17, 9, 1, 2, 3, 11, 10, 18, 26, 34, 33, 41, 40, 48, 56, 57, 49, 50, 42, 43, 35, 27, 19, 20, 28, 29, 30, 31, 39, 47, 46, 54, 62, 63]
[00:00:00:30:035] ! Unidirectional s-t. expansions: 5,598, time: 30,035 [ms], path length: 38 [edges], generated: 88,402
[00:00:00:04:633] Path of length 38 found: [63, 62, 54, 55, 47, 39, 31, 30, 29, 21, 20, 28, 27, 19, 11, 3, 2, 10, 18, 26, 34, 35, 43, 51, 50, 49, 57, 56, 48, 40, 41, 33, 25, 24, 16, 17, 9, 1, 0]
[00:00:00:04:634] ! Unidirectional t-s. expansions: 819, time: 4,633 [ms], path length: 38 [edges], generated: 16,112
[00:00:00:13:018] Path of length 38 found: [0, 8, 16, 24, 25, 33, 41, 40, 48, 56, 57, 49, 50, 51, 43, 35, 34, 26, 18, 10, 9, 1, 2, 3, 11, 19, 27, 28, 20, 21, 29, 30, 31, 39, 47, 55, 54, 62, 63]
[00:00:00:13:461] ! Bidirectional. expansions: 4,580, time: 13,018 [ms], path length: 38 [edges], g_F: 19, g_B: 19, generated: {'F': 33,414, 'B': 35,340}, MM: 0, MMPER: -1.0%
[00:00:00:13:461] 
---------- SM_Grids/8x8_grid_with_random_blocks_20per_2 ----------
[00:00:00:01:580] Path of length 48 found: [0, 8, 16, 17, 9, 1, 2, 3, 4, 12, 20, 19, 18, 26, 34, 33, 41, 40, 48, 56, 57, 49, 50, 58, 59, 60, 61, 53, 45, 37, 36, 28, 29, 21, 13, 5, 6, 14, 15, 23, 22, 30, 38, 39, 47, 46, 54, 62, 63]
[00:00:00:01:580] ! Unidirectional s-t. expansions: 269, time: 1,580 [ms], path length: 48 [edges], generated: 4,642
[00:00:00:01:713] Path of length 48 found: [63, 62, 54, 46, 47, 39, 31, 23, 15, 14, 6, 5, 13, 21, 22, 30, 29, 28, 36, 37, 45, 53, 61, 60, 59, 58, 50, 49, 57, 56, 48, 40, 41, 33, 34, 26, 18, 19, 20, 12, 4, 3, 2, 1, 9, 17, 16, 8, 0]
[00:00:00:01:713] ! Unidirectional t-s. expansions: 282, time: 1,713 [ms], path length: 48 [edges], generated: 4,329
[00:00:00:02:447] Path of length 48 found: [0, 8, 16, 17, 9, 1, 2, 3, 4, 12, 13, 5, 6, 14, 15, 23, 22, 21, 29, 30, 31, 39, 47, 46, 38, 37, 36, 28, 20, 19, 18, 26, 34, 33, 41, 40, 48, 56, 57, 49, 50, 58, 59, 60, 61, 53, 54, 62, 63]
[00:00:00:02:856] ! Bidirectional. expansions: 1,040, time: 2,447 [ms], path length: 48 [edges], g_F: 24, g_B: 24, generated: {'F': 6,781, 'B': 5,380}, MM: 0, MMPER: -1.0%
[00:00:00:02:856] 
---------- SM_Grids/8x8_grid_with_random_blocks_20per_3 ----------
[00:00:00:01:217] Path of length 46 found: [0, 1, 9, 8, 16, 24, 32, 40, 41, 49, 57, 58, 50, 51, 43, 35, 34, 26, 27, 19, 18, 10, 11, 3, 4, 12, 13, 5, 6, 7, 15, 23, 22, 30, 31, 39, 38, 37, 36, 44, 45, 53, 52, 60, 61, 62, 63]
[00:00:00:01:217] ! Unidirectional s-t. expansions: 181, time: 1,217 [ms], path length: 46 [edges], generated: 3,170
[00:00:00:01:134] Path of length 46 found: [63, 62, 61, 60, 52, 53, 45, 37, 29, 30, 38, 39, 31, 23, 15, 7, 6, 5, 4, 3, 11, 12, 20, 19, 27, 26, 34, 35, 36, 44, 43, 51, 50, 58, 57, 49, 41, 40, 32, 24, 16, 17, 18, 10, 9, 1, 0]
[00:00:00:01:134] ! Unidirectional t-s. expansions: 215, time: 1,134 [ms], path length: 46 [edges], generated: 3,157
[00:00:00:02:159] Path of length 46 found: [0, 1, 9, 8, 16, 24, 32, 40, 41, 49, 57, 58, 50, 51, 43, 44, 36, 35, 34, 26, 27, 19, 18, 10, 11, 3, 4, 12, 13, 5, 6, 7, 15, 23, 31, 39, 38, 30, 29, 37, 45, 53, 52, 60, 61, 62, 63]
[00:00:00:02:569] ! Bidirectional. expansions: 783, time: 2,159 [ms], path length: 46 [edges], g_F: 23, g_B: 23, generated: {'F': 3,898, 'B': 4,471}, MM: 0, MMPER: -1.0%
[00:00:00:02:569] 
---------- SM_Grids/8x8_grid_with_random_blocks_20per_4 ----------
[00:00:00:57:991] Path of length 44 found: [0, 8, 16, 24, 32, 40, 48, 49, 57, 58, 59, 51, 43, 44, 36, 28, 20, 19, 27, 26, 34, 33, 25, 17, 18, 10, 9, 1, 2, 3, 4, 5, 6, 7, 15, 23, 22, 21, 29, 37, 45, 46, 54, 62, 63]
[00:00:00:57:992] ! Unidirectional s-t. expansions: 19,954, time: 57,992 [ms], path length: 44 [edges], generated: 196,214
[00:00:00:18:511] Path of length 44 found: [63, 55, 54, 46, 38, 37, 29, 21, 22, 23, 15, 7, 6, 5, 4, 3, 2, 1, 9, 17, 25, 33, 34, 26, 18, 10, 11, 19, 27, 28, 36, 44, 43, 51, 59, 58, 57, 49, 41, 40, 32, 24, 16, 8, 0]
[00:00:00:18:512] ! Unidirectional t-s. expansions: 3,450, time: 18,511 [ms], path length: 44 [edges], generated: 62,735
[00:00:00:53:025] Path of length 44 found: [0, 8, 16, 24, 32, 33, 41, 40, 48, 49, 57, 58, 59, 51, 43, 44, 36, 28, 20, 19, 27, 26, 18, 17, 9, 1, 2, 10, 11, 3, 4, 5, 6, 7, 15, 23, 22, 21, 29, 37, 38, 46, 54, 55, 63]
[00:00:00:53:418] ! Bidirectional. expansions: 37,578, time: 53,025 [ms], path length: 44 [edges], g_F: 22, g_B: 22, generated: {'F': 141,150, 'B': 153,904}, MM: 0, MMPER: -1.0%
[00:00:00:53:418] 
---------- SM_Grids/8x8_grid_with_random_blocks_20per_5 ----------
[00:00:00:05:228] Path of length 46 found: [0, 1, 9, 8, 16, 24, 32, 40, 48, 49, 57, 58, 59, 51, 43, 42, 41, 33, 25, 17, 18, 26, 34, 35, 36, 28, 20, 12, 13, 21, 22, 14, 15, 23, 31, 39, 38, 37, 45, 53, 61, 62, 54, 46, 47, 55, 63]
[00:00:00:05:228] ! Unidirectional s-t. expansions: 868, time: 5,228 [ms], path length: 46 [edges], generated: 16,433
[00:00:00:02:519] Path of length 46 found: [63, 55, 47, 39, 31, 23, 15, 14, 22, 21, 13, 12, 20, 28, 36, 37, 38, 46, 54, 62, 61, 53, 52, 51, 59, 58, 50, 42, 43, 35, 34, 26, 18, 17, 25, 33, 41, 49, 48, 40, 32, 24, 16, 8, 9, 1, 0]
[00:00:00:02:519] ! Unidirectional t-s. expansions: 379, time: 2,519 [ms], path length: 46 [edges], generated: 7,682
[00:00:00:27:230] Path of length 46 found: [0, 1, 9, 8, 16, 24, 32, 40, 48, 49, 57, 58, 50, 42, 41, 33, 25, 17, 18, 26, 34, 35, 43, 51, 52, 53, 61, 62, 54, 46, 38, 37, 29, 28, 20, 12, 13, 21, 22, 14, 15, 23, 31, 39, 47, 55, 63]
[00:00:00:27:601] ! Bidirectional. expansions: 10,934, time: 27,230 [ms], path length: 46 [edges], g_F: 23, g_B: 23, generated: {'F': 60,338, 'B': 58,124}, MM: 0, MMPER: -1.0%
[00:00:00:27:602] 
---------- SM_Grids/8x8_grid_with_random_blocks_20per_6 ----------
[00:00:00:02:039] Path of length 46 found: [0, 1, 9, 8, 16, 17, 18, 10, 11, 19, 27, 28, 20, 21, 13, 12, 4, 5, 6, 14, 15, 23, 31, 39, 38, 37, 36, 44, 45, 53, 52, 51, 43, 42, 50, 49, 48, 56, 57, 58, 59, 60, 61, 62, 54, 55, 63]
[00:00:00:02:040] ! Unidirectional s-t. expansions: 375, time: 2,039 [ms], path length: 46 [edges], generated: 5,924
[00:00:00:03:571] Path of length 46 found: [63, 62, 54, 55, 47, 39, 31, 23, 15, 14, 6, 5, 4, 12, 13, 21, 29, 37, 45, 53, 61, 60, 52, 51, 59, 58, 57, 56, 48, 49, 50, 42, 43, 44, 36, 28, 20, 19, 27, 26, 18, 10, 9, 17, 16, 8, 0]
[00:00:00:03:572] ! Unidirectional t-s. expansions: 756, time: 3,572 [ms], path length: 46 [edges], generated: 13,955
[00:00:00:07:975] Path of length 46 found: [0, 1, 9, 8, 16, 17, 18, 10, 11, 19, 27, 28, 36, 44, 43, 42, 50, 49, 48, 56, 57, 58, 59, 51, 52, 60, 61, 62, 54, 53, 45, 37, 29, 21, 20, 12, 4, 5, 6, 14, 15, 23, 31, 39, 47, 55, 63]
[00:00:00:08:362] ! Bidirectional. expansions: 3,350, time: 7,975 [ms], path length: 46 [edges], g_F: 23, g_B: 23, generated: {'F': 18,759, 'B': 18,100}, MM: 0, MMPER: -1.0%
[00:00:00:08:362] 
---------- SM_Grids/8x8_grid_with_random_blocks_20per_7 ----------
[00:00:00:05:039] Path of length 42 found: [0, 8, 16, 24, 32, 40, 41, 33, 25, 17, 9, 1, 2, 3, 11, 19, 18, 26, 34, 42, 50, 51, 43, 35, 27, 28, 20, 12, 4, 5, 6, 14, 15, 23, 31, 30, 38, 39, 47, 55, 54, 62, 63]
[00:00:00:05:040] ! Unidirectional s-t. expansions: 896, time: 5,040 [ms], path length: 42 [edges], generated: 13,606
[00:00:00:00:556] Path of length 42 found: [63, 62, 54, 55, 47, 39, 38, 30, 31, 23, 15, 7, 6, 5, 4, 3, 2, 1, 9, 17, 25, 33, 34, 26, 18, 19, 11, 12, 20, 28, 27, 35, 43, 51, 50, 42, 41, 40, 32, 24, 16, 8, 0]
[00:00:00:00:557] ! Unidirectional t-s. expansions: 96, time: 556 [ms], path length: 42 [edges], generated: 1,967
[00:00:00:02:637] Path of length 42 found: [0, 8, 16, 24, 32, 40, 41, 33, 25, 17, 9, 1, 2, 3, 11, 19, 18, 26, 34, 42, 50, 51, 43, 35, 27, 28, 20, 12, 4, 5, 6, 7, 15, 23, 31, 30, 38, 39, 47, 55, 54, 62, 63]
[00:00:00:03:019] ! Bidirectional. expansions: 1,237, time: 2,637 [ms], path length: 42 [edges], g_F: 21, g_B: 21, generated: {'F': 7,291, 'B': 6,040}, MM: 0, MMPER: -1.0%
[00:00:00:03:019] 
---------- SM_Grids/8x8_grid_with_random_blocks_20per_8 ----------
[00:00:00:00:352] Path of length 48 found: [0, 8, 16, 24, 32, 33, 25, 17, 9, 10, 2, 3, 11, 19, 20, 12, 4, 5, 13, 14, 6, 7, 15, 23, 22, 21, 29, 28, 27, 35, 36, 44, 52, 51, 50, 42, 41, 49, 57, 58, 59, 60, 61, 53, 45, 46, 47, 55, 63]
[00:00:00:00:352] ! Unidirectional s-t. expansions: 70, time: 352 [ms], path length: 48 [edges], generated: 1,102
[00:00:00:00:094] Path of length 48 found: [63, 55, 47, 46, 45, 53, 61, 60, 59, 58, 57, 49, 41, 42, 50, 51, 52, 44, 36, 35, 27, 19, 11, 12, 20, 28, 29, 21, 13, 14, 22, 23, 15, 7, 6, 5, 4, 3, 2, 10, 9, 17, 25, 33, 32, 24, 16, 8, 0]
[00:00:00:00:094] ! Unidirectional t-s. expansions: 14, time: 94 [ms], path length: 48 [edges], generated: 253
[00:00:00:00:067] Path of length 48 found: [0, 8, 16, 24, 32, 33, 25, 17, 9, 10, 2, 3, 11, 19, 20, 12, 4, 5, 13, 14, 6, 7, 15, 23, 22, 21, 29, 28, 27, 35, 36, 44, 52, 51, 50, 42, 41, 49, 57, 58, 59, 60, 61, 53, 45, 46, 47, 55, 63]
[00:00:00:00:447] ! Bidirectional. expansions: 38, time: 67 [ms], path length: 48 [edges], g_F: 24, g_B: 24, generated: {'F': 210, 'B': 198}, MM: 0, MMPER: -1.0%
[00:00:00:00:448] 
---------- SM_Grids/8x8_grid_with_random_blocks_20per_9 ----------
[00:00:00:00:082] Path of length 36 found: [0, 8, 9, 1, 2, 10, 18, 26, 34, 35, 27, 28, 36, 44, 45, 37, 29, 21, 13, 5, 6, 7, 15, 14, 22, 23, 31, 30, 38, 39, 47, 55, 54, 53, 61, 62, 63]
[00:00:00:00:082] ! Unidirectional s-t. expansions: 10, time: 82 [ms], path length: 36 [edges], generated: 192
[00:00:00:00:240] Path of length 36 found: [63, 62, 61, 53, 54, 55, 47, 39, 31, 23, 15, 7, 6, 5, 13, 14, 22, 21, 29, 30, 38, 37, 45, 44, 36, 28, 27, 35, 34, 26, 18, 17, 9, 10, 2, 1, 0]
[00:00:00:00:241] ! Unidirectional t-s. expansions: 37, time: 240 [ms], path length: 36 [edges], generated: 689
[00:00:00:00:127] Path of length 36 found: [0, 8, 9, 1, 2, 10, 18, 26, 34, 35, 27, 28, 36, 44, 45, 37, 38, 30, 29, 21, 22, 14, 13, 5, 6, 7, 15, 23, 31, 39, 47, 55, 54, 53, 61, 62, 63]
[00:00:00:00:541] ! Bidirectional. expansions: 44, time: 127 [ms], path length: 36 [edges], g_F: 18, g_B: 18, generated: {'F': 296, 'B': 307}, MM: 0, MMPER: -1.0%
[00:00:00:00:541] average expansions: (2,871, 619, 6,065, 0)
[00:00:00:00:541] average time: (10,633, 3,374, 11,027, 0)
[00:00:00:00:541] XIDA: 619 , 3,374 (expansions , time[ms])
[00:00:00:00:541] BiXIDA: 6,065 , 11,027 (expansions , time[ms])

