--------------------------
date: SM_Grids
number_of_graphs: 10
graph_type: grid
size_of_graphs: [9, 9]
heuristic: bcc_heuristic
snake: True
run_uni: True
run_bi: True
run_multi: False
solution_vertices: []
algorithms: ['IDA']
lookahead: 1
bsd: False
cube_first_dims: 4
cube_buffer_dim: None
backward_sym_generation: False
sym_coil: False
prefix_set: None

---------- SM_Grids/9x9_grid_with_random_blocks_16per_0 ----------
[00:00:00:41:152] Path of length 40 found: [0, 1, 10, 19, 28, 37, 46, 45, 54, 63, 72, 73, 74, 65, 56, 57, 58, 59, 60, 51, 42, 41, 40, 39, 30, 21, 12, 3, 4, 5, 14, 23, 24, 25, 26, 35, 44, 53, 62, 71, 80]
[00:00:00:41:153] ! Unidirectional s-t. expansions: 8,910, time: 41,153 [ms], path length: 40 [edges], generated: 14,566
[00:00:02:47:454] Path of length 40 found: [80, 71, 62, 53, 44, 35, 26, 25, 24, 23, 14, 5, 4, 3, 12, 21, 30, 39, 40, 41, 42, 51, 60, 59, 58, 67, 66, 75, 74, 73, 72, 63, 54, 55, 46, 37, 28, 19, 10, 1, 0]
[00:00:02:47:454] ! Unidirectional t-s. expansions: 39,032, time: 167,454 [ms], path length: 40 [edges], generated: 65,966
[00:00:08:58:131] Path of length 40 found: [0, 1, 2, 3, 4, 13, 14, 23, 24, 25, 26, 35, 44, 43, 42, 41, 40, 39, 30, 21, 20, 19, 28, 37, 46, 45, 54, 63, 72, 73, 74, 75, 66, 67, 68, 59, 60, 61, 70, 79, 80]
[00:00:08:58:706] ! Bidirectional. expansions: 71,685, time: 538,131 [ms], path length: 40 [edges], g_F: 11, g_B: 29, generated: {'F': 53,481, 'B': 61,937}, MM: 18, MMPER: 42.90243902439025%
[00:00:08:58:707] 
---------- SM_Grids/9x9_grid_with_random_blocks_16per_1 ----------
[00:00:03:53:032] Path of length 34 found: [0, 1, 2, 11, 20, 19, 18, 27, 36, 45, 54, 55, 56, 47, 38, 39, 30, 31, 22, 13, 4, 5, 6, 15, 24, 33, 42, 41, 50, 59, 68, 69, 70, 71, 80]
[00:00:03:53:032] ! Unidirectional s-t. expansions: 53,012, time: 233,032 [ms], path length: 34 [edges], generated: 92,736
[00:00:00:21:295] Path of length 34 found: [80, 71, 62, 53, 44, 43, 42, 51, 50, 49, 48, 47, 56, 55, 54, 45, 36, 27, 18, 19, 20, 29, 30, 31, 32, 23, 24, 15, 6, 5, 4, 3, 2, 1, 0]
[00:00:00:21:295] ! Unidirectional t-s. expansions: 3,705, time: 21,295 [ms], path length: 34 [edges], generated: 6,848
[00:00:11:06:375] Path of length 34 found: [0, 1, 2, 3, 4, 5, 6, 15, 24, 23, 32, 31, 30, 21, 20, 19, 18, 27, 36, 45, 54, 55, 56, 47, 48, 49, 50, 51, 42, 43, 44, 53, 62, 71, 80]
[00:00:11:06:904] ! Bidirectional. expansions: 66,590, time: 666,375 [ms], path length: 34 [edges], g_F: 28, g_B: 6, generated: {'F': 92,119, 'B': 21,910}, MM: 22, MMPER: 61.857142857142854%
[00:00:11:06:904] 
---------- SM_Grids/9x9_grid_with_random_blocks_16per_2 ----------
[00:00:00:46:716] Path of length 44 found: [0, 9, 18, 19, 20, 11, 12, 13, 22, 31, 32, 33, 24, 15, 6, 7, 8, 17, 26, 35, 44, 43, 52, 51, 60, 59, 58, 49, 48, 39, 38, 37, 36, 45, 54, 63, 72, 73, 74, 75, 76, 77, 78, 79, 80]
[00:00:00:46:716] ! Unidirectional s-t. expansions: 9,523, time: 46,716 [ms], path length: 44 [edges], generated: 15,967
[00:00:01:01:801] Path of length 44 found: [80, 79, 78, 77, 76, 75, 66, 65, 64, 55, 54, 45, 36, 37, 38, 39, 48, 49, 58, 59, 60, 61, 52, 43, 44, 35, 26, 17, 8, 7, 6, 15, 24, 33, 32, 31, 22, 13, 12, 11, 20, 19, 18, 9, 0]
[00:00:01:01:801] ! Unidirectional t-s. expansions: 12,093, time: 61,801 [ms], path length: 44 [edges], generated: 19,317
[00:00:03:01:602] Path of length 44 found: [0, 9, 18, 19, 20, 11, 12, 13, 22, 31, 32, 33, 24, 15, 6, 7, 8, 17, 26, 35, 44, 43, 52, 51, 60, 59, 58, 49, 48, 39, 38, 37, 36, 45, 54, 63, 64, 65, 66, 75, 76, 77, 78, 79, 80]
[00:00:03:02:133] ! Bidirectional. expansions: 17,199, time: 181,602 [ms], path length: 44 [edges], g_F: 36, g_B: 8, generated: {'F': 13,050, 'B': 14,894}, MM: 28, MMPER: 61.22222222222222%
[00:00:03:02:133] 
---------- SM_Grids/9x9_grid_with_random_blocks_16per_3 ----------
[00:00:00:12:408] Path of length 42 found: [0, 9, 10, 11, 20, 21, 30, 39, 38, 37, 46, 55, 56, 65, 74, 75, 76, 67, 58, 49, 50, 41, 42, 33, 24, 23, 14, 5, 6, 7, 16, 17, 26, 35, 44, 53, 52, 61, 60, 69, 78, 79, 80]
[00:00:00:12:408] ! Unidirectional s-t. expansions: 2,199, time: 12,408 [ms], path length: 42 [edges], generated: 4,067
[00:00:00:34:579] Path of length 42 found: [80, 79, 78, 69, 60, 61, 62, 53, 44, 35, 26, 17, 16, 7, 6, 5, 14, 23, 24, 33, 42, 41, 50, 49, 58, 67, 76, 75, 74, 65, 56, 55, 46, 37, 38, 39, 30, 21, 20, 11, 10, 1, 0]
[00:00:00:34:579] ! Unidirectional t-s. expansions: 6,271, time: 34,579 [ms], path length: 42 [edges], generated: 10,687
[00:00:01:45:424] Path of length 42 found: [0, 9, 10, 11, 20, 21, 30, 39, 38, 37, 46, 55, 56, 65, 74, 75, 76, 67, 58, 49, 50, 41, 42, 33, 24, 23, 14, 5, 6, 7, 16, 17, 26, 35, 44, 53, 62, 61, 60, 69, 78, 79, 80]
[00:00:01:45:951] ! Bidirectional. expansions: 9,932, time: 105,424 [ms], path length: 42 [edges], g_F: 14, g_B: 28, generated: {'F': 6,672, 'B': 10,357}, MM: 14, MMPER: 31.558139534883722%
[00:00:01:45:952] 
---------- SM_Grids/9x9_grid_with_random_blocks_16per_4 ----------
[00:00:01:19:276] Path of length 44 found: [0, 1, 2, 3, 4, 13, 22, 21, 20, 19, 18, 27, 36, 37, 46, 55, 64, 65, 74, 75, 76, 77, 78, 69, 60, 59, 58, 49, 40, 41, 42, 33, 24, 15, 6, 7, 8, 17, 26, 35, 44, 53, 62, 71, 80]
[00:00:01:19:276] ! Unidirectional s-t. expansions: 16,512, time: 79,276 [ms], path length: 44 [edges], generated: 27,289
[00:00:01:07:699] Path of length 44 found: [80, 71, 62, 61, 60, 69, 78, 77, 76, 67, 66, 65, 56, 55, 46, 45, 36, 27, 18, 19, 20, 29, 38, 39, 48, 49, 50, 41, 42, 43, 44, 35, 26, 17, 8, 7, 6, 15, 14, 13, 4, 3, 2, 1, 0]
[00:00:01:07:699] ! Unidirectional t-s. expansions: 14,413, time: 67,699 [ms], path length: 44 [edges], generated: 23,985
[00:00:04:12:731] Path of length 44 found: [0, 1, 2, 3, 4, 13, 22, 21, 20, 19, 18, 27, 36, 45, 54, 55, 64, 65, 74, 75, 76, 77, 78, 69, 60, 59, 58, 49, 40, 41, 42, 33, 24, 15, 6, 7, 8, 17, 26, 35, 44, 53, 62, 71, 80]
[00:00:04:13:287] ! Bidirectional. expansions: 25,424, time: 252,731 [ms], path length: 44 [edges], g_F: 28, g_B: 16, generated: {'F': 22,839, 'B': 18,893}, MM: 12, MMPER: 25.666666666666668%
[00:00:04:13:287] 
---------- SM_Grids/9x9_grid_with_random_blocks_16per_5 ----------
[00:00:03:12:127] Path of length 40 found: [0, 1, 2, 3, 4, 13, 22, 23, 24, 25, 26, 35, 44, 43, 52, 51, 50, 41, 40, 39, 30, 29, 20, 19, 18, 27, 36, 45, 54, 63, 72, 73, 74, 65, 66, 67, 68, 69, 70, 71, 80]
[00:00:03:12:127] ! Unidirectional s-t. expansions: 42,154, time: 192,127 [ms], path length: 40 [edges], generated: 74,080
[00:00:00:45:500] Path of length 40 found: [80, 71, 70, 69, 68, 67, 66, 65, 74, 73, 72, 63, 54, 45, 36, 27, 18, 19, 20, 29, 38, 47, 48, 49, 50, 51, 52, 53, 44, 35, 26, 25, 24, 23, 22, 13, 4, 3, 2, 1, 0]
[00:00:00:45:500] ! Unidirectional t-s. expansions: 9,773, time: 45,500 [ms], path length: 40 [edges], generated: 16,496
[00:00:04:34:147] Path of length 40 found: [0, 1, 2, 3, 4, 13, 22, 23, 24, 33, 34, 35, 44, 53, 52, 51, 50, 41, 40, 39, 30, 29, 20, 19, 18, 27, 36, 45, 54, 63, 72, 73, 74, 65, 66, 67, 68, 69, 70, 71, 80]
[00:00:04:34:668] ! Bidirectional. expansions: 28,575, time: 274,147 [ms], path length: 40 [edges], g_F: 21, g_B: 19, generated: {'F': 37,804, 'B': 12,654}, MM: 2, MMPER: 3.8780487804878048%
[00:00:04:34:668] 
---------- SM_Grids/9x9_grid_with_random_blocks_16per_6 ----------
[00:00:00:17:217] Path of length 46 found: [0, 1, 2, 3, 4, 13, 14, 15, 6, 7, 8, 17, 26, 35, 44, 53, 52, 51, 42, 33, 32, 31, 30, 21, 20, 19, 18, 27, 36, 45, 54, 63, 64, 65, 56, 47, 48, 49, 58, 67, 76, 77, 78, 69, 70, 71, 80]
[00:00:00:17:217] ! Unidirectional s-t. expansions: 3,482, time: 17,217 [ms], path length: 46 [edges], generated: 5,390
[00:00:00:26:492] Path of length 46 found: [80, 71, 70, 69, 78, 77, 76, 67, 58, 49, 48, 47, 56, 65, 64, 63, 54, 45, 36, 27, 18, 19, 20, 21, 30, 31, 32, 41, 42, 51, 52, 53, 44, 35, 26, 17, 8, 7, 6, 15, 14, 13, 4, 3, 2, 1, 0]
[00:00:00:26:493] ! Unidirectional t-s. expansions: 5,516, time: 26,492 [ms], path length: 46 [edges], generated: 8,849
[00:00:01:34:416] Path of length 46 found: [0, 1, 2, 3, 4, 13, 14, 15, 6, 7, 8, 17, 26, 35, 44, 53, 52, 51, 42, 33, 32, 31, 30, 21, 20, 19, 18, 27, 36, 45, 54, 63, 64, 65, 56, 47, 48, 49, 58, 67, 76, 77, 78, 69, 70, 71, 80]
[00:00:01:34:940] ! Bidirectional. expansions: 8,703, time: 94,416 [ms], path length: 46 [edges], g_F: 32, g_B: 14, generated: {'F': 7,956, 'B': 5,865}, MM: 18, MMPER: 37.297872340425535%
[00:00:01:34:941] 
---------- SM_Grids/9x9_grid_with_random_blocks_16per_7 ----------
[00:00:00:53:348] Path of length 42 found: [0, 9, 10, 19, 28, 27, 36, 45, 54, 63, 72, 73, 74, 65, 56, 47, 38, 39, 40, 41, 32, 23, 22, 21, 12, 3, 4, 5, 6, 15, 16, 25, 34, 43, 52, 51, 60, 59, 68, 77, 78, 79, 80]
[00:00:00:53:349] ! Unidirectional s-t. expansions: 9,958, time: 53,348 [ms], path length: 42 [edges], generated: 18,204
[00:00:01:14:892] Path of length 42 found: [80, 79, 78, 77, 68, 67, 58, 57, 56, 65, 74, 73, 72, 63, 54, 45, 36, 27, 28, 29, 30, 21, 22, 23, 32, 41, 50, 51, 52, 43, 34, 25, 16, 15, 6, 5, 4, 3, 2, 11, 10, 9, 0]
[00:00:01:14:892] ! Unidirectional t-s. expansions: 14,540, time: 74,892 [ms], path length: 42 [edges], generated: 25,530
[00:00:03:33:831] Path of length 42 found: [0, 9, 10, 11, 2, 3, 4, 5, 6, 15, 16, 25, 34, 43, 42, 41, 32, 23, 22, 21, 30, 29, 28, 27, 36, 45, 54, 63, 72, 73, 74, 65, 56, 47, 48, 49, 58, 67, 68, 77, 78, 79, 80]
[00:00:03:34:383] ! Bidirectional. expansions: 25,136, time: 213,831 [ms], path length: 42 [edges], g_F: 14, g_B: 28, generated: {'F': 25,318, 'B': 17,815}, MM: 14, MMPER: 31.558139534883722%
[00:00:03:34:383] 
---------- SM_Grids/9x9_grid_with_random_blocks_16per_8 ----------
[00:00:01:10:874] Path of length 44 found: [0, 9, 18, 19, 28, 37, 36, 45, 54, 63, 72, 73, 74, 65, 56, 47, 48, 39, 40, 41, 32, 23, 22, 13, 4, 5, 6, 7, 8, 17, 26, 35, 44, 53, 52, 61, 60, 59, 58, 67, 76, 77, 78, 79, 80]
[00:00:01:10:875] ! Unidirectional s-t. expansions: 14,088, time: 70,874 [ms], path length: 44 [edges], generated: 23,245
[00:00:00:18:929] Path of length 44 found: [80, 79, 78, 69, 60, 61, 52, 53, 44, 35, 34, 25, 16, 7, 6, 5, 4, 13, 22, 23, 32, 41, 40, 39, 48, 57, 58, 67, 76, 75, 74, 73, 72, 63, 54, 55, 46, 37, 36, 27, 18, 19, 10, 1, 0]
[00:00:00:18:929] ! Unidirectional t-s. expansions: 3,636, time: 18,929 [ms], path length: 44 [edges], generated: 5,859
[00:00:04:49:335] Path of length 44 found: [0, 9, 18, 19, 28, 37, 36, 45, 54, 63, 72, 73, 74, 65, 56, 47, 48, 39, 40, 41, 32, 23, 22, 13, 4, 5, 6, 7, 8, 17, 26, 35, 44, 53, 52, 61, 60, 59, 58, 67, 76, 77, 78, 79, 80]
[00:00:04:49:853] ! Bidirectional. expansions: 30,676, time: 289,335 [ms], path length: 44 [edges], g_F: 24, g_B: 20, generated: {'F': 26,699, 'B': 21,952}, MM: 4, MMPER: 7.888888888888889%
[00:00:04:49:853] 
---------- SM_Grids/9x9_grid_with_random_blocks_16per_9 ----------
[00:00:01:11:815] Path of length 40 found: [0, 1, 10, 19, 28, 29, 30, 21, 12, 13, 4, 5, 6, 7, 8, 17, 26, 25, 24, 23, 32, 41, 40, 49, 48, 47, 46, 45, 54, 63, 64, 65, 66, 67, 76, 77, 78, 69, 70, 71, 80]
[00:00:01:11:815] ! Unidirectional s-t. expansions: 18,218, time: 71,815 [ms], path length: 40 [edges], generated: 27,767
[00:00:01:28:392] Path of length 40 found: [80, 71, 70, 61, 60, 59, 68, 67, 66, 65, 64, 63, 54, 45, 46, 47, 48, 49, 40, 41, 32, 33, 34, 25, 26, 17, 8, 7, 6, 5, 4, 13, 22, 21, 30, 29, 28, 27, 18, 9, 0]
[00:00:01:28:392] ! Unidirectional t-s. expansions: 20,042, time: 88,392 [ms], path length: 40 [edges], generated: 32,692
[00:00:03:56:404] Path of length 40 found: [0, 1, 10, 19, 28, 29, 30, 21, 12, 13, 4, 5, 6, 7, 8, 17, 26, 25, 34, 33, 32, 41, 40, 49, 48, 47, 46, 45, 54, 63, 64, 65, 66, 67, 68, 59, 60, 61, 70, 71, 80]
[00:00:03:56:925] ! Bidirectional. expansions: 24,346, time: 236,404 [ms], path length: 40 [edges], g_F: 5, g_B: 35, generated: {'F': 16,842, 'B': 25,168}, MM: 30, MMPER: 72.17073170731707%
[00:00:03:56:925] average expansions: (17,806, 12,902, 30,827, 0)
[00:00:03:56:925] average time: (81,797, 60,703, 285,240, 0)
[00:00:03:56:926] XIDA: 12,902 , 60,703 (expansions , time[ms])
[00:00:03:56:926] BiXIDA: 30,827 , 285,240 (expansions , time[ms])

