--------------------------
date: SM_Grids
number_of_graphs: 10
graph_type: grid
size_of_graphs: [9, 9]
heuristic: bcc_heuristic
snake: True
run_uni: True
run_bi: True
run_multi: False
solution_vertices: []
algorithms: ['IDA']
lookahead: 1
bsd: False
cube_first_dims: 4
cube_buffer_dim: None
backward_sym_generation: False
sym_coil: False
prefix_set: None

---------- SM_Grids/9x9_grid_with_random_blocks_12per_0 ----------
[00:00:01:37:058] Path of length 46 found: [0, 1, 2, 3, 4, 5, 6, 7, 16, 17, 26, 35, 44, 53, 52, 51, 42, 33, 24, 23, 22, 21, 20, 19, 18, 27, 36, 45, 54, 63, 72, 73, 74, 65, 56, 47, 48, 49, 58, 67, 76, 77, 78, 69, 70, 71, 80]
[00:00:01:37:059] ! Unidirectional s-t. expansions: 16,457, time: 97,058 [ms], path length: 46 [edges], generated: 29,944
[00:00:00:54:291] Path of length 46 found: [80, 71, 70, 69, 78, 77, 76, 67, 58, 49, 48, 47, 56, 65, 74, 73, 72, 63, 54, 45, 36, 27, 18, 19, 20, 21, 22, 23, 24, 33, 42, 51, 52, 53, 44, 35, 26, 17, 8, 7, 6, 5, 4, 3, 2, 1, 0]
[00:00:00:54:291] ! Unidirectional t-s. expansions: 10,045, time: 54,291 [ms], path length: 46 [edges], generated: 16,629
[00:00:02:16:919] Path of length 46 found: [0, 1, 2, 3, 4, 5, 6, 7, 8, 17, 26, 35, 44, 53, 52, 51, 42, 33, 24, 23, 22, 21, 20, 19, 18, 27, 36, 45, 54, 63, 72, 73, 74, 65, 56, 47, 48, 49, 58, 67, 76, 77, 78, 69, 70, 71, 80]
[00:00:02:17:472] ! Bidirectional. expansions: 11,507, time: 136,919 [ms], path length: 46 [edges], g_F: 36, g_B: 10, generated: {'F': 13,213, 'B': 6,647}, MM: 26, MMPER: 54.319148936170215%
[00:00:02:17:472] 
---------- SM_Grids/9x9_grid_with_random_blocks_12per_1 ----------
[00:00:01:42:998] Path of length 46 found: [0, 9, 10, 19, 20, 29, 30, 39, 40, 49, 58, 57, 56, 47, 46, 45, 54, 63, 72, 73, 74, 75, 76, 77, 68, 69, 60, 51, 42, 33, 32, 23, 22, 13, 4, 5, 6, 15, 16, 25, 26, 35, 44, 53, 62, 71, 80]
[00:00:01:42:999] ! Unidirectional s-t. expansions: 19,170, time: 102,998 [ms], path length: 46 [edges], generated: 32,191
[00:00:01:29:605] Path of length 46 found: [80, 71, 62, 61, 60, 69, 78, 77, 76, 67, 58, 57, 56, 65, 74, 73, 72, 63, 54, 45, 46, 37, 38, 29, 30, 21, 22, 23, 32, 41, 42, 43, 44, 35, 26, 17, 8, 7, 6, 5, 4, 3, 2, 11, 10, 9, 0]
[00:00:01:29:605] ! Unidirectional t-s. expansions: 16,000, time: 89,605 [ms], path length: 46 [edges], generated: 27,091
[00:00:08:23:691] Path of length 46 found: [0, 9, 10, 11, 2, 3, 4, 5, 6, 15, 16, 25, 26, 35, 44, 43, 42, 33, 32, 23, 22, 21, 30, 29, 38, 37, 46, 45, 54, 63, 72, 73, 74, 65, 56, 57, 58, 67, 76, 77, 78, 69, 60, 61, 62, 71, 80]
[00:00:08:24:233] ! Bidirectional. expansions: 51,386, time: 503,691 [ms], path length: 46 [edges], g_F: 37, g_B: 9, generated: {'F': 43,704, 'B': 38,308}, MM: 28, MMPER: 58.57446808510638%
[00:00:08:24:233] 
---------- SM_Grids/9x9_grid_with_random_blocks_12per_2 ----------
[00:00:02:01:056] Path of length 44 found: [0, 9, 18, 27, 28, 29, 20, 11, 12, 13, 22, 31, 40, 39, 48, 47, 46, 55, 64, 73, 74, 75, 66, 67, 58, 59, 50, 51, 42, 33, 24, 15, 6, 7, 8, 17, 26, 35, 44, 53, 62, 61, 70, 79, 80]
[00:00:02:01:056] ! Unidirectional s-t. expansions: 22,942, time: 121,056 [ms], path length: 44 [edges], generated: 39,568
[00:00:02:12:797] Path of length 44 found: [80, 71, 62, 53, 44, 43, 42, 33, 24, 25, 26, 17, 8, 7, 6, 5, 14, 13, 22, 31, 40, 49, 50, 59, 60, 69, 78, 77, 76, 75, 74, 73, 64, 55, 56, 47, 38, 37, 28, 19, 20, 11, 2, 1, 0]
[00:00:02:12:797] ! Unidirectional t-s. expansions: 26,402, time: 132,797 [ms], path length: 44 [edges], generated: 43,838
[00:00:09:37:006] Path of length 44 found: [0, 9, 10, 11, 20, 29, 28, 37, 46, 55, 64, 65, 74, 75, 76, 77, 78, 69, 60, 59, 58, 57, 48, 39, 40, 31, 22, 13, 14, 5, 6, 7, 8, 17, 26, 25, 24, 33, 42, 43, 44, 53, 62, 71, 80]
[00:00:09:37:477] ! Bidirectional. expansions: 52,381, time: 577,007 [ms], path length: 44 [edges], g_F: 10, g_B: 34, generated: {'F': 45,023, 'B': 45,246}, MM: 24, MMPER: 52.333333333333336%
[00:00:09:37:477] 
---------- SM_Grids/9x9_grid_with_random_blocks_12per_3 ----------
[00:00:01:00:410] Path of length 46 found: [0, 1, 10, 19, 28, 37, 46, 45, 54, 63, 72, 73, 74, 75, 76, 67, 58, 57, 48, 39, 40, 31, 22, 21, 12, 3, 4, 5, 6, 7, 8, 17, 26, 25, 24, 33, 42, 43, 44, 53, 62, 61, 60, 69, 78, 79, 80]
[00:00:01:00:411] ! Unidirectional s-t. expansions: 12,486, time: 60,411 [ms], path length: 46 [edges], generated: 21,459
[00:00:02:07:315] Path of length 46 found: [80, 79, 78, 69, 60, 61, 62, 53, 44, 35, 26, 17, 8, 7, 6, 15, 24, 33, 32, 41, 40, 39, 48, 57, 58, 67, 76, 75, 74, 73, 64, 63, 54, 45, 46, 37, 28, 19, 20, 21, 22, 13, 4, 3, 2, 1, 0]
[00:00:02:07:316] ! Unidirectional t-s. expansions: 25,050, time: 127,316 [ms], path length: 46 [edges], generated: 43,126
[00:00:06:37:584] Path of length 46 found: [0, 1, 10, 19, 20, 21, 12, 3, 4, 5, 6, 7, 8, 17, 26, 25, 24, 23, 32, 31, 40, 49, 58, 57, 56, 47, 46, 45, 54, 63, 72, 73, 74, 75, 76, 77, 68, 69, 60, 51, 42, 43, 44, 53, 62, 71, 80]
[00:00:06:38:046] ! Bidirectional. expansions: 39,990, time: 397,584 [ms], path length: 46 [edges], g_F: 5, g_B: 41, generated: {'F': 38,120, 'B': 29,162}, MM: 36, MMPER: 75.59574468085107%
[00:00:06:38:046] 
---------- SM_Grids/9x9_grid_with_random_blocks_12per_4 ----------
[00:00:00:40:316] Path of length 46 found: [0, 9, 10, 11, 2, 3, 4, 5, 6, 15, 16, 25, 26, 35, 44, 53, 62, 61, 60, 51, 42, 33, 32, 23, 22, 21, 30, 39, 38, 37, 36, 45, 54, 63, 72, 73, 74, 65, 56, 57, 58, 67, 68, 77, 78, 79, 80]
[00:00:00:40:316] ! Unidirectional s-t. expansions: 7,526, time: 40,316 [ms], path length: 46 [edges], generated: 13,659
[00:00:00:22:547] Path of length 46 found: [80, 79, 78, 77, 68, 59, 60, 51, 52, 43, 44, 35, 26, 17, 16, 15, 6, 5, 4, 3, 2, 11, 20, 21, 22, 23, 32, 41, 40, 49, 48, 57, 56, 65, 74, 73, 72, 63, 54, 45, 46, 37, 28, 27, 18, 9, 0]
[00:00:00:22:547] ! Unidirectional t-s. expansions: 4,267, time: 22,547 [ms], path length: 46 [edges], generated: 7,148
[00:00:02:34:868] Path of length 46 found: [0, 9, 10, 11, 2, 3, 4, 5, 6, 15, 16, 25, 26, 35, 44, 53, 62, 61, 60, 51, 42, 33, 32, 23, 22, 21, 30, 39, 38, 37, 36, 45, 54, 63, 72, 73, 74, 65, 56, 57, 58, 67, 68, 77, 78, 79, 80]
[00:00:02:35:346] ! Bidirectional. expansions: 15,800, time: 154,868 [ms], path length: 46 [edges], g_F: 31, g_B: 15, generated: {'F': 14,380, 'B': 12,710}, MM: 16, MMPER: 33.04255319148936%
[00:00:02:35:346] 
---------- SM_Grids/9x9_grid_with_random_blocks_12per_5 ----------
[00:00:00:16:383] Path of length 40 found: [0, 9, 18, 27, 36, 45, 46, 47, 56, 65, 66, 67, 76, 77, 78, 69, 60, 59, 50, 49, 40, 39, 30, 29, 20, 11, 2, 3, 4, 13, 22, 23, 32, 33, 42, 43, 52, 53, 62, 71, 80]
[00:00:00:16:383] ! Unidirectional s-t. expansions: 2,882, time: 16,383 [ms], path length: 40 [edges], generated: 5,140
[00:00:00:11:624] Path of length 40 found: [80, 71, 62, 53, 44, 43, 42, 33, 24, 23, 14, 13, 4, 3, 2, 11, 20, 21, 30, 31, 40, 49, 50, 59, 60, 69, 78, 77, 76, 67, 66, 57, 56, 47, 38, 37, 28, 27, 18, 9, 0]
[00:00:00:11:624] ! Unidirectional t-s. expansions: 2,158, time: 11,624 [ms], path length: 40 [edges], generated: 3,881
[00:00:01:14:630] Path of length 40 found: [0, 9, 18, 27, 36, 45, 46, 47, 56, 65, 66, 67, 76, 77, 78, 69, 60, 59, 50, 49, 40, 39, 30, 29, 20, 11, 2, 3, 4, 13, 22, 23, 32, 33, 42, 43, 52, 53, 62, 71, 80]
[00:00:01:15:121] ! Bidirectional. expansions: 6,456, time: 74,630 [ms], path length: 40 [edges], g_F: 38, g_B: 2, generated: {'F': 6,193, 'B': 5,382}, MM: 36, MMPER: 86.8048780487805%
[00:00:01:15:121] 
---------- SM_Grids/9x9_grid_with_random_blocks_12per_6 ----------
[00:00:01:02:483] Path of length 48 found: [0, 1, 10, 19, 18, 27, 36, 37, 38, 39, 48, 57, 56, 55, 54, 63, 72, 73, 74, 75, 76, 67, 68, 59, 50, 51, 42, 33, 32, 23, 22, 21, 12, 3, 4, 5, 6, 15, 16, 25, 26, 35, 44, 53, 62, 61, 70, 79, 80]
[00:00:01:02:483] ! Unidirectional s-t. expansions: 11,717, time: 62,483 [ms], path length: 48 [edges], generated: 20,025
[00:00:00:33:189] Path of length 48 found: [80, 71, 62, 53, 44, 35, 26, 17, 16, 7, 6, 5, 4, 3, 12, 21, 22, 23, 24, 33, 42, 41, 50, 59, 60, 69, 78, 77, 76, 75, 74, 73, 72, 63, 54, 55, 56, 57, 48, 39, 38, 37, 36, 27, 18, 19, 10, 1, 0]
[00:00:00:33:189] ! Unidirectional t-s. expansions: 6,585, time: 33,189 [ms], path length: 48 [edges], generated: 10,597
[00:00:03:15:941] Path of length 48 found: [0, 1, 10, 19, 18, 27, 36, 37, 38, 39, 48, 57, 56, 55, 54, 63, 72, 73, 74, 75, 76, 67, 68, 59, 50, 41, 42, 33, 24, 23, 22, 21, 12, 3, 4, 5, 6, 7, 8, 17, 26, 35, 44, 53, 62, 61, 70, 79, 80]
[00:00:03:16:417] ! Bidirectional. expansions: 18,344, time: 195,941 [ms], path length: 48 [edges], g_F: 35, g_B: 13, generated: {'F': 19,702, 'B': 11,082}, MM: 22, MMPER: 43.89795918367347%
[00:00:03:16:417] 
---------- SM_Grids/9x9_grid_with_random_blocks_12per_7 ----------
[00:00:02:05:566] Path of length 44 found: [0, 9, 18, 27, 36, 45, 54, 63, 64, 73, 74, 75, 76, 77, 68, 59, 58, 57, 56, 47, 38, 39, 40, 31, 22, 21, 20, 11, 2, 3, 4, 5, 6, 7, 16, 25, 24, 33, 42, 51, 52, 53, 62, 71, 80]
[00:00:02:05:567] ! Unidirectional s-t. expansions: 25,099, time: 125,566 [ms], path length: 44 [edges], generated: 43,393
[00:00:02:53:898] Path of length 44 found: [80, 79, 70, 61, 52, 51, 42, 33, 34, 25, 16, 7, 6, 5, 4, 3, 2, 11, 20, 21, 22, 31, 40, 39, 38, 47, 56, 57, 58, 59, 68, 77, 76, 75, 74, 73, 64, 63, 54, 45, 36, 27, 18, 9, 0]
[00:00:02:53:898] ! Unidirectional t-s. expansions: 33,010, time: 173,898 [ms], path length: 44 [edges], generated: 58,835
[00:00:12:11:292] Path of length 44 found: [0, 9, 18, 27, 36, 45, 54, 63, 64, 73, 74, 75, 76, 77, 68, 59, 58, 57, 48, 47, 38, 29, 20, 11, 2, 3, 4, 5, 6, 7, 16, 25, 24, 23, 22, 31, 40, 41, 42, 51, 52, 61, 70, 79, 80]
[00:00:12:11:770] ! Bidirectional. expansions: 79,286, time: 731,292 [ms], path length: 44 [edges], g_F: 31, g_B: 13, generated: {'F': 71,682, 'B': 66,458}, MM: 18, MMPER: 39.0%
[00:00:12:11:770] 
---------- SM_Grids/9x9_grid_with_random_blocks_12per_8 ----------
[00:00:00:19:799] Path of length 48 found: [0, 9, 18, 19, 20, 11, 2, 3, 4, 13, 22, 31, 32, 33, 24, 15, 6, 7, 8, 17, 26, 35, 44, 53, 62, 61, 60, 51, 50, 49, 48, 47, 38, 37, 36, 45, 54, 63, 72, 73, 74, 75, 66, 67, 68, 77, 78, 79, 80]
[00:00:00:19:800] ! Unidirectional s-t. expansions: 3,747, time: 19,799 [ms], path length: 48 [edges], generated: 6,097
[00:00:00:58:917] Path of length 48 found: [80, 79, 78, 77, 68, 67, 66, 75, 74, 73, 72, 63, 54, 45, 36, 37, 38, 47, 48, 49, 40, 31, 22, 23, 24, 33, 42, 51, 60, 61, 62, 53, 44, 35, 26, 17, 8, 7, 6, 5, 4, 3, 2, 11, 20, 19, 18, 9, 0]
[00:00:00:58:917] ! Unidirectional t-s. expansions: 11,699, time: 58,917 [ms], path length: 48 [edges], generated: 19,004
[00:00:03:23:144] Path of length 48 found: [0, 9, 18, 19, 20, 11, 2, 3, 4, 13, 22, 23, 24, 15, 6, 7, 8, 17, 26, 35, 44, 53, 62, 61, 60, 51, 42, 41, 40, 49, 48, 47, 38, 37, 36, 45, 54, 63, 72, 73, 74, 75, 66, 67, 68, 77, 78, 79, 80]
[00:00:03:23:646] ! Bidirectional. expansions: 20,082, time: 203,144 [ms], path length: 48 [edges], g_F: 26, g_B: 22, generated: {'F': 11,720, 'B': 20,991}, MM: 4, MMPER: 7.163265306122449%
[00:00:03:23:646] 
---------- SM_Grids/9x9_grid_with_random_blocks_12per_9 ----------
[00:00:03:36:420] Path of length 44 found: [0, 1, 2, 11, 20, 19, 18, 27, 36, 37, 46, 55, 54, 63, 72, 73, 74, 75, 76, 77, 78, 69, 60, 59, 58, 57, 48, 39, 40, 31, 22, 13, 14, 15, 16, 17, 26, 35, 34, 43, 52, 53, 62, 71, 80]
[00:00:03:36:420] ! Unidirectional s-t. expansions: 42,331, time: 216,420 [ms], path length: 44 [edges], generated: 77,178
[00:00:03:56:012] Path of length 44 found: [80, 71, 62, 53, 52, 43, 34, 35, 26, 17, 16, 15, 14, 23, 22, 31, 40, 41, 50, 59, 60, 69, 78, 77, 76, 75, 74, 73, 72, 63, 54, 55, 56, 47, 38, 37, 36, 27, 18, 19, 20, 11, 2, 1, 0]
[00:00:03:56:012] ! Unidirectional t-s. expansions: 52,644, time: 236,012 [ms], path length: 44 [edges], generated: 87,435
[00:00:14:27:632] Path of length 44 found: [0, 1, 2, 11, 20, 19, 18, 27, 36, 37, 38, 47, 56, 55, 54, 63, 72, 73, 74, 75, 76, 77, 78, 69, 60, 59, 50, 49, 40, 31, 22, 13, 14, 15, 16, 17, 26, 35, 34, 43, 52, 53, 62, 71, 80]
[00:00:14:28:089] ! Bidirectional. expansions: 88,334, time: 867,632 [ms], path length: 44 [edges], g_F: 21, g_B: 23, generated: {'F': 76,471, 'B': 76,249}, MM: 2, MMPER: 3.4444444444444446%
[00:00:14:28:089] average expansions: (16,436, 18,786, 38,357, 0)
[00:00:14:28:089] average time: (86,249, 94,020, 384,271, 0)
[00:00:14:28:089] XIDA: 16,436 , 86,249 (expansions , time[ms])
[00:00:14:28:089] BiXIDA: 38,357 , 384,271 (expansions , time[ms])

