--------------------------
date: SM_Grids
number_of_graphs: 10
graph_type: grid
size_of_graphs: [8, 9]
heuristic: bcc_heuristic
snake: True
run_uni: True
run_bi: True
run_multi: False
solution_vertices: []
algorithms: ['IDA']
lookahead: 1
bsd: False
cube_first_dims: 4
cube_buffer_dim: None
backward_sym_generation: False
sym_coil: False
prefix_set: None

---------- SM_Grids/8x9_grid_with_random_blocks_8per_0 ----------
[00:00:00:50:036] Path of length 43 found: [0, 9, 18, 27, 36, 45, 54, 63, 64, 65, 56, 47, 38, 39, 30, 21, 20, 11, 2, 3, 4, 13, 14, 15, 6, 7, 8, 17, 26, 25, 34, 33, 32, 41, 50, 49, 58, 67, 68, 69, 60, 61, 62, 71]
[00:00:00:50:037] ! Unidirectional s-t. expansions: 10,324, time: 50,036 [ms], path length: 43 [edges], generated: 16,766
[00:00:00:39:749] Path of length 43 found: [71, 62, 61, 60, 69, 68, 67, 58, 49, 50, 41, 42, 43, 34, 25, 26, 17, 8, 7, 6, 5, 14, 23, 22, 31, 30, 39, 38, 47, 56, 65, 64, 63, 54, 45, 36, 27, 18, 19, 20, 11, 2, 1, 0]
[00:00:00:39:749] ! Unidirectional t-s. expansions: 7,702, time: 39,749 [ms], path length: 43 [edges], generated: 13,253
[00:00:02:56:435] Path of length 43 found: [0, 9, 18, 27, 36, 45, 54, 63, 64, 65, 56, 47, 38, 39, 30, 21, 20, 11, 2, 3, 4, 13, 14, 15, 6, 7, 8, 17, 26, 25, 34, 33, 32, 41, 50, 49, 58, 67, 68, 69, 60, 61, 62, 71]
[00:00:02:56:935] ! Bidirectional. expansions: 15,353, time: 176,435 [ms], path length: 43 [edges], g_F: 42, g_B: 1, generated: {'F': 12,378, 'B': 13,807}, MM: 41, MMPER: 92.18181818181819%
[00:00:02:56:935] 
---------- SM_Grids/8x9_grid_with_random_blocks_8per_1 ----------
[00:00:02:02:579] Path of length 43 found: [0, 9, 18, 27, 36, 45, 54, 63, 64, 65, 56, 47, 38, 39, 30, 21, 20, 11, 2, 3, 4, 13, 14, 15, 6, 7, 8, 17, 26, 25, 34, 33, 32, 41, 50, 49, 58, 67, 68, 69, 60, 61, 62, 71]
[00:00:02:02:579] ! Unidirectional s-t. expansions: 25,578, time: 122,579 [ms], path length: 43 [edges], generated: 42,789
[00:00:01:55:800] Path of length 43 found: [71, 62, 61, 60, 69, 68, 67, 58, 49, 50, 41, 42, 43, 44, 35, 26, 17, 8, 7, 6, 15, 24, 23, 22, 31, 30, 39, 38, 47, 56, 65, 64, 63, 54, 45, 36, 27, 18, 19, 20, 11, 2, 1, 0]
[00:00:01:55:801] ! Unidirectional t-s. expansions: 21,334, time: 115,800 [ms], path length: 43 [edges], generated: 38,983
[00:00:05:48:084] Path of length 43 found: [0, 9, 18, 27, 36, 45, 54, 63, 64, 65, 56, 47, 38, 39, 30, 21, 20, 11, 2, 3, 4, 13, 14, 15, 6, 7, 8, 17, 26, 25, 34, 33, 32, 41, 50, 49, 58, 67, 68, 69, 60, 61, 62, 71]
[00:00:05:48:590] ! Bidirectional. expansions: 34,234, time: 348,084 [ms], path length: 43 [edges], g_F: 30, g_B: 13, generated: {'F': 31,600, 'B': 28,307}, MM: 17, MMPER: 37.63636363636363%
[00:00:05:48:590] 
---------- SM_Grids/8x9_grid_with_random_blocks_8per_2 ----------
[00:00:02:05:270] Path of length 37 found: [0, 9, 18, 19, 20, 11, 2, 3, 4, 13, 22, 31, 30, 39, 38, 47, 56, 57, 58, 49, 50, 41, 42, 33, 24, 15, 6, 7, 8, 17, 26, 35, 44, 53, 52, 61, 70, 71]
[00:00:02:05:270] ! Unidirectional s-t. expansions: 21,555, time: 125,270 [ms], path length: 37 [edges], generated: 43,144
[00:00:01:51:777] Path of length 37 found: [71, 70, 61, 52, 53, 44, 35, 26, 17, 8, 7, 6, 15, 24, 33, 42, 41, 50, 59, 58, 57, 56, 47, 38, 39, 30, 31, 22, 13, 4, 3, 2, 11, 20, 19, 18, 9, 0]
[00:00:01:51:778] ! Unidirectional t-s. expansions: 20,825, time: 111,777 [ms], path length: 37 [edges], generated: 38,319
[00:00:08:32:160] Path of length 37 found: [0, 1, 2, 11, 20, 19, 18, 27, 36, 37, 38, 47, 56, 57, 58, 49, 40, 41, 32, 23, 22, 13, 4, 5, 6, 7, 8, 17, 26, 35, 44, 53, 52, 51, 60, 69, 70, 71]
[00:00:08:32:647] ! Bidirectional. expansions: 45,996, time: 512,161 [ms], path length: 37 [edges], g_F: 20, g_B: 17, generated: {'F': 46,510, 'B': 39,976}, MM: 3, MMPER: 6.894736842105263%
[00:00:08:32:647] 
---------- SM_Grids/8x9_grid_with_random_blocks_8per_3 ----------
[00:00:01:37:504] Path of length 41 found: [0, 1, 2, 3, 12, 13, 14, 5, 6, 7, 16, 25, 24, 33, 32, 31, 40, 49, 48, 47, 38, 29, 20, 19, 18, 27, 36, 45, 54, 63, 64, 65, 66, 67, 68, 59, 60, 51, 52, 53, 62, 71]
[00:00:01:37:504] ! Unidirectional s-t. expansions: 18,265, time: 97,504 [ms], path length: 41 [edges], generated: 32,227
[00:00:01:09:385] Path of length 41 found: [71, 62, 53, 52, 51, 60, 59, 68, 67, 66, 65, 64, 63, 54, 45, 36, 27, 18, 19, 20, 29, 38, 47, 48, 49, 40, 41, 32, 33, 24, 25, 16, 7, 6, 5, 14, 13, 12, 3, 2, 1, 0]
[00:00:01:09:385] ! Unidirectional t-s. expansions: 12,790, time: 69,385 [ms], path length: 41 [edges], generated: 23,043
[00:00:07:07:809] Path of length 41 found: [0, 1, 2, 3, 12, 13, 14, 5, 6, 7, 16, 25, 24, 33, 32, 31, 40, 49, 48, 47, 38, 29, 20, 19, 18, 27, 36, 45, 54, 55, 64, 65, 66, 67, 68, 59, 60, 51, 52, 53, 62, 71]
[00:00:07:08:277] ! Bidirectional. expansions: 41,864, time: 427,809 [ms], path length: 41 [edges], g_F: 26, g_B: 15, generated: {'F': 37,584, 'B': 37,780}, MM: 11, MMPER: 25.19047619047619%
[00:00:07:08:277] 
---------- SM_Grids/8x9_grid_with_random_blocks_8per_4 ----------
[00:00:04:48:997] Path of length 39 found: [0, 9, 18, 19, 28, 29, 38, 47, 46, 45, 54, 63, 64, 65, 66, 57, 58, 49, 50, 41, 32, 31, 22, 21, 12, 3, 4, 5, 14, 15, 16, 17, 26, 35, 34, 43, 52, 61, 70, 71]
[00:00:04:48:997] ! Unidirectional s-t. expansions: 57,213, time: 288,997 [ms], path length: 39 [edges], generated: 107,586
[00:00:04:12:720] Path of length 39 found: [71, 70, 69, 60, 59, 58, 49, 48, 47, 56, 65, 64, 63, 54, 45, 36, 37, 28, 29, 20, 21, 22, 31, 32, 41, 42, 43, 34, 35, 26, 17, 16, 15, 14, 5, 4, 3, 2, 1, 0]
[00:00:04:12:721] ! Unidirectional t-s. expansions: 52,745, time: 252,720 [ms], path length: 39 [edges], generated: 98,646
[00:00:20:01:175] Path of length 39 found: [0, 9, 18, 19, 20, 11, 2, 3, 4, 13, 14, 15, 16, 17, 26, 35, 34, 43, 42, 41, 32, 31, 30, 39, 48, 47, 46, 45, 54, 63, 64, 65, 66, 67, 58, 59, 60, 69, 70, 71]
[00:00:20:01:655] ! Bidirectional. expansions: 131,964, time: 1,201,176 [ms], path length: 39 [edges], g_F: 28, g_B: 11, generated: {'F': 133,603, 'B': 109,339}, MM: 17, MMPER: 41.5%
[00:00:20:01:655] 
---------- SM_Grids/8x9_grid_with_random_blocks_8per_5 ----------
[00:00:00:51:760] Path of length 43 found: [0, 9, 18, 19, 20, 11, 2, 3, 4, 5, 6, 7, 16, 17, 26, 35, 44, 43, 42, 33, 24, 23, 22, 31, 40, 49, 48, 47, 38, 37, 36, 45, 54, 63, 64, 65, 66, 67, 68, 59, 60, 61, 70, 71]
[00:00:00:51:760] ! Unidirectional s-t. expansions: 9,656, time: 51,760 [ms], path length: 43 [edges], generated: 16,676
[00:00:00:50:519] Path of length 43 found: [71, 70, 61, 60, 59, 68, 67, 66, 65, 64, 63, 54, 45, 36, 37, 38, 47, 48, 49, 40, 31, 32, 33, 42, 43, 44, 35, 26, 17, 8, 7, 6, 15, 14, 13, 4, 3, 2, 11, 20, 19, 18, 9, 0]
[00:00:00:50:519] ! Unidirectional t-s. expansions: 8,832, time: 50,519 [ms], path length: 43 [edges], generated: 16,659
[00:00:03:56:690] Path of length 43 found: [0, 9, 18, 19, 20, 11, 2, 3, 4, 13, 14, 15, 6, 7, 8, 17, 26, 35, 44, 43, 42, 33, 32, 31, 40, 49, 48, 47, 38, 37, 36, 45, 54, 63, 64, 65, 66, 67, 68, 59, 60, 61, 70, 71]
[00:00:03:57:159] ! Bidirectional. expansions: 22,482, time: 236,691 [ms], path length: 43 [edges], g_F: 21, g_B: 22, generated: {'F': 15,795, 'B': 23,084}, MM: 1, MMPER: 1.272727272727273%
[00:00:03:57:160] 
---------- SM_Grids/8x9_grid_with_random_blocks_8per_6 ----------
[00:00:03:04:685] Path of length 39 found: [0, 1, 2, 3, 12, 13, 14, 5, 6, 7, 16, 25, 24, 33, 32, 41, 40, 39, 30, 29, 20, 19, 18, 27, 36, 37, 46, 55, 64, 65, 66, 57, 58, 59, 60, 51, 52, 53, 62, 71]
[00:00:03:04:685] ! Unidirectional s-t. expansions: 34,742, time: 184,685 [ms], path length: 39 [edges], generated: 65,167
[00:00:03:14:644] Path of length 39 found: [71, 70, 69, 60, 51, 52, 53, 44, 35, 34, 25, 16, 7, 6, 5, 14, 23, 22, 31, 30, 39, 48, 49, 58, 67, 66, 65, 64, 55, 46, 37, 36, 27, 18, 19, 20, 11, 2, 1, 0]
[00:00:03:14:645] ! Unidirectional t-s. expansions: 37,340, time: 194,644 [ms], path length: 39 [edges], generated: 71,218
[00:00:14:14:424] Path of length 39 found: [0, 1, 2, 11, 20, 19, 18, 27, 36, 37, 46, 55, 64, 65, 66, 67, 58, 49, 48, 39, 30, 31, 22, 13, 4, 5, 6, 15, 24, 33, 34, 35, 44, 53, 52, 51, 60, 69, 70, 71]
[00:00:14:14:879] ! Bidirectional. expansions: 79,207, time: 854,424 [ms], path length: 39 [edges], g_F: 27, g_B: 12, generated: {'F': 87,028, 'B': 62,623}, MM: 15, MMPER: 36.5%
[00:00:14:14:879] 
---------- SM_Grids/8x9_grid_with_random_blocks_8per_7 ----------
[00:00:05:01:366] Path of length 39 found: [0, 9, 18, 27, 28, 29, 20, 11, 2, 3, 4, 5, 6, 7, 8, 17, 26, 25, 24, 23, 22, 31, 40, 39, 48, 47, 46, 45, 54, 63, 64, 65, 66, 67, 58, 59, 60, 61, 70, 71]
[00:00:05:01:366] ! Unidirectional s-t. expansions: 74,556, time: 301,366 [ms], path length: 39 [edges], generated: 126,877
[00:00:06:22:872] Path of length 39 found: [71, 62, 61, 52, 43, 44, 35, 26, 17, 8, 7, 6, 5, 4, 13, 22, 23, 32, 41, 50, 59, 68, 67, 66, 65, 64, 63, 54, 45, 46, 47, 48, 39, 30, 29, 28, 27, 18, 9, 0]
[00:00:06:22:872] ! Unidirectional t-s. expansions: 102,509, time: 382,872 [ms], path length: 39 [edges], generated: 174,352
[00:00:19:44:460] Path of length 39 found: [0, 1, 2, 3, 12, 13, 14, 5, 6, 7, 8, 17, 26, 25, 24, 33, 32, 41, 50, 49, 48, 39, 30, 29, 28, 37, 46, 45, 54, 63, 64, 65, 66, 67, 68, 69, 60, 61, 62, 71]
[00:00:19:44:911] ! Bidirectional. expansions: 132,834, time: 1,184,460 [ms], path length: 39 [edges], g_F: 25, g_B: 14, generated: {'F': 104,619, 'B': 127,340}, MM: 11, MMPER: 26.5%
[00:00:19:44:911] 
---------- SM_Grids/8x9_grid_with_random_blocks_8per_8 ----------
[00:00:01:13:247] Path of length 43 found: [0, 9, 18, 27, 36, 45, 54, 63, 64, 65, 56, 47, 38, 39, 30, 21, 20, 11, 2, 3, 4, 13, 14, 15, 6, 7, 8, 17, 26, 25, 34, 33, 32, 41, 50, 49, 58, 67, 68, 69, 60, 61, 62, 71]
[00:00:01:13:247] ! Unidirectional s-t. expansions: 15,441, time: 73,247 [ms], path length: 43 [edges], generated: 25,597
[00:00:01:22:214] Path of length 43 found: [71, 62, 53, 44, 35, 26, 17, 8, 7, 6, 15, 24, 33, 32, 41, 50, 51, 60, 69, 68, 67, 58, 57, 56, 65, 64, 63, 54, 45, 36, 37, 38, 29, 30, 21, 22, 13, 4, 3, 2, 11, 10, 9, 0]
[00:00:01:22:214] ! Unidirectional t-s. expansions: 16,910, time: 82,214 [ms], path length: 43 [edges], generated: 28,389
[00:00:06:35:539] Path of length 43 found: [0, 9, 18, 27, 36, 45, 54, 63, 64, 65, 56, 57, 58, 67, 68, 69, 60, 51, 50, 41, 40, 39, 38, 29, 20, 11, 2, 3, 4, 13, 14, 15, 6, 7, 8, 17, 26, 25, 34, 43, 44, 53, 62, 71]
[00:00:06:35:988] ! Bidirectional. expansions: 40,072, time: 395,539 [ms], path length: 43 [edges], g_F: 21, g_B: 22, generated: {'F': 32,638, 'B': 34,230}, MM: 1, MMPER: 1.272727272727273%
[00:00:06:35:988] 
---------- SM_Grids/8x9_grid_with_random_blocks_8per_9 ----------
[00:00:07:23:457] Path of length 39 found: [0, 9, 18, 27, 28, 37, 46, 45, 54, 63, 64, 65, 56, 57, 48, 49, 40, 41, 32, 23, 22, 21, 20, 11, 2, 3, 4, 5, 6, 7, 16, 25, 34, 35, 44, 53, 52, 61, 70, 71]
[00:00:07:23:457] ! Unidirectional s-t. expansions: 97,688, time: 443,457 [ms], path length: 39 [edges], generated: 171,772
[00:00:05:12:362] Path of length 39 found: [71, 70, 61, 52, 53, 44, 35, 34, 25, 16, 7, 6, 5, 14, 23, 32, 31, 40, 49, 50, 59, 68, 67, 66, 57, 56, 55, 54, 45, 36, 27, 18, 19, 20, 21, 12, 3, 2, 1, 0]
[00:00:05:12:362] ! Unidirectional t-s. expansions: 70,178, time: 312,362 [ms], path length: 39 [edges], generated: 124,633
[00:00:24:22:677] Path of length 39 found: [0, 9, 18, 27, 28, 37, 46, 45, 54, 63, 64, 65, 56, 57, 58, 59, 50, 41, 40, 31, 30, 21, 20, 11, 2, 3, 4, 13, 14, 15, 24, 25, 34, 35, 44, 53, 52, 61, 70, 71]
[00:00:24:23:155] ! Bidirectional. expansions: 169,161, time: 1,462,677 [ms], path length: 39 [edges], g_F: 31, g_B: 8, generated: {'F': 199,858, 'B': 102,567}, MM: 23, MMPER: 56.5%
[00:00:24:23:156] average expansions: (36,502, 35,116, 71,317, 0)
[00:00:24:23:156] average time: (173,890, 161,204, 679,946, 0)
[00:00:24:23:156] XIDA: 35,116 , 161,204 (expansions , time[ms])
[00:00:24:23:156] BiXIDA: 71,317 , 679,946 (expansions , time[ms])

