--------------------------
date: SM_Grids
number_of_graphs: 10
graph_type: grid
size_of_graphs: [7, 8]
heuristic: bcc_heuristic
snake: False
run_uni: True
run_bi: True
run_multi: False
solution_vertices: []
algorithms: ['IDA']
lookahead: 3
bsd: False
cube_first_dims: 4
cube_buffer_dim: None
backward_sym_generation: False
sym_coil: False
prefix_set: None

---------- SM_Grids/7x8_grid_with_random_blocks_16per_0 ----------
[00:00:00:01:038] Path of length 43 found: [0, 1, 2, 3, 4, 5, 13, 12, 20, 19, 18, 17, 25, 24, 32, 33, 41, 40, 48, 49, 50, 42, 43, 51, 52, 44, 36, 35, 27, 28, 29, 30, 22, 14, 15, 23, 31, 39, 47, 46, 45, 53, 54, 55]
[00:00:00:01:038] ! Unidirectional s-t. expansions: 340, time: 1,038 [ms], path length: 43 [edges], generated: 3,575
[00:00:00:09:800] Path of length 43 found: [55, 47, 39, 31, 23, 15, 14, 22, 30, 29, 28, 27, 35, 43, 44, 36, 37, 45, 46, 54, 53, 52, 51, 50, 42, 41, 49, 48, 40, 32, 24, 25, 26, 18, 19, 20, 12, 13, 5, 4, 3, 2, 1, 0]
[00:00:00:09:800] ! Unidirectional t-s. expansions: 3,404, time: 9,800 [ms], path length: 43 [edges], generated: 30,589
[00:00:00:17:818] Path of length 43 found: [0, 1, 2, 3, 4, 5, 13, 12, 20, 19, 18, 17, 25, 24, 32, 33, 41, 40, 48, 49, 50, 42, 43, 51, 52, 53, 54, 46, 45, 37, 36, 35, 27, 28, 29, 30, 22, 14, 15, 23, 31, 39, 47, 55]
[00:00:00:18:228] ! Bidirectional. expansions: 5,111, time: 17,818 [ms], path length: 43 [edges], g_F: 25, g_B: 18, generated: {'F': 23,766, 'B': 17,618}, MM: 7, MMPER: 14.909090909090908%
[00:00:00:18:228] 
---------- SM_Grids/7x8_grid_with_random_blocks_16per_1 ----------
[00:00:00:00:057] Path of length 39 found: [0, 1, 9, 8, 16, 17, 25, 26, 18, 10, 11, 19, 27, 35, 34, 42, 43, 51, 52, 44, 36, 28, 20, 12, 13, 14, 22, 21, 29, 37, 45, 53, 54, 46, 38, 30, 31, 39, 47, 55]
[00:00:00:00:057] ! Unidirectional s-t. expansions: 13, time: 57 [ms], path length: 39 [edges], generated: 155
[00:00:00:00:061] Path of length 39 found: [55, 47, 39, 31, 30, 22, 14, 13, 12, 11, 10, 18, 19, 27, 35, 36, 28, 20, 21, 29, 37, 38, 46, 54, 53, 45, 44, 52, 51, 43, 42, 34, 26, 25, 17, 16, 8, 9, 1, 0]
[00:00:00:00:061] ! Unidirectional t-s. expansions: 13, time: 61 [ms], path length: 39 [edges], generated: 149
[00:00:00:00:109] Path of length 39 found: [0, 1, 9, 8, 16, 17, 25, 26, 18, 10, 11, 19, 27, 35, 34, 42, 43, 51, 52, 53, 54, 46, 38, 37, 45, 44, 36, 28, 29, 21, 20, 12, 13, 14, 22, 30, 31, 39, 47, 55]
[00:00:00:00:519] ! Bidirectional. expansions: 13, time: 109 [ms], path length: 39 [edges], g_F: 22, g_B: 17, generated: {'F': 79, 'B': 70}, MM: 5, MMPER: 11.5%
[00:00:00:00:519] 
---------- SM_Grids/7x8_grid_with_random_blocks_16per_2 ----------
[00:00:00:01:018] Path of length 43 found: [0, 8, 16, 24, 32, 40, 48, 49, 50, 51, 52, 44, 43, 35, 27, 26, 34, 33, 25, 17, 9, 1, 2, 3, 11, 12, 4, 5, 13, 14, 6, 7, 15, 23, 22, 21, 20, 28, 29, 37, 38, 39, 47, 55]
[00:00:00:01:018] ! Unidirectional s-t. expansions: 332, time: 1,018 [ms], path length: 43 [edges], generated: 3,076
[00:00:00:00:514] Path of length 43 found: [55, 47, 39, 38, 37, 29, 21, 13, 14, 22, 23, 15, 7, 6, 5, 4, 3, 11, 12, 20, 28, 27, 26, 18, 17, 25, 33, 34, 35, 43, 44, 52, 51, 50, 49, 41, 40, 32, 24, 16, 8, 9, 1, 0]
[00:00:00:00:515] ! Unidirectional t-s. expansions: 141, time: 514 [ms], path length: 43 [edges], generated: 1,296
[00:00:00:05:928] Path of length 43 found: [0, 8, 16, 24, 32, 40, 48, 49, 50, 51, 52, 44, 43, 35, 27, 26, 34, 33, 25, 17, 9, 1, 2, 3, 11, 12, 4, 5, 6, 7, 15, 23, 22, 14, 13, 21, 20, 28, 29, 37, 38, 39, 47, 55]
[00:00:00:06:310] ! Bidirectional. expansions: 1,298, time: 5,928 [ms], path length: 43 [edges], g_F: 26, g_B: 17, generated: {'F': 5,881, 'B': 4,891}, MM: 9, MMPER: 19.454545454545453%
[00:00:00:06:310] 
---------- SM_Grids/7x8_grid_with_random_blocks_16per_3 ----------
[00:00:00:05:161] Path of length 43 found: [0, 1, 9, 17, 16, 24, 32, 40, 48, 49, 41, 33, 34, 42, 50, 51, 43, 44, 52, 53, 45, 46, 38, 30, 22, 21, 29, 28, 20, 19, 18, 10, 2, 3, 11, 12, 13, 14, 15, 23, 31, 39, 47, 55]
[00:00:00:05:162] ! Unidirectional s-t. expansions: 1,474, time: 5,162 [ms], path length: 43 [edges], generated: 14,688
[00:00:00:06:244] Path of length 43 found: [55, 47, 39, 31, 23, 15, 14, 13, 12, 4, 3, 11, 19, 27, 28, 20, 21, 29, 30, 38, 46, 45, 53, 52, 44, 43, 51, 50, 42, 34, 33, 41, 49, 48, 40, 32, 24, 16, 17, 18, 10, 2, 1, 0]
[00:00:00:06:244] ! Unidirectional t-s. expansions: 2,060, time: 6,244 [ms], path length: 43 [edges], generated: 20,688
[00:00:01:21:881] Path of length 43 found: [0, 1, 9, 17, 16, 24, 32, 40, 48, 49, 41, 33, 34, 42, 43, 51, 52, 53, 45, 44, 36, 28, 20, 19, 18, 10, 2, 3, 4, 12, 13, 21, 29, 30, 22, 14, 15, 23, 31, 39, 38, 46, 47, 55]
[00:00:01:22:297] ! Bidirectional. expansions: 18,492, time: 81,882 [ms], path length: 43 [edges], g_F: 24, g_B: 19, generated: {'F': 93,333, 'B': 68,439}, MM: 5, MMPER: 10.363636363636363%
[00:00:01:22:297] 
---------- SM_Grids/7x8_grid_with_random_blocks_16per_4 ----------
[00:00:00:00:057] Path of length 47 found: [0, 8, 16, 24, 32, 40, 48, 49, 41, 33, 25, 17, 9, 1, 2, 3, 11, 19, 18, 26, 34, 42, 50, 51, 43, 35, 36, 28, 20, 12, 13, 5, 6, 14, 22, 30, 31, 39, 38, 37, 45, 44, 52, 53, 54, 46, 47, 55]
[00:00:00:00:057] ! Unidirectional s-t. expansions: 16, time: 57 [ms], path length: 47 [edges], generated: 137
[00:00:00:00:058] Path of length 47 found: [55, 47, 39, 31, 30, 22, 14, 6, 5, 13, 12, 11, 3, 2, 1, 9, 17, 25, 33, 41, 42, 34, 26, 18, 19, 20, 28, 36, 35, 43, 44, 45, 37, 38, 46, 54, 53, 52, 51, 50, 49, 48, 40, 32, 24, 16, 8, 0]
[00:00:00:00:059] ! Unidirectional t-s. expansions: 16, time: 58 [ms], path length: 47 [edges], generated: 150
[00:00:00:00:088] Path of length 47 found: [0, 8, 16, 24, 32, 40, 48, 49, 41, 33, 25, 17, 9, 1, 2, 3, 11, 19, 18, 26, 34, 42, 50, 51, 52, 53, 54, 46, 38, 37, 45, 44, 43, 35, 36, 28, 20, 12, 13, 5, 6, 14, 22, 30, 31, 39, 47, 55]
[00:00:00:00:475] ! Bidirectional. expansions: 16, time: 88 [ms], path length: 47 [edges], g_F: 28, g_B: 19, generated: {'F': 77, 'B': 55}, MM: 9, MMPER: 17.75%
[00:00:00:00:476] 
---------- SM_Grids/7x8_grid_with_random_blocks_16per_5 ----------
[00:00:00:04:764] Path of length 45 found: [0, 8, 16, 17, 9, 1, 2, 10, 18, 26, 34, 33, 32, 40, 41, 49, 50, 42, 43, 35, 27, 19, 11, 3, 4, 12, 20, 28, 29, 21, 13, 5, 6, 14, 15, 23, 31, 30, 38, 37, 45, 44, 52, 53, 54, 55]
[00:00:00:04:764] ! Unidirectional s-t. expansions: 1,371, time: 4,764 [ms], path length: 45 [edges], generated: 13,448
[00:00:00:00:846] Path of length 45 found: [55, 54, 53, 52, 44, 45, 37, 29, 30, 38, 39, 31, 23, 15, 7, 6, 5, 4, 3, 2, 1, 9, 10, 11, 12, 13, 21, 20, 19, 27, 35, 43, 42, 50, 49, 41, 40, 32, 33, 34, 26, 18, 17, 16, 8, 0]
[00:00:00:00:846] ! Unidirectional t-s. expansions: 226, time: 846 [ms], path length: 45 [edges], generated: 2,729
[00:00:00:15:229] Path of length 45 found: [0, 8, 16, 17, 9, 1, 2, 10, 18, 26, 34, 33, 32, 40, 41, 49, 50, 42, 43, 35, 27, 28, 20, 12, 11, 3, 4, 5, 13, 14, 6, 7, 15, 23, 31, 39, 38, 30, 29, 37, 45, 44, 52, 53, 54, 55]
[00:00:00:15:611] ! Bidirectional. expansions: 4,009, time: 15,229 [ms], path length: 45 [edges], g_F: 24, g_B: 21, generated: {'F': 18,051, 'B': 14,179}, MM: 3, MMPER: 5.521739130434782%
[00:00:00:15:611] 
---------- SM_Grids/7x8_grid_with_random_blocks_16per_6 ----------
[00:00:00:00:068] Path of length 45 found: [0, 1, 9, 17, 16, 24, 32, 33, 25, 26, 34, 35, 27, 19, 18, 10, 2, 3, 11, 12, 4, 5, 13, 14, 6, 7, 15, 23, 31, 30, 29, 21, 20, 28, 36, 44, 43, 51, 52, 53, 45, 37, 38, 46, 54, 55]
[00:00:00:00:069] ! Unidirectional s-t. expansions: 15, time: 69 [ms], path length: 45 [edges], generated: 177
[00:00:00:00:092] Path of length 45 found: [55, 54, 46, 38, 30, 31, 23, 15, 7, 6, 14, 13, 5, 4, 3, 2, 10, 18, 19, 11, 12, 20, 21, 29, 37, 45, 53, 52, 51, 43, 44, 36, 28, 27, 35, 34, 26, 25, 33, 32, 24, 16, 17, 9, 1, 0]
[00:00:00:00:092] ! Unidirectional t-s. expansions: 22, time: 92 [ms], path length: 45 [edges], generated: 267
[00:00:00:00:130] Path of length 45 found: [0, 1, 9, 17, 16, 24, 32, 33, 25, 26, 34, 35, 27, 28, 36, 44, 43, 51, 52, 53, 45, 37, 29, 21, 20, 12, 11, 19, 18, 10, 2, 3, 4, 5, 13, 14, 6, 7, 15, 23, 31, 30, 38, 46, 54, 55]
[00:00:00:00:512] ! Bidirectional. expansions: 18, time: 130 [ms], path length: 45 [edges], g_F: 25, g_B: 20, generated: {'F': 112, 'B': 101}, MM: 5, MMPER: 9.869565217391305%
[00:00:00:00:512] 
---------- SM_Grids/7x8_grid_with_random_blocks_16per_7 ----------
[00:00:00:00:060] Path of length 47 found: [0, 1, 9, 8, 16, 17, 25, 24, 32, 40, 48, 49, 41, 33, 34, 42, 50, 51, 43, 44, 52, 53, 45, 37, 36, 28, 27, 19, 11, 3, 4, 12, 20, 21, 13, 14, 6, 7, 15, 23, 22, 30, 38, 39, 47, 46, 54, 55]
[00:00:00:00:060] ! Unidirectional s-t. expansions: 16, time: 60 [ms], path length: 47 [edges], generated: 152
[00:00:00:00:051] Path of length 47 found: [55, 47, 39, 38, 30, 22, 23, 15, 7, 6, 14, 13, 21, 20, 12, 4, 3, 11, 19, 27, 28, 36, 37, 45, 46, 54, 53, 52, 44, 43, 51, 50, 42, 34, 33, 41, 49, 48, 40, 32, 24, 25, 17, 16, 8, 9, 1, 0]
[00:00:00:00:051] ! Unidirectional t-s. expansions: 16, time: 51 [ms], path length: 47 [edges], generated: 129
[00:00:00:00:093] Path of length 47 found: [0, 1, 9, 8, 16, 17, 25, 24, 32, 40, 48, 49, 41, 33, 34, 42, 50, 51, 43, 44, 52, 53, 54, 46, 45, 37, 36, 28, 27, 19, 11, 3, 4, 12, 20, 21, 13, 14, 6, 7, 15, 23, 22, 30, 38, 39, 47, 55]
[00:00:00:00:511] ! Bidirectional. expansions: 16, time: 94 [ms], path length: 47 [edges], g_F: 28, g_B: 19, generated: {'F': 75, 'B': 49}, MM: 9, MMPER: 17.75%
[00:00:00:00:512] 
---------- SM_Grids/7x8_grid_with_random_blocks_16per_8 ----------
[00:00:00:04:049] Path of length 43 found: [0, 8, 16, 17, 9, 10, 2, 3, 4, 12, 20, 19, 18, 26, 25, 33, 32, 40, 41, 42, 50, 51, 43, 35, 36, 28, 29, 21, 13, 5, 6, 7, 15, 23, 31, 30, 38, 37, 45, 53, 54, 46, 47, 55]
[00:00:00:04:050] ! Unidirectional s-t. expansions: 1,234, time: 4,049 [ms], path length: 43 [edges], generated: 13,653
[00:00:00:08:089] Path of length 43 found: [55, 47, 39, 31, 23, 15, 7, 6, 5, 4, 3, 2, 10, 18, 19, 20, 12, 13, 21, 29, 28, 36, 37, 38, 46, 54, 53, 45, 44, 43, 51, 50, 42, 41, 40, 32, 33, 34, 26, 25, 17, 9, 8, 0]
[00:00:00:08:089] ! Unidirectional t-s. expansions: 2,773, time: 8,089 [ms], path length: 43 [edges], generated: 24,720
[00:00:00:36:162] Path of length 43 found: [0, 8, 16, 17, 25, 26, 34, 33, 32, 40, 41, 42, 50, 51, 43, 35, 36, 44, 45, 53, 54, 46, 38, 30, 29, 28, 20, 19, 18, 10, 2, 3, 4, 12, 13, 5, 6, 7, 15, 23, 31, 39, 47, 55]
[00:00:00:36:550] ! Bidirectional. expansions: 9,860, time: 36,163 [ms], path length: 43 [edges], g_F: 25, g_B: 18, generated: {'F': 46,595, 'B': 31,995}, MM: 7, MMPER: 14.909090909090908%
[00:00:00:36:550] 
---------- SM_Grids/7x8_grid_with_random_blocks_16per_9 ----------
[00:00:00:00:389] Path of length 45 found: [0, 8, 16, 24, 25, 17, 9, 1, 2, 10, 18, 19, 20, 28, 27, 26, 34, 35, 43, 42, 41, 49, 50, 51, 52, 44, 45, 37, 38, 30, 22, 14, 13, 12, 4, 5, 6, 7, 15, 23, 31, 39, 47, 46, 54, 55]
[00:00:00:00:389] ! Unidirectional s-t. expansions: 88, time: 389 [ms], path length: 45 [edges], generated: 859
[00:00:00:00:358] Path of length 45 found: [55, 54, 46, 47, 39, 31, 23, 15, 7, 6, 5, 4, 3, 2, 10, 18, 19, 27, 28, 20, 12, 13, 14, 22, 30, 38, 37, 45, 44, 52, 51, 50, 49, 41, 42, 43, 35, 34, 26, 25, 24, 16, 17, 9, 1, 0]
[00:00:00:00:358] ! Unidirectional t-s. expansions: 133, time: 358 [ms], path length: 45 [edges], generated: 1,194
[00:00:00:05:087] Path of length 45 found: [0, 8, 16, 24, 25, 17, 9, 1, 2, 10, 18, 19, 20, 28, 27, 26, 34, 35, 43, 42, 41, 49, 50, 51, 52, 44, 45, 37, 38, 30, 22, 14, 13, 12, 4, 5, 6, 7, 15, 23, 31, 39, 47, 46, 54, 55]
[00:00:00:05:470] ! Bidirectional. expansions: 1,197, time: 5,088 [ms], path length: 45 [edges], g_F: 27, g_B: 18, generated: {'F': 5,128, 'B': 4,065}, MM: 9, MMPER: 18.565217391304348%
[00:00:00:05:470] average expansions: (490, 880, 4,003, 0)
[00:00:00:05:470] average time: (1,666, 2,611, 16,253, 0)
[00:00:00:05:471] XIDA: 490 , 1,666 (expansions , time[ms])
[00:00:00:05:471] BiXIDA: 4,003 , 16,253 (expansions , time[ms])

