--------------------------
date: mazes
number_of_graphs: 10
graph_type: maze
size_of_graphs: [13, 13]
heuristic: bcc_heuristic
snake: False
run_uni: True
run_bi: True
run_multi: False
solution_vertices: []
algorithms: ['A']
lookahead: 3
bsd: False
cube_first_dims: 4
cube_buffer_dim: None
backward_sym_generation: False
sym_coil: False
prefix_set: None

---------- mazes/13x13_maze_with_1_open_diamonds_0 ----------
[00:00:00:23:709] Expansion 10,000: state None, f=97, g=35
[00:00:00:46:279] Expansion 20,000: state None, f=95, g=20
[00:00:01:06:937] Expansion 30,000: state None, f=93, g=30
[00:00:01:10:856] Path of length 92 found: [0, 1, 2, 3, 4, 17, 30, 31, 32, 19, 6, 7, 8, 9, 10, 11, 12, 25, 38, 37, 36, 49, 62, 61, 60, 59, 58, 57, 56, 55, 54, 41, 28, 27, 26, 39, 52, 65, 78, 79, 80, 81, 82, 83, 84, 85, 86, 87, 88, 89, 90, 103, 116, 115, 114, 113, 112, 111, 110, 109, 122, 135, 134, 133, 132, 119, 120, 107, 106, 105, 118, 131, 130, 143, 156, 157, 144, 145, 146, 159, 160, 161, 162, 163, 164, 165, 152, 139, 140, 141, 142, 155, 168]
[00:00:01:10:858] ! Unidirectional s-t. expansions: 31,360, time: 70,857 [ms], path length: 92 [edges], generated: 47,235
[00:00:00:28:697] Expansion 10,000: state None, f=101, g=28
[00:00:00:51:978] Expansion 20,000: state None, f=99, g=45
[00:00:01:12:865] Expansion 30,000: state None, f=98, g=33
[00:00:01:34:959] Expansion 40,000: state None, f=97, g=38
[00:00:01:54:879] Expansion 50,000: state None, f=96, g=42
[00:00:02:17:582] Expansion 60,000: state None, f=95, g=60
[00:00:02:38:792] Expansion 70,000: state None, f=95, g=23
[00:00:02:56:325] Expansion 80,000: state None, f=94, g=43
[00:00:03:18:685] Expansion 90,000: state None, f=94, g=31
[00:00:03:36:179] Expansion 100,000: state None, f=93, g=45
[00:00:03:57:972] Path of length 92 found: [168, 155, 142, 141, 140, 139, 152, 165, 164, 163, 150, 137, 136, 135, 134, 133, 146, 159, 158, 157, 156, 143, 130, 131, 144, 145, 132, 119, 118, 105, 106, 107, 108, 109, 110, 111, 112, 113, 114, 115, 116, 103, 90, 89, 88, 87, 86, 85, 84, 83, 82, 81, 80, 79, 78, 65, 52, 39, 26, 27, 28, 41, 54, 55, 56, 57, 58, 59, 60, 61, 62, 63, 64, 51, 38, 25, 12, 11, 10, 9, 8, 7, 6, 19, 32, 31, 30, 17, 4, 3, 2, 1, 0]
[00:00:03:57:974] ! Unidirectional t-s. expansions: 108,294, time: 237,972 [ms], path length: 92 [edges], generated: 154,445
[00:00:00:46:423] Path of length 92 found: [0, 1, 2, 3, 4, 17, 30, 31, 32, 19, 6, 7, 8, 9, 10, 11, 12, 25, 38, 37, 36, 49, 62, 61, 60, 59, 58, 57, 56, 55, 54, 41, 28, 27, 26, 39, 52, 65, 78, 79, 80, 81, 82, 83, 84, 85, 86, 87, 88, 89, 90, 103, 116, 115, 114, 113, 112, 111, 110, 109, 122, 135, 134, 133, 120, 107, 106, 105, 118, 119, 132, 145, 144, 131, 130, 143, 156, 157, 158, 159, 160, 161, 162, 163, 164, 165, 152, 139, 140, 141, 142, 155, 168]
[00:00:00:46:436] ! Bidirectional. expansions: 4,508, time: 46,433 [ms], path length: 92 [edges], g_F: 55, g_B: 37, generated: {'F': 18,716, 'B': 12,943}, MM: 18, MMPER: 18.35483870967742%
[00:00:00:46:438] 
---------- mazes/13x13_maze_with_1_open_diamonds_1 ----------
[00:00:00:27:149] Expansion 10,000: state None, f=98, g=40
[00:00:01:07:698] Expansion 20,000: state None, f=95, g=36
[00:00:01:29:134] Expansion 30,000: state None, f=93, g=35
[00:00:01:50:565] Expansion 40,000: state None, f=92, g=23
[00:00:02:07:797] Expansion 50,000: state None, f=91, g=30
[00:00:02:13:358] Path of length 90 found: [0, 1, 2, 15, 28, 27, 26, 39, 52, 53, 54, 41, 42, 29, 16, 3, 4, 17, 30, 43, 56, 57, 58, 45, 32, 19, 6, 7, 8, 9, 10, 11, 12, 25, 38, 37, 36, 49, 62, 61, 74, 87, 88, 89, 90, 103, 116, 115, 114, 113, 112, 99, 86, 85, 84, 83, 82, 81, 80, 79, 92, 105, 106, 107, 108, 109, 122, 135, 134, 133, 132, 131, 130, 143, 156, 157, 158, 159, 160, 161, 162, 163, 164, 165, 152, 139, 140, 141, 142, 155, 168]
[00:00:02:13:360] ! Unidirectional s-t. expansions: 51,200, time: 133,358 [ms], path length: 90 [edges], generated: 69,643
[00:00:00:03:137] Path of length 90 found: [168, 155, 142, 141, 140, 139, 152, 165, 164, 163, 162, 161, 160, 159, 158, 157, 156, 143, 130, 131, 132, 133, 134, 135, 122, 109, 108, 107, 106, 105, 92, 79, 80, 81, 82, 83, 84, 85, 86, 99, 112, 113, 114, 115, 116, 103, 90, 89, 88, 87, 74, 61, 62, 63, 64, 51, 38, 25, 12, 11, 10, 9, 8, 7, 6, 19, 32, 45, 58, 57, 56, 43, 30, 17, 4, 3, 16, 29, 42, 55, 54, 53, 52, 39, 26, 27, 28, 15, 2, 1, 0]
[00:00:00:03:139] ! Unidirectional t-s. expansions: 1,607, time: 3,138 [ms], path length: 90 [edges], generated: 2,500
[00:00:01:31:078] Expansion 10,000: F [0, 13, 26, 27, 28, 15, 16, 29, 30, 31, 32, 19, 6, 7, 8, 9, 10, 11, 12, 25, 38, 37, 36, 49, 62, 61, 74, 87, 88, 89, 90, 103, 116, 115, 114], B [168, 155, 142, 141, 140, 139, 152, 165, 164, 163, 162, 161, 160, 159, 158, 157, 156, 143, 130, 131, 132, 133, 134, 135], f=91, g=57
[00:00:01:42:815] Path of length 90 found: [0, 1, 2, 3, 4, 17, 16, 15, 28, 27, 26, 39, 52, 53, 54, 41, 42, 29, 30, 43, 56, 57, 58, 45, 32, 19, 6, 7, 8, 9, 10, 11, 12, 25, 38, 37, 36, 49, 62, 61, 74, 87, 88, 89, 90, 103, 116, 115, 114, 113, 112, 99, 86, 85, 84, 83, 82, 81, 80, 79, 92, 105, 106, 107, 108, 109, 122, 135, 134, 133, 132, 131, 130, 143, 156, 157, 158, 159, 160, 161, 162, 163, 164, 165, 152, 139, 140, 141, 142, 155, 168]
[00:00:01:42:817] ! Bidirectional. expansions: 11,671, time: 102,815 [ms], path length: 90 [edges], g_F: 58, g_B: 32, generated: {'F': 40,754, 'B': 19,265}, MM: 26, MMPER: 27.571428571428573%
[00:00:01:42:817] 
---------- mazes/13x13_maze_with_1_open_diamonds_2 ----------
[00:00:00:24:457] Expansion 10,000: state None, f=96, g=47
[00:00:00:45:033] Expansion 20,000: state None, f=94, g=34
[00:00:01:03:462] Path of length 92 found: [0, 1, 2, 3, 4, 17, 30, 43, 56, 55, 54, 41, 28, 27, 26, 39, 52, 65, 78, 79, 80, 81, 82, 83, 70, 57, 58, 45, 32, 19, 6, 7, 8, 9, 10, 11, 12, 25, 38, 37, 36, 49, 62, 61, 60, 59, 72, 71, 84, 85, 86, 87, 88, 89, 90, 103, 116, 115, 114, 113, 112, 99, 98, 111, 110, 97, 96, 109, 122, 135, 134, 133, 132, 131, 130, 143, 156, 157, 158, 159, 160, 161, 162, 163, 164, 165, 152, 139, 140, 141, 142, 155, 168]
[00:00:01:03:465] ! Unidirectional s-t. expansions: 29,438, time: 63,463 [ms], path length: 92 [edges], generated: 44,753
[00:00:00:22:297] Expansion 10,000: state None, f=96, g=49
[00:00:00:40:171] Expansion 20,000: state None, f=94, g=44
[00:00:00:50:421] Path of length 92 found: [168, 155, 142, 141, 140, 139, 152, 165, 164, 163, 162, 161, 160, 159, 158, 157, 156, 143, 130, 131, 132, 133, 134, 135, 122, 109, 110, 111, 112, 113, 114, 115, 116, 103, 90, 89, 88, 87, 86, 99, 98, 85, 72, 59, 60, 61, 62, 63, 64, 51, 38, 25, 12, 11, 10, 9, 8, 7, 6, 19, 32, 45, 58, 57, 70, 71, 84, 97, 96, 83, 82, 81, 80, 79, 78, 65, 52, 39, 26, 27, 28, 41, 54, 55, 56, 43, 30, 17, 4, 3, 2, 1, 0]
[00:00:00:50:425] ! Unidirectional t-s. expansions: 25,254, time: 50,421 [ms], path length: 92 [edges], generated: 36,149
[00:00:00:13:681] Path of length 92 found: [0, 1, 2, 3, 4, 17, 30, 31, 32, 19, 6, 7, 8, 9, 10, 11, 12, 25, 38, 37, 36, 49, 62, 61, 60, 59, 72, 71, 84, 85, 98, 99, 86, 87, 88, 89, 90, 103, 116, 115, 114, 113, 112, 111, 110, 97, 96, 83, 70, 57, 56, 55, 54, 41, 28, 27, 26, 39, 52, 65, 78, 79, 92, 105, 106, 107, 108, 109, 122, 135, 134, 133, 132, 131, 130, 143, 156, 157, 158, 159, 160, 161, 162, 163, 164, 165, 152, 139, 140, 141, 142, 155, 168]
[00:00:00:13:685] ! Bidirectional. expansions: 1,756, time: 13,681 [ms], path length: 92 [edges], g_F: 55, g_B: 37, generated: {'F': 7,182, 'B': 5,041}, MM: 18, MMPER: 18.35483870967742%
[00:00:00:13:686] 
---------- mazes/13x13_maze_with_1_open_diamonds_3 ----------
[00:00:00:26:548] Expansion 10,000: state None, f=92, g=56
[00:00:00:46:714] Expansion 20,000: state None, f=91, g=34
[00:00:00:47:942] Path of length 90 found: [0, 1, 2, 3, 4, 17, 30, 31, 32, 19, 6, 7, 8, 9, 10, 11, 12, 25, 38, 37, 36, 49, 62, 61, 60, 59, 58, 57, 56, 55, 54, 41, 28, 27, 26, 39, 52, 65, 78, 79, 80, 81, 82, 83, 84, 85, 86, 87, 88, 89, 90, 103, 116, 129, 142, 141, 140, 139, 126, 113, 114, 115, 102, 101, 100, 99, 98, 111, 110, 109, 122, 135, 134, 133, 132, 131, 130, 143, 156, 157, 158, 159, 160, 161, 162, 163, 164, 165, 166, 167, 168]
[00:00:00:47:943] ! Unidirectional s-t. expansions: 20,438, time: 47,942 [ms], path length: 90 [edges], generated: 31,641
[00:00:00:29:148] Expansion 10,000: state None, f=98, g=58
[00:00:00:50:828] Expansion 20,000: state None, f=95, g=59
[00:00:01:09:096] Expansion 30,000: state None, f=93, g=58
[00:00:01:27:806] Expansion 40,000: state None, f=92, g=39
[00:00:01:46:540] Path of length 90 found: [168, 167, 166, 165, 164, 163, 162, 161, 160, 159, 158, 157, 156, 143, 130, 131, 132, 133, 134, 135, 122, 109, 110, 111, 98, 85, 86, 99, 112, 113, 126, 139, 140, 141, 142, 129, 116, 115, 114, 101, 102, 103, 90, 89, 88, 87, 74, 61, 62, 63, 64, 51, 38, 25, 12, 11, 10, 9, 8, 7, 6, 19, 32, 45, 58, 71, 84, 83, 82, 81, 80, 79, 78, 65, 52, 39, 26, 27, 28, 41, 54, 55, 56, 43, 30, 17, 4, 3, 2, 1, 0]
[00:00:01:46:542] ! Unidirectional t-s. expansions: 49,827, time: 106,540 [ms], path length: 90 [edges], generated: 71,852
[00:00:01:19:683] Path of length 90 found: [0, 1, 2, 3, 4, 17, 30, 31, 32, 19, 6, 7, 8, 9, 10, 11, 12, 25, 38, 37, 36, 49, 62, 61, 74, 87, 88, 89, 90, 103, 102, 115, 116, 129, 142, 141, 140, 139, 126, 113, 114, 101, 100, 99, 112, 111, 98, 85, 84, 71, 58, 57, 56, 55, 54, 41, 28, 27, 26, 39, 52, 65, 78, 79, 92, 105, 106, 107, 108, 109, 122, 135, 134, 133, 132, 131, 130, 143, 156, 157, 158, 159, 160, 161, 162, 163, 164, 165, 166, 167, 168]
[00:00:01:19:685] ! Bidirectional. expansions: 7,173, time: 79,683 [ms], path length: 90 [edges], g_F: 58, g_B: 32, generated: {'F': 29,758, 'B': 20,579}, MM: 26, MMPER: 27.571428571428573%
[00:00:01:19:685] 
---------- mazes/13x13_maze_with_1_open_diamonds_4 ----------
[00:00:00:25:277] Expansion 10,000: state None, f=97, g=59
[00:00:00:47:044] Expansion 20,000: state None, f=95, g=25
[00:00:01:05:213] Expansion 30,000: state None, f=93, g=51
[00:00:01:13:637] Path of length 92 found: [0, 1, 2, 3, 4, 17, 30, 31, 32, 19, 6, 7, 8, 9, 10, 11, 12, 25, 38, 37, 36, 49, 62, 61, 60, 59, 58, 57, 56, 55, 54, 41, 28, 27, 26, 39, 52, 65, 78, 79, 80, 81, 82, 83, 84, 85, 86, 87, 88, 89, 90, 103, 116, 115, 114, 113, 112, 111, 110, 109, 108, 107, 106, 119, 132, 131, 130, 143, 156, 157, 158, 159, 160, 147, 134, 133, 120, 121, 122, 123, 136, 137, 150, 163, 164, 165, 152, 139, 140, 141, 142, 155, 168]
[00:00:01:13:640] ! Unidirectional s-t. expansions: 33,578, time: 73,637 [ms], path length: 92 [edges], generated: 51,823
[00:00:00:28:646] Expansion 10,000: state None, f=101, g=32
[00:00:00:51:666] Expansion 20,000: state None, f=99, g=33
[00:00:01:13:198] Expansion 30,000: state None, f=97, g=50
[00:00:01:33:732] Expansion 40,000: state None, f=96, g=45
[00:00:01:54:971] Expansion 50,000: state None, f=95, g=38
[00:00:02:14:027] Expansion 60,000: state None, f=94, g=63
[00:00:02:37:048] Expansion 70,000: state None, f=93, g=77
[00:00:02:55:119] Expansion 80,000: state None, f=93, g=34
[00:00:03:01:489] Path of length 92 found: [168, 167, 166, 165, 152, 139, 140, 141, 142, 129, 116, 103, 90, 89, 88, 87, 74, 61, 62, 63, 64, 51, 38, 25, 12, 11, 10, 9, 8, 7, 6, 19, 32, 45, 58, 71, 84, 85, 86, 99, 112, 111, 110, 123, 136, 137, 150, 163, 162, 161, 160, 159, 158, 157, 156, 143, 130, 131, 132, 119, 106, 107, 120, 133, 134, 135, 122, 109, 108, 95, 82, 81, 80, 79, 78, 65, 52, 39, 26, 27, 28, 41, 54, 55, 56, 43, 30, 17, 4, 3, 2, 1, 0]
[00:00:03:01:491] ! Unidirectional t-s. expansions: 82,439, time: 181,489 [ms], path length: 92 [edges], generated: 118,601
[00:00:01:10:293] Path of length 92 found: [0, 1, 2, 3, 4, 17, 30, 31, 32, 19, 6, 7, 8, 9, 10, 11, 12, 25, 38, 37, 36, 49, 62, 61, 60, 59, 58, 57, 56, 55, 54, 41, 28, 27, 26, 39, 52, 65, 78, 79, 92, 105, 106, 107, 120, 119, 132, 131, 130, 143, 156, 157, 158, 159, 160, 147, 134, 121, 122, 109, 108, 95, 82, 83, 84, 85, 86, 87, 88, 89, 90, 103, 116, 115, 114, 113, 112, 111, 110, 123, 136, 137, 150, 163, 164, 165, 152, 139, 140, 141, 142, 155, 168]
[00:00:01:10:318] ! Bidirectional. expansions: 6,600, time: 70,293 [ms], path length: 92 [edges], g_F: 57, g_B: 35, generated: {'F': 27,948, 'B': 16,587}, MM: 22, MMPER: 22.655913978494624%
[00:00:01:10:327] 
---------- mazes/13x13_maze_with_1_open_diamonds_5 ----------
[00:00:00:25:329] Expansion 10,000: state None, f=98, g=46
[00:00:00:46:825] Expansion 20,000: state None, f=95, g=60
[00:00:01:06:536] Expansion 30,000: state None, f=93, g=71
[00:00:01:20:422] Path of length 92 found: [0, 1, 2, 3, 4, 17, 30, 31, 32, 19, 6, 7, 8, 9, 10, 11, 12, 25, 38, 37, 36, 49, 62, 61, 60, 59, 58, 57, 56, 55, 54, 41, 28, 27, 26, 39, 52, 65, 78, 79, 80, 81, 82, 83, 84, 85, 86, 87, 88, 89, 90, 103, 116, 115, 114, 113, 112, 111, 110, 109, 108, 107, 106, 105, 118, 131, 130, 143, 156, 157, 158, 159, 146, 133, 132, 119, 120, 121, 122, 135, 136, 137, 150, 163, 164, 165, 152, 139, 140, 141, 142, 155, 168]
[00:00:01:20:428] ! Unidirectional s-t. expansions: 36,899, time: 80,423 [ms], path length: 92 [edges], generated: 55,900
[00:00:00:30:094] Expansion 10,000: state None, f=100, g=50
[00:00:00:52:317] Expansion 20,000: state None, f=98, g=49
[00:00:01:14:871] Expansion 30,000: state None, f=97, g=24
[00:00:01:36:024] Expansion 40,000: state None, f=96, g=31
[00:00:01:57:401] Expansion 50,000: state None, f=95, g=17
[00:00:02:16:337] Expansion 60,000: state None, f=94, g=42
[00:00:02:38:450] Expansion 70,000: state None, f=93, g=50
[00:00:02:55:596] Path of length 92 found: [168, 167, 166, 165, 152, 139, 140, 141, 142, 129, 116, 103, 90, 89, 88, 87, 74, 61, 62, 63, 64, 51, 38, 25, 12, 11, 10, 9, 8, 7, 6, 19, 32, 45, 58, 71, 84, 85, 86, 99, 112, 111, 110, 109, 122, 135, 136, 137, 150, 163, 162, 161, 160, 159, 158, 157, 156, 143, 130, 131, 118, 105, 106, 119, 132, 133, 134, 121, 108, 107, 94, 81, 80, 79, 78, 65, 52, 39, 26, 27, 28, 41, 54, 55, 56, 43, 30, 17, 4, 3, 2, 1, 0]
[00:00:02:55:598] ! Unidirectional t-s. expansions: 77,684, time: 175,596 [ms], path length: 92 [edges], generated: 112,634
[00:00:01:13:992] Path of length 92 found: [0, 1, 2, 3, 4, 17, 30, 31, 32, 19, 6, 7, 8, 9, 10, 11, 12, 25, 38, 37, 36, 49, 62, 61, 60, 59, 58, 57, 56, 55, 54, 41, 28, 27, 26, 39, 52, 65, 78, 79, 92, 105, 106, 119, 118, 131, 130, 143, 156, 157, 158, 159, 146, 133, 134, 121, 108, 107, 94, 81, 82, 83, 84, 85, 86, 87, 88, 89, 90, 103, 116, 115, 114, 113, 112, 111, 110, 109, 122, 135, 136, 137, 150, 163, 164, 165, 152, 139, 140, 141, 142, 155, 168]
[00:00:01:13:996] ! Bidirectional. expansions: 6,912, time: 73,992 [ms], path length: 92 [edges], g_F: 56, g_B: 36, generated: {'F': 28,847, 'B': 17,870}, MM: 20, MMPER: 20.50537634408602%
[00:00:01:13:996] 
---------- mazes/13x13_maze_with_1_open_diamonds_6 ----------
[00:00:00:24:638] Expansion 10,000: state None, f=95, g=31
[00:00:00:43:573] Path of length 92 found: [0, 1, 2, 3, 4, 17, 30, 43, 56, 55, 54, 41, 28, 27, 26, 39, 52, 65, 78, 79, 80, 81, 82, 83, 84, 71, 58, 45, 32, 19, 6, 7, 8, 9, 10, 11, 12, 25, 38, 51, 64, 63, 62, 49, 36, 35, 34, 47, 60, 59, 72, 85, 86, 73, 74, 87, 88, 89, 90, 103, 116, 115, 114, 113, 112, 111, 110, 109, 122, 135, 134, 133, 132, 131, 130, 143, 156, 157, 158, 159, 160, 161, 162, 163, 164, 165, 152, 139, 140, 141, 142, 155, 168]
[00:00:00:43:587] ! Unidirectional s-t. expansions: 19,096, time: 43,581 [ms], path length: 92 [edges], generated: 28,635
[00:00:00:14:785] Path of length 92 found: [168, 155, 142, 141, 140, 139, 152, 165, 164, 163, 162, 161, 160, 159, 158, 157, 156, 143, 130, 131, 132, 133, 134, 135, 122, 109, 110, 111, 112, 113, 114, 115, 116, 103, 90, 89, 88, 75, 74, 87, 86, 73, 60, 47, 34, 35, 36, 49, 62, 63, 64, 51, 38, 25, 12, 11, 10, 9, 8, 7, 6, 19, 32, 45, 58, 59, 72, 85, 84, 83, 82, 81, 80, 79, 78, 65, 52, 39, 26, 27, 28, 41, 54, 55, 56, 43, 30, 17, 4, 3, 2, 1, 0]
[00:00:00:14:791] ! Unidirectional t-s. expansions: 7,299, time: 14,785 [ms], path length: 92 [edges], generated: 10,743
[00:00:00:13:006] Path of length 92 found: [0, 1, 2, 3, 4, 17, 30, 31, 32, 19, 6, 7, 8, 9, 10, 11, 12, 25, 38, 51, 64, 63, 62, 49, 36, 35, 34, 47, 60, 59, 72, 71, 58, 57, 56, 55, 54, 41, 28, 27, 26, 39, 52, 65, 78, 79, 80, 81, 82, 83, 84, 85, 86, 73, 74, 87, 88, 89, 90, 103, 116, 115, 114, 113, 112, 111, 110, 109, 122, 135, 134, 133, 132, 131, 130, 143, 156, 157, 158, 159, 160, 161, 162, 163, 164, 165, 152, 139, 140, 141, 142, 155, 168]
[00:00:00:13:023] ! Bidirectional. expansions: 1,650, time: 13,006 [ms], path length: 92 [edges], g_F: 57, g_B: 35, generated: {'F': 6,421, 'B': 3,486}, MM: 22, MMPER: 22.655913978494624%
[00:00:00:13:023] 
---------- mazes/13x13_maze_with_1_open_diamonds_7 ----------
[00:00:00:23:269] Expansion 10,000: state None, f=97, g=44
[00:00:00:44:601] Expansion 20,000: state None, f=95, g=19
[00:00:00:45:895] Path of length 94 found: [0, 1, 2, 3, 4, 17, 30, 31, 32, 19, 6, 7, 8, 9, 10, 11, 12, 25, 38, 51, 64, 63, 62, 49, 36, 35, 34, 21, 20, 33, 46, 47, 60, 61, 74, 87, 88, 89, 90, 103, 116, 115, 114, 113, 112, 99, 86, 85, 84, 71, 58, 57, 56, 55, 54, 41, 28, 27, 26, 39, 52, 65, 78, 79, 92, 105, 106, 107, 108, 109, 122, 135, 134, 133, 132, 131, 130, 143, 156, 157, 158, 159, 160, 161, 162, 163, 164, 165, 152, 139, 140, 141, 142, 155, 168]
[00:00:00:45:897] ! Unidirectional s-t. expansions: 20,475, time: 45,895 [ms], path length: 94 [edges], generated: 28,904
[00:00:00:02:559] Path of length 94 found: [168, 155, 142, 141, 140, 139, 152, 165, 164, 163, 162, 161, 160, 159, 158, 157, 156, 143, 130, 131, 132, 133, 134, 135, 122, 109, 108, 107, 106, 105, 92, 79, 78, 65, 52, 39, 26, 27, 28, 41, 54, 55, 56, 57, 58, 71, 84, 85, 86, 99, 112, 113, 114, 115, 116, 103, 90, 89, 88, 87, 74, 61, 60, 59, 46, 47, 34, 35, 36, 49, 62, 63, 64, 51, 38, 25, 12, 11, 10, 9, 8, 21, 20, 7, 6, 19, 32, 31, 30, 17, 4, 3, 2, 1, 0]
[00:00:00:02:560] ! Unidirectional t-s. expansions: 1,663, time: 2,559 [ms], path length: 94 [edges], generated: 2,602
[00:00:00:23:300] Path of length 94 found: [0, 1, 2, 3, 4, 17, 30, 31, 32, 19, 6, 7, 20, 21, 8, 9, 10, 11, 12, 25, 38, 51, 64, 63, 62, 49, 36, 35, 34, 33, 46, 47, 60, 61, 74, 87, 88, 89, 90, 103, 116, 115, 114, 113, 112, 99, 86, 85, 84, 71, 58, 57, 56, 55, 54, 41, 28, 27, 26, 39, 52, 65, 78, 79, 92, 105, 106, 107, 108, 109, 122, 135, 134, 133, 132, 131, 130, 143, 156, 157, 158, 159, 160, 161, 162, 163, 164, 165, 152, 139, 140, 141, 142, 155, 168]
[00:00:00:23:302] ! Bidirectional. expansions: 2,975, time: 23,301 [ms], path length: 94 [edges], g_F: 59, g_B: 35, generated: {'F': 10,575, 'B': 5,788}, MM: 24, MMPER: 24.263157894736842%
[00:00:00:23:302] 
---------- mazes/13x13_maze_with_1_open_diamonds_8 ----------
[00:00:00:23:273] Expansion 10,000: state None, f=97, g=44
[00:00:00:44:689] Expansion 20,000: state None, f=95, g=19
[00:00:00:45:975] Path of length 94 found: [0, 1, 2, 3, 4, 17, 30, 31, 32, 19, 6, 7, 8, 9, 10, 11, 12, 25, 38, 51, 64, 63, 62, 49, 36, 35, 34, 21, 20, 33, 46, 47, 60, 61, 74, 87, 88, 89, 90, 103, 116, 115, 114, 113, 112, 99, 86, 85, 84, 71, 58, 57, 56, 55, 54, 41, 28, 27, 26, 39, 52, 65, 78, 79, 92, 105, 106, 107, 108, 109, 122, 135, 134, 133, 132, 131, 130, 143, 156, 157, 158, 159, 160, 161, 162, 163, 164, 165, 152, 139, 140, 141, 142, 155, 168]
[00:00:00:45:977] ! Unidirectional s-t. expansions: 20,475, time: 45,975 [ms], path length: 94 [edges], generated: 28,904
[00:00:00:05:192] Path of length 94 found: [168, 155, 142, 141, 140, 139, 152, 165, 164, 163, 162, 161, 160, 159, 158, 157, 156, 143, 130, 131, 132, 133, 134, 135, 122, 109, 108, 107, 106, 105, 92, 79, 78, 65, 52, 39, 26, 27, 28, 41, 54, 55, 56, 57, 58, 71, 84, 85, 86, 99, 112, 113, 114, 115, 116, 103, 90, 89, 88, 87, 74, 61, 60, 59, 46, 47, 34, 35, 36, 49, 62, 63, 64, 51, 38, 25, 12, 11, 10, 9, 8, 21, 20, 7, 6, 19, 32, 31, 30, 17, 4, 3, 2, 1, 0]
[00:00:00:05:194] ! Unidirectional t-s. expansions: 1,663, time: 5,193 [ms], path length: 94 [edges], generated: 2,602
[00:00:00:21:289] Path of length 94 found: [0, 1, 2, 3, 4, 17, 30, 31, 32, 19, 6, 7, 20, 21, 8, 9, 10, 11, 12, 25, 38, 51, 64, 63, 62, 49, 36, 35, 34, 33, 46, 47, 60, 61, 74, 87, 88, 89, 90, 103, 116, 115, 114, 113, 112, 99, 86, 85, 84, 71, 58, 57, 56, 55, 54, 41, 28, 27, 26, 39, 52, 65, 78, 79, 92, 105, 106, 107, 108, 109, 122, 135, 134, 133, 132, 131, 130, 143, 156, 157, 158, 159, 160, 161, 162, 163, 164, 165, 152, 139, 140, 141, 142, 155, 168]
[00:00:00:21:290] ! Bidirectional. expansions: 2,975, time: 21,289 [ms], path length: 94 [edges], g_F: 59, g_B: 35, generated: {'F': 10,575, 'B': 5,788}, MM: 24, MMPER: 24.263157894736842%
[00:00:00:21:290] 
---------- mazes/13x13_maze_with_1_open_diamonds_9 ----------
[00:00:00:24:347] Expansion 10,000: state None, f=96, g=74
[00:00:00:42:134] Expansion 20,000: state None, f=95, g=42
[00:00:00:56:679] Expansion 30,000: state None, f=94, g=57
[00:00:01:12:653] Expansion 40,000: state None, f=93, g=60
[00:00:01:26:800] Path of length 92 found: [0, 1, 2, 3, 4, 17, 30, 31, 32, 19, 6, 7, 8, 9, 10, 11, 12, 25, 38, 37, 36, 49, 62, 61, 74, 87, 88, 89, 90, 103, 116, 115, 114, 113, 126, 125, 112, 111, 98, 99, 86, 85, 84, 71, 58, 57, 56, 55, 54, 41, 28, 27, 26, 39, 52, 65, 78, 79, 92, 105, 106, 107, 108, 109, 110, 123, 124, 137, 136, 135, 134, 133, 132, 131, 130, 143, 156, 157, 158, 159, 160, 161, 162, 163, 164, 165, 152, 139, 140, 141, 142, 155, 168]
[00:00:01:26:802] ! Unidirectional s-t. expansions: 46,531, time: 86,801 [ms], path length: 92 [edges], generated: 70,258
[00:00:00:28:569] Expansion 10,000: state None, f=105, g=30
[00:00:00:49:826] Expansion 20,000: state None, f=103, g=54
[00:00:01:10:154] Expansion 30,000: state None, f=102, g=42
[00:00:01:30:969] Expansion 40,000: state None, f=101, g=48
[00:00:01:50:591] Expansion 50,000: state None, f=100, g=42
[00:00:02:11:821] Expansion 60,000: state None, f=99, g=56
[00:00:02:31:068] Expansion 70,000: state None, f=98, g=59
[00:00:02:52:198] Expansion 80,000: state None, f=98, g=36
[00:00:03:12:705] Expansion 90,000: state None, f=97, g=53
[00:00:03:29:266] Expansion 100,000: state None, f=96, g=57
[00:00:03:44:742] Expansion 110,000: state None, f=96, g=49
[00:00:04:07:254] Expansion 120,000: state None, f=95, g=69
[00:00:04:21:893] Expansion 130,000: state None, f=95, g=51
[00:00:04:40:032] Expansion 140,000: state None, f=94, g=75
[00:00:04:57:154] Expansion 150,000: state None, f=94, g=65
[00:00:05:12:187] Expansion 160,000: state None, f=94, g=60
[00:00:05:32:341] Expansion 170,000: state None, f=94, g=32
[00:00:05:47:838] Expansion 180,000: state None, f=93, g=63
[00:00:06:09:085] Expansion 190,000: state None, f=93, g=50
[00:00:06:28:388] Path of length 92 found: [168, 155, 142, 141, 140, 139, 152, 165, 164, 163, 162, 161, 160, 159, 158, 157, 156, 143, 130, 131, 132, 133, 134, 135, 122, 109, 110, 123, 136, 137, 138, 125, 124, 111, 98, 85, 86, 99, 112, 113, 114, 115, 116, 103, 90, 89, 88, 87, 74, 61, 62, 63, 64, 51, 38, 25, 12, 11, 10, 9, 8, 7, 6, 19, 32, 45, 58, 71, 84, 83, 82, 81, 80, 79, 78, 65, 52, 39, 26, 27, 28, 41, 54, 55, 56, 43, 30, 17, 4, 3, 2, 1, 0]
[00:00:06:28:390] ! Unidirectional t-s. expansions: 198,275, time: 388,388 [ms], path length: 92 [edges], generated: 276,295
[00:00:01:24:465] Expansion 10,000: F [0, 1, 2, 3, 4, 17, 30, 43, 56, 55, 54, 41, 28, 27, 26, 39, 52, 65, 78, 79, 92, 105, 106, 107, 108, 109, 110, 111, 112, 99, 98, 85, 84, 71, 58, 45, 32, 19, 6, 7, 8, 9, 10], B [168, 167, 166, 165, 164, 163, 162, 161, 160, 159, 158, 157, 156, 143, 130, 131, 132, 133, 134, 135, 136, 123, 124, 137, 138, 125, 126, 139], f=93, g=69
[00:00:01:47:215] Path of length 92 found: [0, 1, 2, 3, 4, 17, 30, 43, 56, 55, 54, 41, 28, 27, 26, 39, 52, 65, 78, 79, 92, 105, 106, 107, 108, 109, 122, 123, 110, 111, 124, 125, 126, 113, 112, 99, 98, 85, 84, 71, 58, 45, 32, 19, 6, 7, 8, 9, 10, 11, 12, 25, 38, 37, 36, 49, 62, 61, 74, 87, 88, 89, 90, 103, 116, 129, 142, 141, 140, 139, 138, 137, 136, 135, 134, 133, 132, 131, 130, 143, 156, 157, 158, 159, 160, 161, 162, 163, 164, 165, 166, 167, 168]
[00:00:01:47:222] ! Bidirectional. expansions: 12,978, time: 107,215 [ms], path length: 92 [edges], g_F: 55, g_B: 37, generated: {'F': 55,290, 'B': 35,981}, MM: 18, MMPER: 18.35483870967742%
[00:00:01:47:243] average expansions: (30,949, 55,400, 5,920, 0)
[00:00:01:47:249] average time: (69,193, 116,608, 55,171, 0)
[00:00:01:47:254] XA*: 30,949 , 69,193 (expansions , time[ms])
[00:00:01:47:259] BiXA*: 5,920 , 55,171 (expansions , time[ms])

