--------------------------
date: SM_Grids
number_of_graphs: 10
graph_type: grid
size_of_graphs: [7, 7]
heuristic: bcc_heuristic
snake: False
run_uni: True
run_bi: True
run_multi: False
solution_vertices: []
algorithms: ['IDA']
lookahead: 1
bsd: False
cube_first_dims: 4
cube_buffer_dim: None
backward_sym_generation: False
sym_coil: False
prefix_set: None

---------- SM_Grids/7x7_grid_with_random_blocks_8per_0 ----------
[00:00:00:02:800] Path of length 44 found: [0, 7, 8, 1, 2, 9, 16, 15, 22, 21, 28, 35, 42, 43, 36, 29, 30, 37, 44, 45, 46, 39, 38, 31, 32, 25, 18, 17, 10, 3, 4, 11, 12, 5, 6, 13, 20, 19, 26, 27, 34, 33, 40, 47, 48]
[00:00:00:02:800] ! Unidirectional s-t. expansions: 5,058, time: 2,800 [ms], path length: 44 [edges], generated: 8,588
[00:00:00:12:553] Path of length 44 found: [48, 41, 34, 27, 20, 13, 6, 5, 4, 3, 2, 9, 16, 17, 10, 11, 12, 19, 18, 25, 26, 33, 32, 31, 30, 29, 36, 37, 38, 39, 40, 47, 46, 45, 44, 43, 42, 35, 28, 21, 22, 15, 8, 1, 0]
[00:00:00:12:553] ! Unidirectional t-s. expansions: 21,160, time: 12,553 [ms], path length: 44 [edges], generated: 33,903
[00:00:02:57:370] Path of length 44 found: [0, 7, 8, 15, 22, 21, 28, 35, 42, 43, 36, 29, 30, 37, 44, 45, 38, 31, 32, 39, 46, 47, 40, 33, 26, 25, 18, 19, 12, 11, 10, 17, 16, 9, 2, 3, 4, 5, 6, 13, 20, 27, 34, 41, 48]
[00:00:02:57:782] ! Bidirectional. expansions: 144,293, time: 177,370 [ms], path length: 44 [edges], g_F: 22, g_B: 22, generated: {'F': 149,007, 'B': 107,324}, MM: 0, MMPER: -1.0%
[00:00:02:57:783] 
---------- SM_Grids/7x7_grid_with_random_blocks_8per_1 ----------
[00:00:00:19:740] Path of length 42 found: [0, 7, 14, 21, 28, 35, 42, 43, 36, 29, 22, 15, 8, 9, 2, 3, 10, 17, 16, 23, 30, 31, 24, 25, 18, 11, 4, 5, 6, 13, 12, 19, 20, 27, 26, 33, 32, 39, 46, 47, 40, 41, 48]
[00:00:00:19:740] ! Unidirectional s-t. expansions: 27,277, time: 19,740 [ms], path length: 42 [edges], generated: 48,487
[00:00:00:37:199] Path of length 42 found: [48, 41, 34, 27, 20, 13, 6, 5, 4, 3, 2, 9, 8, 15, 22, 23, 16, 17, 10, 11, 12, 19, 18, 25, 26, 33, 40, 47, 46, 39, 32, 31, 30, 29, 36, 43, 42, 35, 28, 21, 14, 7, 0]
[00:00:00:37:199] ! Unidirectional t-s. expansions: 53,243, time: 37,199 [ms], path length: 42 [edges], generated: 91,643
[00:00:06:20:844] Path of length 42 found: [0, 7, 14, 21, 28, 35, 42, 43, 36, 29, 30, 31, 38, 39, 46, 47, 40, 33, 26, 25, 18, 19, 12, 11, 10, 17, 16, 23, 22, 15, 8, 9, 2, 3, 4, 5, 6, 13, 20, 27, 34, 41, 48]
[00:00:06:21:178] ! Bidirectional. expansions: 306,754, time: 380,844 [ms], path length: 42 [edges], g_F: 19, g_B: 23, generated: {'F': 357,272, 'B': 207,379}, MM: 4, MMPER: 8.30232558139535%
[00:00:06:21:178] 
---------- SM_Grids/7x7_grid_with_random_blocks_8per_2 ----------
[00:00:00:05:843] Path of length 44 found: [0, 7, 14, 21, 28, 35, 36, 43, 44, 37, 30, 29, 22, 15, 8, 9, 2, 3, 10, 17, 16, 23, 24, 31, 38, 45, 46, 39, 32, 33, 26, 19, 18, 11, 4, 5, 12, 13, 20, 27, 34, 41, 40, 47, 48]
[00:00:00:05:843] ! Unidirectional s-t. expansions: 7,818, time: 5,843 [ms], path length: 44 [edges], generated: 13,602
[00:00:00:11:068] Path of length 44 found: [48, 41, 34, 27, 20, 13, 6, 5, 4, 3, 2, 9, 8, 15, 22, 29, 30, 37, 38, 31, 24, 23, 16, 17, 10, 11, 18, 19, 26, 33, 32, 39, 40, 47, 46, 45, 44, 43, 36, 35, 28, 21, 14, 7, 0]
[00:00:00:11:069] ! Unidirectional t-s. expansions: 14,939, time: 11,068 [ms], path length: 44 [edges], generated: 25,218
[00:00:04:35:053] Path of length 44 found: [0, 7, 14, 21, 28, 35, 36, 43, 44, 37, 30, 29, 22, 15, 16, 23, 24, 31, 38, 45, 46, 47, 40, 39, 32, 33, 26, 19, 12, 11, 18, 17, 10, 9, 2, 3, 4, 5, 6, 13, 20, 27, 34, 41, 48]
[00:00:04:35:393] ! Bidirectional. expansions: 198,571, time: 275,053 [ms], path length: 44 [edges], g_F: 33, g_B: 11, generated: {'F': 201,826, 'B': 170,351}, MM: 22, MMPER: 47.888888888888886%
[00:00:04:35:393] 
---------- SM_Grids/7x7_grid_with_random_blocks_8per_3 ----------
[00:00:00:17:763] Path of length 44 found: [0, 7, 14, 21, 28, 35, 42, 43, 44, 37, 30, 29, 22, 23, 16, 9, 8, 1, 2, 3, 10, 17, 24, 31, 38, 45, 46, 39, 32, 25, 18, 11, 4, 5, 6, 13, 12, 19, 20, 27, 26, 33, 40, 47, 48]
[00:00:00:17:764] ! Unidirectional s-t. expansions: 31,512, time: 17,763 [ms], path length: 44 [edges], generated: 48,560
[00:00:00:00:848] Path of length 44 found: [48, 41, 40, 47, 46, 39, 32, 33, 26, 27, 20, 13, 6, 5, 4, 3, 2, 1, 8, 9, 16, 17, 10, 11, 12, 19, 18, 25, 24, 23, 22, 29, 30, 31, 38, 37, 44, 43, 42, 35, 28, 21, 14, 7, 0]
[00:00:00:00:848] ! Unidirectional t-s. expansions: 1,015, time: 848 [ms], path length: 44 [edges], generated: 1,820
[00:00:02:18:743] Path of length 44 found: [0, 7, 14, 21, 28, 35, 42, 43, 44, 45, 38, 37, 30, 29, 22, 23, 24, 25, 18, 19, 12, 11, 10, 17, 16, 9, 8, 1, 2, 3, 4, 5, 6, 13, 20, 27, 26, 33, 32, 39, 46, 47, 40, 41, 48]
[00:00:02:19:085] ! Bidirectional. expansions: 116,239, time: 138,743 [ms], path length: 44 [edges], g_F: 14, g_B: 30, generated: {'F': 133,485, 'B': 64,091}, MM: 16, MMPER: 34.55555555555556%
[00:00:02:19:085] 
---------- SM_Grids/7x7_grid_with_random_blocks_8per_4 ----------
[00:00:00:00:552] Path of length 44 found: [0, 7, 14, 21, 28, 35, 42, 43, 36, 29, 22, 15, 8, 1, 2, 9, 16, 23, 30, 37, 38, 45, 46, 39, 32, 31, 24, 25, 18, 11, 4, 5, 6, 13, 12, 19, 20, 27, 26, 33, 34, 41, 40, 47, 48]
[00:00:00:00:552] ! Unidirectional s-t. expansions: 621, time: 552 [ms], path length: 44 [edges], generated: 1,030
[00:00:00:01:931] Path of length 44 found: [48, 41, 34, 27, 20, 13, 6, 5, 4, 11, 10, 9, 2, 1, 8, 15, 16, 23, 22, 29, 30, 31, 24, 25, 18, 19, 26, 33, 32, 39, 40, 47, 46, 45, 38, 37, 36, 43, 42, 35, 28, 21, 14, 7, 0]
[00:00:00:01:931] ! Unidirectional t-s. expansions: 2,168, time: 1,931 [ms], path length: 44 [edges], generated: 3,671
[00:00:01:03:725] Path of length 44 found: [0, 7, 14, 21, 28, 35, 42, 43, 36, 29, 22, 15, 8, 1, 2, 9, 16, 23, 24, 31, 30, 37, 38, 45, 46, 47, 40, 39, 32, 33, 26, 25, 18, 19, 12, 11, 4, 5, 6, 13, 20, 27, 34, 41, 48]
[00:00:01:04:063] ! Bidirectional. expansions: 40,043, time: 63,726 [ms], path length: 44 [edges], g_F: 17, g_B: 27, generated: {'F': 38,062, 'B': 33,994}, MM: 10, MMPER: 21.22222222222222%
[00:00:01:04:063] 
---------- SM_Grids/7x7_grid_with_random_blocks_8per_5 ----------
[00:00:00:01:234] Path of length 44 found: [0, 7, 14, 21, 28, 35, 42, 43, 36, 29, 22, 15, 8, 1, 2, 9, 10, 17, 24, 23, 30, 37, 44, 45, 46, 39, 38, 31, 32, 25, 18, 11, 12, 5, 6, 13, 20, 19, 26, 27, 34, 33, 40, 41, 48]
[00:00:00:01:234] ! Unidirectional s-t. expansions: 1,390, time: 1,234 [ms], path length: 44 [edges], generated: 2,330
[00:00:00:06:241] Path of length 44 found: [48, 41, 34, 27, 20, 13, 6, 5, 12, 11, 18, 19, 26, 25, 32, 33, 40, 39, 46, 45, 38, 31, 30, 29, 36, 37, 44, 43, 42, 35, 28, 21, 14, 15, 22, 23, 24, 17, 10, 3, 2, 9, 8, 1, 0]
[00:00:00:06:241] ! Unidirectional t-s. expansions: 9,889, time: 6,241 [ms], path length: 44 [edges], generated: 15,616
[00:00:01:51:838] Path of length 44 found: [0, 7, 14, 21, 28, 35, 42, 43, 36, 29, 22, 15, 8, 1, 2, 9, 10, 17, 24, 23, 30, 31, 38, 37, 44, 45, 46, 39, 40, 33, 32, 25, 26, 19, 18, 11, 12, 5, 6, 13, 20, 27, 34, 41, 48]
[00:00:01:52:175] ! Bidirectional. expansions: 78,968, time: 111,839 [ms], path length: 44 [edges], g_F: 16, g_B: 28, generated: {'F': 48,432, 'B': 90,083}, MM: 12, MMPER: 25.666666666666668%
[00:00:01:52:175] 
---------- SM_Grids/7x7_grid_with_random_blocks_8per_6 ----------
[00:00:00:07:738] Path of length 44 found: [0, 1, 8, 15, 14, 21, 28, 35, 42, 43, 36, 29, 22, 23, 30, 37, 44, 45, 46, 39, 38, 31, 24, 17, 16, 9, 2, 3, 4, 11, 18, 25, 26, 19, 12, 5, 6, 13, 20, 27, 34, 33, 40, 47, 48]
[00:00:00:07:738] ! Unidirectional s-t. expansions: 12,640, time: 7,738 [ms], path length: 44 [edges], generated: 20,130
[00:00:00:03:035] Path of length 44 found: [48, 41, 34, 27, 20, 13, 6, 5, 4, 3, 2, 9, 16, 23, 22, 29, 36, 37, 30, 31, 24, 17, 18, 11, 12, 19, 26, 33, 40, 47, 46, 39, 38, 45, 44, 43, 42, 35, 28, 21, 14, 15, 8, 1, 0]
[00:00:00:03:035] ! Unidirectional t-s. expansions: 3,556, time: 3,035 [ms], path length: 44 [edges], generated: 6,085
[00:00:02:08:957] Path of length 44 found: [0, 1, 8, 15, 14, 21, 28, 35, 42, 43, 36, 29, 22, 23, 30, 37, 44, 45, 38, 39, 46, 47, 40, 33, 26, 19, 12, 11, 18, 25, 24, 17, 16, 9, 2, 3, 4, 5, 6, 13, 20, 27, 34, 41, 48]
[00:00:02:09:293] ! Bidirectional. expansions: 101,339, time: 128,957 [ms], path length: 44 [edges], g_F: 30, g_B: 14, generated: {'F': 115,621, 'B': 66,397}, MM: 16, MMPER: 34.55555555555556%
[00:00:02:09:293] 
---------- SM_Grids/7x7_grid_with_random_blocks_8per_7 ----------
[00:00:01:13:992] Valid states checked so far: 200,000, Expansions: 119,086, Global best: 43
[00:00:01:20:028] Path of length 42 found: [0, 7, 14, 21, 28, 35, 42, 43, 36, 29, 22, 15, 8, 1, 2, 9, 16, 23, 30, 37, 44, 45, 46, 39, 38, 31, 24, 17, 10, 3, 4, 5, 12, 11, 18, 19, 26, 25, 32, 33, 40, 47, 48]
[00:00:01:20:029] ! Unidirectional s-t. expansions: 129,857, time: 80,028 [ms], path length: 42 [edges], generated: 217,483
[00:00:00:15:075] Path of length 42 found: [48, 41, 40, 47, 46, 39, 32, 33, 26, 19, 12, 5, 4, 3, 2, 9, 16, 17, 10, 11, 18, 25, 24, 23, 22, 29, 36, 37, 30, 31, 38, 45, 44, 43, 42, 35, 28, 21, 14, 15, 8, 1, 0]
[00:00:00:15:075] ! Unidirectional t-s. expansions: 21,733, time: 15,075 [ms], path length: 42 [edges], generated: 38,651
[00:00:11:36:617] Path of length 42 found: [0, 7, 14, 21, 28, 35, 42, 43, 36, 29, 22, 15, 8, 1, 2, 9, 16, 23, 30, 37, 44, 45, 38, 31, 24, 17, 10, 3, 4, 5, 12, 11, 18, 25, 26, 33, 32, 39, 46, 47, 40, 41, 48]
[00:00:11:36:959] ! Bidirectional. expansions: 594,111, time: 696,617 [ms], path length: 42 [edges], g_F: 32, g_B: 10, generated: {'F': 692,417, 'B': 407,713}, MM: 22, MMPER: 50.16279069767442%
[00:00:11:36:959] 
---------- SM_Grids/7x7_grid_with_random_blocks_8per_8 ----------
[00:00:01:05:900] Path of length 42 found: [0, 7, 8, 1, 2, 9, 16, 15, 22, 21, 28, 35, 42, 43, 44, 37, 38, 45, 46, 39, 32, 31, 24, 17, 10, 3, 4, 11, 18, 25, 26, 19, 12, 5, 6, 13, 20, 27, 34, 33, 40, 47, 48]
[00:00:01:05:900] ! Unidirectional s-t. expansions: 87,390, time: 65,900 [ms], path length: 42 [edges], generated: 155,342
[00:00:01:25:582] Valid states checked so far: 200,000, Expansions: 119,144, Global best: 43
[00:00:02:02:590] Path of length 42 found: [48, 41, 34, 27, 20, 13, 6, 5, 4, 3, 2, 9, 16, 23, 24, 17, 10, 11, 12, 19, 18, 25, 26, 33, 32, 31, 38, 39, 40, 47, 46, 45, 44, 43, 42, 35, 28, 21, 22, 15, 8, 1, 0]
[00:00:02:02:590] ! Unidirectional t-s. expansions: 174,649, time: 122,590 [ms], path length: 42 [edges], generated: 294,280
[00:00:33:05:592] Path of length 42 found: [0, 7, 8, 15, 22, 21, 28, 35, 42, 43, 44, 37, 38, 45, 46, 47, 40, 39, 32, 33, 26, 25, 18, 19, 12, 11, 10, 17, 24, 23, 16, 9, 2, 3, 4, 5, 6, 13, 20, 27, 34, 41, 48]
[00:00:33:06:279] ! Bidirectional. expansions: 1,306,286, time: 1,985,592 [ms], path length: 42 [edges], g_F: 6, g_B: 36, generated: {'F': 1,508,450, 'B': 894,909}, MM: 30, MMPER: 68.76744186046511%
[00:00:33:06:279] 
---------- SM_Grids/7x7_grid_with_random_blocks_8per_9 ----------
[00:00:00:08:283] Path of length 44 found: [0, 7, 14, 21, 28, 35, 42, 43, 36, 29, 22, 15, 8, 1, 2, 9, 16, 23, 30, 37, 44, 45, 46, 39, 38, 31, 32, 25, 18, 17, 10, 3, 4, 11, 12, 5, 6, 13, 20, 27, 26, 33, 40, 41, 48]
[00:00:00:08:284] ! Unidirectional s-t. expansions: 11,976, time: 8,283 [ms], path length: 44 [edges], generated: 19,458
[00:00:00:01:754] Path of length 44 found: [48, 41, 34, 27, 20, 13, 6, 5, 12, 11, 4, 3, 2, 1, 8, 15, 22, 29, 36, 37, 30, 23, 16, 9, 10, 17, 18, 25, 26, 33, 40, 39, 32, 31, 38, 45, 44, 43, 42, 35, 28, 21, 14, 7, 0]
[00:00:00:01:754] ! Unidirectional t-s. expansions: 2,121, time: 1,754 [ms], path length: 44 [edges], generated: 3,597
[00:00:02:58:014] Path of length 44 found: [0, 7, 14, 21, 28, 35, 42, 43, 36, 29, 22, 15, 8, 1, 2, 9, 16, 23, 30, 37, 44, 45, 46, 39, 38, 31, 32, 33, 26, 25, 18, 17, 10, 3, 4, 11, 12, 5, 6, 13, 20, 27, 34, 41, 48]
[00:00:02:58:349] ! Bidirectional. expansions: 127,545, time: 178,014 [ms], path length: 44 [edges], g_F: 25, g_B: 19, generated: {'F': 117,708, 'B': 106,753}, MM: 6, MMPER: 12.333333333333334%
[00:00:02:58:349] average expansions: (31,554, 30,447, 301,415, 0)
[00:00:02:58:349] average time: (20,988, 21,229, 413,676, 0)
[00:00:02:58:349] XIDA: 30,447 , 20,988 (expansions , time[ms])
[00:00:02:58:349] BiXIDA: 301,415 , 413,676 (expansions , time[ms])

