--------------------------
date: mazes
number_of_graphs: 10
graph_type: maze
size_of_graphs: [13, 13]
heuristic: bcc_heuristic
snake: False
run_uni: True
run_bi: True
run_multi: False
solution_vertices: []
algorithms: ['IDA']
lookahead: 3
bsd: False
cube_first_dims: 4
cube_buffer_dim: None
backward_sym_generation: False
sym_coil: False
prefix_set: None

---------- mazes/13x13_maze_with_1_open_diamonds_0 ----------
[00:00:03:17:142] Valid states checked so far: 200,000, Expansions: 33,985, Global best: 53
[00:00:05:54:818] Path of length 92 found: [0, 1, 2, 3, 4, 17, 30, 31, 32, 19, 6, 7, 8, 9, 10, 11, 12, 25, 38, 37, 36, 49, 62, 61, 60, 59, 58, 57, 56, 55, 54, 41, 28, 27, 26, 39, 52, 65, 78, 79, 80, 81, 82, 83, 84, 85, 86, 87, 88, 89, 90, 103, 116, 115, 114, 113, 112, 111, 110, 109, 108, 107, 106, 105, 118, 131, 130, 143, 156, 157, 158, 159, 146, 145, 132, 119, 120, 133, 134, 135, 136, 137, 150, 163, 164, 165, 152, 139, 140, 141, 142, 155, 168]
[00:00:05:54:819] ! Unidirectional s-t. expansions: 62,304, time: 354,818 [ms], path length: 92 [edges], generated: 368,365
[00:00:03:18:444] Valid states checked so far: 200,000, Expansions: 33,412, Global best: 61
[00:00:06:31:793] Valid states checked so far: 400,000, Expansions: 69,177, Global best: 61
[00:00:09:41:484] Valid states checked so far: 600,000, Expansions: 105,502, Global best: 61
[00:00:12:48:115] Valid states checked so far: 800,000, Expansions: 142,054, Global best: 61
[00:00:15:50:391] Valid states checked so far: 1,000,000, Expansions: 178,364, Global best: 61
[00:00:18:57:280] Valid states checked so far: 1,200,000, Expansions: 215,381, Global best: 61
[00:00:21:57:331] Valid states checked so far: 1,400,000, Expansions: 251,230, Global best: 61
[00:00:22:07:864] Path of length 92 found: [168, 155, 142, 141, 140, 139, 152, 165, 164, 163, 150, 137, 136, 135, 134, 133, 120, 119, 132, 145, 146, 159, 158, 157, 156, 143, 130, 131, 118, 105, 106, 107, 108, 109, 110, 111, 112, 113, 114, 115, 116, 103, 90, 89, 88, 87, 86, 85, 84, 83, 82, 81, 80, 79, 78, 65, 52, 39, 26, 27, 28, 41, 54, 55, 56, 57, 58, 59, 60, 61, 62, 63, 64, 51, 38, 25, 12, 11, 10, 9, 8, 7, 6, 19, 32, 31, 30, 17, 4, 3, 2, 1, 0]
[00:00:22:07:865] ! Unidirectional t-s. expansions: 253,412, time: 1,327,865 [ms], path length: 92 [edges], generated: 1,411,406
[00:00:02:59:151] Path of length 92 found: [0, 1, 2, 3, 4, 17, 30, 31, 32, 19, 6, 7, 8, 9, 10, 11, 12, 25, 38, 37, 36, 49, 62, 61, 60, 59, 58, 57, 56, 55, 54, 41, 28, 27, 26, 39, 52, 65, 78, 79, 80, 81, 82, 83, 84, 85, 86, 87, 88, 89, 90, 103, 116, 115, 114, 113, 112, 111, 110, 109, 108, 107, 106, 105, 118, 131, 130, 143, 156, 157, 158, 159, 146, 145, 132, 119, 120, 133, 134, 135, 136, 137, 150, 163, 164, 165, 152, 139, 140, 141, 142, 155, 168]
[00:00:02:59:151] ! Bidirectional. expansions: 16,443, time: 179,151 [ms], path length: 92 [edges], g_F: 55, g_B: 37, generated: {'F': 70,497, 'B': 46,029}, MM: 18, MMPER: 18.35483870967742%
[00:00:02:59:151] 
---------- mazes/13x13_maze_with_1_open_diamonds_1 ----------
[00:00:03:44:151] Valid states checked so far: 200,000, Expansions: 34,497, Global best: 41
[00:00:07:14:016] Valid states checked so far: 400,000, Expansions: 72,661, Global best: 59
[00:00:09:57:348] Path of length 90 found: [0, 1, 2, 15, 28, 27, 26, 39, 52, 53, 54, 41, 42, 29, 16, 3, 4, 17, 30, 43, 56, 57, 58, 45, 32, 19, 6, 7, 8, 9, 10, 11, 12, 25, 38, 37, 36, 49, 62, 61, 74, 87, 88, 89, 90, 103, 116, 115, 114, 113, 112, 99, 86, 85, 84, 83, 82, 81, 80, 79, 92, 105, 106, 107, 108, 109, 122, 135, 134, 133, 132, 131, 130, 143, 156, 157, 158, 159, 160, 161, 162, 163, 164, 165, 152, 139, 140, 141, 142, 155, 168]
[00:00:09:57:349] ! Unidirectional s-t. expansions: 104,768, time: 597,348 [ms], path length: 90 [edges], generated: 561,423
[00:00:00:12:328] Path of length 90 found: [168, 155, 142, 141, 140, 139, 152, 165, 164, 163, 162, 161, 160, 159, 158, 157, 156, 143, 130, 131, 132, 133, 134, 135, 122, 109, 108, 107, 106, 105, 92, 79, 80, 81, 82, 83, 84, 85, 86, 99, 112, 113, 114, 115, 116, 103, 90, 89, 88, 87, 74, 61, 62, 63, 64, 51, 38, 25, 12, 11, 10, 9, 8, 7, 6, 19, 32, 45, 58, 57, 56, 43, 30, 17, 4, 3, 16, 29, 42, 41, 54, 53, 52, 39, 26, 27, 28, 15, 2, 1, 0]
[00:00:00:12:329] ! Unidirectional t-s. expansions: 2,107, time: 12,329 [ms], path length: 90 [edges], generated: 14,705
[00:00:09:00:479] Path of length 90 found: [0, 13, 26, 39, 52, 53, 54, 41, 28, 15, 2, 3, 4, 17, 16, 29, 30, 43, 42, 55, 56, 57, 58, 45, 32, 19, 6, 7, 8, 9, 10, 11, 12, 25, 38, 37, 36, 49, 62, 61, 74, 87, 88, 89, 90, 103, 116, 115, 114, 113, 112, 99, 86, 85, 84, 83, 82, 81, 80, 79, 92, 105, 106, 107, 108, 109, 122, 135, 134, 133, 132, 131, 130, 143, 156, 157, 158, 159, 160, 161, 162, 163, 164, 165, 152, 139, 140, 141, 142, 155, 168]
[00:00:09:00:480] ! Bidirectional. expansions: 60,806, time: 540,479 [ms], path length: 90 [edges], g_F: 54, g_B: 36, generated: {'F': 223,846, 'B': 107,812}, MM: 18, MMPER: 18.78021978021978%
[00:00:09:00:481] 
---------- mazes/13x13_maze_with_1_open_diamonds_2 ----------
[00:00:02:55:381] Valid states checked so far: 200,000, Expansions: 30,321, Global best: 89
[00:00:03:34:146] Path of length 92 found: [0, 1, 2, 3, 4, 17, 30, 43, 56, 55, 54, 41, 28, 27, 26, 39, 52, 65, 78, 79, 80, 81, 82, 83, 70, 57, 58, 45, 32, 19, 6, 7, 8, 9, 10, 11, 12, 25, 38, 37, 36, 49, 62, 61, 60, 59, 72, 71, 84, 85, 98, 99, 86, 87, 88, 89, 90, 103, 116, 115, 114, 113, 112, 111, 110, 97, 96, 109, 122, 135, 134, 133, 132, 131, 130, 143, 156, 157, 158, 159, 160, 161, 162, 163, 164, 165, 152, 139, 140, 141, 142, 155, 168]
[00:00:03:34:146] ! Unidirectional s-t. expansions: 37,339, time: 214,146 [ms], path length: 92 [edges], generated: 244,264
[00:00:02:40:475] Valid states checked so far: 200,000, Expansions: 34,000, Global best: 59
[00:00:03:25:325] Path of length 92 found: [168, 155, 142, 141, 140, 139, 152, 165, 164, 163, 162, 161, 160, 159, 158, 157, 156, 143, 130, 131, 132, 133, 134, 135, 122, 109, 108, 107, 106, 105, 92, 79, 78, 65, 52, 39, 26, 27, 28, 41, 54, 55, 56, 57, 70, 83, 96, 97, 110, 111, 98, 99, 112, 113, 114, 115, 116, 103, 90, 89, 88, 87, 86, 85, 84, 71, 72, 59, 60, 61, 62, 63, 64, 51, 38, 25, 12, 11, 10, 9, 8, 7, 6, 19, 32, 31, 30, 17, 4, 3, 2, 1, 0]
[00:00:03:25:326] ! Unidirectional t-s. expansions: 43,980, time: 205,325 [ms], path length: 92 [edges], generated: 256,993
[00:00:00:48:468] Path of length 92 found: [0, 1, 2, 3, 4, 17, 30, 43, 56, 55, 54, 41, 28, 27, 26, 39, 52, 65, 78, 79, 80, 81, 82, 83, 70, 57, 58, 45, 32, 19, 6, 7, 8, 9, 10, 11, 12, 25, 38, 37, 36, 49, 62, 61, 60, 59, 72, 71, 84, 85, 86, 87, 88, 89, 90, 103, 116, 115, 114, 113, 112, 99, 98, 111, 110, 97, 96, 109, 122, 135, 134, 133, 132, 131, 130, 143, 156, 157, 158, 159, 160, 161, 162, 163, 164, 165, 152, 139, 140, 141, 142, 155, 168]
[00:00:00:48:469] ! Bidirectional. expansions: 5,678, time: 48,468 [ms], path length: 92 [edges], g_F: 56, g_B: 36, generated: {'F': 23,101, 'B': 15,494}, MM: 20, MMPER: 20.50537634408602%
[00:00:00:48:469] 
---------- mazes/13x13_maze_with_1_open_diamonds_3 ----------
[00:00:02:22:082] Path of length 90 found: [0, 1, 2, 3, 4, 17, 30, 43, 56, 55, 54, 41, 28, 27, 26, 39, 52, 65, 78, 79, 80, 81, 82, 83, 84, 71, 58, 45, 32, 19, 6, 7, 8, 9, 10, 11, 12, 25, 38, 37, 36, 49, 62, 61, 74, 87, 86, 85, 98, 99, 100, 101, 88, 89, 90, 103, 102, 115, 116, 129, 142, 141, 140, 139, 126, 113, 112, 111, 110, 109, 122, 135, 134, 133, 132, 131, 130, 143, 156, 157, 158, 159, 160, 161, 162, 163, 164, 165, 166, 167, 168]
[00:00:02:22:082] ! Unidirectional s-t. expansions: 24,632, time: 142,082 [ms], path length: 90 [edges], generated: 167,551
[00:00:03:21:015] Valid states checked so far: 200,000, Expansions: 34,967, Global best: 59
[00:00:06:19:510] Valid states checked so far: 400,000, Expansions: 70,555, Global best: 59
[00:00:09:10:117] Valid states checked so far: 600,000, Expansions: 106,213, Global best: 79
[00:00:09:32:994] Path of length 90 found: [168, 167, 166, 165, 164, 163, 162, 161, 160, 159, 158, 157, 156, 143, 130, 131, 132, 133, 134, 135, 122, 109, 108, 107, 106, 105, 92, 79, 78, 65, 52, 39, 26, 27, 28, 41, 54, 55, 56, 57, 58, 71, 84, 85, 98, 111, 112, 113, 126, 139, 140, 141, 142, 129, 116, 103, 90, 89, 102, 115, 114, 101, 100, 99, 86, 87, 74, 61, 62, 63, 64, 51, 38, 25, 12, 11, 10, 9, 8, 7, 6, 19, 32, 31, 30, 17, 4, 3, 2, 1, 0]
[00:00:09:32:995] ! Unidirectional t-s. expansions: 111,191, time: 572,995 [ms], path length: 90 [edges], generated: 627,675
[00:00:05:22:720] Path of length 90 found: [0, 1, 2, 3, 4, 17, 30, 43, 56, 55, 54, 41, 28, 27, 26, 39, 52, 65, 78, 79, 80, 81, 82, 83, 84, 71, 58, 45, 32, 19, 6, 7, 8, 9, 10, 11, 12, 25, 38, 37, 36, 49, 62, 61, 74, 87, 100, 101, 88, 89, 90, 103, 102, 115, 116, 129, 142, 141, 140, 139, 126, 113, 112, 99, 86, 85, 98, 111, 110, 109, 122, 135, 134, 133, 132, 131, 130, 143, 156, 157, 158, 159, 160, 161, 162, 163, 164, 165, 166, 167, 168]
[00:00:05:22:721] ! Bidirectional. expansions: 29,233, time: 322,721 [ms], path length: 90 [edges], g_F: 55, g_B: 35, generated: {'F': 124,409, 'B': 88,196}, MM: 20, MMPER: 20.978021978021978%
[00:00:05:22:721] 
---------- mazes/13x13_maze_with_1_open_diamonds_4 ----------
[00:00:03:03:981] Valid states checked so far: 200,000, Expansions: 30,777, Global best: 77
[00:00:05:35:915] Path of length 92 found: [0, 1, 2, 3, 4, 17, 30, 43, 56, 55, 54, 41, 28, 27, 26, 39, 52, 65, 78, 79, 80, 81, 82, 95, 108, 107, 106, 119, 132, 131, 130, 143, 156, 157, 158, 159, 160, 161, 162, 163, 150, 137, 136, 135, 134, 133, 120, 121, 122, 109, 110, 111, 112, 99, 86, 85, 84, 71, 58, 45, 32, 19, 6, 7, 8, 9, 10, 11, 12, 25, 38, 37, 36, 49, 62, 61, 74, 87, 88, 89, 90, 103, 116, 129, 142, 141, 140, 139, 152, 165, 166, 167, 168]
[00:00:05:35:915] ! Unidirectional s-t. expansions: 59,465, time: 335,915 [ms], path length: 92 [edges], generated: 378,219
[00:00:03:17:173] Valid states checked so far: 200,000, Expansions: 34,585, Global best: 61
[00:00:06:23:670] Valid states checked so far: 400,000, Expansions: 70,208, Global best: 61
[00:00:09:24:965] Valid states checked so far: 600,000, Expansions: 106,086, Global best: 61
[00:00:12:22:299] Valid states checked so far: 800,000, Expansions: 141,739, Global best: 81
[00:00:15:03:060] Path of length 92 found: [168, 167, 166, 165, 152, 139, 140, 141, 142, 129, 116, 103, 90, 89, 88, 87, 74, 61, 62, 63, 64, 51, 38, 25, 12, 11, 10, 9, 8, 7, 6, 19, 32, 45, 58, 71, 84, 85, 86, 99, 112, 111, 110, 109, 122, 123, 136, 137, 150, 163, 162, 161, 160, 159, 158, 157, 156, 143, 130, 131, 132, 133, 134, 121, 120, 119, 106, 107, 108, 95, 82, 81, 80, 79, 78, 65, 52, 39, 26, 27, 28, 41, 54, 55, 56, 43, 30, 17, 4, 3, 2, 1, 0]
[00:00:15:03:060] ! Unidirectional t-s. expansions: 173,204, time: 903,060 [ms], path length: 92 [edges], generated: 976,416
[00:00:03:34:363] Path of length 92 found: [0, 1, 2, 3, 4, 17, 30, 31, 32, 19, 6, 7, 8, 9, 10, 11, 12, 25, 38, 37, 36, 49, 62, 61, 60, 59, 58, 57, 56, 55, 54, 41, 28, 27, 26, 39, 52, 65, 78, 79, 92, 105, 106, 107, 120, 119, 132, 131, 130, 143, 156, 157, 158, 159, 160, 147, 134, 121, 122, 109, 108, 95, 82, 83, 84, 85, 86, 87, 88, 89, 90, 103, 116, 115, 114, 113, 112, 111, 110, 123, 136, 137, 150, 163, 164, 165, 152, 139, 140, 141, 142, 155, 168]
[00:00:03:34:364] ! Bidirectional. expansions: 22,688, time: 214,363 [ms], path length: 92 [edges], g_F: 57, g_B: 35, generated: {'F': 95,786, 'B': 55,878}, MM: 22, MMPER: 22.655913978494624%
[00:00:03:34:364] 
---------- mazes/13x13_maze_with_1_open_diamonds_5 ----------
[00:00:03:12:832] Valid states checked so far: 200,000, Expansions: 31,872, Global best: 65
[00:00:06:10:270] Valid states checked so far: 400,000, Expansions: 64,692, Global best: 89
[00:00:06:22:642] Path of length 92 found: [0, 1, 2, 3, 4, 17, 30, 43, 56, 55, 54, 41, 28, 27, 26, 39, 52, 65, 78, 79, 80, 81, 94, 107, 106, 105, 118, 131, 130, 143, 156, 157, 158, 159, 160, 161, 162, 163, 150, 137, 136, 135, 134, 133, 132, 119, 120, 121, 108, 109, 110, 111, 112, 99, 86, 85, 84, 71, 58, 45, 32, 19, 6, 7, 8, 9, 10, 11, 12, 25, 38, 37, 36, 49, 62, 61, 74, 87, 88, 89, 90, 103, 116, 129, 142, 141, 140, 139, 152, 165, 166, 167, 168]
[00:00:06:22:642] ! Unidirectional s-t. expansions: 67,370, time: 382,642 [ms], path length: 92 [edges], generated: 415,130
[00:00:03:18:948] Valid states checked so far: 200,000, Expansions: 33,843, Global best: 61
[00:00:06:28:228] Valid states checked so far: 400,000, Expansions: 69,008, Global best: 61
[00:00:09:33:510] Valid states checked so far: 600,000, Expansions: 104,398, Global best: 61
[00:00:12:34:299] Valid states checked so far: 800,000, Expansions: 139,527, Global best: 81
[00:00:13:57:913] Path of length 92 found: [168, 167, 166, 165, 152, 139, 140, 141, 142, 129, 116, 103, 90, 89, 88, 87, 74, 61, 62, 63, 64, 51, 38, 25, 12, 11, 10, 9, 8, 7, 6, 19, 32, 45, 58, 71, 84, 85, 86, 99, 112, 111, 110, 109, 108, 121, 120, 119, 132, 133, 134, 135, 136, 137, 150, 163, 162, 161, 160, 159, 158, 157, 156, 143, 130, 131, 118, 105, 106, 107, 94, 81, 80, 79, 78, 65, 52, 39, 26, 27, 28, 41, 54, 55, 56, 43, 30, 17, 4, 3, 2, 1, 0]
[00:00:13:57:914] ! Unidirectional t-s. expansions: 155,847, time: 837,913 [ms], path length: 92 [edges], generated: 891,390
[00:00:03:53:439] Path of length 92 found: [0, 1, 2, 3, 4, 17, 30, 31, 32, 19, 6, 7, 8, 9, 10, 11, 12, 25, 38, 37, 36, 49, 62, 61, 60, 59, 58, 57, 56, 55, 54, 41, 28, 27, 26, 39, 52, 65, 78, 79, 92, 105, 106, 119, 118, 131, 130, 143, 156, 157, 158, 159, 146, 133, 134, 121, 108, 107, 94, 81, 82, 83, 84, 85, 86, 87, 88, 89, 90, 103, 116, 115, 114, 113, 112, 111, 110, 109, 122, 135, 136, 137, 150, 163, 164, 165, 152, 139, 140, 141, 142, 155, 168]
[00:00:03:53:440] ! Bidirectional. expansions: 24,296, time: 233,439 [ms], path length: 92 [edges], g_F: 56, g_B: 36, generated: {'F': 101,828, 'B': 62,623}, MM: 20, MMPER: 20.50537634408602%
[00:00:03:53:440] 
---------- mazes/13x13_maze_with_1_open_diamonds_6 ----------
[00:00:02:25:780] Path of length 92 found: [0, 1, 2, 3, 4, 17, 30, 43, 56, 55, 54, 41, 28, 27, 26, 39, 52, 65, 78, 79, 80, 81, 82, 83, 84, 71, 58, 45, 32, 19, 6, 7, 8, 9, 10, 11, 12, 25, 38, 51, 64, 63, 62, 49, 36, 35, 34, 47, 60, 59, 72, 85, 86, 73, 74, 87, 88, 89, 90, 103, 116, 115, 114, 113, 112, 111, 110, 109, 122, 135, 134, 133, 132, 131, 130, 143, 156, 157, 158, 159, 160, 161, 162, 163, 164, 165, 152, 139, 140, 141, 142, 155, 168]
[00:00:02:25:780] ! Unidirectional s-t. expansions: 24,954, time: 145,780 [ms], path length: 92 [edges], generated: 157,950
[00:00:00:53:270] Path of length 92 found: [168, 155, 142, 141, 140, 139, 152, 165, 164, 163, 162, 161, 160, 159, 158, 157, 156, 143, 130, 131, 132, 133, 134, 135, 122, 109, 108, 107, 106, 105, 92, 79, 78, 65, 52, 39, 26, 27, 28, 41, 54, 55, 56, 57, 58, 71, 84, 85, 72, 73, 86, 99, 112, 113, 114, 115, 116, 103, 90, 89, 88, 75, 74, 61, 60, 47, 34, 35, 36, 49, 62, 63, 64, 51, 38, 25, 12, 11, 10, 9, 8, 7, 6, 19, 32, 31, 30, 17, 4, 3, 2, 1, 0]
[00:00:00:53:270] ! Unidirectional t-s. expansions: 11,165, time: 53,270 [ms], path length: 92 [edges], generated: 68,570
[00:00:00:41:858] Path of length 92 found: [0, 1, 2, 3, 4, 17, 30, 43, 56, 55, 54, 41, 28, 27, 26, 39, 52, 65, 78, 79, 80, 81, 82, 83, 84, 71, 58, 45, 32, 19, 6, 7, 8, 9, 10, 11, 12, 25, 38, 51, 64, 63, 62, 49, 36, 35, 34, 47, 60, 59, 72, 85, 86, 73, 74, 87, 88, 89, 90, 103, 116, 115, 114, 113, 112, 111, 110, 109, 122, 135, 134, 133, 132, 131, 130, 143, 156, 157, 158, 159, 160, 161, 162, 163, 164, 165, 152, 139, 140, 141, 142, 155, 168]
[00:00:00:41:858] ! Bidirectional. expansions: 5,458, time: 41,858 [ms], path length: 92 [edges], g_F: 59, g_B: 33, generated: {'F': 20,955, 'B': 11,020}, MM: 26, MMPER: 26.956989247311828%
[00:00:00:41:859] 
---------- mazes/13x13_maze_with_1_open_diamonds_7 ----------
[00:00:03:05:003] Path of length 94 found: [0, 1, 2, 3, 4, 17, 30, 31, 32, 19, 6, 7, 20, 21, 8, 9, 10, 11, 12, 25, 38, 51, 64, 63, 62, 49, 36, 35, 34, 33, 46, 59, 60, 61, 74, 87, 88, 89, 90, 103, 116, 115, 114, 113, 112, 99, 86, 85, 84, 71, 58, 57, 56, 55, 54, 41, 28, 27, 26, 39, 52, 65, 78, 79, 92, 105, 106, 107, 108, 109, 122, 135, 134, 133, 132, 131, 130, 143, 156, 157, 158, 159, 160, 161, 162, 163, 164, 165, 152, 139, 140, 141, 142, 155, 168]
[00:00:03:05:003] ! Unidirectional s-t. expansions: 32,192, time: 185,003 [ms], path length: 94 [edges], generated: 181,718
[00:00:00:10:710] Path of length 94 found: [168, 155, 142, 141, 140, 139, 152, 165, 164, 163, 162, 161, 160, 159, 158, 157, 156, 143, 130, 131, 132, 133, 134, 135, 122, 109, 108, 107, 106, 105, 92, 79, 78, 65, 52, 39, 26, 27, 28, 41, 54, 55, 56, 57, 58, 71, 84, 85, 86, 99, 112, 113, 114, 115, 116, 103, 90, 89, 88, 87, 74, 61, 60, 59, 46, 47, 34, 35, 36, 49, 62, 63, 64, 51, 38, 25, 12, 11, 10, 9, 8, 21, 20, 7, 6, 19, 32, 31, 30, 17, 4, 3, 2, 1, 0]
[00:00:00:10:711] ! Unidirectional t-s. expansions: 2,370, time: 10,711 [ms], path length: 94 [edges], generated: 16,507
[00:00:01:25:065] Path of length 94 found: [0, 1, 2, 3, 4, 17, 30, 31, 32, 19, 6, 7, 20, 21, 8, 9, 10, 11, 12, 25, 38, 51, 64, 63, 62, 49, 36, 35, 34, 33, 46, 47, 60, 61, 74, 87, 88, 89, 90, 103, 116, 115, 114, 113, 112, 99, 86, 85, 84, 71, 58, 57, 56, 55, 54, 41, 28, 27, 26, 39, 52, 65, 78, 79, 92, 105, 106, 107, 108, 109, 122, 135, 134, 133, 132, 131, 130, 143, 156, 157, 158, 159, 160, 161, 162, 163, 164, 165, 152, 139, 140, 141, 142, 155, 168]
[00:00:01:25:066] ! Bidirectional. expansions: 10,730, time: 85,065 [ms], path length: 94 [edges], g_F: 59, g_B: 35, generated: {'F': 38,148, 'B': 20,383}, MM: 24, MMPER: 24.263157894736842%
[00:00:01:25:066] 
---------- mazes/13x13_maze_with_1_open_diamonds_8 ----------
[00:00:03:03:265] Path of length 94 found: [0, 1, 2, 3, 4, 17, 30, 31, 32, 19, 6, 7, 20, 21, 8, 9, 10, 11, 12, 25, 38, 51, 64, 63, 62, 49, 36, 35, 34, 33, 46, 59, 60, 61, 74, 87, 88, 89, 90, 103, 116, 115, 114, 113, 112, 99, 86, 85, 84, 71, 58, 57, 56, 55, 54, 41, 28, 27, 26, 39, 52, 65, 78, 79, 92, 105, 106, 107, 108, 109, 122, 135, 134, 133, 132, 131, 130, 143, 156, 157, 158, 159, 160, 161, 162, 163, 164, 165, 152, 139, 140, 141, 142, 155, 168]
[00:00:03:03:265] ! Unidirectional s-t. expansions: 32,192, time: 183,265 [ms], path length: 94 [edges], generated: 181,718
[00:00:00:10:511] Path of length 94 found: [168, 155, 142, 141, 140, 139, 152, 165, 164, 163, 162, 161, 160, 159, 158, 157, 156, 143, 130, 131, 132, 133, 134, 135, 122, 109, 108, 107, 106, 105, 92, 79, 78, 65, 52, 39, 26, 27, 28, 41, 54, 55, 56, 57, 58, 71, 84, 85, 86, 99, 112, 113, 114, 115, 116, 103, 90, 89, 88, 87, 74, 61, 60, 59, 46, 47, 34, 35, 36, 49, 62, 63, 64, 51, 38, 25, 12, 11, 10, 9, 8, 21, 20, 7, 6, 19, 32, 31, 30, 17, 4, 3, 2, 1, 0]
[00:00:00:10:512] ! Unidirectional t-s. expansions: 2,370, time: 10,511 [ms], path length: 94 [edges], generated: 16,507
[00:00:01:23:473] Path of length 94 found: [0, 1, 2, 3, 4, 17, 30, 31, 32, 19, 6, 7, 20, 21, 8, 9, 10, 11, 12, 25, 38, 51, 64, 63, 62, 49, 36, 35, 34, 33, 46, 47, 60, 61, 74, 87, 88, 89, 90, 103, 116, 115, 114, 113, 112, 99, 86, 85, 84, 71, 58, 57, 56, 55, 54, 41, 28, 27, 26, 39, 52, 65, 78, 79, 92, 105, 106, 107, 108, 109, 122, 135, 134, 133, 132, 131, 130, 143, 156, 157, 158, 159, 160, 161, 162, 163, 164, 165, 152, 139, 140, 141, 142, 155, 168]
[00:00:01:23:474] ! Bidirectional. expansions: 10,730, time: 83,474 [ms], path length: 94 [edges], g_F: 59, g_B: 35, generated: {'F': 38,148, 'B': 20,383}, MM: 24, MMPER: 24.263157894736842%
[00:00:01:23:474] 
---------- mazes/13x13_maze_with_1_open_diamonds_9 ----------
[00:00:02:45:676] Valid states checked so far: 200,000, Expansions: 27,297, Global best: 89
[00:00:04:58:315] Path of length 92 found: [0, 1, 2, 3, 4, 17, 30, 43, 56, 55, 54, 41, 28, 27, 26, 39, 52, 65, 78, 79, 92, 105, 106, 107, 108, 109, 122, 135, 134, 133, 132, 131, 130, 143, 156, 157, 158, 159, 160, 161, 162, 163, 150, 137, 136, 123, 110, 111, 124, 125, 126, 113, 112, 99, 98, 85, 84, 71, 58, 45, 32, 19, 6, 7, 8, 9, 10, 11, 12, 25, 38, 37, 36, 49, 62, 61, 74, 87, 88, 89, 90, 103, 116, 129, 142, 141, 140, 139, 152, 165, 166, 167, 168]
[00:00:04:58:315] ! Unidirectional s-t. expansions: 54,721, time: 298,315 [ms], path length: 92 [edges], generated: 376,274
[00:00:03:17:592] Valid states checked so far: 200,000, Expansions: 35,536, Global best: 53
[00:00:06:26:083] Valid states checked so far: 400,000, Expansions: 73,463, Global best: 61
[00:00:09:33:415] Valid states checked so far: 600,000, Expansions: 111,634, Global best: 61
[00:00:12:36:013] Valid states checked so far: 800,000, Expansions: 149,694, Global best: 61
[00:00:15:34:611] Valid states checked so far: 1,000,000, Expansions: 187,292, Global best: 61
[00:00:18:25:838] Valid states checked so far: 1,200,000, Expansions: 224,090, Global best: 61
[00:00:21:19:320] Valid states checked so far: 1,400,000, Expansions: 261,534, Global best: 61
[00:00:24:08:130] Valid states checked so far: 1,600,000, Expansions: 299,106, Global best: 61
[00:00:26:55:154] Valid states checked so far: 1,800,000, Expansions: 336,151, Global best: 61
[00:00:29:37:779] Valid states checked so far: 2,000,000, Expansions: 374,045, Global best: 61
[00:00:32:23:904] Valid states checked so far: 2,200,000, Expansions: 411,031, Global best: 81
[00:00:35:04:471] Valid states checked so far: 2,400,000, Expansions: 448,149, Global best: 81
[00:00:37:50:167] Valid states checked so far: 2,600,000, Expansions: 485,331, Global best: 81
[00:00:37:58:365] Path of length 92 found: [168, 167, 166, 165, 152, 139, 140, 141, 142, 129, 116, 103, 90, 89, 88, 87, 86, 85, 98, 99, 112, 113, 126, 125, 138, 137, 150, 163, 162, 161, 160, 159, 158, 157, 156, 143, 130, 131, 132, 133, 134, 135, 136, 123, 124, 111, 110, 109, 108, 107, 106, 105, 92, 79, 78, 65, 52, 39, 26, 27, 28, 41, 54, 55, 56, 57, 58, 59, 60, 61, 62, 63, 64, 51, 38, 25, 12, 11, 10, 9, 8, 7, 6, 19, 32, 31, 30, 17, 4, 3, 2, 1, 0]
[00:00:37:58:365] ! Unidirectional t-s. expansions: 486,889, time: 2,278,365 [ms], path length: 92 [edges], generated: 2,609,339
[00:00:06:33:224] Path of length 92 found: [0, 1, 2, 3, 4, 17, 30, 43, 56, 55, 54, 41, 28, 27, 26, 39, 52, 65, 78, 79, 92, 105, 106, 107, 108, 109, 122, 135, 134, 133, 132, 131, 130, 143, 156, 157, 158, 159, 160, 161, 162, 163, 150, 137, 136, 123, 110, 111, 124, 125, 126, 113, 112, 99, 86, 85, 84, 71, 58, 45, 32, 19, 6, 7, 8, 9, 10, 11, 12, 25, 38, 51, 64, 63, 62, 61, 74, 87, 88, 89, 90, 103, 116, 129, 142, 141, 140, 139, 152, 165, 166, 167, 168]
[00:00:06:33:225] ! Bidirectional. expansions: 43,053, time: 393,224 [ms], path length: 92 [edges], g_F: 59, g_B: 33, generated: {'F': 186,715, 'B': 125,227}, MM: 26, MMPER: 26.956989247311828%
[00:00:06:33:225] average expansions: (49,994, 124,254, 22,912, 0)
[00:00:06:33:225] average time: (283,931, 621,234, 214,224, 0)
[00:00:06:33:225] XIDA: 49,994 , 283,931 (expansions , time[ms])
[00:00:06:33:225] BiXIDA: 22,912 , 214,224 (expansions , time[ms])

