--------------------------
date: SM_Grids
number_of_graphs: 10
graph_type: grid
size_of_graphs: [8, 8]
heuristic: bcc_heuristic
snake: False
run_uni: True
run_bi: True
run_multi: False
solution_vertices: []
algorithms: ['A']
lookahead: -1
bsd: False
cube_first_dims: 4
cube_buffer_dim: None
backward_sym_generation: False
sym_coil: False
prefix_set: None

---------- SM_Grids/8x8_grid_with_random_blocks_12per_0 ----------
[00:00:00:12:466] Expansion 10,000: state None, f=53, g=31
[00:00:00:18:129] Path of length 52 found: [0, 1, 2, 10, 18, 17, 9, 8, 16, 24, 25, 26, 27, 35, 43, 44, 52, 51, 50, 42, 34, 33, 41, 40, 48, 56, 57, 58, 59, 60, 61, 62, 54, 53, 45, 37, 36, 28, 20, 19, 11, 3, 4, 12, 13, 21, 22, 30, 31, 39, 47, 55, 63]
[00:00:00:18:132] ! Unidirectional s-t. expansions: 14,633, time: 18,129 [ms], path length: 52 [edges], generated: 23,981
[00:00:00:10:916] Expansion 10,000: state None, f=53, g=40
[00:00:00:20:780] Expansion 20,000: state None, f=53, g=28
[00:00:00:25:911] Path of length 52 found: [63, 62, 61, 60, 59, 58, 57, 56, 48, 40, 41, 42, 50, 51, 52, 53, 54, 55, 47, 39, 31, 30, 22, 14, 13, 21, 20, 28, 36, 37, 45, 44, 43, 35, 34, 33, 25, 24, 16, 17, 18, 26, 27, 19, 11, 12, 4, 3, 2, 10, 9, 1, 0]
[00:00:00:25:913] ! Unidirectional t-s. expansions: 24,319, time: 25,911 [ms], path length: 52 [edges], generated: 38,073
[00:00:00:11:718] Expansion 10,000: F [0, 8, 9, 1, 2, 3, 4, 12, 11, 10], B [63, 62, 61, 60, 59, 51, 43, 42, 50], f=53, g=17
[00:00:00:18:392] Path of length 52 found: [0, 8, 16, 24, 25, 33, 41, 40, 48, 56, 57, 58, 59, 60, 61, 62, 54, 53, 52, 51, 50, 42, 34, 26, 18, 17, 9, 1, 2, 3, 4, 12, 11, 19, 27, 35, 43, 44, 45, 37, 36, 28, 20, 21, 13, 14, 22, 30, 31, 39, 47, 55, 63]
[00:00:00:18:910] ! Bidirectional. expansions: 16,848, time: 18,392 [ms], path length: 52 [edges], g_F: 27, g_B: 25, generated: {'F': 15,400, 'B': 15,506}, MM: 2, MMPER: 2.7735849056603774%
[00:00:00:18:911] 
---------- SM_Grids/8x8_grid_with_random_blocks_12per_1 ----------
[00:00:00:02:298] Path of length 52 found: [0, 1, 2, 10, 11, 3, 4, 5, 6, 7, 15, 14, 22, 21, 13, 12, 20, 19, 27, 26, 25, 17, 9, 8, 16, 24, 32, 33, 34, 42, 41, 49, 50, 58, 59, 51, 52, 60, 61, 53, 45, 44, 36, 28, 29, 37, 38, 39, 47, 46, 54, 62, 63]
[00:00:00:02:300] ! Unidirectional s-t. expansions: 1,634, time: 2,298 [ms], path length: 52 [edges], generated: 2,704
[00:00:00:01:438] Path of length 52 found: [63, 62, 61, 53, 54, 55, 47, 39, 38, 46, 45, 37, 29, 21, 22, 14, 15, 7, 6, 5, 13, 12, 4, 3, 11, 10, 2, 1, 9, 17, 25, 26, 27, 19, 20, 28, 36, 44, 52, 60, 59, 51, 50, 49, 41, 42, 34, 33, 32, 24, 16, 8, 0]
[00:00:00:01:438] ! Unidirectional t-s. expansions: 728, time: 1,438 [ms], path length: 52 [edges], generated: 1,265
[00:00:00:06:248] Path of length 52 found: [0, 8, 16, 24, 32, 33, 25, 17, 9, 1, 2, 10, 11, 3, 4, 12, 13, 5, 6, 7, 15, 14, 22, 21, 29, 37, 38, 39, 47, 55, 54, 53, 45, 44, 36, 28, 20, 19, 27, 26, 34, 42, 41, 49, 50, 58, 59, 51, 52, 60, 61, 62, 63]
[00:00:00:06:727] ! Bidirectional. expansions: 5,269, time: 6,248 [ms], path length: 52 [edges], g_F: 27, g_B: 25, generated: {'F': 4,544, 'B': 4,802}, MM: 2, MMPER: 2.7735849056603774%
[00:00:00:06:727] 
---------- SM_Grids/8x8_grid_with_random_blocks_12per_2 ----------
[00:00:00:14:877] Expansion 10,000: state None, f=51, g=16
[00:00:00:21:060] Path of length 50 found: [0, 1, 2, 3, 11, 12, 4, 5, 13, 14, 15, 23, 31, 30, 22, 21, 20, 28, 27, 19, 18, 10, 9, 8, 16, 17, 25, 24, 32, 33, 34, 42, 50, 49, 57, 58, 59, 60, 52, 51, 43, 44, 36, 37, 45, 46, 47, 55, 54, 62, 63]
[00:00:00:21:062] ! Unidirectional s-t. expansions: 13,348, time: 21,060 [ms], path length: 50 [edges], generated: 24,082
[00:00:00:09:932] Path of length 50 found: [63, 62, 54, 55, 47, 46, 38, 30, 31, 23, 15, 14, 22, 21, 20, 12, 13, 5, 4, 3, 11, 10, 2, 1, 9, 17, 18, 19, 27, 28, 29, 37, 45, 44, 52, 60, 59, 58, 57, 49, 50, 51, 43, 42, 34, 33, 25, 24, 16, 8, 0]
[00:00:00:09:933] ! Unidirectional t-s. expansions: 5,212, time: 9,932 [ms], path length: 50 [edges], generated: 9,694
[00:00:00:09:906] Expansion 10,000: F [0, 1, 2, 3, 4, 5, 13, 12, 11, 10, 9, 8, 16, 24, 32, 33, 25, 17], B [63, 55, 54, 62, 61, 60, 59, 58, 57, 49, 50, 42, 43, 51, 52, 44, 45, 46], f=51, g=34
[00:00:00:19:103] Expansion 20,000: F [0, 1, 2, 3, 11, 12, 13, 14, 15, 23, 31, 30], B [63, 55, 47, 46, 54, 62, 61, 60, 52, 51, 59, 58], f=51, g=22
[00:00:00:22:999] Path of length 50 found: [0, 1, 9, 8, 16, 17, 25, 24, 32, 33, 34, 42, 50, 49, 57, 58, 59, 60, 52, 51, 43, 44, 45, 37, 29, 28, 27, 19, 18, 10, 2, 3, 11, 12, 4, 5, 13, 21, 22, 14, 15, 23, 31, 30, 38, 46, 47, 55, 54, 62, 63]
[00:00:00:23:505] ! Bidirectional. expansions: 22,759, time: 22,999 [ms], path length: 50 [edges], g_F: 26, g_B: 24, generated: {'F': 21,944, 'B': 20,858}, MM: 2, MMPER: 2.9215686274509802%
[00:00:00:23:505] 
---------- SM_Grids/8x8_grid_with_random_blocks_12per_3 ----------
[00:00:00:07:252] Path of length 54 found: [0, 1, 2, 3, 4, 5, 6, 7, 15, 23, 22, 14, 13, 12, 20, 19, 27, 26, 25, 17, 18, 10, 9, 8, 16, 24, 32, 33, 41, 49, 48, 56, 57, 58, 50, 51, 59, 60, 61, 62, 54, 46, 45, 44, 43, 35, 36, 37, 29, 30, 38, 39, 47, 55, 63]
[00:00:00:07:253] ! Unidirectional s-t. expansions: 4,632, time: 7,252 [ms], path length: 54 [edges], generated: 7,669
[00:00:00:08:540] Path of length 54 found: [63, 55, 47, 39, 31, 23, 15, 7, 6, 5, 4, 3, 2, 1, 9, 10, 18, 17, 25, 26, 27, 19, 20, 12, 13, 14, 22, 30, 29, 37, 38, 46, 54, 62, 61, 60, 52, 44, 36, 35, 43, 51, 59, 58, 57, 56, 48, 49, 41, 33, 32, 24, 16, 8, 0]
[00:00:00:08:541] ! Unidirectional t-s. expansions: 4,750, time: 8,540 [ms], path length: 54 [edges], generated: 7,986
[00:00:00:09:291] Expansion 10,000: F [0, 1, 2, 3, 4, 5, 6, 7, 15, 14, 13, 12, 20, 19, 18, 10, 9, 8], B [63, 55, 47, 39, 31, 23, 22, 30, 38, 37, 45, 46, 54, 62, 61, 60, 52], f=55, g=33
[00:00:00:19:954] Path of length 54 found: [0, 8, 16, 17, 18, 10, 9, 1, 2, 3, 4, 5, 13, 12, 20, 19, 27, 26, 25, 24, 32, 33, 41, 49, 48, 56, 57, 58, 50, 51, 43, 35, 36, 37, 29, 30, 22, 14, 6, 7, 15, 23, 31, 39, 47, 46, 45, 44, 52, 60, 61, 62, 54, 55, 63]
[00:00:00:20:461] ! Bidirectional. expansions: 19,418, time: 19,955 [ms], path length: 54 [edges], g_F: 28, g_B: 26, generated: {'F': 16,299, 'B': 16,835}, MM: 2, MMPER: 2.6363636363636362%
[00:00:00:20:462] 
---------- SM_Grids/8x8_grid_with_random_blocks_12per_4 ----------
[00:00:00:00:155] Path of length 54 found: [0, 8, 16, 24, 25, 17, 9, 10, 18, 26, 34, 33, 41, 49, 48, 56, 57, 58, 50, 42, 43, 51, 59, 60, 52, 44, 36, 35, 27, 19, 11, 12, 4, 5, 6, 14, 13, 21, 20, 28, 29, 37, 38, 30, 22, 23, 31, 39, 47, 55, 54, 53, 61, 62, 63]
[00:00:00:00:156] ! Unidirectional s-t. expansions: 111, time: 156 [ms], path length: 54 [edges], generated: 193
[00:00:00:00:085] Path of length 54 found: [63, 55, 47, 39, 31, 23, 22, 14, 6, 5, 4, 12, 13, 21, 20, 19, 11, 10, 9, 17, 18, 26, 34, 42, 50, 51, 43, 35, 27, 28, 29, 30, 38, 37, 36, 44, 52, 53, 54, 62, 61, 60, 59, 58, 57, 56, 48, 49, 41, 33, 25, 24, 16, 8, 0]
[00:00:00:00:086] ! Unidirectional t-s. expansions: 55, time: 85 [ms], path length: 54 [edges], generated: 91
[00:00:00:00:112] Path of length 54 found: [0, 8, 16, 24, 25, 17, 9, 10, 11, 19, 18, 26, 27, 35, 34, 33, 41, 49, 48, 56, 57, 58, 50, 42, 43, 51, 59, 60, 61, 62, 54, 53, 52, 44, 36, 37, 38, 30, 29, 28, 20, 21, 13, 12, 4, 5, 6, 14, 22, 23, 31, 39, 47, 55, 63]
[00:00:00:00:570] ! Bidirectional. expansions: 85, time: 112 [ms], path length: 54 [edges], g_F: 28, g_B: 26, generated: {'F': 77, 'B': 89}, MM: 2, MMPER: 2.6363636363636362%
[00:00:00:00:571] 
---------- SM_Grids/8x8_grid_with_random_blocks_12per_5 ----------
[00:00:00:15:128] Expansion 10,000: state None, f=53, g=16
[00:00:00:23:020] Path of length 52 found: [0, 1, 2, 3, 4, 5, 6, 14, 15, 23, 22, 30, 31, 39, 38, 37, 29, 28, 20, 21, 13, 12, 11, 19, 18, 17, 9, 8, 16, 24, 25, 33, 32, 40, 41, 42, 34, 35, 43, 44, 52, 51, 50, 58, 59, 60, 61, 53, 45, 46, 47, 55, 63]
[00:00:00:23:023] ! Unidirectional s-t. expansions: 15,333, time: 23,021 [ms], path length: 52 [edges], generated: 27,174
[00:00:00:13:891] Path of length 52 found: [63, 55, 47, 46, 45, 53, 61, 60, 59, 58, 50, 51, 52, 44, 43, 35, 34, 42, 41, 40, 32, 33, 25, 24, 16, 8, 9, 17, 18, 19, 27, 28, 29, 37, 38, 39, 31, 30, 22, 23, 15, 14, 6, 5, 13, 21, 20, 12, 4, 3, 2, 1, 0]
[00:00:00:13:894] ! Unidirectional t-s. expansions: 9,235, time: 13,893 [ms], path length: 52 [edges], generated: 15,465
[00:00:00:09:677] Path of length 52 found: [0, 8, 16, 24, 25, 33, 32, 40, 41, 42, 34, 35, 27, 28, 20, 12, 11, 19, 18, 17, 9, 1, 2, 3, 4, 5, 13, 14, 15, 23, 31, 39, 47, 46, 38, 30, 22, 21, 29, 37, 45, 44, 43, 51, 50, 58, 59, 60, 52, 53, 61, 62, 63]
[00:00:00:10:170] ! Bidirectional. expansions: 8,356, time: 9,677 [ms], path length: 52 [edges], g_F: 27, g_B: 25, generated: {'F': 7,670, 'B': 7,911}, MM: 2, MMPER: 2.7735849056603774%
[00:00:00:10:170] 
---------- SM_Grids/8x8_grid_with_random_blocks_12per_6 ----------
[00:00:00:11:597] Expansion 10,000: state None, f=53, g=33
[00:00:00:23:150] Expansion 20,000: state None, f=53, g=25
[00:00:00:34:345] Expansion 30,000: state None, f=53, g=36
[00:00:00:35:863] Path of length 52 found: [0, 1, 2, 3, 4, 5, 6, 7, 15, 23, 22, 14, 13, 21, 20, 12, 11, 19, 18, 10, 9, 8, 16, 17, 25, 24, 32, 40, 48, 49, 41, 42, 50, 51, 59, 60, 61, 53, 45, 44, 43, 35, 34, 26, 27, 28, 36, 37, 38, 46, 54, 62, 63]
[00:00:00:35:866] ! Unidirectional s-t. expansions: 31,289, time: 35,863 [ms], path length: 52 [edges], generated: 50,505
[00:00:00:14:095] Expansion 10,000: state None, f=53, g=19
[00:00:00:26:085] Expansion 20,000: state None, f=53, g=33
[00:00:00:32:371] Path of length 52 found: [63, 62, 54, 46, 38, 37, 36, 28, 29, 21, 22, 23, 15, 7, 6, 14, 13, 5, 4, 3, 11, 12, 20, 19, 27, 26, 34, 35, 43, 44, 45, 53, 61, 60, 59, 51, 50, 42, 41, 49, 48, 40, 32, 24, 25, 17, 16, 8, 9, 10, 2, 1, 0]
[00:00:00:32:374] ! Unidirectional t-s. expansions: 24,819, time: 32,372 [ms], path length: 52 [edges], generated: 41,611
[00:00:00:09:153] Expansion 10,000: F [0, 8, 9, 1, 2, 10, 11, 3, 4, 5, 6, 7, 15, 23, 22, 14, 13, 12, 20, 21], B [63, 62, 54, 46, 38, 37, 36, 44, 45, 53, 61, 60, 59, 51, 43, 35, 34, 42, 50], f=53, g=37
[00:00:00:18:416] Expansion 20,000: F [0, 1, 2, 10, 9, 8, 16, 17, 25, 24, 32, 40], B [63, 62, 54, 46, 38, 37, 36, 28, 29, 21, 20, 12], f=53, g=22
[00:00:00:26:967] Expansion 30,000: F [0, 1, 2, 3, 11, 19, 27, 28], B [63, 62, 54, 53, 61, 60, 59, 51], f=53, g=14
[00:00:00:32:545] Path of length 52 found: [0, 8, 16, 17, 9, 1, 2, 3, 4, 5, 6, 7, 15, 23, 22, 14, 13, 12, 11, 10, 18, 26, 25, 24, 32, 40, 48, 49, 50, 51, 59, 60, 61, 53, 45, 44, 43, 42, 34, 35, 36, 28, 27, 19, 20, 21, 29, 37, 38, 46, 54, 62, 63]
[00:00:00:33:032] ! Bidirectional. expansions: 36,697, time: 32,546 [ms], path length: 52 [edges], g_F: 27, g_B: 25, generated: {'F': 33,473, 'B': 34,685}, MM: 2, MMPER: 2.7735849056603774%
[00:00:00:33:032] 
---------- SM_Grids/8x8_grid_with_random_blocks_12per_7 ----------
[00:00:00:19:683] Expansion 10,000: state None, f=54, g=11
[00:00:00:35:689] Expansion 20,000: state None, f=54, g=26
[00:00:00:45:192] Expansion 30,000: state None, f=53, g=36
[00:00:00:56:428] Expansion 40,000: state None, f=53, g=28
[00:00:01:07:188] Expansion 50,000: state None, f=53, g=37
[00:00:01:18:606] Expansion 60,000: state None, f=53, g=42
[00:00:01:30:409] Expansion 70,000: state None, f=53, g=33
[00:00:01:40:463] Expansion 80,000: state None, f=53, g=40
[00:00:01:52:578] Expansion 90,000: state None, f=53, g=31
[00:00:02:02:681] Expansion 100,000: state None, f=53, g=21
[00:00:02:15:409] Expansion 110,000: state None, f=53, g=39
[00:00:02:27:045] Expansion 120,000: state None, f=53, g=31
[00:00:02:38:182] Expansion 130,000: state None, f=53, g=32
[00:00:02:56:191] Path of length 52 found: [0, 8, 9, 10, 18, 19, 27, 28, 36, 35, 43, 42, 41, 33, 34, 26, 25, 17, 16, 24, 32, 40, 48, 56, 57, 58, 59, 60, 61, 53, 52, 44, 45, 37, 38, 30, 22, 21, 20, 12, 13, 5, 6, 14, 15, 23, 31, 39, 47, 46, 54, 62, 63]
[00:00:02:56:195] ! Unidirectional s-t. expansions: 137,530, time: 176,191 [ms], path length: 52 [edges], generated: 233,491
[00:00:00:14:766] Expansion 10,000: state None, f=54, g=34
[00:00:00:28:525] Expansion 20,000: state None, f=54, g=29
[00:00:01:10:108] Expansion 30,000: state None, f=54, g=18
[00:00:01:21:799] Expansion 40,000: state None, f=53, g=37
[00:00:01:34:885] Expansion 50,000: state None, f=53, g=34
[00:00:01:49:656] Expansion 60,000: state None, f=53, g=35
[00:00:02:04:701] Expansion 70,000: state None, f=53, g=42
[00:00:02:16:711] Expansion 80,000: state None, f=53, g=44
[00:00:02:32:046] Expansion 90,000: state None, f=53, g=46
[00:00:02:42:475] Expansion 100,000: state None, f=53, g=20
[00:00:02:59:469] Expansion 110,000: state None, f=53, g=26
[00:00:03:10:597] Expansion 120,000: state None, f=53, g=36
[00:00:03:21:412] Expansion 130,000: state None, f=53, g=28
[00:00:03:38:709] Expansion 140,000: state None, f=53, g=27
[00:00:03:51:214] Path of length 52 found: [63, 55, 47, 39, 31, 23, 15, 7, 6, 5, 13, 12, 20, 21, 22, 30, 38, 46, 54, 62, 61, 60, 59, 58, 57, 56, 48, 49, 41, 40, 32, 24, 16, 17, 25, 33, 34, 42, 43, 44, 52, 53, 45, 37, 36, 28, 27, 19, 18, 10, 9, 8, 0]
[00:00:03:51:218] ! Unidirectional t-s. expansions: 146,821, time: 231,214 [ms], path length: 52 [edges], generated: 245,434
[00:00:00:14:397] Expansion 10,000: F [0, 8, 16, 24, 32, 33, 25, 17, 9, 10, 18, 26, 34, 42, 41, 40], B [63, 62, 61, 53, 54, 55, 47, 46, 45, 37, 38, 39, 31, 30, 22], f=55, g=29
[00:00:00:25:644] Expansion 20,000: F [0, 8, 16, 24, 32, 33, 25, 17, 9, 10, 18, 19, 27, 26, 34, 42, 41, 40, 48], B [63, 55, 47, 39, 38, 30, 31, 23, 22, 14, 15, 7, 6, 5, 13, 21, 20, 28, 36], f=54, g=36
[00:00:00:34:437] Expansion 30,000: F [0, 8, 16, 17, 9, 10, 18, 19, 27, 35, 34, 26, 25, 24, 32, 33, 41], B [63, 55, 54, 62, 61, 53, 45, 46, 47, 39, 31, 23, 15, 14, 6, 5], f=54, g=31
[00:00:00:43:958] Expansion 40,000: F [0, 8, 16, 17, 9, 10, 18, 26, 25, 24, 32, 40, 41, 49, 48], B [63, 62, 54, 55, 47, 46, 38, 39, 31, 30, 22, 23, 15, 7, 6], f=54, g=28
[00:00:00:54:274] Expansion 50,000: F [0, 8, 16, 24, 32, 40, 41, 49, 48, 56, 57, 58, 59, 60, 52, 44, 43, 42, 34], B [63, 62, 61, 53, 54, 55, 47, 46, 45, 37, 38, 30, 31, 23, 22, 14, 15, 7, 6], f=54, g=36
[00:00:01:04:584] Expansion 60,000: F [0, 8, 16, 24, 25, 17, 9, 10, 18, 19, 20, 21, 13, 5], B [63, 62, 54, 55, 47, 46, 45, 44, 52, 53, 61, 60, 59], f=54, g=25
[00:00:01:47:455] Expansion 70,000: F [0, 8, 16, 24, 32, 33, 25, 17, 9, 10, 18, 19, 27, 26, 34, 35, 36, 28, 20, 12, 13], B [63, 62, 61, 60, 59, 58, 57, 56, 48, 40, 41, 42, 43, 44, 52, 53, 54, 55, 47, 46], f=54, g=39
[00:00:01:58:336] Expansion 80,000: F [0, 8, 9, 10, 18, 19, 20, 12, 13, 5, 6, 7, 15, 14, 22, 23], B [63, 62, 61, 53, 45, 44, 52, 60, 59, 58, 57, 56, 48, 49, 41, 40], f=54, g=30
[00:00:02:11:078] Expansion 90,000: F [0, 8, 9, 10, 18, 26, 27, 35, 34, 33, 25, 17, 16, 24, 32, 40, 48], B [63, 62, 54, 55, 47, 46, 45, 37, 38, 39, 31, 30, 22, 23, 15, 7, 6], f=54, g=32
[00:00:02:23:798] Expansion 100,000: F [0, 8, 9, 17, 16, 24, 25, 26, 18, 19, 27, 35, 34, 42], B [63, 55, 47, 46, 45, 37, 38, 39, 31, 30, 22, 23, 15, 7], f=54, g=26
[00:00:02:23:799] Expansions: 100,000. Checks - state_vs_state: 156, prefix: 179,398
[00:00:02:23:799] Expansions: 100,000. Checks - state_vs_state: 156, prefix: 179,399
[00:00:02:33:024] Expansion 110,000: F [0, 8, 16, 17, 9, 10, 18, 19, 27, 26, 25, 24, 32, 33, 34, 35, 43, 42, 41, 40, 48], B [63, 62, 54, 55, 47, 46, 45, 37, 38, 39, 31, 30, 22, 23, 15, 7, 6, 5, 13, 21, 20], f=53, g=40
[00:00:02:38:785] Expansion 120,000: F [0, 8, 16, 24, 32, 33, 25, 17, 9, 10, 18, 19, 27, 26, 34, 42, 41, 40, 48, 56], B [63, 62, 61, 53, 45, 46, 54, 55, 47, 39, 31, 23, 15, 7, 6, 5, 13, 14, 22], f=53, g=37
[00:00:02:44:581] Expansion 130,000: F [0, 8, 9, 10, 18, 17, 16, 24, 32, 33, 25, 26, 34, 35, 36, 28, 27, 19, 20, 21, 22], B [63, 62, 61, 60, 59, 58, 57, 56, 48, 49, 41, 42, 43, 44, 52, 53, 54, 55, 47, 46], f=53, g=39
[00:00:02:53:311] Expansion 140,000: F [0, 8, 16, 24, 32, 40, 41, 49, 48, 56, 57, 58, 59, 60, 52, 44, 36, 35, 43], B [63, 55, 54, 62, 61, 53, 45, 37, 38, 46, 47, 39, 31, 23, 15, 7, 6, 14], f=53, g=35
[00:00:02:59:492] Expansion 150,000: F [0, 8, 9, 10, 18, 17, 16, 24, 32, 40, 41, 49, 48, 56, 57, 58, 59, 60, 61], B [63, 62, 54, 55, 47, 46, 38, 39, 31, 23, 22, 14, 15, 7, 6, 5, 13, 12, 20], f=53, g=36
[00:00:03:06:077] Expansion 160,000: F [0, 8, 16, 24, 32, 33, 34, 26, 25, 17, 9, 10, 18, 19, 20, 12, 13, 21, 22, 14, 6], B [63, 55, 47, 46, 54, 62, 61, 53, 52, 60, 59, 58, 57, 49, 48, 40, 41, 42, 43, 35], f=53, g=39
[00:00:03:12:506] Expansion 170,000: F [0, 8, 16, 24, 25, 17, 9, 10, 18, 19, 27, 35, 36, 28, 20, 12, 13, 5, 6, 7, 15, 14, 22], B [63, 55, 47, 46, 54, 62, 61, 60, 59, 58, 57, 56, 48, 49, 41, 40, 32, 33, 34, 42, 43, 44, 52], f=53, g=44
[00:00:03:19:168] Expansion 180,000: F [0, 8, 9, 10, 18, 26, 25, 17, 16, 24, 32, 40, 48, 56, 57, 58, 59, 60], B [63, 55, 54, 62, 61, 53, 45, 37, 38, 46, 47, 39, 31, 30, 22, 14, 15, 7], f=53, g=34
[00:00:03:29:992] Expansion 190,000: F [0, 8, 9, 10, 18, 17, 16, 24, 32, 40, 48, 56, 57, 58, 59, 60, 61], B [63, 62, 54, 55, 47, 46, 38, 39, 31, 30, 22, 23, 15, 7, 6, 5, 13], f=53, g=32
[00:00:03:37:766] Expansion 200,000: F [0, 8, 16, 17, 9, 10, 18, 19, 27, 35, 43, 42, 41, 33, 34, 26, 25, 24, 32, 40, 48], B [63, 62, 54, 55, 47, 39, 31, 23, 22, 14, 15, 7, 6, 5, 13, 21, 20, 28, 36, 37], f=53, g=39
[00:00:03:37:766] Expansions: 200,000. Checks - state_vs_state: 488, prefix: 357,465
[00:00:03:37:767] Expansions: 200,000. Checks - state_vs_state: 488, prefix: 357,466
[00:00:03:45:243] Expansion 210,000: F [0, 8, 16, 17, 9, 10, 18, 19, 27, 26, 34, 35, 43, 42, 41, 33, 25, 24], B [63, 55, 47, 46, 38, 30, 31, 23, 22, 14, 15, 7, 6, 5, 13, 21, 20], f=53, g=33
[00:00:03:53:138] Expansion 220,000: F [0, 8, 16, 24, 25, 17, 9, 10, 18, 26, 27, 19, 20, 12, 13, 5, 6, 7], B [63, 55, 54, 62, 61, 60, 59, 58, 57, 56, 48, 49, 41, 40, 32, 33, 34], f=53, g=33
[00:00:04:00:427] Expansion 230,000: F [0, 8, 16, 24, 25, 17, 9, 10, 18, 26, 27, 28, 20, 12, 13, 21, 22], B [63, 62, 61, 60, 59, 58, 57, 56, 48, 49, 41, 40, 32, 33, 34, 42], f=53, g=31
[00:00:04:11:443] Expansion 240,000: F [0, 8, 16, 24, 32, 40, 41, 49, 48, 56, 57, 58, 59, 60, 52, 53, 45], B [63, 62, 54, 55, 47, 39, 31, 23, 15, 7, 6, 5, 13, 12, 20, 21, 22], f=53, g=32
[00:00:04:19:490] Expansion 250,000: F [0, 8, 16, 24, 25, 17, 9, 10, 18, 26, 34, 42, 41, 33, 32, 40, 48], B [63, 55, 47, 39, 31, 30, 22, 23, 15, 7, 6, 14, 13, 12, 20, 19], f=53, g=31
[00:00:04:27:435] Expansion 260,000: F [0, 8, 16, 17, 9, 10, 18, 19, 27, 28, 20, 21, 13, 5, 6, 7, 15], B [63, 62, 61, 53, 45, 44, 52, 60, 59, 58, 57, 56, 48, 40, 32, 24, 25], f=53, g=32
[00:00:04:35:389] Expansion 270,000: F [0, 8, 16, 24, 32, 40, 48, 56, 57, 58, 59, 60, 52, 44, 36, 28, 27, 35], B [63, 62, 61, 53, 45, 37, 38, 46, 54, 55, 47, 39, 31, 23, 15, 7, 6, 5], f=53, g=34
[00:00:04:43:260] Expansion 280,000: F [0, 8, 9, 10, 18, 19, 20, 21, 13, 5, 6, 7, 15, 14, 22, 23, 31], B [63, 55, 47, 46, 54, 62, 61, 60, 59, 58, 57, 56, 48, 40, 41, 33], f=53, g=31
[00:00:04:51:914] Expansion 290,000: F [0, 8, 9, 10, 18, 19, 27, 35, 36, 28, 20, 12, 13, 14], B [63, 62, 61, 60, 59, 58, 57, 56, 48, 49, 41, 40, 32], f=53, g=25
[00:00:05:04:495] Expansion 300,000: F [0, 8, 16, 24, 25, 17, 9, 10, 18, 26, 27, 28, 20, 21, 22, 14, 13, 5, 6, 7, 15], B [63, 62, 54, 55, 47, 46, 45, 44, 52, 53, 61, 60, 59, 58, 57, 56, 48, 49, 41, 40], f=53, g=39
[00:00:05:04:496] Expansions: 300,000. Checks - state_vs_state: 948, prefix: 536,604
[00:00:05:12:416] Expansion 310,000: F [0, 8, 16, 17, 9, 10, 18, 19, 27, 35, 43, 42, 34, 33, 25], B [63, 55, 47, 46, 45, 37, 38, 30, 31, 23, 22, 14, 15, 7, 6], f=53, g=28
[00:00:05:21:769] Expansion 320,000: F [0, 8, 16, 24, 32, 40, 41, 49, 48, 56, 57, 58, 59, 60, 52, 53, 61, 62, 54, 46, 45], B [63, 55, 47, 39, 31, 23, 15, 7, 6, 5, 13, 21, 22, 30, 38, 37, 36, 28, 20, 19], f=53, g=39
[00:00:05:29:848] Expansion 330,000: F [0, 8, 16, 17, 9, 10, 18, 19, 27, 28, 20, 21, 13, 5, 6, 7, 15, 14, 22, 23], B [63, 62, 61, 60, 59, 58, 57, 56, 48, 49, 41, 33, 32, 24, 25, 26, 34, 42, 43, 35], f=53, g=38
[00:00:05:37:838] Expansion 340,000: F [0, 8, 9, 10, 18, 19, 27, 28, 20, 21, 13, 5, 6, 7, 15, 14, 22, 23, 31], B [63, 55, 54, 62, 61, 53, 52, 60, 59, 58, 57, 49, 48, 40, 32, 24, 16, 17, 25], f=53, g=36
[00:00:05:45:776] Expansion 350,000: F [0, 8, 9, 10, 18, 19, 20, 28, 36, 35, 27, 26, 34, 33, 25], B [63, 55, 47, 39, 31, 23, 15, 7, 6, 5, 13, 14, 22, 30, 38], f=53, g=28
[00:00:06:01:125] Expansion 360,000: F [0, 8, 9, 17, 16, 24, 25, 26, 18, 19, 27, 35, 34, 33], B [63, 62, 61, 53, 54, 55, 47, 46, 45, 37, 38, 30, 31, 23], f=53, g=26
[00:00:06:10:431] Expansion 370,000: F [0, 8, 9, 10, 18, 19, 27, 28, 20, 12, 13, 5, 6], B [63, 62, 61, 60, 59, 58, 57, 56, 48, 40, 41, 33], f=53, g=23
[00:00:06:19:701] Expansion 380,000: F [0, 8, 9, 17, 16, 24, 25, 26, 18, 19, 20, 28, 27, 35, 36, 37, 38, 30, 22, 21, 13, 5, 6], B [63, 55, 54, 62, 61, 53, 52, 60, 59, 58, 57, 56, 48, 49, 41, 40, 32, 33, 34, 42, 43, 44], f=53, g=43
[00:00:06:30:613] Expansion 390,000: F [0, 8, 16, 17, 9, 10, 18, 19, 20, 28, 27, 35, 43, 42, 41, 33, 34, 26, 25, 24, 32, 40, 48], B [63, 55, 47, 39, 31, 23, 15, 7, 6, 14, 13, 21, 22, 30, 38, 37, 36, 44, 45, 46, 54, 62], f=53, g=43
[00:00:06:40:300] Expansion 400,000: F [0, 8, 9, 10, 18, 19, 20, 21, 22, 14, 13, 5, 6, 7, 15, 23, 31, 30, 38], B [63, 62, 61, 53, 52, 60, 59, 58, 57, 49, 48, 40, 32, 24, 16, 17, 25, 26, 27], f=53, g=36
[00:00:06:40:301] Expansions: 400,000. Checks - state_vs_state: 1,333, prefix: 718,603
[00:00:06:40:301] Expansions: 400,000. Checks - state_vs_state: 1,333, prefix: 718,604
[00:00:06:40:301] Expansions: 400,000. Checks - state_vs_state: 1,333, prefix: 718,605
[00:00:06:49:651] Expansion 410,000: F [0, 8, 16, 17, 9, 10, 18, 26, 27, 35, 43, 42, 34, 33, 25, 24, 32], B [63, 62, 54, 55, 47, 39, 38, 30, 31, 23, 22, 14, 15, 7, 6, 5], f=53, g=31
[00:00:07:00:394] Expansion 420,000: F [0, 8, 16, 24, 32, 40, 41, 49, 57, 58, 59, 60, 61], B [63, 62, 54, 55, 47, 39, 31, 30, 22, 23, 15, 7], f=53, g=23
[00:00:07:11:369] Expansion 430,000: F [0, 8, 9, 10, 18, 17, 25, 33, 32, 40, 48], B [63, 55, 47, 46, 54, 62, 61, 53, 45, 44], f=53, g=19
[00:00:07:30:066] Expansion 440,000: F [0, 8, 16, 24, 25, 17, 18, 19, 27, 26, 34, 42, 41], B [63, 62, 61, 53, 45, 46, 54, 55, 47, 39, 31, 23, 15], f=53, g=24
[00:00:07:41:249] Expansion 450,000: F [0, 8, 16, 24, 25, 17, 9, 10, 18, 19, 27], B [63, 62, 54, 46, 45, 44, 52, 53, 61, 60], f=53, g=19
[00:00:07:53:961] Expansion 460,000: F [0, 8, 9, 17, 25, 24, 32, 33, 34, 26, 18, 19, 27, 35], B [63, 55, 47, 39, 38, 30, 31, 23, 15, 7, 6, 5, 13], f=53, g=25
[00:00:08:19:728] Path of length 52 found: [0, 8, 16, 24, 32, 40, 41, 49, 48, 56, 57, 58, 59, 60, 52, 44, 43, 42, 34, 33, 25, 17, 9, 10, 18, 26, 27, 28, 36, 37, 38, 30, 22, 21, 20, 12, 13, 5, 6, 7, 15, 23, 31, 39, 47, 46, 45, 53, 61, 62, 54, 55, 63]
[00:00:08:21:353] ! Bidirectional. expansions: 467,157, time: 499,768 [ms], path length: 52 [edges], g_F: 27, g_B: 25, generated: {'F': 410,948, 'B': 432,468}, MM: 2, MMPER: 2.7735849056603774%
[00:00:08:21:353] 
---------- SM_Grids/8x8_grid_with_random_blocks_12per_8 ----------
[00:00:00:10:163] Path of length 54 found: [0, 1, 2, 3, 4, 5, 6, 7, 15, 23, 31, 30, 29, 21, 22, 14, 13, 12, 20, 28, 36, 44, 43, 35, 34, 26, 27, 19, 18, 10, 9, 8, 16, 17, 25, 24, 32, 33, 41, 49, 48, 56, 57, 58, 59, 60, 52, 53, 45, 37, 38, 46, 47, 55, 63]
[00:00:00:10:166] ! Unidirectional s-t. expansions: 8,426, time: 10,163 [ms], path length: 54 [edges], generated: 13,871
[00:00:00:07:447] Path of length 54 found: [63, 55, 47, 46, 45, 53, 52, 60, 59, 58, 57, 56, 48, 49, 41, 33, 32, 24, 25, 17, 16, 8, 9, 10, 18, 19, 20, 21, 22, 30, 29, 28, 27, 26, 34, 35, 43, 44, 36, 37, 38, 39, 31, 23, 15, 7, 6, 14, 13, 5, 4, 3, 2, 1, 0]
[00:00:00:07:458] ! Unidirectional t-s. expansions: 5,418, time: 7,454 [ms], path length: 54 [edges], generated: 9,433
[00:00:00:25:162] Path of length 54 found: [0, 8, 16, 17, 25, 24, 32, 33, 41, 49, 48, 56, 57, 58, 59, 60, 52, 53, 45, 46, 38, 37, 29, 30, 22, 14, 13, 12, 20, 19, 27, 28, 36, 44, 43, 35, 34, 26, 18, 10, 9, 1, 2, 3, 4, 5, 6, 7, 15, 23, 31, 39, 47, 55, 63]
[00:00:00:26:222] ! Bidirectional. expansions: 7,757, time: 25,162 [ms], path length: 54 [edges], g_F: 28, g_B: 26, generated: {'F': 6,896, 'B': 7,148}, MM: 2, MMPER: 2.6363636363636362%
[00:00:00:26:222] 
---------- SM_Grids/8x8_grid_with_random_blocks_12per_9 ----------
[00:00:00:17:453] Expansion 10,000: state None, f=54, g=27
[00:00:00:30:021] Expansion 20,000: state None, f=53, g=36
[00:00:00:39:261] Expansion 30,000: state None, f=53, g=40
[00:00:00:49:790] Expansion 40,000: state None, f=53, g=29
[00:00:01:01:356] Expansion 50,000: state None, f=53, g=39
[00:00:01:13:546] Expansion 60,000: state None, f=53, g=42
[00:00:01:26:206] Expansion 70,000: state None, f=53, g=36
[00:00:01:38:151] Expansion 80,000: state None, f=53, g=17
[00:00:01:52:832] Path of length 52 found: [0, 1, 2, 10, 9, 8, 16, 24, 32, 40, 48, 56, 57, 58, 50, 49, 41, 33, 25, 26, 18, 19, 11, 12, 4, 5, 6, 7, 15, 23, 31, 30, 38, 46, 47, 55, 54, 53, 45, 37, 29, 21, 20, 28, 27, 35, 43, 51, 59, 60, 61, 62, 63]
[00:00:01:52:835] ! Unidirectional s-t. expansions: 87,139, time: 112,833 [ms], path length: 52 [edges], generated: 146,952
[00:00:00:14:422] Expansion 10,000: state None, f=54, g=29
[00:00:00:41:039] Expansion 20,000: state None, f=54, g=27
[00:00:00:55:660] Expansion 30,000: state None, f=53, g=41
[00:00:01:07:434] Expansion 40,000: state None, f=53, g=37
[00:00:01:19:259] Expansion 50,000: state None, f=53, g=39
[00:00:01:31:507] Expansion 60,000: state None, f=53, g=31
[00:00:01:46:551] Expansion 70,000: state None, f=53, g=41
[00:00:01:59:812] Expansion 80,000: state None, f=53, g=18
[00:00:02:18:650] Expansion 90,000: state None, f=53, g=12
[00:00:02:31:127] Path of length 52 found: [63, 62, 61, 60, 59, 58, 50, 49, 57, 56, 48, 40, 41, 33, 32, 24, 25, 26, 34, 35, 43, 51, 52, 53, 54, 55, 47, 46, 45, 37, 38, 30, 31, 23, 15, 7, 6, 5, 4, 12, 13, 21, 29, 28, 20, 19, 11, 10, 2, 1, 9, 8, 0]
[00:00:02:31:130] ! Unidirectional t-s. expansions: 96,939, time: 151,127 [ms], path length: 52 [edges], generated: 164,435
[00:00:00:11:334] Expansion 10,000: F [0, 1, 2, 10, 9, 8, 16, 24, 32, 40, 48, 56, 57, 58, 50, 49, 41, 33, 34, 26], B [63, 62, 54, 55, 47, 46, 38, 30, 31, 23, 15, 7, 6, 5, 4, 12, 13, 21, 29], f=54, g=37
[00:00:00:19:619] Expansion 20,000: F [0, 1, 2, 10, 9, 8, 16, 24, 32, 40, 48, 56, 57, 49, 50, 58, 59], B [63, 55, 47, 46, 38, 37, 29, 30, 31, 23, 15, 7, 6, 5, 4, 12], f=54, g=31
[00:00:00:50:209] Expansion 30,000: F [0, 8, 9, 1, 2, 10, 18, 26, 34, 33, 25, 24, 32, 40, 41, 49, 48, 56], B [63, 62, 61, 60, 52, 53, 54, 55, 47, 46, 38, 37, 29, 30, 31, 23, 15, 7], f=54, g=34
[00:00:01:00:974] Expansion 40,000: F [0, 8, 9, 1, 2, 10, 11, 19, 20, 12], B [63, 62, 54, 55, 47, 46, 38, 37, 45, 53], f=54, g=18
[00:00:01:10:639] Expansion 50,000: F [0, 8, 9, 1, 2, 10, 11, 19, 18, 26, 34, 33, 25, 24, 32, 40, 41, 49, 48, 56, 57, 58, 59, 60, 52], B [63, 55, 47, 46, 54, 62, 61, 53, 45, 37, 38, 30, 31, 23, 15, 7, 6, 5, 4, 12, 20, 21, 29, 28], f=53, g=47
[00:00:01:15:221] Expansion 60,000: F [0, 1, 2, 10, 9, 8, 16, 24, 32, 40, 48, 56, 57, 58, 50, 49, 41, 33, 25, 26, 27], B [63, 62, 54, 55, 47, 46, 45, 53, 61, 60, 52, 51, 43, 35, 36, 28, 29, 37, 38, 30], f=53, g=39
[00:00:01:20:605] Expansion 70,000: F [0, 1, 2, 10, 9, 8, 16, 24, 25, 33, 32, 40, 48, 56, 57, 49, 50, 58, 59, 60, 52, 51, 43, 35], B [63, 62, 61, 53, 54, 55, 47, 46, 45, 37, 29, 30, 31, 23, 15, 7, 6, 5, 13, 21, 20, 12, 11, 19], f=53, g=46
[00:00:01:26:259] Expansion 80,000: F [0, 1, 9, 8, 16, 24, 25, 26, 34, 33, 32, 40, 41, 49, 48, 56, 57, 58, 59, 51], B [63, 62, 61, 60, 52, 53, 54, 55, 47, 46, 45, 37, 29, 30, 31, 23, 15, 7, 6], f=53, g=37
[00:00:01:34:681] Expansion 90,000: F [0, 1, 9, 8, 16, 24, 32, 33, 25, 26, 18, 10, 11, 19, 27, 28, 36, 35, 43, 51], B [63, 62, 54, 55, 47, 46, 38, 30, 31, 23, 15, 7, 6, 5, 4, 12, 13, 21, 29], f=53, g=37
[00:00:01:41:621] Expansion 100,000: F [0, 1, 9, 8, 16, 24, 32, 40, 48, 56, 57, 58, 50, 49, 41, 33, 25, 26, 27], B [63, 55, 47, 46, 45, 53, 54, 62, 61, 60, 59, 51, 43, 35, 36, 28, 20, 21, 29], f=53, g=36
[00:00:01:41:621] Expansions: 100,000. Checks - state_vs_state: 542, prefix: 182,130
[00:00:01:41:621] Expansions: 100,000. Checks - state_vs_state: 542, prefix: 182,131
[00:00:01:41:621] Expansions: 100,000. Checks - state_vs_state: 542, prefix: 182,132
[00:00:01:49:225] Expansion 110,000: F [0, 1, 2, 10, 9, 8, 16, 24, 25, 26, 27, 19, 11, 12, 4, 5], B [63, 62, 54, 55, 47, 46, 45, 53, 61, 60, 52, 51, 59, 58, 57], f=53, g=29
[00:00:01:56:635] Expansion 120,000: F [0, 1, 2, 10, 9, 8, 16, 24, 32, 33, 34, 26, 18, 19, 20, 21, 13, 12, 4, 5, 6], B [63, 62, 54, 55, 47, 46, 38, 37, 45, 53, 61, 60, 59, 58, 57, 56, 48, 40, 41, 49], f=53, g=39
[00:00:02:03:839] Expansion 130,000: F [0, 1, 9, 8, 16, 24, 32, 40, 41, 49, 48, 56, 57, 58, 59, 60, 52, 51, 43, 35, 34], B [63, 55, 54, 62, 61, 53, 45, 46, 38, 37, 36, 28, 27, 19, 20, 21, 29, 30, 31, 23, 15], f=53, g=40
[00:00:02:13:767] Expansion 140,000: F [0, 1, 9, 8, 16, 24, 25, 26, 18, 10, 11, 19, 20, 21, 13, 12, 4, 5, 6], B [63, 55, 47, 46, 54, 62, 61, 53, 52, 60, 59, 51, 50, 58, 57, 56, 48, 49, 41], f=53, g=36
[00:00:02:22:257] Expansion 150,000: F [0, 8, 9, 1, 2, 10, 18, 26, 27, 19, 11, 12, 20], B [63, 55, 47, 46, 54, 62, 61, 53, 52, 60, 59, 51], f=53, g=23
[00:00:02:30:707] Expansion 160,000: F [0, 8, 9, 1, 2, 10, 11, 12, 13, 5, 6, 7, 15, 23, 31, 30, 29, 21, 20], B [63, 55, 47, 46, 54, 62, 61, 53, 45, 37, 36, 28, 27, 35, 43, 51, 52, 60, 59], f=53, g=36
[00:00:02:38:896] Expansion 170,000: F [0, 8, 9, 1, 2, 10, 11, 12, 4, 5, 6, 7, 15, 23, 31], B [63, 62, 61, 60, 52, 51, 59, 58, 50, 49, 57, 56, 48, 40], f=53, g=27
[00:00:02:48:519] Expansion 180,000: F [0, 8, 9, 1, 2, 10, 11, 19, 18, 26, 25, 24, 32, 40, 48, 56, 57, 58, 50, 49, 41], B [63, 55, 54, 62, 61, 60, 59, 51, 52, 53, 45, 46, 38, 30, 31, 23, 15, 7, 6, 5], f=53, g=39
[00:00:02:58:562] Expansion 190,000: F [0, 1, 2, 10, 9, 8, 16, 24, 32, 40], B [63, 62, 54, 53, 52, 60, 59, 58, 50], f=53, g=17
[00:00:03:11:927] Path of length 52 found: [0, 8, 9, 1, 2, 10, 11, 19, 18, 26, 34, 33, 25, 24, 32, 40, 41, 49, 48, 56, 57, 58, 50, 51, 43, 35, 27, 28, 20, 21, 13, 12, 4, 5, 6, 7, 15, 23, 31, 30, 38, 37, 45, 53, 52, 60, 61, 62, 54, 46, 47, 55, 63]
[00:00:03:12:739] ! Bidirectional. expansions: 199,112, time: 191,927 [ms], path length: 52 [edges], g_F: 27, g_B: 25, generated: {'F': 183,126, 'B': 174,722}, MM: 2, MMPER: 2.7735849056603774%
[00:00:03:12:739] average expansions: (31,408, 31,830, 78,346, 0)
[00:00:03:12:739] average time: (40,697, 48,197, 82,679, 0)
[00:00:03:12:739] XA*: 31,408 , 40,697 (expansions , time[ms])
[00:00:03:12:739] BiXA*: 78,346 , 82,679 (expansions , time[ms])

