--------------------------
date: SM_Grids
number_of_graphs: 10
graph_type: grid
size_of_graphs: [7, 8]
heuristic: bcc_heuristic
snake: False
run_uni: True
run_bi: True
run_multi: False
solution_vertices: []
algorithms: ['A']
lookahead: -1
bsd: False
cube_first_dims: 4
cube_buffer_dim: None
backward_sym_generation: False
sym_coil: False
prefix_set: None

---------- SM_Grids/7x8_grid_with_random_blocks_16per_0 ----------
[00:00:00:00:908] Path of length 43 found: [0, 1, 2, 3, 4, 5, 13, 12, 20, 28, 29, 30, 22, 14, 15, 23, 31, 39, 47, 46, 45, 37, 36, 35, 27, 19, 18, 17, 25, 24, 32, 33, 41, 40, 48, 49, 50, 42, 43, 51, 52, 53, 54, 55]
[00:00:00:00:909] ! Unidirectional s-t. expansions: 858, time: 908 [ms], path length: 43 [edges], generated: 1,524
[00:00:00:05:907] Path of length 43 found: [55, 54, 53, 52, 51, 50, 49, 48, 40, 32, 24, 25, 33, 41, 42, 43, 35, 27, 26, 18, 19, 20, 28, 29, 37, 36, 44, 45, 46, 47, 39, 31, 30, 22, 23, 15, 14, 13, 5, 4, 3, 2, 1, 0]
[00:00:00:05:908] ! Unidirectional t-s. expansions: 5,105, time: 5,907 [ms], path length: 43 [edges], generated: 8,591
[00:00:00:01:706] Path of length 43 found: [0, 1, 2, 3, 4, 5, 13, 12, 20, 28, 29, 30, 22, 14, 15, 23, 31, 39, 47, 46, 45, 37, 36, 35, 27, 26, 18, 17, 25, 24, 32, 33, 41, 40, 48, 49, 50, 42, 43, 51, 52, 53, 54, 55]
[00:00:00:02:120] ! Bidirectional. expansions: 2,315, time: 1,706 [ms], path length: 43 [edges], g_F: 22, g_B: 21, generated: {'F': 2,080, 'B': 2,105}, MM: 1, MMPER: 1.272727272727273%
[00:00:00:02:120] 
---------- SM_Grids/7x8_grid_with_random_blocks_16per_1 ----------
[00:00:00:00:051] Path of length 39 found: [0, 1, 9, 8, 16, 17, 25, 26, 18, 10, 11, 19, 27, 35, 34, 42, 43, 51, 52, 44, 36, 28, 20, 12, 13, 14, 22, 21, 29, 37, 45, 53, 54, 46, 38, 30, 31, 39, 47, 55]
[00:00:00:00:051] ! Unidirectional s-t. expansions: 40, time: 51 [ms], path length: 39 [edges], generated: 69
[00:00:00:00:050] Path of length 39 found: [55, 47, 39, 31, 30, 22, 14, 13, 12, 11, 10, 18, 19, 27, 35, 36, 28, 20, 21, 29, 37, 38, 46, 54, 53, 45, 44, 52, 51, 43, 42, 34, 26, 25, 17, 16, 8, 9, 1, 0]
[00:00:00:00:051] ! Unidirectional t-s. expansions: 40, time: 51 [ms], path length: 39 [edges], generated: 69
[00:00:00:00:038] Path of length 39 found: [0, 1, 9, 8, 16, 17, 25, 26, 18, 10, 11, 19, 27, 35, 34, 42, 43, 51, 52, 53, 54, 46, 38, 37, 45, 44, 36, 28, 29, 21, 20, 12, 13, 14, 22, 30, 31, 39, 47, 55]
[00:00:00:00:411] ! Bidirectional. expansions: 39, time: 38 [ms], path length: 39 [edges], g_F: 20, g_B: 19, generated: {'F': 35, 'B': 39}, MM: 1, MMPER: 1.5%
[00:00:00:00:411] 
---------- SM_Grids/7x8_grid_with_random_blocks_16per_2 ----------
[00:00:00:01:168] Path of length 43 found: [0, 1, 9, 8, 16, 24, 25, 17, 18, 26, 34, 33, 41, 40, 48, 49, 50, 51, 52, 44, 43, 35, 27, 28, 20, 12, 11, 3, 4, 5, 13, 14, 6, 7, 15, 23, 22, 21, 29, 37, 38, 39, 47, 55]
[00:00:00:01:169] ! Unidirectional s-t. expansions: 700, time: 1,169 [ms], path length: 43 [edges], generated: 1,191
[00:00:00:00:297] Path of length 43 found: [55, 47, 39, 38, 37, 29, 28, 20, 21, 22, 23, 15, 7, 6, 14, 13, 5, 4, 12, 11, 3, 2, 1, 9, 17, 18, 26, 27, 35, 43, 44, 52, 51, 50, 49, 48, 40, 41, 33, 25, 24, 16, 8, 0]
[00:00:00:00:297] ! Unidirectional t-s. expansions: 238, time: 297 [ms], path length: 43 [edges], generated: 419
[00:00:00:00:791] Path of length 43 found: [0, 8, 16, 24, 32, 33, 41, 40, 48, 49, 50, 51, 52, 44, 43, 35, 27, 26, 18, 17, 9, 1, 2, 3, 11, 12, 4, 5, 6, 7, 15, 23, 22, 14, 13, 21, 20, 28, 29, 37, 38, 39, 47, 55]
[00:00:00:01:163] ! Bidirectional. expansions: 862, time: 791 [ms], path length: 43 [edges], g_F: 22, g_B: 21, generated: {'F': 703, 'B': 778}, MM: 1, MMPER: 1.272727272727273%
[00:00:00:01:163] 
---------- SM_Grids/7x8_grid_with_random_blocks_16per_3 ----------
[00:00:00:03:843] Path of length 43 found: [0, 1, 2, 3, 4, 12, 11, 19, 18, 10, 9, 17, 16, 24, 32, 33, 34, 42, 41, 40, 48, 49, 50, 51, 43, 44, 52, 53, 45, 46, 38, 30, 29, 28, 20, 21, 13, 14, 22, 23, 31, 39, 47, 55]
[00:00:00:03:844] ! Unidirectional s-t. expansions: 2,972, time: 3,843 [ms], path length: 43 [edges], generated: 5,207
[00:00:00:04:493] Path of length 43 found: [55, 47, 46, 38, 39, 31, 30, 29, 21, 22, 23, 15, 14, 13, 12, 4, 3, 11, 19, 27, 28, 36, 44, 45, 53, 52, 51, 43, 42, 34, 33, 41, 49, 48, 40, 32, 24, 16, 17, 18, 10, 2, 1, 0]
[00:00:00:04:494] ! Unidirectional t-s. expansions: 3,810, time: 4,493 [ms], path length: 43 [edges], generated: 6,659
[00:00:00:07:759] Expansion 10,000: F [0, 1, 9, 10, 2, 3, 11, 12, 13, 21, 22, 14, 15], B [55, 47, 46, 45, 53, 52, 44, 43, 51, 50, 49, 48, 40], f=44, g=24
[00:00:00:09:401] Path of length 43 found: [0, 1, 9, 17, 16, 24, 32, 40, 48, 49, 41, 33, 34, 42, 50, 51, 52, 53, 45, 44, 36, 28, 27, 19, 18, 10, 2, 3, 4, 12, 13, 21, 29, 30, 22, 14, 15, 23, 31, 39, 38, 46, 47, 55]
[00:00:00:09:788] ! Bidirectional. expansions: 11,802, time: 9,401 [ms], path length: 43 [edges], g_F: 22, g_B: 21, generated: {'F': 10,428, 'B': 11,544}, MM: 1, MMPER: 1.272727272727273%
[00:00:00:09:788] 
---------- SM_Grids/7x8_grid_with_random_blocks_16per_4 ----------
[00:00:00:00:051] Path of length 47 found: [0, 8, 16, 24, 32, 40, 48, 49, 41, 33, 25, 17, 9, 1, 2, 3, 11, 19, 18, 26, 34, 42, 50, 51, 43, 35, 36, 28, 20, 12, 13, 5, 6, 14, 22, 30, 31, 39, 38, 37, 45, 44, 52, 53, 54, 46, 47, 55]
[00:00:00:00:051] ! Unidirectional s-t. expansions: 48, time: 51 [ms], path length: 47 [edges], generated: 73
[00:00:00:00:051] Path of length 47 found: [55, 47, 39, 31, 30, 22, 14, 6, 5, 13, 12, 11, 3, 2, 1, 9, 17, 25, 33, 41, 42, 34, 26, 18, 19, 20, 28, 36, 35, 43, 44, 45, 37, 38, 46, 54, 53, 52, 51, 50, 49, 48, 40, 32, 24, 16, 8, 0]
[00:00:00:00:051] ! Unidirectional t-s. expansions: 48, time: 51 [ms], path length: 47 [edges], generated: 73
[00:00:00:00:042] Path of length 47 found: [0, 8, 16, 24, 32, 40, 48, 49, 41, 33, 25, 17, 9, 1, 2, 3, 11, 19, 18, 26, 34, 42, 50, 51, 52, 53, 54, 46, 38, 37, 45, 44, 43, 35, 36, 28, 20, 12, 13, 5, 6, 14, 22, 30, 31, 39, 47, 55]
[00:00:00:00:413] ! Bidirectional. expansions: 48, time: 42 [ms], path length: 47 [edges], g_F: 24, g_B: 23, generated: {'F': 40, 'B': 38}, MM: 1, MMPER: 1.0833333333333335%
[00:00:00:00:413] 
---------- SM_Grids/7x8_grid_with_random_blocks_16per_5 ----------
[00:00:00:02:672] Path of length 45 found: [0, 1, 2, 3, 4, 12, 20, 19, 11, 10, 9, 8, 16, 17, 18, 26, 34, 33, 32, 40, 41, 49, 50, 42, 43, 35, 27, 28, 29, 21, 13, 5, 6, 14, 15, 23, 31, 30, 38, 37, 45, 44, 52, 53, 54, 55]
[00:00:00:02:673] ! Unidirectional s-t. expansions: 1,996, time: 2,672 [ms], path length: 45 [edges], generated: 3,442
[00:00:00:00:709] Path of length 45 found: [55, 54, 53, 52, 44, 45, 37, 29, 30, 38, 39, 31, 23, 15, 7, 6, 14, 13, 5, 4, 12, 20, 28, 27, 35, 43, 42, 50, 49, 41, 40, 32, 33, 34, 26, 18, 19, 11, 3, 2, 10, 9, 17, 16, 8, 0]
[00:00:00:00:709] ! Unidirectional t-s. expansions: 622, time: 709 [ms], path length: 45 [edges], generated: 1,119
[00:00:00:02:015] Path of length 45 found: [0, 8, 16, 17, 9, 1, 2, 10, 18, 26, 34, 33, 32, 40, 41, 49, 50, 42, 43, 35, 27, 28, 20, 19, 11, 3, 4, 5, 13, 14, 6, 7, 15, 23, 31, 39, 38, 30, 29, 37, 45, 44, 52, 53, 54, 55]
[00:00:00:02:394] ! Bidirectional. expansions: 2,320, time: 2,015 [ms], path length: 45 [edges], g_F: 23, g_B: 22, generated: {'F': 1,969, 'B': 2,004}, MM: 1, MMPER: 1.1739130434782608%
[00:00:00:02:394] 
---------- SM_Grids/7x8_grid_with_random_blocks_16per_6 ----------
[00:00:00:00:052] Path of length 45 found: [0, 1, 9, 17, 16, 24, 32, 33, 25, 26, 34, 35, 27, 19, 18, 10, 2, 3, 11, 12, 4, 5, 13, 14, 6, 7, 15, 23, 31, 30, 29, 21, 20, 28, 36, 44, 43, 51, 52, 53, 45, 37, 38, 46, 54, 55]
[00:00:00:00:052] ! Unidirectional s-t. expansions: 46, time: 52 [ms], path length: 45 [edges], generated: 75
[00:00:00:00:075] Path of length 45 found: [55, 54, 46, 38, 30, 31, 23, 15, 7, 6, 14, 13, 5, 4, 3, 2, 10, 18, 19, 11, 12, 20, 21, 29, 37, 45, 53, 52, 51, 43, 44, 36, 28, 27, 35, 34, 26, 25, 33, 32, 24, 16, 17, 9, 1, 0]
[00:00:00:00:075] ! Unidirectional t-s. expansions: 67, time: 75 [ms], path length: 45 [edges], generated: 114
[00:00:00:00:040] Path of length 45 found: [0, 1, 9, 17, 16, 24, 32, 33, 25, 26, 34, 35, 27, 28, 36, 44, 43, 51, 52, 53, 45, 37, 29, 21, 20, 12, 11, 19, 18, 10, 2, 3, 4, 5, 13, 14, 6, 7, 15, 23, 31, 30, 38, 46, 54, 55]
[00:00:00:00:414] ! Bidirectional. expansions: 45, time: 40 [ms], path length: 45 [edges], g_F: 23, g_B: 22, generated: {'F': 43, 'B': 40}, MM: 1, MMPER: 1.1739130434782608%
[00:00:00:00:415] 
---------- SM_Grids/7x8_grid_with_random_blocks_16per_7 ----------
[00:00:00:00:046] Path of length 47 found: [0, 1, 9, 8, 16, 17, 25, 24, 32, 40, 48, 49, 41, 33, 34, 42, 50, 51, 43, 44, 52, 53, 45, 37, 36, 28, 27, 19, 11, 3, 4, 12, 20, 21, 13, 14, 6, 7, 15, 23, 22, 30, 38, 39, 47, 46, 54, 55]
[00:00:00:00:047] ! Unidirectional s-t. expansions: 48, time: 47 [ms], path length: 47 [edges], generated: 71
[00:00:00:00:048] Path of length 47 found: [55, 47, 39, 38, 30, 22, 23, 15, 7, 6, 14, 13, 21, 20, 12, 4, 3, 11, 19, 27, 28, 36, 37, 45, 46, 54, 53, 52, 44, 43, 51, 50, 42, 34, 33, 41, 49, 48, 40, 32, 24, 25, 17, 16, 8, 9, 1, 0]
[00:00:00:00:048] ! Unidirectional t-s. expansions: 48, time: 48 [ms], path length: 47 [edges], generated: 71
[00:00:00:00:038] Path of length 47 found: [0, 1, 9, 8, 16, 17, 25, 24, 32, 40, 48, 49, 41, 33, 34, 42, 50, 51, 43, 44, 52, 53, 54, 46, 45, 37, 36, 28, 27, 19, 11, 3, 4, 12, 20, 21, 13, 14, 6, 7, 15, 23, 22, 30, 38, 39, 47, 55]
[00:00:00:00:410] ! Bidirectional. expansions: 47, time: 38 [ms], path length: 47 [edges], g_F: 24, g_B: 23, generated: {'F': 37, 'B': 35}, MM: 1, MMPER: 1.0833333333333335%
[00:00:00:00:410] 
---------- SM_Grids/7x8_grid_with_random_blocks_16per_8 ----------
[00:00:00:03:135] Path of length 43 found: [0, 8, 16, 17, 9, 10, 2, 3, 4, 5, 6, 7, 15, 23, 31, 39, 47, 46, 38, 30, 29, 21, 13, 12, 20, 19, 18, 26, 25, 33, 32, 40, 41, 42, 50, 51, 43, 35, 36, 44, 45, 53, 54, 55]
[00:00:00:03:136] ! Unidirectional s-t. expansions: 2,813, time: 3,135 [ms], path length: 43 [edges], generated: 4,925
[00:00:00:05:461] Path of length 43 found: [55, 54, 53, 45, 46, 47, 39, 38, 30, 31, 23, 15, 7, 6, 5, 13, 12, 4, 3, 2, 10, 18, 19, 20, 21, 29, 28, 36, 44, 43, 51, 50, 42, 41, 40, 32, 33, 34, 26, 25, 17, 9, 8, 0]
[00:00:00:05:462] ! Unidirectional t-s. expansions: 4,723, time: 5,461 [ms], path length: 43 [edges], generated: 7,821
[00:00:00:05:658] Path of length 43 found: [0, 8, 16, 17, 9, 10, 2, 3, 4, 12, 13, 5, 6, 7, 15, 23, 31, 39, 47, 46, 38, 30, 29, 28, 20, 19, 18, 26, 25, 33, 32, 40, 41, 42, 50, 51, 43, 35, 36, 44, 45, 53, 54, 55]
[00:00:00:06:102] ! Bidirectional. expansions: 7,444, time: 5,658 [ms], path length: 43 [edges], g_F: 22, g_B: 21, generated: {'F': 6,483, 'B': 6,567}, MM: 1, MMPER: 1.272727272727273%
[00:00:00:06:102] 
---------- SM_Grids/7x8_grid_with_random_blocks_16per_9 ----------
[00:00:00:00:286] Path of length 45 found: [0, 8, 16, 24, 25, 26, 34, 35, 43, 42, 41, 49, 50, 51, 52, 44, 45, 37, 38, 30, 22, 14, 13, 12, 20, 28, 27, 19, 18, 17, 9, 1, 2, 3, 4, 5, 6, 7, 15, 23, 31, 39, 47, 46, 54, 55]
[00:00:00:00:287] ! Unidirectional s-t. expansions: 219, time: 286 [ms], path length: 45 [edges], generated: 362
[00:00:00:00:403] Path of length 45 found: [55, 54, 46, 47, 39, 38, 37, 45, 44, 52, 51, 50, 49, 41, 42, 43, 35, 34, 26, 25, 24, 16, 17, 18, 19, 27, 28, 20, 12, 13, 14, 22, 30, 31, 23, 15, 7, 6, 5, 4, 3, 2, 10, 9, 1, 0]
[00:00:00:00:404] ! Unidirectional t-s. expansions: 379, time: 404 [ms], path length: 45 [edges], generated: 596
[00:00:00:00:394] Path of length 45 found: [0, 8, 16, 24, 25, 17, 18, 10, 9, 1, 2, 3, 4, 5, 6, 7, 15, 23, 22, 14, 13, 12, 20, 19, 27, 26, 34, 35, 43, 42, 41, 49, 50, 51, 52, 44, 45, 37, 38, 30, 31, 39, 47, 46, 54, 55]
[00:00:00:00:761] ! Bidirectional. expansions: 510, time: 394 [ms], path length: 45 [edges], g_F: 23, g_B: 22, generated: {'F': 439, 'B': 399}, MM: 1, MMPER: 1.1739130434782608%
[00:00:00:00:762] average expansions: (974, 1,508, 2,543, 0)
[00:00:00:00:762] average time: (1,221, 1,750, 2,012, 0)
[00:00:00:00:762] XA*: 974 , 1,221 (expansions , time[ms])
[00:00:00:00:762] BiXA*: 2,543 , 2,012 (expansions , time[ms])

