--------------------------
date: SM_Grids
number_of_graphs: 10
graph_type: grid
size_of_graphs: [8, 8]
heuristic: bcc_heuristic
snake: False
run_uni: True
run_bi: True
run_multi: False
solution_vertices: []
algorithms: ['A']
lookahead: -1
bsd: False
cube_first_dims: 4
cube_buffer_dim: None
backward_sym_generation: False
sym_coil: False
prefix_set: None

---------- SM_Grids/8x8_grid_with_random_blocks_16per_0 ----------
[00:00:00:00:631] Path of length 44 found: [0, 1, 9, 10, 2, 3, 11, 19, 18, 26, 34, 42, 41, 33, 25, 24, 32, 40, 48, 49, 50, 51, 43, 44, 36, 37, 29, 28, 20, 12, 13, 5, 6, 7, 15, 14, 22, 23, 31, 30, 38, 46, 47, 55, 63]
[00:00:00:00:631] ! Unidirectional s-t. expansions: 588, time: 631 [ms], path length: 44 [edges], generated: 1,011
[00:00:00:00:413] Path of length 44 found: [63, 55, 47, 46, 38, 39, 31, 30, 22, 23, 15, 7, 6, 5, 13, 12, 20, 28, 29, 37, 36, 44, 43, 35, 34, 33, 41, 42, 50, 49, 48, 40, 32, 24, 25, 26, 18, 19, 11, 3, 2, 10, 9, 1, 0]
[00:00:00:00:413] ! Unidirectional t-s. expansions: 241, time: 413 [ms], path length: 44 [edges], generated: 422
[00:00:00:00:798] Path of length 44 found: [0, 1, 9, 10, 2, 3, 11, 19, 18, 26, 25, 24, 32, 40, 48, 49, 41, 33, 34, 42, 50, 51, 43, 35, 36, 37, 29, 28, 20, 12, 13, 5, 6, 7, 15, 23, 22, 30, 31, 39, 38, 46, 47, 55, 63]
[00:00:00:01:264] ! Bidirectional. expansions: 1,373, time: 798 [ms], path length: 44 [edges], g_F: 23, g_B: 21, generated: {'F': 1,271, 'B': 1,133}, MM: 2, MMPER: 3.4444444444444446%
[00:00:00:01:264] 
---------- SM_Grids/8x8_grid_with_random_blocks_16per_1 ----------
[00:00:00:00:071] Path of length 44 found: [0, 8, 9, 10, 2, 3, 4, 12, 11, 19, 18, 26, 25, 24, 32, 33, 41, 42, 34, 35, 43, 44, 36, 28, 20, 21, 29, 30, 22, 14, 15, 23, 31, 39, 38, 46, 47, 55, 54, 53, 52, 60, 61, 62, 63]
[00:00:00:00:071] ! Unidirectional s-t. expansions: 51, time: 71 [ms], path length: 44 [edges], generated: 85
[00:00:00:02:803] Path of length 44 found: [63, 62, 61, 60, 52, 53, 54, 55, 47, 46, 38, 39, 31, 23, 15, 14, 22, 30, 29, 21, 20, 12, 4, 3, 2, 10, 11, 19, 18, 26, 27, 28, 36, 44, 43, 35, 34, 42, 41, 33, 25, 24, 16, 8, 0]
[00:00:00:02:805] ! Unidirectional t-s. expansions: 1,697, time: 2,803 [ms], path length: 44 [edges], generated: 3,188
[00:00:00:00:178] Path of length 44 found: [0, 8, 9, 10, 2, 3, 4, 12, 11, 19, 18, 26, 25, 24, 32, 33, 41, 42, 34, 35, 43, 44, 36, 28, 20, 21, 29, 30, 22, 14, 15, 23, 31, 39, 38, 46, 47, 55, 54, 53, 52, 60, 61, 62, 63]
[00:00:00:00:633] ! Bidirectional. expansions: 126, time: 178 [ms], path length: 44 [edges], g_F: 23, g_B: 21, generated: {'F': 115, 'B': 114}, MM: 2, MMPER: 3.4444444444444446%
[00:00:00:00:633] 
---------- SM_Grids/8x8_grid_with_random_blocks_16per_2 ----------
[00:00:00:05:802] Path of length 44 found: [0, 1, 2, 3, 11, 19, 20, 21, 29, 30, 38, 46, 47, 55, 54, 53, 45, 44, 36, 28, 27, 26, 18, 17, 16, 24, 32, 40, 48, 56, 57, 58, 50, 49, 41, 33, 34, 42, 43, 51, 59, 60, 61, 62, 63]
[00:00:00:05:803] ! Unidirectional s-t. expansions: 4,090, time: 5,802 [ms], path length: 44 [edges], generated: 7,383
[00:00:00:13:172] Path of length 44 found: [63, 62, 54, 55, 47, 46, 38, 30, 29, 21, 20, 28, 36, 44, 45, 53, 52, 60, 59, 58, 57, 56, 48, 49, 50, 51, 43, 42, 34, 33, 41, 40, 32, 24, 16, 17, 18, 26, 27, 19, 11, 3, 2, 1, 0]
[00:00:00:13:173] ! Unidirectional t-s. expansions: 9,625, time: 13,172 [ms], path length: 44 [edges], generated: 15,993
[00:00:00:05:284] Path of length 44 found: [0, 8, 16, 24, 32, 40, 48, 56, 57, 49, 41, 33, 34, 42, 43, 51, 50, 58, 59, 60, 61, 53, 45, 44, 36, 28, 27, 26, 18, 10, 2, 3, 11, 19, 20, 21, 29, 30, 38, 46, 47, 55, 54, 62, 63]
[00:00:00:05:722] ! Bidirectional. expansions: 4,232, time: 5,284 [ms], path length: 44 [edges], g_F: 23, g_B: 21, generated: {'F': 3,926, 'B': 3,975}, MM: 2, MMPER: 3.4444444444444446%
[00:00:00:05:722] 
---------- SM_Grids/8x8_grid_with_random_blocks_16per_3 ----------
[00:00:00:11:838] Expansion 10,000: state None, f=45, g=32
[00:00:00:19:805] Path of length 44 found: [0, 8, 16, 24, 25, 17, 18, 10, 11, 19, 27, 26, 34, 33, 41, 49, 50, 42, 43, 35, 36, 28, 29, 21, 20, 12, 13, 14, 15, 23, 31, 30, 38, 39, 47, 46, 45, 44, 52, 60, 61, 53, 54, 62, 63]
[00:00:00:19:807] ! Unidirectional s-t. expansions: 16,966, time: 19,805 [ms], path length: 44 [edges], generated: 30,143
[00:00:00:13:583] Expansion 10,000: state None, f=45, g=37
[00:00:00:24:408] Expansion 20,000: state None, f=45, g=37
[00:00:00:34:948] Expansion 30,000: state None, f=45, g=27
[00:00:00:42:656] Path of length 44 found: [63, 55, 47, 39, 31, 23, 15, 14, 13, 12, 11, 10, 18, 19, 27, 35, 34, 42, 43, 44, 36, 28, 20, 21, 29, 30, 38, 46, 45, 53, 54, 62, 61, 60, 52, 51, 50, 49, 41, 33, 25, 17, 16, 8, 0]
[00:00:00:42:658] ! Unidirectional t-s. expansions: 36,757, time: 42,657 [ms], path length: 44 [edges], generated: 62,846
[00:00:00:12:552] Expansion 10,000: F [0, 8, 16, 24, 25, 26, 27, 19, 18, 10, 11, 12, 13, 14, 15, 23, 31, 30, 29], B [63, 55, 47, 39, 38, 46, 54, 62, 61, 60, 52, 53, 45, 44, 43, 51, 50, 49, 41], f=45, g=36
[00:00:00:21:259] Expansion 20,000: F [0, 8, 16, 17, 25, 33, 34, 26, 27, 35], B [63, 62, 54, 55, 47, 39, 31, 23, 15, 14], f=45, g=18
[00:00:00:26:238] Path of length 44 found: [0, 8, 16, 24, 25, 17, 18, 10, 11, 12, 13, 14, 15, 23, 31, 30, 29, 21, 20, 19, 27, 28, 36, 35, 43, 42, 34, 33, 41, 49, 50, 51, 52, 60, 61, 62, 54, 53, 45, 46, 38, 39, 47, 55, 63]
[00:00:00:26:750] ! Bidirectional. expansions: 24,955, time: 26,239 [ms], path length: 44 [edges], g_F: 23, g_B: 21, generated: {'F': 25,097, 'B': 24,316}, MM: 2, MMPER: 3.4444444444444446%
[00:00:00:26:751] 
---------- SM_Grids/8x8_grid_with_random_blocks_16per_4 ----------
[00:00:00:01:430] Path of length 48 found: [0, 1, 9, 8, 16, 17, 18, 10, 11, 3, 4, 12, 13, 14, 22, 30, 38, 39, 47, 46, 45, 44, 36, 37, 29, 28, 27, 35, 34, 26, 25, 33, 32, 40, 48, 56, 57, 49, 41, 42, 50, 51, 52, 60, 61, 53, 54, 62, 63]
[00:00:00:01:433] ! Unidirectional s-t. expansions: 853, time: 1,430 [ms], path length: 48 [edges], generated: 1,430
[00:00:00:02:999] Path of length 48 found: [63, 55, 47, 39, 38, 37, 36, 44, 45, 46, 54, 62, 61, 60, 52, 51, 50, 42, 41, 49, 57, 56, 48, 40, 32, 33, 25, 26, 34, 35, 27, 28, 29, 30, 22, 14, 13, 12, 4, 3, 11, 10, 18, 17, 16, 8, 9, 1, 0]
[00:00:00:03:001] ! Unidirectional t-s. expansions: 1,765, time: 2,999 [ms], path length: 48 [edges], generated: 3,155
[00:00:00:02:224] Path of length 48 found: [0, 1, 9, 8, 16, 17, 25, 26, 18, 10, 11, 3, 4, 12, 13, 14, 22, 30, 29, 37, 38, 39, 47, 55, 54, 53, 45, 44, 36, 28, 27, 35, 34, 33, 32, 40, 48, 56, 57, 49, 41, 42, 50, 51, 52, 60, 61, 62, 63]
[00:00:00:02:671] ! Bidirectional. expansions: 1,806, time: 2,224 [ms], path length: 48 [edges], g_F: 25, g_B: 23, generated: {'F': 1,506, 'B': 1,662}, MM: 2, MMPER: 3.0816326530612246%
[00:00:00:02:671] 
---------- SM_Grids/8x8_grid_with_random_blocks_16per_5 ----------
[00:00:00:02:677] Path of length 50 found: [0, 8, 16, 24, 32, 33, 34, 26, 25, 17, 9, 1, 2, 10, 11, 19, 20, 12, 4, 5, 6, 14, 15, 23, 31, 39, 38, 30, 29, 28, 36, 35, 43, 44, 52, 51, 50, 49, 48, 56, 57, 58, 59, 60, 61, 53, 45, 46, 54, 55, 63]
[00:00:00:02:678] ! Unidirectional s-t. expansions: 2,024, time: 2,677 [ms], path length: 50 [edges], generated: 3,392
[00:00:00:02:214] Path of length 50 found: [63, 55, 47, 46, 54, 53, 61, 60, 59, 58, 57, 56, 48, 49, 50, 51, 52, 44, 43, 35, 36, 28, 29, 30, 38, 39, 31, 23, 15, 14, 6, 5, 4, 12, 20, 19, 11, 3, 2, 10, 9, 17, 25, 26, 34, 33, 32, 24, 16, 8, 0]
[00:00:00:02:215] ! Unidirectional t-s. expansions: 1,387, time: 2,214 [ms], path length: 50 [edges], generated: 2,355
[00:00:00:04:067] Path of length 50 found: [0, 8, 16, 24, 32, 33, 34, 26, 25, 17, 9, 1, 2, 10, 11, 19, 20, 12, 4, 5, 6, 14, 15, 23, 22, 30, 29, 28, 36, 35, 43, 51, 50, 49, 48, 56, 57, 58, 59, 60, 52, 44, 45, 53, 54, 46, 38, 39, 47, 55, 63]
[00:00:00:04:490] ! Bidirectional. expansions: 3,792, time: 4,067 [ms], path length: 50 [edges], g_F: 26, g_B: 24, generated: {'F': 3,210, 'B': 3,218}, MM: 2, MMPER: 2.9215686274509802%
[00:00:00:04:490] 
---------- SM_Grids/8x8_grid_with_random_blocks_16per_6 ----------
[00:00:00:00:277] Path of length 48 found: [0, 1, 9, 8, 16, 17, 25, 24, 32, 33, 41, 40, 48, 49, 50, 42, 34, 35, 27, 26, 18, 10, 11, 19, 20, 21, 22, 14, 13, 5, 6, 7, 15, 23, 31, 30, 29, 37, 36, 44, 52, 53, 45, 46, 47, 55, 54, 62, 63]
[00:00:00:00:277] ! Unidirectional s-t. expansions: 225, time: 277 [ms], path length: 48 [edges], generated: 376
[00:00:00:00:108] Path of length 48 found: [63, 62, 54, 55, 47, 46, 38, 30, 31, 23, 22, 14, 15, 7, 6, 5, 13, 21, 29, 37, 45, 53, 52, 44, 36, 35, 27, 19, 11, 10, 18, 17, 25, 26, 34, 33, 41, 42, 50, 49, 48, 40, 32, 24, 16, 8, 9, 1, 0]
[00:00:00:00:109] ! Unidirectional t-s. expansions: 67, time: 108 [ms], path length: 48 [edges], generated: 112
[00:00:00:00:277] Path of length 48 found: [0, 1, 9, 8, 16, 24, 32, 40, 48, 49, 50, 42, 41, 33, 25, 17, 18, 10, 11, 19, 27, 26, 34, 35, 36, 44, 52, 53, 45, 37, 29, 21, 22, 14, 13, 5, 6, 7, 15, 23, 31, 30, 38, 46, 47, 55, 54, 62, 63]
[00:00:00:00:786] ! Bidirectional. expansions: 300, time: 277 [ms], path length: 48 [edges], g_F: 25, g_B: 23, generated: {'F': 269, 'B': 248}, MM: 2, MMPER: 3.0816326530612246%
[00:00:00:00:787] 
---------- SM_Grids/8x8_grid_with_random_blocks_16per_7 ----------
[00:00:00:13:400] Expansion 10,000: state None, f=49, g=36
[00:00:00:23:550] Path of length 48 found: [0, 8, 9, 10, 2, 3, 11, 19, 18, 17, 16, 24, 32, 40, 48, 56, 57, 58, 59, 60, 61, 53, 45, 44, 43, 51, 50, 49, 41, 33, 34, 35, 27, 28, 20, 21, 13, 14, 6, 7, 15, 23, 31, 30, 38, 46, 54, 55, 63]
[00:00:00:23:551] ! Unidirectional s-t. expansions: 19,624, time: 23,550 [ms], path length: 48 [edges], generated: 33,282
[00:00:00:13:283] Expansion 10,000: state None, f=49, g=34
[00:00:00:17:663] Path of length 48 found: [63, 55, 54, 46, 38, 30, 31, 23, 15, 7, 6, 14, 13, 21, 20, 12, 11, 3, 2, 10, 9, 17, 18, 19, 27, 26, 34, 35, 43, 44, 45, 53, 61, 60, 59, 51, 50, 58, 57, 56, 48, 49, 41, 33, 32, 24, 16, 8, 0]
[00:00:00:17:665] ! Unidirectional t-s. expansions: 13,538, time: 17,663 [ms], path length: 48 [edges], generated: 23,829
[00:00:00:10:046] Expansion 10,000: F [0, 8, 9, 10, 11, 19, 18, 17, 16, 24, 32, 40, 41], B [63, 55, 54, 53, 61, 60, 59, 51, 43, 44, 45, 46, 38], f=50, g=24
[00:00:00:15:902] Expansion 20,000: F [0, 8, 16, 24, 32, 40, 48, 56, 57, 58, 50, 49, 41, 33, 34, 35, 27, 26, 18, 17, 9], B [63, 55, 54, 53, 61, 60, 59, 51, 43, 44, 45, 46, 38, 39, 31, 23, 15, 7, 6, 14, 13], f=49, g=40
[00:00:00:22:339] Expansion 30,000: F [0, 8, 16, 17, 9, 10, 2, 3, 11, 19, 18, 26, 34, 33, 32], B [63, 55, 54, 46, 38, 30, 31, 23, 15, 7, 6, 14, 13, 12, 20], f=49, g=28
[00:00:00:26:677] Path of length 48 found: [0, 8, 16, 17, 9, 10, 2, 3, 11, 19, 18, 26, 27, 28, 20, 12, 13, 14, 6, 7, 15, 23, 31, 30, 38, 37, 45, 44, 43, 42, 34, 33, 32, 40, 41, 49, 48, 56, 57, 58, 50, 51, 59, 60, 61, 53, 54, 55, 63]
[00:00:00:27:536] ! Bidirectional. expansions: 34,259, time: 26,677 [ms], path length: 48 [edges], g_F: 25, g_B: 23, generated: {'F': 30,223, 'B': 31,607}, MM: 2, MMPER: 3.0816326530612246%
[00:00:00:27:536] 
---------- SM_Grids/8x8_grid_with_random_blocks_16per_8 ----------
[00:00:00:04:535] Path of length 50 found: [0, 8, 16, 17, 18, 19, 20, 12, 11, 10, 9, 1, 2, 3, 4, 5, 6, 7, 15, 23, 22, 14, 13, 21, 29, 28, 36, 35, 34, 33, 32, 40, 48, 56, 57, 49, 41, 42, 50, 51, 59, 60, 61, 53, 45, 37, 38, 46, 54, 62, 63]
[00:00:00:04:536] ! Unidirectional s-t. expansions: 3,379, time: 4,535 [ms], path length: 50 [edges], generated: 5,580
[00:00:00:00:336] Path of length 50 found: [63, 62, 54, 46, 38, 37, 45, 53, 61, 60, 59, 51, 50, 49, 57, 56, 48, 40, 32, 33, 41, 42, 43, 35, 34, 26, 18, 19, 20, 28, 29, 21, 22, 23, 15, 7, 6, 14, 13, 5, 4, 12, 11, 3, 2, 10, 9, 17, 16, 8, 0]
[00:00:00:00:337] ! Unidirectional t-s. expansions: 311, time: 337 [ms], path length: 50 [edges], generated: 534
[00:00:00:02:249] Path of length 50 found: [0, 8, 16, 17, 9, 1, 2, 3, 4, 5, 13, 14, 6, 7, 15, 23, 22, 21, 29, 37, 36, 28, 20, 12, 11, 10, 18, 26, 34, 35, 43, 42, 41, 33, 32, 40, 48, 56, 57, 49, 50, 51, 59, 60, 61, 53, 45, 46, 54, 62, 63]
[00:00:00:03:244] ! Bidirectional. expansions: 2,759, time: 2,249 [ms], path length: 50 [edges], g_F: 26, g_B: 24, generated: {'F': 2,523, 'B': 2,301}, MM: 2, MMPER: 2.9215686274509802%
[00:00:00:03:244] 
---------- SM_Grids/8x8_grid_with_random_blocks_16per_9 ----------
[00:00:00:00:915] Path of length 46 found: [0, 1, 2, 3, 11, 12, 4, 5, 6, 7, 15, 14, 13, 21, 20, 28, 27, 26, 18, 17, 9, 8, 16, 24, 32, 33, 41, 42, 50, 58, 59, 51, 43, 44, 36, 37, 38, 30, 31, 39, 47, 55, 54, 53, 61, 62, 63]
[00:00:00:00:915] ! Unidirectional s-t. expansions: 656, time: 915 [ms], path length: 46 [edges], generated: 1,121
[00:00:00:00:611] Path of length 46 found: [63, 62, 54, 55, 47, 39, 31, 30, 38, 37, 45, 53, 52, 51, 59, 58, 50, 42, 43, 44, 36, 28, 20, 21, 13, 14, 15, 7, 6, 5, 4, 12, 11, 3, 2, 1, 9, 17, 18, 26, 34, 33, 25, 24, 16, 8, 0]
[00:00:00:00:611] ! Unidirectional t-s. expansions: 320, time: 611 [ms], path length: 46 [edges], generated: 641
[00:00:00:01:238] Path of length 46 found: [0, 8, 9, 1, 2, 3, 11, 12, 4, 5, 6, 7, 15, 14, 13, 21, 20, 28, 27, 26, 18, 17, 16, 24, 25, 33, 34, 42, 50, 58, 59, 51, 52, 44, 45, 37, 38, 30, 31, 39, 47, 55, 54, 53, 61, 62, 63]
[00:00:00:01:675] ! Bidirectional. expansions: 1,391, time: 1,238 [ms], path length: 46 [edges], g_F: 24, g_B: 22, generated: {'F': 1,078, 'B': 1,294}, MM: 2, MMPER: 3.25531914893617%
[00:00:00:01:675] average expansions: (4,846, 6,571, 7,499, 0)
[00:00:00:01:675] average time: (5,969, 8,298, 6,923, 0)
[00:00:00:01:676] XA*: 4,846 , 5,969 (expansions , time[ms])
[00:00:00:01:676] BiXA*: 7,499 , 6,923 (expansions , time[ms])

