--------------------------
date: SM_Grids
number_of_graphs: 10
graph_type: grid
size_of_graphs: [8, 8]
heuristic: bcc_heuristic
snake: False
run_uni: True
run_bi: True
run_multi: False
solution_vertices: []
algorithms: ['A']
lookahead: -1
bsd: False
cube_first_dims: 4
cube_buffer_dim: None
backward_sym_generation: False
sym_coil: False
prefix_set: None

---------- SM_Grids/8x8_grid_with_random_blocks_20per_0 ----------
[00:00:00:02:084] Path of length 44 found: [0, 1, 9, 10, 2, 3, 4, 5, 6, 7, 15, 23, 31, 39, 38, 30, 29, 21, 22, 14, 13, 12, 20, 28, 36, 35, 34, 26, 25, 17, 16, 24, 32, 40, 48, 49, 41, 42, 43, 44, 52, 53, 61, 62, 63]
[00:00:00:02:085] ! Unidirectional s-t. expansions: 1,596, time: 2,085 [ms], path length: 44 [edges], generated: 2,553
[00:00:00:00:506] Path of length 44 found: [63, 62, 61, 53, 52, 44, 43, 42, 50, 49, 41, 40, 32, 24, 16, 17, 25, 26, 34, 35, 36, 37, 38, 39, 31, 30, 29, 28, 20, 21, 22, 23, 15, 7, 6, 14, 13, 5, 4, 3, 2, 10, 9, 1, 0]
[00:00:00:00:506] ! Unidirectional t-s. expansions: 511, time: 506 [ms], path length: 44 [edges], generated: 894
[00:00:00:00:524] Path of length 44 found: [0, 1, 9, 10, 2, 3, 4, 12, 20, 21, 13, 5, 6, 7, 15, 14, 22, 23, 31, 39, 38, 30, 29, 28, 36, 35, 34, 26, 25, 17, 16, 24, 32, 40, 41, 49, 50, 42, 43, 44, 52, 53, 61, 62, 63]
[00:00:00:01:637] ! Bidirectional. expansions: 862, time: 524 [ms], path length: 44 [edges], g_F: 23, g_B: 21, generated: {'F': 769, 'B': 623}, MM: 2, MMPER: 3.4444444444444446%
[00:00:00:01:637] 
---------- SM_Grids/8x8_grid_with_random_blocks_20per_1 ----------
[00:00:00:12:649] Path of length 38 found: [0, 8, 16, 24, 25, 33, 34, 42, 41, 40, 48, 56, 57, 49, 50, 51, 43, 35, 27, 26, 18, 17, 9, 1, 2, 10, 11, 19, 20, 28, 29, 30, 31, 39, 47, 46, 54, 62, 63]
[00:00:00:12:652] ! Unidirectional s-t. expansions: 7,742, time: 12,649 [ms], path length: 38 [edges], generated: 13,505
[00:00:00:06:092] Path of length 38 found: [63, 62, 54, 55, 47, 39, 31, 30, 29, 21, 20, 28, 27, 35, 43, 51, 50, 49, 57, 56, 48, 40, 41, 42, 34, 33, 25, 24, 16, 17, 18, 19, 11, 3, 2, 10, 9, 1, 0]
[00:00:00:06:097] ! Unidirectional t-s. expansions: 2,850, time: 6,092 [ms], path length: 38 [edges], generated: 5,039
[00:00:00:05:082] Path of length 38 found: [0, 8, 16, 24, 25, 33, 41, 40, 48, 56, 57, 49, 50, 51, 43, 35, 34, 26, 18, 10, 9, 1, 2, 3, 11, 19, 27, 28, 20, 21, 29, 30, 31, 39, 47, 55, 54, 62, 63]
[00:00:00:05:576] ! Bidirectional. expansions: 3,979, time: 5,082 [ms], path length: 38 [edges], g_F: 20, g_B: 18, generated: {'F': 3,852, 'B': 4,071}, MM: 2, MMPER: 4.128205128205129%
[00:00:00:05:577] 
---------- SM_Grids/8x8_grid_with_random_blocks_20per_2 ----------
[00:00:00:01:253] Path of length 48 found: [0, 8, 16, 17, 9, 1, 2, 3, 4, 12, 20, 19, 18, 26, 34, 33, 41, 40, 48, 56, 57, 49, 50, 58, 59, 60, 61, 53, 45, 37, 36, 28, 29, 30, 22, 21, 13, 5, 6, 14, 15, 23, 31, 39, 38, 46, 54, 62, 63]
[00:00:00:01:253] ! Unidirectional s-t. expansions: 739, time: 1,253 [ms], path length: 48 [edges], generated: 1,295
[00:00:00:01:786] Path of length 48 found: [63, 62, 61, 60, 59, 58, 50, 49, 57, 56, 48, 40, 41, 33, 34, 26, 18, 19, 20, 12, 13, 21, 29, 28, 36, 37, 45, 53, 54, 46, 47, 39, 38, 30, 31, 23, 15, 14, 6, 5, 4, 3, 2, 1, 9, 17, 16, 8, 0]
[00:00:00:01:787] ! Unidirectional t-s. expansions: 888, time: 1,787 [ms], path length: 48 [edges], generated: 1,438
[00:00:00:00:784] Path of length 48 found: [0, 8, 16, 17, 9, 1, 2, 3, 4, 12, 13, 5, 6, 14, 15, 23, 22, 21, 29, 30, 31, 39, 47, 46, 38, 37, 36, 28, 20, 19, 18, 26, 34, 33, 41, 40, 48, 56, 57, 49, 50, 58, 59, 60, 61, 53, 54, 62, 63]
[00:00:00:01:275] ! Bidirectional. expansions: 969, time: 784 [ms], path length: 48 [edges], g_F: 25, g_B: 23, generated: {'F': 918, 'B': 788}, MM: 2, MMPER: 3.0816326530612246%
[00:00:00:01:275] 
---------- SM_Grids/8x8_grid_with_random_blocks_20per_3 ----------
[00:00:00:01:223] Path of length 46 found: [0, 1, 9, 10, 18, 17, 16, 24, 32, 40, 41, 49, 57, 58, 50, 51, 43, 44, 36, 35, 34, 26, 27, 19, 20, 12, 11, 3, 4, 5, 6, 7, 15, 23, 22, 30, 31, 39, 38, 37, 45, 53, 52, 60, 61, 62, 63]
[00:00:00:01:223] ! Unidirectional s-t. expansions: 505, time: 1,223 [ms], path length: 46 [edges], generated: 852
[00:00:00:01:125] Path of length 46 found: [63, 62, 61, 60, 52, 53, 45, 37, 29, 30, 38, 39, 31, 23, 15, 7, 6, 5, 13, 12, 4, 3, 11, 19, 27, 26, 34, 35, 36, 44, 43, 51, 50, 58, 57, 49, 41, 40, 32, 24, 16, 17, 18, 10, 9, 1, 0]
[00:00:00:01:125] ! Unidirectional t-s. expansions: 665, time: 1,125 [ms], path length: 46 [edges], generated: 1,066
[00:00:00:01:246] Path of length 46 found: [0, 1, 9, 10, 18, 17, 16, 24, 32, 40, 41, 49, 57, 58, 50, 51, 43, 35, 34, 26, 27, 19, 11, 3, 4, 12, 13, 5, 6, 7, 15, 23, 31, 39, 38, 30, 29, 37, 36, 44, 45, 53, 52, 60, 61, 62, 63]
[00:00:00:01:743] ! Bidirectional. expansions: 950, time: 1,246 [ms], path length: 46 [edges], g_F: 24, g_B: 22, generated: {'F': 796, 'B': 814}, MM: 2, MMPER: 3.25531914893617%
[00:00:00:01:743] 
---------- SM_Grids/8x8_grid_with_random_blocks_20per_4 ----------
[00:00:00:14:880] Expansion 10,000: state None, f=46, g=16
[00:00:00:28:922] Path of length 44 found: [0, 1, 2, 3, 4, 5, 6, 7, 15, 23, 22, 21, 20, 28, 27, 26, 34, 33, 25, 17, 18, 19, 11, 10, 9, 8, 16, 24, 32, 40, 48, 49, 57, 58, 59, 51, 43, 44, 36, 37, 45, 46, 54, 62, 63]
[00:00:00:28:925] ! Unidirectional s-t. expansions: 19,979, time: 28,922 [ms], path length: 44 [edges], generated: 32,155
[00:00:00:20:517] Expansion 10,000: state None, f=45, g=16
[00:00:00:26:699] Path of length 44 found: [63, 55, 54, 46, 38, 37, 29, 21, 22, 23, 15, 7, 6, 5, 4, 3, 11, 10, 2, 1, 9, 17, 18, 26, 27, 19, 20, 28, 36, 44, 43, 51, 59, 58, 57, 49, 48, 40, 41, 33, 25, 24, 16, 8, 0]
[00:00:00:26:704] ! Unidirectional t-s. expansions: 12,922, time: 26,699 [ms], path length: 44 [edges], generated: 23,624
[00:00:00:08:749] Expansion 10,000: F [0, 1, 9, 8, 16, 17, 18, 26, 25, 24, 32, 33, 41, 40, 48], B [63, 62, 54, 46, 45, 37, 29, 21, 22, 23, 15, 7, 6, 5, 4], f=46, g=28
[00:00:00:14:816] Expansion 20,000: F [0, 8, 16, 17, 9, 1, 2, 10, 11, 3, 4, 5, 6, 7, 15, 23], B [63, 55, 54, 46, 38, 37, 45, 44, 43, 51, 59, 58, 57, 49, 41, 40], f=45, g=30
[00:00:00:26:721] Expansion 30,000: F [0, 8, 9, 17, 16, 24, 25, 33, 32], B [63, 62, 54, 46, 45, 37, 29, 21], f=45, g=15
[00:00:00:29:552] Path of length 44 found: [0, 8, 9, 1, 2, 10, 11, 3, 4, 5, 6, 7, 15, 23, 22, 21, 20, 19, 27, 26, 18, 17, 16, 24, 32, 33, 41, 40, 48, 49, 57, 58, 59, 51, 43, 44, 36, 28, 29, 37, 38, 46, 54, 55, 63]
[00:00:00:30:122] ! Bidirectional. expansions: 31,820, time: 29,552 [ms], path length: 44 [edges], g_F: 23, g_B: 21, generated: {'F': 26,466, 'B': 27,684}, MM: 2, MMPER: 3.4444444444444446%
[00:00:00:30:122] 
---------- SM_Grids/8x8_grid_with_random_blocks_20per_5 ----------
[00:00:00:04:166] Path of length 46 found: [0, 1, 9, 8, 16, 17, 18, 26, 34, 35, 43, 42, 41, 33, 25, 24, 32, 40, 48, 49, 57, 58, 59, 51, 52, 53, 61, 62, 54, 46, 45, 37, 36, 28, 29, 21, 20, 12, 13, 14, 22, 23, 31, 39, 47, 55, 63]
[00:00:00:04:170] ! Unidirectional s-t. expansions: 1,852, time: 4,166 [ms], path length: 46 [edges], generated: 3,330
[00:00:00:02:487] Path of length 46 found: [63, 62, 61, 53, 54, 55, 47, 46, 45, 37, 38, 39, 31, 23, 15, 14, 22, 21, 13, 12, 20, 28, 36, 35, 34, 26, 18, 17, 25, 33, 41, 42, 43, 51, 59, 58, 50, 49, 48, 40, 32, 24, 16, 8, 9, 1, 0]
[00:00:00:02:488] ! Unidirectional t-s. expansions: 890, time: 2,487 [ms], path length: 46 [edges], generated: 1,644
[00:00:00:08:915] Path of length 46 found: [0, 1, 9, 8, 16, 24, 32, 33, 25, 17, 18, 26, 34, 35, 43, 42, 41, 40, 48, 49, 57, 58, 50, 51, 52, 53, 61, 62, 54, 46, 38, 37, 36, 28, 20, 12, 13, 21, 22, 14, 15, 23, 31, 39, 47, 55, 63]
[00:00:00:09:455] ! Bidirectional. expansions: 8,454, time: 8,915 [ms], path length: 46 [edges], g_F: 24, g_B: 22, generated: {'F': 7,371, 'B': 7,712}, MM: 2, MMPER: 3.25531914893617%
[00:00:00:09:455] 
---------- SM_Grids/8x8_grid_with_random_blocks_20per_6 ----------
[00:00:00:02:181] Path of length 46 found: [0, 1, 9, 8, 16, 17, 18, 10, 11, 19, 27, 28, 36, 44, 52, 51, 43, 42, 50, 49, 48, 56, 57, 58, 59, 60, 61, 62, 54, 53, 45, 37, 29, 21, 20, 12, 4, 5, 13, 14, 15, 23, 31, 39, 47, 55, 63]
[00:00:00:02:183] ! Unidirectional s-t. expansions: 1,158, time: 2,182 [ms], path length: 46 [edges], generated: 1,878
[00:00:00:03:085] Path of length 46 found: [63, 55, 47, 39, 31, 23, 15, 14, 6, 5, 4, 12, 13, 21, 29, 37, 45, 53, 54, 62, 61, 60, 59, 58, 57, 56, 48, 49, 50, 42, 43, 51, 52, 44, 36, 28, 20, 19, 27, 26, 18, 10, 9, 17, 16, 8, 0]
[00:00:00:03:089] ! Unidirectional t-s. expansions: 2,014, time: 3,085 [ms], path length: 46 [edges], generated: 3,321
[00:00:00:02:938] Path of length 46 found: [0, 1, 9, 8, 16, 17, 18, 10, 11, 19, 27, 28, 36, 44, 45, 37, 29, 21, 20, 12, 4, 5, 13, 14, 15, 23, 31, 39, 47, 55, 54, 53, 52, 51, 43, 42, 50, 49, 48, 56, 57, 58, 59, 60, 61, 62, 63]
[00:00:00:03:448] ! Bidirectional. expansions: 2,547, time: 2,938 [ms], path length: 46 [edges], g_F: 24, g_B: 22, generated: {'F': 2,235, 'B': 2,176}, MM: 2, MMPER: 3.25531914893617%
[00:00:00:03:449] 
---------- SM_Grids/8x8_grid_with_random_blocks_20per_7 ----------
[00:00:00:03:277] Path of length 42 found: [0, 8, 9, 1, 2, 3, 11, 19, 27, 26, 18, 17, 25, 24, 32, 40, 41, 33, 34, 42, 50, 51, 43, 35, 36, 28, 20, 12, 4, 5, 6, 14, 15, 23, 31, 30, 38, 39, 47, 55, 54, 62, 63]
[00:00:00:03:278] ! Unidirectional s-t. expansions: 1,718, time: 3,277 [ms], path length: 42 [edges], generated: 2,854
[00:00:00:00:559] Path of length 42 found: [63, 62, 54, 55, 47, 39, 38, 30, 31, 23, 15, 7, 6, 5, 4, 12, 20, 19, 11, 3, 2, 1, 9, 17, 18, 26, 27, 28, 36, 35, 43, 51, 50, 42, 34, 33, 41, 40, 32, 24, 16, 8, 0]
[00:00:00:00:559] ! Unidirectional t-s. expansions: 356, time: 559 [ms], path length: 42 [edges], generated: 657
[00:00:00:01:899] Path of length 42 found: [0, 8, 16, 24, 32, 40, 41, 33, 34, 42, 50, 51, 43, 35, 36, 28, 20, 12, 11, 19, 27, 26, 25, 17, 9, 1, 2, 3, 4, 5, 6, 7, 15, 23, 31, 30, 38, 39, 47, 55, 54, 62, 63]
[00:00:00:02:378] ! Bidirectional. expansions: 1,165, time: 1,900 [ms], path length: 42 [edges], g_F: 22, g_B: 20, generated: {'F': 1,041, 'B': 1,034}, MM: 2, MMPER: 3.6511627906976747%
[00:00:00:02:379] 
---------- SM_Grids/8x8_grid_with_random_blocks_20per_8 ----------
[00:00:00:00:240] Path of length 48 found: [0, 8, 16, 24, 32, 33, 25, 17, 9, 10, 2, 3, 4, 5, 6, 7, 15, 23, 22, 14, 13, 21, 29, 28, 20, 12, 11, 19, 27, 35, 36, 44, 52, 51, 50, 42, 41, 49, 57, 58, 59, 60, 61, 53, 45, 46, 47, 55, 63]
[00:00:00:00:241] ! Unidirectional s-t. expansions: 223, time: 240 [ms], path length: 48 [edges], generated: 347
[00:00:00:00:068] Path of length 48 found: [63, 55, 47, 46, 45, 53, 61, 60, 59, 58, 57, 49, 41, 42, 50, 51, 52, 44, 36, 35, 27, 19, 11, 12, 20, 28, 29, 21, 13, 14, 22, 23, 15, 7, 6, 5, 4, 3, 2, 10, 9, 17, 25, 33, 32, 24, 16, 8, 0]
[00:00:00:00:068] ! Unidirectional t-s. expansions: 52, time: 68 [ms], path length: 48 [edges], generated: 80
[00:00:00:00:048] Path of length 48 found: [0, 8, 16, 24, 32, 33, 25, 17, 9, 10, 2, 3, 11, 19, 20, 12, 4, 5, 13, 14, 6, 7, 15, 23, 22, 21, 29, 28, 27, 35, 36, 44, 52, 51, 50, 42, 41, 49, 57, 58, 59, 60, 61, 53, 45, 46, 47, 55, 63]
[00:00:00:00:521] ! Bidirectional. expansions: 49, time: 48 [ms], path length: 48 [edges], g_F: 25, g_B: 23, generated: {'F': 41, 'B': 37}, MM: 2, MMPER: 3.0816326530612246%
[00:00:00:00:521] 
---------- SM_Grids/8x8_grid_with_random_blocks_20per_9 ----------
[00:00:00:00:058] Path of length 36 found: [0, 8, 9, 1, 2, 10, 18, 26, 34, 35, 27, 28, 36, 44, 45, 37, 29, 21, 13, 5, 6, 7, 15, 14, 22, 23, 31, 30, 38, 39, 47, 55, 54, 53, 61, 62, 63]
[00:00:00:00:058] ! Unidirectional s-t. expansions: 44, time: 58 [ms], path length: 36 [edges], generated: 66
[00:00:00:00:413] Path of length 36 found: [63, 62, 61, 53, 54, 55, 47, 39, 38, 30, 31, 23, 22, 14, 15, 7, 6, 5, 13, 21, 29, 37, 45, 44, 36, 28, 27, 35, 34, 26, 18, 17, 9, 10, 2, 1, 0]
[00:00:00:00:414] ! Unidirectional t-s. expansions: 108, time: 413 [ms], path length: 36 [edges], generated: 178
[00:00:00:00:041] Path of length 36 found: [0, 8, 9, 1, 2, 10, 18, 26, 34, 35, 27, 28, 36, 44, 45, 37, 38, 30, 29, 21, 22, 14, 13, 5, 6, 7, 15, 23, 31, 39, 47, 55, 54, 53, 61, 62, 63]
[00:00:00:00:512] ! Bidirectional. expansions: 38, time: 41 [ms], path length: 36 [edges], g_F: 19, g_B: 17, generated: {'F': 35, 'B': 31}, MM: 2, MMPER: 4.405405405405405%
[00:00:00:00:512] average expansions: (3,556, 2,126, 5,083, 0)
[00:00:00:00:513] average time: (5,606, 4,282, 5,103, 0)
[00:00:00:00:513] XA*: 2,126 , 4,282 (expansions , time[ms])
[00:00:00:00:513] BiXA*: 5,083 , 5,103 (expansions , time[ms])

