--------------------------
date: SM_Grids
number_of_graphs: 10
graph_type: grid
size_of_graphs: [7, 8]
heuristic: bcc_heuristic
snake: False
run_uni: True
run_bi: True
run_multi: False
solution_vertices: []
algorithms: ['A']
lookahead: -1
bsd: False
cube_first_dims: 4
cube_buffer_dim: None
backward_sym_generation: False
sym_coil: False
prefix_set: None

---------- SM_Grids/7x8_grid_with_random_blocks_12per_0 ----------
[00:00:00:07:894] Expansion 10,000: state None, f=48, g=28
[00:00:00:16:698] Expansion 20,000: state None, f=48, g=35
[00:00:00:17:164] Path of length 47 found: [0, 1, 2, 3, 4, 5, 6, 7, 15, 23, 31, 30, 29, 28, 27, 19, 20, 21, 22, 14, 13, 12, 11, 10, 18, 26, 34, 42, 41, 33, 25, 17, 16, 24, 32, 40, 48, 49, 50, 51, 43, 44, 45, 37, 38, 46, 47, 55]
[00:00:00:17:166] ! Unidirectional s-t. expansions: 20,327, time: 17,165 [ms], path length: 47 [edges], generated: 32,937
[00:00:00:07:029] Path of length 47 found: [55, 47, 46, 45, 44, 43, 51, 50, 49, 48, 40, 41, 42, 34, 33, 32, 24, 16, 17, 25, 26, 18, 19, 27, 28, 20, 21, 22, 30, 29, 37, 38, 39, 31, 23, 15, 7, 6, 14, 13, 5, 4, 12, 11, 3, 2, 1, 0]
[00:00:00:07:030] ! Unidirectional t-s. expansions: 5,592, time: 7,029 [ms], path length: 47 [edges], generated: 9,610
[00:00:00:08:929] Expansion 10,000: F [0, 1, 2, 10, 18, 19, 20, 12, 11, 3, 4, 5, 13, 21, 22, 14, 6, 7, 15, 23], B [55, 47, 46, 45, 44, 43, 51, 50, 49, 48, 40, 32, 24, 16, 17, 25, 33, 41, 42, 34], f=48, g=38
[00:00:00:12:893] Path of length 47 found: [0, 1, 2, 10, 18, 17, 16, 24, 32, 40, 48, 49, 41, 33, 25, 26, 34, 42, 50, 51, 43, 44, 45, 37, 38, 30, 29, 21, 22, 14, 13, 12, 20, 28, 27, 19, 11, 3, 4, 5, 6, 7, 15, 23, 31, 39, 47, 55]
[00:00:00:13:365] ! Bidirectional. expansions: 14,562, time: 12,893 [ms], path length: 47 [edges], g_F: 24, g_B: 23, generated: {'F': 12,591, 'B': 13,354}, MM: 1, MMPER: 1.0833333333333335%
[00:00:00:13:365] 
---------- SM_Grids/7x8_grid_with_random_blocks_12per_1 ----------
[00:00:00:07:004] Path of length 47 found: [0, 8, 9, 10, 2, 3, 4, 12, 11, 19, 27, 35, 34, 33, 25, 26, 18, 17, 16, 24, 32, 40, 41, 42, 50, 51, 43, 44, 36, 28, 20, 21, 13, 5, 6, 14, 15, 23, 22, 30, 38, 37, 45, 53, 54, 46, 47, 55]
[00:00:00:07:006] ! Unidirectional s-t. expansions: 5,590, time: 7,004 [ms], path length: 47 [edges], generated: 9,176
[00:00:00:00:078] Path of length 47 found: [55, 54, 53, 45, 46, 47, 39, 38, 30, 22, 23, 15, 14, 6, 5, 4, 3, 2, 10, 9, 17, 25, 33, 34, 26, 18, 19, 11, 12, 13, 21, 20, 28, 27, 35, 36, 44, 43, 51, 50, 42, 41, 40, 32, 24, 16, 8, 0]
[00:00:00:00:079] ! Unidirectional t-s. expansions: 51, time: 79 [ms], path length: 47 [edges], generated: 85
[00:00:00:00:830] Path of length 47 found: [0, 8, 16, 24, 32, 40, 41, 33, 25, 17, 9, 10, 2, 3, 11, 19, 18, 26, 34, 42, 50, 51, 43, 44, 36, 35, 27, 28, 20, 21, 13, 12, 4, 5, 6, 14, 15, 23, 22, 30, 38, 39, 47, 46, 45, 53, 54, 55]
[00:00:00:01:256] ! Bidirectional. expansions: 161, time: 830 [ms], path length: 47 [edges], g_F: 24, g_B: 23, generated: {'F': 146, 'B': 158}, MM: 1, MMPER: 1.0833333333333335%
[00:00:00:01:256] 
---------- SM_Grids/7x8_grid_with_random_blocks_12per_2 ----------
[00:00:00:08:507] Path of length 45 found: [0, 1, 2, 3, 4, 5, 6, 7, 15, 14, 13, 21, 22, 23, 31, 39, 38, 37, 29, 28, 20, 19, 11, 10, 18, 17, 9, 8, 16, 24, 32, 40, 48, 49, 41, 33, 34, 26, 27, 35, 43, 44, 52, 53, 54, 55]
[00:00:00:08:508] ! Unidirectional s-t. expansions: 6,495, time: 8,507 [ms], path length: 45 [edges], generated: 10,962
[00:00:00:01:206] Path of length 45 found: [55, 54, 53, 52, 44, 43, 35, 36, 28, 27, 26, 34, 33, 41, 49, 48, 40, 32, 24, 16, 8, 9, 17, 18, 10, 11, 19, 20, 21, 29, 37, 38, 39, 31, 23, 22, 14, 15, 7, 6, 5, 4, 3, 2, 1, 0]
[00:00:00:01:207] ! Unidirectional t-s. expansions: 831, time: 1,206 [ms], path length: 45 [edges], generated: 1,492
[00:00:00:03:526] Path of length 45 found: [0, 8, 9, 1, 2, 10, 11, 3, 4, 5, 13, 21, 22, 14, 6, 7, 15, 23, 31, 39, 38, 37, 29, 28, 20, 19, 18, 17, 16, 24, 32, 40, 48, 49, 41, 33, 34, 26, 27, 35, 43, 44, 52, 53, 54, 55]
[00:00:00:03:952] ! Bidirectional. expansions: 2,926, time: 3,526 [ms], path length: 45 [edges], g_F: 23, g_B: 22, generated: {'F': 2,500, 'B': 2,662}, MM: 1, MMPER: 1.1739130434782608%
[00:00:00:03:952] 
---------- SM_Grids/7x8_grid_with_random_blocks_12per_3 ----------
[00:00:00:11:321] Expansion 10,000: state None, f=46, g=31
[00:00:00:22:781] Expansion 20,000: state None, f=46, g=20
[00:00:00:33:689] Expansion 30,000: state None, f=46, g=29
[00:00:00:44:672] Expansion 40,000: state None, f=46, g=39
[00:00:00:53:394] Path of length 45 found: [0, 1, 2, 3, 4, 5, 6, 14, 22, 21, 29, 28, 36, 35, 43, 42, 34, 26, 27, 19, 20, 12, 11, 10, 9, 8, 16, 17, 25, 24, 32, 33, 41, 49, 50, 51, 52, 44, 45, 37, 38, 30, 31, 39, 47, 55]
[00:00:00:53:395] ! Unidirectional s-t. expansions: 47,828, time: 53,394 [ms], path length: 45 [edges], generated: 83,098
[00:00:00:14:749] Expansion 10,000: state None, f=46, g=36
[00:00:00:25:582] Expansion 20,000: state None, f=46, g=36
[00:00:00:35:822] Expansion 30,000: state None, f=46, g=37
[00:00:00:45:515] Expansion 40,000: state None, f=46, g=37
[00:00:00:55:670] Path of length 45 found: [55, 47, 46, 45, 53, 52, 51, 50, 49, 41, 33, 32, 24, 16, 17, 25, 26, 34, 42, 43, 44, 36, 37, 38, 39, 31, 30, 29, 28, 27, 19, 20, 21, 22, 14, 6, 5, 4, 12, 11, 3, 2, 10, 9, 1, 0]
[00:00:00:55:672] ! Unidirectional t-s. expansions: 49,225, time: 55,671 [ms], path length: 45 [edges], generated: 81,475
[00:00:00:12:403] Expansion 10,000: F [0, 8, 16, 24, 32, 33, 41, 49, 50, 51, 52, 53, 45, 37, 36, 35, 43], B [55, 47, 46, 38, 39, 31, 30, 29, 21, 22, 14, 6, 5, 4, 12, 20], f=46, g=31
[00:00:00:18:779] Expansion 20,000: F [0, 8, 16, 24, 32, 33, 41, 49, 50, 51, 52, 44, 45, 46, 38], B [55, 47, 39, 31, 30, 29, 21, 22, 14, 6, 5, 4, 12, 20], f=46, g=27
[00:00:00:26:399] Expansion 30,000: F [0, 8, 16, 24, 32, 33, 34, 35, 43, 42, 41, 49, 50, 51, 52, 44, 36, 28], B [55, 47, 39, 31, 30, 38, 46, 45, 37, 29, 21, 22, 14, 6, 5, 4, 3], f=46, g=33
[00:00:00:34:271] Expansion 40,000: F [0, 8, 16, 17, 9, 1, 2, 10, 11, 3], B [55, 47, 39, 31, 30, 38, 37, 36, 35, 34], f=46, g=18
[00:00:00:42:291] Expansion 50,000: F [0, 8, 16, 17, 9, 1, 2], B [55, 47, 46, 45, 44, 52, 51], f=46, g=12
[00:00:00:49:536] Path of length 45 found: [0, 8, 16, 17, 25, 24, 32, 33, 41, 49, 50, 51, 52, 53, 45, 37, 36, 44, 43, 42, 34, 26, 27, 19, 20, 12, 11, 10, 9, 1, 2, 3, 4, 5, 6, 14, 22, 21, 29, 30, 31, 39, 38, 46, 47, 55]
[00:00:00:50:029] ! Bidirectional. expansions: 57,762, time: 49,537 [ms], path length: 45 [edges], g_F: 23, g_B: 22, generated: {'F': 55,954, 'B': 55,831}, MM: 1, MMPER: 1.1739130434782608%
[00:00:00:50:030] 
---------- SM_Grids/7x8_grid_with_random_blocks_12per_4 ----------
[00:00:00:11:918] Expansion 10,000: state None, f=46, g=37
[00:00:00:22:410] Expansion 20,000: state None, f=46, g=35
[00:00:00:33:830] Path of length 45 found: [0, 1, 2, 10, 9, 17, 18, 19, 11, 12, 20, 21, 13, 5, 6, 7, 15, 23, 22, 30, 31, 39, 38, 37, 36, 28, 27, 35, 34, 33, 25, 24, 32, 40, 48, 49, 41, 42, 43, 51, 52, 53, 45, 46, 54, 55]
[00:00:00:33:832] ! Unidirectional s-t. expansions: 28,884, time: 33,830 [ms], path length: 45 [edges], generated: 50,261
[00:00:00:13:211] Expansion 10,000: state None, f=47, g=17
[00:00:00:23:121] Expansion 20,000: state None, f=46, g=26
[00:00:00:36:161] Expansion 30,000: state None, f=46, g=7
[00:00:00:37:973] Path of length 45 found: [55, 54, 46, 47, 39, 31, 23, 15, 7, 6, 5, 4, 12, 13, 21, 22, 30, 38, 37, 45, 53, 52, 51, 50, 49, 48, 40, 32, 24, 16, 17, 25, 33, 41, 42, 43, 35, 36, 28, 20, 19, 11, 10, 2, 1, 0]
[00:00:00:37:975] ! Unidirectional t-s. expansions: 31,026, time: 37,973 [ms], path length: 45 [edges], generated: 51,895
[00:00:00:14:072] Expansion 10,000: F [0, 1, 9, 10, 18, 17, 16, 24, 25], B [55, 54, 53, 45, 37, 38, 46, 47], f=47, g=15
[00:00:00:20:124] Expansion 20,000: F [0, 1, 9, 10, 18, 19, 11, 12, 13, 5, 6, 7, 15, 23, 31], B [55, 47, 39, 38, 37, 45, 46, 54, 53, 52, 51, 43, 42, 41], f=46, g=27
[00:00:00:27:325] Expansion 30,000: F [0, 1, 2, 10, 18, 17, 25, 24, 32, 40, 48, 49, 50, 42, 41, 33, 34, 35], B [55, 54, 46, 47, 39, 31, 23, 15, 7, 6, 5, 13, 21, 22, 30, 38, 37], f=46, g=33
[00:00:00:35:146] Expansion 40,000: F [0, 1, 9, 10, 18, 19, 11, 12, 20, 21, 13, 5, 6, 7], B [55, 54, 53, 52, 51, 43, 42, 50, 49, 41, 40, 32, 24], f=46, g=25
[00:00:00:43:711] Expansion 50,000: F [0, 1, 2, 10, 11, 12, 4, 5, 6, 7, 15, 23, 31], B [55, 54, 53, 45, 37, 36, 28, 27, 35, 43, 51, 50, 42], f=46, g=24
[00:00:00:52:559] Expansion 60,000: F [0, 1, 2, 10, 11, 19, 20, 21, 13, 12, 4, 5, 6, 7, 15], B [55, 47, 46, 45, 53, 52, 51, 50, 49, 48, 40, 32, 24, 16], f=46, g=27
[00:00:00:59:522] Path of length 45 found: [0, 1, 2, 10, 9, 17, 18, 19, 11, 12, 4, 5, 6, 7, 15, 23, 31, 30, 22, 21, 20, 28, 27, 35, 34, 42, 41, 33, 25, 24, 32, 40, 48, 49, 50, 51, 52, 53, 54, 46, 45, 37, 38, 39, 47, 55]
[00:00:01:00:088] ! Bidirectional. expansions: 66,180, time: 59,522 [ms], path length: 45 [edges], g_F: 23, g_B: 22, generated: {'F': 58,176, 'B': 56,847}, MM: 1, MMPER: 1.1739130434782608%
[00:00:01:00:088] 
---------- SM_Grids/7x8_grid_with_random_blocks_12per_5 ----------
[00:00:00:16:056] Expansion 10,000: state None, f=46, g=35
[00:00:00:31:107] Expansion 20,000: state None, f=46, g=22
[00:00:00:37:337] Path of length 45 found: [0, 8, 16, 17, 25, 33, 32, 40, 48, 49, 50, 51, 52, 53, 45, 46, 38, 30, 29, 21, 20, 28, 36, 35, 34, 26, 27, 19, 18, 10, 9, 1, 2, 3, 11, 12, 4, 5, 13, 14, 22, 23, 31, 39, 47, 55]
[00:00:00:37:339] ! Unidirectional s-t. expansions: 23,355, time: 37,337 [ms], path length: 45 [edges], generated: 42,156
[00:00:00:14:701] Expansion 10,000: state None, f=46, g=15
[00:00:00:14:909] Path of length 45 found: [55, 47, 46, 45, 53, 52, 51, 50, 49, 48, 40, 32, 33, 34, 35, 36, 28, 27, 26, 25, 17, 16, 8, 9, 10, 18, 19, 20, 21, 29, 30, 38, 39, 31, 23, 22, 14, 6, 5, 13, 12, 4, 3, 2, 1, 0]
[00:00:00:14:911] ! Unidirectional t-s. expansions: 10,056, time: 14,909 [ms], path length: 45 [edges], generated: 17,548
[00:00:00:10:993] Expansion 10,000: F [0, 1, 2, 3, 4, 5, 6, 14, 13, 12, 20, 28, 36, 35, 34, 26, 27, 19, 18, 10], B [55, 47, 39, 31, 23, 22, 21, 29, 30, 38, 46, 45, 53, 52, 51, 50, 49, 48, 40], f=46, g=37
[00:00:00:17:517] Expansion 20,000: F [0, 1, 2, 3, 11, 10, 9, 8, 16, 17, 18, 26, 27, 19], B [55, 47, 39, 38, 46, 45, 53, 52, 51, 50, 49, 48, 40], f=46, g=25
[00:00:00:26:011] Expansion 30,000: F [0, 1, 9, 8, 16, 17, 18, 10, 2, 3, 4, 12, 11], B [55, 47, 39, 31, 23, 22, 14, 13, 21, 29, 30, 38, 46], f=46, g=24
[00:00:00:31:161] Path of length 45 found: [0, 8, 16, 17, 9, 1, 2, 10, 18, 19, 11, 3, 4, 12, 20, 28, 36, 35, 27, 26, 25, 33, 32, 40, 48, 49, 50, 51, 52, 53, 45, 46, 38, 30, 29, 21, 13, 5, 6, 14, 22, 23, 31, 39, 47, 55]
[00:00:00:31:708] ! Bidirectional. expansions: 34,189, time: 31,161 [ms], path length: 45 [edges], g_F: 23, g_B: 22, generated: {'F': 31,930, 'B': 32,544}, MM: 1, MMPER: 1.1739130434782608%
[00:00:00:31:708] 
---------- SM_Grids/7x8_grid_with_random_blocks_12per_6 ----------
[00:00:00:00:069] Path of length 47 found: [0, 8, 9, 17, 18, 10, 2, 3, 11, 19, 27, 26, 34, 33, 32, 40, 48, 49, 41, 42, 50, 51, 43, 35, 36, 28, 20, 21, 29, 37, 45, 44, 52, 53, 54, 46, 38, 30, 22, 14, 6, 7, 15, 23, 31, 39, 47, 55]
[00:00:00:00:069] ! Unidirectional s-t. expansions: 48, time: 69 [ms], path length: 47 [edges], generated: 78
[00:00:00:00:131] Path of length 47 found: [55, 47, 39, 31, 23, 15, 7, 6, 14, 22, 21, 20, 28, 36, 35, 43, 44, 45, 37, 29, 30, 38, 46, 54, 53, 52, 51, 50, 42, 41, 49, 48, 40, 32, 33, 34, 26, 27, 19, 11, 3, 2, 10, 18, 17, 9, 8, 0]
[00:00:00:00:131] ! Unidirectional t-s. expansions: 94, time: 131 [ms], path length: 47 [edges], generated: 158
[00:00:00:00:052] Path of length 47 found: [0, 8, 9, 17, 18, 10, 2, 3, 11, 19, 27, 26, 34, 33, 32, 40, 48, 49, 41, 42, 50, 51, 52, 53, 54, 46, 38, 30, 29, 37, 45, 44, 43, 35, 36, 28, 20, 21, 22, 14, 6, 7, 15, 23, 31, 39, 47, 55]
[00:00:00:00:492] ! Bidirectional. expansions: 47, time: 53 [ms], path length: 47 [edges], g_F: 24, g_B: 23, generated: {'F': 39, 'B': 45}, MM: 1, MMPER: 1.0833333333333335%
[00:00:00:00:492] 
---------- SM_Grids/7x8_grid_with_random_blocks_12per_7 ----------
[00:00:00:00:088] Path of length 47 found: [0, 8, 9, 1, 2, 10, 18, 17, 25, 33, 41, 49, 50, 42, 34, 26, 27, 35, 43, 51, 52, 44, 36, 28, 20, 19, 11, 3, 4, 12, 13, 5, 6, 14, 15, 23, 31, 30, 29, 37, 45, 53, 54, 46, 38, 39, 47, 55]
[00:00:00:00:089] ! Unidirectional s-t. expansions: 62, time: 89 [ms], path length: 47 [edges], generated: 104
[00:00:00:00:994] Path of length 47 found: [55, 47, 39, 31, 23, 15, 14, 6, 5, 13, 12, 4, 3, 11, 19, 20, 28, 27, 26, 34, 42, 43, 35, 36, 44, 45, 37, 29, 30, 38, 46, 54, 53, 52, 51, 50, 49, 41, 33, 25, 17, 18, 10, 2, 1, 9, 8, 0]
[00:00:00:00:996] ! Unidirectional t-s. expansions: 356, time: 995 [ms], path length: 47 [edges], generated: 634
[00:00:00:00:053] Path of length 47 found: [0, 8, 9, 1, 2, 10, 18, 17, 25, 33, 41, 49, 50, 42, 34, 26, 27, 35, 43, 51, 52, 53, 54, 46, 38, 30, 29, 37, 45, 44, 36, 28, 20, 19, 11, 3, 4, 12, 13, 5, 6, 14, 15, 23, 31, 39, 47, 55]
[00:00:00:00:503] ! Bidirectional. expansions: 47, time: 54 [ms], path length: 47 [edges], g_F: 24, g_B: 23, generated: {'F': 45, 'B': 44}, MM: 1, MMPER: 1.0833333333333335%
[00:00:00:00:503] 
---------- SM_Grids/7x8_grid_with_random_blocks_12per_8 ----------
[00:00:00:12:595] Expansion 10,000: state None, f=48, g=30
[00:00:00:12:759] Path of length 47 found: [0, 1, 2, 3, 4, 5, 6, 7, 15, 14, 22, 21, 13, 12, 20, 19, 11, 10, 18, 17, 9, 8, 16, 24, 32, 33, 34, 26, 27, 35, 43, 42, 50, 51, 52, 53, 54, 46, 45, 44, 36, 28, 29, 30, 31, 39, 47, 55]
[00:00:00:12:762] ! Unidirectional s-t. expansions: 10,066, time: 12,760 [ms], path length: 47 [edges], generated: 17,878
[00:00:00:10:886] Expansion 10,000: state None, f=48, g=35
[00:00:00:20:946] Expansion 20,000: state None, f=48, g=30
[00:00:00:30:751] Expansion 30,000: state None, f=48, g=9
[00:00:00:40:874] Path of length 47 found: [55, 54, 53, 52, 51, 50, 42, 43, 44, 45, 46, 47, 39, 31, 30, 29, 37, 36, 35, 34, 33, 32, 24, 16, 17, 18, 26, 27, 28, 20, 19, 11, 12, 13, 21, 22, 14, 15, 7, 6, 5, 4, 3, 2, 10, 9, 1, 0]
[00:00:00:40:876] ! Unidirectional t-s. expansions: 39,973, time: 40,874 [ms], path length: 47 [edges], generated: 65,422
[00:00:00:07:552] Expansion 10,000: F [0, 8, 9, 1, 2, 10, 11, 3, 4, 12], B [55, 54, 46, 47, 39, 31, 30, 29, 28, 36], f=48, g=18
[00:00:00:15:471] Expansion 20,000: F [0, 1, 2, 3, 4, 5, 6, 7, 15, 14, 13, 12, 11, 10, 9, 8], B [55, 54, 46, 47, 39, 31, 30, 22, 21, 20, 28, 29, 37, 36, 44, 45], f=48, g=30
[00:00:00:21:467] Path of length 47 found: [0, 8, 16, 24, 32, 33, 34, 26, 18, 17, 9, 1, 2, 10, 11, 3, 4, 12, 20, 19, 27, 28, 36, 35, 43, 42, 50, 51, 52, 53, 54, 46, 45, 37, 29, 21, 13, 5, 6, 7, 15, 14, 22, 30, 31, 39, 47, 55]
[00:00:00:21:973] ! Bidirectional. expansions: 26,966, time: 21,469 [ms], path length: 47 [edges], g_F: 24, g_B: 23, generated: {'F': 25,492, 'B': 25,096}, MM: 1, MMPER: 1.0833333333333335%
[00:00:00:21:973] 
---------- SM_Grids/7x8_grid_with_random_blocks_12per_9 ----------
[00:00:00:00:967] Path of length 47 found: [0, 8, 16, 17, 25, 24, 32, 33, 34, 42, 41, 40, 48, 49, 50, 51, 43, 44, 36, 35, 27, 26, 18, 10, 2, 3, 11, 19, 20, 28, 29, 21, 13, 5, 6, 7, 15, 14, 22, 23, 31, 30, 38, 39, 47, 46, 54, 55]
[00:00:00:00:967] ! Unidirectional s-t. expansions: 566, time: 967 [ms], path length: 47 [edges], generated: 982
[00:00:00:00:710] Path of length 47 found: [55, 54, 46, 47, 39, 38, 30, 31, 23, 22, 14, 15, 7, 6, 5, 13, 21, 29, 28, 36, 44, 43, 51, 50, 49, 48, 40, 32, 33, 41, 42, 34, 35, 27, 19, 20, 12, 11, 3, 2, 10, 18, 26, 25, 17, 16, 8, 0]
[00:00:00:00:711] ! Unidirectional t-s. expansions: 709, time: 710 [ms], path length: 47 [edges], generated: 1,204
[00:00:00:00:885] Path of length 47 found: [0, 8, 16, 24, 32, 40, 48, 49, 41, 42, 50, 51, 43, 44, 36, 28, 29, 21, 20, 19, 27, 35, 34, 26, 25, 17, 18, 10, 2, 3, 11, 12, 13, 5, 6, 7, 15, 14, 22, 23, 31, 30, 38, 39, 47, 46, 54, 55]
[00:00:00:01:327] ! Bidirectional. expansions: 1,162, time: 885 [ms], path length: 47 [edges], g_F: 24, g_B: 23, generated: {'F': 1,015, 'B': 1,061}, MM: 1, MMPER: 1.0833333333333335%
[00:00:00:01:327] average expansions: (14,322, 13,791, 20,400, 0)
[00:00:00:01:327] average time: (17,112, 15,958, 17,993, 0)
[00:00:00:01:327] XA*: 13,791 , 15,958 (expansions , time[ms])
[00:00:00:01:327] BiXA*: 20,400 , 17,993 (expansions , time[ms])

